0.000000
0.000000
-0.000006
-0.000014
-0.000023
-0.000034
-0.000045
-0.000058
-0.000070
-0.000084
-0.000097
-0.000111
-0.000125
-0.000140
-0.000155
-0.000170
-0.000185
-0.000201
-0.000217
-0.000233
-0.000249
-0.000266
-0.000282
-0.000299
-0.000316
-0.000333
-0.000351
-0.000368
-0.000386
-0.000404
-0.000422
-0.000440
-0.000459
-0.000477
-0.000496
-0.000515
-0.000534
-0.000553
-0.000572
-0.000591
-0.000611
-0.000631
-0.000651
-0.000670
-0.000691
-0.000711
-0.000731
-0.000751
-0.000772
-0.000793
-0.000813
-0.000834
-0.000855
-0.000876
-0.000898
-0.000919
-0.000940
-0.000962
-0.000984
-0.001005
-0.001027
-0.001049
-0.001071
-0.001093
-0.001115
-0.001138
-0.001160
-0.001183
-0.001205
-0.001228
-0.001251
-0.001273
-0.001296
-0.001319
-0.001342
-0.001366
-0.001389
-0.001412
-0.001435
-0.001459
-0.001482
-0.001506
-0.001530
-0.001553
-0.001577
-0.001601
-0.001625
-0.001649
-0.001673
-0.001697
-0.001722
-0.001746
-0.001770
-0.001795
-0.001819
-0.001844
-0.001868
-0.001893
-0.001918
-0.001942
-0.001967
-0.001992
-0.002017
-0.002042
-0.002067
-0.002092
-0.002118
-0.002143
-0.002168
-0.002193
-0.002219
-0.002244
-0.002270
-0.002295
-0.002321
-0.002346
-0.002372
-0.002398
-0.002424
-0.002449
-0.002475
-0.002501
-0.002527
-0.002553
-0.002579
-0.002605
-0.002631
-0.002658
-0.002684
-0.002710
-0.002736
-0.002763
-0.002789
-0.002815
-0.002842
-0.002868
-0.002895
-0.002921
-0.002948
-0.002975
-0.003001
-0.003028
-0.003055
-0.003082
-0.003108
-0.003135
-0.003162
-0.003189
-0.003216
-0.003243
-0.003270
-0.003297
-0.003324
-0.003351
-0.003379
-0.003406
-0.003433
-0.003460
-0.003487
-0.003515
-0.003542
-0.003569
-0.003597
-0.003624
-0.003652
-0.003679
-0.003707
-0.003734
-0.003762
-0.003789
-0.003817
-0.003845
-0.003872
-0.003900
-0.003928
-0.003955
-0.003983
-0.004011
-0.004039
-0.004067
-0.004094
-0.004122
-0.004150
-0.004178
-0.004206
-0.004234
-0.004262
-0.004290
-0.004318
-0.004346
-0.004374
-0.004402
-0.004430
-0.004459
-0.004487
-0.004515
-0.004543
-0.004571
-0.004599
-0.004628
-0.004656
-0.004684
-0.004713
-0.004741
-0.004769
-0.004798
-0.004826
-0.004854
-0.004883
-0.004911
-0.004940
-0.004968
-0.004997
-0.005025
-0.005054
-0.005082
-0.005111
-0.005139
-0.005168
-0.005197
-0.005225
-0.005254
-0.005282
-0.005311
-0.005340
-0.005368
-0.005397
-0.005426
-0.005455
-0.005483
-0.005512
-0.005541
-0.005570
-0.005598
-0.005627
-0.005656
-0.005685
-0.005714
-0.005743
-0.005771
-0.005800
-0.005829
-0.005858
-0.005887
-0.005916
-0.005945
-0.005974
-0.006003
-0.006032
-0.006061
-0.006090
-0.006119
-0.006148
-0.006177
-0.006206
-0.006235
-0.006264
-0.006293
-0.006322
-0.006351
-0.006380
-0.006409
-0.006438
-0.006467
-0.006496
-0.006525
-0.006555
-0.006584
-0.006613
-0.006642
-0.006671
-0.006700
-0.006729
-0.006759
-0.006788
-0.006817
-0.006846
-0.006875
-0.006905
-0.006934
-0.006963
-0.006992
-0.007022
-0.007051
-0.007080
-0.007109
-0.007139
-0.007168
-0.007197
-0.007226
-0.007256
-0.007285
-0.007314
-0.007344
-0.007373
-0.007402
-0.007432
-0.007461
-0.007490
-0.007520
-0.007549
-0.007578
-0.007608
-0.007637
-0.007666
-0.007696
-0.007725
-0.007754
-0.007784
-0.007813
-0.007842
-0.007872
-0.007901
-0.007931
-0.007960
-0.007989
-0.008019
-0.008048
-0.008078
-0.008107
-0.008136
-0.008166
-0.008195
-0.008225
-0.008254
-0.008283
-0.008313
-0.008342
-0.008372
-0.008401
-0.008431
-0.008460
-0.008489
-0.008519
-0.008548
-0.008578
-0.008607
-0.008637
-0.008666
-0.008695
-0.008725
-0.008754
-0.008784
-0.008813
-0.008843
-0.008872
-0.008902
-0.008931
-0.008960
-0.008990
-0.009019
-0.009049
-0.009078
-0.009108
-0.009137
-0.009167
-0.009196
-0.009225
-0.009255
-0.009284
-0.009314
-0.009343
-0.009373
-0.009402
-0.009432
-0.009461
-0.009490
-0.009520
-0.009549
-0.009579
-0.009608
-0.009638
-0.009667
-0.009696
-0.009726
-0.009755
-0.009785
-0.009814
-0.009844
-0.009873
-0.009902
-0.009932
-0.009961
-0.009991
-0.010020
-0.010050
-0.010079
-0.010108
-0.010138
-0.010167
-0.010197
-0.010226
-0.010255
-0.010285
-0.010314
-0.010344
-0.010373
-0.010402
-0.010432
-0.010461
-0.010490
-0.010520
-0.010549
-0.010579
-0.010608
-0.010637
-0.010667
-0.010696
-0.010725
-0.010755
-0.010784
-0.010813
-0.010843
-0.010872
-0.010901
-0.010931
-0.010960
-0.010989
-0.011019
-0.011048
-0.011077
-0.011107
-0.011136
-0.011165
-0.011195
-0.011224
-0.011253
-0.011282
-0.011312
-0.011341
-0.011370
-0.011400
-0.011429
-0.011458
-0.011487
-0.011517
-0.011546
-0.011575
-0.011604
-0.011634
-0.011663
-0.011692
-0.011721
-0.011750
-0.011780
-0.011809
-0.011838
-0.011867
-0.011896
-0.011926
-0.011955
-0.011984
-0.012013
-0.012042
-0.012071
-0.012101
-0.012130
-0.012159
-0.012188
-0.012217
-0.012246
-0.012275
-0.012304
-0.012334
-0.012363
-0.012392
-0.012421
-0.012450
-0.012479
-0.012508
-0.012537
-0.012566
-0.012595
-0.012624
-0.012653
-0.012682
-0.012711
-0.012740
-0.012769
-0.012798
-0.012827
-0.012856
-0.012885
-0.012914
-0.012943
-0.012972
-0.013001
-0.013030
-0.013059
-0.013088
-0.013117
-0.013146
-0.013175
-0.013204
-0.013233
-0.013262
-0.013291
-0.013320
-0.013348
-0.013377
-0.013406
-0.013435
-0.013464
-0.013493
-0.013522
-0.013551
-0.013579
-0.013608
-0.013637
-0.013666
-0.013695
-0.013723
-0.013752
-0.013781
-0.013810
-0.013839
-0.013867
-0.013896
-0.013925
-0.013954
-0.013982
-0.014011
-0.014040
-0.014068
-0.014097
-0.014126
-0.014155
-0.014183
-0.014212
-0.014241
-0.014269
-0.014298
-0.014326
-0.014355
-0.014384
-0.014412
-0.014441
-0.014470
-0.014498
-0.014527
-0.014555
-0.014584
-0.014612
-0.014641
-0.014670
-0.014698
-0.014727
-0.014755
-0.014784
-0.014812
-0.014841
-0.014869
-0.014898
-0.014926
-0.014955
-0.014983
-0.015011
-0.015040
-0.015068
-0.015097
-0.015125
-0.015154
-0.015182
-0.015210
-0.015239
-0.015267
-0.015295
-0.015324
-0.015352
-0.015380
-0.015409
-0.015437
-0.015465
-0.015494
-0.015522
-0.015550
-0.015579
-0.015607
-0.015635
-0.015663
-0.015692
-0.015720
-0.015748
-0.015776
-0.015804
-0.015833
-0.015861
-0.015889
-0.015917
-0.015945
-0.015974
-0.016002
-0.016030
-0.016058
-0.016086
-0.016114
-0.016142
-0.016170
-0.016198
-0.016226
-0.016255
-0.016283
-0.016311
-0.016339
-0.016367
-0.016395
-0.016423
-0.016451
-0.016479
-0.016507
-0.016535
-0.016563
-0.016590
-0.016618
-0.016646
-0.016674
-0.016702
-0.016730
-0.016758
-0.016786
-0.016814
-0.016842
-0.016869
-0.016897
-0.016925
-0.016953
-0.016981
-0.017009
-0.017036
-0.017064
-0.017092
-0.017120
-0.017147
-0.017175
-0.017203
-0.017231
-0.017258
-0.017286
-0.017314
-0.017341
-0.017369
-0.017397
-0.017424
-0.017452
-0.017480
-0.017507
-0.017535
-0.017563
-0.017590
-0.017618
-0.017645
-0.017673
-0.017700
-0.017728
-0.017756
-0.017783
-0.017811
-0.017838
-0.017866
-0.017893
-0.017921
-0.017948
-0.017975
-0.018003
-0.018030
-0.018058
-0.018085
-0.018113
-0.018140
-0.018167
-0.018195
-0.018222
-0.018249
-0.018277
-0.018304
-0.018331
-0.018359
-0.018386
-0.018413
-0.018441
-0.018468
-0.018495
-0.018522
-0.018550
-0.018577
-0.018604
-0.018631
-0.018658
-0.018686
-0.018713
-0.018740
-0.018767
-0.018794
-0.018821
-0.018849
-0.018876
-0.018903
-0.018930
-0.018957
-0.018984
-0.019011
-0.019038
-0.019065
-0.019092
-0.019119
-0.019146
-0.019173
-0.019200
-0.019227
-0.019254
-0.019281
-0.019308
-0.019335
-0.019362
-0.019389
-0.019416
-0.019443
-0.019469
-0.019496
-0.019523
-0.019550
-0.019577
-0.019604
-0.019631
-0.019657
-0.019684
-0.019711
-0.019738
-0.019764
-0.019791
-0.019818
-0.019845
-0.019871
-0.019898
-0.019925
-0.019951
-0.019978
-0.020005
-0.020031
-0.020058
-0.020085
-0.020111
-0.020138
-0.020165
-0.020191
-0.020218
-0.020244
-0.020271
-0.020297
-0.020324
-0.020350
-0.020377
-0.020403
-0.020430
-0.020456
-0.020483
-0.020509
-0.020536
-0.020562
-0.020589
-0.020615
-0.020641
-0.020668
-0.020694
-0.020721
-0.020747
-0.020773
-0.020800
-0.020826
-0.020852
-0.020879
-0.020905
-0.020931
-0.020957
-0.020984
-0.021010
-0.021036
-0.021062
-0.021089
-0.021115
-0.021141
-0.021167
-0.021193
-0.021219
-0.021246
-0.021272
-0.021298
-0.021324
-0.021350
-0.021376
-0.021402
-0.021428
-0.021454
-0.021480
-0.021506
-0.021532
-0.021558
-0.021584
-0.021610
-0.021636
-0.021662
-0.021688
-0.021714
-0.021740
-0.021766
-0.021792
-0.021818
-0.021844
-0.021870
-0.021895
-0.021921
-0.021947
-0.021973
-0.021999
-0.022025
-0.022050
-0.022076
-0.022102
-0.022128
-0.022153
-0.022179
-0.022205
-0.022231
-0.022256
-0.022282
-0.022308
-0.022333
-0.022359
-0.022385
-0.022410
-0.022436
-0.022462
-0.022487
-0.022513
-0.022538
-0.022564
-0.022589
-0.022615
-0.022641
-0.022666
-0.022692
-0.022717
-0.022743
-0.022768
-0.022794
-0.022819
-0.022844
-0.022870
-0.022895
-0.022921
-0.022946
-0.022971
-0.022997
-0.023022
-0.023048
-0.023073
-0.023098
-0.023124
-0.023149
-0.023174
-0.023199
-0.023225
-0.023250
-0.023275
-0.023300
-0.023326
-0.023351
-0.023376
-0.023401
-0.023426
-0.023452
-0.023477
-0.023502
-0.023527
-0.023552
-0.023577
-0.023602
-0.023627
-0.023653
-0.023678
-0.023703
-0.023728
-0.023753
-0.023778
-0.023803
-0.023828
-0.023853
-0.023878
-0.023903
-0.023928
-0.023953
-0.023977
-0.024002
-0.024027
-0.024052
-0.024077
-0.024102
-0.024127
-0.024152
-0.024176
-0.024201
-0.024226
-0.024251
-0.024276
-0.024300
-0.024325
-0.024350
-0.024375
-0.024399
-0.024424
-0.024449
-0.024474
-0.024498
-0.024523
-0.024548
-0.024572
-0.024597
-0.024622
-0.024646
-0.024671
-0.024695
-0.024720
-0.024745
-0.024769
-0.024794
-0.024818
-0.024843
-0.024867
-0.024892
-0.024916
-0.024941
-0.024965
-0.024990
-0.025014
-0.025038
-0.025063
-0.025087
-0.025112
-0.025136
-0.025160
-0.025185
-0.025209
-0.025233
-0.025258
-0.025282
-0.025306
-0.025331
-0.025355
-0.025379
-0.025404
-0.025428
-0.025452
-0.025476
-0.025500
-0.025525
-0.025549
-0.025573
-0.025597
-0.025621
-0.025645
-0.025670
-0.025694
-0.025718
-0.025742
-0.025766
-0.025790
-0.025814
-0.025838
-0.025862
-0.025886
-0.025910
-0.025934
-0.025958
-0.025982
-0.026006
-0.026030
-0.026054
-0.026078
-0.026102
-0.026126
-0.026150
-0.026174
-0.026198
-0.026221
-0.026245
-0.026269
-0.026293
-0.026317
-0.026341
-0.026364
-0.026388
-0.026412
-0.026436
-0.026460
-0.026483
-0.026507
-0.026531
-0.026554
-0.026578
-0.026602
-0.026625
-0.026649
-0.026673
-0.026696
-0.026720
-0.026744
-0.026767
-0.026791
-0.026814
-0.026838
-0.026862
-0.026885
-0.026909
-0.026932
-0.026956
-0.026979
-0.027003
-0.027026
-0.027050
-0.027073
-0.027096
-0.027120
-0.027143
-0.027167
-0.027190
-0.027214
-0.027237
-0.027260
-0.027284
-0.027307
-0.027330
-0.027354
-0.027377
-0.027400
-0.027423
-0.027447
-0.027470
-0.027493
-0.027516
-0.027540
-0.027563
-0.027586
-0.027609
-0.027632
-0.027656
-0.027679
-0.027702
-0.027725
-0.027748
-0.027771
-0.027794
-0.027818
-0.027841
-0.027864
-0.027887
-0.027910
-0.027933
-0.027956
-0.027979
-0.028002
-0.028025
-0.028048
-0.028071
-0.028094
-0.028117
-0.028140
-0.028162
-0.028185
-0.028208
-0.028231
-0.028254
-0.028277
-0.028300
-0.028323
-0.028345
-0.028368
-0.028391
-0.028414
-0.028437
-0.028459
-0.028482
-0.028505
-0.028528
-0.028550
-0.028573
-0.028596
-0.028618
-0.028641
-0.028664
-0.028686
-0.028709
-0.028732
-0.028754
-0.028777
-0.028799
-0.028822
-0.028845
-0.028867
-0.028890
-0.028912
-0.028935
-0.028957
-0.028980
-0.029002
-0.029025
-0.029047
-0.029070
-0.029092
-0.029115
-0.029137
-0.029160
-0.029182
-0.029204
-0.029227
-0.029249
-0.029271
-0.029294
-0.029316
-0.029338
-0.029361
-0.029383
-0.029405
-0.029428
-0.029450
-0.029472
-0.029494
-0.029517
-0.029539
-0.029561
-0.029583
-0.029606
-0.029628
-0.029650
-0.029672
-0.029694
-0.029716
-0.029738
-0.029761
-0.029783
-0.029805
-0.029827
-0.029849
-0.029871
-0.029893
-0.029915
-0.029937
-0.029959
-0.029981
-0.030003
-0.030025
-0.030047
-0.030069
-0.030091
-0.030113
-0.030135
-0.030157
-0.030179
-0.030200
-0.030222
-0.030244
-0.030266
-0.030288
-0.030310
-0.030332
-0.030353
-0.030375
-0.030397
-0.030419
-0.030441
-0.030462
-0.030484
-0.030506
-0.030528
-0.030549
-0.030571
-0.030593
-0.030614
-0.030636
-0.030658
-0.030679
-0.030701
-0.030723
-0.030744
-0.030766
-0.030787
-0.030809
-0.030830
-0.030852
-0.030874
-0.030895
-0.030917
-0.030938
-0.030960
-0.030981
-0.031003
-0.031024
-0.031046
-0.031067
-0.031088
-0.031110
-0.031131
-0.031153
-0.031174
-0.031195
-0.031217
-0.031238
-0.031260
-0.031281
-0.031302
-0.031324
-0.031345
-0.031366
-0.031387
-0.031409
-0.031430
-0.031451
-0.031472
-0.031494
-0.031515
-0.031536
-0.031557
-0.031578
-0.031600
-0.031621
-0.031642
-0.031663
-0.031684
-0.031705
-0.031726
-0.031748
-0.031769
-0.031790
-0.031811
-0.031832
-0.031853
-0.031874
-0.031895
-0.031916
-0.031937
-0.031958
-0.031979
-0.032000
-0.032021
-0.032042
-0.032063
-0.032084
-0.032104
-0.032125
-0.032146
-0.032167
-0.032188
-0.032209
-0.032230
-0.032251
-0.032271
-0.032292
-0.032313
-0.032334
-0.032355
-0.032375
-0.032396
-0.032417
-0.032438
-0.032458
-0.032479
-0.032500
-0.032520
-0.032541
-0.032562
-0.032582
-0.032603
-0.032624
-0.032644
-0.032665
-0.032686
-0.032706
-0.032727
-0.032747
-0.032768
-0.032788
-0.032809
-0.032830
-0.032850
-0.032871
-0.032891
-0.032912
-0.032932
-0.032953
-0.032973
-0.032993
-0.033014
-0.033034
-0.033055
-0.033075
-0.033095
-0.033116
-0.033136
-0.033157
-0.033177
-0.033197
-0.033218
-0.033238
-0.033258
-0.033279
-0.033299
-0.033319
-0.033339
-0.033360
-0.033380
-0.033400
-0.033420
-0.033441
-0.033461
-0.033481
-0.033501
-0.033521
-0.033541
-0.033562
-0.033582
-0.033602
-0.033622
-0.033642
-0.033662
-0.033682
-0.033702
-0.033722
-0.033742
-0.033762
-0.033783
-0.033803
-0.033823
-0.033843
-0.033863
-0.033883
-0.033902
-0.033922
-0.033942
-0.033962
-0.033982
-0.034002
-0.034022
-0.034042
-0.034062
-0.034082
-0.034102
-0.034121
-0.034141
-0.034161
-0.034181
-0.034201
-0.034221
-0.034240
-0.034260
-0.034280
-0.034300
-0.034319
-0.034339
-0.034359
-0.034379
-0.034398
-0.034418
-0.034438
-0.034457
-0.034477
-0.034497
-0.034516
-0.034536
-0.034556
-0.034575
-0.034595
-0.034614
-0.034634
-0.034654
-0.034673
-0.034693
-0.034712
-0.034732
-0.034751
-0.034771
-0.034790
-0.034810
-0.034829
-0.034849
-0.034868
-0.034888
-0.034907
-0.034926
-0.034946
-0.034965
-0.034985
-0.035004
-0.035023
-0.035043
-0.035062
-0.035081
-0.035101
-0.035120
-0.035139
-0.035159
-0.035178
-0.035197
-0.035217
-0.035236
-0.035255
-0.035274
-0.035294
-0.035313
-0.035332
-0.035351
-0.035370
-0.035390
-0.035409
-0.035428
-0.035447
-0.035466
-0.035485
-0.035504
-0.035523
-0.035543
-0.035562
-0.035581
-0.035600
-0.035619
-0.035638
-0.035657
-0.035676
-0.035695
-0.035714
-0.035733
-0.035752
-0.035771
-0.035790
-0.035809
-0.035828
-0.035847
-0.035866
-0.035885
-0.035903
-0.035922
-0.035941
-0.035960
-0.035979
-0.035998
-0.036017
-0.036035
-0.036054
-0.036073
-0.036092
-0.036111
-0.036130
-0.036148
-0.036167
-0.036186
-0.036205
-0.036223
-0.036242
-0.036261
-0.036279
-0.036298
-0.036317
-0.036335
-0.036354
-0.036373
-0.036391
-0.036410
-0.036429
-0.036447
-0.036466
-0.036484
-0.036503
-0.036522
-0.036540
-0.036559
-0.036577
-0.036596
-0.036614
-0.036633
-0.036651
-0.036670
-0.036688
-0.036707
-0.036725
-0.036744
-0.036762
-0.036781
-0.036799
-0.036817
-0.036836
-0.036854
-0.036873
-0.036891
-0.036909
-0.036928
-0.036946
-0.036964
-0.036983
-0.037001
-0.037019
-0.037037
-0.037056
-0.037074
-0.037092
-0.037111
-0.037129
-0.037147
-0.037165
-0.037183
-0.037202
-0.037220
-0.037238
-0.037256
-0.037274
-0.037293
-0.037311
-0.037329
-0.037347
-0.037365
-0.037383
-0.037401
-0.037419
-0.037437
-0.037455
-0.037474
-0.037492
-0.037510
-0.037528
-0.037546
-0.037564
-0.037582
-0.037600
-0.037618
-0.037636
-0.037654
-0.037671
-0.037689
-0.037707
-0.037725
-0.037743
-0.037761
-0.037779
-0.037797
-0.037815
-0.037833
-0.037850
-0.037868
-0.037886
-0.037904
-0.037922
-0.037939
-0.037957
-0.037975
-0.037993
-0.038011
-0.038028
-0.038046
-0.038064
-0.038082
-0.038099
-0.038117
-0.038135
-0.038152
-0.038170
-0.038188
-0.038205
-0.038223
-0.038241
-0.038258
-0.038276
-0.038293
-0.038311
-0.038329
-0.038346
-0.038364
-0.038381
-0.038399
-0.038416
-0.038434
-0.038452
-0.038469
-0.038487
-0.038504
-0.038521
-0.038539
-0.038556
-0.038574
-0.038591
-0.038609
-0.038626
-0.038644
-0.038661
-0.038678
-0.038696
-0.038713
-0.038731
-0.038748
-0.038765
-0.038783
-0.038800
-0.038817
-0.038835
-0.038852
-0.038869
-0.038886
-0.038904
-0.038921
-0.038938
-0.038955
-0.038973
-0.038990
-0.039007
-0.039024
-0.039042
-0.039059
-0.039076
-0.039093
-0.039110
-0.039127
-0.039145
-0.039162
-0.039179
-0.039196
-0.039213
-0.039230
-0.039247
-0.039264
-0.039281
-0.039298
-0.039315
-0.039332
-0.039349
-0.039367
-0.039384
-0.039401
-0.039418
-0.039434
-0.039451
-0.039468
-0.039485
-0.039502
-0.039519
-0.039536
-0.039553
-0.039570
-0.039587
-0.039604
-0.039621
-0.039638
-0.039654
-0.039671
-0.039688
-0.039705
-0.039722
-0.039739
-0.039755
-0.039772
-0.039789
-0.039806
-0.039822
-0.039839
-0.039856
-0.039873
-0.039889
-0.039906
-0.039923
-0.039940
-0.039956
-0.039973
-0.039990
-0.040006
-0.040023
-0.040040
-0.040056
-0.040073
-0.040089
-0.040106
-0.040123
-0.040139
-0.040156
-0.040172
-0.040189
-0.040206
-0.040222
-0.040239
-0.040255
-0.040272
-0.040288
-0.040305
-0.040321
-0.040338
-0.040354
-0.040371
-0.040387
-0.040403
-0.040420
-0.040436
-0.040453
-0.040469
-0.040486
-0.040502
-0.040518
-0.040535
-0.040551
-0.040567
-0.040584
-0.040600
-0.040616
-0.040633
-0.040649
-0.040665
-0.040682
-0.040698
-0.040714
-0.040730
-0.040747
-0.040763
-0.040779
-0.040795
-0.040812
-0.040828
-0.040844
-0.040860
-0.040876
-0.040893
-0.040909
-0.040925
-0.040941
-0.040957
-0.040973
-0.040989
-0.041006
-0.041022
-0.041038
-0.041054
-0.041070
-0.041086
-0.041102
-0.041118
-0.041134
-0.041150
-0.041166
-0.041182
-0.041198
-0.041214
-0.041230
-0.041246
-0.041262
-0.041278
-0.041294
-0.041310
-0.041326
-0.041342
-0.041358
-0.041374
-0.041390
-0.041405
-0.041421
-0.041437
-0.041453
-0.041469
-0.041485
-0.041501
-0.041516
-0.041532
-0.041548
-0.041564
-0.041580
-0.041595
-0.041611
-0.041627
-0.041643
-0.041658
-0.041674
-0.041690
-0.041706
-0.041721
-0.041737
-0.041753
-0.041768
-0.041784
-0.041800
-0.041815
-0.041831
-0.041847
-0.041862
-0.041878
-0.041894
-0.041909
-0.041925
-0.041940
-0.041956
-0.041971
-0.041987
-0.042003
-0.042018
-0.042034
-0.042049
-0.042065
-0.042080
-0.042096
-0.042111
-0.042127
-0.042142
-0.042158
-0.042173
-0.042188
-0.042204
-0.042219
-0.042235
-0.042250
-0.042266
-0.042281
-0.042296
-0.042312
-0.042327
-0.042342
-0.042358
-0.042373
-0.042389
-0.042404
-0.042419
-0.042434
-0.042450
-0.042465
-0.042480
-0.042496
-0.042511
-0.042526
-0.042541
-0.042557
-0.042572
-0.042587
-0.042602
-0.042618
-0.042633
-0.042648
-0.042663
-0.042678
-0.042693
-0.042709
-0.042724
-0.042739
-0.042754
-0.042769
-0.042784
-0.042799
-0.042814
-0.042829
-0.042845
-0.042860
-0.042875
-0.042890
-0.042905
-0.042920
-0.042935
-0.042950
-0.042965
-0.042980
-0.042995
-0.043010
-0.043025
-0.043040
-0.043055
-0.043070
-0.043085
-0.043100
-0.043115
-0.043129
-0.043144
-0.043159
-0.043174
-0.043189
-0.043204
-0.043219
-0.043234
-0.043248
-0.043263
-0.043278
-0.043293
-0.043308
-0.043323
-0.043337
-0.043352
-0.043367
-0.043382
-0.043396
-0.043411
-0.043426
-0.043441
-0.043455
-0.043470
-0.043485
-0.043500
-0.043514
-0.043529
-0.043544
-0.043558
-0.043573
-0.043588
-0.043602
-0.043617
-0.043632
-0.043646
-0.043661
-0.043675
-0.043690
-0.043705
-0.043719
-0.043734
-0.043748
-0.043763
-0.043777
-0.043792
-0.043807
-0.043821
-0.043836
-0.043850
-0.043865
-0.043879
-0.043894
-0.043908
-0.043923
-0.043937
-0.043951
-0.043966
-0.043980
-0.043995
-0.044009
-0.044024
-0.044038
-0.044052
-0.044067
-0.044081
-0.044095
-0.044110
-0.044124
-0.044139
-0.044153
-0.044167
-0.044182
-0.044196
-0.044210
-0.044224
-0.044239
-0.044253
-0.044267
-0.044282
-0.044296
-0.044310
-0.044324
-0.044338
-0.044353
-0.044367
-0.044381
-0.044395
-0.044409
-0.044424
-0.044438
-0.044452
-0.044466
-0.044480
-0.044494
-0.044509
-0.044523
-0.044537
-0.044551
-0.044565
-0.044579
-0.044593
-0.044607
-0.044621
-0.044635
-0.044649
-0.044664
-0.044678
-0.044692
-0.044706
-0.044720
-0.044734
-0.044748
-0.044762
-0.044776
-0.044790
-0.044804
-0.044817
-0.044831
-0.044845
-0.044859
-0.044873
-0.044887
-0.044901
-0.044915
-0.044929
-0.044943
-0.044957
-0.044970
-0.044984
-0.044998
-0.045012
-0.045026
-0.045040
-0.045053
-0.045067
-0.044767
-0.043261
-0.039038
-0.030307
-0.015357
0.007222
0.038463
0.079029
0.129401
0.190608
0.265701
0.359398
0.476314
0.619771
0.790745
0.989316
1.221098
1.494382
1.815386
2.179992
2.578845
2.995870
3.409139
3.798155
4.148676
4.453113
4.709505
4.920495
5.091534
5.228777
5.337840
5.423544
5.490058
5.541061
5.579807
5.609137
5.631474
5.648836
5.662863
5.674863
5.685846
5.696581
5.707629
5.719387
5.732118
5.745986
5.761072
5.777396
5.794935
5.813631
5.833402
5.854150
5.875766
5.898136
5.921142
5.944669
5.968602
5.992833
6.017258
6.041781
6.066310
6.090763
6.115064
6.139144
6.162942
6.186402
6.209473
6.232112
6.254278
6.275936
6.297052
6.317598
6.337545
6.356870
6.375549
6.393562
6.410889
6.427516
6.443429
6.458618
6.473078
6.486808
6.499812
6.512096
6.523676
6.534567
6.544794
6.554381
6.563359
6.571760
6.579619
6.586970
6.593851
6.600296
6.606342
6.612021
6.617365
6.622403
6.627163
6.631667
6.636201
6.641599
6.649459
6.662292
6.683767
6.718462
6.771236
6.846599
6.948773
7.086034
7.270756
7.512548
7.812278
8.157567
8.522647
8.881664
9.216684
9.517821
9.780887
10.005304
10.192730
10.346210
10.469609
10.567137
10.642953
10.700945
10.744637
10.777148
10.801177
10.818999
10.832485
10.843138
10.852143
10.860421
10.868679
10.877452
10.887135
10.898016
10.910294
10.924098
10.939500
10.956520
10.975139
10.995297
11.016899
11.039815
11.063884
11.088911
11.114673
11.140922
11.167393
11.193808
11.219890
11.245374
11.270016
11.293611
11.315997
11.337065
11.356760
11.375083
11.392081
11.407847
11.422505
11.436207
11.449119
11.461420
11.473288
11.484903
11.496437
11.508057
11.519918
11.532165
11.544933
11.558344
11.572507
11.587518
11.603456
11.620381
11.638330
11.657309
11.677288
11.698196
11.719911
11.742256
11.765001
11.787860
11.810505
11.832573
11.853685
11.873469
11.891585
11.907746
11.921745
11.933464
11.942881
11.950070
11.955184
11.958443
11.960112
11.960485
11.959867
11.958564
11.956873
11.955073
11.953427
11.952179
11.951556
11.951770
11.953024
11.955516
11.959449
11.965035
11.972509
11.982134
11.994217
12.009107
12.027192
12.048868
12.074491
12.104311
12.138418
12.176717
12.218896
12.264324
12.311902
12.359980
12.406454
12.449066
12.485742
12.514882
12.535528
12.547398
12.550814
12.546545
12.535632
12.519237
12.498525
12.474589
12.448418
12.420870
12.392678
12.364454
12.336704
12.309835
12.284177
12.259989
12.237475
12.216796
12.198075
12.181412
12.166890
12.154588
12.144587
12.136987
12.131923
12.129591
12.130285
12.134460
12.142829
12.156514
12.177196
12.207067
12.248457
12.303571
12.374568
12.462226
12.563746
12.673013
12.782522
12.885192
12.975525
13.050050
13.107211
13.146950
13.170231
13.178643
13.174083
13.158543
13.133975
13.102211
13.064920
13.023582
12.979482
12.933718
12.887208
12.840714
12.794854
12.750127
12.706929
12.665568
12.626278
12.589234
12.554556
12.522324
12.492583
12.465350
12.440620
12.418374
12.398583
12.381218
12.366256
12.353689
12.343540
12.335873
12.330825
12.328640
12.329728
12.334773
12.344885
12.361797
12.387887
12.425802
12.478086
12.547350
12.635213
12.739522
12.854184
12.971175
13.082587
13.182016
13.265191
13.329958
13.375867
13.403649
13.414766
13.411075
13.394591
13.367341
13.331284
13.288255
13.239928
13.187792
13.133143
13.077088
13.020553
12.964306
12.908977
12.855074
12.803007
12.753101
12.705607
12.660718
12.618569
12.579246
12.542791
12.509203
12.478445
12.450444
12.425101
12.402292
12.381879
12.363715
12.347650
12.333542
12.321266
12.310715
12.301816
12.294531
12.288874
12.284918
12.282814
12.282819
12.285332
12.290950
12.300532
12.315248
12.336523
12.365834
12.404488
12.453680
12.514747
12.588509
12.673391
12.764853
12.856684
12.942656
13.017670
13.078248
13.122528
13.149992
13.161131
13.157140
13.139653
13.110546
13.071781
13.025286
12.972857
12.916105
12.856423
12.794990
12.732786
12.670620
12.609157
12.548951
12.490464
12.434092
12.380186
12.329059
12.281007
12.236306
12.195211
12.157948
12.124693
12.095552
12.070547
12.049599
12.032531
12.019083
12.008926
12.001697
11.997035
11.994620
11.994215
11.995717
11.999208
12.005029
12.013890
12.027013
12.046214
12.073746
12.111814
12.162259
12.226929
12.307662
12.403868
12.510937
12.621594
12.728064
12.823681
12.903698
12.965409
13.007835
13.031262
13.036836
13.026251
13.001522
12.964823
12.918339
12.864154
12.804155
12.739985
12.673034
12.604453
12.535187
12.466007
12.397543
12.330307
12.264724
12.201147
12.139882
12.081203
12.025378
11.972690
11.923472
11.878142
11.837249
11.801498
11.771741
11.748900
11.733876
11.727473
11.730406
11.743454
11.768001
11.807500
11.869204
11.962439
12.095224
12.267163
12.469464
12.687473
12.905189
13.109276
13.290546
13.443700
13.566562
13.659267
13.723453
13.761572
13.776425
13.770898
13.747808
13.709834
13.659513
13.599231
13.531191
13.457368
13.379475
13.298956
13.217006
13.134594
13.052505
12.971363
12.891667
12.813810
12.738101
12.664783
12.594050
12.526060
12.460953
12.398866
12.339951
12.284405
12.232498
12.184630
12.141396
12.103652
12.072537
12.049405
12.035700
12.032879
12.042487
12.066698
12.110169
12.181939
12.293127
12.449810
12.648093
12.874929
13.112520
13.344365
13.558321
13.746711
13.905393
14.032841
14.129433
14.196826
14.237406
14.253909
14.249176
14.226006
14.187081
14.134959
14.072067
14.000670
13.922815
13.840298
13.754646
13.667133
13.578804
13.490503
13.402904
13.316539
13.231818
13.149056
13.068482
12.990266
12.914523
12.841332
12.770741
12.702781
12.637472
12.574833
12.514892
12.457692
12.403313
12.351883
12.303615
12.258850
12.218126
12.182268
12.152456
12.130203
12.117244
12.115421
12.126731
12.153888
12.202425
12.282381
12.405412
12.576035
12.788285
13.026955
13.273344
13.511330
13.729586
13.921153
14.082357
14.211904
14.310233
14.378971
14.420448
14.437351
14.432498
14.408683
14.368598
14.314823
14.249820
14.175894
14.095139
14.009396
13.920244
13.829007
13.736770
13.644414
13.552635
13.461977
13.372851
13.285561
13.200326
13.117289
13.036541
12.958126
12.882055
12.808312
12.736862
12.667656
12.600633
12.535728
12.472873
12.411996
12.353027
12.295897
12.240541
12.186896
12.134907
12.084520
12.035691
11.988380
11.942556
11.898196
11.855286
11.813826
11.773824
11.735307
11.698321
11.662934
11.629243
11.597385
11.567540
11.539945
11.514900
11.492768
11.473954
11.458872
11.447882
11.441237
11.439032
11.441190
11.447494
11.457662
11.471493
11.489106
11.511359
11.540456
11.580240
11.635170
11.709363
11.806998
11.929213
12.070963
12.222867
12.374168
12.515046
12.638042
12.738568
12.814644
12.866218
12.894463
12.901260
12.888871
12.859739
12.816373
12.761258
12.696756
12.625027
12.547971
12.467215
12.384116
12.299782
12.215096
12.130750
12.047271
11.965054
11.884383
11.805457
11.728401
11.653290
11.580152
11.508984
11.439760
11.372433
11.306943
11.243222
11.181193
11.120779
11.061897
11.004466
10.948406
10.893638
10.840085
10.787673
10.736332
10.685994
10.636596
10.588076
10.540377
10.493447
10.447234
10.401692
10.356777
10.312448
10.268668
10.225401
10.182615
10.140279
10.098367
10.056852
10.015712
9.974925
9.934471
9.894332
9.854491
9.814935
9.775649
9.736621
9.697840
9.659295
9.620978
9.582879
9.544993
9.507311
9.469827
9.432538
9.395436
9.358519
9.321782
9.285221
9.248834
9.212618
9.176570
9.140687
9.104969
9.069413
9.034017
8.998781
8.963702
8.928781
8.894015
8.859403
8.824946
8.790642
8.756491
8.722491
8.688643
8.654945
8.621398
8.588001
8.554753
8.521654
8.488703
8.455901
8.423247
8.390739
8.358379
8.326166
8.294099
8.262178
8.230402
8.198771
8.167286
8.135944
8.104747
8.073693
8.042783
8.012015
7.981389
7.950905
7.920562
7.890361
7.860299
7.830378
7.800596
7.770952
7.741447
7.712079
7.682849
7.653755
7.624797
7.595974
7.567285
7.538731
7.510310
7.482022
7.453866
7.425841
7.397947
7.370182
7.342547
7.315040
7.287662
7.260410
7.233285
7.206285
7.179410
7.152659
7.126031
7.099526
7.073143
7.046880
7.020739
6.994716
6.968812
6.943026
6.917358
6.891805
6.866369
6.841047
6.815839
6.790745
6.765763
6.740892
6.716133
6.691484
6.666945
6.642514
6.618191
6.593975
6.569866
6.545862
6.521964
6.498169
6.474479
6.450890
6.427404
6.404020
6.380735
6.357551
6.334466
6.311480
6.288591
6.265799
6.243104
6.220505
6.198000
6.175591
6.153275
6.131052
6.108921
6.086882
6.064935
6.043078
6.021311
5.999634
5.978045
5.956544
5.935131
5.913805
5.892565
5.871411
5.850342
5.829358
5.808458
5.787641
5.766908
5.746257
5.725687
5.705200
5.684792
5.664466
5.644219
5.624051
5.603962
5.583952
5.564019
5.544163
5.524385
5.504683
5.485056
5.465505
5.446029
5.426628
5.407300
5.388047
5.368866
5.349758
5.330722
5.311759
5.292867
5.274045
5.255295
5.236614
5.218004
5.199463
5.180991
5.162587
5.144252
5.125985
5.107785
5.089652
5.071586
5.053587
5.035653
5.017785
4.999983
4.982245
4.964572
4.946963
4.929419
4.911938
4.894520
4.877165
4.859872
4.842642
4.825474
4.808368
4.791323
4.774339
4.757415
4.740553
4.723750
4.707007
4.690323
4.673699
4.657134
4.640628
4.624179
4.607789
4.591457
4.575182
4.558965
4.542805
4.526701
4.510654
4.494663
4.478728
4.462848
4.447024
4.431256
4.415542
4.399883
4.384278
4.368727
4.353231
4.337788
4.322399
4.307062
4.291779
4.276549
4.261371
4.246245
4.231172
4.216150
4.201180
4.186261
4.171393
4.156577
4.141811
4.127096
4.112431
4.097816
4.083251
4.068735
4.054270
4.039853
4.025485
4.011167
3.996897
3.982675
3.968502
3.954377
3.940299
3.926270
3.912287
3.898353
3.884465
3.870624
3.856830
3.843082
3.829381
3.815726
3.802117
3.788553
3.775036
3.761563
3.748136
3.734754
3.721417
3.708125
3.694878
3.681674
3.668515
3.655400
3.642329
3.629302
3.616318
3.603378
3.590481
3.577626
3.564815
3.552047
3.539321
3.526637
3.513996
3.501397
3.488840
3.476324
3.463851
3.451418
3.439027
3.426677
3.414369
3.402101
3.389873
3.377687
3.365540
3.353434
3.341369
3.329343
3.317357
3.305410
3.293503
3.281636
3.269808
3.258019
3.246269
3.234558
3.222885
3.211251
3.199655
3.188098
3.176579
3.165098
3.153655
3.142249
3.130881
3.119551
3.108258
3.097002
3.085783
3.074601
3.063456
3.052348
3.041276
3.030241
3.019242
3.008279
2.997352
2.986461
2.975606
2.964787
2.954003
2.943255
2.932541
2.921864
2.911221
2.900613
2.890040
2.879501
2.868998
2.858528
2.848093
2.837693
2.827326
2.816993
2.806695
2.796430
2.786198
2.776000
2.765836
2.755705
2.745607
2.735542
2.725511
2.715512
2.705545
2.695612
2.685711
2.675842
2.666006
2.656202
2.646430
2.636690
2.626982
2.617305
2.607661
2.598047
2.588466
2.578915
2.569396
2.559908
2.550451
2.541025
2.531630
2.522266
2.512932
2.503629
2.494356
2.485113
2.475901
2.466719
2.457567
2.448444
2.439352
2.430289
2.421256
2.412252
2.403278
2.394334
2.385418
2.376532
2.367674
2.358846
2.350046
2.341276
2.332534
2.323820
2.315135
2.306478
2.297850
2.289250
2.280678
2.272134
2.263618
2.255129
2.246669
2.238236
2.229831
2.221453
2.213103
2.204780
2.196484
2.188215
2.179973
2.171758
2.163570
2.155409
2.147275
2.139167
2.131086
2.123031
2.115002
2.107000
2.099024
2.091074
2.083150
2.075252
2.067379
2.059533
2.051712
2.043917
2.036147
2.028403
2.020684
2.012990
2.005322
1.997678
1.990060
1.982467
1.974898
1.967354
1.959835
1.952341
1.944871
1.937426
1.930005
1.922608
1.915236
1.907887
1.900563
1.893263
1.885987
1.878734
1.871506
1.864301
1.857119
1.849962
1.842827
1.835716
1.828629
1.821565
1.814524
1.807506
1.800511
1.793539
1.786590
1.779663
1.772760
1.765879
1.759021
1.752185
1.745372
1.738581
1.731812
1.725066
1.718342
1.711640
1.704960
1.698302
1.691666
1.685052
1.678459
1.671888
1.665339
1.658812
1.652305
1.645821
1.639357
1.632915
1.626494
1.620095
1.613716
1.607359
1.601022
1.594706
1.588411
1.582137
1.575884
1.569651
1.563439
1.557247
1.551076
1.544925
1.538794
1.532684
1.526594
1.520524
1.514474
1.508444
1.502433
1.496443
1.490473
1.484522
1.478591
1.472680
1.466788
1.460916
1.455063
1.449230
1.443416
1.437621
1.431845
1.426088
1.420351
1.414633
1.408933
1.403252
1.397591
1.391948
1.386324
1.380718
1.375131
1.369563
1.364013
1.358482
1.352968
1.347474
1.341997
1.336539
1.331099
1.325677
1.320273
1.314887
1.309519
1.304169
1.298836
1.293522
1.288225
1.282946
1.277684
1.272440
1.267213
1.262004
1.256813
1.251638
1.246481
1.241341
1.236218
1.231113
1.226024
1.220952
1.215898
1.210860
1.205839
1.200835
1.195848
1.190877
1.185923
1.180986
1.176065
1.171161
1.166273
1.161401
1.156546
1.151707
1.146885
1.142078
1.137288
1.132514
1.127755
1.123013
1.118287
1.113577
1.108882
1.104203
1.099540
1.094893
1.090261
1.085645
1.081045
1.076460
1.071890
1.067336
1.062798
1.058274
1.053766
1.049273
1.044795
1.040333
1.035885
1.031452
1.027035
1.022632
1.018245
1.013872
1.009514
1.005170
1.000842
0.996528
0.992229
0.987944
0.983674
0.979418
0.975177
0.970950
0.966737
0.962539
0.958355
0.954186
0.950030
0.945889
0.941762
0.937648
0.933549
0.929464
0.925393
0.921335
0.917292
0.913262
0.909246
0.905243
0.901255
0.897280
0.893318
0.889370
0.885436
0.881515
0.877607
0.873713
0.869832
0.865965
0.862111
0.858270
0.854442
0.850627
0.846825
0.843037
0.839261
0.835499
0.831749
0.828012
0.824288
0.820577
0.816879
0.813193
0.809520
0.805860
0.802212
0.798577
0.794955
0.791345
0.787747
0.784162
0.780590
0.777029
0.773481
0.769946
0.766422
0.762911
0.759412
0.755925
0.752450
0.748987
0.745536
0.742097
0.738670
0.735256
0.731852
0.728461
0.725082
0.721714
0.718358
0.715014
0.711681
0.708360
0.705051
0.701753
0.698467
0.695192
0.691929
0.688677
0.685436
0.682207
0.678989
0.675782
0.672587
0.669402
0.666229
0.663067
0.659917
0.656777
0.653648
0.650530
0.647424
0.644328
0.641243
0.638169
0.635106
0.632053
0.629012
0.625981
0.622961
0.619951
0.616953
0.613964
0.610987
0.608020
0.605063
0.602117
0.599181
0.596256
0.593341
0.590437
0.587543
0.584659
0.581785
0.578922
0.576069
0.573226
0.570393
0.567570
0.564757
0.561955
0.559162
0.556379
0.553607
0.550844
0.548091
0.545348
0.542615
0.539892
0.537178
0.534474
0.531780
0.529096
0.526421
0.523756
0.521100
0.518454
0.515818
0.513191
0.510574
0.507966
0.505367
0.502778
0.500199
0.497628
0.495067
0.492515
0.489973
0.487440
0.484916
0.482401
0.479895
0.477398
0.474911
0.472432
0.469963
0.467503
0.465051
0.462609
0.460175
0.457751
0.455335
0.452928
0.450530
0.448141
0.445760
0.443389
0.441026
0.438671
0.436326
0.433989
0.431660
0.429340
0.427029
0.424726
0.422432
0.420147
0.417869
0.415601
0.413340
0.411088
0.408845
0.406609
0.404382
0.402164
0.399953
0.397751
0.395557
0.393371
0.391194
0.389024
0.386863
0.384710
0.382564
0.380427
0.378298
0.376177
0.374064
0.371959
0.369861
0.367772
0.365690
0.363617
0.361551
0.359493
0.357443
0.355400
0.353366
0.351339
0.349319
0.347308
0.345304
0.343307
0.341318
0.339337
0.337364
0.335397
0.333439
0.331488
0.329544
0.327608
0.325679
0.323758
0.321844
0.319937
0.318038
0.316146
0.314261
0.312383
0.310513
0.308650
0.306794
0.304946
0.303104
0.301270
0.299443
0.297623
0.295810
0.294004
0.292205
0.290413
0.288628
0.286850
0.285079
0.283315
0.281557
0.279807
0.278064
0.276327
0.274597
0.272874
0.271158
0.269449
0.267746
0.266050
0.264361
0.262678
0.261002
0.259333
0.257670
0.256014
0.254365
0.252722
0.251085
0.249456
0.247832
0.246215
0.244605
0.243001
0.241404
0.239812
0.238228
0.236649
0.235077
0.233512
0.231952
0.230399
0.228853
0.227312
0.225778
0.224250
0.222728
0.221212
0.219702
0.218199
0.216702
0.215210
0.213725
0.212246
0.210773
0.209306
0.207845
0.206390
0.204941
0.203498
0.202061
0.200630
0.199205
0.197785
0.196372
0.194964
0.193562
0.192166
0.190776
0.189391
0.188013
0.186640
0.185272
0.183911
0.182555
0.181205
0.179860
0.178521
0.177188
0.175860
0.174538
0.173221
0.171910
0.170605
0.169305
0.168010
0.166721
0.165438
0.164160
0.162887
0.161620
0.160358
0.159101
0.157850
0.156604
0.155364
0.154128
0.152899
0.151674
0.150455
0.149240
0.148031
0.146828
0.145629
0.144436
0.143248
0.142065
0.140887
0.139714
0.138546
0.137383
0.136226
0.135073
0.133926
0.132783
0.131646
0.130513
0.129386
0.128263
0.127145
0.126032
0.124924
0.123821
0.122723
0.121630
0.120541
0.119458
0.118379
0.117305
0.116235
0.115171
0.114111
0.113056
0.112005
0.110960
0.109919
0.108882
0.107850
0.106823
0.105801
0.104783
0.103769
0.102761
0.101756
0.100757
0.099761
0.098771
0.097785
0.096803
0.095825
0.094853
0.093884
0.092920
0.091961
0.091005
0.090055
0.089108
0.088166
0.087228
0.086294
0.085365
0.084440
0.083519
0.082603
0.081691
0.080783
0.079879
0.078979
0.078084
0.077192
0.076305
0.075422
0.074543
0.073668
0.072797
0.071931
0.071068
0.070209
0.069355
0.068504
0.067658
0.066815
0.065976
0.065142
0.064311
0.063484
0.062661
0.061842
0.061027
0.060216
0.059408
0.058605
0.057805
0.057009
0.056217
0.055428
0.054644
0.053863
0.053086
0.052312
0.051543
0.050777
0.050014
0.049256
0.048501
0.047749
0.047002
0.046258
0.045517
0.044780
0.044047
0.043317
0.042591
0.041868
0.041149
0.040433
0.039721
0.039012
0.038307
0.037605
0.036907
0.036212
0.035521
0.034833
0.034148
0.033467
0.032789
0.032114
0.031443
0.030775
0.030110
0.029449
0.028791
0.028136
0.027484
0.026836
0.026191
0.025549
0.024910
0.024275
0.023643
0.023013
0.022387
0.021765
0.021145
0.020528
0.019915
0.019304
0.018697
0.018093
0.017492
0.016893
0.016298
0.015706
0.015117
0.014531
0.013948
0.013368
0.012790
0.012216
0.011645
0.011076
0.010511
0.009948
0.009389
0.008832
0.008278
0.007726
0.007178
0.006633
0.006090
0.005550
0.005013
0.004479
0.003947
0.003418
0.002892
0.002369
0.001848
0.001330
0.000815
0.000302
-0.000207
-0.000715
-0.001219
-0.001721
-0.002220
-0.002717
-0.003211
-0.003703
-0.004192
-0.004678
-0.005162
-0.005643
-0.006122
-0.006598
-0.007071
-0.007543
-0.008011
-0.008477
-0.008941
-0.009402
-0.009861
-0.010317
-0.010771
-0.011223
-0.011672
-0.012118
-0.012563
-0.013005
-0.013444
-0.013881
-0.014316
-0.014749
-0.015179
-0.015607
-0.016032
-0.016456
-0.016877
-0.017295
-0.017712
-0.018126
-0.018538
-0.018948
-0.019355
-0.019760
-0.020163
-0.020564
-0.020963
-0.021360
-0.021754
-0.022146
-0.022536
-0.022924
-0.023310
-0.023694
-0.024075
-0.024455
-0.024832
-0.025207
-0.025581
-0.025952
-0.026321
-0.026688
-0.027053
-0.027416
-0.027777
-0.028136
-0.028493
-0.028848
-0.029201
-0.029552
-0.029902
-0.030249
-0.030594
-0.030937
-0.031279
-0.031618
-0.031956
-0.032292
-0.032625
-0.032957
-0.033287
-0.033615
-0.033942
-0.034266
-0.034589
-0.034910
-0.035229
-0.035546
-0.035861
-0.036175
-0.036487
-0.036797
-0.037105
-0.037412
-0.037717
-0.038020
-0.038321
-0.038620
-0.038918
-0.039214
-0.039509
-0.039802
-0.040093
-0.040382
-0.040670
-0.040956
-0.041240
-0.041523
-0.041804
-0.042084
-0.042362
-0.042638
-0.042912
-0.043185
-0.043457
-0.043727
-0.043995
-0.044262
-0.044527
-0.044790
-0.045052
-0.045313
-0.045572
-0.045829
-0.046085
-0.046340
-0.046593
-0.046844
-0.047094
-0.047342
-0.047589
-0.047835
-0.048079
-0.048322
-0.048563
-0.048802
-0.049041
-0.049277
-0.049513
-0.049747
-0.049980
-0.050211
-0.050441
-0.050669
-0.050896
-0.051122
-0.051346
-0.051569
-0.051791
-0.052011
-0.052230
-0.052447
-0.052664
-0.052879
-0.053092
-0.053304
-0.053516
-0.053725
-0.053934
-0.054141
-0.054347
-0.054551
-0.054755
-0.054957
-0.055158
-0.055357
-0.055556
-0.055753
-0.055949
-0.056143
-0.056337
-0.056529
-0.056720
-0.056910
-0.057099
-0.057286
-0.057473
-0.057658
-0.057842
-0.058024
-0.058206
-0.058387
-0.058566
-0.058744
-0.058921
-0.059097
-0.059272
-0.059446
-0.059619
-0.059790
-0.059961
-0.060130
-0.060298
-0.060465
-0.060631
-0.060796
-0.060960
-0.061123
-0.061285
-0.061446
-0.061606
-0.061764
-0.061922
-0.062079
-0.062234
-0.062389
-0.062542
-0.062695
-0.062846
-0.062997
-0.063146
-0.063295
-0.063443
-0.063589
-0.063735
-0.063880
-0.064023
-0.064166
-0.064308
-0.064449
-0.064589
-0.064727
-0.064866
-0.065003
-0.065139
-0.065274
-0.065408
-0.065542
-0.065674
-0.065806
-0.065937
-0.066066
-0.066195
-0.066323
-0.066450
-0.066577
-0.066702
-0.066827
-0.066950
-0.067073
-0.067195
-0.067316
-0.067436
-0.067556
-0.067675
-0.067792
-0.067909
-0.068025
-0.068141
-0.068255
-0.068369
-0.068482
-0.068594
-0.068705
-0.068815
-0.068925
-0.069034
-0.069142
-0.069249
-0.069356
-0.069462
-0.069567
-0.069671
-0.069774
-0.069877
-0.069979
-0.070080
-0.070181
-0.070281
-0.070380
-0.070478
-0.070575
-0.070672
-0.070768
-0.070864
-0.070959
-0.071053
-0.071146
-0.071238
-0.071330
-0.071421
-0.071512
-0.071602
-0.071691
-0.071779
-0.071867
-0.071954
-0.072041
-0.072126
-0.072211
-0.072296
-0.072380
-0.072463
-0.072545
-0.072627
-0.072708
-0.072789
-0.072869
-0.072948
-0.073027
-0.073105
-0.073182
-0.073259
-0.073335
-0.073411
-0.073486
-0.073560
-0.073634
-0.073707
-0.073779
-0.073851
-0.073923
-0.073993
-0.074064
-0.074133
-0.074202
-0.074271
-0.074339
-0.074406
-0.074473
-0.074539
-0.074605
-0.074670
-0.074734
-0.074798
-0.074862
-0.074925
-0.074987
-0.075049
-0.075110
-0.075171
-0.075231
-0.075291
-0.075350
-0.075408
-0.075467
-0.075524
-0.075581
-0.075638
-0.075694
-0.075749
-0.075804
-0.075859
-0.075913
-0.075967
-0.076020
-0.076072
-0.076124
-0.076176
-0.076227
-0.076278
-0.076328
-0.076378
-0.076427
-0.076476
-0.076524
-0.076572
-0.076619
-0.076666
-0.076713
-0.076759
-0.076804
-0.076850
-0.076894
-0.076938
-0.076982
-0.077026
-0.077068
-0.077111
-0.077153
-0.077195
-0.077236
-0.077277
-0.077317
-0.077357
-0.077396
-0.077436
-0.077474
-0.077513
-0.077550
-0.077588
-0.077625
-0.077662
-0.077698
-0.077734
-0.077769
-0.077804
-0.077839
-0.077873
-0.077907
-0.077941
-0.077974
-0.078007
-0.078039
-0.078071
-0.078103
-0.078134
-0.078165
-0.078196
-0.078226
-0.078256
-0.078285
-0.078314
-0.078343
-0.078371
-0.078399
-0.078427
-0.078454
-0.078481
-0.078508
-0.078534
-0.078560
-0.078586
-0.078611
-0.078636
-0.078661
-0.078685
-0.078709
-0.078733
-0.078756
-0.078779
-0.078802
-0.078824
-0.078846
-0.078868
-0.078889
-0.078910
-0.078931
-0.078952
-0.078972
-0.078992
-0.079011
-0.079030
-0.079049
-0.079068
-0.079086
-0.079104
-0.079122
-0.079140
-0.079157
-0.079174
-0.079190
-0.079207
-0.079223
-0.079239
-0.079254
-0.079269
-0.079284
-0.079299
-0.079313
-0.079327
-0.079341
-0.079355
-0.079368
-0.079381
-0.079394
-0.079407
-0.079419
-0.079431
-0.079443
-0.079454
-0.079465
-0.079476
-0.079487
-0.079497
-0.079508
-0.079518
-0.079527
-0.079537
-0.079546
-0.079555
-0.079564
-0.079573
-0.079581
-0.079589
-0.079597
-0.079604
-0.079612
-0.079619
-0.079626
-0.079633
-0.079639
-0.079645
-0.079651
-0.079657
-0.079663
-0.079668
-0.079673
-0.079678
-0.079683
-0.079687
-0.079692
-0.079696
-0.079700
-0.079703
-0.079707
-0.079710
-0.079713
-0.079716
-0.079719
-0.079721
-0.079724
-0.079726
-0.079727
-0.079729
-0.079731
-0.079732
-0.079733
-0.079734
-0.079735
-0.079735
-0.079736
-0.079736
-0.079736
-0.079735
-0.079735
-0.079735
-0.079734
-0.079733
-0.079732
-0.079730
-0.079729
-0.079727
-0.079726
-0.079724
-0.079722
-0.079719
-0.079717
-0.079714
-0.079711
-0.079708
-0.079705
-0.079702
-0.079698
-0.079695
-0.079691
-0.079687
-0.079683
-0.079679
-0.079674
-0.079670
-0.079665
-0.079660
-0.079655
-0.079650
-0.079645
-0.079639
-0.079634
-0.079628
-0.079622
-0.079616
-0.079610
-0.079604
-0.079597
-0.079591
-0.079584
-0.079577
-0.079570
-0.079563
-0.079556
-0.079548
-0.079541
-0.079533
-0.079525
-0.079517
-0.079509
-0.079501
-0.079493
-0.079484
-0.079476
-0.079467
-0.079458
-0.079449
-0.079440
-0.079431
-0.079422
-0.079412
-0.079403
-0.079393
-0.079383
-0.079373
-0.079363
-0.079353
-0.079343
-0.079333
-0.079322
-0.079312
-0.079301
-0.079290
-0.079279
-0.079268
-0.079257
-0.079246
-0.079235
-0.079223
-0.079212
-0.079200
-0.079188
-0.079176
-0.079165
-0.079152
-0.079140
-0.079128
-0.079116
-0.079103
-0.079091
-0.079078
-0.079065
-0.079053
-0.079040
-0.079027
-0.079014
-0.079001
-0.078987
-0.078974
-0.078960
-0.078947
-0.078933
-0.078920
-0.078906
-0.078892
-0.078878
-0.078864
-0.078850
-0.078836
-0.078821
-0.078807
-0.078792
-0.078778
-0.078763
-0.078749
-0.078734
-0.078719
-0.078704
-0.078689
-0.078674
-0.078659
-0.078644
-0.078628
-0.078613
-0.078598
-0.078582
-0.078566
-0.078551
-0.078535
-0.078519
-0.078503
-0.078488
-0.078472
-0.078455
-0.078439
-0.078423
-0.078407
-0.078391
-0.078374
-0.078358
-0.078341
-0.078325
-0.078308
-0.078291

