0.000000
0.000000
-0.000006
-0.000014
-0.000023
-0.000034
-0.000045
-0.000058
-0.000070
-0.000084
-0.000097
-0.000111
-0.000125
-0.000140
-0.000155
-0.000170
-0.000185
-0.000201
-0.000217
-0.000233
-0.000249
-0.000266
-0.000282
-0.000299
-0.000316
-0.000333
-0.000351
-0.000368
-0.000386
-0.000404
-0.000422
-0.000440
-0.000459
-0.000477
-0.000496
-0.000515
-0.000534
-0.000553
-0.000572
-0.000591
-0.000611
-0.000631
-0.000651
-0.000670
-0.000691
-0.000711
-0.000731
-0.000751
-0.000772
-0.000793
-0.000813
-0.000834
-0.000855
-0.000876
-0.000898
-0.000919
-0.000940
-0.000962
-0.000984
-0.001005
-0.001027
-0.001049
-0.001071
-0.001093
-0.001115
-0.001138
-0.001160
-0.001183
-0.001205
-0.001228
-0.001251
-0.001273
-0.001296
-0.001319
-0.001342
-0.001366
-0.001389
-0.001412
-0.001435
-0.001459
-0.001482
-0.001506
-0.001530
-0.001553
-0.001577
-0.001601
-0.001625
-0.001649
-0.001673
-0.001697
-0.001722
-0.001746
-0.001770
-0.001795
-0.001819
-0.001844
-0.001868
-0.001893
-0.001918
-0.001942
-0.001967
-0.001992
-0.002017
-0.002042
-0.002067
-0.002092
-0.002118
-0.002143
-0.002168
-0.002193
-0.002219
-0.002244
-0.002270
-0.002295
-0.002321
-0.002346
-0.002372
-0.002398
-0.002424
-0.002449
-0.002475
-0.002501
-0.002527
-0.002553
-0.002579
-0.002605
-0.002631
-0.002658
-0.002684
-0.002710
-0.002736
-0.002763
-0.002789
-0.002815
-0.002842
-0.002868
-0.002895
-0.002921
-0.002948
-0.002975
-0.003001
-0.003028
-0.003055
-0.003082
-0.003108
-0.003135
-0.003162
-0.003189
-0.003216
-0.003243
-0.003270
-0.003297
-0.003324
-0.003351
-0.003379
-0.003406
-0.003433
-0.003460
-0.003487
-0.003515
-0.003542
-0.003569
-0.003597
-0.003624
-0.003652
-0.003679
-0.003707
-0.003734
-0.003762
-0.003789
-0.003817
-0.003845
-0.003872
-0.003900
-0.003928
-0.003955
-0.003983
-0.004011
-0.004039
-0.004067
-0.004094
-0.004122
-0.004150
-0.004178
-0.004206
-0.004234
-0.004262
-0.004290
-0.004318
-0.004346
-0.004374
-0.004402
-0.004430
-0.004459
-0.004487
-0.004515
-0.004543
-0.004571
-0.004599
-0.004628
-0.004656
-0.004684
-0.004713
-0.004741
-0.004769
-0.004798
-0.004826
-0.004854
-0.004883
-0.004911
-0.004940
-0.004968
-0.004997
-0.005025
-0.005054
-0.005082
-0.005111
-0.005139
-0.005168
-0.005197
-0.005225
-0.005254
-0.005282
-0.005311
-0.005340
-0.005368
-0.005397
-0.005426
-0.005455
-0.005483
-0.005512
-0.005541
-0.005570
-0.005598
-0.005627
-0.005656
-0.005685
-0.005714
-0.005743
-0.005771
-0.005800
-0.005829
-0.005858
-0.005887
-0.005916
-0.005945
-0.005974
-0.006003
-0.006032
-0.006061
-0.006090
-0.006119
-0.006148
-0.006177
-0.006206
-0.006235
-0.006264
-0.006293
-0.006322
-0.006351
-0.006380
-0.006409
-0.006438
-0.006467
-0.006496
-0.006525
-0.006555
-0.006584
-0.006613
-0.006642
-0.006671
-0.006700
-0.006729
-0.006759
-0.006788
-0.006817
-0.006846
-0.006875
-0.006905
-0.006934
-0.006963
-0.006992
-0.007022
-0.007051
-0.007080
-0.007109
-0.007139
-0.007168
-0.007197
-0.007226
-0.007256
-0.007285
-0.007314
-0.007344
-0.007373
-0.007402
-0.007432
-0.007461
-0.007490
-0.007520
-0.007549
-0.007578
-0.007608
-0.007637
-0.007666
-0.007696
-0.007725
-0.007754
-0.007784
-0.007813
-0.007842
-0.007872
-0.007901
-0.007931
-0.007960
-0.007989
-0.008019
-0.008048
-0.008078
-0.008107
-0.008136
-0.008166
-0.008195
-0.008225
-0.008254
-0.008283
-0.008313
-0.008342
-0.008372
-0.008401
-0.008431
-0.008460
-0.008489
-0.008519
-0.008548
-0.008578
-0.008607
-0.008637
-0.008666
-0.008695
-0.008725
-0.008754
-0.008784
-0.008813
-0.008843
-0.008872
-0.008902
-0.008931
-0.008960
-0.008990
-0.009019
-0.009049
-0.009078
-0.009108
-0.009137
-0.009167
-0.009196
-0.009225
-0.009255
-0.009284
-0.009314
-0.009343
-0.009373
-0.009402
-0.009432
-0.009461
-0.009490
-0.009520
-0.009549
-0.009579
-0.009608
-0.009638
-0.009667
-0.009696
-0.009726
-0.009755
-0.009785
-0.009814
-0.009844
-0.009873
-0.009902
-0.009932
-0.009961
-0.009991
-0.010020
-0.010050
-0.010079
-0.010108
-0.010138
-0.010167
-0.010197
-0.010226
-0.010255
-0.010285
-0.010314
-0.010344
-0.010373
-0.010402
-0.010432
-0.010461
-0.010490
-0.010520
-0.010549
-0.010579
-0.010608
-0.010637
-0.010667
-0.010696
-0.010725
-0.010755
-0.010784
-0.010813
-0.010843
-0.010872
-0.010901
-0.010931
-0.010960
-0.010989
-0.011019
-0.011048
-0.011077
-0.011107
-0.011136
-0.011165
-0.011195
-0.011224
-0.011253
-0.011282
-0.011312
-0.011341
-0.011370
-0.011400
-0.011429
-0.011458
-0.011487
-0.011517
-0.011546
-0.011575
-0.011604
-0.011634
-0.011663
-0.011692
-0.011721
-0.011750
-0.011780
-0.011809
-0.011838
-0.011867
-0.011896
-0.011926
-0.011955
-0.011984
-0.012013
-0.012042
-0.012071
-0.012101
-0.012130
-0.012159
-0.012188
-0.012217
-0.012246
-0.012275
-0.012304
-0.012334
-0.012363
-0.012392
-0.012421
-0.012450
-0.012479
-0.012508
-0.012537
-0.012566
-0.012595
-0.012624
-0.012653
-0.012682
-0.012711
-0.012740
-0.012769
-0.012798
-0.012827
-0.012856
-0.012885
-0.012914
-0.012943
-0.012972
-0.013001
-0.013030
-0.013059
-0.013088
-0.013117
-0.013146
-0.013175
-0.013204
-0.013233
-0.013262
-0.013291
-0.013320
-0.013348
-0.013377
-0.013406
-0.013435
-0.013150
-0.011956
-0.009172
-0.004400
0.002425
0.011144
0.021495
0.033181
0.045916
0.059436
0.073512
0.087944
0.102564
0.117232
0.131834
0.146280
0.160496
0.174428
0.188033
0.201279
0.214143
0.226612
0.238676
0.250330
0.261576
0.272415
0.282853
0.292897
0.302556
0.311840
0.321049
0.330752
0.341602
0.353993
0.368007
0.383515
0.400285
0.418054
0.436560
0.455570
0.474874
0.494292
0.513672
0.532890
0.551845
0.570458
0.588665
0.606421
0.623691
0.640451
0.656685
0.672384
0.687545
0.702169
0.716260
0.729825
0.742875
0.755419
0.767471
0.779042
0.790425
0.802168
0.814909
0.829040
0.844656
0.861642
0.879782
0.898825
0.918523
0.938650
0.959005
0.979413
0.999727
1.019826
1.039611
1.059005
1.077947
1.096392
1.114307
1.131667
1.148459
1.164675
1.180310
1.195368
1.209854
1.223774
1.237140
1.249962
1.262254
1.274029
1.285569
1.297411
1.310180
1.324271
1.339789
1.356629
1.374588
1.393422
1.412889
1.432769
1.452863
1.472999
1.493029
1.512833
1.532312
1.551388
1.569999
1.588100
1.605657
1.622646
1.639051
1.654863
1.670081
1.684704
1.698738
1.712191
1.725073
1.737394
1.749169
1.760410
1.771392
1.782641
1.794774
1.808190
1.823001
1.839116
1.856339
1.874433
1.893162
1.912307
1.931671
1.951083
1.970395
1.989484
2.008251
2.026617
2.044518
2.061907
2.078749
2.095018
2.110699
2.125781
2.140261
2.154140
2.167422
2.180115
2.192227
2.203771
2.214759
2.225204
2.235375
2.245787
2.257052
2.269572
2.283469
2.298661
2.314961
2.332138
2.349962
2.368214
2.386700
2.405247
2.423706
2.441954
2.459889
2.477429
2.494510
2.511082
2.527108
2.542561
2.557424
2.571686
2.585342
2.598392
2.610841
2.622694
2.633961
2.644654
2.654784
2.664366
2.673660
2.683175
2.693515
2.705087
2.718023
2.732251
2.747592
2.763824
2.780717
2.798059
2.815654
2.833329
2.850934
2.868344
2.885453
2.902178
2.918451
2.934220
2.949447
2.964103
2.978167
2.991629
3.004481
3.016724
3.028359
3.039393
3.049836
3.059697
3.068990
3.077727
3.086140
3.094686
3.103909
3.114186
3.125645
3.138236
3.151803
3.166153
3.181083
3.196401
3.211933
3.227521
3.243028
3.258340
3.273361
3.288011
3.302230
3.315968
3.329189
3.341866
3.353980
3.365519
3.376478
3.386855
3.396653
3.405878
3.414537
3.422641
3.430201
3.437230
3.443956
3.450828
3.458392
3.467025
3.476867
3.487872
3.499892
3.512736
3.526204
3.540104
3.554261
3.568514
3.582725
3.596776
3.610566
3.624014
3.637054
3.649635
3.661717
3.673271
3.684275
3.694716
3.704586
3.713882
3.722606
3.730763
3.738359
3.745404
3.751910
3.757887
3.763560
3.769374
3.775870
3.783431
3.792205
3.802155
3.813142
3.824981
3.837475
3.850433
3.863681
3.877056
3.890418
3.903645
3.916632
3.929296
3.941567
3.953388
3.964719
3.975525
3.985785
3.995482
4.004607
4.013156
4.021129
4.028531
4.035369
4.041650
4.047387
4.052591
4.057480
4.062496
4.068178
4.074914
4.082861
4.091994
4.102184
4.113253
4.125008
4.137263
4.149842
4.162583
4.175340
4.187987
4.200418
4.212540
4.224281
4.235579
4.246389
4.256675
4.266409
4.275574
4.284159
4.292158
4.299571
4.306401
4.312654
4.318341
4.323470
4.328055
4.332312
4.336675
4.341684
4.347732
4.354989
4.363443
4.372978
4.383425
4.394600
4.406318
4.418403
4.430693
4.443038
4.455306
4.467382
4.479170
4.490589
4.501571
4.512064
4.522026
4.531427
4.540245
4.548466
4.556084
4.563095
4.569504
4.575315
4.580538
4.585185
4.589267
4.592999
4.596812
4.601244
4.606700
4.613361
4.621236
4.630224
4.640169
4.650896
4.662227
4.673988
4.686013
4.698148
4.710255
4.722208
4.733902
4.745244
4.756157
4.766579
4.776460
4.785762
4.794458
4.802530
4.809966
4.816764
4.822923
4.828451
4.833357
4.837652
4.841351
4.844665
4.848023
4.851967
4.856912
4.863061
4.870445
4.878986
4.888549
4.898973
4.910089
4.921729
4.933727
4.945924
4.958172
4.970334
4.982288
4.993924
5.005151
5.015887
5.026070
5.035647
5.044580
5.052842
5.060417
5.067294
5.073475
5.078962
5.083767
5.087901
5.091383
5.094230
5.096462
5.098101
5.099167
5.099682
5.099668
5.099145
5.098135
5.096657
5.094731
5.092375
5.089607
5.086444
5.082903
5.078999
5.074746
5.070161
5.065254
5.060041
5.054533
5.048741
5.042678
5.036354
5.029779
5.022964
5.015918
5.008649
5.001167
4.993480
4.985596
4.977523
4.969268
4.960838
4.952241
4.943482
4.934568
4.925505
4.916299
4.906955
4.897479
4.887875
4.878149
4.868306
4.858349
4.848284
4.838115
4.827845
4.817479
4.807020
4.796473
4.785840
4.775125
4.764331
4.753462
4.742520
4.731509
4.720432
4.709290
4.698088
4.686827
4.675510
4.664140
4.652718
4.641248
4.629731
4.618170
4.606566
4.594923
4.583241
4.571522
4.559770
4.547984
4.536168
4.524322
4.512449
4.500549
4.488626
4.476679
4.464711
4.452723
4.440717
4.428693
4.416653
4.404598
4.392530
4.380450
4.368358
4.356256
4.344146
4.332027
4.319902
4.307770
4.295634
4.283494
4.271351
4.259206
4.247059
4.234912
4.222765
4.210619
4.198476
4.186334
4.174197
4.162063
4.149934
4.137810
4.125693
4.113582
4.101478
4.089382
4.077294
4.065216
4.053147
4.041087
4.029039
4.017001
4.004975
3.992960
3.980958
3.968969
3.956993
3.945031
3.933082
3.921148
3.909229
3.897325
3.885436
3.873563
3.861706
3.849865
3.838042
3.826235
3.814445
3.802674
3.790920
3.779184
3.767467
3.755768
3.744088
3.732427
3.720786
3.709164
3.697562
3.685979
3.674417
3.662876
3.651354
3.639854
3.628374
3.616915
3.605478
3.594062
3.582667
3.571294
3.559943
3.548614
3.537307
3.526021
3.514759
3.503518
3.492300
3.481105
3.469933
3.458783
3.447656
3.436552
3.425472
3.414414
3.403380
3.392369
3.381382
3.370418
3.359477
3.348561
3.337667
3.326798
3.315953
3.305131
3.294333
3.283560
3.272810
3.262084
3.251383
3.240705
3.230052
3.219423
3.208818
3.198238
3.187681
3.177150
3.166642
3.156159
3.145700
3.135266
3.124856
3.114471
3.104110
3.093774
3.083462
3.073175
3.062912
3.052674
3.042460
3.032271
3.022107
3.011967
3.001852
2.991761
2.981694
2.971653
2.961636
2.951643
2.941675
2.931732
2.921813
2.911919
2.902049
2.892203
2.882383
2.872586
2.862815
2.853067
2.843344
2.833646
2.823972
2.814322
2.804697
2.795096
2.785520
2.775968
2.766440
2.756936
2.747457
2.738002
2.728571
2.719165
2.709782
2.700424
2.691090
2.681780
2.672494
2.663233
2.653995
2.644781
2.635591
2.626425
2.617284
2.608166
2.599072
2.590001
2.580955
2.571932
2.562933
2.553958
2.545007
2.536079
2.527175
2.518294
2.509437
2.500603
2.491793
2.483007
2.474244
2.465504
2.456787
2.448094
2.439424
2.430778
2.422155
2.413555
2.404978
2.396424
2.387893
2.379385
2.370900
2.362439
2.354000
2.345584
2.337191
2.328821
2.320473
2.312148
2.303846
2.295567
2.287310
2.279076
2.270864
2.262675
2.254509
2.246365
2.238243
2.230143
2.222066
2.214012
2.205979
2.197969
2.189980
2.182014
2.174070
2.166148
2.158248
2.150370
2.142514
2.134680
2.126868
2.119077
2.111309
2.103561
2.095836
2.088132
2.080450
2.072790
2.065150
2.057533
2.049937
2.042362
2.034809
2.027276
2.019766
2.012276
2.004808
1.997360
1.989934
1.982529
1.975145
1.967782
1.960440
1.953118
1.945818
1.938538
1.931280
1.924042
1.916824
1.909627
1.902451
1.895296
1.888161
1.881046
1.873952
1.866878
1.859825
1.852792
1.845779
1.838787
1.831814
1.824862
1.817930
1.811018
1.804126
1.797254
1.790402
1.783570
1.776758
1.769965
1.763193
1.756440
1.749706
1.742993
1.736299
1.729624
1.722969
1.716334
1.709718
1.703122
1.696544
1.689987
1.683448
1.676929
1.670429
1.663948
1.657486
1.651043
1.644619
1.638215
1.631829
1.625462
1.619114
1.612785
1.606474
1.600183
1.593910
1.587656
1.581420
1.575203
1.569005
1.562825
1.556663
1.550520
1.544395
1.538289
1.532201
1.526131
1.520080
1.514046
1.508031
1.502034
1.496055
1.490094
1.484151
1.478226
1.472319
1.466429
1.460558
1.454704
1.448868
1.443050
1.437249
1.431466
1.425701
1.419953
1.414223
1.408510
1.402814
1.397136
1.391476
1.385832
1.380206
1.374597
1.369006
1.363431
1.357874
1.352334
1.346810
1.341304
1.335815
1.330342
1.324887
1.319448
1.314026
1.308621
1.303233
1.297861
1.292506
1.287168
1.281846
1.276541
1.271252
1.265980
1.260724
1.255485
1.250262
1.245055
1.239865
1.234690
1.229532
1.224390
1.219265
1.214155
1.209061
1.203984
1.198922
1.193876
1.188847
1.183833
1.178835
1.173852
1.168886
1.163935
1.159000
1.154081
1.149177
1.144289
1.139416
1.134559
1.129717
1.124891
1.120080
1.115284
1.110504
1.105739
1.100989
1.096255
1.091536
1.086832
1.082143
1.077469
1.072810
1.068166
1.063537
1.058923
1.054324
1.049739
1.045170
1.040615
1.036076
1.031550
1.027040
1.022544
1.018063
1.013596
1.009144
1.004707
1.000284
0.995875
0.991481
0.987101
0.982736
0.978385
0.974048
0.969725
0.965417
0.961122
0.956842
0.952576
0.948324
0.944086
0.939862
0.935652
0.931456
0.927274
0.923106
0.918952
0.914811
0.910684
0.906571
0.902472
0.898386
0.894314
0.890256
0.886211
0.882180
0.878162
0.874157
0.870167
0.866189
0.862225
0.858274
0.854337
0.850413
0.846502
0.842604
0.838720
0.834848
0.830990
0.827145
0.823313
0.819494
0.815688
0.811895
0.808115
0.804347
0.800593
0.796851
0.793123
0.789407
0.785704
0.782013
0.778335
0.774670
0.771018
0.767378
0.763750
0.760135
0.756533
0.752943
0.749366
0.745801
0.742248
0.738708
0.735180
0.731664
0.728161
0.724669
0.721190
0.717724
0.714269
0.710826
0.707396
0.703977
0.700571
0.697176
0.693794
0.690423
0.687064
0.683717
0.680382
0.677059
0.673747
0.670448
0.667160
0.663883
0.660619
0.657366
0.654124
0.650894
0.647676
0.644469
0.641274
0.638090
0.634918
0.631757
0.628607
0.625469
0.622342
0.619226
0.616122
0.613029
0.609947
0.606876
0.603816
0.600768
0.597730
0.594704
0.591689
0.588684
0.585691
0.582709
0.579737
0.576776
0.573827
0.570888
0.567960
0.565042
0.562136
0.559240
0.556355
0.553480
0.550617
0.547763
0.544921
0.542089
0.539267
0.536456
0.533656
0.530865
0.528086
0.525317
0.522558
0.519809
0.517071
0.514343
0.511625
0.508918
0.506221
0.503534
0.500857
0.498190
0.495534
0.492887
0.490251
0.487624
0.485008
0.482401
0.479805
0.477218
0.474642
0.472075
0.469518
0.466971
0.464433
0.461906
0.459388
0.456880
0.454381
0.451892
0.449413
0.446944
0.444484
0.442033
0.439593
0.437161
0.434739
0.432327
0.429924
0.427530
0.425146
0.422771
0.420406
0.418050
0.415703
0.413365
0.411036
0.408717
0.406407
0.404106
0.401814
0.399532
0.397258
0.394994
0.392738
0.390492
0.388254
0.386025
0.383806
0.381595
0.379393
0.377200
0.375016
0.372841
0.370674
0.368516
0.366367
0.364227
0.362095
0.359972
0.357857
0.355752
0.353654
0.351566
0.349486
0.347414
0.345351
0.343296
0.341250
0.339212
0.337183
0.335162
0.333149
0.331145
0.329149
0.327161
0.325182
0.323210
0.321247
0.319292
0.317346
0.315407
0.313476
0.311554
0.309640
0.307733
0.305835
0.303945
0.302062
0.300188
0.298321
0.296463
0.294612
0.292769
0.290934
0.289107
0.287287
0.285476
0.283672
0.281875
0.280087
0.278306
0.276533
0.274767
0.273009
0.271258
0.269515
0.267780
0.266052
0.264331
0.262618
0.260913
0.259215
0.257524
0.255840
0.254164
0.252496
0.250834
0.249180
0.247533
0.245893
0.244261
0.242636
0.241017
0.239406
0.237803
0.236206
0.234616
0.233033
0.231458
0.229889
0.228327
0.226773
0.225225
0.223684
0.222150
0.220623
0.219103
0.217589
0.216083
0.214583
0.213090
0.211604
0.210124
0.208651
0.207185
0.205726
0.204273
0.202826
0.201387
0.199954
0.198527
0.197107
0.195693
0.194286
0.192886
0.191491
0.190104
0.188722
0.187347
0.185979
0.184616
0.183260
0.181910
0.180567
0.179230
0.177899
0.176574
0.175255
0.173943
0.172637
0.171336
0.170042
0.168754
0.167472
0.166196
0.164926
0.163662
0.162404
0.161152
0.159906
0.158666
0.157432
0.156203
0.154981
0.153764
0.152553
0.151348
0.150148
0.148955
0.147767
0.146584
0.145408
0.144237
0.143072
0.141912
0.140758
0.139609
0.138467
0.137329
0.136197
0.135071
0.133950
0.132835
0.131725
0.130620
0.129521
0.128427
0.127339
0.126256
0.125178
0.124105
0.123038
0.121976
0.120919
0.119868
0.118822
0.117780
0.116745
0.115714
0.114688
0.113667
0.112652
0.111642
0.110636
0.109636
0.108640
0.107650
0.106665
0.105684
0.104709
0.103738
0.102772
0.101811
0.100855
0.099904
0.098958
0.098016
0.097079
0.096147
0.095220
0.094297
0.093380
0.092466
0.091558
0.090654
0.089755
0.088860
0.087970
0.087084
0.086203
0.085327
0.084455
0.083588
0.082725
0.081866
0.081012
0.080163
0.079318
0.078477
0.077640
0.076808
0.075980
0.075157
0.074338
0.073523
0.072713
0.071906
0.071104
0.070306
0.069512
0.068723
0.067938
0.067156
0.066379
0.065606
0.064837
0.064072
0.063312
0.062555
0.061802
0.061053
0.060309
0.059568
0.058831
0.058098
0.057369
0.056644
0.055923
0.055205
0.054492
0.053782
0.053076
0.052374
0.051676
0.050981
0.050291
0.049604
0.048920
0.048241
0.047565
0.046892
0.046224
0.045559
0.044897
0.044240
0.043585
0.042935
0.042288
0.041644
0.041004
0.040368
0.039735
0.039105
0.038479
0.037856
0.037237
0.036621
0.036009
0.035400
0.034794
0.034192
0.033593
0.032997
0.032404
0.031815
0.031229
0.030647
0.030067
0.029491
0.028918
0.028349
0.027782
0.027219
0.026659
0.026101
0.025547
0.024997
0.024449
0.023904
0.023362
0.022824
0.022288
0.021756
0.021226
0.020700
0.020176
0.019655
0.019138
0.018623
0.018111
0.017602
0.017096
0.016593
0.016093
0.015595
0.015101
0.014609
0.014120
0.013634
0.013150
0.012670
0.012192
0.011717
0.011244
0.010774
0.010307
0.009843
0.009381
0.008922
0.008466
0.008012
0.007561
0.007113
0.006667
0.006223
0.005783
0.005344
0.004909
0.004475
0.004045
0.003617
0.003191
0.002768
0.002347
0.001929
0.001513
0.001100
0.000689
0.000280
-0.000126
-0.000530
-0.000931
-0.001330
-0.001727
-0.002122
-0.002514
-0.002904
-0.003291
-0.003676
-0.004059
-0.004440
-0.004818
-0.005195
-0.005569
-0.005940
-0.006310
-0.006677
-0.007043
-0.007406
-0.007767
-0.008125
-0.008482
-0.008836
-0.009189
-0.009539
-0.009887
-0.010234
-0.010578
-0.010920
-0.011260
-0.011598
-0.011933
-0.012267
-0.012599
-0.012929
-0.013257
-0.013583
-0.013907
-0.014229
-0.014549
-0.014868
-0.015184
-0.015498
-0.015811
-0.016122
-0.016430
-0.016737
-0.017042
-0.017345
-0.017647
-0.017946
-0.018244
-0.018540
-0.018834
-0.019126
-0.019417
-0.019706
-0.019993
-0.020278
-0.020562
-0.020843
-0.021123
-0.021402
-0.021679
-0.021954
-0.022227
-0.022499
-0.022769
-0.023037
-0.023304
-0.023569
-0.023832
-0.024094
-0.024354
-0.024613
-0.024870
-0.025125
-0.025379
-0.025632
-0.025882
-0.026132
-0.026379
-0.026626
-0.026870
-0.027113
-0.027355
-0.027595
-0.027834
-0.028071
-0.028307
-0.028541
-0.028774
-0.029005
-0.029235
-0.029464
-0.029691
-0.029916
-0.030141
-0.030363
-0.030585
-0.030805
-0.031024
-0.031241
-0.031457
-0.031672
-0.031885
-0.032097
-0.032308
-0.032517
-0.032725
-0.032932
-0.033137
-0.033341
-0.033544
-0.033746
-0.033946
-0.034145
-0.034343
-0.034540
-0.034735
-0.034929
-0.035122
-0.035314
-0.035504
-0.035693
-0.035881
-0.036068
-0.036254
-0.036439
-0.036622
-0.036804
-0.036985
-0.037165
-0.037344
-0.037521
-0.037698
-0.037873
-0.038047
-0.038221
-0.038393
-0.038564
-0.038734
-0.038902
-0.039070
-0.039237
-0.039402
-0.039567
-0.039730
-0.039893
-0.040054
-0.040214
-0.040374
-0.040532
-0.040689
-0.040846
-0.041001
-0.041155
-0.041308
-0.041461
-0.041612
-0.041763
-0.041912
-0.042060
-0.042208
-0.042354
-0.042500
-0.042645
-0.042788
-0.042931
-0.043073
-0.043214
-0.043354
-0.043493
-0.043631
-0.043769
-0.043905
-0.044041
-0.044175
-0.044309
-0.044442
-0.044574
-0.044705
-0.044836
-0.044965
-0.045094
-0.045222
-0.045349
-0.045475
-0.045600
-0.045725
-0.045848
-0.045971
-0.046093
-0.046215
-0.046335
-0.046455
-0.046574
-0.046692
-0.046809
-0.046926
-0.047042
-0.047157
-0.047271
-0.047385
-0.047498
-0.047610
-0.047721
-0.047832
-0.047942
-0.048051
-0.048159
-0.048267
-0.048374
-0.048480
-0.048586
-0.048691
-0.048795
-0.048898
-0.049001
-0.049103
-0.049205
-0.049306
-0.049406
-0.049505
-0.049604
-0.049702
-0.049799
-0.049896
-0.049992
-0.050088
-0.050183
-0.050277
-0.050371
-0.050464
-0.050556
-0.050648
-0.050739
-0.050829
-0.050919
-0.051009
-0.051097
-0.051185
-0.051273
-0.051360
-0.051446
-0.051532
-0.051617
-0.051702
-0.051786
-0.051869
-0.051952
-0.052034
-0.052116
-0.052197
-0.052278
-0.052358
-0.052438
-0.052517
-0.052595
-0.052673
-0.052751
-0.052828
-0.052904
-0.052980
-0.053055
-0.053130
-0.053204
-0.053278
-0.053351
-0.053424
-0.053496
-0.053568
-0.053639
-0.053710
-0.053781
-0.053850
-0.053920
-0.053989
-0.054057
-0.054125
-0.054192
-0.054259
-0.054326
-0.054392
-0.054457
-0.054522
-0.054587
-0.054651
-0.054715
-0.054778
-0.054841
-0.054904
-0.054966
-0.055027
-0.055089
-0.055149
-0.055210
-0.055269
-0.055329
-0.055388
-0.055446
-0.055505
-0.055562
-0.055620
-0.055677
-0.055733
-0.055789
-0.055845
-0.055901
-0.055956
-0.056010
-0.056064
-0.056118
-0.056172
-0.056225
-0.056277
-0.056329
-0.056381
-0.056433
-0.056484
-0.056535
-0.056585
-0.056635
-0.056685
-0.056734
-0.056783
-0.056832
-0.056880
-0.056928
-0.056976
-0.057023
-0.057070
-0.057116
-0.057163
-0.057209
-0.057254
-0.057299
-0.057344
-0.057389
-0.057433
-0.057477
-0.057520
-0.057564
-0.057606
-0.057649
-0.057691
-0.057733
-0.057775
-0.057816
-0.057857
-0.057898
-0.057939
-0.057979
-0.058019
-0.058058
-0.058097
-0.058136
-0.058175
-0.058213
-0.058251
-0.058289
-0.058327
-0.058364
-0.058401
-0.058437
-0.058474
-0.058510
-0.058546
-0.058581
-0.058617
-0.058652
-0.058686
-0.058721
-0.058755
-0.058789
-0.058823
-0.058856
-0.058889
-0.058922
-0.058955
-0.058987
-0.059019
-0.059051
-0.059083
-0.059114
-0.059145
-0.059176
-0.059207
-0.059237
-0.059268
-0.059297
-0.059327
-0.059357
-0.059386
-0.059415
-0.059444
-0.059472
-0.059501
-0.059529
-0.059556
-0.059584
-0.059612
-0.059639
-0.059666
-0.059692
-0.059719
-0.059745
-0.059771
-0.059797
-0.059823
-0.059848
-0.059874
-0.059899
-0.059924
-0.059948
-0.059973
-0.059997
-0.060021
-0.060045
-0.060068
-0.060092
-0.060115
-0.060138
-0.060161
-0.060184
-0.060206
-0.060228
-0.060250
-0.060272
-0.060294
-0.060315
-0.060337
-0.060358
-0.060379
-0.060400
-0.060420
-0.060441
-0.060461
-0.060481
-0.060501
-0.060521
-0.060540
-0.060560
-0.060579
-0.060598
-0.060617
-0.060635
-0.060654
-0.060672
-0.060690
-0.060708
-0.060726
-0.060744
-0.060762
-0.060779
-0.060796
-0.060813
-0.060830
-0.060847
-0.060864
-0.060880
-0.060896
-0.060912
-0.060928
-0.060944
-0.060960
-0.060976
-0.060991
-0.061006
-0.061021
-0.061036
-0.061051
-0.061066
-0.061080
-0.061095
-0.061109
-0.061123
-0.061137
-0.061151
-0.061165
-0.061178
-0.061192
-0.061205
-0.061218
-0.061231
-0.061244
-0.061257
-0.061269
-0.061282
-0.061294
-0.061307
-0.061319
-0.061331
-0.061343
-0.061354
-0.061366
-0.061378
-0.061389
-0.061400
-0.061411
-0.061422
-0.061433
-0.061444
-0.061455
-0.061465
-0.061476
-0.061486
-0.061496
-0.061506
-0.061516
-0.061526
-0.061536
-0.061546
-0.061555
-0.061565
-0.061574
-0.061583
-0.061592
-0.061601
-0.061610
-0.061619
-0.061628
-0.061636
-0.061645
-0.061653
-0.061662
-0.061670
-0.061678
-0.061686
-0.061694
-0.061701
-0.061709
-0.061717
-0.061724
-0.061732
-0.061739
-0.061746
-0.061753
-0.061760
-0.061767
-0.061774
-0.061781
-0.061788
-0.061794
-0.061801
-0.061807
-0.061813
-0.061819
-0.061826
-0.061832
-0.061838
-0.061843
-0.061849
-0.061855
-0.061861
-0.061866
-0.061872
-0.061877
-0.061882
-0.061887
-0.061893
-0.061898
-0.061903
-0.061907
-0.061912
-0.061917
-0.061922
-0.061926
-0.061931
-0.061935
-0.061939
-0.061944
-0.061948
-0.061952
-0.061956
-0.061960
-0.061964
-0.061968
-0.061972
-0.061975
-0.061979
-0.061982
-0.061986
-0.061989
-0.061993
-0.061996
-0.061999
-0.062002
-0.062005
-0.062008
-0.062011
-0.062014
-0.062017
-0.062020
-0.062023
-0.062025
-0.062028
-0.062030
-0.062033
-0.062035
-0.062037
-0.062040
-0.062042
-0.062044
-0.062046
-0.062048
-0.062050
-0.062052
-0.062054
-0.062055
-0.062057
-0.062059
-0.062060
-0.062062
-0.062064
-0.062065
-0.062066
-0.062068
-0.062069
-0.062070
-0.062071
-0.062073
-0.062074
-0.062075
-0.062076
-0.062076
-0.062077
-0.062078
-0.062079
-0.062080
-0.062080
-0.062081
-0.062081
-0.062082
-0.062082
-0.062083
-0.062083
-0.062084
-0.062084
-0.062084
-0.062084
-0.062084
-0.062085
-0.062085
-0.062085
-0.062085
-0.062085
-0.062084
-0.062084
-0.062084
-0.062084
-0.062083
-0.062083
-0.062083
-0.062082
-0.062082
-0.062081
-0.062081
-0.062080
-0.062080
-0.062079
-0.062078
-0.062078
-0.062077
-0.062076
-0.062075
-0.062074
-0.062073
-0.062072
-0.062071
-0.062070
-0.062069
-0.062068
-0.062067
-0.062066
-0.062065
-0.062063
-0.062062
-0.062061
-0.062059
-0.062058
-0.062057
-0.062055
-0.062054
-0.062052
-0.062051
-0.062049
-0.062047
-0.062046
-0.062044
-0.062042
-0.062041
-0.062039
-0.062037
-0.062035
-0.062033
-0.062031
-0.062030
-0.062028
-0.062026
-0.062024
-0.062022
-0.062020
-0.062017
-0.062015
-0.062013
-0.062011
-0.062009
-0.062007
-0.062004
-0.062002
-0.062000
-0.061997
-0.061995
-0.061993
-0.061990
-0.061988
-0.061985
-0.061983
-0.061980
-0.061978
-0.061975
-0.061973
-0.061970
-0.061968
-0.061965
-0.061962
-0.061960
-0.061957
-0.061954
-0.061951
-0.061949
-0.061946
-0.061943
-0.061940
-0.061937
-0.061934
-0.061931
-0.061928
-0.061926
-0.061923
-0.061920
-0.061917
-0.061914
-0.061911
-0.061907
-0.061904
-0.061901
-0.061898
-0.061895
-0.061892
-0.061889
-0.061886
-0.061882
-0.061879
-0.061876
-0.061873
-0.061869
-0.061866
-0.061863
-0.061859
-0.061856
-0.061853
-0.061849
-0.061846
-0.061843
-0.061839
-0.061836
-0.061832
-0.061829
-0.061825
-0.061822
-0.061818
-0.061815
-0.061811
-0.061808
-0.061804
-0.061801
-0.061797
-0.061793
-0.061790
-0.061786
-0.061783
-0.061779
-0.061775
-0.061772
-0.061768
-0.061764
-0.061761
-0.061757
-0.061753
-0.061749
-0.061746
-0.061742
-0.061738
-0.061734
-0.061730
-0.061727
-0.061723
-0.061719
-0.061715
-0.061711
-0.061707
-0.061704
-0.061700
-0.061696
-0.061692
-0.061688
-0.061684
-0.061680
-0.061676
-0.061672
-0.061668
-0.061664
-0.061660
-0.061656
-0.061653
-0.061649
-0.061645
-0.061641
-0.061637
-0.061632
-0.061628
-0.061624
-0.061620
-0.061616
-0.061612
-0.061608
-0.061604
-0.061600
-0.061596
-0.061592
-0.061588
-0.061584
-0.061580
-0.061576
-0.061571
-0.061567
-0.061563
-0.061559
-0.061555
-0.061551
-0.061547
-0.061542
-0.061538
-0.061534
-0.061530
-0.061526
-0.061522
-0.061518
-0.061513
-0.061509
-0.061505
-0.061501
-0.061497
-0.061492
-0.061488
-0.061484
-0.061480
-0.061476
-0.061471
-0.061467
-0.061463
-0.061459
-0.061454
-0.061450
-0.061446
-0.061442
-0.061438
-0.061433
-0.061429
-0.061425
-0.061421
-0.061416
-0.061412
-0.061408
-0.061404
-0.061399
-0.061395
-0.061391
-0.061387
-0.061382
-0.061378
-0.061374
-0.061370
-0.061365
-0.061361
-0.061357
-0.061352
-0.061348
-0.061344
-0.061340
-0.061335
-0.061331
-0.061327
-0.061323
-0.061318
-0.061314
-0.061310
-0.061306
-0.061301
-0.061297
-0.061293
-0.061289
-0.061284
-0.061280
-0.061276
-0.061271
-0.061267
-0.061263
-0.061259
-0.061254
-0.061250
-0.061246
-0.061242
-0.061237
-0.061233
-0.061229
-0.061225
-0.061220
-0.061216
-0.061212
-0.061208
-0.061204
-0.061199
-0.061195
-0.061191
-0.061187
-0.061182
-0.061178
-0.061174
-0.061170
-0.061166
-0.061161
-0.061157
-0.061153
-0.061149
-0.061144
-0.061140
-0.061136
-0.061132
-0.061128
-0.061124
-0.061119
-0.061115
-0.061111
-0.061107
-0.061103
-0.061098
-0.061094
-0.061090
-0.061086
-0.061082
-0.061078
-0.061074
-0.061069
-0.061065
-0.061061
-0.061057
-0.061053
-0.061049
-0.061045
-0.061041
-0.061036
-0.061032
-0.061028
-0.061024
-0.061020
-0.061016
-0.061012
-0.061008
-0.061004
-0.061000
-0.060996
-0.060992
-0.060988
-0.060984
-0.060979
-0.060975
-0.060971
-0.060967
-0.060963
-0.060959
-0.060955
-0.060951
-0.060947
-0.060943
-0.060939
-0.060935
-0.060931
-0.060927
-0.060923
-0.060920
-0.060916
-0.060912
-0.060908
-0.060904
-0.060900
-0.060896
-0.060892
-0.060888
-0.060884
-0.060880
-0.060876
-0.060872
-0.060869
-0.060865
-0.060861
-0.060857
-0.060853
-0.060849
-0.060845
-0.060842
-0.060838
-0.060834
-0.060830
-0.060826
-0.060822
-0.060819
-0.060815
-0.060811
-0.060807
-0.060804
-0.060800
-0.060796
-0.060792
-0.060788
-0.060785
-0.060781
-0.060777
-0.060774
-0.060770
-0.060766
-0.060762
-0.060759
-0.060755
-0.060751
-0.060748
-0.060744
-0.060740
-0.060737
-0.060733
-0.060729
-0.060726
-0.060722
-0.060719
-0.060715
-0.060711
-0.060708
-0.060704
-0.060701
-0.060697
-0.060694
-0.060690
-0.060686
-0.060683
-0.060679
-0.060676
-0.060672
-0.060669
-0.060665
-0.060662
-0.060658
-0.060655
-0.060651
-0.060648
-0.060645
-0.060641
-0.060638
-0.060634
-0.060631
-0.060627
-0.060624
-0.060621
-0.060617
-0.060614
-0.060610
-0.060607
-0.060604
-0.060600
-0.060597
-0.060594
-0.060590
-0.060587
-0.060584
-0.060581
-0.060577
-0.060574
-0.060571
-0.060567
-0.060564
-0.060561
-0.060558
-0.060554
-0.060551
-0.060548
-0.060545
-0.060542
-0.060538
-0.060535
-0.060532
-0.060529
-0.060526
-0.060523
-0.060519
-0.060516
-0.060513
-0.060510
-0.060507
-0.060504
-0.060501
-0.060498
-0.060495
-0.060492
-0.060489
-0.060486
-0.060483
-0.060480
-0.060476
-0.060473
-0.060470
-0.060468
-0.060465
-0.060462
-0.060459
-0.060456
-0.060453
-0.060450
-0.060447
-0.060444
-0.060441
-0.060438
-0.060435
-0.060432
-0.060429
-0.060427
-0.060424
-0.060421
-0.060418
-0.060415
-0.060412
-0.060410
-0.060407
-0.060404
-0.060401
-0.060398
-0.060396
-0.060393
-0.060390
-0.060387
-0.060385
-0.060382
-0.060379
-0.060377
-0.060374
-0.060371
-0.060369
-0.060366
-0.060363
-0.060361
-0.060358
-0.060355
-0.060353
-0.060350
-0.060348
-0.060345
-0.060342
-0.060340
-0.060337
-0.060335
-0.060332
-0.060330
-0.060327
-0.060325
-0.060322
-0.060320
-0.060317
-0.060315
-0.060312
-0.060310
-0.060307
-0.060305
-0.060302
-0.060300
-0.060297
-0.060295
-0.060293
-0.060290
-0.060288
-0.060286
-0.060283
-0.060281
-0.060279
-0.060276
-0.060274
-0.060272
-0.060269
-0.060267
-0.060265
-0.060262
-0.060260
-0.060258
-0.060256
-0.060253
-0.060251
-0.060249
-0.060247
-0.060245
-0.060242
-0.060240
-0.060238
-0.060236
-0.060234
-0.060232
-0.060229
-0.060227
-0.060225
-0.060223
-0.060221
-0.060219
-0.060217
-0.060215
-0.060213
-0.060211
-0.060209
-0.060207
-0.060205
-0.060203
-0.060200
-0.060199
-0.060197
-0.060195
-0.060193
-0.060191
-0.060189
-0.060187
-0.060185
-0.060183
-0.060181
-0.060179
-0.060177
-0.060175
-0.060173
-0.060172
-0.060170
-0.060168
-0.060166
-0.060164
-0.060162
-0.060161
-0.060159
-0.060157
-0.060155
-0.060153
-0.060152
-0.060150
-0.060148
-0.060146
-0.060145
-0.060143
-0.060141
-0.060140
-0.060138
-0.060136
-0.060135
-0.060133
-0.060131
-0.060130
-0.060128
-0.060126
-0.060125
-0.060123
-0.060122
-0.060120
-0.060118
-0.060117
-0.060115
-0.060114
-0.060112
-0.060111
-0.060109
-0.060108
-0.060106
-0.060105
-0.060103
-0.060102
-0.060100
-0.060099
-0.060097
-0.060096
-0.060094
-0.060093
-0.060092
-0.060090
-0.060089
-0.060087
-0.060086
-0.060085
-0.060083
-0.060082
-0.060081
-0.060079
-0.060078
-0.060077
-0.060075
-0.060074
-0.060073
-0.060072
-0.060070
-0.060069
-0.060068
-0.060067
-0.060065
-0.060064
-0.060063
-0.060062
-0.060060
-0.060059
-0.060058
-0.060057
-0.060056
-0.060055
-0.060054
-0.060052
-0.060051
-0.060050
-0.060049
-0.060048
-0.060047
-0.060046
-0.060045
-0.060044
-0.060043
-0.060042
-0.060041
-0.060040
-0.060038
-0.060037
-0.060036
-0.060035
-0.060035
-0.060034
-0.060033
-0.060032
-0.060031
-0.060030
-0.060029
-0.060028
-0.060027
-0.060026
-0.060025
-0.060024
-0.060023
-0.060023
-0.060022
-0.060021
-0.060020
-0.060019
-0.060018
-0.060018
-0.060017
-0.060016
-0.060015
-0.060014
-0.060014
-0.060013
-0.060012
-0.060011
-0.060011
-0.060010
-0.060009
-0.060008
-0.060008
-0.060007
-0.060006
-0.060006
-0.060005
-0.060004
-0.060004
-0.060003
-0.060002
-0.060002
-0.060001
-0.060001
-0.060000
-0.059999
-0.059999
-0.059998
-0.059998
-0.059997
-0.059996
-0.059996
-0.059995
-0.059995
-0.059994
-0.059994
-0.059993
-0.059993
-0.059992
-0.059992
-0.059991
-0.059991
-0.059991
-0.059990
-0.059990
-0.059989
-0.059989
-0.059988
-0.059988
-0.059988
-0.059987
-0.059987
-0.059986
-0.059986
-0.059986
-0.059985
-0.059985
-0.059985
-0.059984
-0.059984
-0.059984
-0.059983
-0.059983
-0.059983
-0.059983
-0.059982
-0.059982
-0.059982
-0.059982
-0.059981
-0.059981
-0.059981
-0.059981
-0.059980
-0.059980
-0.059980
-0.059980
-0.059980
-0.059980
-0.059979
-0.059979
-0.059979
-0.059979
-0.059979
-0.059979
-0.059979
-0.059979
-0.059978
-0.059978
-0.059978
-0.059978
-0.059978
-0.059978
-0.059978
-0.059978
-0.059978
-0.059978
-0.059978
-0.059978
-0.059978
-0.059978
-0.059978
-0.059978
-0.059978
-0.059978
-0.059978
-0.059978
-0.059978
-0.059978
-0.059978
-0.059978
-0.059978
-0.059979
-0.059979
-0.059979
-0.059979
-0.059979
-0.059979
-0.059979
-0.059979
-0.059980
-0.059980
-0.059980
-0.059980
-0.059980
-0.059980
-0.059981
-0.059981
-0.059981
-0.059981
-0.059981
-0.059982
-0.059982
-0.059982
-0.059982
-0.059983
-0.059983
-0.059983
-0.059983
-0.059984
-0.059984
-0.059984
-0.059985
-0.059985
-0.059985
-0.059986
-0.059986
-0.059986
-0.059987
-0.059987
-0.059987
-0.059988
-0.059988
-0.059989
-0.059989
-0.059989
-0.059990
-0.059990
-0.059991
-0.059991
-0.059991
-0.059992
-0.059992
-0.059993
-0.059993
-0.059994
-0.059994
-0.059995
-0.059995
-0.059996
-0.059996
-0.059997
-0.059997
-0.059998
-0.059998
-0.059999
-0.059999
-0.060000
-0.060000
-0.060001
-0.060002
-0.060002
-0.060003
-0.060003
-0.060004
-0.060005
-0.060005
-0.060006
-0.060006
-0.060007
-0.060008
-0.060008
-0.060009

