0.000000
0.000000
-0.000006
-0.000014
-0.000023
-0.000034
-0.000045
-0.000058
-0.000070
-0.000084
-0.000097
-0.000111
-0.000125
-0.000140
-0.000155
-0.000170
-0.000185
-0.000201
-0.000217
-0.000233
-0.000249
-0.000266
-0.000282
-0.000299
-0.000316
-0.000333
-0.000351
-0.000368
-0.000386
-0.000404
-0.000422
-0.000440
-0.000459
-0.000477
-0.000496
-0.000515
-0.000534
-0.000553
-0.000572
-0.000591
-0.000611
-0.000631
-0.000651
-0.000670
-0.000691
-0.000711
-0.000731
-0.000751
-0.000772
-0.000793
-0.000813
-0.000834
-0.000855
-0.000876
-0.000898
-0.000919
-0.000940
-0.000962
-0.000984
-0.001005
-0.001027
-0.001049
-0.001071
-0.001093
-0.001115
-0.001138
-0.001160
-0.001183
-0.001205
-0.001228
-0.001251
-0.001273
-0.001296
-0.001319
-0.001342
-0.001366
-0.001389
-0.001412
-0.001435
-0.001459
-0.001482
-0.001506
-0.001530
-0.001553
-0.001577
-0.001601
-0.001625
-0.001649
-0.001673
-0.001697
-0.001722
-0.001746
-0.001770
-0.001795
-0.001819
-0.001844
-0.001868
-0.001893
-0.001918
-0.001942
-0.001967
-0.001992
-0.002017
-0.002042
-0.002067
-0.002092
-0.002118
-0.002143
-0.002168
-0.002193
-0.002219
-0.002244
-0.002270
-0.002295
-0.002321
-0.002346
-0.002372
-0.002398
-0.002424
-0.002449
-0.002475
-0.002501
-0.002527
-0.002553
-0.002579
-0.002605
-0.002631
-0.002658
-0.002684
-0.002710
-0.002736
-0.002763
-0.002789
-0.002815
-0.002842
-0.002868
-0.002895
-0.002921
-0.002948
-0.002975
-0.003001
-0.003028
-0.003055
-0.003082
-0.003108
-0.003135
-0.003162
-0.003189
-0.003216
-0.003243
-0.003270
-0.003297
-0.003324
-0.003351
-0.003379
-0.003406
-0.003433
-0.003460
-0.003487
-0.003515
-0.003542
-0.003569
-0.003597
-0.003624
-0.003652
-0.003679
-0.003707
-0.003734
-0.003762
-0.003789
-0.003817
-0.003845
-0.003872
-0.003900
-0.003928
-0.003955
-0.003983
-0.004011
-0.004039
-0.004067
-0.004094
-0.004122
-0.004150
-0.004178
-0.004206
-0.004234
-0.004262
-0.004290
-0.004318
-0.004346
-0.004374
-0.004402
-0.004430
-0.004459
-0.004487
-0.004515
-0.004543
-0.004571
-0.004599
-0.004628
-0.004656
-0.004684
-0.004713
-0.004741
-0.004769
-0.004798
-0.004826
-0.004854
-0.004883
-0.004911
-0.004940
-0.004968
-0.004997
-0.005025
-0.005054
-0.005082
-0.005111
-0.005139
-0.005168
-0.005197
-0.005225
-0.005254
-0.005282
-0.005311
-0.005340
-0.005368
-0.005397
-0.005426
-0.005455
-0.005483
-0.005512
-0.005541
-0.005570
-0.005598
-0.005627
-0.005656
-0.005685
-0.005714
-0.005743
-0.005771
-0.005800
-0.005829
-0.005858
-0.005887
-0.005916
-0.005945
-0.005974
-0.006003
-0.006032
-0.006061
-0.006090
-0.006119
-0.006148
-0.006177
-0.006206
-0.006235
-0.006264
-0.006293
-0.006322
-0.006351
-0.006380
-0.006409
-0.006438
-0.006467
-0.006496
-0.006525
-0.006555
-0.006584
-0.006613
-0.006642
-0.006671
-0.006700
-0.006729
-0.006759
-0.006788
-0.006817
-0.006846
-0.006875
-0.006905
-0.006934
-0.006963
-0.006992
-0.007022
-0.007051
-0.007080
-0.007109
-0.007139
-0.007168
-0.007197
-0.007226
-0.007256
-0.007285
-0.007314
-0.007344
-0.007373
-0.007402
-0.007432
-0.007461
-0.007490
-0.007520
-0.007549
-0.007578
-0.007608
-0.007637
-0.007666
-0.007696
-0.007725
-0.007754
-0.007784
-0.007813
-0.007842
-0.007872
-0.007901
-0.007931
-0.007960
-0.007989
-0.008019
-0.008048
-0.008078
-0.008107
-0.008136
-0.008166
-0.008195
-0.008225
-0.008254
-0.008283
-0.008313
-0.008342
-0.008372
-0.008401
-0.008431
-0.008460
-0.008489
-0.008519
-0.008548
-0.008578
-0.008607
-0.008637
-0.008666
-0.008695
-0.008725
-0.008754
-0.008784
-0.008813
-0.008843
-0.008872
-0.008902
-0.008931
-0.008960
-0.008990
-0.009019
-0.009049
-0.009078
-0.009108
-0.009137
-0.009167
-0.009196
-0.009225
-0.009255
-0.009284
-0.009314
-0.009343
-0.009373
-0.009402
-0.009432
-0.009461
-0.009490
-0.009520
-0.009549
-0.009579
-0.009608
-0.009638
-0.009667
-0.009696
-0.009726
-0.009755
-0.009785
-0.009814
-0.009844
-0.009873
-0.009902
-0.009932
-0.009961
-0.009991
-0.010020
-0.010050
-0.010079
-0.010108
-0.010138
-0.010167
-0.010197
-0.010226
-0.010255
-0.010285
-0.010314
-0.010344
-0.010373
-0.010402
-0.010432
-0.010461
-0.010490
-0.010520
-0.010549
-0.010579
-0.010608
-0.010637
-0.010667
-0.010696
-0.010725
-0.010755
-0.010784
-0.010813
-0.010843
-0.010872
-0.010901
-0.010931
-0.010960
-0.010989
-0.011019
-0.011048
-0.011077
-0.011107
-0.011136
-0.011165
-0.011195
-0.011224
-0.011253
-0.011282
-0.011312
-0.011341
-0.011370
-0.011400
-0.011429
-0.011458
-0.011487
-0.011517
-0.011546
-0.011575
-0.011604
-0.011634
-0.011663
-0.011692
-0.011721
-0.011750
-0.011780
-0.011809
-0.011838
-0.011867
-0.011896
-0.011926
-0.011955
-0.011984
-0.012013
-0.012042
-0.012071
-0.012101
-0.012130
-0.012159
-0.012188
-0.012217
-0.012246
-0.012275
-0.012304
-0.012334
-0.012363
-0.012392
-0.012421
-0.012450
-0.012479
-0.012508
-0.012537
-0.012566
-0.012595
-0.012624
-0.012653
-0.012682
-0.012711
-0.012740
-0.012769
-0.012798
-0.012827
-0.012856
-0.012885
-0.012914
-0.012943
-0.012972
-0.013001
-0.013030
-0.013059
-0.013088
-0.013117
-0.013146
-0.013175
-0.013204
-0.013233
-0.013262
-0.013291
-0.013320
-0.013348
-0.013377
-0.013406
-0.013435
-0.013150
-0.011956
-0.009172
-0.004400
0.002425
0.011144
0.021495
0.033181
0.045916
0.059436
0.073512
0.087944
0.102564
0.117232
0.131834
0.146280
0.160496
0.174428
0.188033
0.201279
0.214143
0.226612
0.238676
0.250330
0.261576
0.272415
0.282853
0.292897
0.302556
0.311840
0.321049
0.330752
0.341602
0.353993
0.368007
0.383515
0.400285
0.418054
0.436560
0.455570
0.474874
0.494292
0.513672
0.532890
0.551845
0.570458
0.588665
0.606421
0.623691
0.640451
0.656685
0.672384
0.687545
0.702169
0.716260
0.729825
0.742875
0.755419
0.767471
0.779042
0.790425
0.802168
0.814909
0.829040
0.844656
0.861642
0.879782
0.898825
0.918523
0.938650
0.959005
0.979413
0.999727
1.019826
1.039611
1.059005
1.077947
1.096392
1.114307
1.131667
1.148459
1.164675
1.180310
1.195368
1.209854
1.223774
1.237140
1.249962
1.262254
1.274029
1.285569
1.297411
1.310180
1.324271
1.339789
1.356629
1.374588
1.393422
1.412889
1.432769
1.452863
1.472999
1.493029
1.512833
1.532312
1.551388
1.569999
1.588100
1.605657
1.622646
1.639051
1.654863
1.670081
1.684704
1.698738
1.712191
1.725073
1.737394
1.749169
1.760410
1.771392
1.782641
1.794774
1.808190
1.823001
1.839116
1.856339
1.874433
1.893162
1.912307
1.931671
1.951083
1.970395
1.989484
2.008251
2.026617
2.044518
2.061907
2.078749
2.095018
2.110699
2.125781
2.140261
2.154140
2.167422
2.180115
2.192227
2.203771
2.214759
2.225204
2.235375
2.245787
2.257052
2.269572
2.283469
2.298661
2.314961
2.332138
2.349962
2.368214
2.386700
2.405247
2.423706
2.441954
2.459889
2.477429
2.494510
2.511082
2.527108
2.542561
2.557424
2.571686
2.585342
2.598392
2.610841
2.622694
2.633961
2.644654
2.654784
2.664366
2.673414
2.681942
2.689966
2.697501
2.704561
2.711162
2.717318
2.723045
2.728356
2.733264
2.737785
2.741930
2.745712
2.749144
2.752237
2.755003
2.757453
2.759597
2.761447
2.763011
2.764300
2.765323
2.766088
2.766605
2.766881
2.766925
2.766744
2.766346
2.765738
2.764927
2.763919
2.762722
2.761341
2.759782
2.758051
2.756155
2.754097
2.751885
2.749522
2.747013
2.744364
2.741579
2.738662
2.735618
2.732451
2.729165
2.725765
2.722252
2.718632
2.714909
2.711084
2.707163
2.703147
2.699041
2.694847
2.690568
2.686207
2.681767
2.677250
2.672660
2.667998
2.663268
2.658471
2.653609
2.648686
2.643703
2.638663
2.633567
2.628417
2.623216
2.617965
2.612666
2.607321
2.601931
2.596499
2.591025
2.585512
2.579960
2.574372
2.568749
2.563092
2.557402
2.551681
2.545931
2.540152
2.534345
2.528512
2.522654
2.516772
2.510867
2.504940
2.498992
2.493024
2.487037
2.481031
2.475009
2.468971
2.462916
2.456848
2.450765
2.444669
2.438561
2.432441
2.426311
2.420170
2.414019
2.407860
2.401692
2.395517
2.389334
2.383145
2.376950
2.370750
2.364544
2.358335
2.352121
2.345904
2.339684
2.333462
2.327238
2.321012
2.314785
2.308557
2.302328
2.296100
2.289872
2.283645
2.277418
2.271194
2.264971
2.258750
2.252531
2.246315
2.240102
2.233892
2.227686
2.221484
2.215285
2.209091
2.202902
2.196717
2.190537
2.184362
2.178193
2.172030
2.165872
2.159721
2.153576
2.147437
2.141305
2.135179
2.129061
2.122950
2.116846
2.110749
2.104660
2.098579
2.092506
2.086441
2.080384
2.074335
2.068295
2.062263
2.056240
2.050225
2.044220
2.038223
2.032236
2.026258
2.020289
2.014329
2.008379
2.002438
1.996508
1.990586
1.984675
1.978774
1.972882
1.967001
1.961129
1.955268
1.949417
1.943577
1.937746
1.931927
1.926117
1.920319
1.914530
1.908753
1.902986
1.897230
1.891484
1.885750
1.880026
1.874314
1.868612
1.862921
1.857241
1.851573
1.845915
1.840268
1.834633
1.829009
1.823396
1.817794
1.812204
1.806625
1.801057
1.795501
1.789956
1.784422
1.778900
1.773389
1.767890
1.762402
1.756926
1.751461
1.746007
1.740566
1.735135
1.729716
1.724309
1.718914
1.713530
1.708157
1.702796
1.697447
1.692109
1.686783
1.681469
1.676166
1.670875
1.665596
1.660328
1.655072
1.649827
1.644594
1.639373
1.634164
1.628966
1.623779
1.618605
1.613442
1.608291
1.603151
1.598023
1.592907
1.587802
1.582709
1.577628
1.572558
1.567500
1.562453
1.557418
1.552395
1.547384
1.542384
1.537395
1.532418
1.527453
1.522500
1.517558
1.512627
1.507708
1.502801
1.497905
1.493020
1.488148
1.483286
1.478437
1.473598
1.468771
1.463956
1.459152
1.454360
1.449579
1.444810
1.440052
1.435305
1.430570
1.425846
1.421133
1.416432
1.411743
1.407064
1.402397
1.397741
1.393097
1.388464
1.383842
1.379232
1.374632
1.370044
1.365467
1.360902
1.356347
1.351804
1.347272
1.342751
1.338241
1.333743
1.329256
1.324779
1.320314
1.315860
1.311417
1.306985
1.302564
1.298154
1.293755
1.289367
1.284990
1.280624
1.276269
1.271925
1.267592
1.263269
1.258958
1.254657
1.250368
1.246089
1.241821
1.237563
1.233317
1.229081
1.224857
1.220642
1.216439
1.212246
1.208064
1.203893
1.199732
1.195582
1.191443
1.187314
1.183196
1.179089
1.174992
1.170905
1.166829
1.162764
1.158709
1.154665
1.150631
1.146608
1.142595
1.138592
1.134600
1.130618
1.126647
1.122685
1.118735
1.114794
1.110864
1.106944
1.103035
1.099135
1.095246
1.091367
1.087498
1.083640
1.079792
1.075953
1.072125
1.068307
1.064500
1.060702
1.056914
1.053136
1.049369
1.045611
1.041863
1.038126
1.034398
1.030680
1.026972
1.023274
1.019586
1.015908
1.012240
1.008581
1.004933
1.001294
0.997664
0.994045
0.990435
0.986836
0.983245
0.979665
0.976094
0.972533
0.968981
0.965439
0.961907
0.958384
0.954871
0.951368
0.947874
0.944389
0.940914
0.937448
0.933992
0.930546
0.927108
0.923681
0.920262
0.916853
0.913454
0.910063
0.906682
0.903311
0.899948
0.896595
0.893251
0.889916
0.886591
0.883275
0.879968
0.876670
0.873381
0.870101
0.866831
0.863570
0.860317
0.857074
0.853840
0.850614
0.847398
0.844191
0.840993
0.837803
0.834623
0.831451
0.828289
0.825135
0.821990
0.818854
0.815727
0.812609
0.809499
0.806399
0.803307
0.800224
0.797149
0.794083
0.791026
0.787978
0.784938
0.781907
0.778884
0.775870
0.772865
0.769868
0.766880
0.763900
0.760929
0.757967
0.755012
0.752067
0.749130
0.746201
0.743280
0.740368
0.737465
0.734569
0.731682
0.728804
0.725933
0.723071
0.720218
0.717372
0.714535
0.711706
0.708885
0.706072
0.703268
0.700472
0.697683
0.694903
0.692131
0.689368
0.686612
0.683864
0.681124
0.678393
0.675669
0.672953
0.670246
0.667546
0.664854
0.662170
0.659494
0.656826
0.654166
0.651514
0.648869
0.646232
0.643604
0.640982
0.638369
0.635763
0.633166
0.630575
0.627993
0.625418
0.622851
0.620292
0.617740
0.615196
0.612659
0.610130
0.607609
0.605095
0.602588
0.600090
0.597598
0.595114
0.592638
0.590169
0.587708
0.585254
0.582807
0.580368
0.577936
0.575511
0.573094
0.570684
0.568282
0.565886
0.563498
0.561118
0.558744
0.556378
0.554019
0.551667
0.549323
0.546985
0.544655
0.542332
0.540016
0.537707
0.535405
0.533110
0.530822
0.528542
0.526268
0.524001
0.521742
0.519489
0.517243
0.515005
0.512773
0.510548
0.508330
0.506119
0.503915
0.501717
0.499527
0.497343
0.495166
0.492996
0.490832
0.488676
0.486526
0.484383
0.482246
0.480117
0.477994
0.475877
0.473767
0.471664
0.469568
0.467478
0.465395
0.463318
0.461248
0.459184
0.457127
0.455077
0.453033
0.450995
0.448964
0.446940
0.444922
0.442910
0.440905
0.438906
0.436913
0.434927
0.432947
0.430974
0.429007
0.427046
0.425091
0.423143
0.421201
0.419266
0.417336
0.415413
0.413496
0.411585
0.409681
0.407782
0.405890
0.404004
0.402124
0.400250
0.398382
0.396520
0.394664
0.392815
0.390971
0.389134
0.387302
0.385477
0.383657
0.381844
0.380036
0.378234
0.376439
0.374649
0.372865
0.371087
0.369314
0.367548
0.365788
0.364033
0.362284
0.360541
0.358804
0.357072
0.355347
0.353627
0.351913
0.350204
0.348501
0.346804
0.345113
0.343427
0.341747
0.340072
0.338404
0.336740
0.335083
0.333431
0.331784
0.330143
0.328508
0.326878
0.325254
0.323635
0.322022
0.320414
0.318812
0.317215
0.315623
0.314037
0.312456
0.310881
0.309311
0.307747
0.306188
0.304634
0.303086
0.301543
0.300005
0.298472
0.296945
0.295423
0.293906
0.292395
0.290889
0.289388
0.287892
0.286401
0.284916
0.283436
0.281961
0.280491
0.279026
0.277567
0.276112
0.274663
0.273218
0.271779
0.270345
0.268915
0.267491
0.266072
0.264658
0.263249
0.261845
0.260446
0.259051
0.257662
0.256278
0.254898
0.253524
0.252154
0.250789
0.249430
0.248075
0.246724
0.245379
0.244039
0.242703
0.241372
0.240046
0.238725
0.237408
0.236096
0.234789
0.233487
0.232189
0.230896
0.229608
0.228325
0.227046
0.225771
0.224502
0.223237
0.221977
0.220721
0.219470
0.218223
0.216981
0.215744
0.214511
0.213283
0.212059
0.210840
0.209625
0.208415
0.207209
0.206008
0.204811
0.203619
0.202431
0.201247
0.200068
0.198893
0.197723
0.196557
0.195395
0.194238
0.193085
0.191937
0.190793
0.189653
0.188517
0.187386
0.186259
0.185136
0.184017
0.182903
0.181793
0.180687
0.179586
0.178488
0.177395
0.176306
0.175221
0.174140
0.173064
0.171991
0.170923
0.169859
0.168798
0.167742
0.166690
0.165643
0.164599
0.163559
0.162523
0.161491
0.160464
0.159440
0.158420
0.157404
0.156393
0.155385
0.154381
0.153381
0.152385
0.151393
0.150405
0.149420
0.148440
0.147463
0.146491
0.145522
0.144557
0.143596
0.142638
0.141685
0.140735
0.139789
0.138847
0.137909
0.136974
0.136043
0.135116
0.134193
0.133273
0.132357
0.131445
0.130536
0.129631
0.128730
0.127832
0.126938
0.126048
0.125161
0.124278
0.123398
0.122522
0.121650
0.120781
0.119916
0.119054
0.118196
0.117341
0.116490
0.115643
0.114799
0.113958
0.113121
0.112287
0.111457
0.110630
0.109807
0.108987
0.108170
0.107357
0.106548
0.105741
0.104938
0.104139
0.103343
0.102550
0.101760
0.100974
0.100191
0.099412
0.098635
0.097862
0.097093
0.096326
0.095563
0.094803
0.094046
0.093293
0.092543
0.091796
0.091052
0.090311
0.089574
0.088839
0.088108
0.087380
0.086655
0.085933
0.085215
0.084499
0.083787
0.083078
0.082371
0.081668
0.080968
0.080271
0.079577
0.078886
0.078198
0.077513
0.076831
0.076152
0.075476
0.074803
0.074133
0.073466
0.072802
0.072141
0.071482
0.070827
0.070175
0.069525
0.068878
0.068235
0.067594
0.066956
0.066320
0.065688
0.065059
0.064432
0.063808
0.063187
0.062569
0.061953
0.061340
0.060730
0.060123
0.059519
0.058917
0.058318
0.057722
0.057128
0.056537
0.055949
0.055364
0.054781
0.054201
0.053623
0.053049
0.052476
0.051907
0.051340
0.050775
0.050214
0.049655
0.049098
0.048544
0.047993
0.047444
0.046898
0.046354
0.045812
0.045274
0.044738
0.044204
0.043673
0.043144
0.042618
0.042094
0.041573
0.041054
0.040537
0.040023
0.039512
0.039002
0.038496
0.037991
0.037489
0.036990
0.036492
0.035998
0.035505
0.035015
0.034527
0.034042
0.033558
0.033077
0.032599
0.032123
0.031649
0.031177
0.030707
0.030240
0.029775
0.029313
0.028852
0.028394
0.027938
0.027484
0.027032
0.026583
0.026136
0.025690
0.025248
0.024807
0.024368
0.023932
0.023497
0.023065
0.022635
0.022207
0.021781
0.021357
0.020935
0.020516
0.020098
0.019683
0.019269
0.018858
0.018448
0.018041
0.017636
0.017232
0.016831
0.016431
0.016034
0.015639
0.015245
0.014854
0.014464
0.014077
0.013691
0.013307
0.012925
0.012546
0.012168
0.011792
0.011417
0.011045
0.010675
0.010306
0.009939
0.009574
0.009211
0.008850
0.008491
0.008133
0.007778
0.007424
0.007072
0.006721
0.006373
0.006026
0.005681
0.005338
0.004996
0.004657
0.004319
0.003982
0.003648
0.003315
0.002984
0.002654
0.002327
0.002001
0.001676
0.001354
0.001032
0.000713
0.000395
0.000079
-0.000235
-0.000548
-0.000859
-0.001169
-0.001477
-0.001783
-0.002088
-0.002391
-0.002693
-0.002993
-0.003291
-0.003588
-0.003884
-0.004177
-0.004470
-0.004761
-0.005050
-0.005338
-0.005624
-0.005909
-0.006192
-0.006474
-0.006754
-0.007033
-0.007310
-0.007586
-0.007860
-0.008133
-0.008405
-0.008675
-0.008943
-0.009211
-0.009476
-0.009741
-0.010004
-0.010265
-0.010526
-0.010784
-0.011042
-0.011298
-0.011553
-0.011806
-0.012058
-0.012309
-0.012558
-0.012806
-0.013053
-0.013298
-0.013542
-0.013785
-0.014026
-0.014267
-0.014505
-0.014743
-0.014979
-0.015214
-0.015448
-0.015681
-0.015912
-0.016142
-0.016371
-0.016598
-0.016825
-0.017050
-0.017274
-0.017496
-0.017718
-0.017938
-0.018157
-0.018375
-0.018592
-0.018807
-0.019021
-0.019235
-0.019447
-0.019658
-0.019867
-0.020076
-0.020283
-0.020490
-0.020695
-0.020899
-0.021102
-0.021304
-0.021505
-0.021704
-0.021903
-0.022100
-0.022297
-0.022492
-0.022686
-0.022880
-0.023072
-0.023263
-0.023453
-0.023642
-0.023830
-0.024017
-0.024203
-0.024387
-0.024571
-0.024754
-0.024936
-0.025117
-0.025297
-0.025476
-0.025653
-0.025830
-0.026006
-0.026181
-0.026355
-0.026528
-0.026700
-0.026871
-0.027041
-0.027211
-0.027379
-0.027546
-0.027713
-0.027878
-0.028043
-0.028206
-0.028369
-0.028531
-0.028692
-0.028852
-0.029011
-0.029169
-0.029327
-0.029483
-0.029639
-0.029794
-0.029948
-0.030101
-0.030253
-0.030404
-0.030555
-0.030704
-0.030853
-0.031001
-0.031148
-0.031295
-0.031440
-0.031585
-0.031729
-0.031872
-0.032014
-0.032156
-0.032296
-0.032436
-0.032575
-0.032714
-0.032851
-0.032988
-0.033124
-0.033259
-0.033394
-0.033528
-0.033661
-0.033793
-0.033924
-0.034055
-0.034185
-0.034315
-0.034443
-0.034571
-0.034698
-0.034825
-0.034950
-0.035075
-0.035200
-0.035323
-0.035446
-0.035568
-0.035690
-0.035811
-0.035931
-0.036050
-0.036169
-0.036287
-0.036404
-0.036521
-0.036637
-0.036753
-0.036868
-0.036982
-0.037095
-0.037208
-0.037320
-0.037432
-0.037543
-0.037653
-0.037763
-0.037872
-0.037980
-0.038088
-0.038196
-0.038302
-0.038408
-0.038514
-0.038618
-0.038723
-0.038826
-0.038929
-0.039032
-0.039134
-0.039235
-0.039336
-0.039436
-0.039535
-0.039634
-0.039733
-0.039831
-0.039928
-0.040025
-0.040121
-0.040217
-0.040312
-0.040406
-0.040500
-0.040594
-0.040687
-0.040779
-0.040871
-0.040963
-0.041053
-0.041144
-0.041234
-0.041323
-0.041412
-0.041500
-0.041588
-0.041675
-0.041762
-0.041848
-0.041934
-0.042019
-0.042104
-0.042189
-0.042272
-0.042356
-0.042439
-0.042521
-0.042603
-0.042685
-0.042766
-0.042846
-0.042926
-0.043006
-0.043085
-0.043164
-0.043242
-0.043320
-0.043397
-0.043474
-0.043551
-0.043627
-0.043703
-0.043778
-0.043853
-0.043927
-0.044001
-0.044074
-0.044147
-0.044220
-0.044292
-0.044364
-0.044435
-0.044506
-0.044577
-0.044647
-0.044717
-0.044786
-0.044855
-0.044924
-0.044992
-0.045060
-0.045127
-0.045194
-0.045261
-0.045327
-0.045393
-0.045458
-0.045524
-0.045588
-0.045653
-0.045717
-0.045780
-0.045844
-0.045907
-0.045969
-0.046031
-0.046093
-0.046154
-0.046216
-0.046276
-0.046337
-0.046397
-0.046457
-0.046516
-0.046575
-0.046634
-0.046692
-0.046750
-0.046808
-0.046865
-0.046922
-0.046979
-0.047035
-0.047091
-0.047147
-0.047202
-0.047257
-0.047312
-0.047367
-0.047421
-0.047475
-0.047528
-0.047581
-0.047634
-0.047687
-0.047739
-0.047791
-0.047843
-0.047894
-0.047945
-0.047996
-0.048046
-0.048097
-0.048147
-0.048196
-0.048246
-0.048295
-0.048343
-0.048392
-0.048440
-0.048488
-0.048536
-0.048583
-0.048630
-0.048677
-0.048724
-0.048770
-0.048816
-0.048862
-0.048907
-0.048952
-0.048997
-0.049042
-0.049087
-0.049131
-0.049175
-0.049219
-0.049262
-0.049305
-0.049348
-0.049391
-0.049433
-0.049475
-0.049517
-0.049559
-0.049601
-0.049642
-0.049683
-0.049724
-0.049764
-0.049804
-0.049845
-0.049884
-0.049924
-0.049963
-0.050003
-0.050041
-0.050080
-0.050119
-0.050157
-0.050195
-0.050233
-0.050270
-0.050308
-0.050345
-0.050382
-0.050418
-0.050455
-0.050491
-0.050527
-0.050563
-0.050599
-0.050634
-0.050670
-0.050705
-0.050740
-0.050774
-0.050809
-0.050843
-0.050877
-0.050911
-0.050945
-0.050978
-0.051011
-0.051044
-0.051077
-0.051110
-0.051143
-0.051175
-0.051207
-0.051239
-0.051271
-0.051302
-0.051334
-0.051365
-0.051396
-0.051427
-0.051458
-0.051488
-0.051518
-0.051549
-0.051579
-0.051608
-0.051638
-0.051667
-0.051697
-0.051726
-0.051755
-0.051784
-0.051812
-0.051841
-0.051869
-0.051897
-0.051925
-0.051953
-0.051981
-0.052008
-0.052035
-0.052062
-0.052090
-0.052116
-0.052143
-0.052170
-0.052196
-0.052222
-0.052248
-0.052274
-0.052300
-0.052326
-0.052351
-0.052376
-0.052402
-0.052427
-0.052452
-0.052476
-0.052501
-0.052525
-0.052550
-0.052574
-0.052598
-0.052622
-0.052646
-0.052669
-0.052693
-0.052716
-0.052739
-0.052763
-0.052786
-0.052808
-0.052831
-0.052854
-0.052876
-0.052898
-0.052921
-0.052943
-0.052964
-0.052986
-0.053008
-0.053030
-0.053051
-0.053072
-0.053093
-0.053114
-0.053135
-0.053156
-0.053177
-0.053197
-0.053218
-0.053238
-0.053258
-0.053279
-0.053298
-0.053318
-0.053338
-0.053358
-0.053377
-0.053397
-0.053416
-0.053435
-0.053454
-0.053473
-0.053492
-0.053511
-0.053529
-0.053548
-0.053566
-0.053585
-0.053603
-0.053621
-0.053639
-0.053657
-0.053675
-0.053692
-0.053710
-0.053727
-0.053745
-0.053762
-0.053779
-0.053796
-0.053813
-0.053830
-0.053847
-0.053864
-0.053880
-0.053897
-0.053913
-0.053930
-0.053946
-0.053962
-0.053978
-0.053994
-0.054010
-0.054026
-0.054041
-0.054057
-0.054072
-0.054088
-0.054103
-0.054118
-0.054133
-0.054148
-0.054163
-0.054178
-0.054193
-0.054208
-0.054222
-0.054237
-0.054251
-0.054266
-0.054280
-0.054294
-0.054308
-0.054322
-0.054336
-0.054350
-0.054364
-0.054378
-0.054392
-0.054405
-0.054419
-0.054432
-0.054445
-0.054459
-0.054472
-0.054485
-0.054498
-0.054511
-0.054524
-0.054537
-0.054549
-0.054562
-0.054575
-0.054587
-0.054600
-0.054612
-0.054624
-0.054636
-0.054649
-0.054661
-0.054673
-0.054685
-0.054697
-0.054708
-0.054720
-0.054732
-0.054744
-0.054755
-0.054767
-0.054778
-0.054789
-0.054801
-0.054812
-0.054823
-0.054834
-0.054845
-0.054856
-0.054867
-0.054878
-0.054889
-0.054900
-0.054910
-0.054921
-0.054931
-0.054942
-0.054952
-0.054963
-0.054973
-0.054983
-0.054993
-0.055004
-0.055014
-0.055024
-0.055034
-0.055044
-0.055053
-0.055063
-0.055073
-0.055083
-0.055092
-0.055102
-0.055111
-0.055121
-0.055130
-0.055140
-0.055149
-0.055158
-0.055168
-0.055177
-0.055186
-0.055195
-0.055204
-0.055213
-0.055222
-0.055231
-0.055239
-0.055248
-0.055257
-0.055266
-0.055274
-0.055283
-0.055291
-0.055300
-0.055308
-0.055317
-0.055325
-0.055333
-0.055341
-0.055350
-0.055358
-0.055366
-0.055374
-0.055382
-0.055390
-0.055398
-0.055406
-0.055414
-0.055421
-0.055429
-0.055437
-0.055445
-0.055452
-0.055460
-0.055467
-0.055475
-0.055482
-0.055490
-0.055497
-0.055504
-0.055512
-0.055519
-0.055526
-0.055533
-0.055541
-0.055548
-0.055555
-0.055562
-0.055569
-0.055576
-0.055583
-0.055590
-0.055596
-0.055603
-0.055610
-0.055617
-0.055623
-0.055630
-0.055637
-0.055643
-0.055650
-0.055656
-0.055663
-0.055669
-0.055676
-0.055682
-0.055688
-0.055695
-0.055701
-0.055707
-0.055714
-0.055720
-0.055726
-0.055732
-0.055738
-0.055744
-0.055750
-0.055756
-0.055762
-0.055768
-0.055774
-0.055780
-0.055786
-0.055791
-0.055797
-0.055803
-0.055809
-0.055814
-0.055820
-0.055826
-0.055831
-0.055837
-0.055842
-0.055848
-0.055853
-0.055859
-0.055864
-0.055870
-0.055875
-0.055880
-0.055886
-0.055891
-0.055896
-0.055902
-0.055907
-0.055912
-0.055917
-0.055922
-0.055927
-0.055933
-0.055938
-0.055943
-0.055948
-0.055953
-0.055958
-0.055963
-0.055967
-0.055972
-0.055977
-0.055982
-0.055987
-0.055992
-0.055996
-0.056001
-0.056006
-0.056011
-0.056015
-0.056020
-0.056025
-0.056029
-0.056034
-0.056038
-0.056043
-0.056047
-0.056052
-0.056056
-0.056061
-0.056065
-0.056070
-0.056074
-0.056079
-0.056083
-0.056087
-0.056092
-0.056096
-0.056100
-0.056104
-0.056109
-0.056113
-0.056117
-0.056121
-0.056126
-0.056130
-0.056134
-0.056138
-0.056142
-0.056146
-0.056150
-0.056154
-0.056158
-0.056162
-0.056166
-0.056170
-0.056174
-0.056178
-0.056182
-0.056186
-0.056190
-0.056194
-0.056197
-0.056201
-0.056205
-0.056209
-0.056213
-0.056216
-0.056220
-0.056224
-0.056228
-0.056231
-0.056235
-0.056239
-0.056242
-0.056246
-0.056250
-0.056253
-0.056257
-0.056261
-0.056264
-0.056268
-0.056271
-0.056275
-0.056278
-0.056282
-0.056285
-0.056289
-0.056292
-0.056296
-0.056299
-0.056302
-0.056306
-0.056309
-0.056313
-0.056316
-0.056319
-0.056323
-0.056326
-0.056329
-0.056333
-0.056336
-0.056339
-0.056343
-0.056346
-0.056349
-0.056352
-0.056356
-0.056359
-0.056362
-0.056365
-0.056368
-0.056371
-0.056375
-0.056378
-0.056381
-0.056384
-0.056387
-0.056390
-0.056393
-0.056396
-0.056400
-0.056403
-0.056406
-0.056409
-0.056412
-0.056415
-0.056418
-0.056421
-0.056424
-0.056427
-0.056430
-0.056433
-0.056436
-0.056439
-0.056442
-0.056444
-0.056447
-0.056450
-0.056453
-0.056456
-0.056459
-0.056462
-0.056465
-0.056468
-0.056470
-0.056473
-0.056476
-0.056479
-0.056482
-0.056485
-0.056487
-0.056490
-0.056493
-0.056496
-0.056499
-0.056501
-0.056504
-0.056507
-0.056510
-0.056512
-0.056515
-0.056518
-0.056520
-0.056523
-0.056526
-0.056529
-0.056531
-0.056534
-0.056537
-0.056539
-0.056542
-0.056545
-0.056547
-0.056550
-0.056553
-0.056555
-0.056558
-0.056560
-0.056563
-0.056566
-0.056568
-0.056571
-0.056573
-0.056576
-0.056579
-0.056581
-0.056584
-0.056586
-0.056589
-0.056591
-0.056594
-0.056597
-0.056599
-0.056602
-0.056604
-0.056607
-0.056609
-0.056612
-0.056614
-0.056617
-0.056619
-0.056622
-0.056624
-0.056627
-0.056629
-0.056632
-0.056634
-0.056637
-0.056639
-0.056642
-0.056644
-0.056646
-0.056649
-0.056651
-0.056654
-0.056656
-0.056659
-0.056661
-0.056664
-0.056666
-0.056668
-0.056671
-0.056673
-0.056676
-0.056678
-0.056681
-0.056683
-0.056685
-0.056688
-0.056690
-0.056693
-0.056695
-0.056697
-0.056700
-0.056702
-0.056704
-0.056707
-0.056709
-0.056712
-0.056714
-0.056716
-0.056719
-0.056721
-0.056723
-0.056726
-0.056728
-0.056730
-0.056733
-0.056735
-0.056737
-0.056740
-0.056742
-0.056745
-0.056747
-0.056749
-0.056752
-0.056754
-0.056756
-0.056759
-0.056761
-0.056763
-0.056765
-0.056768
-0.056770
-0.056772
-0.056775
-0.056777
-0.056779
-0.056782
-0.056784
-0.056786
-0.056789
-0.056791
-0.056793
-0.056796
-0.056798
-0.056800
-0.056802
-0.056805
-0.056807
-0.056809
-0.056812
-0.056814
-0.056816
-0.056819
-0.056821
-0.056823
-0.056825
-0.056828
-0.056830
-0.056832
-0.056835
-0.056837
-0.056839
-0.056842
-0.056844
-0.056846
-0.056848
-0.056851
-0.056853
-0.056855
-0.056858
-0.056860
-0.056862
-0.056864
-0.056867
-0.056869
-0.056871
-0.056874
-0.056876
-0.056878
-0.056880
-0.056883
-0.056885
-0.056887
-0.056890
-0.056892
-0.056894
-0.056896
-0.056899
-0.056901
-0.056903
-0.056906
-0.056908
-0.056910
-0.056912
-0.056915
-0.056917
-0.056919
-0.056922
-0.056924
-0.056926
-0.056929
-0.056931
-0.056933
-0.056935
-0.056938
-0.056940
-0.056942
-0.056945
-0.056947
-0.056949
-0.056952
-0.056954
-0.056956
-0.056958
-0.056961
-0.056963
-0.056965
-0.056968
-0.056970
-0.056972
-0.056975
-0.056977
-0.056979
-0.056982
-0.056984
-0.056986
-0.056988
-0.056991
-0.056993
-0.056995
-0.056998
-0.057000
-0.057002
-0.057005
-0.057007
-0.057009
-0.057012
-0.057014
-0.057016
-0.057019
-0.057021
-0.057023
-0.057026
-0.057028
-0.057030
-0.057033
-0.057035
-0.057037
-0.057040
-0.057042
-0.057045
-0.057047
-0.057049
-0.057052
-0.057054
-0.057056
-0.057059
-0.057061
-0.057063
-0.057066
-0.057068
-0.057071
-0.057073
-0.057075
-0.057078
-0.057080
-0.057082
-0.057085
-0.057087
-0.057090
-0.057092
-0.057094
-0.057097
-0.057099
-0.057101
-0.057104
-0.057106
-0.057109
-0.057111
-0.057113
-0.057116
-0.057118
-0.057121
-0.057123
-0.057126
-0.057128
-0.057130
-0.057133
-0.057135
-0.057138
-0.057140
-0.057143
-0.057145
-0.057147
-0.057150
-0.057152
-0.057155
-0.057157
-0.057160
-0.057162
-0.057164
-0.057167
-0.057169
-0.057172
-0.057174
-0.057177
-0.057179
-0.057182
-0.057184
-0.057187
-0.057189
-0.057192
-0.057194
-0.057197
-0.057199
-0.057201
-0.057204
-0.057206
-0.057209
-0.057211
-0.057214
-0.057216
-0.057219
-0.057221
-0.057224
-0.057226
-0.057229
-0.057231
-0.057234
-0.057237
-0.057239
-0.057242
-0.057244
-0.057247
-0.057249
-0.057252
-0.057254
-0.057257
-0.057259
-0.057262
-0.057264
-0.057267
-0.057269
-0.057272
-0.057275
-0.057277
-0.057280
-0.057282
-0.057285
-0.057287
-0.057290
-0.057293
-0.057295
-0.057298
-0.057300
-0.057303
-0.057305
-0.057308
-0.057311
-0.057313
-0.057316
-0.057318
-0.057321
-0.057324
-0.057326
-0.057329
-0.057332
-0.057334
-0.057337
-0.057339
-0.057342
-0.057345
-0.057347
-0.057350
-0.057353
-0.057355
-0.057358
-0.057360
-0.057363
-0.057366
-0.057368
-0.057371
-0.057374
-0.057376
-0.057379
-0.057382
-0.057384
-0.057387
-0.057390
-0.057392
-0.057395
-0.057398
-0.057401
-0.057403
-0.057406
-0.057409
-0.057411
-0.057414
-0.057417
-0.057419
-0.057422
-0.057425
-0.057428
-0.057430
-0.057433
-0.057436
-0.057438
-0.057441
-0.057444
-0.057447
-0.057449
-0.057452
-0.057455
-0.057458
-0.057460
-0.057463
-0.057466
-0.057469
-0.057471
-0.057474
-0.057477
-0.057480
-0.057482
-0.057485
-0.057488
-0.057491
-0.057494
-0.057496
-0.057499
-0.057502
-0.057505
-0.057508
-0.057510
-0.057513
-0.057516
-0.057519
-0.057522
-0.057524
-0.057527
-0.057530
-0.057533
-0.057536
-0.057539
-0.057541
-0.057544
-0.057547
-0.057550
-0.057553
-0.057556
-0.057558
-0.057561
-0.057564
-0.057567
-0.057570
-0.057573
-0.057576
-0.057578
-0.057581
-0.057584
-0.057587
-0.057590
-0.057593
-0.057596
-0.057599
-0.057602
-0.057604
-0.057607
-0.057610
-0.057613
-0.057616
-0.057619
-0.057622
-0.057625
-0.057628
-0.057631
-0.057634
-0.057637
-0.057639
-0.057642
-0.057645
-0.057648
-0.057651
-0.057654
-0.057657
-0.057660
-0.057663
-0.057666
-0.057669
-0.057672
-0.057675
-0.057678
-0.057681
-0.057684
-0.057687
-0.057690
-0.057693
-0.057696
-0.057699
-0.057702
-0.057705
-0.057708
-0.057711
-0.057714
-0.057717
-0.057720
-0.057723
-0.057726
-0.057729
-0.057732
-0.057735
-0.057738
-0.057741
-0.057744
-0.057747
-0.057750
-0.057753
-0.057756
-0.057759
-0.057762
-0.057765
-0.057768
-0.057771
-0.057774
-0.057777
-0.057780
-0.057783
-0.057786
-0.057790
-0.057793
-0.057796
-0.057799
-0.057802
-0.057805
-0.057808
-0.057811
-0.057814
-0.057817
-0.057820
-0.057824
-0.057827
-0.057830
-0.057833
-0.057836
-0.057839
-0.057842
-0.057845
-0.057848
-0.057852
-0.057855
-0.057858
-0.057861
-0.057864
-0.057867
-0.057870
-0.057873
-0.057877
-0.057880
-0.057883
-0.057886
-0.057889
-0.057892
-0.057896
-0.057899
-0.057902
-0.057905
-0.057908
-0.057911
-0.057915
-0.057918
-0.057921
-0.057924
-0.057927
-0.057930
-0.057934
-0.057937
-0.057940
-0.057943
-0.057946
-0.057950
-0.057953
-0.057956
-0.057959
-0.057962
-0.057966
-0.057969
-0.057972
-0.057975
-0.057979
-0.057982
-0.057985
-0.057988
-0.057992
-0.057995
-0.057998
-0.058001
-0.058004
-0.058008
-0.058011
-0.058014
-0.058017
-0.058021
-0.058024
-0.058027
-0.058031
-0.058034
-0.058037
-0.058040
-0.058044
-0.058047
-0.058050
-0.058053
-0.058057
-0.058060
-0.058063
-0.058067
-0.058070
-0.058073
-0.058076
-0.058080
-0.058083
-0.058086
-0.058090
-0.058093
-0.058096
-0.058100
-0.058103
-0.058106
-0.058110
-0.058113
-0.058116
-0.058120
-0.058123
-0.058126
-0.058130
-0.058133
-0.058136
-0.058140
-0.058143
-0.058146
-0.058150
-0.058153
-0.058156
-0.058160
-0.058163
-0.058166
-0.058170
-0.058173
-0.058176
-0.058180
-0.058183
-0.058187
-0.058190
-0.058193
-0.058197
-0.058200
-0.058203
-0.058207
-0.058210
-0.058214
-0.058217
-0.058220
-0.058224
-0.058227
-0.058231
-0.058234
-0.058237
-0.058241
-0.058244
-0.058248
-0.058251
-0.058254
-0.058258
-0.058261
-0.058265
-0.058268
-0.058272
-0.058275
-0.058278
-0.058282
-0.058285
-0.058289
-0.058292
-0.058296
-0.058299
-0.058302
-0.058306
-0.058309
-0.058313
-0.058316
-0.058320
-0.058323
-0.058327
-0.058330
-0.058334
-0.058337
-0.058340
-0.058344
-0.058347
-0.058351
-0.058354
-0.058358
-0.058361
-0.058365
-0.058368
-0.058372
-0.058375
-0.058379
-0.058382
-0.058386
-0.058389
-0.058393
-0.058396
-0.058400
-0.058403
-0.058407
-0.058410
-0.058414
-0.058417
-0.058421
-0.058424
-0.058428
-0.058431
-0.058435
-0.058438
-0.058442
-0.058445
-0.058449
-0.058452
-0.058456
-0.058459
-0.058463
-0.058466
-0.058470
-0.058473
-0.058477
-0.058480
-0.058484
-0.058487
-0.058491
-0.058495
-0.058498
-0.058502
-0.058505
-0.058509
-0.058512
-0.058516
-0.058519
-0.058523
-0.058526
-0.058530
-0.058534
-0.058537
-0.058541
-0.058544
-0.058548
-0.058551
-0.058555
-0.058559
-0.058562
-0.058566
-0.058569
-0.058573
-0.058576
-0.058580
-0.058584
-0.058587
-0.058591
-0.058594
-0.058598
-0.058601
-0.058605
-0.058609
-0.058612
-0.058616
-0.058619
-0.058623
-0.058627
-0.058630
-0.058634
-0.058637
-0.058641
-0.058645
-0.058648
-0.058652
-0.058655
-0.058659
-0.058663
-0.058666
-0.058670
-0.058673
-0.058677
-0.058681
-0.058684
-0.058688
-0.058692
-0.058695
-0.058699
-0.058702
-0.058706
-0.058710
-0.058713
-0.058717
-0.058721
-0.058724
-0.058728
-0.058731
-0.058735
-0.058739
-0.058742
-0.058746
-0.058750
-0.058753
-0.058757
-0.058761
-0.058764
-0.058768
-0.058772
-0.058775
-0.058779
-0.058782
-0.058786
-0.058790
-0.058793
-0.058797
-0.058801
-0.058804
-0.058808
-0.058812
-0.058815
-0.058819
-0.058823
-0.058826
-0.058830
-0.058834
-0.058837
-0.058841
-0.058845
-0.058848
-0.058852
-0.058856
-0.058859
-0.058863
-0.058867
-0.058870
-0.058874
-0.058878
-0.058881
-0.058885
-0.058889
-0.058893
-0.058896
-0.058900
-0.058904
-0.058907
-0.058911
-0.058915
-0.058918
-0.058922
-0.058926
-0.058929
-0.058933
-0.058937
-0.058940
-0.058944
-0.058948
-0.058952
-0.058955
-0.058959
-0.058963
-0.058966
-0.058970
-0.058974
-0.058978
-0.058981
-0.058985
-0.058989
-0.058992
-0.058996
-0.059000
-0.059003
-0.059007
-0.059011
-0.059015
-0.059018
-0.059022
-0.059026
-0.059029
-0.059033
-0.059037
-0.059041
-0.059044
-0.059048
-0.059052
-0.059055
-0.059059
-0.059063
-0.059067
-0.059070
-0.059074
-0.059078
-0.059082
-0.059085
-0.059089
-0.059093
-0.059096
-0.059100
-0.059104
-0.059108
-0.059111
-0.059115
-0.059119
-0.059123
-0.059126
-0.059130
-0.059134
-0.059138
-0.059141
-0.059145
-0.059149
-0.059152

