0.000000
0.000000
-0.000006
-0.000014
-0.000023
-0.000034
-0.000045
-0.000058
-0.000070
-0.000084
-0.000097
-0.000111
-0.000125
-0.000140
-0.000155
-0.000170
-0.000185
-0.000201
-0.000217
-0.000233
-0.000249
-0.000266
-0.000282
-0.000299
-0.000316
-0.000333
-0.000351
-0.000368
-0.000386
-0.000404
-0.000422
-0.000440
-0.000459
-0.000477
-0.000496
-0.000515
-0.000534
-0.000553
-0.000572
-0.000591
-0.000611
-0.000631
-0.000651
-0.000670
-0.000691
-0.000711
-0.000731
-0.000751
-0.000772
-0.000793
-0.000813
-0.000834
-0.000855
-0.000876
-0.000898
-0.000919
-0.000940
-0.000962
-0.000984
-0.001005
-0.001027
-0.001049
-0.001071
-0.001093
-0.001115
-0.001138
-0.001160
-0.001183
-0.001205
-0.001228
-0.001251
-0.001273
-0.001296
-0.001319
-0.001342
-0.001366
-0.001389
-0.001412
-0.001435
-0.001459
-0.001482
-0.001506
-0.001530
-0.001553
-0.001577
-0.001601
-0.001625
-0.001649
-0.001673
-0.001697
-0.001722
-0.001746
-0.001770
-0.001795
-0.001819
-0.001844
-0.001868
-0.001893
-0.001918
-0.001942
-0.001967
-0.001992
-0.002017
-0.002042
-0.002067
-0.002092
-0.002118
-0.002143
-0.002168
-0.002193
-0.002219
-0.002244
-0.002270
-0.002295
-0.002321
-0.002346
-0.002372
-0.002398
-0.002424
-0.002449
-0.002475
-0.002501
-0.002527
-0.002553
-0.002579
-0.002605
-0.002631
-0.002658
-0.002684
-0.002710
-0.002736
-0.002763
-0.002789
-0.002815
-0.002842
-0.002868
-0.002895
-0.002921
-0.002948
-0.002975
-0.003001
-0.003028
-0.003055
-0.003082
-0.003108
-0.003135
-0.003162
-0.003189
-0.003216
-0.003243
-0.003270
-0.003297
-0.003324
-0.003351
-0.003379
-0.003406
-0.003433
-0.003460
-0.003487
-0.003515
-0.003542
-0.003569
-0.003597
-0.003624
-0.003652
-0.003679
-0.003707
-0.003734
-0.003762
-0.003789
-0.003817
-0.003845
-0.003872
-0.003900
-0.003928
-0.003955
-0.003983
-0.004011
-0.004039
-0.004067
-0.004094
-0.004122
-0.004150
-0.004178
-0.004206
-0.004234
-0.004262
-0.004290
-0.004318
-0.004346
-0.004374
-0.004402
-0.004430
-0.004459
-0.004487
-0.004515
-0.004543
-0.004571
-0.004599
-0.004628
-0.004656
-0.004684
-0.004713
-0.004741
-0.004769
-0.004798
-0.004826
-0.004854
-0.004883
-0.004911
-0.004940
-0.004968
-0.004997
-0.005025
-0.005054
-0.005082
-0.005111
-0.005139
-0.005168
-0.005197
-0.005225
-0.005254
-0.005282
-0.005311
-0.005340
-0.005368
-0.005397
-0.005426
-0.005455
-0.005483
-0.005512
-0.005541
-0.005570
-0.005598
-0.005627
-0.005656
-0.005685
-0.005714
-0.005743
-0.005771
-0.005800
-0.005829
-0.005858
-0.005887
-0.005916
-0.005945
-0.005974
-0.006003
-0.006032
-0.006061
-0.006090
-0.006119
-0.006148
-0.006177
-0.006206
-0.006235
-0.006264
-0.006293
-0.006322
-0.006351
-0.006380
-0.006409
-0.006438
-0.006467
-0.006496
-0.006525
-0.006555
-0.006584
-0.006613
-0.006642
-0.006671
-0.006700
-0.006729
-0.006759
-0.006788
-0.006817
-0.006846
-0.006875
-0.006905
-0.006934
-0.006963
-0.006992
-0.007022
-0.007051
-0.007080
-0.007109
-0.007139
-0.007168
-0.007197
-0.007226
-0.007256
-0.007285
-0.007314
-0.007344
-0.007373
-0.007402
-0.007432
-0.007461
-0.007490
-0.007520
-0.007549
-0.007578
-0.007608
-0.007637
-0.007666
-0.007696
-0.007725
-0.007754
-0.007784
-0.007813
-0.007842
-0.007872
-0.007901
-0.007931
-0.007960
-0.007989
-0.008019
-0.008048
-0.008078
-0.008107
-0.008136
-0.008166
-0.008195
-0.008225
-0.008254
-0.008283
-0.008313
-0.008342
-0.008372
-0.008401
-0.008431
-0.008460
-0.008489
-0.008519
-0.008548
-0.008578
-0.008607
-0.008637
-0.008666
-0.008695
-0.008725
-0.008754
-0.008784
-0.008813
-0.008843
-0.008872
-0.008902
-0.008931
-0.008960
-0.008990
-0.009019
-0.009049
-0.009078
-0.009108
-0.009137
-0.009167
-0.009196
-0.009225
-0.009255
-0.009284
-0.009314
-0.009343
-0.009373
-0.009402
-0.009432
-0.009461
-0.009490
-0.009520
-0.009549
-0.009579
-0.009608
-0.009638
-0.009667
-0.009696
-0.009726
-0.009755
-0.009785
-0.009814
-0.009844
-0.009873
-0.009902
-0.009932
-0.009961
-0.009991
-0.010020
-0.010050
-0.010079
-0.010108
-0.010138
-0.010167
-0.010197
-0.010226
-0.010255
-0.010285
-0.010314
-0.010344
-0.010373
-0.010402
-0.010432
-0.010461
-0.010490
-0.010520
-0.010549
-0.010579
-0.010608
-0.010637
-0.010667
-0.010696
-0.010725
-0.010755
-0.010784
-0.010813
-0.010843
-0.010872
-0.010901
-0.010931
-0.010960
-0.010989
-0.011019
-0.011048
-0.011077
-0.011107
-0.011136
-0.011165
-0.011195
-0.011224
-0.011253
-0.011282
-0.011312
-0.011341
-0.011370
-0.011400
-0.011429
-0.011458
-0.011487
-0.011517
-0.011546
-0.011575
-0.011604
-0.011634
-0.011663
-0.011692
-0.011721
-0.011750
-0.011780
-0.011809
-0.011838
-0.011867
-0.011896
-0.011926
-0.011955
-0.011984
-0.012013
-0.012042
-0.012071
-0.012101
-0.012130
-0.012159
-0.012188
-0.012217
-0.012246
-0.012275
-0.012304
-0.012334
-0.012363
-0.012392
-0.012421
-0.012450
-0.012479
-0.012508
-0.012537
-0.012566
-0.012595
-0.012624
-0.012653
-0.012682
-0.012711
-0.012740
-0.012769
-0.012798
-0.012827
-0.012856
-0.012885
-0.012914
-0.012943
-0.012972
-0.013001
-0.013030
-0.013059
-0.013088
-0.013117
-0.013146
-0.013175
-0.013204
-0.013233
-0.013262
-0.013291
-0.013320
-0.013348
-0.013377
-0.013406
-0.013435
-0.013150
-0.011956
-0.009172
-0.004400
0.002425
0.011144
0.021495
0.033181
0.045916
0.059436
0.073512
0.087944
0.102564
0.117232
0.131834
0.146280
0.160496
0.174428
0.188033
0.201279
0.214143
0.226612
0.238676
0.250330
0.261576
0.272415
0.282853
0.292897
0.302556
0.311840
0.321049
0.330752
0.341602
0.353993
0.368007
0.383515
0.400285
0.418054
0.436560
0.455570
0.474874
0.494292
0.513672
0.532890
0.551845
0.570458
0.588665
0.606421
0.623691
0.640451
0.656685
0.672384
0.687545
0.702169
0.716260
0.729825
0.742875
0.755419
0.767471
0.779042
0.790425
0.802168
0.814909
0.829040
0.844656
0.861642
0.879782
0.898825
0.918523
0.938650
0.959005
0.979413
0.999727
1.019826
1.039611
1.059005
1.077947
1.096392
1.114307
1.131667
1.148459
1.164675
1.180310
1.195368
1.209854
1.223774
1.237140
1.249962
1.262254
1.274029
1.285569
1.297411
1.310180
1.324271
1.339789
1.356629
1.374588
1.393422
1.412889
1.432769
1.452863
1.472999
1.493029
1.512833
1.532312
1.551388
1.569999
1.588100
1.605657
1.622646
1.639051
1.654863
1.670081
1.684704
1.698738
1.712191
1.725073
1.737394
1.749169
1.760410
1.771392
1.782641
1.794774
1.808190
1.823001
1.839116
1.856339
1.874433
1.893162
1.912307
1.931671
1.951083
1.970395
1.989484
2.008251
2.026617
2.044518
2.061907
2.078749
2.095018
2.110699
2.125781
2.140261
2.154140
2.167422
2.180115
2.192227
2.203771
2.214759
2.225204
2.235375
2.245787
2.257052
2.269572
2.283469
2.298661
2.314961
2.332138
2.349962
2.368214
2.386700
2.405247
2.423706
2.441954
2.459889
2.477429
2.494510
2.511082
2.527108
2.542561
2.557424
2.571686
2.585342
2.598392
2.610841
2.622694
2.633961
2.644654
2.654784
2.664366
2.673660
2.683175
2.693515
2.705087
2.718023
2.732251
2.747592
2.763824
2.780717
2.798059
2.815654
2.833329
2.850934
2.868344
2.885453
2.902178
2.918451
2.934220
2.949447
2.964103
2.978167
2.991629
3.004481
3.016724
3.028359
3.039393
3.049836
3.059697
3.068990
3.077727
3.086140
3.094686
3.103909
3.114186
3.125645
3.138236
3.151803
3.166153
3.181083
3.196401
3.211933
3.227521
3.243028
3.258340
3.273361
3.288011
3.302230
3.315968
3.329189
3.341866
3.353980
3.365519
3.376478
3.386855
3.396653
3.405878
3.414537
3.422641
3.430201
3.437230
3.443956
3.450828
3.458392
3.467025
3.476867
3.487872
3.499892
3.512736
3.526204
3.540104
3.554261
3.568514
3.582725
3.596776
3.610566
3.624014
3.637054
3.649635
3.661717
3.673271
3.684275
3.694716
3.704586
3.713882
3.722606
3.730763
3.738359
3.745404
3.751910
3.757887
3.763351
3.768313
3.772789
3.776792
3.780338
3.783440
3.786114
3.788373
3.790232
3.791703
3.792801
3.793538
3.793926
3.793979
3.793707
3.793122
3.792235
3.791057
3.789598
3.787867
3.785875
3.783630
3.781141
3.778416
3.775464
3.772293
3.768910
3.765322
3.761537
3.757562
3.753402
3.749064
3.744555
3.739879
3.735044
3.730054
3.724914
3.719631
3.714208
3.708650
3.702963
3.697150
3.691217
3.685166
3.679003
3.672730
3.666353
3.659874
3.653298
3.646627
3.639865
3.633015
3.626080
3.619064
3.611970
3.604799
3.597556
3.590242
3.582860
3.575414
3.567904
3.560334
3.552706
3.545022
3.537285
3.529496
3.521657
3.513771
3.505840
3.497864
3.489847
3.481789
3.473693
3.465560
3.457392
3.449190
3.440956
3.432691
3.424398
3.416076
3.407727
3.399354
3.390956
3.382536
3.374094
3.365632
3.357150
3.348650
3.340133
3.331600
3.323052
3.314490
3.305915
3.297327
3.288728
3.280118
3.271499
3.262870
3.254234
3.245590
3.236940
3.228284
3.219623
3.210957
3.202287
3.193614
3.184939
3.176261
3.167583
3.158903
3.150223
3.141544
3.132865
3.124188
3.115512
3.106839
3.098168
3.089501
3.080837
3.072177
3.063522
3.054871
3.046226
3.037587
3.028953
3.020326
3.011705
3.003092
2.994486
2.985887
2.977297
2.968714
2.960141
2.951576
2.943020
2.934473
2.925937
2.917410
2.908893
2.900386
2.891890
2.883405
2.874931
2.866468
2.858017
2.849577
2.841148
2.832732
2.824328
2.815936
2.807557
2.799190
2.790836
2.782496
2.774168
2.765853
2.757552
2.749264
2.740990
2.732730
2.724483
2.716251
2.708032
2.699828
2.691638
2.683463
2.675302
2.667155
2.659024
2.650907
2.642805
2.634718
2.626646
2.618589
2.610548
2.602521
2.594510
2.586515
2.578534
2.570570
2.562621
2.554687
2.546769
2.538868
2.530981
2.523111
2.515257
2.507418
2.499596
2.491789
2.483999
2.476225
2.468467
2.460725
2.452999
2.445290
2.437596
2.429920
2.422259
2.414615
2.406987
2.399376
2.391781
2.384202
2.376640
2.369095
2.361566
2.354053
2.346557
2.339078
2.331615
2.324169
2.316739
2.309326
2.301929
2.294550
2.287186
2.279840
2.272510
2.265196
2.257900
2.250620
2.243356
2.236110
2.228880
2.221666
2.214469
2.207289
2.200126
2.192979
2.185849
2.178735
2.171638
2.164558
2.157495
2.150448
2.143417
2.136403
2.129406
2.122426
2.115462
2.108514
2.101583
2.094669
2.087771
2.080890
2.074025
2.067177
2.060346
2.053531
2.046732
2.039950
2.033184
2.026435
2.019702
2.012985
2.006285
1.999602
1.992934
1.986283
1.979649
1.973030
1.966428
1.959843
1.953273
1.946720
1.940183
1.933662
1.927158
1.920669
1.914197
1.907741
1.901301
1.894878
1.888470
1.882078
1.875703
1.869343
1.863000
1.856672
1.850361
1.844065
1.837785
1.831522
1.825274
1.819042
1.812826
1.806625
1.800441
1.794272
1.788119
1.781982
1.775861
1.769755
1.763665
1.757590
1.751531
1.745488
1.739460
1.733448
1.727452
1.721471
1.715505
1.709555
1.703620
1.697701
1.691797
1.685909
1.680036
1.674178
1.668336
1.662508
1.656696
1.650900
1.645118
1.639352
1.633601
1.627865
1.622144
1.616438
1.610747
1.605071
1.599411
1.593765
1.588134
1.582518
1.576917
1.571331
1.565760
1.560204
1.554662
1.549136
1.543624
1.538126
1.532644
1.527176
1.521723
1.516284
1.510860
1.505451
1.500056
1.494676
1.489310
1.483959
1.478622
1.473299
1.467991
1.462698
1.457418
1.452153
1.446903
1.441666
1.436444
1.431236
1.426042
1.420863
1.415697
1.410546
1.405409
1.400286
1.395177
1.390082
1.385000
1.379933
1.374880
1.369841
1.364815
1.359804
1.354806
1.349822
1.344852
1.339895
1.334953
1.330024
1.325108
1.320207
1.315319
1.310444
1.305583
1.300736
1.295902
1.291082
1.286275
1.281482
1.276702
1.271935
1.267182
1.262442
1.257715
1.253002
1.248302
1.243615
1.238941
1.234281
1.229634
1.224999
1.220378
1.215770
1.211175
1.206593
1.202024
1.197468
1.192925
1.188395
1.183878
1.179373
1.174882
1.170403
1.165937
1.161484
1.157044
1.152616
1.148201
1.143798
1.139409
1.135032
1.130667
1.126315
1.121975
1.117648
1.113334
1.109032
1.104742
1.100465
1.096200
1.091947
1.087707
1.083479
1.079264
1.075060
1.070869
1.066690
1.062523
1.058369
1.054226
1.050096
1.045977
1.041871
1.037777
1.033694
1.029624
1.025565
1.021519
1.017484
1.013462
1.009451
1.005452
1.001464
0.997489
0.993525
0.989573
0.985632
0.981704
0.977786
0.973881
0.969987
0.966105
0.962234
0.958375
0.954527
0.950690
0.946865
0.943052
0.939250
0.935459
0.931680
0.927912
0.924155
0.920409
0.916675
0.912952
0.909240
0.905539
0.901850
0.898171
0.894504
0.890848
0.887203
0.883569
0.879945
0.876333
0.872732
0.869142
0.865562
0.861994
0.858436
0.854889
0.851353
0.847828
0.844313
0.840809
0.837316
0.833834
0.830362
0.826901
0.823451
0.820011
0.816581
0.813163
0.809754
0.806357
0.802969
0.799592
0.796226
0.792870
0.789525
0.786189
0.782864
0.779550
0.776245
0.772951
0.769668
0.766394
0.763131
0.759877
0.756634
0.753401
0.750179
0.746966
0.743763
0.740571
0.737388
0.734215
0.731053
0.727900
0.724757
0.721624
0.718501
0.715388
0.712284
0.709191
0.706107
0.703033
0.699969
0.696914
0.693869
0.690834
0.687809
0.684793
0.681786
0.678790
0.675803
0.672825
0.669857
0.666898
0.663949
0.661010
0.658079
0.655159
0.652247
0.649345
0.646452
0.643569
0.640695
0.637830
0.634975
0.632128
0.629291
0.626463
0.623645
0.620835
0.618035
0.615243
0.612461
0.609688
0.606924
0.604169
0.601423
0.598686
0.595958
0.593238
0.590528
0.587827
0.585134
0.582451
0.579776
0.577110
0.574453
0.571804
0.569164
0.566533
0.563911
0.561298
0.558693
0.556097
0.553509
0.550930
0.548360
0.545798
0.543244
0.540700
0.538163
0.535636
0.533116
0.530606
0.528103
0.525609
0.523123
0.520646
0.518177
0.515717
0.513265
0.510821
0.508385
0.505957
0.503538
0.501127
0.498724
0.496330
0.493943
0.491565
0.489195
0.486832
0.484478
0.482132
0.479794
0.477464
0.475142
0.472828
0.470522
0.468224
0.465934
0.463652
0.461377
0.459111
0.456852
0.454601
0.452358
0.450123
0.447895
0.445675
0.443463
0.441259
0.439062
0.436873
0.434692
0.432518
0.430352
0.428193
0.426042
0.423899
0.421763
0.419635
0.417514
0.415400
0.413295
0.411196
0.409105
0.407022
0.404945
0.402877
0.400815
0.398761
0.396714
0.394675
0.392643
0.390618
0.388600
0.386590
0.384586
0.382590
0.380601
0.378620
0.376645
0.374678
0.372717
0.370764
0.368818
0.366879
0.364947
0.363022
0.361104
0.359193
0.357289
0.355391
0.353501
0.351618
0.349741
0.347872
0.346009
0.344153
0.342304
0.340462
0.338627
0.336798
0.334976
0.333161
0.331353
0.329551
0.327756
0.325968
0.324186
0.322411
0.320642
0.318881
0.317125
0.315377
0.313634
0.311899
0.310170
0.308447
0.306731
0.305021
0.303318
0.301621
0.299931
0.298247
0.296570
0.294898
0.293234
0.291575
0.289923
0.288277
0.286637
0.285004
0.283377
0.281756
0.280142
0.278533
0.276931
0.275335
0.273745
0.272161
0.270584
0.269012
0.267447
0.265887
0.264334
0.262787
0.261245
0.259710
0.258181
0.256658
0.255140
0.253629
0.252124
0.250624
0.249130
0.247643
0.246161
0.244685
0.243215
0.241750
0.240292
0.238839
0.237392
0.235951
0.234515
0.233085
0.231661
0.230243
0.228830
0.227423
0.226022
0.224626
0.223236
0.221851
0.220472
0.219099
0.217731
0.216368
0.215012
0.213660
0.212314
0.210974
0.209639
0.208310
0.206986
0.205667
0.204354
0.203046
0.201744
0.200446
0.199155
0.197868
0.196587
0.195311
0.194041
0.192775
0.191515
0.190260
0.189011
0.187766
0.186527
0.185293
0.184064
0.182840
0.181621
0.180408
0.179199
0.177996
0.176798
0.175604
0.174416
0.173233
0.172055
0.170882
0.169713
0.168550
0.167392
0.166238
0.165090
0.163946
0.162808
0.161674
0.160545
0.159421
0.158301
0.157187
0.156077
0.154972
0.153872
0.152777
0.151686
0.150600
0.149519
0.148442
0.147371
0.146303
0.145241
0.144183
0.143130
0.142081
0.141037
0.139998
0.138963
0.137933
0.136907
0.135886
0.134869
0.133857
0.132849
0.131845
0.130847
0.129852
0.128862
0.127877
0.126895
0.125919
0.124946
0.123978
0.123014
0.122055
0.121100
0.120149
0.119203
0.118260
0.117322
0.116389
0.115459
0.114534
0.113613
0.112696
0.111783
0.110875
0.109970
0.109070
0.108174
0.107282
0.106394
0.105510
0.104630
0.103754
0.102883
0.102015
0.101151
0.100291
0.099436
0.098584
0.097736
0.096892
0.096052
0.095216
0.094384
0.093556
0.092731
0.091911
0.091094
0.090281
0.089472
0.088667
0.087866
0.087068
0.086274
0.085484
0.084697
0.083915
0.083136
0.082361
0.081589
0.080821
0.080057
0.079296
0.078539
0.077786
0.077036
0.076290
0.075547
0.074808
0.074073
0.073341
0.072613
0.071888
0.071166
0.070449
0.069734
0.069023
0.068316
0.067612
0.066911
0.066214
0.065520
0.064830
0.064143
0.063459
0.062779
0.062102
0.061428
0.060757
0.060090
0.059427
0.058766
0.058109
0.057455
0.056804
0.056156
0.055512
0.054871
0.054233
0.053598
0.052967
0.052338
0.051713
0.051091
0.050471
0.049855
0.049243
0.048633
0.048026
0.047422
0.046821
0.046224
0.045629
0.045037
0.044449
0.043863
0.043280
0.042701
0.042124
0.041550
0.040979
0.040411
0.039846
0.039283
0.038724
0.038167
0.037614
0.037063
0.036515
0.035969
0.035427
0.034887
0.034350
0.033816
0.033285
0.032756
0.032230
0.031707
0.031187
0.030669
0.030154
0.029641
0.029131
0.028624
0.028120
0.027618
0.027119
0.026622
0.026128
0.025637
0.025148
0.024661
0.024178
0.023697
0.023218
0.022742
0.022268
0.021797
0.021328
0.020862
0.020398
0.019937
0.019478
0.019021
0.018567
0.018116
0.017667
0.017220
0.016775
0.016333
0.015894
0.015456
0.015021
0.014588
0.014158
0.013730
0.013304
0.012881
0.012459
0.012040
0.011624
0.011209
0.010797
0.010387
0.009979
0.009573
0.009170
0.008768
0.008369
0.007972
0.007578
0.007185
0.006794
0.006406
0.006020
0.005636
0.005253
0.004873
0.004495
0.004120
0.003746
0.003374
0.003004
0.002636
0.002271
0.001907
0.001545
0.001185
0.000828
0.000472
0.000118
-0.000234
-0.000584
-0.000932
-0.001278
-0.001622
-0.001965
-0.002305
-0.002644
-0.002980
-0.003315
-0.003648
-0.003979
-0.004308
-0.004636
-0.004961
-0.005285
-0.005607
-0.005927
-0.006246
-0.006562
-0.006877
-0.007190
-0.007502
-0.007811
-0.008119
-0.008425
-0.008730
-0.009033
-0.009334
-0.009633
-0.009931
-0.010227
-0.010521
-0.010814
-0.011105
-0.011394
-0.011682
-0.011968
-0.012253
-0.012536
-0.012817
-0.013097
-0.013375
-0.013652
-0.013927
-0.014200
-0.014472
-0.014742
-0.015011
-0.015278
-0.015544
-0.015809
-0.016071
-0.016333
-0.016592
-0.016851
-0.017108
-0.017363
-0.017617
-0.017869
-0.018120
-0.018370
-0.018618
-0.018865
-0.019110
-0.019354
-0.019597
-0.019838
-0.020077
-0.020316
-0.020553
-0.020789
-0.021023
-0.021256
-0.021487
-0.021718
-0.021947
-0.022174
-0.022400
-0.022625
-0.022849
-0.023072
-0.023293
-0.023513
-0.023731
-0.023948
-0.024165
-0.024379
-0.024593
-0.024805
-0.025016
-0.025226
-0.025435
-0.025642
-0.025848
-0.026054
-0.026257
-0.026460
-0.026661
-0.026862
-0.027061
-0.027259
-0.027456
-0.027651
-0.027846
-0.028039
-0.028232
-0.028423
-0.028613
-0.028802
-0.028989
-0.029176
-0.029362
-0.029546
-0.029730
-0.029912
-0.030093
-0.030274
-0.030453
-0.030631
-0.030808
-0.030984
-0.031159
-0.031333
-0.031506
-0.031678
-0.031849
-0.032019
-0.032188
-0.032356
-0.032523
-0.032688
-0.032853
-0.033017
-0.033180
-0.033342
-0.033504
-0.033664
-0.033823
-0.033981
-0.034138
-0.034295
-0.034450
-0.034605
-0.034758
-0.034911
-0.035063
-0.035214
-0.035364
-0.035513
-0.035661
-0.035809
-0.035955
-0.036101
-0.036245
-0.036389
-0.036532
-0.036675
-0.036816
-0.036956
-0.037096
-0.037235
-0.037373
-0.037510
-0.037646
-0.037782
-0.037916
-0.038050
-0.038183
-0.038316
-0.038447
-0.038578
-0.038708
-0.038837
-0.038966
-0.039093
-0.039220
-0.039346
-0.039472
-0.039596
-0.039720
-0.039843
-0.039965
-0.040087
-0.040208
-0.040328
-0.040448
-0.040566
-0.040684
-0.040802
-0.040918
-0.041034
-0.041149
-0.041264
-0.041378
-0.041491
-0.041603
-0.041715
-0.041826
-0.041937
-0.042046
-0.042155
-0.042264
-0.042372
-0.042479
-0.042585
-0.042691
-0.042796
-0.042901
-0.043005
-0.043108
-0.043211
-0.043313
-0.043414
-0.043515
-0.043615
-0.043715
-0.043814
-0.043912
-0.044010
-0.044107
-0.044204
-0.044300
-0.044395
-0.044490
-0.044584
-0.044678
-0.044771
-0.044864
-0.044956
-0.045047
-0.045138
-0.045228
-0.045318
-0.045407
-0.045496
-0.045584
-0.045672
-0.045759
-0.045845
-0.045931
-0.046017
-0.046102
-0.046186
-0.046270
-0.046353
-0.046436
-0.046519
-0.046600
-0.046682
-0.046763
-0.046843
-0.046923
-0.047002
-0.047081
-0.047160
-0.047238
-0.047315
-0.047392
-0.047469
-0.047545
-0.047620
-0.047695
-0.047770
-0.047844
-0.047918
-0.047991
-0.048064
-0.048136
-0.048208
-0.048280
-0.048351
-0.048421
-0.048491
-0.048561
-0.048630
-0.048699
-0.048768
-0.048836
-0.048903
-0.048970
-0.049037
-0.049104
-0.049169
-0.049235
-0.049300
-0.049365
-0.049429
-0.049493
-0.049557
-0.049620
-0.049682
-0.049745
-0.049807
-0.049868
-0.049929
-0.049990
-0.050051
-0.050111
-0.050170
-0.050230
-0.050288
-0.050347
-0.050405
-0.050463
-0.050520
-0.050578
-0.050634
-0.050691
-0.050747
-0.050802
-0.050858
-0.050913
-0.050967
-0.051022
-0.051076
-0.051129
-0.051182
-0.051235
-0.051288
-0.051340
-0.051392
-0.051444
-0.051495
-0.051546
-0.051597
-0.051647
-0.051697
-0.051747
-0.051796
-0.051845
-0.051894
-0.051942
-0.051991
-0.052038
-0.052086
-0.052133
-0.052180
-0.052227
-0.052273
-0.052319
-0.052365
-0.052410
-0.052455
-0.052500
-0.052545
-0.052589
-0.052633
-0.052677
-0.052720
-0.052764
-0.052807
-0.052849
-0.052892
-0.052934
-0.052975
-0.053017
-0.053058
-0.053099
-0.053140
-0.053181
-0.053221
-0.053261
-0.053301
-0.053340
-0.053379
-0.053418
-0.053457
-0.053495
-0.053534
-0.053572
-0.053609
-0.053647
-0.053684
-0.053721
-0.053758
-0.053794
-0.053831
-0.053867
-0.053903
-0.053938
-0.053973
-0.054009
-0.054043
-0.054078
-0.054113
-0.054147
-0.054181
-0.054215
-0.054248
-0.054281
-0.054315
-0.054347
-0.054380
-0.054413
-0.054445
-0.054477
-0.054509
-0.054540
-0.054572
-0.054603
-0.054634
-0.054665
-0.054695
-0.054726
-0.054756
-0.054786
-0.054816
-0.054845
-0.054875
-0.054904
-0.054933
-0.054962
-0.054991
-0.055019
-0.055047
-0.055075
-0.055103
-0.055131
-0.055158
-0.055186
-0.055213
-0.055240
-0.055267
-0.055293
-0.055320
-0.055346
-0.055372
-0.055398
-0.055424
-0.055449
-0.055475
-0.055500
-0.055525
-0.055550
-0.055574
-0.055599
-0.055623
-0.055648
-0.055672
-0.055695
-0.055719
-0.055743
-0.055766
-0.055789
-0.055812
-0.055835
-0.055858
-0.055881
-0.055903
-0.055926
-0.055948
-0.055970
-0.055992
-0.056013
-0.056035
-0.056056
-0.056077
-0.056099
-0.056120
-0.056140
-0.056161
-0.056182
-0.056202
-0.056222
-0.056242
-0.056262
-0.056282
-0.056302
-0.056321
-0.056341
-0.056360
-0.056379
-0.056398
-0.056417
-0.056436
-0.056455
-0.056473
-0.056492
-0.056510
-0.056528
-0.056546
-0.056564
-0.056581
-0.056599
-0.056617
-0.056634
-0.056651
-0.056668
-0.056685
-0.056702
-0.056719
-0.056735
-0.056752
-0.056768
-0.056785
-0.056801
-0.056817
-0.056833
-0.056849
-0.056864
-0.056880
-0.056895
-0.056911
-0.056926
-0.056941
-0.056956
-0.056971
-0.056986
-0.057001
-0.057015
-0.057030
-0.057044
-0.057058
-0.057073
-0.057087
-0.057101
-0.057115
-0.057128
-0.057142
-0.057156
-0.057169
-0.057182
-0.057196
-0.057209
-0.057222
-0.057235
-0.057248
-0.057261
-0.057273
-0.057286
-0.057298
-0.057311
-0.057323
-0.057335
-0.057348
-0.057360
-0.057372
-0.057383
-0.057395
-0.057407
-0.057418
-0.057430
-0.057441
-0.057453
-0.057464
-0.057475
-0.057486
-0.057497
-0.057508
-0.057519
-0.057530
-0.057540
-0.057551
-0.057561
-0.057572
-0.057582
-0.057592
-0.057603
-0.057613
-0.057623
-0.057633
-0.057642
-0.057652
-0.057662
-0.057672
-0.057681
-0.057691
-0.057700
-0.057709
-0.057719
-0.057728
-0.057737
-0.057746
-0.057755
-0.057764
-0.057773
-0.057781
-0.057790
-0.057799
-0.057807
-0.057816
-0.057824
-0.057832
-0.057841
-0.057849
-0.057857
-0.057865
-0.057873
-0.057881
-0.057889
-0.057897
-0.057904
-0.057912
-0.057920
-0.057927
-0.057935
-0.057942
-0.057950
-0.057957
-0.057964
-0.057971
-0.057978
-0.057986
-0.057993
-0.057999
-0.058006
-0.058013
-0.058020
-0.058027
-0.058033
-0.058040
-0.058046
-0.058053
-0.058059
-0.058066
-0.058072
-0.058078
-0.058085
-0.058091
-0.058097
-0.058103
-0.058109
-0.058115
-0.058121
-0.058126
-0.058132
-0.058138
-0.058144
-0.058149
-0.058155
-0.058160
-0.058166
-0.058171
-0.058177
-0.058182
-0.058187
-0.058193
-0.058198
-0.058203
-0.058208
-0.058213
-0.058218
-0.058223
-0.058228
-0.058233
-0.058238
-0.058242
-0.058247
-0.058252
-0.058256
-0.058261
-0.058266
-0.058270
-0.058275
-0.058279
-0.058283
-0.058288
-0.058292
-0.058296
-0.058300
-0.058305
-0.058309
-0.058313
-0.058317
-0.058321
-0.058325
-0.058329
-0.058333
-0.058337
-0.058340
-0.058344
-0.058348
-0.058352
-0.058355
-0.058359
-0.058363
-0.058366
-0.058370
-0.058373
-0.058377
-0.058380
-0.058383
-0.058387
-0.058390
-0.058393
-0.058397
-0.058400
-0.058403
-0.058406
-0.058409
-0.058412
-0.058415
-0.058418
-0.058421
-0.058424
-0.058427
-0.058430
-0.058433
-0.058436
-0.058438
-0.058441
-0.058444
-0.058447
-0.058449
-0.058452
-0.058454
-0.058457
-0.058460
-0.058462
-0.058465
-0.058467
-0.058469
-0.058472
-0.058474
-0.058477
-0.058479
-0.058481
-0.058483
-0.058486
-0.058488
-0.058490
-0.058492
-0.058494
-0.058496
-0.058498
-0.058500
-0.058503
-0.058505
-0.058506
-0.058508
-0.058510
-0.058512
-0.058514
-0.058516
-0.058518
-0.058520
-0.058521
-0.058523
-0.058525
-0.058527
-0.058528
-0.058530
-0.058532
-0.058533
-0.058535
-0.058536
-0.058538
-0.058539
-0.058541
-0.058542
-0.058544
-0.058545
-0.058547
-0.058548
-0.058550
-0.058551
-0.058552
-0.058554
-0.058555
-0.058556
-0.058557
-0.058559
-0.058560
-0.058561
-0.058562
-0.058563
-0.058565
-0.058566
-0.058567
-0.058568
-0.058569
-0.058570
-0.058571
-0.058572
-0.058573
-0.058574
-0.058575
-0.058576
-0.058577
-0.058578
-0.058579
-0.058580
-0.058581
-0.058581
-0.058582
-0.058583
-0.058584
-0.058585
-0.058586
-0.058586
-0.058587
-0.058588
-0.058588
-0.058589
-0.058590
-0.058591
-0.058591
-0.058592
-0.058593
-0.058593
-0.058594
-0.058594
-0.058595
-0.058595
-0.058596
-0.058597
-0.058597
-0.058598
-0.058598
-0.058599
-0.058599
-0.058600
-0.058600
-0.058600
-0.058601
-0.058601
-0.058602
-0.058602
-0.058602
-0.058603
-0.058603
-0.058604
-0.058604
-0.058604
-0.058605
-0.058605
-0.058605
-0.058605
-0.058606
-0.058606
-0.058606
-0.058606
-0.058607
-0.058607
-0.058607
-0.058607
-0.058607
-0.058608
-0.058608
-0.058608
-0.058608
-0.058608
-0.058608
-0.058609
-0.058609
-0.058609
-0.058609
-0.058609
-0.058609
-0.058609
-0.058609
-0.058609
-0.058609
-0.058609
-0.058609
-0.058609
-0.058610
-0.058610
-0.058610
-0.058610
-0.058610
-0.058610
-0.058610
-0.058609
-0.058609
-0.058609
-0.058609
-0.058609
-0.058609
-0.058609
-0.058609
-0.058609
-0.058609
-0.058609
-0.058609
-0.058609
-0.058609
-0.058608
-0.058608
-0.058608
-0.058608
-0.058608
-0.058608
-0.058608
-0.058608
-0.058607
-0.058607
-0.058607
-0.058607
-0.058607
-0.058607
-0.058606
-0.058606
-0.058606
-0.058606
-0.058606
-0.058605
-0.058605
-0.058605
-0.058605
-0.058605
-0.058604
-0.058604
-0.058604
-0.058604
-0.058603
-0.058603
-0.058603
-0.058603
-0.058602
-0.058602
-0.058602
-0.058602
-0.058601
-0.058601
-0.058601
-0.058601
-0.058600
-0.058600
-0.058600
-0.058599
-0.058599
-0.058599
-0.058599
-0.058598
-0.058598
-0.058598
-0.058597
-0.058597
-0.058597
-0.058596
-0.058596
-0.058596
-0.058596
-0.058595
-0.058595
-0.058595
-0.058594
-0.058594
-0.058594
-0.058593
-0.058593
-0.058593
-0.058592
-0.058592
-0.058592
-0.058591
-0.058591
-0.058591
-0.058590
-0.058590
-0.058590
-0.058589
-0.058589
-0.058589
-0.058588
-0.058588
-0.058588
-0.058587
-0.058587
-0.058587
-0.058586
-0.058586
-0.058586
-0.058585
-0.058585
-0.058585
-0.058584
-0.058584
-0.058584
-0.058583
-0.058583
-0.058583
-0.058582
-0.058582
-0.058582
-0.058581
-0.058581
-0.058581
-0.058580
-0.058580
-0.058580
-0.058579
-0.058579
-0.058579
-0.058578
-0.058578
-0.058578
-0.058577
-0.058577
-0.058577
-0.058576
-0.058576
-0.058576
-0.058576
-0.058575
-0.058575
-0.058575
-0.058574
-0.058574
-0.058574
-0.058573
-0.058573
-0.058573
-0.058572
-0.058572
-0.058572
-0.058572
-0.058571
-0.058571
-0.058571
-0.058570
-0.058570
-0.058570
-0.058570
-0.058569
-0.058569
-0.058569
-0.058568
-0.058568
-0.058568
-0.058568
-0.058567
-0.058567
-0.058567
-0.058567
-0.058566
-0.058566
-0.058566
-0.058566
-0.058565
-0.058565
-0.058565
-0.058565
-0.058564
-0.058564
-0.058564
-0.058564
-0.058564
-0.058563
-0.058563
-0.058563
-0.058563
-0.058563
-0.058562
-0.058562
-0.058562
-0.058562
-0.058562
-0.058561
-0.058561
-0.058561
-0.058561
-0.058561
-0.058560
-0.058560
-0.058560
-0.058560
-0.058560
-0.058560
-0.058560
-0.058559
-0.058559
-0.058559
-0.058559
-0.058559
-0.058559
-0.058559
-0.058558
-0.058558
-0.058558
-0.058558
-0.058558
-0.058558
-0.058558
-0.058558
-0.058558
-0.058558
-0.058557
-0.058557
-0.058557
-0.058557
-0.058557
-0.058557
-0.058557
-0.058557
-0.058557
-0.058557
-0.058557
-0.058557
-0.058557
-0.058557
-0.058557
-0.058557
-0.058557
-0.058557
-0.058557
-0.058557
-0.058557
-0.058557
-0.058557
-0.058557
-0.058557
-0.058557
-0.058557
-0.058557
-0.058557
-0.058557
-0.058557
-0.058557
-0.058557
-0.058557
-0.058557
-0.058557
-0.058557
-0.058557
-0.058557
-0.058557
-0.058557
-0.058558
-0.058558
-0.058558
-0.058558
-0.058558
-0.058558
-0.058558
-0.058558
-0.058558
-0.058559
-0.058559
-0.058559
-0.058559
-0.058559
-0.058559
-0.058559
-0.058560
-0.058560
-0.058560
-0.058560
-0.058560
-0.058560
-0.058561
-0.058561
-0.058561
-0.058561
-0.058562
-0.058562
-0.058562
-0.058562
-0.058562
-0.058563
-0.058563
-0.058563
-0.058563
-0.058564
-0.058564
-0.058564
-0.058564
-0.058565
-0.058565
-0.058565
-0.058566
-0.058566
-0.058566
-0.058567
-0.058567
-0.058567
-0.058567
-0.058568
-0.058568
-0.058568
-0.058569
-0.058569
-0.058570
-0.058570
-0.058570
-0.058571
-0.058571
-0.058571
-0.058572
-0.058572
-0.058573
-0.058573
-0.058573
-0.058574
-0.058574
-0.058575
-0.058575
-0.058576
-0.058576
-0.058576
-0.058577
-0.058577
-0.058578
-0.058578
-0.058579
-0.058579
-0.058580
-0.058580
-0.058581
-0.058581
-0.058582
-0.058582
-0.058583
-0.058583
-0.058584
-0.058584
-0.058585
-0.058585
-0.058586
-0.058586
-0.058587
-0.058588
-0.058588
-0.058589
-0.058589
-0.058590
-0.058590
-0.058591
-0.058592
-0.058592
-0.058593
-0.058593
-0.058594
-0.058595
-0.058595
-0.058596
-0.058597
-0.058597
-0.058598
-0.058599
-0.058599
-0.058600
-0.058601
-0.058601
-0.058602
-0.058603
-0.058603
-0.058604
-0.058605
-0.058606
-0.058606
-0.058607
-0.058608
-0.058608
-0.058609
-0.058610
-0.058611
-0.058612
-0.058612
-0.058613
-0.058614
-0.058615
-0.058615
-0.058616
-0.058617
-0.058618
-0.058619
-0.058619
-0.058620
-0.058621
-0.058622
-0.058623
-0.058624
-0.058624
-0.058625
-0.058626
-0.058627
-0.058628
-0.058629
-0.058630
-0.058631
-0.058631
-0.058632
-0.058633
-0.058634
-0.058635
-0.058636
-0.058637
-0.058638
-0.058639
-0.058640
-0.058641
-0.058642
-0.058643
-0.058644
-0.058645
-0.058645
-0.058646
-0.058647
-0.058648
-0.058649
-0.058650
-0.058651
-0.058652
-0.058653
-0.058655
-0.058656
-0.058657
-0.058658
-0.058659
-0.058660
-0.058661
-0.058662
-0.058663
-0.058664
-0.058665
-0.058666
-0.058667
-0.058668
-0.058669
-0.058671
-0.058672
-0.058673
-0.058674
-0.058675
-0.058676
-0.058677
-0.058678
-0.058680
-0.058681
-0.058682
-0.058683
-0.058684
-0.058685
-0.058687
-0.058688
-0.058689
-0.058690
-0.058691
-0.058693
-0.058694
-0.058695
-0.058696
-0.058698
-0.058699
-0.058700
-0.058701
-0.058703
-0.058704
-0.058705
-0.058706
-0.058708
-0.058709
-0.058710
-0.058711
-0.058713
-0.058714
-0.058715
-0.058717
-0.058718
-0.058719
-0.058721
-0.058722
-0.058723
-0.058725
-0.058726
-0.058727
-0.058729
-0.058730
-0.058731
-0.058733
-0.058734
-0.058736
-0.058737
-0.058738
-0.058740
-0.058741
-0.058743
-0.058744
-0.058745
-0.058747
-0.058748
-0.058750
-0.058751
-0.058753
-0.058754
-0.058756
-0.058757
-0.058758
-0.058760
-0.058761
-0.058763
-0.058764
-0.058766
-0.058767
-0.058769
-0.058770
-0.058772
-0.058773
-0.058775
-0.058776
-0.058778
-0.058780
-0.058781
-0.058783
-0.058784
-0.058786
-0.058787
-0.058789
-0.058790
-0.058792
-0.058794
-0.058795
-0.058797
-0.058798
-0.058800
-0.058802
-0.058803
-0.058805
-0.058806
-0.058808
-0.058810
-0.058811
-0.058813
-0.058815
-0.058816
-0.058818
-0.058820
-0.058821
-0.058823
-0.058825
-0.058826
-0.058828
-0.058830
-0.058831
-0.058833
-0.058835
-0.058837
-0.058838
-0.058840
-0.058842
-0.058843
-0.058845
-0.058847
-0.058849
-0.058850
-0.058852
-0.058854
-0.058856
-0.058858
-0.058859
-0.058861
-0.058863
-0.058865
-0.058866
-0.058868
-0.058870
-0.058872
-0.058874
-0.058875
-0.058877
-0.058879
-0.058881
-0.058883
-0.058885
-0.058886
-0.058888
-0.058890
-0.058892
-0.058894
-0.058896
-0.058898
-0.058900
-0.058901
-0.058903
-0.058905
-0.058907
-0.058909
-0.058911
-0.058913
-0.058915
-0.058917
-0.058919
-0.058920
-0.058922
-0.058924
-0.058926
-0.058928
-0.058930
-0.058932
-0.058934
-0.058936
-0.058938
-0.058940
-0.058942
-0.058944
-0.058946
-0.058948
-0.058950
-0.058952
-0.058954
-0.058956
-0.058958
-0.058960
-0.058962
-0.058964
-0.058966
-0.058968
-0.058970
-0.058972
-0.058974
-0.058976
-0.058978
-0.058980
-0.058982
-0.058984
-0.058987
-0.058989
-0.058991
-0.058993
-0.058995
-0.058997
-0.058999
-0.059001
-0.059003
-0.059005
-0.059008
-0.059010
-0.059012
-0.059014
-0.059016
-0.059018
-0.059020
-0.059022
-0.059025
-0.059027
-0.059029
-0.059031
-0.059033
-0.059035
-0.059038
-0.059040
-0.059042
-0.059044
-0.059046
-0.059048
-0.059051
-0.059053
-0.059055
-0.059057
-0.059059
-0.059062
-0.059064
-0.059066
-0.059068
-0.059071
-0.059073
-0.059075
-0.059077
-0.059080
-0.059082
-0.059084
-0.059086
-0.059089
-0.059091
-0.059093
-0.059095
-0.059098
-0.059100
-0.059102
-0.059104
-0.059107
-0.059109
-0.059111
-0.059114
-0.059116
-0.059118
-0.059121
-0.059123
-0.059125
-0.059128
-0.059130
-0.059132
-0.059135
-0.059137
-0.059139
-0.059142
-0.059144
-0.059146
-0.059149
-0.059151
-0.059153
-0.059156
-0.059158
-0.059160
-0.059163
-0.059165
-0.059168
-0.059170
-0.059172
-0.059175
-0.059177
-0.059180
-0.059182
-0.059184
-0.059187
-0.059189
-0.059192
-0.059194
-0.059196
-0.059199
-0.059201
-0.059204
-0.059206
-0.059209
-0.059211
-0.059214
-0.059216
-0.059218
-0.059221
-0.059223
-0.059226
-0.059228
-0.059231
-0.059233
-0.059236
-0.059238
-0.059241
-0.059243
-0.059246
-0.059248
-0.059251
-0.059253
-0.059256
-0.059258
-0.059261
-0.059263
-0.059266
-0.059268
-0.059271
-0.059273
-0.059276
-0.059278
-0.059281
-0.059284
-0.059286
-0.059289
-0.059291
-0.059294
-0.059296
-0.059299
-0.059301
-0.059304
-0.059307
-0.059309
-0.059312
-0.059314
-0.059317
-0.059319
-0.059322
-0.059325
-0.059327
-0.059330
-0.059332
-0.059335
-0.059338
-0.059340
-0.059343
-0.059345
-0.059348
-0.059351
-0.059353
-0.059356
-0.059359
-0.059361
-0.059364
-0.059366
-0.059369
-0.059372
-0.059374
-0.059377
-0.059380
-0.059382
-0.059385
-0.059388
-0.059390
-0.059393
-0.059396
-0.059398
-0.059401
-0.059404
-0.059406
-0.059409
-0.059412
-0.059414
-0.059417

