0.000000
0.000000
-0.000006
-0.000014
-0.000023
-0.000034
-0.000045
-0.000058
-0.000070
-0.000084
-0.000097
-0.000111
-0.000125
-0.000140
-0.000155
-0.000170
-0.000185
-0.000201
-0.000217
-0.000233
-0.000249
-0.000266
-0.000282
-0.000299
-0.000316
-0.000333
-0.000351
-0.000368
-0.000386
-0.000404
-0.000422
-0.000440
-0.000459
-0.000477
-0.000496
-0.000515
-0.000534
-0.000553
-0.000572
-0.000591
-0.000611
-0.000631
-0.000651
-0.000670
-0.000691
-0.000711
-0.000731
-0.000751
-0.000772
-0.000793
-0.000813
-0.000834
-0.000855
-0.000876
-0.000898
-0.000919
-0.000940
-0.000962
-0.000984
-0.001005
-0.001027
-0.001049
-0.001071
-0.001093
-0.001115
-0.001138
-0.001160
-0.001183
-0.001205
-0.001228
-0.001251
-0.001273
-0.001296
-0.001319
-0.001342
-0.001366
-0.001389
-0.001412
-0.001435
-0.001459
-0.001482
-0.001506
-0.001530
-0.001553
-0.001577
-0.001601
-0.001625
-0.001649
-0.001673
-0.001697
-0.001722
-0.001746
-0.001770
-0.001795
-0.001819
-0.001844
-0.001868
-0.001893
-0.001918
-0.001942
-0.001967
-0.001992
-0.002017
-0.002042
-0.002067
-0.002092
-0.002118
-0.002143
-0.002168
-0.002193
-0.002219
-0.002244
-0.002270
-0.002295
-0.002321
-0.002346
-0.002372
-0.002398
-0.002424
-0.002449
-0.002475
-0.002501
-0.002527
-0.002553
-0.002579
-0.002605
-0.002631
-0.002658
-0.002684
-0.002710
-0.002736
-0.002763
-0.002789
-0.002815
-0.002842
-0.002868
-0.002895
-0.002921
-0.002948
-0.002975
-0.003001
-0.003028
-0.003055
-0.003082
-0.003108
-0.003135
-0.003162
-0.003189
-0.003216
-0.003243
-0.003270
-0.003297
-0.003324
-0.003351
-0.003379
-0.003406
-0.003433
-0.003460
-0.003487
-0.003515
-0.003542
-0.003569
-0.003597
-0.003624
-0.003652
-0.003679
-0.003707
-0.003734
-0.003762
-0.003789
-0.003817
-0.003845
-0.003872
-0.003900
-0.003928
-0.003955
-0.003983
-0.004011
-0.004039
-0.004067
-0.004094
-0.004122
-0.004150
-0.004178
-0.004206
-0.004234
-0.004262
-0.004290
-0.004318
-0.004346
-0.004374
-0.004402
-0.004430
-0.004459
-0.004487
-0.004515
-0.004543
-0.004571
-0.004599
-0.004628
-0.004656
-0.004684
-0.004713
-0.004741
-0.004769
-0.004798
-0.004826
-0.004854
-0.004883
-0.004911
-0.004940
-0.004968
-0.004997
-0.005025
-0.005054
-0.005082
-0.005111
-0.005139
-0.005168
-0.005197
-0.005225
-0.005254
-0.005282
-0.005311
-0.005340
-0.005368
-0.005397
-0.005426
-0.005455
-0.005483
-0.005512
-0.005541
-0.005570
-0.005598
-0.005627
-0.005656
-0.005685
-0.005714
-0.005743
-0.005771
-0.005800
-0.005829
-0.005858
-0.005887
-0.005916
-0.005945
-0.005974
-0.006003
-0.006032
-0.006061
-0.006090
-0.006119
-0.006148
-0.006177
-0.006206
-0.006235
-0.006264
-0.006293
-0.006322
-0.006351
-0.006380
-0.006409
-0.006438
-0.006467
-0.006496
-0.006525
-0.006555
-0.006584
-0.006613
-0.006642
-0.006671
-0.006700
-0.006729
-0.006759
-0.006788
-0.006817
-0.006846
-0.006875
-0.006905
-0.006934
-0.006963
-0.006992
-0.007022
-0.007051
-0.007080
-0.007109
-0.007139
-0.007168
-0.007197
-0.007226
-0.007256
-0.007285
-0.007314
-0.007344
-0.007373
-0.007402
-0.007432
-0.007461
-0.007490
-0.007520
-0.007549
-0.007578
-0.007608
-0.007637
-0.007666
-0.007696
-0.007725
-0.007754
-0.007784
-0.007813
-0.007842
-0.007872
-0.007901
-0.007931
-0.007960
-0.007989
-0.008019
-0.008048
-0.008078
-0.008107
-0.008136
-0.008166
-0.008195
-0.008225
-0.008254
-0.008283
-0.008313
-0.008342
-0.008372
-0.008401
-0.008431
-0.008460
-0.008489
-0.008519
-0.008548
-0.008578
-0.008607
-0.008637
-0.008666
-0.008695
-0.008725
-0.008754
-0.008784
-0.008813
-0.008843
-0.008872
-0.008902
-0.008931
-0.008960
-0.008990
-0.009019
-0.009049
-0.009078
-0.009108
-0.009137
-0.009167
-0.009196
-0.009225
-0.009255
-0.009284
-0.009314
-0.009343
-0.009373
-0.009402
-0.009432
-0.009461
-0.009490
-0.009520
-0.009549
-0.009579
-0.009608
-0.009638
-0.009667
-0.009696
-0.009726
-0.009755
-0.009785
-0.009814
-0.009844
-0.009873
-0.009902
-0.009932
-0.009961
-0.009991
-0.010020
-0.010050
-0.010079
-0.010108
-0.010138
-0.010167
-0.010197
-0.010226
-0.010255
-0.010285
-0.010314
-0.010344
-0.010373
-0.010402
-0.010432
-0.010461
-0.010490
-0.010520
-0.010549
-0.010579
-0.010608
-0.010637
-0.010667
-0.010696
-0.010725
-0.010755
-0.010784
-0.010813
-0.010843
-0.010872
-0.010901
-0.010931
-0.010960
-0.010989
-0.011019
-0.011048
-0.011077
-0.011107
-0.011136
-0.011165
-0.011195
-0.011224
-0.011253
-0.011282
-0.011312
-0.011341
-0.011370
-0.011400
-0.011429
-0.011458
-0.011487
-0.011517
-0.011546
-0.011575
-0.011604
-0.011634
-0.011663
-0.011692
-0.011721
-0.011750
-0.011780
-0.011809
-0.011838
-0.011867
-0.011896
-0.011926
-0.011955
-0.011984
-0.012013
-0.012042
-0.012071
-0.012101
-0.012130
-0.012159
-0.012188
-0.012217
-0.012246
-0.012275
-0.012304
-0.012334
-0.012363
-0.012392
-0.012421
-0.012450
-0.012479
-0.012508
-0.012537
-0.012566
-0.012595
-0.012624
-0.012653
-0.012682
-0.012711
-0.012740
-0.012769
-0.012798
-0.012827
-0.012856
-0.012885
-0.012914
-0.012943
-0.012972
-0.013001
-0.013030
-0.013059
-0.013088
-0.013117
-0.013146
-0.013175
-0.013204
-0.013233
-0.013262
-0.013291
-0.013320
-0.013348
-0.013377
-0.013406
-0.013435
-0.013150
-0.011956
-0.009172
-0.004400
0.002425
0.011144
0.021495
0.033181
0.045916
0.059436
0.073512
0.087944
0.102564
0.117232
0.131834
0.146280
0.160496
0.174428
0.188033
0.201279
0.214143
0.226612
0.238676
0.250330
0.261576
0.272415
0.282853
0.292897
0.302556
0.311840
0.321049
0.330752
0.341602
0.353993
0.368007
0.383515
0.400285
0.418054
0.436560
0.455570
0.474874
0.494292
0.513672
0.532890
0.551845
0.570458
0.588665
0.606421
0.623691
0.640451
0.656685
0.672384
0.687545
0.702169
0.716260
0.729825
0.742875
0.755419
0.767471
0.779042
0.790425
0.802168
0.814909
0.829040
0.844656
0.861642
0.879782
0.898825
0.918523
0.938650
0.959005
0.979413
0.999727
1.019826
1.039611
1.059005
1.077947
1.096392
1.114307
1.131667
1.148459
1.164675
1.180310
1.195368
1.209854
1.223774
1.237140
1.249962
1.262254
1.274029
1.285569
1.297411
1.310180
1.324271
1.339789
1.356629
1.374588
1.393422
1.412889
1.432769
1.452863
1.472999
1.493029
1.512833
1.532312
1.551388
1.569999
1.588100
1.605657
1.622646
1.639051
1.654863
1.670081
1.684704
1.698738
1.712191
1.725073
1.737394
1.749169
1.760410
1.771392
1.782641
1.794774
1.808190
1.823001
1.839116
1.856339
1.874433
1.893162
1.912307
1.931671
1.951083
1.970395
1.989484
2.008251
2.026617
2.044518
2.061907
2.078749
2.095018
2.110699
2.125781
2.140261
2.154140
2.167422
2.180115
2.192227
2.203771
2.214759
2.225204
2.235375
2.245787
2.257052
2.269572
2.283469
2.298661
2.314961
2.332138
2.349962
2.368214
2.386700
2.405247
2.423706
2.441954
2.459889
2.477429
2.494510
2.511082
2.527108
2.542561
2.557424
2.571686
2.585342
2.598392
2.610841
2.622694
2.633961
2.644654
2.654784
2.664366
2.673660
2.683175
2.693515
2.705087
2.718023
2.732251
2.747592
2.763824
2.780717
2.798059
2.815654
2.833329
2.850934
2.868344
2.885453
2.902178
2.918451
2.934220
2.949447
2.964103
2.978167
2.991629
3.004481
3.016724
3.028359
3.039393
3.049836
3.059697
3.068990
3.077727
3.085923
3.093593
3.100751
3.107414
3.113595
3.119312
3.124578
3.129408
3.133817
3.137818
3.141426
3.144654
3.147514
3.150019
3.152182
3.154013
3.155524
3.156727
3.157631
3.158246
3.158583
3.158651
3.158458
3.158014
3.157328
3.156406
3.155258
3.153890
3.152310
3.150526
3.148543
3.146369
3.144010
3.141471
3.138760
3.135881
3.132841
3.129644
3.126295
3.122801
3.119165
3.115393
3.111488
3.107456
3.103300
3.099025
3.094634
3.090132
3.085523
3.080809
3.075994
3.071083
3.066077
3.060981
3.055797
3.050529
3.045179
3.039750
3.034245
3.028667
3.023018
3.017300
3.011517
3.005670
2.999761
2.993794
2.987770
2.981691
2.975559
2.969377
2.963145
2.956866
2.950543
2.944175
2.937766
2.931316
2.924828
2.918303
2.911743
2.905148
2.898521
2.891862
2.885173
2.878456
2.871711
2.864940
2.858144
2.851325
2.844482
2.837618
2.830733
2.823829
2.816906
2.809965
2.803008
2.796035
2.789047
2.782045
2.775030
2.768003
2.760964
2.753914
2.746854
2.739784
2.732706
2.725620
2.718526
2.711426
2.704320
2.697208
2.690092
2.682971
2.675846
2.668718
2.661587
2.654454
2.647319
2.640183
2.633047
2.625910
2.618773
2.611636
2.604501
2.597367
2.590234
2.583104
2.575976
2.568851
2.561729
2.554610
2.547496
2.540385
2.533279
2.526178
2.519082
2.511991
2.504905
2.497826
2.490752
2.483685
2.476624
2.469571
2.462524
2.455485
2.448453
2.441429
2.434412
2.427404
2.420404
2.413412
2.406430
2.399455
2.392490
2.385534
2.378588
2.371651
2.364723
2.357805
2.350897
2.343999
2.337111
2.330234
2.323367
2.316510
2.309664
2.302829
2.296004
2.289191
2.282388
2.275597
2.268817
2.262048
2.255291
2.248545
2.241811
2.235089
2.228378
2.221679
2.214992
2.208317
2.201654
2.195003
2.188365
2.181738
2.175124
2.168522
2.161933
2.155356
2.148792
2.142240
2.135700
2.129174
2.122660
2.116159
2.109670
2.103195
2.096732
2.090282
2.083845
2.077421
2.071010
2.064612
2.058227
2.051855
2.045497
2.039151
2.032819
2.026499
2.020193
2.013900
2.007621
2.001354
1.995101
1.988861
1.982635
1.976421
1.970221
1.964035
1.957862
1.951702
1.945555
1.939422
1.933303
1.927197
1.921104
1.915024
1.908958
1.902906
1.896867
1.890841
1.884829
1.878830
1.872845
1.866873
1.860914
1.854969
1.849038
1.843120
1.837215
1.831324
1.825446
1.819582
1.813731
1.807894
1.802070
1.796259
1.790462
1.784679
1.778908
1.773151
1.767408
1.761678
1.755961
1.750258
1.744568
1.738892
1.733228
1.727578
1.721942
1.716319
1.710709
1.705113
1.699529
1.693959
1.688403
1.682859
1.677329
1.671813
1.666309
1.660819
1.655341
1.649877
1.644427
1.638989
1.633565
1.628153
1.622755
1.617370
1.611998
1.606640
1.601294
1.595961
1.590642
1.585335
1.580041
1.574761
1.569493
1.564239
1.558997
1.553769
1.548553
1.543350
1.538160
1.532983
1.527819
1.522668
1.517530
1.512404
1.507291
1.502191
1.497104
1.492029
1.486968
1.481919
1.476882
1.471859
1.466848
1.461849
1.456864
1.451891
1.446930
1.441982
1.437047
1.432124
1.427214
1.422316
1.417431
1.412558
1.407698
1.402850
1.398014
1.393191
1.388381
1.383582
1.378796
1.374023
1.369261
1.364512
1.359775
1.355051
1.350338
1.345638
1.340950
1.336274
1.331610
1.326959
1.322320
1.317692
1.313077
1.308474
1.303883
1.299303
1.294736
1.290181
1.285638
1.281107
1.276587
1.272080
1.267584
1.263100
1.258628
1.254168
1.249720
1.245283
1.240859
1.236445
1.232044
1.227654
1.223276
1.218910
1.214555
1.210212
1.205881
1.201561
1.197252
1.192956
1.188670
1.184396
1.180134
1.175883
1.171644
1.167416
1.163199
1.158994
1.154800
1.150617
1.146446
1.142286
1.138137
1.133999
1.129873
1.125758
1.121654
1.117561
1.113480
1.109409
1.105350
1.101301
1.097264
1.093238
1.089223
1.085218
1.081225
1.077243
1.073271
1.069311
1.065362
1.061423
1.057495
1.053578
1.049672
1.045777
1.041892
1.038018
1.034155
1.030303
1.026461
1.022630
1.018810
1.015000
1.011201
1.007412
1.003634
0.999867
0.996110
0.992364
0.988628
0.984902
0.981187
0.977483
0.973788
0.970105
0.966431
0.962768
0.959115
0.955473
0.951840
0.948218
0.944607
0.941005
0.937414
0.933833
0.930262
0.926701
0.923150
0.919610
0.916079
0.912559
0.909048
0.905548
0.902057
0.898577
0.895106
0.891646
0.888195
0.884754
0.881323
0.877902
0.874491
0.871090
0.867698
0.864316
0.860944
0.857582
0.854229
0.850886
0.847553
0.844229
0.840915
0.837610
0.834316
0.831030
0.827755
0.824488
0.821232
0.817984
0.814747
0.811519
0.808300
0.805090
0.801890
0.798700
0.795518
0.792346
0.789184
0.786030
0.782886
0.779751
0.776626
0.773509
0.770402
0.767304
0.764215
0.761136
0.758065
0.755004
0.751951
0.748908
0.745874
0.742848
0.739832
0.736825
0.733826
0.730837
0.727856
0.724885
0.721922
0.718968
0.716023
0.713087
0.710159
0.707241
0.704331
0.701430
0.698537
0.695654
0.692779
0.689912
0.687055
0.684206
0.681365
0.678534
0.675710
0.672896
0.670090
0.667292
0.664503
0.661722
0.658950
0.656187
0.653431
0.650685
0.647946
0.645216
0.642494
0.639781
0.637076
0.634379
0.631691
0.629010
0.626339
0.623675
0.621019
0.618372
0.615733
0.613102
0.610479
0.607864
0.605257
0.602659
0.600068
0.597486
0.594911
0.592345
0.589786
0.587235
0.584693
0.582158
0.579631
0.577113
0.574602
0.572099
0.569603
0.567116
0.564636
0.562164
0.559700
0.557244
0.554795
0.552355
0.549921
0.547496
0.545078
0.542668
0.540266
0.537871
0.535483
0.533104
0.530732
0.528367
0.526010
0.523660
0.521318
0.518984
0.516657
0.514337
0.512025
0.509720
0.507422
0.505132
0.502850
0.500574
0.498306
0.496046
0.493792
0.491546
0.489307
0.487075
0.484851
0.482634
0.480423
0.478221
0.476025
0.473836
0.471655
0.469480
0.467313
0.465153
0.463000
0.460853
0.458714
0.456582
0.454457
0.452339
0.450228
0.448123
0.446026
0.443936
0.441852
0.439775
0.437705
0.435642
0.433586
0.431537
0.429494
0.427459
0.425430
0.423407
0.421392
0.419383
0.417381
0.415385
0.413397
0.411415
0.409439
0.407470
0.405508
0.403552
0.401603
0.399661
0.397725
0.395795
0.393872
0.391956
0.390046
0.388142
0.386245
0.384355
0.382470
0.380592
0.378721
0.376856
0.374997
0.373145
0.371299
0.369459
0.367626
0.365798
0.363978
0.362163
0.360354
0.358552
0.356756
0.354966
0.353183
0.351405
0.349634
0.347869
0.346110
0.344357
0.342610
0.340869
0.339134
0.337405
0.335682
0.333966
0.332255
0.330550
0.328851
0.327159
0.325472
0.323791
0.322116
0.320446
0.318783
0.317126
0.315474
0.313828
0.312188
0.310554
0.308926
0.307303
0.305686
0.304075
0.302470
0.300870
0.299276
0.297688
0.296106
0.294529
0.292958
0.291392
0.289832
0.288278
0.286729
0.285186
0.283648
0.282116
0.280589
0.279068
0.277553
0.276043
0.274538
0.273039
0.271546
0.270058
0.268575
0.267097
0.265626
0.264159
0.262698
0.261242
0.259792
0.258346
0.256907
0.255472
0.254043
0.252619
0.251200
0.249787
0.248379
0.246976
0.245578
0.244185
0.242798
0.241416
0.240039
0.238667
0.237300
0.235939
0.234582
0.233231
0.231884
0.230543
0.229207
0.227875
0.226549
0.225228
0.223912
0.222600
0.221294
0.219993
0.218697
0.217405
0.216119
0.214837
0.213560
0.212289
0.211022
0.209760
0.208502
0.207250
0.206002
0.204760
0.203522
0.202288
0.201060
0.199836
0.198617
0.197403
0.196193
0.194989
0.193788
0.192593
0.191402
0.190216
0.189035
0.187858
0.186685
0.185518
0.184355
0.183196
0.182042
0.180893
0.179748
0.178608
0.177472
0.176341
0.175214
0.174091
0.172974
0.171860
0.170751
0.169647
0.168547
0.167451
0.166359
0.165272
0.164190
0.163112
0.162038
0.160968
0.159903
0.158842
0.157785
0.156733
0.155685
0.154641
0.153601
0.152566
0.151535
0.150508
0.149485
0.148467
0.147452
0.146442
0.145436
0.144434
0.143436
0.142443
0.141453
0.140467
0.139486
0.138509
0.137535
0.136566
0.135601
0.134640
0.133682
0.132729
0.131780
0.130835
0.129894
0.128956
0.128023
0.127093
0.126168
0.125246
0.124328
0.123414
0.122504
0.121598
0.120696
0.119797
0.118903
0.118012
0.117125
0.116242
0.115362
0.114486
0.113614
0.112746
0.111882
0.111021
0.110164
0.109310
0.108461
0.107615
0.106772
0.105934
0.105099
0.104267
0.103439
0.102615
0.101794
0.100977
0.100164
0.099354
0.098548
0.097745
0.096945
0.096150
0.095357
0.094568
0.093783
0.093001
0.092223
0.091448
0.090676
0.089908
0.089144
0.088382
0.087624
0.086870
0.086119
0.085371
0.084627
0.083886
0.083148
0.082413
0.081682
0.080954
0.080230
0.079509
0.078791
0.078076
0.077364
0.076656
0.075951
0.075249
0.074550
0.073855
0.073162
0.072473
0.071787
0.071104
0.070425
0.069748
0.069075
0.068404
0.067737
0.067073
0.066411
0.065753
0.065098
0.064446
0.063797
0.063151
0.062508
0.061868
0.061231
0.060597
0.059966
0.059338
0.058713
0.058091
0.057471
0.056855
0.056241
0.055631
0.055023
0.054418
0.053816
0.053217
0.052621
0.052027
0.051436
0.050849
0.050263
0.049681
0.049102
0.048525
0.047951
0.047380
0.046811
0.046245
0.045682
0.045122
0.044564
0.044009
0.043457
0.042907
0.042360
0.041816
0.041274
0.040735
0.040199
0.039665
0.039134
0.038605
0.038079
0.037556
0.037035
0.036516
0.036000
0.035487
0.034976
0.034468
0.033962
0.033459
0.032958
0.032459
0.031964
0.031470
0.030979
0.030490
0.030004
0.029521
0.029039
0.028560
0.028084
0.027609
0.027138
0.026668
0.026201
0.025736
0.025274
0.024813
0.024356
0.023900
0.023447
0.022996
0.022547
0.022101
0.021656
0.021214
0.020775
0.020337
0.019902
0.019469
0.019038
0.018609
0.018183
0.017759
0.017336
0.016916
0.016498
0.016083
0.015669
0.015258
0.014848
0.014441
0.014036
0.013633
0.013232
0.012833
0.012436
0.012041
0.011648
0.011257
0.010868
0.010482
0.010097
0.009714
0.009333
0.008954
0.008578
0.008203
0.007830
0.007459
0.007090
0.006723
0.006357
0.005994
0.005633
0.005273
0.004916
0.004560
0.004206
0.003854
0.003504
0.003155
0.002809
0.002464
0.002121
0.001780
0.001441
0.001104
0.000768
0.000434
0.000102
-0.000228
-0.000557
-0.000884
-0.001209
-0.001532
-0.001854
-0.002174
-0.002492
-0.002808
-0.003123
-0.003436
-0.003748
-0.004058
-0.004366
-0.004672
-0.004977
-0.005280
-0.005582
-0.005882
-0.006180
-0.006477
-0.006772
-0.007066
-0.007358
-0.007648
-0.007937
-0.008224
-0.008510
-0.008794
-0.009077
-0.009358
-0.009637
-0.009915
-0.010192
-0.010467
-0.010740
-0.011012
-0.011283
-0.011552
-0.011819
-0.012086
-0.012350
-0.012614
-0.012875
-0.013136
-0.013395
-0.013652
-0.013908
-0.014163
-0.014416
-0.014668
-0.014919
-0.015168
-0.015416
-0.015662
-0.015907
-0.016151
-0.016393
-0.016634
-0.016874
-0.017112
-0.017349
-0.017585
-0.017819
-0.018052
-0.018284
-0.018515
-0.018744
-0.018972
-0.019199
-0.019424
-0.019648
-0.019871
-0.020093
-0.020313
-0.020533
-0.020751
-0.020967
-0.021183
-0.021397
-0.021611
-0.021823
-0.022033
-0.022243
-0.022451
-0.022659
-0.022865
-0.023070
-0.023274
-0.023476
-0.023678
-0.023878
-0.024077
-0.024276
-0.024473
-0.024668
-0.024863
-0.025057
-0.025250
-0.025441
-0.025632
-0.025821
-0.026009
-0.026196
-0.026383
-0.026568
-0.026752
-0.026935
-0.027117
-0.027298
-0.027478
-0.027657
-0.027834
-0.028011
-0.028187
-0.028362
-0.028536
-0.028709
-0.028881
-0.029052
-0.029222
-0.029391
-0.029559
-0.029726
-0.029892
-0.030057
-0.030221
-0.030384
-0.030547
-0.030708
-0.030869
-0.031028
-0.031187
-0.031345
-0.031501
-0.031657
-0.031812
-0.031967
-0.032120
-0.032272
-0.032424
-0.032574
-0.032724
-0.032873
-0.033021
-0.033168
-0.033315
-0.033460
-0.033605
-0.033749
-0.033892
-0.034034
-0.034175
-0.034316
-0.034456
-0.034594
-0.034733
-0.034870
-0.035006
-0.035142
-0.035277
-0.035411
-0.035545
-0.035677
-0.035809
-0.035940
-0.036071
-0.036200
-0.036329
-0.036457
-0.036584
-0.036711
-0.036837
-0.036962
-0.037086
-0.037210
-0.037333
-0.037455
-0.037577
-0.037698
-0.037818
-0.037937
-0.038056
-0.038174
-0.038291
-0.038408
-0.038524
-0.038639
-0.038754
-0.038868
-0.038981
-0.039094
-0.039206
-0.039317
-0.039428
-0.039538
-0.039647
-0.039756
-0.039864
-0.039971
-0.040078
-0.040184
-0.040290
-0.040395
-0.040499
-0.040603
-0.040706
-0.040809
-0.040911
-0.041012
-0.041113
-0.041213
-0.041312
-0.041411
-0.041510
-0.041607
-0.041705
-0.041801
-0.041897
-0.041993
-0.042088
-0.042182
-0.042276
-0.042369
-0.042462
-0.042554
-0.042646
-0.042737
-0.042828
-0.042918
-0.043007
-0.043096
-0.043185
-0.043272
-0.043360
-0.043447
-0.043533
-0.043619
-0.043704
-0.043789
-0.043874
-0.043957
-0.044041
-0.044124
-0.044206
-0.044288
-0.044369
-0.044450
-0.044531
-0.044611
-0.044690
-0.044769
-0.044848
-0.044926
-0.045003
-0.045080
-0.045157
-0.045233
-0.045309
-0.045384
-0.045459
-0.045534
-0.045608
-0.045681
-0.045754
-0.045827
-0.045899
-0.045971
-0.046043
-0.046114
-0.046184
-0.046254
-0.046324
-0.046393
-0.046462
-0.046531
-0.046599
-0.046666
-0.046734
-0.046800
-0.046867
-0.046933
-0.046999
-0.047064
-0.047129
-0.047193
-0.047257
-0.047321
-0.047384
-0.047447
-0.047510
-0.047572
-0.047634
-0.047695
-0.047757
-0.047817
-0.047878
-0.047938
-0.047997
-0.048057
-0.048115
-0.048174
-0.048232
-0.048290
-0.048348
-0.048405
-0.048462
-0.048518
-0.048574
-0.048630
-0.048686
-0.048741
-0.048796
-0.048850
-0.048904
-0.048958
-0.049012
-0.049065
-0.049118
-0.049170
-0.049223
-0.049274
-0.049326
-0.049377
-0.049428
-0.049479
-0.049529
-0.049580
-0.049629
-0.049679
-0.049728
-0.049777
-0.049825
-0.049874
-0.049922
-0.049969
-0.050017
-0.050064
-0.050111
-0.050157
-0.050204
-0.050250
-0.050295
-0.050341
-0.050386
-0.050431
-0.050475
-0.050520
-0.050564
-0.050608
-0.050651
-0.050695
-0.050738
-0.050780
-0.050823
-0.050865
-0.050907
-0.050949
-0.050990
-0.051032
-0.051073
-0.051113
-0.051154
-0.051194
-0.051234
-0.051274
-0.051313
-0.051352
-0.051392
-0.051430
-0.051469
-0.051507
-0.051545
-0.051583
-0.051621
-0.051658
-0.051695
-0.051732
-0.051769
-0.051805
-0.051842
-0.051878
-0.051914
-0.051949
-0.051985
-0.052020
-0.052055
-0.052089
-0.052124
-0.052158
-0.052192
-0.052226
-0.052260
-0.052293
-0.052327
-0.052360
-0.052393
-0.052425
-0.052458
-0.052490
-0.052522
-0.052554
-0.052586
-0.052617
-0.052648
-0.052680
-0.052710
-0.052741
-0.052772
-0.052802
-0.052832
-0.052862
-0.052892
-0.052922
-0.052951
-0.052980
-0.053009
-0.053038
-0.053067
-0.053095
-0.053124
-0.053152
-0.053180
-0.053208
-0.053235
-0.053263
-0.053290
-0.053317
-0.053344
-0.053371
-0.053398
-0.053424
-0.053450
-0.053477
-0.053503
-0.053528
-0.053554
-0.053580
-0.053605
-0.053630
-0.053655
-0.053680
-0.053705
-0.053729
-0.053754
-0.053778
-0.053802
-0.053826
-0.053850
-0.053874
-0.053897
-0.053920
-0.053944
-0.053967
-0.053990
-0.054012
-0.054035
-0.054058
-0.054080
-0.054102
-0.054124
-0.054146
-0.054168
-0.054190
-0.054211
-0.054233
-0.054254
-0.054275
-0.054296
-0.054317
-0.054338
-0.054358
-0.054379
-0.054399
-0.054419
-0.054439
-0.054459
-0.054479
-0.054499
-0.054519
-0.054538
-0.054557
-0.054577
-0.054596
-0.054615
-0.054634
-0.054652
-0.054671
-0.054690
-0.054708
-0.054726
-0.054744
-0.054762
-0.054780
-0.054798
-0.054816
-0.054834
-0.054851
-0.054868
-0.054886
-0.054903
-0.054920
-0.054937
-0.054954
-0.054970
-0.054987
-0.055004
-0.055020
-0.055036
-0.055052
-0.055069
-0.055085
-0.055100
-0.055116
-0.055132
-0.055148
-0.055163
-0.055178
-0.055194
-0.055209
-0.055224
-0.055239
-0.055254
-0.055269
-0.055283
-0.055298
-0.055313
-0.055327
-0.055341
-0.055356
-0.055370
-0.055384
-0.055398
-0.055412
-0.055426
-0.055439
-0.055453
-0.055466
-0.055480
-0.055493
-0.055507
-0.055520
-0.055533
-0.055546
-0.055559
-0.055572
-0.055584
-0.055597
-0.055610
-0.055622
-0.055635
-0.055647
-0.055659
-0.055672
-0.055684
-0.055696
-0.055708
-0.055720
-0.055731
-0.055743
-0.055755
-0.055766
-0.055778
-0.055789
-0.055801
-0.055812
-0.055823
-0.055834
-0.055845
-0.055856
-0.055867
-0.055878
-0.055889
-0.055900
-0.055910
-0.055921
-0.055931
-0.055942
-0.055952
-0.055963
-0.055973
-0.055983
-0.055993
-0.056003
-0.056013
-0.056023
-0.056033
-0.056043
-0.056052
-0.056062
-0.056072
-0.056081
-0.056091
-0.056100
-0.056109
-0.056119
-0.056128
-0.056137
-0.056146
-0.056155
-0.056164
-0.056173
-0.056182
-0.056191
-0.056199
-0.056208
-0.056217
-0.056225
-0.056234
-0.056242
-0.056251
-0.056259
-0.056267
-0.056275
-0.056284
-0.056292
-0.056300
-0.056308
-0.056316
-0.056324
-0.056332
-0.056339
-0.056347
-0.056355
-0.056363
-0.056370
-0.056378
-0.056385
-0.056393
-0.056400
-0.056407
-0.056415
-0.056422
-0.056429
-0.056436
-0.056444
-0.056451
-0.056458
-0.056465
-0.056471
-0.056478
-0.056485
-0.056492
-0.056499
-0.056505
-0.056512
-0.056519
-0.056525
-0.056532
-0.056538
-0.056545
-0.056551
-0.056557
-0.056564
-0.056570
-0.056576
-0.056582
-0.056589
-0.056595
-0.056601
-0.056607
-0.056613
-0.056619
-0.056625
-0.056630
-0.056636
-0.056642
-0.056648
-0.056654
-0.056659
-0.056665
-0.056670
-0.056676
-0.056682
-0.056687
-0.056692
-0.056698
-0.056703
-0.056709
-0.056714
-0.056719
-0.056724
-0.056730
-0.056735
-0.056740
-0.056745
-0.056750
-0.056755
-0.056760
-0.056765
-0.056770
-0.056775
-0.056780
-0.056784
-0.056789
-0.056794
-0.056799
-0.056803
-0.056808
-0.056813
-0.056817
-0.056822
-0.056827
-0.056831
-0.056836
-0.056840
-0.056844
-0.056849
-0.056853
-0.056857
-0.056862
-0.056866
-0.056870
-0.056875
-0.056879
-0.056883
-0.056887
-0.056891
-0.056895
-0.056899
-0.056903
-0.056907
-0.056911
-0.056915
-0.056919
-0.056923
-0.056927
-0.056931
-0.056935
-0.056938
-0.056942
-0.056946
-0.056950
-0.056953
-0.056957
-0.056961
-0.056964
-0.056968
-0.056972
-0.056975
-0.056979
-0.056982
-0.056986
-0.056989
-0.056993
-0.056996
-0.056999
-0.057003
-0.057006
-0.057009
-0.057013
-0.057016
-0.057019
-0.057023
-0.057026
-0.057029
-0.057032
-0.057035
-0.057039
-0.057042
-0.057045
-0.057048
-0.057051
-0.057054
-0.057057
-0.057060
-0.057063
-0.057066
-0.057069
-0.057072
-0.057075
-0.057078
-0.057081
-0.057083
-0.057086
-0.057089
-0.057092
-0.057095
-0.057097
-0.057100
-0.057103
-0.057106
-0.057108
-0.057111
-0.057114
-0.057116
-0.057119
-0.057122
-0.057124
-0.057127
-0.057129
-0.057132
-0.057134
-0.057137
-0.057139
-0.057142
-0.057144
-0.057147
-0.057149
-0.057152
-0.057154
-0.057157
-0.057159
-0.057161
-0.057164
-0.057166
-0.057168
-0.057171
-0.057173
-0.057175
-0.057178
-0.057180
-0.057182
-0.057184
-0.057187
-0.057189
-0.057191
-0.057193
-0.057196
-0.057198
-0.057200
-0.057202
-0.057204
-0.057206
-0.057208
-0.057210
-0.057213
-0.057215
-0.057217
-0.057219
-0.057221
-0.057223
-0.057225
-0.057227
-0.057229
-0.057231
-0.057233
-0.057235
-0.057237
-0.057239
-0.057241
-0.057243
-0.057244
-0.057246
-0.057248
-0.057250
-0.057252
-0.057254
-0.057256
-0.057258
-0.057259
-0.057261
-0.057263
-0.057265
-0.057267
-0.057269
-0.057270
-0.057272
-0.057274
-0.057276
-0.057277
-0.057279
-0.057281
-0.057283
-0.057284
-0.057286
-0.057288
-0.057289
-0.057291
-0.057293
-0.057294
-0.057296
-0.057298
-0.057299
-0.057301
-0.057303
-0.057304
-0.057306
-0.057308
-0.057309
-0.057311
-0.057312
-0.057314
-0.057316
-0.057317
-0.057319
-0.057320
-0.057322
-0.057323
-0.057325
-0.057327
-0.057328
-0.057330
-0.057331
-0.057333
-0.057334
-0.057336
-0.057337
-0.057339
-0.057340
-0.057342
-0.057343
-0.057345
-0.057346
-0.057348
-0.057349
-0.057351
-0.057352
-0.057353
-0.057355
-0.057356
-0.057358
-0.057359
-0.057361
-0.057362
-0.057363
-0.057365
-0.057366
-0.057368
-0.057369
-0.057371
-0.057372
-0.057373
-0.057375
-0.057376
-0.057377
-0.057379
-0.057380
-0.057382
-0.057383
-0.057384
-0.057386
-0.057387
-0.057388
-0.057390
-0.057391
-0.057392
-0.057394
-0.057395
-0.057397
-0.057398
-0.057399
-0.057401
-0.057402
-0.057403
-0.057404
-0.057406
-0.057407
-0.057408
-0.057410
-0.057411
-0.057412
-0.057414
-0.057415
-0.057416
-0.057418
-0.057419
-0.057420
-0.057422
-0.057423
-0.057424
-0.057425
-0.057427
-0.057428
-0.057429
-0.057431
-0.057432
-0.057433
-0.057434
-0.057436
-0.057437
-0.057438
-0.057440
-0.057441
-0.057442
-0.057443
-0.057445
-0.057446
-0.057447
-0.057448
-0.057450
-0.057451
-0.057452
-0.057453
-0.057455
-0.057456
-0.057457
-0.057459
-0.057460
-0.057461
-0.057462
-0.057464
-0.057465
-0.057466
-0.057467
-0.057469
-0.057470
-0.057471
-0.057472
-0.057474
-0.057475
-0.057476
-0.057478
-0.057479
-0.057480
-0.057481
-0.057483
-0.057484
-0.057485
-0.057486
-0.057488
-0.057489
-0.057490
-0.057491
-0.057493
-0.057494
-0.057495
-0.057496
-0.057498
-0.057499
-0.057500
-0.057502
-0.057503
-0.057504
-0.057505
-0.057507
-0.057508
-0.057509
-0.057510
-0.057512
-0.057513
-0.057514
-0.057516
-0.057517
-0.057518
-0.057519
-0.057521
-0.057522
-0.057523
-0.057525
-0.057526
-0.057527
-0.057528
-0.057530
-0.057531
-0.057532
-0.057534
-0.057535
-0.057536
-0.057538
-0.057539
-0.057540
-0.057542
-0.057543
-0.057544
-0.057545
-0.057547
-0.057548
-0.057549
-0.057551
-0.057552
-0.057553
-0.057555
-0.057556
-0.057557
-0.057559
-0.057560
-0.057561
-0.057563
-0.057564
-0.057565
-0.057567
-0.057568
-0.057569
-0.057571
-0.057572
-0.057573
-0.057575
-0.057576
-0.057578
-0.057579
-0.057580
-0.057582
-0.057583
-0.057584
-0.057586
-0.057587
-0.057589
-0.057590
-0.057591
-0.057593
-0.057594
-0.057595
-0.057597
-0.057598
-0.057600
-0.057601
-0.057602
-0.057604
-0.057605
-0.057607
-0.057608
-0.057610
-0.057611
-0.057612
-0.057614
-0.057615
-0.057617
-0.057618
-0.057620
-0.057621
-0.057622
-0.057624
-0.057625
-0.057627
-0.057628
-0.057630
-0.057631
-0.057633
-0.057634
-0.057636
-0.057637
-0.057638
-0.057640
-0.057641
-0.057643
-0.057644
-0.057646
-0.057647
-0.057649
-0.057650
-0.057652
-0.057653
-0.057655
-0.057656
-0.057658
-0.057659
-0.057661
-0.057662
-0.057664
-0.057666
-0.057667
-0.057669
-0.057670
-0.057672
-0.057673
-0.057675
-0.057676
-0.057678
-0.057679
-0.057681
-0.057683
-0.057684
-0.057686
-0.057687
-0.057689
-0.057691
-0.057692
-0.057694
-0.057695
-0.057697
-0.057698
-0.057700
-0.057702
-0.057703
-0.057705
-0.057707
-0.057708
-0.057710
-0.057711
-0.057713
-0.057715
-0.057716
-0.057718
-0.057720
-0.057721
-0.057723
-0.057725
-0.057726
-0.057728
-0.057730
-0.057731
-0.057733
-0.057735
-0.057736
-0.057738
-0.057740
-0.057741
-0.057743
-0.057745
-0.057746
-0.057748
-0.057750
-0.057752
-0.057753
-0.057755
-0.057757
-0.057759
-0.057760
-0.057762
-0.057764
-0.057765
-0.057767
-0.057769
-0.057771
-0.057772
-0.057774
-0.057776
-0.057778
-0.057780
-0.057781
-0.057783
-0.057785
-0.057787
-0.057789
-0.057790
-0.057792
-0.057794
-0.057796
-0.057798
-0.057799
-0.057801
-0.057803
-0.057805
-0.057807
-0.057809
-0.057810
-0.057812
-0.057814
-0.057816
-0.057818
-0.057820
-0.057822
-0.057823
-0.057825
-0.057827
-0.057829
-0.057831
-0.057833
-0.057835
-0.057837
-0.057838
-0.057840
-0.057842
-0.057844
-0.057846
-0.057848
-0.057850
-0.057852
-0.057854
-0.057856
-0.057858
-0.057860
-0.057862
-0.057864
-0.057865
-0.057867
-0.057869
-0.057871
-0.057873
-0.057875
-0.057877
-0.057879
-0.057881
-0.057883
-0.057885
-0.057887
-0.057889
-0.057891
-0.057893
-0.057895
-0.057897
-0.057899
-0.057901
-0.057903
-0.057905
-0.057907
-0.057909
-0.057912
-0.057914
-0.057916
-0.057918
-0.057920
-0.057922
-0.057924
-0.057926
-0.057928
-0.057930
-0.057932
-0.057934
-0.057936
-0.057938
-0.057941
-0.057943
-0.057945
-0.057947
-0.057949
-0.057951
-0.057953
-0.057955
-0.057958
-0.057960
-0.057962
-0.057964
-0.057966
-0.057968
-0.057970
-0.057973
-0.057975
-0.057977
-0.057979
-0.057981
-0.057983
-0.057986
-0.057988
-0.057990
-0.057992
-0.057994
-0.057997
-0.057999
-0.058001
-0.058003
-0.058005
-0.058008
-0.058010
-0.058012
-0.058014
-0.058017
-0.058019
-0.058021
-0.058023
-0.058026
-0.058028
-0.058030
-0.058032
-0.058035
-0.058037
-0.058039
-0.058041
-0.058044
-0.058046
-0.058048
-0.058051
-0.058053
-0.058055
-0.058058
-0.058060
-0.058062
-0.058065
-0.058067
-0.058069
-0.058071
-0.058074
-0.058076
-0.058079
-0.058081
-0.058083
-0.058086
-0.058088
-0.058090
-0.058093
-0.058095
-0.058097
-0.058100
-0.058102
-0.058105
-0.058107
-0.058109
-0.058112
-0.058114
-0.058116
-0.058119
-0.058121
-0.058124
-0.058126
-0.058129
-0.058131
-0.058133
-0.058136
-0.058138
-0.058141
-0.058143
-0.058146
-0.058148
-0.058151
-0.058153
-0.058155
-0.058158
-0.058160
-0.058163
-0.058165
-0.058168
-0.058170
-0.058173
-0.058175
-0.058178
-0.058180
-0.058183
-0.058185
-0.058188
-0.058190
-0.058193
-0.058195
-0.058198
-0.058200
-0.058203
-0.058205
-0.058208
-0.058211
-0.058213
-0.058216
-0.058218
-0.058221
-0.058223
-0.058226
-0.058228
-0.058231
-0.058234
-0.058236
-0.058239
-0.058241
-0.058244
-0.058247
-0.058249
-0.058252
-0.058254
-0.058257
-0.058260
-0.058262
-0.058265
-0.058267
-0.058270
-0.058273
-0.058275
-0.058278
-0.058281
-0.058283
-0.058286
-0.058288
-0.058291
-0.058294
-0.058296
-0.058299
-0.058302
-0.058304
-0.058307
-0.058310
-0.058312
-0.058315
-0.058318
-0.058320
-0.058323
-0.058326
-0.058329
-0.058331
-0.058334
-0.058337
-0.058339
-0.058342
-0.058345
-0.058348
-0.058350
-0.058353
-0.058356
-0.058358
-0.058361
-0.058364
-0.058367
-0.058369
-0.058372
-0.058375
-0.058378
-0.058380
-0.058383
-0.058386
-0.058389
-0.058391
-0.058394
-0.058397
-0.058400
-0.058403
-0.058405
-0.058408
-0.058411
-0.058414
-0.058417
-0.058419
-0.058422
-0.058425
-0.058428
-0.058431
-0.058433
-0.058436
-0.058439
-0.058442
-0.058445
-0.058448
-0.058450
-0.058453
-0.058456
-0.058459
-0.058462
-0.058465
-0.058468
-0.058470
-0.058473
-0.058476
-0.058479
-0.058482
-0.058485
-0.058488
-0.058490
-0.058493
-0.058496
-0.058499
-0.058502
-0.058505
-0.058508
-0.058511
-0.058514
-0.058517
-0.058519
-0.058522
-0.058525
-0.058528
-0.058531
-0.058534
-0.058537
-0.058540
-0.058543
-0.058546
-0.058549
-0.058552
-0.058555
-0.058558
-0.058560
-0.058563
-0.058566
-0.058569
-0.058572
-0.058575
-0.058578
-0.058581
-0.058584
-0.058587
-0.058590
-0.058593
-0.058596
-0.058599
-0.058602
-0.058605
-0.058608
-0.058611
-0.058614
-0.058617
-0.058620
-0.058623
-0.058626
-0.058629
-0.058632
-0.058635
-0.058638
-0.058641
-0.058644
-0.058647
-0.058650
-0.058653
-0.058656
-0.058659
-0.058662
-0.058665
-0.058668
-0.058671
-0.058675
-0.058678
-0.058681
-0.058684
-0.058687
-0.058690
-0.058693
-0.058696
-0.058699
-0.058702
-0.058705
-0.058708
-0.058711
-0.058714
-0.058717
-0.058721
-0.058724
-0.058727
-0.058730
-0.058733
-0.058736
-0.058739
-0.058742
-0.058745
-0.058748
-0.058752
-0.058755
-0.058758
-0.058761
-0.058764
-0.058767
-0.058770
-0.058773
-0.058777
-0.058780
-0.058783
-0.058786
-0.058789
-0.058792
-0.058795
-0.058799
-0.058802
-0.058805
-0.058808
-0.058811
-0.058814
-0.058817
-0.058821
-0.058824
-0.058827
-0.058830
-0.058833
-0.058836
-0.058840
-0.058843
-0.058846
-0.058849
-0.058852
-0.058856
-0.058859
-0.058862
-0.058865
-0.058868
-0.058871
-0.058875
-0.058878
-0.058881
-0.058884
-0.058887
-0.058891
-0.058894
-0.058897
-0.058900
-0.058904
-0.058907
-0.058910
-0.058913
-0.058916
-0.058920
-0.058923
-0.058926
-0.058929
-0.058933
-0.058936
-0.058939
-0.058942
-0.058946
-0.058949
-0.058952
-0.058955
-0.058959
-0.058962
-0.058965
-0.058968
-0.058972
-0.058975
-0.058978
-0.058981
-0.058985
-0.058988
-0.058991
-0.058994
-0.058998
-0.059001
-0.059004
-0.059007
-0.059011
-0.059014
-0.059017
-0.059021
-0.059024
-0.059027
-0.059030
-0.059034
-0.059037
-0.059040
-0.059044
-0.059047
-0.059050
-0.059054
-0.059057
-0.059060
-0.059063
-0.059067
-0.059070
-0.059073
-0.059077
-0.059080
-0.059083
-0.059087
-0.059090
-0.059093
-0.059097
-0.059100
-0.059103
-0.059107
-0.059110
-0.059113
-0.059117
-0.059120
-0.059123
-0.059127
-0.059130
-0.059133
-0.059137
-0.059140
-0.059143
-0.059147
-0.059150
-0.059153
-0.059157
-0.059160
-0.059163
-0.059167
-0.059170
-0.059173
-0.059177
-0.059180
-0.059184
-0.059187
-0.059190
-0.059194
-0.059197
-0.059200
-0.059204
-0.059207
-0.059210
-0.059214
-0.059217
-0.059221
-0.059224
-0.059227
-0.059231
-0.059234
-0.059237

