0.000000
0.000000
-0.000026
-0.000052
-0.000077
-0.000103
-0.000128
-0.000153
-0.000177
-0.000201
-0.000224
-0.000247
-0.000270
-0.000293
-0.000315
-0.000337
-0.000359
-0.000380
-0.000402
-0.000423
-0.000444
-0.000465
-0.000485
-0.000506
-0.000526
-0.000547
-0.000567
-0.000587
-0.000607
-0.000627
-0.000647
-0.000667
-0.000687
-0.000707
-0.000726
-0.000746
-0.000766
-0.000785
-0.000805
-0.000824
-0.000844
-0.000863
-0.000883
-0.000902
-0.000922
-0.000941
-0.000961
-0.000980
-0.001000
-0.001019
-0.001038
-0.001058
-0.001077
-0.001097
-0.001116
-0.001135
-0.001155
-0.001174
-0.001194
-0.001213
-0.001233
-0.001252
-0.001271
-0.001291
-0.001310
-0.001330
-0.001349
-0.001369
-0.001388
-0.001408
-0.001428
-0.001447
-0.001467
-0.001486
-0.001506
-0.001525
-0.001545
-0.001565
-0.001584
-0.001604
-0.001624
-0.001644
-0.001663
-0.001683
-0.001703
-0.001723
-0.001743
-0.001762
-0.001782
-0.001802
-0.001822
-0.001842
-0.001862
-0.001882
-0.001902
-0.001922
-0.001942
-0.001962
-0.001982
-0.002002
-0.002022
-0.002042
-0.002063
-0.002083
-0.002103
-0.002123
-0.002143
-0.002164
-0.002184
-0.002204
-0.002225
-0.002245
-0.002265
-0.002286
-0.002306
-0.002326
-0.002347
-0.002367
-0.002388
-0.002408
-0.002429
-0.002449
-0.002470
-0.002491
-0.002511
-0.002532
-0.002553
-0.002573
-0.002594
-0.002615
-0.002635
-0.002656
-0.002677
-0.002698
-0.002719
-0.002739
-0.002760
-0.002781
-0.002802
-0.002823
-0.002844
-0.002865
-0.002886
-0.002907
-0.002928
-0.002949
-0.002970
-0.002991
-0.003012
-0.003033
-0.003054
-0.003075
-0.003097
-0.003118
-0.003139
-0.003160
-0.003181
-0.003203
-0.003224
-0.003245
-0.003266
-0.003288
-0.003309
-0.003330
-0.003352
-0.003373
-0.003395
-0.003416
-0.003437
-0.003459
-0.003480
-0.003502
-0.003523
-0.003545
-0.003566
-0.003588
-0.003610
-0.003631
-0.003653
-0.003674
-0.003696
-0.003718
-0.003739
-0.003761
-0.003783
-0.003804
-0.003826
-0.003848
-0.003869
-0.003891
-0.003913
-0.003935
-0.003956
-0.003978
-0.004000
-0.004022
-0.004044
-0.004066
-0.004088
-0.004109
-0.004131
-0.004153
-0.004175
-0.004197
-0.004219
-0.004241
-0.004263
-0.004285
-0.004307
-0.004329
-0.004351
-0.004373
-0.004395
-0.004417
-0.004439
-0.004461
-0.004483
-0.004505
-0.004527
-0.004550
-0.004572
-0.004594
-0.004616
-0.004638
-0.004660
-0.004683
-0.004705
-0.004727
-0.004749
-0.004771
-0.004794
-0.004816
-0.004838
-0.004860
-0.004883
-0.004905
-0.004927
-0.004949
-0.004972
-0.004994
-0.005016
-0.005039
-0.005061
-0.005083
-0.005106
-0.005128
-0.005150
-0.005173
-0.005195
-0.005218
-0.005240
-0.005262
-0.005285
-0.005307
-0.005330
-0.005352
-0.005375
-0.005397
-0.005419
-0.005442
-0.005464
-0.005487
-0.005509
-0.005532
-0.005554
-0.005577
-0.005599
-0.005622
-0.005644
-0.005667
-0.005690
-0.005712
-0.005735
-0.005757
-0.005780
-0.005802
-0.005825
-0.005847
-0.005870
-0.005893
-0.005915
-0.005938
-0.005960
-0.005983
-0.006006
-0.006028
-0.006051
-0.006073
-0.006096
-0.006119
-0.006141
-0.006164
-0.006187
-0.006209
-0.006232
-0.006255
-0.006277
-0.006300
-0.006323
-0.006345
-0.006368
-0.006391
-0.006413
-0.006436
-0.006459
-0.006482
-0.006504
-0.006527
-0.006550
-0.006572
-0.006595
-0.006618
-0.006641
-0.006663
-0.006686
-0.006709
-0.006731
-0.006754
-0.006777
-0.006800
-0.006822
-0.006845
-0.006868
-0.006891
-0.006913
-0.006936
-0.006959
-0.006982
-0.007004
-0.007027
-0.007050
-0.007073
-0.007095
-0.007118
-0.007141
-0.007164
-0.007187
-0.007209
-0.007232
-0.007255
-0.007278
-0.007300
-0.007323
-0.007346
-0.007369
-0.007392
-0.007414
-0.007437
-0.007460
-0.007483
-0.007505
-0.007528
-0.007551
-0.007574
-0.007597
-0.007619
-0.007642
-0.007665
-0.007688
-0.007711
-0.007733
-0.007756
-0.007779
-0.007802
-0.007825
-0.007847
-0.007870
-0.007893
-0.007916
-0.007939
-0.007961
-0.007984
-0.008007
-0.008030
-0.008052
-0.008075
-0.008098
-0.008121
-0.008144
-0.008166
-0.008189
-0.008212
-0.008235
-0.008258
-0.008280
-0.008303
-0.008326
-0.008349
-0.008371
-0.008394
-0.008417
-0.008440
-0.008462
-0.008485
-0.008508
-0.008531
-0.008554
-0.008576
-0.008599
-0.008622
-0.008645
-0.008667
-0.008690
-0.008713
-0.008736
-0.008758
-0.008781
-0.008804
-0.008827
-0.008849
-0.008872
-0.008895
-0.008917
-0.008940
-0.008963
-0.008986
-0.009008
-0.009031
-0.009054
-0.009077
-0.009099
-0.009122
-0.009145
-0.009167
-0.009190
-0.009213
-0.009235
-0.009258
-0.009281
-0.009304
-0.009326
-0.009349
-0.009372
-0.009394
-0.009417
-0.009440
-0.009462
-0.009485
-0.009508
-0.009530
-0.009553
-0.009576
-0.009598
-0.009621
-0.009643
-0.009666
-0.009689
-0.009711
-0.009734
-0.009757
-0.009779
-0.009802
-0.009824
-0.009847
-0.009870
-0.009892
-0.009915
-0.009937
-0.009960
-0.009983
-0.010005
-0.010028
-0.010050
-0.010073
-0.010095
-0.010118
-0.010141
-0.010163
-0.010186
-0.010208
-0.010231
-0.010253
-0.010276
-0.010298
-0.010321
-0.010343
-0.010366
-0.010388
-0.010411
-0.010433
-0.010456
-0.010478
-0.010501
-0.010523
-0.010546
-0.010568
-0.010591
-0.010613
-0.010636
-0.010658
-0.010680
-0.010703
-0.010725
-0.010748
-0.010770
-0.010793
-0.010815
-0.010837
-0.010860
-0.010882
-0.010905
-0.010927
-0.010949
-0.010972
-0.010994
-0.011017
-0.011039
-0.011061
-0.011084
-0.011106
-0.011128
-0.011151
-0.011173
-0.011195
-0.011218
-0.011240
-0.011262
-0.011285
-0.011307
-0.011329
-0.011351
-0.011374
-0.011396
-0.011418
-0.011440
-0.011463
-0.011485
-0.011507
-0.011529
-0.011552
-0.011574
-0.011596
-0.011618
-0.011641
-0.011663
-0.011685
-0.011707
-0.011729
-0.011752
-0.011774
-0.011796
-0.011818
-0.011840
-0.011862
-0.011884
-0.011907
-0.011929
-0.011951
-0.011973
-0.011995
-0.012017
-0.012039
-0.012061
-0.012083
-0.012106
-0.012128
-0.012150
-0.012172
-0.012194
-0.012216
-0.012238
-0.012260
-0.012282
-0.012304
-0.012326
-0.012348
-0.012370
-0.012392
-0.012414
-0.012436
-0.012458
-0.012480
-0.012502
-0.012524
-0.012546
-0.012568
-0.012590
-0.012612
-0.012634
-0.012655
-0.012677
-0.012699
-0.012721
-0.012743
-0.012765
-0.012787
-0.012809
-0.012831
-0.012852
-0.012874
-0.012896
-0.012918
-0.012940
-0.012962
-0.012983
-0.013005
-0.013027
-0.013049
-0.013070
-0.013092
-0.013114
-0.013136
-0.013158
-0.013179
-0.013201
-0.013223
-0.013244
-0.013266
-0.013288
-0.013310
-0.013331
-0.013353
-0.013375
-0.013396
-0.013418
-0.013440
-0.013461
-0.013483
-0.013505
-0.013526
-0.013548
-0.013569
-0.013591
-0.013613
-0.013634
-0.013656
-0.013677
-0.013699
-0.013721
-0.013742
-0.013764
-0.013785
-0.013807
-0.013828
-0.013850
-0.013871
-0.013893
-0.013914
-0.013936
-0.013957
-0.013979
-0.014000
-0.014022
-0.014043
-0.014065
-0.014086
-0.014107
-0.014129
-0.014150
-0.014172
-0.014193
-0.014214
-0.014236
-0.014257
-0.014278
-0.014300
-0.014321
-0.014343
-0.014364
-0.014385
-0.014406
-0.014428
-0.014449
-0.014470
-0.014492
-0.014513
-0.014534
-0.014555
-0.014577
-0.014598
-0.014619
-0.014640
-0.014662
-0.014683
-0.014704
-0.014725
-0.014746
-0.014768
-0.014789
-0.014810
-0.014831
-0.014852
-0.014873
-0.014894
-0.014916
-0.014937
-0.014958
-0.014979
-0.015000
-0.015021
-0.015042
-0.015063
-0.015084
-0.015105
-0.015126
-0.015147
-0.015168
-0.015189
-0.015210
-0.015231
-0.015252
-0.015273
-0.015294
-0.015315
-0.015336
-0.015357
-0.015378
-0.015399
-0.015420
-0.015441
-0.015462
-0.015483
-0.015504
-0.015524
-0.015545
-0.015566
-0.015587
-0.015608
-0.015629
-0.015650
-0.015670
-0.015691
-0.015712
-0.015733
-0.015754
-0.015774
-0.015795
-0.015816
-0.015837
-0.015857
-0.015878
-0.015899
-0.015920
-0.015940
-0.015961
-0.015982
-0.016002
-0.016023
-0.016044
-0.016064
-0.016085
-0.016106
-0.016126
-0.016147
-0.016168
-0.016188
-0.016209
-0.016229
-0.016250
-0.016271
-0.016291
-0.016312
-0.016332
-0.016353
-0.016373
-0.016394
-0.016414
-0.016435
-0.016455
-0.016476
-0.016496
-0.016517
-0.016537
-0.016558
-0.016578
-0.016599
-0.016619
-0.016639
-0.016660
-0.016680
-0.016701
-0.016721
-0.016741
-0.016762
-0.016782
-0.016802
-0.016823
-0.016843
-0.016863
-0.016884
-0.016904
-0.016924
-0.016945
-0.016965
-0.016985
-0.017005
-0.017026
-0.017046
-0.017066
-0.017086
-0.017107
-0.017127
-0.017147
-0.017167
-0.017187
-0.017207
-0.017228
-0.017248
-0.017268
-0.017288
-0.017308
-0.017328
-0.017348
-0.017369
-0.017389
-0.017409
-0.017429
-0.017449
-0.017469
-0.017489
-0.017509
-0.017529
-0.017549
-0.017569
-0.017589
-0.017609
-0.017629
-0.017649
-0.017669
-0.017689
-0.017709
-0.017729
-0.017749
-0.017769
-0.017789
-0.017808
-0.017828
-0.017848
-0.017868
-0.017888
-0.017908
-0.017928
-0.017948
-0.017967
-0.017987
-0.018007
-0.018027
-0.018047
-0.018066
-0.018086
-0.018106
-0.018126
-0.018145
-0.018165
-0.018185
-0.018205
-0.018224
-0.018244
-0.018264
-0.018284
-0.018303
-0.018323
-0.018343
-0.018362
-0.018382
-0.018401
-0.018421
-0.018441
-0.018460
-0.018480
-0.018500
-0.018519
-0.018539
-0.018558
-0.018578
-0.018597
-0.018617
-0.018636
-0.018656
-0.018675
-0.018695
-0.018714
-0.018734
-0.018753
-0.018773
-0.018792
-0.018812
-0.018831
-0.018851
-0.018870
-0.018889
-0.018909
-0.018928
-0.018948
-0.018967
-0.018986
-0.019006
-0.019025
-0.019044
-0.019064
-0.019083
-0.019102
-0.019122
-0.019141
-0.019160
-0.019179
-0.019199
-0.019218
-0.019237
-0.019256
-0.019276
-0.019295
-0.019314
-0.019333
-0.019353
-0.019372
-0.019391
-0.019410
-0.019429
-0.019448
-0.019468
-0.019487
-0.019506
-0.019525
-0.019544
-0.019563
-0.019582
-0.019601
-0.019620
-0.019639
-0.019658
-0.019677
-0.019696
-0.019715
-0.019734
-0.019753
-0.019772
-0.019791
-0.019810
-0.019829
-0.019848
-0.019867
-0.019886
-0.019905
-0.019924
-0.019943
-0.019962
-0.019981
-0.020000
-0.020019
-0.020037
-0.020056
-0.020075
-0.020094
-0.020113
-0.020132
-0.020150
-0.020169
-0.020188
-0.020207
-0.020226
-0.020244
-0.020263
-0.020282
-0.020301
-0.020319
-0.020338
-0.020357
-0.020375
-0.020394
-0.020413
-0.020432
-0.020450
-0.020469
-0.020488
-0.020506
-0.020525
-0.020543
-0.020562
-0.020581
-0.020599
-0.020618
-0.020636
-0.020655
-0.020674
-0.020692
-0.020711
-0.020729
-0.020748
-0.020766
-0.020785
-0.020803
-0.020822
-0.020840
-0.020859
-0.020877
-0.020895
-0.020914
-0.020932
-0.020951
-0.020969
-0.020988
-0.021006
-0.021024
-0.021043
-0.021061
-0.021079
-0.021098
-0.021116
-0.021135
-0.021153
-0.021171
-0.021189
-0.021208
-0.021226
-0.021244
-0.021263
-0.021281
-0.021299
-0.021317
-0.021336
-0.021354
-0.021372
-0.021390
-0.021408
-0.021427
-0.021445
-0.021463
-0.021481
-0.021499
-0.021517
-0.021536
-0.021554
-0.021572
-0.021590
-0.021608
-0.021626
-0.021644
-0.021662
-0.021680
-0.021698
-0.021716
-0.021734
-0.021752
-0.021770
-0.021788
-0.021806
-0.021824
-0.021842
-0.021860
-0.021878
-0.021896
-0.021914
-0.021932
-0.021950
-0.021968
-0.021986
-0.022004
-0.022022
-0.022040
-0.022058
-0.022075
-0.022093
-0.022111
-0.022129
-0.022147
-0.022165
-0.022182
-0.022200
-0.022218
-0.022236
-0.022254
-0.022271
-0.022289
-0.022307
-0.022325
-0.022342
-0.022360
-0.022378
-0.022395
-0.022413
-0.022431
-0.022448
-0.022466
-0.022484
-0.022501
-0.022519
-0.022537
-0.022554
-0.022572
-0.022590
-0.022607
-0.022625
-0.022642
-0.022660
-0.022677
-0.022695
-0.022713
-0.022730
-0.022748
-0.022765
-0.022783
-0.022800
-0.022818
-0.022835
-0.022853
-0.022870
-0.022887
-0.022905
-0.022922
-0.022940
-0.022957
-0.022975
-0.022992
-0.023009
-0.023027
-0.023044
-0.023062
-0.023079
-0.023096
-0.023114
-0.023131
-0.023148
-0.023166
-0.023183
-0.023200
-0.023217
-0.023235
-0.023252
-0.023269
-0.023286
-0.023304
-0.023321
-0.023338
-0.023355
-0.023373
-0.023390
-0.023407
-0.023424
-0.023441
-0.023458
-0.023476
-0.023493
-0.023510
-0.023527
-0.023544
-0.023561
-0.023578
-0.023595
-0.023613
-0.023630
-0.023647
-0.023664
-0.023681
-0.023698
-0.023715
-0.023732
-0.023749
-0.023766
-0.023783
-0.023800
-0.023817
-0.023834
-0.023851
-0.023868
-0.023885
-0.023902
-0.023919
-0.023935
-0.023952
-0.023969
-0.023986
-0.024003
-0.024020
-0.024037
-0.024054
-0.024070
-0.024087
-0.024104
-0.024121
-0.024138
-0.024155
-0.024171
-0.024188
-0.024205
-0.024222
-0.024238
-0.024255
-0.024272
-0.024289
-0.024305
-0.024322
-0.024339
-0.024356
-0.024372
-0.024389
-0.024406
-0.024422
-0.024439
-0.024456
-0.024472
-0.024489
-0.024505
-0.024522
-0.024539
-0.024555
-0.024572
-0.024588
-0.024605
-0.024622
-0.024638
-0.024655
-0.024671
-0.024688
-0.024704
-0.024721
-0.024737
-0.024754
-0.024770
-0.024787
-0.024803
-0.024820
-0.024836
-0.024852
-0.024869
-0.024885
-0.024902
-0.024918
-0.024935
-0.024951
-0.024967
-0.024984
-0.025000
-0.025016
-0.025033
-0.025049
-0.025065
-0.025082
-0.025098
-0.025114
-0.025131
-0.025147
-0.025163
-0.025179
-0.025196
-0.025212
-0.025228
-0.025244
-0.025261
-0.025277
-0.025293
-0.025309
-0.025326
-0.025342
-0.025358
-0.025374
-0.025390
-0.025406
-0.025423
-0.025439
-0.025455
-0.025471
-0.025487
-0.025503
-0.025519
-0.025535
-0.025551
-0.025567
-0.025583
-0.025600
-0.025616
-0.025632
-0.025648
-0.025664
-0.025680
-0.025696
-0.025712
-0.025728
-0.025744
-0.025760
-0.025775
-0.025791
-0.025807
-0.025823
-0.025839
-0.025855
-0.025871
-0.025887
-0.025903
-0.025919
-0.025935
-0.025950
-0.025966
-0.025982
-0.025998
-0.026014
-0.026030
-0.026045
-0.026061
-0.026077
-0.026093
-0.026109
-0.026124
-0.026140
-0.026156
-0.026172
-0.026187
-0.026203
-0.026219
-0.026235
-0.026250
-0.026266
-0.026282
-0.026297
-0.026313
-0.026329
-0.026344
-0.026360
-0.026376
-0.026391
-0.026407
-0.026422
-0.026438
-0.026454
-0.026469
-0.026485
-0.026500
-0.026516
-0.026532
-0.026547
-0.026563
-0.026578
-0.026594
-0.026609
-0.026625
-0.026640
-0.026656
-0.026671
-0.026687
-0.026702
-0.026718
-0.026733
-0.026748
-0.026764
-0.026779
-0.026795
-0.026810
-0.026825
-0.026841
-0.026856
-0.026872
-0.026887
-0.026902
-0.026918
-0.026933
-0.026948
-0.026964
-0.026979
-0.026994
-0.027010
-0.027025
-0.027040
-0.027055
-0.027071
-0.027086
-0.027101
-0.027116
-0.027132
-0.027147
-0.027162
-0.027177
-0.027193
-0.027208
-0.027223
-0.027238
-0.027253
-0.027268
-0.027284
-0.027299
-0.027314
-0.027329
-0.027344
-0.027359
-0.027374
-0.027389
-0.027405
-0.027420
-0.027435
-0.027450
-0.027465
-0.027480
-0.027495
-0.027510
-0.027525
-0.027540
-0.027555
-0.027570
-0.027585
-0.027600
-0.027615
-0.027630
-0.027645
-0.027660
-0.027675
-0.027690
-0.027705
-0.027720
-0.027734
-0.027749
-0.027764
-0.027779
-0.027794
-0.027809
-0.027824
-0.027839
-0.027853
-0.027868
-0.027883
-0.027898
-0.027913
-0.027928
-0.027942
-0.027957
-0.027972
-0.027987
-0.028001
-0.028016
-0.028031
-0.028046
-0.028060
-0.028075
-0.028090
-0.028105
-0.028119
-0.028134
-0.028149
-0.028163
-0.028178
-0.028193
-0.028207
-0.028222
-0.028237
-0.028251
-0.028266
-0.028281
-0.028295
-0.028310
-0.028324
-0.028339
-0.028353
-0.028368
-0.028383
-0.028397
-0.028412
-0.028426
-0.028441
-0.028455
-0.028470
-0.028484
-0.028499
-0.028513
-0.028528
-0.028542
-0.028557
-0.028571
-0.028586
-0.028600
-0.028614
-0.028629
-0.028643
-0.028658
-0.028672
-0.028687
-0.028701
-0.028715
-0.028730
-0.028744
-0.028758
-0.028773
-0.028787
-0.028801
-0.028816
-0.028830
-0.028844
-0.028859
-0.028873
-0.028887
-0.028902
-0.028916
-0.028930
-0.028944
-0.028959
-0.028973
-0.028987
-0.029001
-0.029015
-0.029030
-0.029044
-0.029058
-0.029072
-0.029086
-0.029101
-0.029115
-0.029129
-0.029143
-0.029157
-0.029171
-0.029185
-0.029200
-0.029214
-0.029228
-0.029242
-0.029256
-0.029270
-0.029284
-0.029298
-0.029312
-0.029326
-0.029340
-0.029354
-0.029368
-0.029382
-0.029396
-0.029410
-0.029424
-0.029438
-0.029452
-0.029466
-0.029480
-0.029494
-0.029508
-0.029522
-0.029536
-0.029550
-0.029564
-0.029578
-0.029592
-0.029606
-0.029620
-0.029633
-0.029647
-0.029661
-0.029675
-0.029689
-0.029703
-0.029717
-0.029730
-0.029744
-0.029758
-0.029772
-0.029786
-0.029799
-0.029813
-0.029827
-0.029841
-0.029854
-0.029868
-0.029882
-0.029896
-0.029909
-0.029923
-0.029937
-0.029951
-0.029964
-0.029978
-0.029992
-0.030005
-0.030019
-0.030033
-0.030046
-0.030060
-0.030074
-0.030087
-0.030101
-0.030114
-0.030128
-0.030142
-0.030155
-0.030169
-0.030182
-0.030196
-0.030209
-0.030223
-0.030237
-0.030250
-0.030264
-0.030277
-0.030291
-0.030304
-0.030318
-0.030331
-0.030345
-0.030358
-0.030372
-0.030385
-0.030399
-0.030412
-0.030425
-0.030439
-0.030452
-0.030466
-0.030479
-0.030493
-0.030506
-0.030519
-0.030533
-0.030546
-0.030559
-0.030573
-0.030586
-0.030600
-0.030613
-0.030626
-0.030640
-0.030653
-0.030666
-0.030679
-0.030693
-0.030706
-0.030719
-0.030733
-0.030746
-0.030759
-0.030772
-0.030786
-0.030799
-0.030812
-0.030825
-0.030839
-0.030852
-0.030865
-0.030878
-0.030891
-0.030905
-0.030918
-0.030931
-0.030944
-0.030957
-0.030970
-0.030983
-0.030997
-0.031010
-0.031023
-0.031036
-0.031049
-0.031062
-0.031075
-0.031088
-0.031101
-0.031114
-0.031127
-0.031140
-0.031154
-0.031167
-0.031180
-0.031193
-0.031206
-0.031219
-0.031232
-0.031245
-0.031258
-0.031271
-0.031284
-0.031296
-0.031309
-0.031322
-0.031335
-0.031348
-0.031361
-0.031374
-0.031387
-0.031400
-0.031413
-0.031426
-0.031439
-0.031451
-0.031464
-0.031477
-0.031490
-0.031503
-0.031516
-0.031529
-0.031541
-0.031554
-0.031567
-0.031580
-0.031593
-0.031605
-0.031618
-0.031631
-0.031644
-0.031656
-0.031669
-0.031682
-0.031695
-0.031707
-0.031720
-0.031733
-0.031746
-0.031758
-0.031771
-0.031784
-0.031796
-0.031809
-0.031822
-0.031834
-0.031847
-0.031860
-0.031872
-0.031885
-0.031898
-0.031910
-0.031923
-0.031935
-0.031948
-0.031961
-0.031973
-0.031986
-0.031998
-0.032011
-0.032023
-0.032036
-0.032049
-0.032061
-0.032074
-0.032086
-0.032099
-0.032111
-0.032124
-0.032136
-0.032149
-0.032161
-0.032174
-0.032186
-0.032199
-0.032211
-0.032223
-0.032236
-0.032248
-0.032261
-0.032273
-0.032286
-0.032298
-0.032310
-0.032323
-0.032335
-0.032347
-0.032360
-0.032372
-0.032385
-0.032397
-0.032409
-0.032422
-0.032434
-0.032446
-0.032459
-0.032471
-0.032483
-0.032495
-0.032508
-0.032520
-0.032532
-0.032545
-0.032557
-0.032569
-0.032581
-0.032594
-0.032606
-0.032618
-0.032630
-0.032642
-0.032655
-0.032667
-0.032679
-0.032691
-0.032703
-0.032716
-0.032728
-0.032740
-0.032752
-0.032764
-0.032776
-0.032788
-0.032800
-0.032813
-0.032825
-0.032837
-0.032849
-0.032861
-0.032873
-0.032885
-0.032897
-0.032909
-0.032921
-0.032933
-0.032945
-0.032957
-0.032969
-0.032981
-0.032993
-0.033005
-0.033017
-0.033029
-0.033041
-0.033053
-0.033065
-0.033077
-0.033089
-0.033101
-0.033113
-0.033125
-0.033137
-0.033149
-0.033161
-0.033173
-0.033185
-0.033197
-0.033209
-0.033220
-0.033232
-0.033244
-0.033256
-0.033268
-0.033280
-0.033292
-0.033303
-0.033315
-0.033327
-0.033339
-0.033351
-0.033362
-0.033374
-0.033386
-0.033398
-0.033410
-0.033421
-0.033433
-0.033445
-0.033457
-0.033468
-0.033480
-0.033492
-0.033504
-0.033515
-0.033527
-0.033539
-0.033550
-0.033562
-0.033574
-0.033585
-0.033597
-0.033609
-0.033620
-0.033632
-0.033644
-0.033655
-0.033667
-0.033679
-0.033690
-0.033702
-0.033713
-0.033725
-0.033737
-0.033748
-0.033760
-0.033771
-0.033783
-0.033795
-0.033806
-0.033818
-0.033829
-0.033841
-0.033852
-0.033864
-0.033875
-0.033887
-0.033898
-0.033910
-0.033921
-0.033933
-0.033944
-0.033956
-0.033967
-0.033979
-0.033990
-0.034001
-0.034013
-0.034024
-0.034036
-0.034047
-0.034059
-0.034070
-0.034081
-0.034093
-0.034104
-0.034116
-0.034127
-0.034138
-0.034150
-0.034161
-0.034172
-0.034184
-0.034195
-0.034206
-0.034218
-0.034229
-0.034240
-0.034252
-0.034263
-0.034274
-0.034285
-0.034297
-0.034308
-0.034319
-0.034330
-0.034342
-0.034353
-0.034364
-0.034375
-0.034387
-0.034398
-0.034409
-0.034420
-0.034431
-0.034443
-0.034454
-0.034465
-0.034476
-0.034487
-0.034498
-0.034510
-0.034521
-0.034532
-0.034543
-0.034554
-0.034565
-0.034576
-0.034588
-0.034599
-0.034610
-0.034621
-0.034632
-0.034643
-0.034654
-0.034665
-0.034676
-0.034687
-0.034698
-0.034709
-0.034720
-0.034731
-0.034742
-0.034753
-0.034764
-0.034775
-0.034786
-0.034797
-0.034808
-0.034819
-0.034830
-0.034841
-0.034852
-0.034863
-0.034874
-0.034885
-0.034896
-0.034907
-0.034918
-0.034929
-0.034940
-0.034950
-0.034961
-0.034972
-0.034983
-0.034994
-0.035005
-0.035016
-0.035027
-0.035037
-0.035048
-0.035059
-0.035070
-0.035081
-0.035092
-0.035102
-0.035113
-0.035124
-0.035135
-0.035146
-0.035156
-0.035167
-0.035178
-0.035189
-0.035199
-0.035210
-0.035221
-0.035232
-0.035242
-0.035253
-0.035264
-0.035275
-0.035285
-0.035296
-0.035307
-0.035317
-0.035328
-0.035339
-0.035349
-0.035360
-0.035371
-0.035381
-0.035392
-0.035403
-0.035413
-0.035424
-0.035435
-0.035445
-0.035456
-0.035466
-0.035477
-0.035488
-0.035498
-0.035509
-0.035519
-0.035530
-0.035540
-0.035551
-0.035562
-0.035572
-0.035583
-0.035593
-0.035604
-0.035614
-0.035625
-0.035635
-0.035646
-0.035656
-0.035667
-0.035677
-0.035688
-0.035698
-0.035709
-0.035719
-0.035729
-0.035740
-0.035750
-0.035761
-0.035771
-0.035782
-0.035792
-0.035802
-0.035813
-0.035823
-0.035834
-0.035844
-0.035854
-0.035865
-0.035875
-0.035885
-0.035896
-0.035906
-0.035917
-0.035927
-0.035937
-0.035948
-0.035958
-0.035968
-0.035978
-0.035989
-0.035999
-0.036009
-0.036020
-0.036030
-0.036040
-0.036050
-0.036061
-0.036071
-0.036081
-0.036091
-0.036102
-0.036112
-0.036122
-0.036132
-0.036143
-0.036153
-0.036163
-0.036173
-0.036183
-0.036194
-0.036204
-0.036214
-0.036224
-0.036234
-0.036244
-0.036255
-0.036265
-0.036275
-0.036285
-0.036295
-0.036305
-0.036315
-0.036325
-0.036335
-0.036346
-0.036356
-0.036366
-0.036376
-0.036386
-0.036396
-0.036406
-0.036416
-0.036426
-0.036436
-0.036446
-0.036456
-0.036466
-0.036476
-0.036486
-0.036496
-0.036506
-0.036516
-0.036526
-0.036536
-0.036546
-0.036556
-0.036566
-0.036576
-0.036586
-0.036596
-0.036606
-0.036616
-0.036626
-0.036636
-0.036646
-0.036656
-0.036666
-0.036675
-0.036685
-0.036695
-0.036705
-0.036715
-0.036725
-0.036735
-0.036745
-0.036754
-0.036764
-0.036774
-0.036784
-0.036794
-0.036804
-0.036813
-0.036823
-0.036833
-0.036843
-0.036853
-0.036863
-0.036872
-0.036882
-0.036892
-0.036902
-0.036911
-0.036921
-0.036931
-0.036941
-0.036950
-0.036960
-0.036970
-0.036980
-0.036989
-0.036999
-0.037009
-0.037018
-0.037028
-0.037038
-0.037048
-0.037057
-0.037067
-0.037077
-0.037086
-0.037096
-0.037106
-0.037115
-0.037125
-0.037134
-0.037144
-0.037154
-0.037163
-0.037173
-0.037183
-0.037192
-0.037202
-0.037211
-0.037221
-0.037231
-0.037240
-0.037250
-0.037259
-0.037269
-0.037278
-0.037288
-0.037297
-0.037307
-0.037316
-0.037326
-0.037336
-0.037345
-0.037355
-0.037364
-0.037374
-0.037383
-0.037392
-0.037402
-0.037411
-0.037421
-0.037430
-0.037440
-0.037449
-0.037459
-0.037468
-0.037478
-0.037487
-0.037496
-0.037506
-0.037515
-0.037525
-0.037534
-0.037544
-0.037553
-0.037562
-0.037572
-0.037581
-0.037590
-0.037600
-0.037609
-0.037618
-0.037628
-0.037637
-0.037647
-0.037656
-0.037665
-0.037674
-0.037684
-0.037693
-0.037702
-0.037712
-0.037721
-0.037730
-0.037740
-0.037749
-0.037758
-0.037767
-0.037777
-0.037786
-0.037795
-0.037804
-0.037814
-0.037823
-0.037832
-0.037841
-0.037851
-0.037860
-0.037869
0.552816
1.437550
2.462907
3.136897
3.610792
3.954603
4.208481
4.397136
4.536589
4.637703
4.703634
4.742544
4.760050
4.760323
4.746586
4.721398
4.686827
4.644573
4.596048
4.542441
4.484736
4.423771
4.360262
4.294804
4.227904
4.160003
4.091461
4.022588
3.953656
3.884880
3.816448
3.748525
3.681238
3.614697
3.549001
3.484219
3.420414
3.357640
3.295932
3.235321
3.175828
3.117480
3.060278
3.004228
2.949338
2.895602
2.843014
2.791565
2.741253
2.692061
2.643974
2.596979
2.551065
2.506211
2.462399
2.419611
2.377828
2.337039
2.297217
2.258345
2.220402
2.183369
2.147233
2.111968
2.077556
2.043978
2.011215
1.979247
1.948062
1.917637
1.887953
1.858994
1.830741
1.803178
1.776287
1.750057
1.724467
1.699502
1.675146
1.651382
1.628198
1.605577
1.583506
1.561973
1.540962
1.520460
1.500454
1.480931
1.461878
1.443283
1.425133
1.407419
1.390127
1.373248
1.356771
1.340686
1.324981
1.309646
1.294672
1.280049
1.842362
2.693666
3.684872
4.336943
4.795388
5.127564
5.372130
5.552997
5.685673
5.780705
5.840293
5.872799
5.883903
5.877807
5.857748
5.826302
5.785536
5.737150
5.682554
5.622942
5.559300
5.492461
5.423134
5.351943
5.279374
5.205875
5.131801
5.057461
4.983135
4.909029
4.835329
4.762215
4.689797
4.618188
4.547494
4.477772
4.409096
4.341507
4.275040
4.209737
4.145611
4.082675
4.020938
3.960424
3.901114
3.843006
3.786109
3.730401
3.675871
3.622506
3.570309
3.519248
3.469306
3.420466
3.372725
3.326050
3.280422
3.235821
3.192238
3.149644
3.108020
3.067343
3.027594
2.988763
2.950822
2.913750
2.877528
2.842136
2.807561
2.773781
2.740776
2.708528
2.677017
2.646226
2.616142
2.586747
2.558022
2.529951
2.502516
2.475703
2.449494
2.423876
2.398840
2.374366
2.350439
2.327046
2.304172
2.281805
2.259931
2.238537
2.217612
2.197149
2.177130
2.157546
2.138383
2.119632
2.101281
2.083319
2.065738
2.048526
2.031674
2.015172
1.999016
1.983193
1.967695
1.952512
1.937636
1.923059
1.908774
1.894771
1.881045
1.867587
1.854391
1.841450
1.828756
1.816304
1.804089
1.792103
1.780341
1.768796
1.757462
1.746335
1.735407
1.724675
1.714132
1.703774
1.693596
1.683593
1.673761
1.664095
1.654590
1.645243
1.636049
1.627005
1.618106
1.609348
1.600730
1.592247
1.583895
1.575671
1.567571
1.559592
1.551731
1.543984
1.536350
1.528824
1.521404
1.514088
1.506872
1.499755
1.492733
1.485804
1.478966
1.472217
1.465554
1.458974
1.452477
1.446060
1.439720
1.433457
1.427267
1.421150
1.415103
1.409124
1.403213
1.397368
1.391587
1.385868
1.380211
1.374612
1.369072
1.363588
1.358159
1.352783
1.347461
1.342189
1.336968
1.331795
1.326670
1.321591
1.316559
1.311570
1.306625
1.301722
1.296861
1.292040
1.287259
1.282517
1.277813
1.273145
1.268514
1.263918
1.259357
1.254830
1.250336
1.245874
1.241444
1.237046
1.232677
1.228339
1.224030
1.219749
1.215497
1.211272
1.207074
1.202902
1.198756
1.194636
1.190540
1.186470
1.182424
1.178401
1.174401
1.170425
1.166470
1.162537
1.158626
1.154736
1.150866
1.147017
1.143188
1.139378
1.135588
1.131816
1.128063
1.124329
1.120612
1.116914
1.113232
1.109568
1.105921
1.102290
1.098676
1.095078
1.091496
1.087930
1.084378
1.080843
1.077322
1.073816
1.070324
1.066847
1.063384
1.059936
1.056501
1.053079
1.049671
1.046277
1.042895
1.039527
1.036171
1.032828
1.029497
1.026179
1.022873
1.019579
1.016297
1.013027
1.009769
1.006522
1.003287
1.000063
0.996850
0.993648
0.990458
0.987278
0.984109
0.980951
0.977803
0.974667
0.971540
0.968425
0.965319
0.962224
0.959138
0.956063
0.952997
0.949942
0.946896
0.943860
0.940833
0.937816
0.934808
0.931810
0.928820
0.925841
0.922870
0.919908
0.916956
0.914012
0.911077
0.908151
0.905234
0.902326
0.899426
0.896535
0.893653
0.890779
0.887913
0.885056
0.882207
0.879367
0.876535
0.873711
0.870895
0.868088
0.865288
0.862497
0.859714
0.856938
0.854171
0.851411
0.848660
0.845916
0.843180
0.840451
0.837731
0.835018
0.832313
0.829615
0.826925
0.824243
0.821568
0.818900
0.816240
0.813587
0.810942
0.808304
0.805674
0.803051
0.800435
0.797826
0.795224
0.792630
0.790043
0.787463
0.784890
0.782325
0.779766
0.777214
0.774669
0.772132
0.769601
0.767078
0.764561
0.762052
0.759549
0.757053
0.754564
0.752082
0.749607
0.747139
0.744677
0.742222
0.739774
0.737332
0.734897
0.732469
0.730047
0.727632
0.725224
0.722822
0.720427
0.718038
0.715655
0.713280
0.710910
0.708547
0.706191
0.703841
0.701497
0.699159
0.696828
0.694504
0.692185
0.689873
0.687568
0.685268
0.682975
0.680688
0.678407
0.676132
0.673864
0.671602
0.669345
0.667095
0.664851
0.662614
0.660382
0.658156
0.655937
0.653723
0.651516
0.649314
0.647118
0.644929
0.642745
0.640568
0.638396
0.636230
0.634070
0.631916
0.629768
0.627625
0.625489
0.623358
0.621233
0.619114
0.617001
0.614893
0.612792
0.610696
0.608605
0.606521
0.604442
0.602369
0.600301
0.598239
0.596183
0.594132
0.592087
0.590048
0.588014
0.585985
0.583963
0.581945
0.579934
0.577928
0.575927
0.573932
0.571942
0.569958
0.567979
0.566006
0.564038
0.562075
0.560118
0.558166
0.556220
0.554279
0.552344
0.550414
0.548489
0.546570
0.544655
0.542747
0.540843
0.538945
0.537052
0.535164
0.533282
0.531404
0.529532
0.527665
0.525803
0.523947
0.522095
0.520249
0.518407
0.516571
0.514740
0.512914
0.511093
0.509278
0.507467
0.505661
0.503860
0.502064
0.500274
0.498488
0.496707
0.494931
0.493160
0.491394
0.489633
0.487877
0.486126
0.484380
0.482638
0.480902
0.479170
0.477443
0.475721
0.474004
0.472291
0.470583
0.468880
0.467182
0.465489
0.463800
0.462116
0.460437
0.458763
0.457093
0.455428
0.453768
0.452112
0.450461
0.448815
0.447173
0.445536
0.443903
0.442275
0.440652
0.439033
0.437419
0.435809
0.434204
0.432603
0.431007
0.429416
0.427829
0.426246
0.424668
0.423095
0.421525
0.419961
0.418400
0.416845
0.415293
0.413746
0.412204
0.410665
0.409131
0.407602
0.406077
0.404556
0.403039
0.401527
0.400019
0.398516
0.397016
0.395521
0.394031
0.392544
0.391062
0.389584
0.388110
0.386640
0.385175
0.383714
0.382257
0.380804
0.379355
0.377911
0.376470
0.375034
0.373602
0.372174
0.370750
0.369330
0.367914
0.366502
0.365095
0.363691
0.362292
0.360896
0.359505
0.358117
0.356733
0.355354
0.353978
0.352607
0.351239
0.349876
0.348516
0.347160
0.345808
0.344460
0.343116
0.341776
0.340440
0.339108
0.337779
0.336455
0.335134
0.333817
0.332504
0.331195
0.329890
0.328588
0.327290
0.325996
0.324706
0.323419
0.322137
0.320858
0.319582
0.318311
0.317043
0.315779
0.314518
0.313261
0.312008
0.310759
0.309513
0.308271
0.307032
0.305797
0.304566
0.303338
0.302114
0.300894
0.299677
0.298464
0.297254
0.296048
0.294845
0.293646
0.292450
0.291258
0.290070
0.288884
0.287703
0.286525
0.285350
0.284179
0.283011
0.281847
0.280686
0.279529
0.278375
0.277224
0.276077
0.274933
0.273793
0.272656
0.271522
0.270392
0.269265
0.268142
0.267021
0.265904
0.264791
0.263681
0.262574
0.261470
0.260369
0.259272
0.258179
0.257088
0.256001
0.254916
0.253836
0.252758
0.251684
0.250612
0.249544
0.248479
0.247418
0.246359
0.245304
0.244252
0.243203
0.242157
0.241114
0.240075
0.239038
0.238005
0.236975
0.235948
0.234924
0.233903
0.232885
0.231870
0.230858
0.229850
0.228844
0.227841
0.226842
0.225845
0.224852
0.223861
0.222873
0.221889
0.220907
0.219929
0.218953
0.217980
0.217010
0.216044
0.215080
0.214119
0.213161
0.212205
0.211253
0.210304
0.209357
0.208414
0.207473
0.206535
0.205600
0.204668
0.203739
0.202813
0.201889
0.200968
0.200050
0.199135
0.198223
0.197313
0.196406
0.195502
0.194601
0.193703
0.192807
0.191914
0.191024
0.190136
0.189252
0.188370
0.187490
0.186614
0.185740
0.184869
0.184000
0.183134
0.182271
0.181411
0.180553
0.179698
0.178845
0.177995
0.177148
0.176303
0.175461
0.174622
0.173785
0.172951
0.172119
0.171290
0.170464
0.169640
0.168819
0.168000
0.167184
0.166370
0.165559
0.164750
0.163944
0.163141
0.162340
0.161541
0.160745
0.159952
0.159160
0.158372
0.157586
0.156802
0.156021
0.155242
0.154466
0.153692
0.152921
0.152152
0.151385
0.150621
0.149860
0.149100
0.148343
0.147589
0.146837
0.146087
0.145340
0.144595
0.143852
0.143112
0.142374
0.141638
0.140905
0.140174
0.139446
0.138719
0.137995
0.137274
0.136554
0.135837
0.135123
0.134410
0.133700
0.132992
0.132286
0.131583
0.130882
0.130183
0.129486
0.128792
0.128100
0.127410
0.126722
0.126037
0.125353
0.124672
0.123993
0.123317
0.122642
0.121970
0.121300
0.120632
0.119966
0.119302
0.118641
0.117982
0.117324
0.116669
0.116016
0.115366
0.114717
0.114070
0.113426
0.112783
0.112143
0.111505
0.110869
0.110235
0.109603
0.108973
0.108345
0.107719
0.107096
0.106474
0.105855
0.105237
0.104621
0.104008
0.103396
0.102787
0.102180
0.101574
0.100971
0.100369
0.099770
0.099172
0.098577
0.097983
0.097392
0.096802
0.096215
0.095629
0.095046
0.094464
0.093884
0.093306
0.092730
0.092156
0.091584
0.091014
0.090446
0.089880
0.089315
0.088753
0.088192
0.087633
0.087076
0.086521
0.085968
0.085417
0.084868
0.084320
0.083775
0.083231
0.082689
0.082149
0.081611
0.081074
0.080540
0.080007
0.079476
0.078947
0.078419
0.077894
0.077370
0.076848
0.076328
0.075810
0.075293
0.074778
0.074265
0.073754
0.073245
0.072737
0.072231
0.071727
0.071224
0.070724
0.070225
0.069728
0.069232
0.068738
0.068246
0.067756
0.067267
0.066780
0.066295
0.065812
0.065330
0.064850
0.064371
0.063894
0.063419
0.062946
0.062474
0.062004
0.061536
0.061069
0.060604
0.060141
0.059679
0.059219
0.058760
0.058303
0.057848
0.057395
0.056943
0.056492
0.056043
0.055596
0.055151
0.054707
0.054264
0.053824
0.053385
0.052947
0.052511
0.052077
0.051644
0.051213
0.050783
0.050355
0.049928
0.049503
0.049080
0.048658
0.048237
0.047819
0.047401
0.046986
0.046571
0.046159
0.045748
0.045338
0.044930
0.044523
0.044118
0.043714
0.043312
0.042912
0.042513
0.042115
0.041719
0.041324
0.040931
0.040539
0.040149
0.039760
0.039373
0.038987
0.038602
0.038220
0.037838
0.037458
0.037079
0.036702
0.036326
0.035952
0.035579
0.035208
0.034838
0.034469
0.034102
0.033736
0.033372
0.033009
0.032647
0.032287
0.031928
0.031571
0.031215
0.030860
0.030507
0.030155
0.029804
0.029455
0.029108
0.028761
0.028416
0.028072
0.027730
0.027389
0.027049
0.026711
0.026374
0.026038
0.025704
0.025371
0.025040
0.024709
0.024380
0.024053
0.023726
0.023401
0.023077
0.022755
0.022434
0.022114
0.021795
0.021478
0.021162
0.020847
0.020534
0.020222
0.019911
0.019601
0.019293
0.018986
0.018680
0.018376
0.018072
0.017770
0.017470
0.017170
0.016872
0.016575
0.016279
0.015984
0.015691
0.015399
0.015108
0.014818
0.014530
0.014242
0.013956
0.013672
0.013388
0.013106
0.012824
0.012544
0.012265
0.011988
0.011711
0.011436
0.011162
0.010889
0.010617
0.010347
0.010077
0.009809
0.009542
0.009276
0.009011
0.008747
0.008485
0.008224
0.007963
0.007704
0.007446
0.007190
0.006934
0.006680
0.006426
0.006174
0.005923
0.005673
0.005424
0.005176
0.004929
0.004684
0.004439
0.004196
0.003953
0.003712
0.003472
0.003233
0.002995
0.002758
0.002522
0.002287
0.002054
0.001821
0.001590
0.001359
0.001130
0.000901
0.000674
0.000448
0.000222
-0.000002
-0.000225
-0.000447
-0.000668
-0.000888
-0.001107
-0.001325
-0.001542
-0.001758
-0.001973
-0.002187
-0.002400
-0.002612
-0.002823
-0.003033
-0.003242
-0.003450
-0.003656
-0.003862
-0.004067
-0.004271
-0.004474
-0.004676
-0.004877
-0.005078
-0.005277
-0.005475
-0.005672
-0.005868
-0.006064
-0.006258
-0.006451
-0.006644
-0.006835
-0.007026
-0.007215
-0.007404
-0.007592
-0.007779
-0.007965
-0.008150
-0.008334
-0.008517
-0.008699
-0.008881
-0.009061
-0.009241
-0.009419
-0.009597
-0.009774
-0.009950
-0.010125
-0.010299
-0.010472
-0.010645
-0.010816
-0.010987
-0.011157
-0.011326
-0.011494
-0.011661
-0.011828
-0.011993
-0.012158
-0.012322
-0.012485
-0.012647
-0.012808
-0.012969
-0.013128
-0.013287
-0.013445
-0.013603
-0.013759
-0.013914
-0.014069
-0.014223
-0.014376
-0.014529
-0.014680
-0.014831
-0.014981
-0.015130
-0.015278
-0.015426
-0.015573
-0.015719
-0.015864
-0.016009
-0.016152
-0.016295
-0.016437
-0.016579
-0.016720
-0.016860
-0.016999
-0.017137
-0.017275
-0.017412
-0.017548
-0.017683
-0.017818
-0.017952
-0.018086
-0.018218
-0.018350
-0.018481
-0.018612
-0.018741
-0.018870
-0.018999
-0.019126
-0.019253
-0.019379
-0.019505
-0.019630
-0.019754
-0.019878
-0.020000
-0.020122
-0.020244
-0.020365
-0.020485
-0.020604
-0.020723
-0.020841
-0.020959
-0.021076
-0.021192
-0.021308
-0.021422
-0.021537
-0.021650
-0.021763
-0.021876
-0.021988
-0.022099
-0.022209
-0.022319
-0.022429
-0.022537
-0.022645
-0.022753
-0.022860
-0.022966
-0.023072
-0.023177
-0.023281
-0.023385
-0.023489
-0.023591
-0.023694
-0.023795
-0.023896
-0.023997
-0.024097
-0.024196
-0.024295
-0.024393
-0.024491
-0.024588
-0.024685
-0.024781
-0.024876
-0.024971
-0.025066
-0.025160
-0.025253
-0.025346
-0.025438
-0.025530
-0.025621
-0.025712
-0.025803
-0.025892
-0.025982
-0.026070
-0.026159
-0.026246
-0.026334
-0.026420
-0.026507
-0.026593
-0.026678
-0.026763
-0.026847
-0.026931
-0.027015
-0.027098
-0.027180
-0.027262
-0.027344
-0.027425
-0.027505
-0.027586
-0.027665
-0.027745
-0.027824
-0.027902
-0.027980
-0.028058
-0.028135
-0.028212
-0.028288
-0.028364
-0.028439
-0.028514
-0.028589
-0.028663
-0.028737
-0.028810
-0.028883
-0.028956
-0.029028
-0.029100
-0.029171
-0.029242
-0.029312
-0.029383
-0.029452
-0.029522
-0.029591
-0.029660
-0.029728
-0.029796
-0.029863
-0.029931
-0.029997
-0.030064
-0.030130
-0.030196
-0.030261
-0.030326
-0.030391
-0.030455
-0.030519
-0.030583
-0.030646
-0.030709
-0.030771
-0.030834
-0.030896
-0.030957
-0.031019
-0.031079
-0.031140
-0.031200
-0.031260
-0.031320
-0.031379
-0.031438
-0.031497
-0.031556
-0.031614
-0.031672
-0.031729
-0.031786
-0.031843
-0.031900
-0.031956
-0.032012
-0.032068
-0.032123
-0.032179
-0.032234
-0.032288
-0.032343
-0.032397
-0.032450
-0.032504
-0.032557
-0.032610
-0.032663
-0.032715
-0.032767
-0.032819
-0.032871
-0.032922
-0.032974
-0.033024
-0.033075
-0.033125
-0.033176
-0.033225
-0.033275
-0.033325
-0.033374
-0.033423
-0.033471
-0.033520
-0.033568
-0.033616
-0.033664
-0.033711
-0.033759
-0.033806
-0.033852
-0.033899
-0.033946
-0.033992
-0.034038
-0.034083
-0.034129
-0.034174
-0.034219
-0.034264
-0.034309
-0.034354
-0.034398
-0.034442
-0.034486
-0.034529
-0.034573
-0.034616
-0.034659
-0.034702
-0.034745
-0.034787
-0.034830
-0.034872
-0.034914
-0.034956
-0.034997
-0.035039
-0.035080
-0.035121
-0.035162
-0.035202
-0.035243
-0.035283
-0.035323
-0.035363
-0.035403
-0.035443
-0.035482
-0.035522
-0.035561
-0.035600
-0.035639
-0.035677
-0.035716
-0.035754
-0.035792
-0.035830
-0.035868
-0.035906
-0.035943
-0.035981
-0.036018
-0.036055
-0.036092
-0.036129
-0.036165
-0.036202
-0.036238
-0.036275
-0.036311
-0.036347
-0.036382
-0.036418
-0.036453
-0.036489
-0.036524
-0.036559
-0.036594
-0.036629
-0.036664
-0.036698
-0.036733
-0.036767
-0.036801
-0.036835
-0.036869
-0.036903
-0.036937
-0.036970
-0.037004
-0.037037
-0.037070
-0.037103
-0.037136
-0.037169
-0.037201
-0.037234
-0.037267
-0.037299
-0.037331
-0.037363
-0.037395
-0.037427
-0.037459
-0.037491
-0.037522
-0.037554
-0.037585
-0.037616
-0.037647
-0.037678
-0.037709
-0.037740
-0.037771
-0.037801
-0.037832
-0.037862
-0.037892
-0.037923
-0.037953
-0.037983
-0.038012
-0.038042
-0.038072
-0.038102
-0.038131
-0.038160
-0.038190
-0.038219
-0.038248
-0.038277
-0.038306
-0.038335
-0.038364
-0.038392
-0.038421
-0.038449
-0.038478
-0.038506
-0.038534
-0.038562
-0.038590
-0.038618
-0.038646
-0.038674
-0.038701
-0.038729
-0.038757
-0.038784
-0.038811
-0.038839
-0.038866
-0.038893
-0.038920
-0.038947
-0.038974
-0.039001
-0.039027
-0.039054
-0.039080
-0.039107
-0.039133
-0.039160
-0.039186
-0.039212
-0.039238
-0.039264
-0.039290
-0.039316
-0.039342
-0.039367
-0.039393
-0.039418
-0.039444
-0.039469
-0.039495
-0.039520
-0.039545
-0.039570
-0.039595
-0.039620
-0.039645
-0.039670
-0.039695
-0.039720
-0.039744
-0.039769
-0.039793
-0.039818
-0.039842
-0.039866
-0.039891
-0.039915
-0.039939
-0.039963
-0.039987
-0.040011
-0.040035
-0.040059
-0.040082
-0.040106
-0.040130
-0.040153
-0.040177
-0.040200
-0.040223
-0.040247
-0.040270
-0.040293
-0.040316
-0.040339
-0.040362
-0.040385
-0.040408
-0.040431
-0.040454
-0.040476
-0.040499
-0.040522
-0.040544
-0.040567
-0.040589
-0.040611
-0.040634
-0.040656
-0.040678
-0.040700
-0.040722
-0.040744
-0.040766
-0.040788
-0.040810
-0.040832
-0.040853
-0.040875
-0.040897
-0.040918
-0.040940
-0.040961
-0.040983
-0.041004
-0.041025
-0.041047
-0.041068
-0.041089
-0.041110
-0.041131
-0.041152
-0.041173
-0.041194
-0.041215
-0.041236
-0.041256
-0.041277
-0.041298
-0.041318
-0.041339
-0.041359
-0.041380
-0.041400
-0.041420
-0.041441
-0.041461
-0.041481
-0.041501
-0.041521
-0.041541
-0.041561
-0.041581
-0.041601
-0.041621
-0.041641
-0.041661
-0.041680
-0.041700
-0.041720
-0.041739
-0.041759
-0.041778
-0.041798
-0.041817
-0.041836
-0.041856
-0.041875
-0.041894
-0.041913
-0.041932
-0.041951
-0.041970
-0.041989
-0.042008
-0.042027
-0.042046
-0.042065
-0.042084
-0.042102
-0.042121
-0.042140
-0.042158
-0.042177
-0.042195
-0.042214
-0.042232
-0.042251
-0.042269
-0.042287
-0.042305
-0.042324
-0.042342
-0.042360
-0.042378
-0.042396
-0.042414
-0.042432
-0.042450
-0.042468
-0.042485
-0.042503
-0.042521
-0.042539
-0.042556
-0.042574
-0.042592
-0.042609
-0.042627
-0.042644
-0.042661
-0.042679
-0.042696
-0.042713
-0.042731
-0.042748
-0.042765
-0.042782
-0.042799
-0.042816
-0.042833
-0.042850
-0.042867
-0.042884
-0.042901
-0.042918
-0.042935
-0.042951
-0.042968
-0.042985
-0.043001
-0.043018
-0.043035
-0.043051
-0.043068
-0.043084
-0.043100
-0.043117
-0.043133
-0.043149
-0.043166
-0.043182
-0.043198
-0.043214
-0.043230
-0.043246
-0.043263
-0.043279
-0.043294
-0.043310
-0.043326
-0.043342
-0.043358
-0.043374
-0.043390
-0.043405
-0.043421
-0.043437
-0.043452
-0.043468
-0.043483
-0.043499
-0.043514
-0.043530
-0.043545
-0.043560
-0.043576
-0.043591
-0.043606
-0.043621
-0.043637
-0.043652
-0.043667
-0.043682
-0.043697
-0.043712
-0.043727
-0.043742
-0.043757
-0.043772
-0.043787
-0.043801
-0.043816
-0.043831
-0.043846
-0.043860
-0.043875
-0.043890
-0.043904
-0.043919
-0.043933
-0.043948
-0.043962
-0.043977
-0.043991
-0.044005
-0.044020
-0.044034
-0.044048
-0.044062
-0.044077
-0.044091
-0.044105
-0.044119
-0.044133
-0.044147
-0.044161
-0.044175
-0.044189
-0.044203
-0.044217
-0.044231
-0.044244
-0.044258
-0.044272
-0.044286
-0.044299
-0.044313
-0.044327
-0.044340
-0.044354
-0.044367
-0.044381
-0.044394
-0.044408
-0.044421
-0.044435
-0.044448
-0.044461
-0.044475
-0.044488
-0.044501
-0.044514
-0.044527
-0.044541
-0.044554
-0.044567
-0.044580
-0.044593
-0.044606
-0.044619
-0.044632
-0.044645
-0.044657
-0.044670
-0.044683
-0.044696
-0.044709
-0.044721
-0.044734
-0.044747
-0.044759
-0.044772
-0.044785
-0.044797
-0.044810
-0.044822
-0.044835
-0.044847
-0.044860
-0.044872
-0.044884
-0.044897
-0.044909
-0.044921
-0.044934
-0.044946
-0.044958
-0.044970
-0.044982
-0.044994
-0.045007
-0.045019
-0.045031
-0.045043
-0.045055
-0.045067
-0.045079
-0.045090
-0.045102
-0.045114
-0.045126
-0.045138
-0.045150
-0.045161
-0.045173
-0.045185
-0.045196
-0.045208
-0.045220
-0.045231
-0.045243
-0.045254
-0.045266
-0.045277
-0.045289
-0.045300
-0.045312
-0.045323
-0.045334
-0.045346
-0.045357
-0.045368
-0.045379
-0.045391
-0.045402
-0.045413
-0.045424
-0.045435
-0.045446
-0.045457
-0.045468
-0.045480
-0.045491
-0.045502
-0.045512
-0.045523
-0.045534
-0.045545
-0.045556
-0.045567
-0.045578
-0.045588
-0.045599
-0.045610
-0.045621
-0.045631
-0.045642
-0.045653
-0.045663
-0.045674
-0.045684
-0.045695
-0.045705
-0.045716
-0.045726
-0.045737
-0.045747
-0.045758
-0.045768
-0.045778
-0.045789
-0.045799
-0.045809
-0.045820
-0.045830
-0.045840
-0.045850
-0.045860
-0.045871
-0.045881
-0.045891
-0.045901
-0.045911
-0.045921
-0.045931
-0.045941
-0.045951
-0.045961
-0.045971
-0.045981
-0.045991
-0.046000
-0.046010
-0.046020
-0.046030
-0.046040
-0.046049
-0.046059
-0.046069
-0.046079
-0.046088
-0.046098
-0.046107
-0.046117
-0.046127
-0.046136
-0.046146
-0.046155
-0.046165
-0.046174
-0.046184
-0.046193
-0.046202
-0.046212
-0.046221
-0.046231
-0.046240
-0.046249
-0.046258
-0.046268
-0.046277
-0.046286
-0.046295
-0.046305
-0.046314
-0.046323
-0.046332
-0.046341
-0.046350
-0.046359
-0.046368
-0.046377
-0.046386
-0.046395
-0.046404
-0.046413
-0.046422
-0.046431
-0.046440
-0.046449
-0.046458
-0.046466
-0.046475
-0.046484
-0.046493
-0.046502
-0.046510
-0.046519
-0.046528
-0.046536
-0.046545
-0.046554
-0.046562
-0.046571
-0.046579
-0.046588
-0.046596
-0.046605
-0.046613
-0.046622
-0.046630
-0.046639
-0.046647
-0.046656
-0.046664
-0.046672
-0.046681
-0.046689
-0.046697
-0.046706
-0.046714
-0.046722
-0.046731
-0.046739
-0.046747
-0.046755
-0.046763
-0.046771
-0.046780
-0.046788
-0.046796
-0.046804
-0.046812
-0.046820
-0.046828
-0.046836
-0.046844
-0.046852
-0.046860
-0.046868
-0.046876
-0.046884
-0.046892
-0.046899
-0.046907
-0.046915
-0.046923
-0.046931
-0.046939
-0.046946
-0.046954
-0.046962
-0.046970
-0.046977
-0.046985
-0.046993
-0.047000
-0.047008
-0.047016
-0.047023
-0.047031
-0.047038
-0.047046
-0.047053
-0.047061
-0.047068
-0.047076
-0.047083
-0.047091
-0.047098
-0.047106
-0.047113
-0.047120
-0.047128
-0.047135
-0.047143
-0.047150
-0.047157
-0.047164
-0.047172
-0.047179
-0.047186
-0.047193
-0.047201
-0.047208
-0.047215
-0.047222
-0.047229
-0.047237
-0.047244
-0.047251
-0.047258
-0.047265
-0.047272
-0.047279
-0.047286
-0.047293
-0.047300
-0.047307
-0.047314
-0.047321
-0.047328
-0.047335
-0.047342
-0.047349
-0.047356
-0.047363
-0.047369
-0.047376
-0.047383
-0.047390
-0.047397
-0.047403
-0.047410
-0.047417
-0.047424
-0.047430
-0.047437
-0.047444
-0.047451
-0.047457
-0.047464
-0.047471
-0.047477
-0.047484
-0.047490
-0.047497
-0.047504
-0.047510
-0.047517
-0.047523
-0.047530
-0.047536
-0.047543
-0.047549
-0.047556
-0.047562
-0.047569
-0.047575

