0.000000
0.000000
-0.000006
-0.000014
-0.000023
-0.000034
-0.000045
-0.000058
-0.000070
-0.000084
-0.000097
-0.000111
-0.000125
-0.000140
-0.000155
-0.000170
-0.000185
-0.000201
-0.000217
-0.000233
-0.000249
-0.000266
-0.000282
-0.000299
-0.000316
-0.000333
-0.000351
-0.000368
-0.000386
-0.000404
-0.000422
-0.000440
-0.000459
-0.000477
-0.000496
-0.000515
-0.000534
-0.000553
-0.000572
-0.000591
-0.000611
-0.000631
-0.000651
-0.000670
-0.000691
-0.000711
-0.000731
-0.000751
-0.000772
-0.000793
-0.000813
-0.000834
-0.000855
-0.000876
-0.000898
-0.000919
-0.000940
-0.000962
-0.000984
-0.001005
-0.001027
-0.001049
-0.001071
-0.001093
-0.001115
-0.001138
-0.001160
-0.001183
-0.001205
-0.001228
-0.001251
-0.001273
-0.001296
-0.001319
-0.001342
-0.001366
-0.001389
-0.001412
-0.001435
-0.001459
-0.001482
-0.001506
-0.001530
-0.001553
-0.001577
-0.001601
-0.001625
-0.001649
-0.001673
-0.001697
-0.001722
-0.001746
-0.001770
-0.001795
-0.001819
-0.001844
-0.001868
-0.001893
-0.001918
-0.001942
-0.001967
-0.001992
-0.002017
-0.002042
-0.002067
-0.002092
-0.002118
-0.002143
-0.002168
-0.002193
-0.002219
-0.002244
-0.002270
-0.002295
-0.002321
-0.002346
-0.002372
-0.002398
-0.002424
-0.002449
-0.002475
-0.002501
-0.002527
-0.002553
-0.002579
-0.002605
-0.002631
-0.002658
-0.002684
-0.002710
-0.002736
-0.002763
-0.002789
-0.002815
-0.002842
-0.002868
-0.002895
-0.002921
-0.002948
-0.002975
-0.003001
-0.003028
-0.003055
-0.003082
-0.003108
-0.003135
-0.003162
-0.003189
-0.003216
-0.003243
-0.003270
-0.003297
-0.003324
-0.003351
-0.003379
-0.003406
-0.003433
-0.003460
-0.003487
-0.003515
-0.003542
-0.003569
-0.003597
-0.003624
-0.003652
-0.003679
-0.003707
-0.003734
-0.003762
-0.003789
-0.003817
-0.003845
-0.003872
-0.003900
-0.003928
-0.003955
-0.003983
-0.004011
-0.004039
-0.004067
-0.004094
-0.004122
-0.004150
-0.004178
-0.004206
-0.004234
-0.004262
-0.004290
-0.004318
-0.004346
-0.004374
-0.004402
-0.004430
-0.004459
-0.004487
-0.004515
-0.004543
-0.004571
-0.004599
-0.004628
-0.004656
-0.004684
-0.004713
-0.004741
-0.004769
-0.004798
-0.004826
-0.004854
-0.004883
-0.004911
-0.004940
-0.004968
-0.004997
-0.005025
-0.005054
-0.005082
-0.005111
-0.005139
-0.005168
-0.005197
-0.005225
-0.005254
-0.005282
-0.005311
-0.005340
-0.005368
-0.005397
-0.005426
-0.005455
-0.005483
-0.005512
-0.005541
-0.005570
-0.005598
-0.005627
-0.005656
-0.005685
-0.005714
-0.005743
-0.005771
-0.005800
-0.005829
-0.005858
-0.005887
-0.005916
-0.005945
-0.005974
-0.006003
-0.006032
-0.006061
-0.006090
-0.006119
-0.006148
-0.006177
-0.006206
-0.006235
-0.006264
-0.006293
-0.006322
-0.006351
-0.006380
-0.006409
-0.006438
-0.006467
-0.006496
-0.006525
-0.006555
-0.006584
-0.006613
-0.006642
-0.006671
-0.006700
-0.006729
-0.006759
-0.006788
-0.006817
-0.006846
-0.006875
-0.006905
-0.006934
-0.006963
-0.006992
-0.007022
-0.007051
-0.007080
-0.007109
-0.007139
-0.007168
-0.007197
-0.007226
-0.007256
-0.007285
-0.007314
-0.007344
-0.007373
-0.007402
-0.007432
-0.007461
-0.007490
-0.007520
-0.007549
-0.007578
-0.007608
-0.007637
-0.007666
-0.007696
-0.007725
-0.007754
-0.007784
-0.007813
-0.007842
-0.007872
-0.007901
-0.007931
-0.007960
-0.007989
-0.008019
-0.008048
-0.008078
-0.008107
-0.008136
-0.008166
-0.008195
-0.008225
-0.008254
-0.008283
-0.008313
-0.008342
-0.008372
-0.008401
-0.008431
-0.008460
-0.008489
-0.008519
-0.008548
-0.008578
-0.008607
-0.008637
-0.008666
-0.008695
-0.008725
-0.008754
-0.008784
-0.008813
-0.008843
-0.008872
-0.008902
-0.008931
-0.008960
-0.008990
-0.009019
-0.009049
-0.009078
-0.009108
-0.009137
-0.009167
-0.009196
-0.009225
-0.009255
-0.009284
-0.009314
-0.009343
-0.009373
-0.009402
-0.009432
-0.009461
-0.009490
-0.009520
-0.009549
-0.009579
-0.009608
-0.009638
-0.009667
-0.009696
-0.009726
-0.009755
-0.009785
-0.009814
-0.009844
-0.009873
-0.009902
-0.009932
-0.009961
-0.009991
-0.010020
-0.010050
-0.010079
-0.010108
-0.010138
-0.010167
-0.010197
-0.010226
-0.010255
-0.010285
-0.010314
-0.010344
-0.010373
-0.010402
-0.010432
-0.010461
-0.010490
-0.010520
-0.010549
-0.010579
-0.010608
-0.010637
-0.010667
-0.010696
-0.010725
-0.010755
-0.010784
-0.010813
-0.010843
-0.010872
-0.010901
-0.010931
-0.010960
-0.010989
-0.011019
-0.011048
-0.011077
-0.011107
-0.011136
-0.011165
-0.011195
-0.011224
-0.011253
-0.011282
-0.011312
-0.011341
-0.011370
-0.011400
-0.011429
-0.011458
-0.011487
-0.011517
-0.011546
-0.011575
-0.011604
-0.011634
-0.011663
-0.011692
-0.011721
-0.011750
-0.011780
-0.011809
-0.011838
-0.011867
-0.011896
-0.011926
-0.011955
-0.011984
-0.012013
-0.012042
-0.012071
-0.012101
-0.012130
-0.012159
-0.012188
-0.012217
-0.012246
-0.012275
-0.012304
-0.012334
-0.012363
-0.012392
-0.012421
-0.012450
-0.012479
-0.012508
-0.012537
-0.012566
-0.012595
-0.012624
-0.012653
-0.012682
-0.012711
-0.012740
-0.012769
-0.012798
-0.012827
-0.012856
-0.012885
-0.012914
-0.012943
-0.012972
-0.013001
-0.013030
-0.013059
-0.013088
-0.013117
-0.013146
-0.013175
-0.013204
-0.013233
-0.013262
-0.013291
-0.013320
-0.013348
-0.013377
-0.013406
-0.013435
-0.013464
-0.013493
-0.013522
-0.013551
-0.013579
-0.013608
-0.013637
-0.013666
-0.013695
-0.013723
-0.013752
-0.013781
-0.013810
-0.013839
-0.013867
-0.013896
-0.013925
-0.013954
-0.013982
-0.014011
-0.014040
-0.014068
-0.014097
-0.014126
-0.014155
-0.014183
-0.014212
-0.014241
-0.014269
-0.014298
-0.014326
-0.014355
-0.014384
-0.014412
-0.014441
-0.014470
-0.014498
-0.014527
-0.014555
-0.014584
-0.014612
-0.014641
-0.014670
-0.014698
-0.014727
-0.014755
-0.014784
-0.014812
-0.014841
-0.014869
-0.014898
-0.014926
-0.014955
-0.014983
-0.015011
-0.015040
-0.015068
-0.015097
-0.015125
-0.015154
-0.015182
-0.015210
-0.015239
-0.015267
-0.015295
-0.015324
-0.015352
-0.015380
-0.015409
-0.015437
-0.015465
-0.015494
-0.015522
-0.015550
-0.015579
-0.015607
-0.015635
-0.015663
-0.015692
-0.015720
-0.015748
-0.015776
-0.015804
-0.015833
-0.015861
-0.015889
-0.015917
-0.015945
-0.015974
-0.016002
-0.016030
-0.016058
-0.016086
-0.016114
-0.016142
-0.016170
-0.016198
-0.016226
-0.016255
-0.016283
-0.016311
-0.016339
-0.016367
-0.016395
-0.016423
-0.016451
-0.016479
-0.016507
-0.016535
-0.016563
-0.016590
-0.016618
-0.016646
-0.016674
-0.016702
-0.016730
-0.016758
-0.016786
-0.016814
-0.016842
-0.016869
-0.016897
-0.016925
-0.016953
-0.016981
-0.017009
-0.017036
-0.017064
-0.017092
-0.017120
-0.017147
-0.017175
-0.017203
-0.017231
-0.017258
-0.017286
-0.017314
-0.017341
-0.017369
-0.017397
-0.017424
-0.017452
-0.017480
-0.017507
-0.017535
-0.017563
-0.017590
-0.017618
-0.017645
-0.017673
-0.017700
-0.017728
-0.017756
-0.017783
-0.017811
-0.017838
-0.017866
-0.017893
-0.017921
-0.017948
-0.017975
-0.018003
-0.018030
-0.018058
-0.018085
-0.018113
-0.018140
-0.018167
-0.018195
-0.018222
-0.018249
-0.018277
-0.018304
-0.018331
-0.018359
-0.018386
-0.018413
-0.018441
-0.018468
-0.018495
-0.018522
-0.018550
-0.018577
-0.018604
-0.018631
-0.018658
-0.018686
-0.018713
-0.018740
-0.018767
-0.018794
-0.018821
-0.018849
-0.018876
-0.018903
-0.018930
-0.018957
-0.018984
-0.019011
-0.019038
-0.019065
-0.019092
-0.019119
-0.019146
-0.019173
-0.019200
-0.019227
-0.019254
-0.019281
-0.019308
-0.019335
-0.019362
-0.019389
-0.019416
-0.019443
-0.019469
-0.019496
-0.019523
-0.019550
-0.019577
-0.019604
-0.019631
-0.019657
-0.019684
-0.019711
-0.019738
-0.019764
-0.019791
-0.019818
-0.019845
-0.019871
-0.019898
-0.019925
-0.019951
-0.019978
-0.020005
-0.020031
-0.020058
-0.020085
-0.020111
-0.020138
-0.020165
-0.020191
-0.020218
-0.020244
-0.020271
-0.020297
-0.020324
-0.020350
-0.020377
-0.020403
-0.020430
-0.020456
-0.020483
-0.020509
-0.020536
-0.020562
-0.020589
-0.020615
-0.020641
-0.020668
-0.020694
-0.020721
-0.020747
-0.020773
-0.020800
-0.020826
-0.020852
-0.020879
-0.020905
-0.020931
-0.020957
-0.020984
-0.021010
-0.021036
-0.021062
-0.021089
-0.021115
-0.021141
-0.021167
-0.021193
-0.021219
-0.021246
-0.021272
-0.021298
-0.021324
-0.021350
-0.021376
-0.021402
-0.021428
-0.021454
-0.021480
-0.021506
-0.021532
-0.021558
-0.021584
-0.021610
-0.021636
-0.021662
-0.021688
-0.021714
-0.021740
-0.021766
-0.021792
-0.021818
-0.021844
-0.021870
-0.021895
-0.021921
-0.021947
-0.021973
-0.021999
-0.022025
-0.022050
-0.022076
-0.022102
-0.022128
-0.022153
-0.022179
-0.022205
-0.022231
-0.022256
-0.022282
-0.022308
-0.022333
-0.022359
-0.022385
-0.022410
-0.022436
-0.022462
-0.022487
-0.022513
-0.022538
-0.022564
-0.022589
-0.022615
-0.022641
-0.022666
-0.022692
-0.022717
-0.022743
-0.022768
-0.022794
-0.022819
-0.022844
-0.022870
-0.022895
-0.022921
-0.022946
-0.022971
-0.022997
-0.023022
-0.023048
-0.023073
-0.023098
-0.023124
-0.023149
-0.023174
-0.023199
-0.023225
-0.023250
-0.023275
-0.023300
-0.023326
-0.023351
-0.023376
-0.023401
-0.023426
-0.023452
-0.023477
-0.023502
-0.023527
-0.023552
-0.023577
-0.023602
-0.023627
-0.023653
-0.023678
-0.023703
-0.023728
-0.023753
-0.023778
-0.023803
-0.023828
-0.023853
-0.023878
-0.023903
-0.023928
-0.023953
-0.023977
-0.024002
-0.024027
-0.024052
-0.024077
-0.024102
-0.024127
-0.024152
-0.024176
-0.024201
-0.024226
-0.024251
-0.024276
-0.024300
-0.024325
-0.024350
-0.024375
-0.024399
-0.024424
-0.024449
-0.024474
-0.024498
-0.024523
-0.024548
-0.024572
-0.024597
-0.024622
-0.024646
-0.024671
-0.024695
-0.024720
-0.024745
-0.024769
-0.024794
-0.024818
-0.024843
-0.024867
-0.024892
-0.024916
-0.024941
-0.024965
-0.024990
-0.025014
-0.025038
-0.025063
-0.025087
-0.025112
-0.025136
-0.025160
-0.025185
-0.025209
-0.025233
-0.025258
-0.025282
-0.025306
-0.025331
-0.025355
-0.025379
-0.025404
-0.025428
-0.025452
-0.025476
-0.025500
-0.025525
-0.025549
-0.025573
-0.025597
-0.025621
-0.025645
-0.025670
-0.025694
-0.025718
-0.025742
-0.025766
-0.025790
-0.025814
-0.025838
-0.025862
-0.025886
-0.025910
-0.025934
-0.025958
-0.025982
-0.026006
-0.026030
-0.026054
-0.026078
-0.026102
-0.026126
-0.026150
-0.026174
-0.026198
-0.026221
-0.026245
-0.026269
-0.026293
-0.026317
-0.026341
-0.026364
-0.026388
-0.026412
-0.026436
-0.026460
-0.026483
-0.026507
-0.026531
-0.026554
-0.026578
-0.026602
-0.026625
-0.026649
-0.026673
-0.026696
-0.026720
-0.026744
-0.026767
-0.026791
-0.026814
-0.026838
-0.026862
-0.026885
-0.026909
-0.026932
-0.026956
-0.026979
-0.027003
-0.027026
-0.027050
-0.027073
-0.027096
-0.027120
-0.027143
-0.027167
-0.027190
-0.027214
-0.027237
-0.027260
-0.027284
-0.027307
-0.027330
-0.027354
-0.027377
-0.027400
-0.027423
-0.027447
-0.027470
-0.027493
-0.027516
-0.027540
-0.027563
-0.027586
-0.027609
-0.027632
-0.027656
-0.027679
-0.027702
-0.027725
-0.027748
-0.027771
-0.027794
-0.027818
-0.027841
-0.027864
-0.027887
-0.027910
-0.027933
-0.027956
-0.027979
-0.028002
-0.028025
-0.028048
-0.028071
-0.028094
-0.028117
-0.028140
-0.028162
-0.028185
-0.028208
-0.028231
-0.028254
-0.028277
-0.028300
-0.028323
-0.028345
-0.028368
-0.028391
-0.028414
-0.028437
-0.028459
-0.028482
-0.028505
-0.028528
-0.028550
-0.028573
-0.028596
-0.028618
-0.028641
-0.028664
-0.028686
-0.028709
-0.028732
-0.028754
-0.028777
-0.028799
-0.028822
-0.028845
-0.028867
-0.028890
-0.028912
-0.028935
-0.028957
-0.028980
-0.029002
-0.029025
-0.029047
-0.029070
-0.029092
-0.029115
-0.029137
-0.029160
-0.029182
-0.029204
-0.029227
-0.029249
-0.029271
-0.029294
-0.029316
-0.029338
-0.029361
-0.029383
-0.029405
-0.029428
-0.029450
-0.029472
-0.029494
-0.029517
-0.029539
-0.029561
-0.029583
-0.029606
-0.029628
-0.029650
-0.029672
-0.029694
-0.029716
-0.029738
-0.029761
-0.029783
-0.029805
-0.029827
-0.029849
-0.029871
-0.029893
-0.029915
-0.029937
-0.029959
-0.029981
-0.030003
-0.030025
-0.030047
-0.030069
-0.030091
-0.030113
-0.030135
-0.030157
-0.030179
-0.030200
-0.030222
-0.030244
-0.030266
-0.030288
-0.030310
-0.030332
-0.030353
-0.030375
-0.030397
-0.030419
-0.030441
-0.030462
-0.030484
-0.030506
-0.030528
-0.030549
-0.030571
-0.030593
-0.030614
-0.030636
-0.030658
-0.030679
-0.030701
-0.030723
-0.030744
-0.030766
-0.030787
-0.030809
-0.030830
-0.030852
-0.030874
-0.030895
-0.030917
-0.030938
-0.030960
-0.030981
-0.031003
-0.031024
-0.031046
-0.031067
-0.031088
-0.031110
-0.031131
-0.031153
-0.031174
-0.031195
-0.031217
-0.031238
-0.031260
-0.031281
-0.031302
-0.031324
-0.031345
-0.031366
-0.031387
-0.031409
-0.031430
-0.031451
-0.031472
-0.031494
-0.031515
-0.031536
-0.031557
-0.031578
-0.031600
-0.031621
-0.031642
-0.031663
-0.031684
-0.031705
-0.031726
-0.031748
-0.031769
-0.031790
-0.031811
-0.031832
-0.031853
-0.031874
-0.031895
-0.031916
-0.031937
-0.031958
-0.031979
-0.032000
-0.032021
-0.032042
-0.032063
-0.032084
-0.032104
-0.032125
-0.032146
-0.032167
-0.032188
-0.032209
-0.032230
-0.032251
-0.032271
-0.032292
-0.032313
-0.032334
-0.032355
-0.032375
-0.032396
-0.032417
-0.032438
-0.032458
-0.032479
-0.032500
-0.032520
-0.032541
-0.032562
-0.032582
-0.032603
-0.032624
-0.032644
-0.032665
-0.032686
-0.032706
-0.032727
-0.032747
-0.032768
-0.032788
-0.032809
-0.032830
-0.032850
-0.032871
-0.032891
-0.032912
-0.032932
-0.032953
-0.032973
-0.032993
-0.033014
-0.033034
-0.033055
-0.033075
-0.033095
-0.033116
-0.033136
-0.033157
-0.033177
-0.033197
-0.033218
-0.033238
-0.033258
-0.033279
-0.033299
-0.033319
-0.033339
-0.033360
-0.033380
-0.033400
-0.033420
-0.033441
-0.033461
-0.033481
-0.033501
-0.033521
-0.033541
-0.033562
-0.033582
-0.033602
-0.033622
-0.033642
-0.033662
-0.033682
-0.033702
-0.033722
-0.033742
-0.033762
-0.033783
-0.033803
-0.033823
-0.033843
-0.033863
-0.033883
-0.033902
-0.033922
-0.033942
-0.033962
-0.033982
-0.034002
-0.034022
-0.034042
-0.034062
-0.034082
-0.034102
-0.034121
-0.034141
-0.034161
-0.034181
-0.034201
-0.034221
-0.034240
-0.034260
-0.034280
-0.034300
-0.034319
-0.034339
-0.034359
-0.034379
-0.034398
-0.034418
-0.034438
-0.034457
-0.034477
-0.034497
-0.034516
-0.034536
-0.034556
-0.034575
-0.034595
-0.034614
-0.034634
-0.034654
-0.034673
-0.034693
-0.034712
-0.034732
-0.034751
-0.034771
-0.034790
-0.034810
-0.034829
-0.034849
-0.034868
-0.034888
-0.034907
-0.034926
-0.034946
-0.034965
-0.034985
-0.035004
-0.035023
-0.035043
-0.035062
-0.035081
-0.035101
-0.035120
-0.035139
-0.035159
-0.035178
-0.035197
-0.035217
-0.035236
-0.035255
-0.035274
-0.035294
-0.035313
-0.035332
-0.035351
-0.035370
-0.035390
-0.035409
-0.035428
-0.035447
-0.035466
-0.035485
-0.035504
-0.035523
-0.035543
-0.035562
-0.035581
-0.035600
-0.035619
-0.035638
-0.035657
-0.035676
-0.035695
-0.035714
-0.035733
-0.035752
-0.035771
-0.035790
-0.035809
-0.035828
-0.035847
-0.035866
-0.035885
-0.035903
-0.035922
-0.035941
-0.035960
-0.035979
-0.035998
-0.036017
-0.036035
-0.036054
-0.036073
-0.036092
-0.036111
-0.036130
-0.036148
-0.036167
-0.036186
-0.036205
-0.036223
-0.036242
-0.036261
-0.036279
-0.036298
-0.036317
-0.036335
-0.036354
-0.036373
-0.036391
-0.036410
-0.036429
-0.036447
-0.036466
-0.036484
-0.036503
-0.036522
-0.036540
-0.036559
-0.036577
-0.036596
-0.036614
-0.036633
-0.036651
-0.036670
-0.036688
-0.036707
-0.036725
-0.036744
-0.036762
-0.036781
-0.036799
-0.036817
-0.036836
-0.036854
-0.036873
-0.036891
-0.036909
-0.036928
-0.036946
-0.036964
-0.036983
-0.037001
-0.037019
-0.037037
-0.037056
-0.037074
-0.037092
-0.037111
-0.037129
-0.037147
-0.037165
-0.037183
-0.037202
-0.037220
-0.037238
-0.037256
-0.037274
-0.037293
-0.037311
-0.037329
-0.037347
-0.037365
-0.037383
-0.037401
-0.037419
-0.037437
-0.037455
-0.037474
-0.037492
-0.037510
-0.037528
-0.037546
-0.037564
-0.037582
-0.037600
-0.037618
-0.037636
-0.037654
-0.037671
-0.037689
-0.037707
-0.037725
-0.037743
-0.037761
-0.037779
-0.037797
-0.037815
-0.037833
-0.037850
-0.037868
-0.037886
-0.037904
-0.037922
-0.037939
-0.037957
-0.037975
-0.037993
-0.038011
-0.038028
-0.038046
-0.038064
-0.038082
-0.038099
-0.038117
-0.038135
-0.038152
-0.038170
-0.038188
-0.038205
-0.038223
-0.038241
-0.038258
-0.038276
-0.038293
-0.038311
-0.038329
-0.038346
-0.038364
-0.038381
-0.038399
-0.038416
-0.038434
-0.038452
-0.038469
-0.038487
-0.038504
-0.038521
-0.038539
-0.038556
-0.038574
-0.038591
-0.038609
-0.038626
-0.038644
-0.038661
-0.038678
-0.038696
-0.038713
-0.038731
-0.038748
-0.038765
-0.038783
-0.038800
-0.038817
-0.038835
-0.038852
-0.038869
-0.038886
-0.038904
-0.038921
-0.038938
-0.038955
-0.038973
-0.038990
-0.039007
-0.039024
-0.039042
-0.039059
-0.039076
-0.039093
-0.039110
-0.039127
-0.039145
-0.039162
-0.039179
-0.039196
-0.039213
-0.039230
-0.039247
-0.039264
-0.039281
-0.039298
-0.039315
-0.039332
-0.039349
-0.039367
-0.039384
-0.039401
-0.039418
-0.039434
-0.039451
-0.039468
-0.039485
-0.039502
-0.039519
-0.039536
-0.039553
-0.039570
-0.039587
-0.039604
-0.039621
-0.039638
-0.039654
-0.039671
-0.039688
-0.039705
-0.039722
-0.039739
-0.039755
-0.039772
-0.039789
-0.039806
-0.039822
-0.039839
-0.039856
-0.039873
-0.039889
-0.039906
-0.039923
-0.039940
-0.039956
-0.039973
-0.039990
-0.040006
-0.040023
-0.040040
-0.040056
-0.040073
-0.040089
-0.040106
-0.040123
-0.040139
-0.040156
-0.040172
-0.040189
-0.040206
-0.040222
-0.040239
-0.040255
-0.040272
-0.040288
-0.040305
-0.040321
-0.040338
-0.040354
-0.040371
-0.040387
-0.040403
-0.040420
-0.040436
-0.040453
-0.040469
-0.040486
-0.040502
-0.040518
-0.040535
-0.040551
-0.040567
-0.040584
-0.040600
-0.040616
-0.040633
-0.040649
-0.040665
-0.040682
-0.040698
-0.040714
-0.040730
-0.040747
-0.040763
-0.040779
-0.040795
-0.040812
-0.040828
-0.040844
-0.040860
-0.040876
-0.040893
-0.040909
-0.040925
-0.040941
-0.040957
-0.040973
-0.040989
-0.041006
-0.041022
-0.041038
-0.041054
-0.041070
-0.041086
-0.041102
-0.041118
-0.041134
-0.041150
-0.041166
-0.041182
-0.041198
-0.041214
-0.041230
-0.041246
-0.041262
-0.041278
-0.041294
-0.041310
-0.041326
-0.041342
-0.041358
-0.041374
-0.041390
-0.041405
-0.041421
-0.041437
-0.041453
-0.041469
-0.041485
-0.041501
-0.041516
-0.041532
-0.041548
-0.041564
-0.041580
-0.041595
-0.041611
-0.041627
-0.041643
-0.041658
-0.041674
-0.041690
-0.041706
-0.041721
-0.041737
-0.041753
-0.041768
-0.041784
-0.041800
-0.041815
-0.041831
-0.041847
-0.041862
-0.041878
-0.041894
-0.041909
-0.041925
-0.041940
-0.041956
-0.041971
-0.041987
-0.042003
-0.042018
-0.042034
-0.042049
-0.042065
-0.042080
-0.042096
-0.042111
-0.042127
-0.042142
-0.042158
-0.042173
-0.042188
-0.042204
-0.042219
-0.042235
-0.042250
-0.042266
-0.042281
-0.042296
-0.042312
-0.042327
-0.042342
-0.042358
-0.042373
-0.042389
-0.042404
-0.042419
-0.042434
-0.042450
-0.042465
-0.042480
-0.042496
-0.042511
-0.042526
-0.042541
-0.042557
-0.042572
-0.042587
-0.042602
-0.042618
-0.042633
-0.042648
-0.042663
-0.042678
-0.042693
-0.042709
-0.042724
-0.042739
-0.042754
-0.042769
-0.042784
-0.042799
-0.042814
-0.042829
-0.042845
-0.042860
-0.042875
-0.042890
-0.042905
-0.042920
-0.042935
-0.042950
-0.042965
-0.042980
-0.042995
-0.043010
-0.043025
-0.043040
-0.043055
-0.043070
-0.043085
-0.043100
-0.043115
-0.043129
-0.043144
-0.043159
-0.043174
-0.043189
-0.043204
-0.043219
-0.043234
-0.043248
-0.043263
-0.043278
-0.043293
-0.043308
-0.043323
-0.043337
-0.043352
-0.043367
-0.043382
-0.043396
-0.043411
-0.043426
-0.043441
-0.043455
-0.043470
-0.043485
-0.043500
-0.043514
-0.043529
-0.043544
-0.043558
-0.043573
-0.043588
-0.043602
-0.043617
-0.043632
-0.043646
-0.043661
-0.043675
-0.043690
-0.043705
-0.043719
-0.043734
-0.043748
-0.043763
-0.043777
-0.043792
-0.043807
-0.043821
-0.043836
-0.043850
-0.043865
-0.043879
-0.043894
-0.043908
-0.043923
-0.043937
-0.043951
-0.043966
-0.043980
-0.043995
-0.044009
-0.044024
-0.044038
-0.044052
-0.044067
-0.044081
-0.044095
-0.044110
-0.044124
-0.044139
-0.044153
-0.044167
-0.044182
-0.044196
-0.044210
-0.044224
-0.044239
-0.044253
-0.044267
-0.044282
-0.044296
-0.044310
-0.044324
-0.044338
-0.044353
-0.044367
-0.044381
-0.044395
-0.044409
-0.044424
-0.044438
-0.044452
-0.044466
-0.044480
-0.044494
-0.044509
-0.044523
-0.044537
-0.044551
-0.044565
-0.044579
-0.044593
-0.044607
-0.044621
-0.044635
-0.044649
-0.044664
-0.044678
-0.044692
-0.044706
-0.044720
-0.044734
-0.044748
-0.044762
-0.044776
-0.044790
-0.044804
-0.044817
-0.044831
-0.044845
-0.044859
-0.044873
-0.044887
-0.044901
-0.044915
-0.044929
-0.044943
-0.044957
-0.044970
-0.044984
-0.044998
-0.045012
-0.045026
-0.045040
-0.045053
-0.045067
-0.045081
-0.045095
-0.045109
-0.045122
-0.045136
-0.045150
-0.045164
-0.045178
-0.045191
-0.045205
-0.045219
-0.045232
-0.045246
-0.045260
-0.045274
-0.045287
-0.045301
-0.045315
-0.045328
-0.045342
-0.045356
-0.045369
-0.045383
-0.045396
-0.045410
-0.045424
-0.045437
-0.045451
-0.045464
-0.045478
-0.045492
-0.045505
-0.045519
-0.045532
-0.045546
-0.045559
-0.045573
-0.045586
-0.045600
-0.045613
-0.045627
-0.045640
-0.045654
-0.045667
-0.045681
-0.045694
-0.045708
-0.045721
-0.045734
-0.045748
-0.045761
-0.045775
-0.045788
-0.045802
-0.045815
-0.045828
-0.045842
-0.045855
-0.045868
-0.045882
-0.045895
-0.045908
-0.045922
-0.045935
-0.045948
-0.045962
-0.045975
-0.045988
-0.046001
-0.046015
-0.046028
-0.046041
-0.046054
-0.046068
-0.046081
-0.046094
-0.046107
-0.046121
-0.046134
-0.046147
-0.046160
-0.046173
-0.046186
-0.046200
-0.046213
-0.046226
-0.046239
-0.046252
-0.046265
-0.046278
-0.046292
-0.046305
-0.046318
-0.046331
-0.046344
-0.046357
-0.046370
-0.046383
-0.046396
-0.046409
-0.046422
-0.046435
-0.046448
-0.046461
-0.046474
-0.046487
-0.046500
-0.046513
-0.046526
-0.046539
-0.046552
-0.046565
-0.046578
-0.046591
-0.046604
-0.046617
-0.046630
-0.046643
-0.046655
-0.046668
-0.046681
-0.046694
-0.046707
-0.046720
-0.046733
-0.046746
-0.046758
-0.046771
-0.046784
-0.046797
-0.046810
-0.046822
-0.046835
-0.046848
-0.046861
-0.046874
-0.046886
-0.046899
-0.046912
-0.046925
-0.046937
-0.046950
-0.046963
-0.046975
-0.046988
-0.047001
-0.047014
-0.047026
-0.047039
-0.047052
-0.047064
-0.047077
-0.047090
-0.047102
-0.047115
-0.047127
-0.047140
-0.047153
-0.047165
-0.047178
-0.047190
-0.047203
-0.047216
-0.047228
-0.047241
-0.047253
-0.047266
-0.047278
-0.047291
-0.047303
-0.047316
-0.047328
-0.047341
-0.047353
-0.047366
-0.047378
-0.047391
-0.047403
-0.047416
-0.047428
-0.047441
-0.047453
-0.047465
-0.047478
-0.047490
-0.047503
-0.047515
-0.047527
-0.047540
-0.047552
-0.047565
-0.047577
-0.047589
-0.047602
-0.047614
-0.047626
-0.047639
-0.047651
-0.047663
-0.047676
-0.047688
-0.047700
-0.047712
-0.047725
-0.047737
-0.047749
-0.047761
-0.047774
-0.047786
-0.047798
-0.047810
-0.047823
-0.047835
-0.047847
-0.047859
-0.047871
-0.047884
-0.047896
-0.047908
-0.047920
-0.047932
-0.047944
-0.047957
-0.047969
-0.047981
-0.047993
-0.048005
-0.048017
-0.048029
-0.048041
-0.048053
-0.048065
-0.048077
-0.048090
-0.048102
-0.048114
-0.048126
-0.048138
-0.048150
-0.048162
-0.048174
-0.048186
-0.048198
-0.048210
-0.048222
-0.048234
-0.048246
-0.048258
-0.048270
-0.048282
-0.048293
-0.048305
-0.048317
-0.048329
-0.048341
-0.048353
-0.048365
-0.048377
-0.048389
-0.048401
-0.048413
-0.048424
-0.048436
-0.048448
-0.048460
-0.048472
-0.048484
-0.048495
-0.048507
-0.048519
-0.048531
-0.048543
-0.048554
-0.048566
-0.048578
-0.048590
-0.048601
-0.048613
-0.048625
-0.048637
-0.048648
-0.048660
-0.048672
-0.048684
-0.048695
-0.048707
-0.048719
-0.048730
-0.048742
-0.048754
-0.048765
-0.048777
-0.048789
-0.048800
-0.048812
-0.048824
-0.048835
-0.048847
-0.048858
-0.048870
-0.048882
-0.048893
-0.048905
-0.048916
-0.048928
-0.048940
-0.048951
-0.048963
-0.048974
-0.048986
-0.048997
-0.049009
-0.049020
-0.049032
-0.049043
-0.049055
-0.049066
-0.049078
-0.049089
-0.049101
-0.049112
-0.049124
-0.049135
-0.049146
-0.049158
-0.049169
-0.049181
-0.049192
-0.049204
-0.049215
-0.049226
-0.049238
-0.049249
-0.049260
-0.049272
-0.049283
-0.049295
-0.049306
-0.049317
-0.049329
-0.049340
-0.049351
-0.049362
-0.049374
-0.049385
-0.049396
-0.049408
-0.049419
-0.049430
-0.049441
-0.049453
-0.049464
-0.049475
-0.049486
-0.049498
-0.049509
-0.049520
-0.049531
-0.049543
-0.049554
-0.049565
-0.049576
-0.049587
-0.049598
-0.049610
-0.049621
-0.049632
-0.049643
-0.049654
-0.049665
-0.049676
-0.049688
-0.049699
-0.049710
-0.049721
-0.049732
-0.049743
-0.049754
-0.049765
-0.049776
-0.049787
-0.049798
-0.049809
-0.049821
-0.049832
-0.049843
-0.049854
-0.049865
-0.049876
-0.049887
-0.049898
-0.049909
-0.049920
-0.049931
-0.049942
-0.049952
-0.049963
-0.049974
-0.049985
-0.049996
-0.050007
-0.050018
-0.050029
-0.050040
-0.050051
-0.050062
-0.050073
-0.050083
-0.050094
-0.050105
-0.050116
-0.050127
-0.050138
-0.050149
-0.050159
-0.050170
-0.050181
-0.050192
-0.050203
-0.050214
-0.050224
-0.050235
-0.050246
-0.050257
-0.050268
-0.050278
-0.050289
-0.050300
-0.050311
-0.050321
-0.050332
-0.050343
-0.050353
-0.050364
-0.050375
-0.050386
-0.050396
-0.050407
-0.050418
-0.050428
-0.050439
-0.050450
-0.050460
-0.050471
-0.050482
-0.050492
-0.050503
-0.050514
-0.050524
-0.050535
-0.050545
-0.050556
-0.050567
-0.050577
-0.050588
-0.050598
-0.050609
-0.050619
-0.050630
-0.050641
-0.050651
-0.050662
-0.050672
-0.050683
-0.050693
-0.050704
-0.050714
-0.050725
-0.050735
-0.050746
-0.050756
-0.050767
-0.050777
-0.050788
-0.050798
-0.050809
-0.050819
-0.050829
-0.050840
-0.050850
-0.050861
-0.050871
-0.050882
-0.050892
-0.050902
-0.050913
-0.050923
-0.050933
-0.050944
-0.050954
-0.050965
-0.050975
-0.050985
-0.050996
-0.051006
-0.051016
-0.051027
-0.051037
-0.051047
-0.051058
-0.051068
-0.051078
-0.051088
-0.051099
-0.051109
-0.051119
-0.051129
-0.051140
-0.051150
-0.051160
-0.051170
-0.051181
-0.051191
-0.051201
-0.051211
-0.051222
-0.051232
-0.051242
-0.051252
-0.051262
-0.051272
-0.051283
-0.051293
-0.051303
-0.051313
-0.051323
-0.051333
-0.051344
-0.051354
-0.051364
-0.051374
-0.051384
-0.051394
-0.051404
-0.051414
-0.051424
-0.051434
-0.051444
-0.051455
-0.051465
-0.051475
-0.051485
-0.051495
-0.051505
-0.051515
-0.051525
-0.051535
-0.051545
-0.051555
-0.051565
-0.051575
-0.051585
-0.051595
-0.051605
-0.051615
-0.051625
-0.051635
-0.051645
-0.051655
-0.051665
-0.051674
-0.051684
-0.051694
-0.051704
-0.051714
-0.051724
-0.051734
-0.051744
-0.051754
-0.051764
-0.051773
-0.051783
-0.051793
-0.051803
-0.051813
-0.051823
-0.051833
-0.051842
-0.051852
-0.051862
-0.051872
-0.051882
-0.051891
-0.051901
-0.051911
-0.051921
-0.051931
-0.051940
-0.051950
-0.051960
-0.051970
-0.051979
-0.051989
-0.051999
-0.052009
-0.052018
-0.052028
-0.052038
-0.052047
-0.052057
-0.051765
-0.050591
-0.047859
-0.043161
-0.036420
-0.027781
-0.017504
-0.005880
0.006802
0.020281
0.034325
0.048734
0.063338
0.077996
0.092594
0.107040
0.121262
0.135201
0.148817
0.162076
0.174955
0.187440
0.199522
0.211195
0.222460
0.233320
0.243779
0.253845
0.263526
0.272832
0.281773
0.290359
0.298602
0.306514
0.314105
0.321386
0.328369
0.335064
0.341483
0.347634
0.353529
0.359177
0.364587
0.369768
0.374729
0.379478
0.384023
0.388371
0.392530
0.396507
0.400309
0.403942
0.407412
0.410725
0.413886
0.416902
0.419777
0.422517
0.425125
0.427607
0.429968
0.432210
0.434339
0.436358
0.438271
0.440082
0.441793
0.443409
0.444933
0.446366
0.447714
0.448978
0.450161
0.451265
0.452294
0.453250
0.454135
0.454951
0.455701
0.456386
0.457010
0.457573
0.458078
0.458527
0.458921
0.459262
0.459552
0.459792
0.459984
0.460130
0.460231
0.460288
0.460303
0.460277
0.460211
0.460107
0.459966
0.459789
0.459577
0.459332
0.459355
0.460229
0.462634
0.466986
0.473381
0.481688
0.491665
0.503030
0.515504
0.528827
0.542767
0.557119
0.571707
0.586384
0.601027
0.615538
0.629838
0.643864
0.657570
0.670919
0.683886
0.696451
0.708605
0.720340
0.731655
0.742551
0.753032
0.763105
0.772778
0.782060
0.790960
0.799490
0.807661
0.815483
0.822969
0.830129
0.836975
0.843518
0.849768
0.855737
0.861434
0.866869
0.872052
0.876993
0.881699
0.886181
0.890445
0.894500
0.898354
0.902013
0.905485
0.908777
0.911894
0.914844
0.917632
0.920263
0.922744
0.925079
0.927273
0.929332
0.931259
0.933060
0.934738
0.936297
0.937743
0.939077
0.940305
0.941429
0.942453
0.943380
0.944213
0.944956
0.945610
0.946180
0.946667
0.947075
0.947405
0.947661
0.947844
0.947957
0.948002
0.947981
0.947897
0.947750
0.947544
0.947279
0.946959
0.946584
0.946156
0.945676
0.945147
0.944570
0.943947
0.943278
0.942565
0.941810
0.941014
0.940177
0.939302
0.938390
0.937441
0.936457
0.935439
0.934387
0.933304
0.932189
0.931044
0.929870
0.928668
0.927438
0.926182
0.924900
0.923593
0.922261
0.920907
0.919529
0.918130
0.916709
0.915267
0.913806
0.912325
0.910826
0.909308
0.907773
0.906221
0.904652
0.903067
0.901467
0.899852
0.898223
0.896580
0.894923
0.893253
0.891571
0.889876
0.888170
0.886452
0.884724
0.882984
0.881235
0.879476
0.877707
0.875928
0.874141
0.872346
0.870542
0.868730
0.866911
0.865084
0.863251
0.861410
0.859563
0.857709
0.855850
0.853984
0.852114
0.850237
0.848356
0.846470
0.844579
0.842683
0.840783
0.838879
0.836971
0.835060
0.833145
0.831226
0.829304
0.827379
0.825452
0.823521
0.821588
0.819653
0.817715
0.815775
0.813833
0.811889
0.809943
0.807996
0.806047
0.804097
0.802146
0.800193
0.798239
0.796284
0.794329
0.792373
0.790416
0.788458
0.786500
0.784542
0.782583
0.780624
0.778665
0.776706
0.774747
0.772789
0.770830
0.768872
0.766914
0.764956
0.762999
0.761042
0.759086
0.757131
0.755176
0.753222
0.751269
0.749317
0.747366
0.745416
0.743467
0.741519
0.739572
0.737627
0.735683
0.733740
0.731798
0.729858
0.727919
0.725982
0.724046
0.722112
0.720179
0.718249
0.716319
0.714392
0.712466
0.710542
0.708620
0.706700
0.704781
0.702865
0.700950
0.699037
0.697127
0.695218
0.693312
0.691407
0.689505
0.687605
0.685707
0.683811
0.681917
0.680026
0.678137
0.676250
0.674365
0.672483
0.670603
0.668725
0.666850
0.664977
0.663107
0.661239
0.659373
0.657510
0.655649
0.653791
0.651936
0.650083
0.648232
0.646384
0.644539
0.642696
0.640856
0.639018
0.637183
0.635351
0.633521
0.631694
0.629870
0.628049
0.626230
0.624414
0.622600
0.620789
0.618982
0.617176
0.615374
0.613574
0.611777
0.609983
0.608192
0.606404
0.604618
0.602835
0.601055
0.599278
0.597504
0.595733
0.593964
0.592199
0.590436
0.588676
0.586919
0.585165
0.583414
0.581666
0.579920
0.578178
0.576439
0.574702
0.572969
0.571238
0.569510
0.567786
0.566064
0.564345
0.562629
0.560917
0.559207
0.557500
0.555796
0.554095
0.552398
0.550703
0.549011
0.547322
0.545636
0.543954
0.542274
0.540597
0.538923
0.537253
0.535585
0.533921
0.532259
0.530601
0.528945
0.527293
0.525643
0.523997
0.522354
0.520714
0.519076
0.517442
0.515811
0.514183
0.512559
0.510937
0.509318
0.507702
0.506090
0.504480
0.502874
0.501271
0.499670
0.498073
0.496479
0.494888
0.493300
0.491715
0.490133
0.488555
0.486979
0.485407
0.483837
0.482271
0.480708
0.479147
0.477590
0.476036
0.474485
0.472938
0.471393
0.469851
0.468313
0.466777
0.465245
0.463716
0.462189
0.460666
0.459146
0.457629
0.456115
0.454605
0.453097
0.451592
0.450091
0.448592
0.447097
0.445605
0.444116
0.442629
0.441146
0.439667
0.438190
0.436716
0.435245
0.433777
0.432313
0.430851
0.429393
0.427938
0.426485
0.425036
0.423590
0.422147
0.420707
0.419270
0.417836
0.416405
0.414977
0.413553
0.412131
0.410712
0.409297
0.407884
0.406475
0.405068
0.403665
0.402265
0.400867
0.399473
0.398082
0.396694
0.395309
0.393927
0.392547
0.391171
0.389798
0.388428
0.387061
0.385697
0.384337
0.382979
0.381624
0.380272
0.378923
0.377577
0.376234
0.374894
0.373557
0.372224
0.370893
0.369565
0.368240
0.366918
0.365599
0.364283
0.362970
0.361660
0.360353
0.359049
0.357748
0.356450
0.355155
0.353863
0.352573
0.351287
0.350004
0.348723
0.347446
0.346172
0.344900
0.343631
0.342366
0.341103
0.339843
0.338586
0.337332
0.336081
0.334833
0.333588
0.332346
0.331106
0.329870
0.328636
0.327405
0.326178
0.324953
0.323731
0.322512
0.321295
0.320082
0.318871
0.317664
0.316459
0.315257
0.314058
0.312862
0.311669
0.310478
0.309291
0.308106
0.306924
0.305745
0.304569
0.303395
0.302225
0.301057
0.299892
0.298730
0.297570
0.296414
0.295260
0.294109
0.292961
0.291816
0.290673
0.289534
0.288397
0.287262
0.286131
0.285002
0.283877
0.282754
0.281633
0.280516
0.279401
0.278289
0.277180
0.276073
0.274969
0.273868
0.272770
0.271674
0.270581
0.269491
0.268404
0.267319
0.266237
0.265158
0.264081
0.263007
0.261936
0.260867
0.259801
0.258738
0.257678
0.256620
0.255565
0.254512
0.253463
0.252415
0.251371
0.250329
0.249290
0.248253
0.247219
0.246188
0.245160
0.244134
0.243110
0.242089
0.241071
0.240056
0.239043
0.238032
0.237025
0.236019
0.235017
0.234017
0.233019
0.232025
0.231032
0.230043
0.229056
0.228071
0.227089
0.226110
0.225133
0.224158
0.223187
0.222217
0.221250
0.220286
0.219325
0.218365
0.217409
0.216455
0.215503
0.214554
0.213607
0.212663
0.211721
0.210782
0.209845
0.208911
0.207979
0.207050
0.206123
0.205199
0.204277
0.203357
0.202440
0.201526
0.200614
0.199704
0.198797
0.197892
0.196989
0.196089
0.195192
0.194297
0.193404
0.192513
0.191625
0.190740
0.189857
0.188976
0.188097
0.187221
0.186347
0.185476
0.184607
0.183740
0.182876
0.182014
0.181155
0.180297
0.179442
0.178590
0.177739
0.176892
0.176046
0.175203
0.174362
0.173523
0.172686
0.171852
0.171020
0.170191
0.169364
0.168539
0.167716
0.166895
0.166077
0.165261
0.164448
0.163636
0.162827
0.162020
0.161215
0.160413
0.159613
0.158815
0.158019
0.157225
0.156434
0.155645
0.154858
0.154073
0.153290
0.152510
0.151732
0.150956
0.150182
0.149410
0.148641
0.147874
0.147108
0.146345
0.145585
0.144826
0.144069
0.143315
0.142563
0.141812
0.141064
0.140318
0.139575
0.138833
0.138093
0.137356
0.136620
0.135887
0.135156
0.134427
0.133700
0.132975
0.132252
0.131531
0.130812
0.130096
0.129381
0.128669
0.127958
0.127250
0.126543
0.125839
0.125136
0.124436
0.123738
0.123041
0.122347
0.121655
0.120964
0.120276
0.119590
0.118905
0.118223
0.117543
0.116864
0.116188
0.115514
0.114841
0.114171
0.113502
0.112835
0.112171
0.111508
0.110847
0.110189
0.109532
0.108877
0.108224
0.107573
0.106923
0.106276
0.105631
0.104987
0.104346
0.103706
0.103068
0.102432
0.101798
0.101166
0.100536
0.099907
0.099281
0.098656
0.098033
0.097412
0.096793
0.096176
0.095560
0.094947
0.094335
0.093725
0.093117
0.092510
0.091906
0.091303
0.090702
0.090103
0.089506
0.088910
0.088317
0.087725
0.087135
0.086546
0.085960
0.085375
0.084792
0.084211
0.083631
0.083053
0.082477
0.081903
0.081330
0.080760
0.080190
0.079623
0.079057
0.078494
0.077931
0.077371
0.076812
0.076255
0.075700
0.075146
0.074594
0.074044
0.073495
0.072948
0.072403
0.071859
0.071318
0.070777
0.070239
0.069702
0.069167
0.068633
0.068101
0.067571
0.067042
0.066515
0.065989
0.065466
0.064943
0.064423
0.063904
0.063387
0.062871
0.062357
0.061844
0.061333
0.060824
0.060316
0.059810
0.059305
0.058802
0.058301
0.057801
0.057303
0.056806
0.056311
0.055817
0.055325
0.054835
0.054346
0.053858
0.053372
0.052888
0.052405
0.051924
0.051444
0.050965
0.050489
0.050013
0.049540
0.049067
0.048596
0.048127
0.047659
0.047193
0.046728
0.046265
0.045803
0.045342
0.044884
0.044426
0.043970
0.043515
0.043062
0.042611
0.042160
0.041712
0.041264
0.040818
0.040374
0.039931
0.039489
0.039049
0.038610
0.038173
0.037737
0.037302
0.036869
0.036437
0.036007
0.035578
0.035150
0.034724
0.034299
0.033876
0.033454
0.033033
0.032614
0.032196
0.031779
0.031364
0.030950
0.030538
0.030126
0.029717
0.029308
0.028901
0.028495
0.028091
0.027687
0.027286
0.026885
0.026486
0.026088
0.025691
0.025296
0.024902
0.024509
0.024118
0.023728
0.023339
0.022951
0.022565
0.022180
0.021796
0.021414
0.021033
0.020653
0.020274
0.019897
0.019521
0.019146
0.018772
0.018400
0.018029
0.017659
0.017291
0.016923
0.016557
0.016192
0.015828
0.015466
0.015104
0.014744
0.014386
0.014028
0.013671
0.013316
0.012962
0.012609
0.012258
0.011907
0.011558
0.011210
0.010863
0.010517
0.010173
0.009829
0.009487
0.009146
0.008806
0.008467
0.008130
0.007793
0.007458
0.007124
0.006791
0.006459
0.006128
0.005799
0.005470
0.005143
0.004817
0.004492
0.004168
0.003845
0.003523
0.003202
0.002883
0.002564
0.002247
0.001931
0.001616
0.001302
0.000989
0.000677
0.000366
0.000056
-0.000252
-0.000560
-0.000866
-0.001172
-0.001476
-0.001779
-0.002081
-0.002383
-0.002683
-0.002982
-0.003280
-0.003577
-0.003873
-0.004167
-0.004461
-0.004754
-0.005046
-0.005336
-0.005626
-0.005915
-0.006203
-0.006489
-0.006775
-0.007059
-0.007343
-0.007626
-0.007907
-0.008188
-0.008467
-0.008746
-0.009024
-0.009300
-0.009576
-0.009850
-0.010124
-0.010397
-0.010668
-0.010939
-0.011209
-0.011478
-0.011745
-0.012012
-0.012278
-0.012543
-0.012807
-0.013070
-0.013332
-0.013593
-0.013853
-0.014113
-0.014371
-0.014628
-0.014885
-0.015140
-0.015395
-0.015648
-0.015901
-0.016153
-0.016403
-0.016653
-0.016902
-0.017150
-0.017398
-0.017644
-0.017889
-0.018134
-0.018377
-0.018620
-0.018862
-0.019103
-0.019342
-0.019582
-0.019820
-0.020057
-0.020294
-0.020529
-0.020764
-0.020998
-0.021231
-0.021463
-0.021694
-0.021924
-0.022154
-0.022382
-0.022610
-0.022837
-0.023063
-0.023288
-0.023512
-0.023736
-0.023959
-0.024180
-0.024401
-0.024622
-0.024841
-0.025059
-0.025277
-0.025494
-0.025710
-0.025925
-0.026139
-0.026353
-0.026565
-0.026777
-0.026988
-0.027199
-0.027408
-0.027617
-0.027825
-0.028032
-0.028238
-0.028444
-0.028648
-0.028852
-0.029055
-0.029257
-0.029459
-0.029660
-0.029860
-0.030059
-0.030257
-0.030455
-0.030652
-0.030848
-0.031043
-0.031238
-0.031431
-0.031624
-0.031817
-0.032008
-0.032199
-0.032389
-0.032578
-0.032767
-0.032954
-0.033141
-0.033328
-0.033513
-0.033698
-0.033882
-0.034065
-0.034248
-0.034430
-0.034611
-0.034791
-0.034971
-0.035150
-0.035328
-0.035506
-0.035682
-0.035858
-0.036034
-0.036208
-0.036382
-0.036556
-0.036728
-0.036900
-0.037071
-0.037241
-0.037411
-0.037580
-0.037749
-0.037916
-0.038083
-0.038249
-0.038415
-0.038580
-0.038744
-0.038908
-0.039070
-0.039233
-0.039394
-0.039555
-0.039715
-0.039875
-0.040033
-0.040192
-0.040349
-0.040506
-0.040662
-0.040818
-0.040973
-0.041127
-0.041280
-0.041433
-0.041585
-0.041737
-0.041888
-0.042038
-0.042188
-0.042337
-0.042485
-0.042633
-0.042780
-0.042927
-0.043073
-0.043218
-0.043363
-0.043507
-0.043650
-0.043793
-0.043935
-0.044076
-0.044217
-0.044358
-0.044497
-0.044636
-0.044775
-0.044913
-0.045050
-0.045186
-0.045322
-0.045458
-0.045593
-0.045727
-0.045861
-0.045994
-0.046126
-0.046258
-0.046389
-0.046520
-0.046650
-0.046779
-0.046908
-0.047037
-0.047164
-0.047292
-0.047418
-0.047544
-0.047670
-0.047795
-0.047919
-0.048043
-0.048166
-0.048288
-0.048411
-0.048532
-0.048653
-0.048773
-0.048893
-0.049012
-0.049131
-0.049249
-0.049367
-0.049484
-0.049600
-0.049716
-0.049832
-0.049947
-0.050061
-0.050175
-0.050288
-0.050401
-0.050513
-0.050625
-0.050736
-0.050846
-0.050957
-0.051066
-0.051175
-0.051284
-0.051392
-0.051499
-0.051606
-0.051712
-0.051818
-0.051924
-0.052029
-0.052133
-0.052237
-0.052340
-0.052443
-0.052545
-0.052647
-0.052748
-0.052849
-0.052950
-0.053049
-0.053149
-0.053248
-0.053346
-0.053444
-0.053541
-0.053638
-0.053734
-0.053830
-0.053926
-0.054021
-0.054115
-0.054209
-0.054302
-0.054395
-0.054488
-0.054580
-0.054672
-0.054763
-0.054853
-0.054944
-0.055033
-0.055122
-0.055211
-0.055300
-0.055387
-0.055475
-0.055562
-0.055648
-0.055734
-0.055820
-0.055905
-0.055990
-0.056074
-0.056158
-0.056241
-0.056324
-0.056406
-0.056488
-0.056570
-0.056651
-0.056731
-0.056812
-0.056891
-0.056971
-0.057050
-0.057128
-0.057206
-0.057284
-0.057361
-0.057438
-0.057514
-0.057590
-0.057666
-0.057741
-0.057815
-0.057890
-0.057963
-0.058037
-0.058110
-0.058182
-0.058254
-0.058326
-0.058398
-0.058469
-0.058539
-0.058609
-0.058679
-0.058748
-0.058817
-0.058886
-0.058954
-0.059022
-0.059089
-0.059156
-0.059222
-0.059289
-0.059354
-0.059420
-0.059485
-0.059549
-0.059614
-0.059678
-0.059741
-0.059804
-0.059867
-0.059929
-0.059991
-0.060053
-0.060114
-0.060175
-0.060235
-0.060295
-0.060355
-0.060414
-0.060473
-0.060532
-0.060590
-0.060648
-0.060706
-0.060763
-0.060820
-0.060876
-0.060932
-0.060988
-0.061044
-0.061099
-0.061153
-0.061208
-0.061262
-0.061315
-0.061369
-0.061422
-0.061474
-0.061527
-0.061579
-0.061630
-0.061682
-0.061732
-0.061783
-0.061833
-0.061883
-0.061933
-0.061982
-0.062031
-0.062080
-0.062128
-0.062176
-0.062224
-0.062271
-0.062318
-0.062365
-0.062411
-0.062457
-0.062503
-0.062549
-0.062594
-0.062639
-0.062683
-0.062727
-0.062771
-0.062815
-0.062858
-0.062901
-0.062944
-0.062986
-0.063028
-0.063070
-0.063112
-0.063153
-0.063194
-0.063234
-0.063275
-0.063315
-0.063354
-0.063394
-0.063433
-0.063472
-0.063511
-0.063549
-0.063587
-0.063625
-0.063662
-0.063699
-0.063736
-0.063773
-0.063809
-0.063845
-0.063881
-0.063917
-0.063952
-0.063987
-0.064022
-0.064056
-0.064090
-0.064124
-0.064158
-0.064192
-0.064225
-0.064258
-0.064290
-0.064323
-0.064355
-0.064387
-0.064418
-0.064450
-0.064481
-0.064512
-0.064542
-0.064573
-0.064603
-0.064633
-0.064662
-0.064692
-0.064721
-0.064750
-0.064779
-0.064807
-0.064835
-0.064863
-0.064891
-0.064919
-0.064946
-0.064973
-0.065000
-0.065026
-0.065053
-0.065079
-0.065105
-0.065130
-0.065156
-0.065181
-0.065206
-0.065231
-0.065256
-0.065280
-0.065304
-0.065328
-0.065352
-0.065375
-0.065399
-0.065422
-0.065445
-0.065467
-0.065490
-0.065512
-0.065534
-0.065556
-0.065578
-0.065599
-0.065620
-0.065641
-0.065662
-0.065683
-0.065703
-0.065724
-0.065744
-0.065764
-0.065783
-0.065803
-0.065822
-0.065841
-0.065860
-0.065879
-0.065898
-0.065916
-0.065934
-0.065952
-0.065970
-0.065988
-0.066005
-0.066023
-0.066040
-0.066057
-0.066073
-0.066090
-0.066106
-0.066123
-0.066139
-0.066155
-0.066170
-0.066186
-0.066201
-0.066217
-0.066232
-0.066247
-0.066261
-0.066276
-0.066290
-0.066305
-0.066319
-0.066333
-0.066347
-0.066360
-0.066374
-0.066387
-0.066400
-0.066413
-0.066426
-0.066439
-0.066452
-0.066464
-0.066476
-0.066488
-0.066500
-0.066512
-0.066524
-0.066535
-0.066547
-0.066558
-0.066569
-0.066580
-0.066591
-0.066602
-0.066613
-0.066623
-0.066633
-0.066643
-0.066654
-0.066663
-0.066673
-0.066683
-0.066692
-0.066702
-0.066711
-0.066720
-0.066729
-0.066738
-0.066747
-0.066756
-0.066764
-0.066773
-0.066781
-0.066789
-0.066797
-0.066805
-0.066813
-0.066820
-0.066828
-0.066835
-0.066843
-0.066850
-0.066857
-0.066864
-0.066871
-0.066878
-0.066885
-0.066891
-0.066898
-0.066904
-0.066910
-0.066916
-0.066922
-0.066928
-0.066934
-0.066940
-0.066945
-0.066951
-0.066956
-0.066962
-0.066967
-0.066972
-0.066977
-0.066982
-0.066987
-0.066992
-0.066996
-0.067001
-0.067005
-0.067010
-0.067014
-0.067018
-0.067022
-0.067026
-0.067030
-0.067034
-0.067038
-0.067041
-0.067045
-0.067048
-0.067052
-0.067055
-0.067058
-0.067061
-0.067065
-0.067068
-0.067070
-0.067073
-0.067076
-0.067079
-0.067081
-0.067084
-0.067086
-0.067089
-0.067091
-0.067093
-0.067095
-0.067097
-0.067099
-0.067101
-0.067103
-0.067105
-0.067106
-0.067108
-0.067110
-0.067111
-0.067112
-0.067114
-0.067115
-0.067116
-0.067117
-0.067119
-0.067120
-0.067121
-0.067121
-0.067122
-0.067123
-0.067124
-0.067124
-0.067125
-0.067125
-0.067126
-0.067126
-0.067127
-0.067127
-0.067127
-0.067127
-0.067127
-0.067127
-0.067127
-0.067127
-0.067127
-0.067127
-0.067127
-0.067127
-0.067126
-0.067126
-0.067125
-0.067125
-0.067124
-0.067124
-0.067123
-0.067122
-0.067122
-0.067121
-0.067120
-0.067119
-0.067118
-0.067117
-0.067116
-0.067115
-0.067114
-0.067113
-0.067112
-0.067111
-0.067109
-0.067108
-0.067107
-0.067105
-0.067104
-0.067102
-0.067101
-0.067099
-0.067097
-0.067096
-0.067094
-0.067092
-0.067091
-0.067089
-0.067087
-0.067085
-0.067083
-0.067081
-0.067079
-0.067077
-0.067075
-0.067073
-0.067071
-0.067069
-0.067066
-0.067064
-0.067062
-0.067059
-0.067057
-0.067055
-0.067052
-0.067050
-0.067047
-0.067045
-0.067042
-0.067040
-0.067037
-0.067035
-0.067032
-0.067029
-0.067027
-0.067024
-0.067021
-0.067018
-0.067016
-0.067013
-0.067010
-0.067007
-0.067004
-0.067001
-0.066998
-0.066995
-0.066992
-0.066989
-0.066986
-0.066983
-0.066980
-0.066977
-0.066973
-0.066970
-0.066967
-0.066964
-0.066961
-0.066957
-0.066954
-0.066951
-0.066947
-0.066944
-0.066941
-0.066937
-0.066934
-0.066931
-0.066927
-0.066924
-0.066920
-0.066917
-0.066913
-0.066910
-0.066906
-0.066902
-0.066899
-0.066895
-0.066892
-0.066888
-0.066884
-0.066881
-0.066877
-0.066873
-0.066870
-0.066866
-0.066862
-0.066858
-0.066855
-0.066851
-0.066847
-0.066843
-0.066840
-0.066836
-0.066832
-0.066828
-0.066824
-0.066820
-0.066816
-0.066812
-0.066809
-0.066805
-0.066801
-0.066797
-0.066793
-0.066789
-0.066785
-0.066781
-0.066777
-0.066773
-0.066769
-0.066765
-0.066761
-0.066757
-0.066753
-0.066749
-0.066745
-0.066741
-0.066736
-0.066732
-0.066728
-0.066724
-0.066720
-0.066716
-0.066712
-0.066708
-0.066704
-0.066700
-0.066695
-0.066691
-0.066687
-0.066683
-0.066679
-0.066675
-0.066670
-0.066666
-0.066662
-0.066658
-0.066654
-0.066649
-0.066645
-0.066641

