0.000000
0.000000
-0.000006
-0.000014
-0.000023
-0.000034
-0.000045
-0.000058
-0.000070
-0.000084
-0.000097
-0.000111
-0.000125
-0.000140
-0.000155
-0.000170
-0.000185
-0.000201
-0.000217
-0.000233
-0.000249
-0.000266
-0.000282
-0.000299
-0.000316
-0.000333
-0.000351
-0.000368
-0.000386
-0.000404
-0.000422
-0.000440
-0.000459
-0.000477
-0.000496
-0.000515
-0.000534
-0.000553
-0.000572
-0.000591
-0.000611
-0.000631
-0.000651
-0.000670
-0.000691
-0.000711
-0.000731
-0.000751
-0.000772
-0.000793
-0.000813
-0.000834
-0.000855
-0.000876
-0.000898
-0.000919
-0.000940
-0.000962
-0.000984
-0.001005
-0.001027
-0.001049
-0.001071
-0.001093
-0.001115
-0.001138
-0.001160
-0.001183
-0.001205
-0.001228
-0.001251
-0.001273
-0.001296
-0.001319
-0.001342
-0.001366
-0.001389
-0.001412
-0.001435
-0.001459
-0.001482
-0.001506
-0.001530
-0.001553
-0.001577
-0.001601
-0.001625
-0.001649
-0.001673
-0.001697
-0.001722
-0.001746
-0.001770
-0.001795
-0.001819
-0.001844
-0.001868
-0.001893
-0.001918
-0.001942
-0.001967
-0.001992
-0.002017
-0.002042
-0.002067
-0.002092
-0.002118
-0.002143
-0.002168
-0.002193
-0.002219
-0.002244
-0.002270
-0.002295
-0.002321
-0.002346
-0.002372
-0.002398
-0.002424
-0.002449
-0.002475
-0.002501
-0.002527
-0.002553
-0.002579
-0.002605
-0.002631
-0.002658
-0.002684
-0.002710
-0.002736
-0.002763
-0.002789
-0.002815
-0.002842
-0.002868
-0.002895
-0.002921
-0.002948
-0.002975
-0.003001
-0.003028
-0.003055
-0.003082
-0.003108
-0.003135
-0.003162
-0.003189
-0.003216
-0.003243
-0.003270
-0.003297
-0.003324
-0.003351
-0.003379
-0.003406
-0.003433
-0.003460
-0.003487
-0.003515
-0.003542
-0.003569
-0.003597
-0.003624
-0.003652
-0.003679
-0.003707
-0.003734
-0.003762
-0.003789
-0.003817
-0.003845
-0.003872
-0.003900
-0.003928
-0.003955
-0.003983
-0.004011
-0.004039
-0.004067
-0.004094
-0.004122
-0.004150
-0.004178
-0.004206
-0.004234
-0.004262
-0.004290
-0.004318
-0.004346
-0.004374
-0.004402
-0.004430
-0.004459
-0.004487
-0.004515
-0.004543
-0.004571
-0.004599
-0.004628
-0.004656
-0.004684
-0.004713
-0.004741
-0.004769
-0.004798
-0.004826
-0.004854
-0.004883
-0.004911
-0.004940
-0.004968
-0.004997
-0.005025
-0.005054
-0.005082
-0.005111
-0.005139
-0.005168
-0.005197
-0.005225
-0.005254
-0.005282
-0.005311
-0.005340
-0.005368
-0.005397
-0.005426
-0.005455
-0.005483
-0.005512
-0.005541
-0.005570
-0.005598
-0.005627
-0.005656
-0.005685
-0.005714
-0.005743
-0.005771
-0.005800
-0.005829
-0.005858
-0.005887
-0.005916
-0.005945
-0.005974
-0.006003
-0.006032
-0.006061
-0.006090
-0.006119
-0.006148
-0.006177
-0.006206
-0.006235
-0.006264
-0.006293
-0.006322
-0.006351
-0.006380
-0.006409
-0.006438
-0.006467
-0.006496
-0.006525
-0.006555
-0.006584
-0.006613
-0.006642
-0.006671
-0.006700
-0.006729
-0.006759
-0.006788
-0.006817
-0.006846
-0.006875
-0.006905
-0.006934
-0.006963
-0.006992
-0.007022
-0.007051
-0.007080
-0.007109
-0.007139
-0.007168
-0.007197
-0.007226
-0.007256
-0.007285
-0.007314
-0.007344
-0.007373
-0.007402
-0.007432
-0.007461
-0.007490
-0.007520
-0.007549
-0.007578
-0.007608
-0.007637
-0.007666
-0.007696
-0.007725
-0.007754
-0.007784
-0.007813
-0.007842
-0.007872
-0.007901
-0.007931
-0.007960
-0.007989
-0.008019
-0.008048
-0.008078
-0.008107
-0.008136
-0.008166
-0.008195
-0.008225
-0.008254
-0.008283
-0.008313
-0.008342
-0.008372
-0.008401
-0.008431
-0.008460
-0.008489
-0.008519
-0.008548
-0.008578
-0.008607
-0.008637
-0.008666
-0.008695
-0.008725
-0.008754
-0.008784
-0.008813
-0.008843
-0.008872
-0.008902
-0.008931
-0.008960
-0.008990
-0.009019
-0.009049
-0.009078
-0.009108
-0.009137
-0.009167
-0.009196
-0.009225
-0.009255
-0.009284
-0.009314
-0.009343
-0.009373
-0.009402
-0.009432
-0.009461
-0.009490
-0.009520
-0.009549
-0.009579
-0.009608
-0.009638
-0.009667
-0.009696
-0.009726
-0.009755
-0.009785
-0.009814
-0.009844
-0.009873
-0.009902
-0.009932
-0.009961
-0.009991
-0.010020
-0.010050
-0.010079
-0.010108
-0.010138
-0.010167
-0.010197
-0.010226
-0.010255
-0.010285
-0.010314
-0.010344
-0.010373
-0.010402
-0.010432
-0.010461
-0.010490
-0.010520
-0.010549
-0.010579
-0.010608
-0.010637
-0.010667
-0.010696
-0.010725
-0.010755
-0.010784
-0.010813
-0.010843
-0.010872
-0.010901
-0.010931
-0.010960
-0.010989
-0.011019
-0.011048
-0.011077
-0.011107
-0.011136
-0.011165
-0.011195
-0.011224
-0.011253
-0.011282
-0.011312
-0.011341
-0.011370
-0.011400
-0.011429
-0.011458
-0.011487
-0.011517
-0.011546
-0.011575
-0.011604
-0.011634
-0.011663
-0.011692
-0.011721
-0.011750
-0.011780
-0.011809
-0.011838
-0.011867
-0.011896
-0.011926
-0.011955
-0.011984
-0.012013
-0.012042
-0.012071
-0.012101
-0.012130
-0.012159
-0.012188
-0.012217
-0.012246
-0.012275
-0.012304
-0.012334
-0.012363
-0.012392
-0.012421
-0.012450
-0.012479
-0.012508
-0.012537
-0.012566
-0.012595
-0.012624
-0.012653
-0.012682
-0.012711
-0.012740
-0.012769
-0.012798
-0.012827
-0.012856
-0.012885
-0.012914
-0.012943
-0.012972
-0.013001
-0.013030
-0.013059
-0.013088
-0.013117
-0.013146
-0.013175
-0.013204
-0.013233
-0.013262
-0.013291
-0.013320
-0.013348
-0.013377
-0.013406
-0.013435
-0.013150
-0.011956
-0.009172
-0.004400
0.002425
0.011144
0.021495
0.033181
0.045916
0.059436
0.073512
0.087944
0.102564
0.117232
0.131834
0.146280
0.160496
0.174428
0.188033
0.201279
0.214143
0.226612
0.238676
0.250330
0.261576
0.272415
0.282853
0.292897
0.302556
0.311840
0.320758
0.329322
0.337542
0.345431
0.352998
0.360257
0.367216
0.373889
0.380284
0.386413
0.392579
0.399356
0.407402
0.417114
0.428573
0.441645
0.456092
0.471644
0.488033
0.505018
0.522385
0.539947
0.557547
0.575057
0.592371
0.609405
0.626094
0.642387
0.658246
0.673646
0.688568
0.702999
0.716936
0.730376
0.743322
0.755780
0.767757
0.779263
0.790309
0.800906
0.811067
0.820804
0.830131
0.839060
0.847604
0.855776
0.863589
0.871055
0.878187
0.884996
0.891776
0.899086
0.907571
0.917631
0.929355
0.942623
0.957210
0.972853
0.989296
1.006300
1.023657
1.041182
1.058723
1.076149
1.093357
1.110263
1.126803
1.142925
1.158593
1.173779
1.188465
1.202640
1.216298
1.229439
1.242064
1.254179
1.265793
1.276915
1.287555
1.297726
1.307441
1.316711
1.325551
1.333974
1.341994
1.349623
1.356874
1.363760
1.370295
1.376489
1.382629
1.389263
1.397028
1.406326
1.417258
1.429714
1.443476
1.458289
1.473900
1.490075
1.506605
1.523309
1.540030
1.556641
1.573036
1.589130
1.604857
1.620166
1.635019
1.649387
1.663251
1.676600
1.689426
1.701729
1.713511
1.724777
1.735535
1.745793
1.755564
1.764858
1.773687
1.782066
1.790008
1.797525
1.804631
1.811340
1.817665
1.823618
1.829213
1.834461
1.839642
1.845293
1.852047
1.860309
1.870189
1.881586
1.894290
1.908052
1.922622
1.937768
1.953282
1.968981
1.984710
2.000339
2.015761
2.030891
2.045659
2.060015
2.073918
2.087338
2.100257
2.112660
2.124541
2.135898
2.146731
2.157047
2.166852
2.176156
2.184968
2.193301
2.201166
2.208578
2.215548
2.222091
2.228220
2.233948
2.239289
2.244255
2.248860
2.253115
2.257293
2.261923
2.267634
2.274832
2.283638
2.293959
2.305592
2.318293
2.331815
2.345927
2.360423
2.375120
2.389860
2.404514
2.418971
2.433146
2.446968
2.460383
2.473351
2.485841
2.497832
2.509309
2.520265
2.530697
2.540606
2.549996
2.558875
2.567250
2.575132
2.582533
2.589464
2.595940
2.601972
2.607574
2.612760
2.617544
2.621937
2.625954
2.629607
2.632909
2.636126
2.639779
2.644492
2.650676
2.658458
2.667755
2.678371
2.690065
2.702594
2.715730
2.729265
2.743017
2.756828
2.770564
2.784117
2.797398
2.810334
2.822871
2.834965
2.846586
2.857711
2.868324
2.878417
2.887987
2.897033
2.905560
2.913575
2.921084
2.928099
2.934631
2.940692
2.946295
2.951453
2.956179
2.960486
2.964389
2.967899
2.971032
2.973798
2.976211
2.978509
2.981159
2.984722
2.989579
2.995852
3.003475
3.012276
3.022044
3.032560
3.043618
3.055031
3.066634
3.078283
3.089857
3.101255
3.112397
3.123215
3.133660
3.143691
3.153280
3.162406
3.171054
3.179216
3.186890
3.194074
3.200772
3.206990
3.212737
3.218020
3.222852
3.227242
3.231202
3.234746
3.237885
3.240632
3.242999
3.244999
3.246645
3.247947
3.248919
3.249793
3.251032
3.253196
3.256667
3.261575
3.267856
3.275344
3.283828
3.293090
3.302924
3.313143
3.323578
3.334086
3.344543
3.354846
3.364913
3.374675
3.384080
3.393088
3.401666
3.409794
3.417455
3.424642
3.431348
3.437574
3.443323
3.448599
3.453411
3.457766
3.461675
3.465148
3.468198
3.470837
3.473076
3.474929
3.476407
3.477522
3.478288
3.478715
3.478816
3.478821
3.479187
3.480470
3.483057
3.487081
3.492487
3.499109
3.506742
3.515168
3.524183
3.533599
3.543248
3.552985
3.562684
3.572243
3.581576
3.590615
3.599306
3.607606
3.615483
3.622915
3.629885
3.636383
3.642404
3.647948
3.653016
3.657613
3.661746
3.665425
3.668657
3.671456
3.673831
3.675796
3.677361
3.678540
3.679345
3.679789
3.679883
3.679639
3.679069
3.678185
3.676998
3.675519
3.673757
3.671724
3.669428
3.666881
3.664090
3.661064
3.657812
3.654343
3.650664
3.646782
3.642706
3.638441
3.633996
3.629376
3.624588
3.619637
3.614531
3.609273
3.603871
3.598328
3.592651
3.586844
3.580911
3.574858
3.568688
3.562406
3.556016
3.549522
3.542928
3.536237
3.529454
3.522580
3.515621
3.508579
3.501456
3.494257
3.486984
3.479640
3.472227
3.464749
3.457208
3.449606
3.441945
3.434229
3.426459
3.418638
3.410767
3.402849
3.394885
3.386878
3.378830
3.370742
3.362616
3.354453
3.346256
3.338026
3.329765
3.321473
3.313153
3.304806
3.296433
3.288036
3.279616
3.271174
3.262711
3.254228
3.245728
3.237210
3.228676
3.220127
3.211564
3.202987
3.194399
3.185799
3.177189
3.168570
3.159942
3.151306
3.142663
3.134014
3.125360
3.116700
3.108037
3.099370
3.090701
3.082029
3.073356
3.064683
3.056009
3.047335
3.038662
3.029991
3.021321
3.012654
3.003990
2.995329
2.986673
2.978020
2.969372
2.960730
2.952093
2.943462
2.934837
2.926220
2.917609
2.909006
2.900410
2.891823
2.883244
2.874674
2.866112
2.857561
2.849019
2.840486
2.831964
2.823453
2.814952
2.806462
2.797983
2.789515
2.781059
2.772615
2.764183
2.755763
2.747356
2.738961
2.730579
2.722210
2.713854
2.705511
2.697182
2.688866
2.680565
2.672277
2.664003
2.655743
2.647498
2.639267
2.631051
2.622849
2.614662
2.606490
2.598333
2.590191
2.582064
2.573953
2.565857
2.557777
2.549712
2.541663
2.533629
2.525611
2.517610
2.509624
2.501654
2.493700
2.485763
2.477841
2.469936
2.462047
2.454175
2.446319
2.438480
2.430657
2.422850
2.415061
2.407288
2.399531
2.391792
2.384069
2.376363
2.368674
2.361001
2.353346
2.345708
2.338086
2.330481
2.322894
2.315323
2.307770
2.300233
2.292714
2.285212
2.277727
2.270259
2.262808
2.255374
2.247958
2.240558
2.233176
2.225811
2.218463
2.211133
2.203819
2.196523
2.189244
2.181982
2.174738
2.167510
2.160300
2.153107
2.145931
2.138773
2.131632
2.124507
2.117401
2.110311
2.103238
2.096183
2.089145
2.082124
2.075120
2.068133
2.061163
2.054211
2.047276
2.040357
2.033456
2.026572
2.019705
2.012855
2.006022
1.999207
1.992408
1.985626
1.978861
1.972113
1.965382
1.958668
1.951971
1.945291
1.938628
1.931981
1.925352
1.918739
1.912143
1.905564
1.899002
1.892456
1.885927
1.879415
1.872920
1.866441
1.859979
1.853534
1.847105
1.840693
1.834297
1.827918
1.821556
1.815210
1.808880
1.802567
1.796270
1.789990
1.783726
1.777479
1.771248
1.765033
1.758835
1.752653
1.746487
1.740337
1.734204
1.728086
1.721985
1.715900
1.709831
1.703779
1.697742
1.691721
1.685717
1.679728
1.673755
1.667798
1.661858
1.655933
1.650023
1.644130
1.638253
1.632391
1.626545
1.620715
1.614900
1.609101
1.603318
1.597551
1.591799
1.586062
1.580341
1.574636
1.568946
1.563272
1.557613
1.551969
1.546341
1.540728
1.535131
1.529549
1.523982
1.518430
1.512894
1.507373
1.501867
1.496376
1.490900
1.485439
1.479993
1.474563
1.469147
1.463746
1.458360
1.452990
1.447634
1.442293
1.436966
1.431655
1.426358
1.421076
1.415809
1.410557
1.405319
1.400096
1.394887
1.389693
1.384514
1.379349
1.374199
1.369063
1.363941
1.358834
1.353741
1.348663
1.343599
1.338549
1.333514
1.328493
1.323486
1.318493
1.313515
1.308550
1.303600
1.298664
1.293741
1.288833
1.283939
1.279059
1.274193
1.269340
1.264502
1.259677
1.254867
1.250070
1.245287
1.240517
1.235762
1.231020
1.226291
1.221577
1.216875
1.212188
1.207514
1.202853
1.198207
1.193573
1.188953
1.184346
1.179753
1.175173
1.170607
1.166054
1.161514
1.156987
1.152474
1.147973
1.143486
1.139012
1.134552
1.130104
1.125669
1.121248
1.116839
1.112443
1.108060
1.103691
1.099334
1.094990
1.090658
1.086340
1.082034
1.077742
1.073461
1.069194
1.064939
1.060697
1.056468
1.052251
1.048047
1.043855
1.039676
1.035509
1.031355
1.027213
1.023083
1.018966
1.014862
1.010769
1.006689
1.002622
0.998566
0.994523
0.990492
0.986473
0.982466
0.978471
0.974489
0.970518
0.966560
0.962613
0.958679
0.954756
0.950845
0.946947
0.943060
0.939185
0.935322
0.931470
0.927631
0.923803
0.919987
0.916183
0.912390
0.908609
0.904840
0.901082
0.897335
0.893601
0.889878
0.886166
0.882466
0.878777
0.875100
0.871434
0.867779
0.864136
0.860504
0.856883
0.853274
0.849676
0.846089
0.842513
0.838948
0.835395
0.831852
0.828321
0.824801
0.821292
0.817794
0.814307
0.810830
0.807365
0.803911
0.800467
0.797035
0.793613
0.790202
0.786802
0.783413
0.780034
0.776666
0.773309
0.769962
0.766626
0.763301
0.759987
0.756682
0.753389
0.750106
0.746833
0.743571
0.740320
0.737079
0.733848
0.730627
0.727417
0.724218
0.721028
0.717849
0.714680
0.711522
0.708373
0.705235
0.702107
0.698989
0.695881
0.692784
0.689696
0.686618
0.683551
0.680493
0.677446
0.674408
0.671380
0.668363
0.665355
0.662357
0.659368
0.656390
0.653421
0.650463
0.647514
0.644574
0.641645
0.638725
0.635814
0.632914
0.630023
0.627141
0.624269
0.621407
0.618554
0.615711
0.612877
0.610052
0.607238
0.604432
0.601636
0.598849
0.596071
0.593303
0.590544
0.587795
0.585054
0.582323
0.579601
0.576889
0.574185
0.571491
0.568805
0.566129
0.563462
0.560804
0.558155
0.555515
0.552884
0.550262
0.547649
0.545044
0.542449
0.539863
0.537285
0.534716
0.532156
0.529605
0.527063
0.524529
0.522004
0.519488
0.516981
0.514482
0.511992
0.509510
0.507038
0.504573
0.502117
0.499670
0.497232
0.494801
0.492380
0.489966
0.487562
0.485165
0.482777
0.480398
0.478026
0.475663
0.473309
0.470963
0.468624
0.466295
0.463973
0.461660
0.459355
0.457058
0.454769
0.452488
0.450215
0.447951
0.445694
0.443446
0.441206
0.438973
0.436749
0.434533
0.432324
0.430124
0.427931
0.425746
0.423569
0.421400
0.419239
0.417086
0.414940
0.412802
0.410672
0.408550
0.406435
0.404328
0.402229
0.400137
0.398053
0.395977
0.393908
0.391847
0.389793
0.387747
0.385709
0.383678
0.381654
0.379638
0.377629
0.375628
0.373634
0.371647
0.369668
0.367697
0.365732
0.363775
0.361825
0.359882
0.357947
0.356019
0.354098
0.352184
0.350278
0.348378
0.346486
0.344601
0.342723
0.340852
0.338988
0.337131
0.335281
0.333439
0.331603
0.329774
0.327952
0.326137
0.324329
0.322528
0.320733
0.318946
0.317165
0.315391
0.313624
0.311864
0.310111
0.308364
0.306624
0.304891
0.303164
0.301444
0.299731
0.298024
0.296325
0.294631
0.292944
0.291264
0.289590
0.287923
0.286263
0.284608
0.282961
0.281320
0.279685
0.278056
0.276435
0.274819
0.273210
0.271607
0.270011
0.268420
0.266836
0.265259
0.263688
0.262122
0.260564
0.259011
0.257465
0.255924
0.254390
0.252862
0.251340
0.249825
0.248315
0.246812
0.245314
0.243823
0.242337
0.240858
0.239384
0.237917
0.236455
0.235000
0.233550
0.232106
0.230669
0.229237
0.227810
0.226390
0.224976
0.223567
0.222164
0.220767
0.219376
0.217990
0.216610
0.215236
0.213867
0.212504
0.211147
0.209795
0.208450
0.207109
0.205774
0.204445
0.203121
0.201803
0.200491
0.199183
0.197882
0.196586
0.195295
0.194010
0.192730
0.191455
0.190186
0.188922
0.187664
0.186411
0.185163
0.183921
0.182684
0.181452
0.180225
0.179004
0.177788
0.176577
0.175371
0.174170
0.172975
0.171785
0.170599
0.169419
0.168244
0.167075
0.165910
0.164750
0.163595
0.162445
0.161301
0.160161
0.159026
0.157896
0.156771
0.155651
0.154536
0.153426
0.152321
0.151220
0.150125
0.149034
0.147948
0.146867
0.145790
0.144719
0.143652
0.142590
0.141532
0.140479
0.139431
0.138388
0.137349
0.136315
0.135286
0.134261
0.133241
0.132225
0.131214
0.130207
0.129205
0.128207
0.127214
0.126226
0.125242
0.124262
0.123287
0.122316
0.121350
0.120388
0.119430
0.118477
0.117528
0.116584
0.115644
0.114708
0.113776
0.112849
0.111926
0.111007
0.110093
0.109182
0.108276
0.107374
0.106476
0.105583
0.104693
0.103808
0.102927
0.102050
0.101177
0.100308
0.099443
0.098582
0.097725
0.096873
0.096024
0.095179
0.094338
0.093501
0.092668
0.091839
0.091014
0.090193
0.089376
0.088562
0.087753
0.086947
0.086145
0.085347
0.084553
0.083762
0.082976
0.082193
0.081414
0.080638
0.079866
0.079098
0.078334
0.077573
0.076816
0.076063
0.075313
0.074567
0.073825
0.073086
0.072351
0.071619
0.070891
0.070166
0.069445
0.068727
0.068013
0.067303
0.066596
0.065892
0.065192
0.064495
0.063801
0.063112
0.062425
0.061742
0.061062
0.060385
0.059712
0.059043
0.058376
0.057713
0.057053
0.056396
0.055743
0.055093
0.054446
0.053802
0.053162
0.052525
0.051891
0.051260
0.050632
0.050008
0.049386
0.048768
0.048153
0.047541
0.046932
0.046326
0.045723
0.045123
0.044526
0.043932
0.043342
0.042754
0.042169
0.041587
0.041008
0.040433
0.039860
0.039290
0.038722
0.038158
0.037597
0.037038
0.036483
0.035930
0.035380
0.034833
0.034289
0.033747
0.033209
0.032673
0.032139
0.031609
0.031081
0.030557
0.030034
0.029515
0.028998
0.028484
0.027973
0.027464
0.026958
0.026454
0.025953
0.025455
0.024960
0.024467
0.023976
0.023488
0.023003
0.022520
0.022040
0.021562
0.021087
0.020614
0.020144
0.019676
0.019211
0.018748
0.018288
0.017830
0.017375
0.016922
0.016471
0.016023
0.015577
0.015133
0.014692
0.014253
0.013817
0.013383
0.012951
0.012522
0.012094
0.011670
0.011247
0.010827
0.010408
0.009993
0.009579
0.009168
0.008758
0.008351
0.007947
0.007544
0.007144
0.006745
0.006349
0.005955
0.005564
0.005174
0.004786
0.004401
0.004017
0.003636
0.003257
0.002880
0.002505
0.002132
0.001761
0.001392
0.001025
0.000660
0.000297
-0.000064
-0.000423
-0.000780
-0.001135
-0.001489
-0.001840
-0.002189
-0.002536
-0.002882
-0.003225
-0.003567
-0.003907
-0.004245
-0.004581
-0.004915
-0.005247
-0.005577
-0.005906
-0.006233
-0.006558
-0.006881
-0.007202
-0.007522
-0.007840
-0.008156
-0.008470
-0.008783
-0.009094
-0.009403
-0.009710
-0.010016
-0.010320
-0.010622
-0.010922
-0.011221
-0.011518
-0.011814
-0.012108
-0.012400
-0.012690
-0.012979
-0.013267
-0.013552
-0.013836
-0.014119
-0.014400
-0.014679
-0.014957
-0.015233
-0.015507
-0.015780
-0.016052
-0.016322
-0.016590
-0.016857
-0.017123
-0.017387
-0.017649
-0.017910
-0.018169
-0.018427
-0.018684
-0.018939
-0.019192
-0.019444
-0.019695
-0.019944
-0.020192
-0.020438
-0.020683
-0.020927
-0.021169
-0.021410
-0.021650
-0.021888
-0.022124
-0.022360
-0.022594
-0.022826
-0.023058
-0.023288
-0.023516
-0.023744
-0.023970
-0.024194
-0.024418
-0.024640
-0.024861
-0.025081
-0.025299
-0.025516
-0.025732
-0.025946
-0.026160
-0.026372
-0.026583
-0.026792
-0.027001
-0.027208
-0.027414
-0.027619
-0.027822
-0.028025
-0.028226
-0.028426
-0.028625
-0.028823
-0.029020
-0.029215
-0.029410
-0.029603
-0.029795
-0.029986
-0.030176
-0.030364
-0.030552
-0.030739
-0.030924
-0.031108
-0.031292
-0.031474
-0.031655
-0.031835
-0.032014
-0.032192
-0.032369
-0.032545
-0.032720
-0.032894
-0.033067
-0.033238
-0.033409
-0.033579
-0.033748
-0.033916
-0.034082
-0.034248
-0.034413
-0.034577
-0.034740
-0.034902
-0.035063
-0.035223
-0.035382
-0.035540
-0.035697
-0.035854
-0.036009
-0.036163
-0.036317
-0.036469
-0.036621
-0.036772
-0.036922
-0.037071
-0.037219
-0.037366
-0.037513
-0.037658
-0.037803
-0.037947
-0.038090
-0.038232
-0.038373
-0.038513
-0.038653
-0.038791
-0.038929
-0.039066
-0.039203
-0.039338
-0.039473
-0.039606
-0.039740
-0.039872
-0.040003
-0.040134
-0.040264
-0.040393
-0.040521
-0.040649
-0.040775
-0.040901
-0.041027
-0.041151
-0.041275
-0.041398
-0.041520
-0.041642
-0.041762
-0.041882
-0.042002
-0.042120
-0.042238
-0.042356
-0.042472
-0.042588
-0.042703
-0.042817
-0.042931
-0.043044
-0.043156
-0.043268
-0.043379
-0.043489
-0.043599
-0.043708
-0.043816
-0.043924
-0.044031
-0.044137
-0.044243
-0.044348
-0.044452
-0.044556
-0.044659
-0.044762
-0.044864
-0.044965
-0.045066
-0.045166
-0.045265
-0.045364
-0.045462
-0.045560
-0.045657
-0.045753
-0.045849
-0.045945
-0.046039
-0.046133
-0.046227
-0.046320
-0.046412
-0.046504
-0.046595
-0.046686
-0.046776
-0.046866
-0.046955
-0.047043
-0.047131
-0.047219
-0.047306
-0.047392
-0.047478
-0.047563
-0.047648
-0.047732
-0.047816
-0.047899
-0.047982
-0.048064
-0.048145
-0.048227
-0.048307
-0.048387
-0.048467
-0.048546
-0.048625
-0.048703
-0.048781
-0.048858
-0.048935
-0.049011
-0.049087
-0.049162
-0.049237
-0.049312
-0.049385
-0.049459
-0.049532
-0.049605
-0.049677
-0.049748
-0.049820
-0.049890
-0.049961
-0.050030
-0.050100
-0.050169
-0.050238
-0.050306
-0.050373
-0.050441
-0.050508
-0.050574
-0.050640
-0.050706
-0.050771
-0.050836
-0.050900
-0.050964
-0.051028
-0.051091
-0.051154
-0.051216
-0.051278
-0.051340
-0.051401
-0.051462
-0.051522
-0.051582
-0.051642
-0.051701
-0.051760
-0.051819
-0.051877
-0.051935
-0.051992
-0.052050
-0.052106
-0.052163
-0.052219
-0.052274
-0.052330
-0.052385
-0.052439
-0.052493
-0.052547
-0.052601
-0.052654
-0.052707
-0.052760
-0.052812
-0.052864
-0.052915
-0.052966
-0.053017
-0.053068
-0.053118
-0.053168
-0.053218
-0.053267
-0.053316
-0.053365
-0.053413
-0.053461
-0.053509
-0.053556
-0.053603
-0.053650
-0.053696
-0.053743
-0.053788
-0.053834
-0.053879
-0.053924
-0.053969
-0.054013
-0.054058
-0.054101
-0.054145
-0.054188
-0.054231
-0.054274
-0.054316
-0.054359
-0.054400
-0.054442
-0.054483
-0.054524
-0.054565
-0.054606
-0.054646
-0.054686
-0.054726
-0.054765
-0.054804
-0.054843
-0.054882
-0.054921
-0.054959
-0.054997
-0.055034
-0.055072
-0.055109
-0.055146
-0.055183
-0.055219
-0.055255
-0.055291
-0.055327
-0.055362
-0.055398
-0.055433
-0.055467
-0.055502
-0.055536
-0.055570
-0.055604
-0.055638
-0.055671
-0.055705
-0.055738
-0.055770
-0.055803
-0.055835
-0.055867
-0.055899
-0.055931
-0.055962
-0.055993
-0.056024
-0.056055
-0.056086
-0.056116
-0.056146
-0.056176
-0.056206
-0.056236
-0.056265
-0.056294
-0.056323
-0.056352
-0.056381
-0.056409
-0.056437
-0.056465
-0.056493
-0.056521
-0.056548
-0.056575
-0.056602
-0.056629
-0.056656
-0.056682
-0.056709
-0.056735
-0.056761
-0.056786
-0.056812
-0.056837
-0.056863
-0.056888
-0.056912
-0.056937
-0.056962
-0.056986
-0.057010
-0.057034
-0.057058
-0.057082
-0.057105
-0.057129
-0.057152
-0.057175
-0.057198
-0.057220
-0.057243
-0.057265
-0.057287
-0.057309
-0.057331
-0.057353
-0.057375
-0.057396
-0.057417
-0.057438
-0.057459
-0.057480
-0.057501
-0.057521
-0.057542
-0.057562
-0.057582
-0.057602
-0.057622
-0.057641
-0.057661
-0.057680
-0.057699
-0.057719
-0.057737
-0.057756
-0.057775
-0.057793
-0.057812
-0.057830
-0.057848
-0.057866
-0.057884
-0.057902
-0.057919
-0.057937
-0.057954
-0.057971
-0.057988
-0.058005
-0.058022
-0.058039
-0.058055
-0.058072
-0.058088
-0.058104
-0.058120
-0.058136
-0.058152
-0.058168
-0.058183
-0.058199
-0.058214
-0.058229
-0.058244
-0.058259
-0.058274
-0.058289
-0.058304
-0.058318
-0.058333
-0.058347
-0.058361
-0.058375
-0.058389
-0.058403
-0.058417
-0.058430
-0.058444
-0.058457
-0.058471
-0.058484
-0.058497
-0.058510
-0.058523
-0.058536
-0.058549
-0.058561
-0.058574
-0.058586
-0.058598
-0.058611
-0.058623
-0.058635
-0.058647
-0.058659
-0.058670
-0.058682
-0.058693
-0.058705
-0.058716
-0.058727
-0.058739
-0.058750
-0.058761
-0.058772
-0.058782
-0.058793
-0.058804
-0.058814
-0.058825
-0.058835
-0.058845
-0.058855
-0.058865
-0.058876
-0.058885
-0.058895
-0.058905
-0.058915
-0.058924
-0.058934
-0.058943
-0.058953
-0.058962
-0.058971
-0.058980
-0.058989
-0.058998
-0.059007
-0.059016
-0.059024
-0.059033
-0.059042
-0.059050
-0.059058
-0.059067
-0.059075
-0.059083
-0.059091
-0.059099
-0.059107
-0.059115
-0.059123
-0.059131
-0.059138
-0.059146
-0.059154
-0.059161
-0.059168
-0.059176
-0.059183
-0.059190
-0.059197
-0.059204
-0.059211
-0.059218
-0.059225
-0.059232
-0.059239
-0.059245
-0.059252
-0.059259
-0.059265
-0.059271
-0.059278
-0.059284
-0.059290
-0.059296
-0.059303
-0.059309
-0.059315
-0.059320
-0.059326
-0.059332
-0.059338
-0.059344
-0.059349
-0.059355
-0.059360
-0.059366
-0.059371
-0.059376
-0.059382
-0.059387
-0.059392
-0.059397
-0.059402
-0.059407
-0.059412
-0.059417
-0.059422
-0.059427
-0.059432
-0.059436
-0.059441
-0.059446
-0.059450
-0.059455
-0.059459
-0.059464
-0.059468
-0.059472
-0.059476
-0.059481
-0.059485
-0.059489
-0.059493
-0.059497
-0.059501
-0.059505
-0.059509
-0.059513
-0.059516
-0.059520
-0.059524
-0.059527
-0.059531
-0.059535
-0.059538
-0.059542
-0.059545
-0.059548
-0.059552
-0.059555
-0.059558
-0.059562
-0.059565
-0.059568
-0.059571
-0.059574
-0.059577
-0.059580
-0.059583
-0.059586
-0.059589
-0.059592
-0.059594
-0.059597
-0.059600
-0.059602
-0.059605
-0.059608
-0.059610
-0.059613
-0.059615
-0.059618
-0.059620
-0.059622
-0.059625
-0.059627
-0.059629
-0.059632
-0.059634
-0.059636
-0.059638
-0.059640
-0.059642
-0.059644
-0.059646
-0.059648
-0.059650
-0.059652
-0.059654
-0.059656
-0.059658
-0.059659
-0.059661
-0.059663
-0.059664
-0.059666
-0.059668
-0.059669
-0.059671
-0.059672
-0.059674
-0.059675
-0.059677
-0.059678
-0.059680
-0.059681
-0.059682
-0.059684
-0.059685
-0.059686
-0.059687
-0.059689
-0.059690
-0.059691
-0.059692
-0.059693
-0.059694
-0.059695
-0.059696
-0.059697
-0.059698
-0.059699
-0.059700
-0.059701
-0.059702
-0.059703
-0.059703
-0.059704
-0.059705
-0.059706
-0.059706
-0.059707
-0.059708
-0.059708
-0.059709
-0.059710
-0.059710
-0.059711
-0.059711
-0.059712
-0.059712
-0.059713
-0.059713
-0.059714
-0.059714
-0.059714
-0.059715
-0.059715
-0.059715
-0.059716
-0.059716
-0.059716
-0.059717
-0.059717
-0.059717
-0.059717
-0.059717
-0.059718
-0.059718
-0.059718
-0.059718
-0.059718
-0.059718
-0.059718
-0.059718
-0.059718
-0.059718
-0.059718
-0.059718
-0.059718
-0.059718
-0.059718
-0.059718
-0.059718
-0.059718
-0.059717
-0.059717
-0.059717
-0.059717
-0.059717
-0.059716
-0.059716
-0.059716
-0.059716
-0.059715
-0.059715
-0.059715
-0.059714
-0.059714
-0.059714
-0.059713
-0.059713
-0.059713
-0.059712
-0.059712
-0.059711
-0.059711
-0.059710
-0.059710
-0.059709
-0.059709
-0.059708
-0.059708
-0.059707
-0.059707
-0.059706
-0.059706
-0.059705
-0.059704
-0.059704
-0.059703
-0.059703
-0.059702
-0.059701
-0.059701
-0.059700
-0.059699
-0.059699
-0.059698
-0.059697
-0.059697
-0.059696
-0.059695
-0.059694
-0.059694
-0.059693
-0.059692
-0.059691
-0.059690
-0.059690
-0.059689
-0.059688
-0.059687
-0.059686
-0.059685
-0.059685
-0.059684
-0.059683
-0.059682
-0.059681
-0.059680
-0.059679
-0.059678
-0.059677
-0.059676
-0.059675
-0.059675
-0.059674
-0.059673
-0.059672
-0.059671
-0.059670
-0.059669
-0.059668
-0.059667
-0.059666
-0.059665
-0.059664
-0.059663
-0.059662
-0.059661
-0.059660
-0.059659
-0.059657
-0.059656
-0.059655
-0.059654
-0.059653
-0.059652
-0.059651
-0.059650
-0.059649
-0.059648
-0.059647
-0.059646
-0.059644
-0.059643
-0.059642
-0.059641
-0.059640
-0.059639
-0.059638
-0.059636
-0.059635
-0.059634
-0.059633
-0.059632
-0.059631
-0.059630
-0.059628
-0.059627
-0.059626
-0.059625
-0.059624
-0.059622
-0.059621
-0.059620
-0.059619
-0.059618
-0.059616
-0.059615
-0.059614
-0.059613
-0.059612
-0.059610
-0.059609
-0.059608
-0.059607
-0.059605
-0.059604
-0.059603
-0.059602
-0.059601
-0.059599
-0.059598
-0.059597
-0.059596
-0.059594
-0.059593
-0.059592
-0.059591
-0.059589
-0.059588
-0.059587
-0.059586
-0.059584
-0.059583
-0.059582
-0.059581
-0.059579
-0.059578
-0.059577
-0.059576
-0.059574
-0.059573
-0.059572
-0.059571
-0.059569
-0.059568
-0.059567
-0.059566
-0.059564
-0.059563
-0.059562
-0.059560
-0.059559
-0.059558
-0.059557
-0.059555
-0.059554
-0.059553
-0.059552
-0.059550
-0.059549
-0.059548
-0.059547
-0.059545
-0.059544
-0.059543
-0.059542
-0.059540
-0.059539
-0.059538
-0.059537
-0.059535
-0.059534
-0.059533
-0.059532
-0.059530
-0.059529
-0.059528
-0.059527
-0.059525
-0.059524
-0.059523
-0.059522
-0.059520
-0.059519
-0.059518
-0.059517
-0.059515
-0.059514
-0.059513
-0.059512
-0.059511
-0.059509
-0.059508
-0.059507
-0.059506
-0.059505
-0.059503
-0.059502
-0.059501
-0.059500
-0.059499
-0.059497
-0.059496
-0.059495
-0.059494
-0.059493
-0.059491
-0.059490
-0.059489
-0.059488
-0.059487
-0.059485
-0.059484
-0.059483
-0.059482
-0.059481
-0.059480
-0.059479
-0.059477
-0.059476
-0.059475
-0.059474
-0.059473
-0.059472
-0.059471
-0.059469
-0.059468
-0.059467
-0.059466
-0.059465
-0.059464
-0.059463
-0.059462
-0.059461
-0.059459
-0.059458
-0.059457
-0.059456
-0.059455
-0.059454
-0.059453
-0.059452
-0.059451
-0.059450
-0.059449
-0.059448
-0.059447
-0.059445
-0.059444
-0.059443
-0.059442
-0.059441
-0.059440
-0.059439
-0.059438
-0.059437
-0.059436
-0.059435
-0.059434
-0.059433
-0.059432
-0.059431
-0.059430
-0.059429
-0.059428
-0.059427
-0.059426
-0.059425
-0.059424
-0.059423
-0.059423
-0.059422
-0.059421
-0.059420
-0.059419
-0.059418
-0.059417
-0.059416
-0.059415
-0.059414
-0.059413
-0.059412
-0.059411
-0.059411
-0.059410
-0.059409
-0.059408
-0.059407
-0.059406
-0.059405
-0.059404
-0.059404
-0.059403
-0.059402
-0.059401
-0.059400
-0.059399
-0.059399
-0.059398
-0.059397
-0.059396
-0.059395
-0.059395
-0.059394
-0.059393
-0.059392
-0.059391
-0.059391
-0.059390
-0.059389
-0.059388
-0.059388
-0.059387
-0.059386
-0.059385
-0.059385
-0.059384
-0.059383
-0.059383
-0.059382
-0.059381
-0.059380
-0.059380
-0.059379
-0.059378
-0.059378
-0.059377
-0.059376
-0.059376
-0.059375
-0.059374
-0.059374
-0.059373
-0.059372
-0.059372
-0.059371
-0.059371
-0.059370
-0.059369
-0.059369
-0.059368
-0.059368
-0.059367
-0.059366
-0.059366
-0.059365
-0.059365
-0.059364
-0.059364
-0.059363
-0.059363
-0.059362
-0.059362
-0.059361
-0.059361
-0.059360
-0.059360
-0.059359
-0.059359
-0.059358
-0.059358
-0.059357
-0.059357
-0.059356
-0.059356
-0.059355
-0.059355
-0.059354
-0.059354
-0.059354
-0.059353
-0.059353
-0.059352
-0.059352
-0.059352
-0.059351
-0.059351
-0.059350
-0.059350
-0.059350
-0.059349
-0.059349
-0.059349
-0.059348
-0.059348
-0.059348
-0.059347
-0.059347
-0.059347
-0.059346
-0.059346
-0.059346
-0.059346
-0.059345
-0.059345
-0.059345
-0.059344
-0.059344
-0.059344
-0.059344
-0.059344
-0.059343
-0.059343
-0.059343
-0.059343
-0.059342
-0.059342
-0.059342
-0.059342
-0.059342
-0.059342
-0.059341
-0.059341
-0.059341
-0.059341
-0.059341
-0.059341
-0.059340
-0.059340
-0.059340
-0.059340
-0.059340
-0.059340
-0.059340
-0.059340
-0.059340
-0.059340
-0.059340
-0.059339
-0.059339
-0.059339
-0.059339
-0.059339
-0.059339
-0.059339
-0.059339
-0.059339
-0.059339
-0.059339
-0.059339
-0.059339
-0.059339
-0.059339
-0.059339
-0.059339
-0.059339
-0.059339
-0.059340
-0.059340
-0.059340
-0.059340
-0.059340
-0.059340
-0.059340
-0.059340
-0.059340
-0.059340
-0.059340
-0.059341
-0.059341
-0.059341
-0.059341
-0.059341
-0.059341
-0.059342
-0.059342
-0.059342
-0.059342
-0.059342
-0.059342
-0.059343
-0.059343
-0.059343
-0.059343
-0.059344
-0.059344
-0.059344
-0.059344
-0.059344
-0.059345
-0.059345
-0.059345
-0.059346
-0.059346
-0.059346
-0.059346
-0.059347
-0.059347
-0.059347
-0.059348
-0.059348
-0.059348
-0.059349
-0.059349
-0.059349
-0.059350
-0.059350
-0.059350
-0.059351
-0.059351
-0.059352
-0.059352
-0.059352
-0.059353
-0.059353
-0.059354
-0.059354
-0.059355
-0.059355
-0.059355
-0.059356
-0.059356
-0.059357
-0.059357
-0.059358
-0.059358
-0.059359
-0.059359
-0.059360
-0.059360
-0.059361
-0.059361
-0.059362
-0.059362
-0.059363
-0.059363
-0.059364
-0.059365
-0.059365
-0.059366
-0.059366
-0.059367
-0.059367
-0.059368
-0.059369
-0.059369
-0.059370
-0.059370
-0.059371
-0.059372
-0.059372
-0.059373
-0.059374
-0.059374
-0.059375
-0.059376
-0.059376
-0.059377
-0.059378
-0.059378
-0.059379
-0.059380
-0.059380
-0.059381
-0.059382
-0.059383
-0.059383
-0.059384
-0.059385
-0.059386
-0.059386
-0.059387
-0.059388
-0.059389
-0.059389
-0.059390
-0.059391
-0.059392
-0.059393
-0.059393
-0.059394
-0.059395
-0.059396
-0.059397
-0.059397
-0.059398
-0.059399
-0.059400
-0.059401
-0.059402
-0.059403
-0.059403
-0.059404
-0.059405
-0.059406
-0.059407
-0.059408
-0.059409
-0.059410
-0.059411
-0.059412
-0.059413
-0.059414
-0.059414
-0.059415
-0.059416
-0.059417
-0.059418
-0.059419
-0.059420
-0.059421
-0.059422
-0.059423
-0.059424
-0.059425
-0.059426
-0.059427
-0.059428
-0.059429
-0.059430
-0.059431
-0.059432
-0.059434
-0.059435
-0.059436
-0.059437
-0.059438
-0.059439
-0.059440
-0.059441
-0.059442
-0.059443
-0.059444
-0.059446
-0.059447
-0.059448
-0.059449
-0.059450
-0.059451
-0.059452
-0.059453
-0.059455
-0.059456
-0.059457
-0.059458
-0.059459
-0.059461
-0.059462
-0.059463
-0.059464
-0.059465
-0.059467
-0.059468
-0.059469
-0.059470
-0.059471
-0.059473
-0.059474
-0.059475
-0.059476
-0.059478
-0.059479
-0.059480
-0.059482
-0.059483
-0.059484
-0.059485
-0.059487
-0.059488
-0.059489
-0.059491
-0.059492
-0.059493
-0.059495
-0.059496
-0.059497
-0.059499
-0.059500
-0.059501
-0.059503
-0.059504
-0.059505
-0.059507
-0.059508
-0.059510
-0.059511
-0.059512
-0.059514
-0.059515
-0.059517
-0.059518
-0.059519
-0.059521
-0.059522
-0.059524
-0.059525
-0.059527
-0.059528
-0.059529
-0.059531
-0.059532
-0.059534
-0.059535
-0.059537
-0.059538
-0.059540
-0.059541
-0.059543
-0.059544
-0.059546
-0.059547
-0.059549
-0.059550
-0.059552
-0.059553
-0.059555
-0.059557
-0.059558
-0.059560
-0.059561
-0.059563
-0.059564
-0.059566
-0.059568
-0.059569
-0.059571
-0.059572
-0.059574
-0.059575
-0.059577
-0.059579
-0.059580
-0.059582
-0.059584
-0.059585
-0.059587
-0.059588
-0.059590
-0.059592
-0.059593
-0.059595
-0.059597
-0.059598
-0.059600
-0.059602
-0.059603
-0.059605
-0.059607
-0.059608
-0.059610
-0.059612
-0.059614
-0.059615
-0.059617
-0.059619
-0.059620
-0.059622
-0.059624
-0.059626
-0.059627
-0.059629
-0.059631
-0.059633
-0.059634
-0.059636
-0.059638
-0.059640
-0.059642
-0.059643
-0.059645
-0.059647
-0.059649
-0.059650
-0.059652
-0.059654
-0.059656
-0.059658
-0.059660
-0.059661
-0.059663
-0.059665
-0.059667
-0.059669
-0.059671
-0.059672
-0.059674
-0.059676
-0.059678
-0.059680
-0.059682
-0.059684
-0.059685
-0.059687
-0.059689
-0.059691
-0.059693
-0.059695
-0.059697
-0.059699
-0.059701
-0.059703
-0.059705
-0.059706
-0.059708
-0.059710

