0.000000
0.000000
-0.000006
-0.000014
-0.000023
-0.000034
-0.000045
-0.000058
-0.000070
-0.000084
-0.000097
-0.000111
-0.000125
-0.000140
-0.000155
-0.000170
-0.000185
-0.000201
-0.000217
-0.000233
-0.000249
-0.000266
-0.000282
-0.000299
-0.000316
-0.000333
-0.000351
-0.000368
-0.000386
-0.000404
-0.000422
-0.000440
-0.000459
-0.000477
-0.000496
-0.000515
-0.000534
-0.000553
-0.000572
-0.000591
-0.000611
-0.000631
-0.000651
-0.000670
-0.000691
-0.000711
-0.000731
-0.000751
-0.000772
-0.000793
-0.000813
-0.000834
-0.000855
-0.000876
-0.000898
-0.000919
-0.000940
-0.000962
-0.000984
-0.001005
-0.001027
-0.001049
-0.001071
-0.001093
-0.001115
-0.001138
-0.001160
-0.001183
-0.001205
-0.001228
-0.001251
-0.001273
-0.001296
-0.001319
-0.001342
-0.001366
-0.001389
-0.001412
-0.001435
-0.001459
-0.001482
-0.001506
-0.001530
-0.001553
-0.001577
-0.001601
-0.001625
-0.001649
-0.001673
-0.001697
-0.001722
-0.001746
-0.001770
-0.001795
-0.001819
-0.001844
-0.001868
-0.001893
-0.001918
-0.001942
-0.001967
-0.001992
-0.002017
-0.002042
-0.002067
-0.002092
-0.002118
-0.002143
-0.002168
-0.002193
-0.002219
-0.002244
-0.002270
-0.002295
-0.002321
-0.002346
-0.002372
-0.002398
-0.002424
-0.002449
-0.002475
-0.002501
-0.002527
-0.002553
-0.002579
-0.002605
-0.002631
-0.002658
-0.002684
-0.002710
-0.002736
-0.002763
-0.002789
-0.002815
-0.002842
-0.002868
-0.002895
-0.002921
-0.002948
-0.002975
-0.003001
-0.003028
-0.003055
-0.003082
-0.003108
-0.003135
-0.003162
-0.003189
-0.003216
-0.003243
-0.003270
-0.003297
-0.003324
-0.003351
-0.003379
-0.003406
-0.003433
-0.003460
-0.003487
-0.003515
-0.003542
-0.003569
-0.003597
-0.003624
-0.003652
-0.003679
-0.003707
-0.003734
-0.003762
-0.003789
-0.003817
-0.003845
-0.003872
-0.003900
-0.003928
-0.003955
-0.003983
-0.004011
-0.004039
-0.004067
-0.004094
-0.004122
-0.004150
-0.004178
-0.004206
-0.004234
-0.004262
-0.004290
-0.004318
-0.004346
-0.004374
-0.004402
-0.004430
-0.004459
-0.004487
-0.004515
-0.004543
-0.004571
-0.004599
-0.004628
-0.004656
-0.004684
-0.004713
-0.004741
-0.004769
-0.004798
-0.004826
-0.004854
-0.004883
-0.004911
-0.004940
-0.004968
-0.004997
-0.005025
-0.005054
-0.005082
-0.005111
-0.005139
-0.005168
-0.005197
-0.005225
-0.005254
-0.005282
-0.005311
-0.005340
-0.005368
-0.005397
-0.005426
-0.005455
-0.005483
-0.005512
-0.005541
-0.005570
-0.005598
-0.005627
-0.005656
-0.005685
-0.005714
-0.005743
-0.005771
-0.005800
-0.005829
-0.005858
-0.005887
-0.005916
-0.005945
-0.005974
-0.006003
-0.006032
-0.006061
-0.006090
-0.006119
-0.006148
-0.006177
-0.006206
-0.006235
-0.006264
-0.006293
-0.006322
-0.006351
-0.006380
-0.006409
-0.006438
-0.006467
-0.006496
-0.006525
-0.006555
-0.006584
-0.006613
-0.006642
-0.006671
-0.006700
-0.006729
-0.006759
-0.006788
-0.006817
-0.006846
-0.006875
-0.006905
-0.006934
-0.006963
-0.006992
-0.007022
-0.007051
-0.007080
-0.007109
-0.007139
-0.007168
-0.007197
-0.007226
-0.007256
-0.007285
-0.007314
-0.007344
-0.007373
-0.007402
-0.007432
-0.007461
-0.007490
-0.007520
-0.007549
-0.007578
-0.007608
-0.007637
-0.007666
-0.007696
-0.007725
-0.007754
-0.007784
-0.007813
-0.007842
-0.007872
-0.007901
-0.007931
-0.007960
-0.007989
-0.008019
-0.008048
-0.008078
-0.008107
-0.008136
-0.008166
-0.008195
-0.008225
-0.008254
-0.008283
-0.008313
-0.008342
-0.008372
-0.008401
-0.008431
-0.008460
-0.008489
-0.008519
-0.008548
-0.008578
-0.008607
-0.008637
-0.008666
-0.008695
-0.008725
-0.008754
-0.008784
-0.008813
-0.008843
-0.008872
-0.008902
-0.008931
-0.008960
-0.008990
-0.009019
-0.009049
-0.009078
-0.009108
-0.009137
-0.009167
-0.009196
-0.009225
-0.009255
-0.009284
-0.009314
-0.009343
-0.009373
-0.009402
-0.009432
-0.009461
-0.009490
-0.009520
-0.009549
-0.009579
-0.009608
-0.009638
-0.009667
-0.009696
-0.009726
-0.009755
-0.009785
-0.009814
-0.009844
-0.009873
-0.009902
-0.009932
-0.009961
-0.009991
-0.010020
-0.010050
-0.010079
-0.010108
-0.010138
-0.010167
-0.010197
-0.010226
-0.010255
-0.010285
-0.010314
-0.010344
-0.010373
-0.010402
-0.010432
-0.010461
-0.010490
-0.010520
-0.010549
-0.010579
-0.010608
-0.010637
-0.010667
-0.010696
-0.010725
-0.010755
-0.010784
-0.010813
-0.010843
-0.010872
-0.010901
-0.010931
-0.010960
-0.010989
-0.011019
-0.011048
-0.011077
-0.011107
-0.011136
-0.011165
-0.011195
-0.011224
-0.011253
-0.011282
-0.011312
-0.011341
-0.011370
-0.011400
-0.011429
-0.011458
-0.011487
-0.011517
-0.011546
-0.011575
-0.011604
-0.011634
-0.011663
-0.011692
-0.011721
-0.011750
-0.011780
-0.011809
-0.011838
-0.011867
-0.011896
-0.011926
-0.011955
-0.011984
-0.012013
-0.012042
-0.012071
-0.012101
-0.012130
-0.012159
-0.012188
-0.012217
-0.012246
-0.012275
-0.012304
-0.012334
-0.012363
-0.012392
-0.012421
-0.012450
-0.012479
-0.012508
-0.012537
-0.012566
-0.012595
-0.012624
-0.012653
-0.012682
-0.012711
-0.012740
-0.012769
-0.012798
-0.012827
-0.012856
-0.012885
-0.012914
-0.012943
-0.012972
-0.013001
-0.013030
-0.013059
-0.013088
-0.013117
-0.013146
-0.013175
-0.013204
-0.013233
-0.013262
-0.013291
-0.013320
-0.013348
-0.013377
-0.013406
-0.013435
-0.013150
-0.011956
-0.009172
-0.004400
0.002425
0.011144
0.021495
0.033181
0.045916
0.059436
0.073512
0.087944
0.102564
0.117232
0.131834
0.146280
0.160496
0.174428
0.188033
0.201279
0.214143
0.226612
0.238676
0.250330
0.261576
0.272415
0.282853
0.292897
0.302556
0.311840
0.320758
0.329322
0.337542
0.345431
0.352998
0.360257
0.367216
0.373889
0.380284
0.386413
0.392579
0.399356
0.407402
0.417114
0.428573
0.441645
0.456092
0.471644
0.488033
0.505018
0.522385
0.539947
0.557547
0.575057
0.592371
0.609405
0.626094
0.642387
0.658246
0.673646
0.688568
0.702999
0.716936
0.730376
0.743322
0.755780
0.767757
0.779263
0.790309
0.800906
0.811067
0.820804
0.830131
0.839060
0.847604
0.855776
0.863589
0.871055
0.878187
0.884996
0.891776
0.899086
0.907571
0.917631
0.929355
0.942623
0.957210
0.972853
0.989296
1.006300
1.023657
1.041182
1.058723
1.076149
1.093357
1.110263
1.126803
1.142925
1.158593
1.173779
1.188465
1.202640
1.216298
1.229439
1.242064
1.254179
1.265793
1.276915
1.287555
1.297726
1.307441
1.316711
1.325551
1.333974
1.341994
1.349623
1.356874
1.363760
1.370295
1.376489
1.382629
1.389263
1.397028
1.406326
1.417258
1.429714
1.443476
1.458289
1.473900
1.490075
1.506605
1.523309
1.540030
1.556641
1.573036
1.589130
1.604857
1.620166
1.635019
1.649387
1.663251
1.676600
1.689426
1.701729
1.713511
1.724777
1.735535
1.745793
1.755564
1.764858
1.773687
1.782066
1.790008
1.797525
1.804631
1.811340
1.817665
1.823618
1.829213
1.834461
1.839375
1.843965
1.848245
1.852223
1.855912
1.859320
1.862458
1.865335
1.867961
1.870343
1.872491
1.874413
1.876115
1.877607
1.878894
1.879985
1.880885
1.881601
1.882140
1.882507
1.882708
1.882748
1.882634
1.882370
1.881961
1.881412
1.880727
1.879912
1.878970
1.877906
1.876723
1.875426
1.874018
1.872503
1.870885
1.869166
1.867351
1.865442
1.863442
1.861355
1.859183
1.856929
1.854597
1.852187
1.849704
1.847149
1.844525
1.841834
1.839079
1.836261
1.833383
1.830447
1.827454
1.824407
1.821308
1.818158
1.814959
1.811712
1.808420
1.805084
1.801706
1.798287
1.794828
1.791331
1.787797
1.784228
1.780625
1.776989
1.773322
1.769624
1.765897
1.762141
1.758359
1.754550
1.750717
1.746859
1.742978
1.739076
1.735152
1.731207
1.727243
1.723260
1.719260
1.715242
1.711208
1.707158
1.703094
1.699015
1.694923
1.690817
1.686700
1.682571
1.678431
1.674280
1.670119
1.665949
1.661770
1.657583
1.653388
1.649186
1.644977
1.640761
1.636540
1.632313
1.628081
1.623844
1.619603
1.615357
1.611109
1.606857
1.602602
1.598345
1.594086
1.589824
1.585562
1.581298
1.577033
1.572767
1.568501
1.564235
1.559969
1.555703
1.551438
1.547174
1.542911
1.538650
1.534390
1.530131
1.525875
1.521621
1.517369
1.513120
1.508874
1.504630
1.500390
1.496152
1.491919
1.487688
1.483462
1.479239
1.475021
1.470806
1.466596
1.462390
1.458189
1.453992
1.449801
1.445614
1.441432
1.437255
1.433084
1.428918
1.424757
1.420602
1.416452
1.412308
1.408170
1.404038
1.399911
1.395791
1.391677
1.387569
1.383467
1.379372
1.375283
1.371201
1.367125
1.363055
1.358992
1.354936
1.350887
1.346845
1.342809
1.338780
1.334759
1.330744
1.326736
1.322736
1.318742
1.314756
1.310777
1.306805
1.302840
1.298883
1.294933
1.290991
1.287056
1.283128
1.279208
1.275296
1.271391
1.267493
1.263603
1.259721
1.255847
1.251980
1.248120
1.244269
1.240425
1.236589
1.232760
1.228939
1.225127
1.221322
1.217524
1.213735
1.209953
1.206180
1.202414
1.198656
1.194906
1.191164
1.187429
1.183703
1.179985
1.176274
1.172571
1.168877
1.165190
1.161512
1.157841
1.154178
1.150523
1.146876
1.143238
1.139607
1.135984
1.132369
1.128762
1.125163
1.121572
1.117989
1.114414
1.110847
1.107288
1.103737
1.100194
1.096659
1.093132
1.089613
1.086102
1.082599
1.079104
1.075617
1.072138
1.068667
1.065204
1.061749
1.058302
1.054862
1.051431
1.048008
1.044592
1.041185
1.037785
1.034394
1.031010
1.027634
1.024267
1.020907
1.017555
1.014210
1.010874
1.007546
1.004225
1.000913
0.997608
0.994311
0.991022
0.987741
0.984467
0.981202
0.977944
0.974694
0.971452
0.968217
0.964991
0.961772
0.958561
0.955358
0.952162
0.948974
0.945794
0.942622
0.939458
0.936301
0.933152
0.930010
0.926876
0.923750
0.920632
0.917521
0.914418
0.911322
0.908234
0.905154
0.902081
0.899016
0.895958
0.892908
0.889866
0.886831
0.883804
0.880784
0.877772
0.874767
0.871770
0.868780
0.865798
0.862823
0.859855
0.856895
0.853943
0.850998
0.848060
0.845130
0.842207
0.839292
0.836384
0.833483
0.830590
0.827703
0.824825
0.821953
0.819089
0.816233
0.813383
0.810541
0.807706
0.804878
0.802058
0.799245
0.796438
0.793640
0.790848
0.788064
0.785286
0.782516
0.779753
0.776997
0.774249
0.771507
0.768773
0.766045
0.763325
0.760612
0.757906
0.755206
0.752514
0.749829
0.747151
0.744480
0.741816
0.739159
0.736508
0.733865
0.731229
0.728599
0.725977
0.723361
0.720753
0.718151
0.715556
0.712968
0.710387
0.707812
0.705245
0.702684
0.700130
0.697583
0.695042
0.692509
0.689982
0.687462
0.684948
0.682442
0.679942
0.677448
0.674962
0.672482
0.670008
0.667542
0.665081
0.662628
0.660181
0.657741
0.655307
0.652880
0.650460
0.648046
0.645638
0.643237
0.640843
0.638455
0.636073
0.633698
0.631330
0.628968
0.626612
0.624263
0.621920
0.619584
0.617254
0.614930
0.612613
0.610302
0.607997
0.605699
0.603407
0.601121
0.598842
0.596569
0.594302
0.592041
0.589787
0.587539
0.585297
0.583062
0.580832
0.578609
0.576392
0.574181
0.571976
0.569777
0.567585
0.565398
0.563218
0.561044
0.558876
0.556714
0.554558
0.552408
0.550264
0.548126
0.545994
0.543868
0.541748
0.539634
0.537526
0.535424
0.533328
0.531238
0.529153
0.527075
0.525003
0.522936
0.520875
0.518820
0.516771
0.514728
0.512691
0.510659
0.508633
0.506613
0.504599
0.502590
0.500587
0.498590
0.496599
0.494613
0.492633
0.490659
0.488691
0.486728
0.484770
0.482819
0.480873
0.478933
0.476998
0.475069
0.473145
0.471227
0.469315
0.467408
0.465506
0.463610
0.461720
0.459835
0.457956
0.456082
0.454214
0.452351
0.450493
0.448641
0.446794
0.444953
0.443117
0.441287
0.439462
0.437642
0.435828
0.434019
0.432215
0.430417
0.428624
0.426836
0.425053
0.423276
0.421504
0.419738
0.417976
0.416220
0.414469
0.412723
0.410983
0.409247
0.407517
0.405792
0.404072
0.402357
0.400648
0.398943
0.397244
0.395549
0.393860
0.392176
0.390497
0.388823
0.387154
0.385490
0.383831
0.382177
0.380528
0.378884
0.377245
0.375611
0.373982
0.372357
0.370738
0.369124
0.367515
0.365910
0.364310
0.362716
0.361126
0.359541
0.357961
0.356385
0.354815
0.353249
0.351688
0.350132
0.348581
0.347034
0.345492
0.343955
0.342423
0.340895
0.339372
0.337854
0.336340
0.334832
0.333328
0.331828
0.330333
0.328843
0.327357
0.325876
0.324400
0.322928
0.321461
0.319999
0.318541
0.317087
0.315638
0.314194
0.312754
0.311319
0.309888
0.308462
0.307040
0.305623
0.304210
0.302801
0.301397
0.299998
0.298603
0.297212
0.295826
0.294444
0.293067
0.291693
0.290325
0.288960
0.287600
0.286244
0.284893
0.283546
0.282203
0.280865
0.279531
0.278201
0.276875
0.275554
0.274236
0.272924
0.271615
0.270310
0.269010
0.267714
0.266422
0.265134
0.263851
0.262572
0.261296
0.260025
0.258758
0.257495
0.256237
0.254982
0.253731
0.252485
0.251243
0.250004
0.248770
0.247540
0.246313
0.245091
0.243873
0.242659
0.241449
0.240242
0.239040
0.237842
0.236648
0.235457
0.234271
0.233088
0.231910
0.230735
0.229564
0.228398
0.227235
0.226075
0.224920
0.223769
0.222621
0.221477
0.220338
0.219202
0.218069
0.216941
0.215816
0.214695
0.213578
0.212465
0.211355
0.210249
0.209147
0.208049
0.206954
0.205863
0.204776
0.203692
0.202612
0.201536
0.200463
0.199394
0.198329
0.197267
0.196209
0.195155
0.194104
0.193057
0.192013
0.190973
0.189937
0.188904
0.187875
0.186849
0.185827
0.184808
0.183793
0.182781
0.181773
0.180769
0.179767
0.178770
0.177775
0.176785
0.175797
0.174814
0.173833
0.172856
0.171883
0.170912
0.169946
0.168982
0.168022
0.167066
0.166113
0.165163
0.164216
0.163273
0.162333
0.161397
0.160464
0.159534
0.158607
0.157684
0.156764
0.155847
0.154934
0.154023
0.153117
0.152213
0.151312
0.150415
0.149521
0.148630
0.147743
0.146858
0.145977
0.145099
0.144224
0.143353
0.142484
0.141619
0.140757
0.139897
0.139041
0.138189
0.137339
0.136492
0.135649
0.134808
0.133971
0.133136
0.132305
0.131477
0.130651
0.129829
0.129010
0.128194
0.127381
0.126571
0.125764
0.124960
0.124158
0.123360
0.122565
0.121773
0.120984
0.120197
0.119414
0.118633
0.117856
0.117081
0.116309
0.115540
0.114774
0.114011
0.113251
0.112494
0.111739
0.110988
0.110239
0.109493
0.108750
0.108009
0.107272
0.106537
0.105805
0.105076
0.104350
0.103626
0.102905
0.102187
0.101472
0.100759
0.100049
0.099342
0.098638
0.097936
0.097237
0.096541
0.095847
0.095157
0.094468
0.093783
0.093100
0.092420
0.091742
0.091067
0.090395
0.089725
0.089058
0.088394
0.087732
0.087073
0.086416
0.085762
0.085110
0.084462
0.083815
0.083171
0.082530
0.081891
0.081255
0.080622
0.079990
0.079362
0.078736
0.078112
0.077491
0.076872
0.076256
0.075642
0.075031
0.074422
0.073816
0.073212
0.072610
0.072011
0.071415
0.070820
0.070229
0.069639
0.069052
0.068467
0.067885
0.067305
0.066728
0.066152
0.065580
0.065009
0.064441
0.063875
0.063311
0.062750
0.062191
0.061635
0.061080
0.060528
0.059979
0.059431
0.058886
0.058343
0.057802
0.057264
0.056728
0.056194
0.055662
0.055132
0.054605
0.054080
0.053557
0.053036
0.052518
0.052001
0.051487
0.050975
0.050465
0.049958
0.049452
0.048949
0.048447
0.047948
0.047451
0.046956
0.046463
0.045973
0.045484
0.044997
0.044513
0.044030
0.043550
0.043072
0.042596
0.042121
0.041649
0.041179
0.040711
0.040245
0.039781
0.039319
0.038859
0.038401
0.037945
0.037490
0.037038
0.036588
0.036140
0.035694
0.035249
0.034807
0.034367
0.033928
0.033492
0.033057
0.032624
0.032193
0.031765
0.031337
0.030912
0.030489
0.030068
0.029648
0.029230
0.028815
0.028401
0.027989
0.027578
0.027170
0.026763
0.026358
0.025955
0.025554
0.025155
0.024757
0.024361
0.023967
0.023575
0.023184
0.022796
0.022409
0.022023
0.021640
0.021258
0.020878
0.020500
0.020123
0.019748
0.019375
0.019003
0.018634
0.018266
0.017899
0.017534
0.017171
0.016810
0.016450
0.016092
0.015735
0.015381
0.015027
0.014676
0.014326
0.013978
0.013631
0.013286
0.012942
0.012600
0.012260
0.011921
0.011584
0.011249
0.010914
0.010582
0.010251
0.009922
0.009594
0.009268
0.008943
0.008619
0.008298
0.007977
0.007659
0.007342
0.007026
0.006712
0.006399
0.006087
0.005778
0.005469
0.005162
0.004857
0.004553
0.004250
0.003949
0.003650
0.003351
0.003055
0.002759
0.002465
0.002173
0.001881
0.001592
0.001303
0.001016
0.000731
0.000446
0.000163
-0.000118
-0.000398
-0.000677
-0.000955
-0.001231
-0.001506
-0.001779
-0.002051
-0.002322
-0.002592
-0.002860
-0.003127
-0.003393
-0.003657
-0.003920
-0.004182
-0.004442
-0.004702
-0.004960
-0.005216
-0.005472
-0.005726
-0.005979
-0.006231
-0.006481
-0.006730
-0.006978
-0.007225
-0.007471
-0.007715
-0.007958
-0.008200
-0.008441
-0.008681
-0.008919
-0.009156
-0.009393
-0.009627
-0.009861
-0.010094
-0.010325
-0.010555
-0.010785
-0.011013
-0.011239
-0.011465
-0.011690
-0.011913
-0.012136
-0.012357
-0.012577
-0.012796
-0.013014
-0.013231
-0.013447
-0.013661
-0.013875
-0.014088
-0.014299
-0.014510
-0.014719
-0.014927
-0.015135
-0.015341
-0.015546
-0.015750
-0.015953
-0.016155
-0.016356
-0.016556
-0.016755
-0.016954
-0.017151
-0.017347
-0.017542
-0.017736
-0.017929
-0.018121
-0.018312
-0.018502
-0.018691
-0.018879
-0.019067
-0.019253
-0.019438
-0.019623
-0.019806
-0.019989
-0.020170
-0.020351
-0.020531
-0.020710
-0.020888
-0.021065
-0.021241
-0.021416
-0.021590
-0.021763
-0.021936
-0.022108
-0.022278
-0.022448
-0.022617
-0.022785
-0.022953
-0.023119
-0.023284
-0.023449
-0.023613
-0.023776
-0.023938
-0.024099
-0.024260
-0.024420
-0.024578
-0.024736
-0.024894
-0.025050
-0.025205
-0.025360
-0.025514
-0.025667
-0.025820
-0.025971
-0.026122
-0.026272
-0.026421
-0.026570
-0.026717
-0.026864
-0.027010
-0.027156
-0.027300
-0.027444
-0.027587
-0.027730
-0.027871
-0.028012
-0.028152
-0.028292
-0.028430
-0.028568
-0.028706
-0.028842
-0.028978
-0.029113
-0.029247
-0.029381
-0.029514
-0.029646
-0.029778
-0.029909
-0.030039
-0.030169
-0.030298
-0.030426
-0.030553
-0.030680
-0.030806
-0.030932
-0.031057
-0.031181
-0.031304
-0.031427
-0.031550
-0.031671
-0.031792
-0.031912
-0.032032
-0.032151
-0.032270
-0.032387
-0.032505
-0.032621
-0.032737
-0.032853
-0.032967
-0.033081
-0.033195
-0.033308
-0.033420
-0.033532
-0.033643
-0.033754
-0.033864
-0.033973
-0.034082
-0.034190
-0.034298
-0.034405
-0.034512
-0.034618
-0.034723
-0.034828
-0.034932
-0.035036
-0.035139
-0.035242
-0.035344
-0.035446
-0.035547
-0.035647
-0.035747
-0.035847
-0.035945
-0.036044
-0.036142
-0.036239
-0.036336
-0.036432
-0.036528
-0.036623
-0.036718
-0.036812
-0.036906
-0.037000
-0.037092
-0.037185
-0.037277
-0.037368
-0.037459
-0.037549
-0.037639
-0.037728
-0.037817
-0.037906
-0.037994
-0.038081
-0.038168
-0.038255
-0.038341
-0.038427
-0.038512
-0.038597
-0.038681
-0.038765
-0.038849
-0.038932
-0.039014
-0.039096
-0.039178
-0.039259
-0.039340
-0.039420
-0.039500
-0.039580
-0.039659
-0.039738
-0.039816
-0.039894
-0.039971
-0.040048
-0.040125
-0.040201
-0.040277
-0.040352
-0.040427
-0.040502
-0.040576
-0.040650
-0.040724
-0.040797
-0.040869
-0.040941
-0.041013
-0.041085
-0.041156
-0.041227
-0.041297
-0.041367
-0.041437
-0.041506
-0.041575
-0.041643
-0.041712
-0.041779
-0.041847
-0.041914
-0.041981
-0.042047
-0.042113
-0.042179
-0.042244
-0.042309
-0.042374
-0.042438
-0.042502
-0.042566
-0.042629
-0.042692
-0.042754
-0.042817
-0.042879
-0.042940
-0.043002
-0.043063
-0.043123
-0.043184
-0.043244
-0.043303
-0.043363
-0.043422
-0.043481
-0.043539
-0.043597
-0.043655
-0.043712
-0.043770
-0.043827
-0.043883
-0.043940
-0.043996
-0.044051
-0.044107
-0.044162
-0.044217
-0.044271
-0.044326
-0.044380
-0.044433
-0.044487
-0.044540
-0.044593
-0.044645
-0.044698
-0.044750
-0.044801
-0.044853
-0.044904
-0.044955
-0.045006
-0.045056
-0.045106
-0.045156
-0.045206
-0.045255
-0.045304
-0.045353
-0.045402
-0.045450
-0.045498
-0.045546
-0.045593
-0.045641
-0.045688
-0.045735
-0.045781
-0.045828
-0.045874
-0.045920
-0.045965
-0.046011
-0.046056
-0.046101
-0.046145
-0.046190
-0.046234
-0.046278
-0.046322
-0.046365
-0.046409
-0.046452
-0.046494
-0.046537
-0.046580
-0.046622
-0.046664
-0.046705
-0.046747
-0.046788
-0.046829
-0.046870
-0.046911
-0.046951
-0.046992
-0.047032
-0.047072
-0.047111
-0.047151
-0.047190
-0.047229
-0.047268
-0.047306
-0.047345
-0.047383
-0.047421
-0.047459
-0.047496
-0.047534
-0.047571
-0.047608
-0.047645
-0.047682
-0.047718
-0.047754
-0.047790
-0.047826
-0.047862
-0.047898
-0.047933
-0.047968
-0.048003
-0.048038
-0.048073
-0.048107
-0.048141
-0.048176
-0.048209
-0.048243
-0.048277
-0.048310
-0.048343
-0.048377
-0.048409
-0.048442
-0.048475
-0.048507
-0.048539
-0.048572
-0.048603
-0.048635
-0.048667
-0.048698
-0.048730
-0.048761
-0.048792
-0.048822
-0.048853
-0.048884
-0.048914
-0.048944
-0.048974
-0.049004
-0.049034
-0.049063
-0.049093
-0.049122
-0.049151
-0.049180
-0.049209
-0.049238
-0.049266
-0.049295
-0.049323
-0.049351
-0.049379
-0.049407
-0.049434
-0.049462
-0.049489
-0.049517
-0.049544
-0.049571
-0.049598
-0.049624
-0.049651
-0.049678
-0.049704
-0.049730
-0.049756
-0.049782
-0.049808
-0.049834
-0.049859
-0.049885
-0.049910
-0.049935
-0.049960
-0.049985
-0.050010
-0.050035
-0.050059
-0.050084
-0.050108
-0.050132
-0.050156
-0.050180
-0.050204
-0.050228
-0.050251
-0.050275
-0.050298
-0.050322
-0.050345
-0.050368
-0.050391
-0.050413
-0.050436
-0.050459
-0.050481
-0.050504
-0.050526
-0.050548
-0.050570
-0.050592
-0.050614
-0.050636
-0.050657
-0.050679
-0.050700
-0.050721
-0.050743
-0.050764
-0.050785
-0.050806
-0.050826
-0.050847
-0.050868
-0.050888
-0.050909
-0.050929
-0.050949
-0.050969
-0.050989
-0.051009
-0.051029
-0.051049
-0.051068
-0.051088
-0.051107
-0.051127
-0.051146
-0.051165
-0.051184
-0.051203
-0.051222
-0.051241
-0.051259
-0.051278
-0.051297
-0.051315
-0.051333
-0.051352
-0.051370
-0.051388
-0.051406
-0.051424
-0.051442
-0.051459
-0.051477
-0.051495
-0.051512
-0.051530
-0.051547
-0.051564
-0.051582
-0.051599
-0.051616
-0.051633
-0.051649
-0.051666
-0.051683
-0.051700
-0.051716
-0.051733
-0.051749
-0.051765
-0.051782
-0.051798
-0.051814
-0.051830
-0.051846
-0.051862
-0.051878
-0.051893
-0.051909
-0.051925
-0.051940
-0.051956
-0.051971
-0.051986
-0.052002
-0.052017
-0.052032
-0.052047
-0.052062
-0.052077
-0.052092
-0.052106
-0.052121
-0.052136
-0.052150
-0.052165
-0.052179
-0.052194
-0.052208
-0.052222
-0.052236
-0.052250
-0.052265
-0.052279
-0.052292
-0.052306
-0.052320
-0.052334
-0.052348
-0.052361
-0.052375
-0.052388
-0.052402
-0.052415
-0.052428
-0.052442
-0.052455
-0.052468
-0.052481
-0.052494
-0.052507
-0.052520
-0.052533
-0.052546
-0.052559
-0.052571
-0.052584
-0.052597
-0.052609
-0.052622
-0.052634
-0.052646
-0.052659
-0.052671
-0.052683
-0.052695
-0.052708
-0.052720
-0.052732
-0.052744
-0.052756
-0.052767
-0.052779
-0.052791
-0.052803
-0.052814
-0.052826
-0.052838
-0.052849
-0.052861
-0.052872
-0.052883
-0.052895
-0.052906
-0.052917
-0.052929
-0.052940
-0.052951
-0.052962
-0.052973
-0.052984
-0.052995
-0.053006
-0.053016
-0.053027
-0.053038
-0.053049
-0.053059
-0.053070
-0.053081
-0.053091
-0.053102
-0.053112
-0.053122
-0.053133
-0.053143
-0.053153
-0.053164
-0.053174
-0.053184
-0.053194
-0.053204
-0.053214
-0.053224
-0.053234
-0.053244
-0.053254
-0.053264
-0.053274
-0.053283
-0.053293
-0.053303
-0.053312
-0.053322
-0.053332
-0.053341
-0.053351
-0.053360
-0.053370
-0.053379
-0.053388
-0.053398
-0.053407
-0.053416
-0.053426
-0.053435
-0.053444
-0.053453
-0.053462
-0.053471
-0.053480
-0.053489
-0.053498
-0.053507
-0.053516
-0.053525
-0.053534
-0.053542
-0.053551
-0.053560
-0.053569
-0.053577
-0.053586
-0.053594
-0.053603
-0.053612
-0.053620
-0.053629
-0.053637
-0.053645
-0.053654
-0.053662
-0.053670
-0.053679
-0.053687
-0.053695
-0.053703
-0.053712
-0.053720
-0.053728
-0.053736
-0.053744
-0.053752
-0.053760
-0.053768
-0.053776
-0.053784
-0.053792
-0.053800
-0.053808
-0.053816
-0.053823
-0.053831
-0.053839
-0.053847
-0.053854
-0.053862
-0.053870
-0.053877
-0.053885
-0.053892
-0.053900
-0.053907
-0.053915
-0.053922
-0.053930
-0.053937
-0.053945
-0.053952
-0.053959
-0.053967
-0.053974
-0.053981
-0.053989
-0.053996
-0.054003
-0.054010
-0.054017
-0.054025
-0.054032
-0.054039
-0.054046
-0.054053
-0.054060
-0.054067
-0.054074
-0.054081
-0.054088
-0.054095
-0.054102
-0.054109
-0.054115
-0.054122
-0.054129
-0.054136
-0.054143
-0.054150
-0.054156
-0.054163
-0.054170
-0.054176
-0.054183
-0.054190
-0.054196
-0.054203
-0.054210
-0.054216
-0.054223
-0.054229
-0.054236
-0.054242
-0.054249
-0.054255
-0.054262
-0.054268
-0.054274
-0.054281
-0.054287
-0.054294
-0.054300
-0.054306
-0.054313
-0.054319
-0.054325
-0.054331
-0.054338
-0.054344
-0.054350
-0.054356
-0.054362
-0.054369
-0.054375
-0.054381
-0.054387
-0.054393
-0.054399
-0.054405
-0.054411
-0.054417
-0.054423
-0.054429
-0.054435
-0.054441
-0.054447
-0.054453
-0.054459
-0.054465
-0.054471
-0.054477
-0.054483
-0.054489
-0.054494
-0.054500
-0.054506
-0.054512
-0.054518
-0.054523
-0.054529
-0.054535
-0.054541
-0.054546
-0.054552
-0.054558
-0.054564
-0.054569
-0.054575
-0.054581
-0.054586
-0.054592
-0.054597
-0.054603
-0.054609
-0.054614
-0.054620
-0.054625
-0.054631
-0.054636
-0.054642
-0.054647
-0.054653
-0.054658
-0.054664
-0.054669
-0.054675
-0.054680
-0.054686
-0.054691
-0.054696
-0.054702
-0.054707
-0.054713
-0.054718
-0.054723
-0.054729
-0.054734
-0.054739
-0.054744
-0.054750
-0.054755
-0.054760
-0.054766
-0.054771
-0.054776
-0.054781
-0.054787
-0.054792
-0.054797
-0.054802
-0.054807
-0.054813
-0.054818
-0.054823
-0.054828
-0.054833
-0.054838
-0.054843
-0.054849
-0.054854
-0.054859
-0.054864
-0.054869
-0.054874
-0.054879
-0.054884
-0.054889
-0.054894
-0.054899
-0.054904
-0.054909
-0.054914
-0.054919
-0.054924
-0.054929
-0.054934
-0.054939
-0.054944
-0.054949
-0.054954
-0.054959
-0.054964
-0.054969
-0.054974
-0.054979
-0.054984
-0.054988
-0.054993
-0.054998
-0.055003
-0.055008
-0.055013
-0.055018
-0.055022
-0.055027
-0.055032
-0.055037
-0.055042
-0.055047
-0.055051
-0.055056
-0.055061
-0.055066
-0.055071
-0.055075
-0.055080
-0.055085
-0.055090
-0.055094
-0.055099
-0.055104
-0.055108
-0.055113
-0.055118
-0.055123
-0.055127
-0.055132
-0.055137
-0.055141
-0.055146
-0.055151
-0.055155
-0.055160
-0.055165
-0.055169
-0.055174
-0.055179
-0.055183
-0.055188
-0.055193
-0.055197
-0.055202
-0.055206
-0.055211
-0.055216
-0.055220
-0.055225
-0.055229
-0.055234
-0.055239
-0.055243
-0.055248
-0.055252
-0.055257
-0.055261
-0.055266
-0.055271
-0.055275
-0.055280
-0.055284
-0.055289
-0.055293
-0.055298
-0.055302
-0.055307
-0.055311
-0.055316
-0.055320
-0.055325
-0.055329
-0.055334
-0.055338
-0.055343
-0.055347
-0.055352
-0.055356
-0.055361
-0.055365
-0.055370
-0.055374
-0.055379
-0.055383
-0.055387
-0.055392
-0.055396
-0.055401
-0.055405
-0.055410
-0.055414
-0.055418
-0.055423
-0.055427
-0.055432
-0.055436
-0.055441
-0.055445
-0.055449
-0.055454
-0.055458
-0.055463
-0.055467
-0.055471
-0.055476
-0.055480
-0.055484
-0.055489
-0.055493
-0.055498
-0.055502
-0.055506
-0.055511
-0.055515
-0.055519
-0.055524
-0.055528
-0.055532
-0.055537
-0.055541
-0.055545
-0.055550
-0.055554
-0.055558
-0.055563
-0.055567
-0.055571
-0.055576
-0.055580
-0.055584
-0.055589
-0.055593
-0.055597
-0.055602
-0.055606
-0.055610
-0.055615
-0.055619
-0.055623
-0.055628
-0.055632
-0.055636
-0.055640
-0.055645
-0.055649
-0.055653
-0.055658
-0.055662
-0.055666
-0.055671
-0.055675
-0.055679
-0.055683
-0.055688
-0.055692
-0.055696
-0.055700
-0.055705
-0.055709
-0.055713
-0.055718
-0.055722
-0.055726
-0.055730
-0.055735
-0.055739
-0.055743
-0.055747
-0.055752
-0.055756
-0.055760
-0.055764
-0.055769
-0.055773
-0.055777
-0.055781
-0.055786
-0.055790
-0.055794
-0.055798
-0.055803
-0.055807
-0.055811
-0.055815
-0.055820
-0.055824
-0.055828
-0.055832
-0.055837
-0.055841
-0.055845
-0.055849
-0.055854
-0.055858
-0.055862
-0.055866
-0.055870
-0.055875
-0.055879
-0.055883
-0.055887
-0.055892
-0.055896
-0.055900
-0.055904
-0.055908
-0.055913
-0.055917
-0.055921
-0.055925
-0.055930
-0.055934
-0.055938
-0.055942
-0.055946
-0.055951
-0.055955
-0.055959
-0.055963
-0.055968
-0.055972
-0.055976
-0.055980
-0.055984
-0.055989
-0.055993
-0.055997
-0.056001
-0.056006
-0.056010
-0.056014
-0.056018
-0.056022
-0.056027
-0.056031
-0.056035
-0.056039
-0.056043
-0.056048
-0.056052
-0.056056
-0.056060
-0.056064
-0.056069
-0.056073
-0.056077
-0.056081
-0.056086
-0.056090
-0.056094
-0.056098
-0.056102
-0.056107
-0.056111
-0.056115
-0.056119
-0.056123
-0.056128
-0.056132
-0.056136
-0.056140
-0.056144
-0.056149
-0.056153
-0.056157
-0.056161
-0.056165
-0.056170
-0.056174
-0.056178
-0.056182
-0.056187
-0.056191
-0.056195
-0.056199
-0.056203
-0.056208
-0.056212
-0.056216
-0.056220
-0.056224
-0.056229
-0.056233
-0.056237
-0.056241
-0.056245
-0.056250
-0.056254
-0.056258
-0.056262
-0.056267
-0.056271
-0.056275
-0.056279
-0.056283
-0.056288
-0.056292
-0.056296
-0.056300
-0.056305
-0.056309
-0.056313
-0.056317
-0.056321
-0.056326
-0.056330
-0.056334
-0.056338
-0.056342
-0.056347
-0.056351
-0.056355
-0.056359
-0.056364
-0.056368
-0.056372
-0.056376
-0.056380
-0.056385
-0.056389
-0.056393
-0.056397
-0.056402
-0.056406
-0.056410
-0.056414
-0.056419
-0.056423
-0.056427
-0.056431
-0.056435
-0.056440
-0.056444
-0.056448
-0.056452
-0.056457
-0.056461
-0.056465
-0.056469
-0.056474
-0.056478
-0.056482
-0.056486
-0.056490
-0.056495
-0.056499
-0.056503
-0.056507
-0.056512
-0.056516
-0.056520
-0.056524
-0.056529
-0.056533
-0.056537
-0.056541
-0.056546
-0.056550
-0.056554
-0.056558
-0.056563
-0.056567
-0.056571
-0.056575
-0.056580
-0.056584
-0.056588
-0.056592
-0.056597
-0.056601
-0.056605
-0.056609
-0.056614
-0.056618
-0.056622
-0.056626
-0.056631
-0.056635
-0.056639
-0.056643
-0.056648
-0.056652
-0.056656
-0.056661
-0.056665
-0.056669
-0.056673
-0.056678
-0.056682
-0.056686
-0.056690
-0.056695
-0.056699
-0.056703
-0.056707
-0.056712
-0.056716
-0.056720
-0.056725
-0.056729
-0.056733
-0.056737
-0.056742
-0.056746
-0.056750
-0.056755
-0.056759
-0.056763
-0.056767
-0.056772
-0.056776
-0.056780
-0.056784
-0.056789
-0.056793
-0.056797
-0.056802
-0.056806
-0.056810
-0.056814
-0.056819
-0.056823
-0.056827
-0.056832
-0.056836
-0.056840
-0.056845
-0.056849
-0.056853
-0.056857
-0.056862
-0.056866
-0.056870
-0.056875
-0.056879
-0.056883
-0.056888
-0.056892
-0.056896
-0.056900
-0.056905
-0.056909
-0.056913
-0.056918
-0.056922
-0.056926
-0.056931
-0.056935
-0.056939
-0.056944
-0.056948
-0.056952
-0.056956
-0.056961
-0.056965
-0.056969
-0.056974
-0.056978
-0.056982
-0.056987
-0.056991
-0.056995
-0.057000
-0.057004
-0.057008
-0.057013
-0.057017
-0.057021
-0.057026
-0.057030
-0.057034
-0.057039
-0.057043
-0.057047
-0.057052
-0.057056
-0.057060
-0.057065
-0.057069
-0.057073
-0.057078
-0.057082
-0.057086
-0.057091
-0.057095
-0.057099
-0.057104
-0.057108
-0.057112
-0.057117
-0.057121
-0.057125
-0.057130
-0.057134
-0.057138
-0.057143
-0.057147
-0.057151
-0.057156
-0.057160
-0.057164
-0.057169
-0.057173
-0.057177
-0.057182
-0.057186
-0.057190
-0.057195
-0.057199
-0.057203
-0.057208
-0.057212
-0.057217
-0.057221
-0.057225
-0.057230
-0.057234
-0.057238
-0.057243
-0.057247
-0.057251
-0.057256
-0.057260
-0.057264
-0.057269
-0.057273
-0.057278
-0.057282
-0.057286
-0.057291
-0.057295
-0.057299
-0.057304
-0.057308
-0.057313
-0.057317
-0.057321
-0.057326
-0.057330
-0.057334
-0.057339
-0.057343
-0.057347
-0.057352
-0.057356
-0.057361
-0.057365
-0.057369
-0.057374
-0.057378
-0.057382
-0.057387
-0.057391
-0.057396
-0.057400
-0.057404
-0.057409
-0.057413
-0.057418
-0.057422
-0.057426
-0.057431
-0.057435
-0.057439
-0.057444
-0.057448
-0.057453
-0.057457
-0.057461
-0.057466
-0.057470
-0.057475
-0.057479
-0.057483
-0.057488
-0.057492
-0.057497
-0.057501
-0.057505
-0.057510
-0.057514
-0.057518
-0.057523
-0.057527
-0.057532
-0.057536
-0.057540
-0.057545
-0.057549
-0.057554
-0.057558
-0.057562
-0.057567
-0.057571
-0.057576
-0.057580
-0.057584
-0.057589
-0.057593
-0.057598
-0.057602
-0.057606
-0.057611
-0.057615
-0.057620
-0.057624
-0.057628
-0.057633
-0.057637
-0.057642
-0.057646
-0.057651
-0.057655
-0.057659
-0.057664
-0.057668
-0.057673
-0.057677
-0.057681
-0.057686
-0.057690
-0.057695
-0.057699
-0.057703
-0.057708
-0.057712
-0.057717
-0.057721
-0.057725
-0.057730
-0.057734
-0.057739
-0.057743
-0.057748
-0.057752
-0.057756
-0.057761
-0.057765
-0.057770
-0.057774
-0.057778
-0.057783
-0.057787
-0.057792
-0.057796
-0.057801
-0.057805
-0.057809
-0.057814
-0.057818
-0.057823
-0.057827
-0.057831
-0.057836
-0.057840
-0.057845
-0.057849
-0.057854
-0.057858
-0.057862
-0.057867
-0.057871
-0.057876
-0.057880
-0.057885
-0.057889
-0.057893
-0.057898
-0.057902
-0.057907
-0.057911
-0.057915
-0.057920
-0.057924
-0.057929
-0.057933
-0.057938
-0.057942
-0.057946
-0.057951
-0.057955
-0.057960
-0.057964
-0.057969
-0.057973
-0.057977
-0.057982
-0.057986
-0.057991
-0.057995
-0.058000
-0.058004
-0.058008
-0.058013
-0.058017
-0.058022
-0.058026
-0.058031
-0.058035
-0.058039
-0.058044
-0.058048
-0.058053
-0.058057
-0.058062
-0.058066
-0.058070
-0.058075
-0.058079
-0.058084
-0.058088
-0.058093
-0.058097
-0.058101
-0.058106
-0.058110
-0.058115
-0.058119
-0.058124
-0.058128
-0.058132
-0.058137
-0.058141
-0.058146
-0.058150
-0.058155
-0.058159
-0.058163
-0.058168
-0.058172
-0.058177
-0.058181
-0.058185
-0.058190
-0.058194
-0.058199
-0.058203
-0.058208
-0.058212
-0.058216
-0.058221
-0.058225
-0.058230
-0.058234
-0.058239
-0.058243
-0.058247
-0.058252
-0.058256
-0.058261
-0.058265
-0.058270
-0.058274
-0.058278
-0.058283
-0.058287
-0.058292
-0.058296
-0.058301
-0.058305
-0.058309
-0.058314
-0.058318
-0.058323
-0.058327
-0.058332
-0.058336
-0.058340
-0.058345
-0.058349
-0.058354
-0.058358
-0.058362
-0.058367
-0.058371
-0.058376
-0.058380
-0.058385
-0.058389
-0.058393
-0.058398
-0.058402
-0.058407
-0.058411
-0.058416
-0.058420
-0.058424
-0.058429
-0.058433
-0.058438
-0.058442
-0.058446
-0.058451
-0.058455
-0.058460
-0.058464
-0.058469
-0.058473
-0.058477
-0.058482
-0.058486
-0.058491
-0.058495
-0.058499
-0.058504
-0.058508
-0.058513
-0.058517
-0.058522
-0.058526
-0.058530
-0.058535
-0.058539
-0.058544
-0.058548
-0.058552
-0.058557
-0.058561
-0.058566
-0.058570
-0.058574
-0.058579
-0.058583
-0.058588
-0.058592
-0.058596
-0.058601
-0.058605
-0.058610
-0.058614
-0.058618
-0.058623
-0.058627
-0.058632
-0.058636
-0.058641
-0.058645
-0.058649
-0.058654
-0.058658
-0.058663
-0.058667
-0.058671
-0.058676
-0.058680
-0.058684
-0.058689
-0.058693
-0.058698
-0.058702
-0.058706
-0.058711
-0.058715
-0.058720
-0.058724
-0.058728
-0.058733
-0.058737
-0.058742
-0.058746
-0.058750
-0.058755
-0.058759
-0.058764
-0.058768
-0.058772
-0.058777
-0.058781
-0.058785
-0.058790
-0.058794
-0.058799
-0.058803
-0.058807
-0.058812
-0.058816
-0.058821
-0.058825
-0.058829
-0.058834
-0.058838
-0.058842
-0.058847
-0.058851
-0.058856
-0.058860
-0.058864
-0.058869
-0.058873
-0.058877
-0.058882
-0.058886
-0.058891
-0.058895
-0.058899
-0.058904
-0.058908
-0.058912
-0.058917
-0.058921
-0.058926
-0.058930
-0.058934
-0.058939
-0.058943
-0.058947
-0.058952
-0.058956
-0.058960
-0.058965
-0.058969
-0.058974
-0.058978
-0.058982
-0.058987
-0.058991
-0.058995
-0.059000
-0.059004
-0.059008
-0.059013
-0.059017
-0.059021

