0.000000
0.000000
-0.000026
-0.000052
-0.000077
-0.000103
-0.000128
-0.000153
-0.000177
-0.000201
-0.000224
-0.000247
-0.000270
-0.000293
-0.000315
-0.000337
-0.000359
-0.000380
-0.000402
-0.000423
-0.000444
-0.000465
-0.000485
-0.000506
-0.000526
-0.000547
-0.000567
-0.000587
-0.000607
-0.000627
-0.000647
-0.000667
-0.000687
-0.000707
-0.000726
-0.000746
-0.000766
-0.000785
-0.000805
-0.000824
-0.000844
-0.000863
-0.000883
-0.000902
-0.000922
-0.000941
-0.000961
-0.000980
-0.001000
-0.001019
-0.001038
-0.001058
-0.001077
-0.001097
-0.001116
-0.001135
-0.001155
-0.001174
-0.001194
-0.001213
-0.001233
-0.001252
-0.001271
-0.001291
-0.001310
-0.001330
-0.001349
-0.001369
-0.001388
-0.001408
-0.001428
-0.001447
-0.001467
-0.001486
-0.001506
-0.001525
-0.001545
-0.001565
-0.001584
-0.001604
-0.001624
-0.001644
-0.001663
-0.001683
-0.001703
-0.001723
-0.001743
-0.001762
-0.001782
-0.001802
-0.001822
-0.001842
-0.001862
-0.001882
-0.001902
-0.001922
-0.001942
-0.001962
-0.001982
-0.002002
-0.002022
-0.002042
-0.002063
-0.002083
-0.002103
-0.002123
-0.002143
-0.002164
-0.002184
-0.002204
-0.002225
-0.002245
-0.002265
-0.002286
-0.002306
-0.002326
-0.002347
-0.002367
-0.002388
-0.002408
-0.002429
-0.002449
-0.002470
-0.002491
-0.002511
-0.002532
-0.002553
-0.002573
-0.002594
-0.002615
-0.002635
-0.002656
-0.002677
-0.002698
-0.002719
-0.002739
-0.002760
-0.002781
-0.002802
-0.002823
-0.002844
-0.002865
-0.002886
-0.002907
-0.002928
-0.002949
-0.002970
-0.002991
-0.003012
-0.003033
-0.003054
-0.003075
-0.003097
-0.003118
-0.003139
-0.003160
-0.003181
-0.003203
-0.003224
-0.003245
-0.003266
-0.003288
-0.003309
-0.003330
-0.003352
-0.003373
-0.003395
-0.003416
-0.003437
-0.003459
-0.003480
-0.003502
-0.003523
-0.003545
-0.003566
-0.003588
-0.003610
-0.003631
-0.003653
-0.003674
-0.003696
-0.003718
-0.003739
-0.003761
-0.003783
-0.003804
-0.003826
-0.003848
-0.003869
-0.003891
-0.003913
-0.003935
-0.003956
-0.003978
-0.004000
-0.004022
-0.004044
-0.004066
-0.004088
-0.004109
-0.004131
-0.004153
-0.004175
-0.004197
-0.004219
-0.004241
-0.004263
-0.004285
-0.004307
-0.004329
-0.004351
-0.004373
-0.004395
-0.004417
-0.004439
-0.004461
-0.004483
-0.004505
-0.004527
-0.004550
-0.004572
-0.004594
-0.004616
-0.004638
-0.004660
-0.004683
-0.004705
-0.004727
-0.004749
-0.004771
-0.004794
-0.004816
-0.004838
-0.004860
-0.004883
-0.004905
-0.004927
-0.004949
-0.004972
-0.004994
-0.005016
-0.005039
-0.005061
-0.005083
-0.005106
-0.005128
-0.005150
-0.005173
-0.005195
-0.005218
-0.005240
-0.005262
-0.005285
-0.005307
-0.005330
-0.005352
-0.005375
-0.005397
-0.005419
-0.005442
-0.005464
-0.005487
-0.005509
-0.005532
-0.005554
-0.005577
-0.005599
-0.005622
-0.005644
-0.005667
-0.005690
-0.005712
-0.005735
-0.005757
-0.005780
-0.005802
-0.005825
-0.005847
-0.005870
-0.005893
-0.005915
-0.005938
-0.005960
-0.005983
-0.006006
-0.006028
-0.006051
-0.006073
-0.006096
-0.006119
-0.006141
-0.006164
-0.006187
-0.006209
-0.006232
-0.006255
-0.006277
-0.006300
-0.006323
-0.006345
-0.006368
-0.006391
-0.006413
-0.006436
-0.006459
-0.006482
-0.006504
-0.006527
-0.006550
-0.006572
-0.006595
-0.006618
-0.006641
-0.006663
-0.006686
-0.006709
-0.006731
-0.006754
-0.006777
-0.006800
-0.006822
-0.006845
-0.006868
-0.006891
-0.006913
-0.006936
-0.006959
-0.006982
-0.007004
-0.007027
-0.007050
-0.007073
-0.007095
-0.007118
-0.007141
-0.007164
-0.007187
-0.007209
-0.007232
-0.007255
-0.007278
-0.007300
-0.007323
-0.007346
-0.007369
-0.007392
-0.007414
-0.007437
-0.007460
-0.007483
-0.007505
-0.007528
-0.007551
-0.007574
-0.007597
-0.007619
-0.007642
-0.007665
-0.007688
-0.007711
-0.007733
-0.007756
-0.007779
-0.007802
-0.007825
-0.007847
-0.007870
-0.007893
-0.007916
-0.007939
-0.007961
-0.007984
-0.008007
-0.008030
-0.008052
-0.008075
-0.008098
-0.008121
-0.008144
-0.008166
-0.008189
-0.008212
-0.008235
-0.008258
-0.008280
-0.008303
-0.008326
-0.008349
-0.008371
-0.008394
-0.008417
-0.008440
-0.008462
-0.008485
-0.008508
-0.008531
-0.008554
-0.008576
-0.008599
-0.008622
-0.008645
-0.008667
-0.008690
-0.008713
-0.008736
-0.008758
-0.008781
-0.008804
-0.008827
-0.008849
-0.008872
-0.008895
-0.008917
-0.008940
-0.008963
-0.008986
-0.009008
-0.009031
-0.009054
-0.009077
-0.009099
-0.009122
-0.009145
-0.009167
-0.009190
-0.009213
-0.009235
-0.009258
-0.009281
-0.009304
-0.009326
-0.009349
-0.009372
-0.009394
-0.009417
-0.009440
-0.009462
-0.009485
-0.009508
-0.009530
-0.009553
-0.009576
-0.009598
-0.009621
-0.009643
-0.009666
-0.009689
-0.009711
-0.009734
-0.009757
-0.009779
-0.009802
-0.009824
-0.009847
-0.009870
-0.009892
-0.009915
-0.009937
-0.009960
-0.009983
-0.010005
-0.010028
-0.010050
-0.010073
-0.010095
-0.010118
-0.010141
-0.010163
-0.010186
-0.010208
-0.010231
-0.010253
-0.010276
-0.010298
-0.010321
-0.010343
-0.010366
-0.010388
-0.010411
-0.010433
-0.010456
-0.010478
-0.010501
-0.010523
-0.010546
-0.010568
-0.010591
-0.010613
-0.010636
-0.010658
-0.010680
-0.010703
-0.010725
-0.010748
-0.010770
-0.010793
-0.010815
-0.010837
-0.010860
-0.010882
-0.010905
-0.010927
0.639416
1.559440
2.605614
3.249057
3.703518
4.034743
4.279894
4.462120
4.596570
4.693625
4.755736
4.791540
4.806449
4.804495
4.788815
4.761910
4.725808
4.682190
4.632437
4.577713
5.115081
5.905659
6.814217
7.358112
7.723475
7.972693
8.141028
8.250404
8.315138
8.345075
8.341639
8.313525
8.266135
8.203463
8.128573
8.043911
7.951432
7.852753
7.749190
7.641889
8.091890
8.790615
9.606677
10.087564
10.397900
10.597518
10.720273
10.787126
10.811766
10.803571
10.763174
10.699198
10.617014
10.520535
10.412767
10.296094
10.172396
10.043256
9.909956
9.773573
10.169325
10.812777
11.574837
12.024584
12.309116
12.486168
12.588462
12.636294
12.642873
12.617260
12.559527
12.478228
12.378776
12.265115
12.140262
12.006596
11.866059
11.720225
11.570380
11.417641
11.776949
12.384620
13.113422
13.549650
13.824983
13.995094
14.091577
14.134017
14.135176
14.103858
14.039694
13.951172
13.843785
13.721570
13.587648
13.444489
13.294123
13.138194
12.978070
12.814916
13.146518
13.728302
14.434965
14.868320
15.145740
15.320214
15.421748
15.468935
15.473947
15.445248
15.382040
15.292715
15.182930
15.056909
14.918019
14.768907
14.611788
14.448532
14.280613
14.109313
14.416904
14.977612
15.669114
16.108623
16.399294
16.590080
16.708578
16.771676
16.790483
16.772860
16.717452
16.632431
16.523698
16.395836
16.252681
16.097355
15.932540
15.760488
15.583062
15.401790
15.640144
16.113025
16.714261
17.109718
17.378437
17.559696
17.675411
17.738954
17.759227
17.742681
17.687630
17.601218
17.488973
17.355599
17.205085
17.040966
16.866291
16.683666
16.495300
16.303005
16.108335
15.912487
15.716420
15.520868
15.326450
15.133605
14.942713
14.754005
14.567726
14.384054
14.203070
14.024915
13.849615
13.677251
13.507861
13.341452
13.178055
13.017700
12.860358
12.706080
12.554783
12.406483
12.261189
12.118828
11.979391
11.842806
11.709042
11.578037
11.449776
11.324179
11.201176
11.080734
10.962778
10.847263
10.734153
10.623346
10.514844
10.408551
10.304448
10.202456
10.102556
10.004665
9.908778
9.814808
9.722743
9.632520
9.544098
9.457441
9.372503
9.289264
9.207657
9.127664
9.049233
8.972332
8.896933
8.822990
8.750481
8.679364
8.609608
8.541183
8.474055
8.408194
8.343572
8.280158
8.217914
8.156824
8.096865
8.037999
7.980200
7.923453
7.867722
7.812979
7.759204
7.706388
7.654492
7.603492
7.553369
7.504116
7.455697
7.408090
7.361275
7.315244
7.269975
7.225442
7.181626
7.138514
7.096096
7.054347
7.013248
6.972784
6.932938
6.893709
6.855071
6.817008
6.779505
6.742549
6.706131
6.670240
6.634858
6.599972
6.565569
6.531637
6.498170
6.465159
6.432586
6.400439
6.368710
6.337389
6.306468
6.275940
6.245792
6.216015
6.186597
6.157532
6.128811
6.100429
6.072378
6.044649
6.017233
5.990122
5.963310
5.936788
5.910552
5.884595
5.858914
5.833499
5.808343
5.783441
5.758785
5.734372
5.710196
5.686252
5.662538
5.639047
5.615773
5.592710
5.569854
5.547199
5.524742
5.502480
5.480408
5.458525
5.436825
5.415303
5.393956
5.372778
5.351768
5.330920
5.310233
5.289703
5.269328
5.249105
5.229033
5.209106
5.189320
5.169674
5.150163
5.130787
5.111542
5.092425
5.073435
5.054571
5.035830
5.017211
4.998710
4.980324
4.962050
4.943888
4.925835
4.907889
4.890049
4.872313
4.854679
4.837147
4.819716
4.802383
4.785146
4.768002
4.750950
4.733990
4.717118
4.700335
4.683638
4.667027
4.650501
4.634059
4.617700
4.601424
4.585228
4.569110
4.553069
4.537104
4.521215
4.505399
4.489656
4.473985
4.458386
4.442857
4.427398
4.412010
4.396691
4.381440
4.366255
4.351136
4.336081
4.321089
4.306160
4.291294
4.276488
4.261745
4.247061
4.232437
4.217873
4.203369
4.188923
4.174537
4.160208
4.145935
4.131718
4.117555
4.103446
4.089391
4.075389
4.061440
4.047544
4.033701
4.019908
4.006168
3.992478
3.978841
3.965255
3.951719
3.938233
3.924795
3.911405
3.898063
3.884768
3.871520
3.858318
3.845163
3.832054
3.818991
3.805974
3.793002
3.780076
3.767196
3.754362
3.741572
3.728826
3.716123
3.703464
3.690847
3.678272
3.665739
3.653248
3.640799
3.628391
3.616025
3.603699
3.591415
3.579172
3.566969
3.554808
3.542688
3.530609
3.518569
3.506569
3.494608
3.482685
3.470801
3.458955
3.447147
3.435377
3.423644
3.411949
3.400292
3.388672
3.377090
3.365544
3.354037
3.342566
3.331134
3.319739
3.308380
3.297057
3.285770
3.274518
3.263302
3.252121
3.240975
3.229864
3.218787
3.207745
3.196737
3.185764
3.174826
3.163921
3.153052
3.142216
3.131415
3.120649
3.109917
3.099219
3.088555
3.077923
3.067325
3.056759
3.046226
3.035725
3.025257
3.014821
3.004417
2.994044
2.983704
2.973395
2.963119
2.952874
2.942661
2.932480
2.922331
2.912214
2.902129
2.892076
2.882054
2.872063
2.862102
2.852172
2.842273
2.832403
2.822564
2.812755
2.802976
2.793226
2.783506
2.773816
2.764155
2.754524
2.744923
2.735351
2.725809
2.716296
2.706813
2.697360
2.687937
2.678542
2.669177
2.659841
2.650533
2.641254
2.632003
2.622780
2.613585
2.604418
2.595279
2.586168
2.577085
2.568029
2.559000
2.549999
2.541026
2.532080
2.523161
2.514270
2.505407
2.496571
2.487763
2.478982
2.470229
2.461503
2.452803
2.444131
2.435485
2.426865
2.418272
2.409705
2.401164
2.392649
2.384160
2.375696
2.367259
2.358847
2.350461
2.342100
2.333765
2.325455
2.317171
2.308913
2.300680
2.292472
2.284289
2.276133
2.268002
2.259897
2.251817
2.243761
2.235731
2.227725
2.219744
2.211787
2.203855
2.195947
2.188063
2.180204
2.172368
2.164557
2.156769
2.149005
2.141265
2.133549
2.125856
2.118187
2.110541
2.102919
2.095321
2.087746
2.080195
2.072667
2.065163
2.057682
2.050225
2.042792
2.035382
2.027994
2.020630
2.013289
2.005970
1.998673
1.991400
1.984149
1.976920
1.969713
1.962529
1.955367
1.948227
1.941109
1.934013
1.926939
1.919887
1.912857
1.905848
1.898861
1.891896
1.884952
1.878030
1.871130
1.864251
1.857394
1.850559
1.843746
1.836954
1.830184
1.823435
1.816707
1.810000
1.803315
1.796650
1.790006
1.783383
1.776780
1.770198
1.763637
1.757096
1.750576
1.744076
1.737596
1.731137
1.724697
1.718278
1.711879
1.705501
1.699142
1.692803
1.686483
1.680184
1.673904
1.667645
1.661405
1.655185
1.648985
1.642804
1.636643
1.630502
1.624381
1.618280
1.612198
1.606135
1.600092
1.594068
1.588063
1.582077
1.576110
1.570162
1.564233
1.558323
1.552432
1.546559
1.540705
1.534869
1.529052
1.523254
1.517474
1.511713
1.505969
1.500244
1.494538
1.488849
1.483179
1.477527
1.471893
1.466277
1.460679
1.455098
1.449536
1.443992
1.438466
1.432957
1.427467
1.421994
1.416539
1.411103
1.405684
1.400283
1.394899
1.389533
1.384184
1.378852
1.373538
1.368241
1.362962
1.357699
1.352454
1.347225
1.342014
1.336819
1.331642
1.326481
1.321337
1.316209
1.311099
1.306005
1.300928
1.295867
1.290823
1.285795
1.280784
1.275790
1.270811
1.265849
1.260903
1.255974
1.251060
1.246163
1.241282
1.236417
1.231568
1.226735
1.221919
1.217118
1.212333
1.207565
1.202812
1.198076
1.193355
1.188651
1.183962
1.179288
1.174631
1.169988
1.165362
1.160751
1.156155
1.151575
1.147010
1.142460
1.137926
1.133407
1.128903
1.124414
1.119940
1.115481
1.111038
1.106609
1.102195
1.097796
1.093412
1.089043
1.084689
1.080349
1.076024
1.071714
1.067418
1.063137
1.058870
1.054618
1.050381
1.046158
1.041949
1.037755
1.033575
1.029410
1.025258
1.021121
1.016998
1.012890
1.008795
1.004715
1.000649
0.996597
0.992559
0.988536
0.984526
0.980531
0.976549
0.972582
0.968628
0.964688
0.960762
0.956849
0.952951
0.949066
0.945194
0.941336
0.937492
0.933661
0.929843
0.926039
0.922249
0.918471
0.914707
0.910956
0.907219
0.903495
0.899784
0.896086
0.892401
0.888729
0.885070
0.881425
0.877792
0.874172
0.870565
0.866971
0.863390
0.859822
0.856267
0.852724
0.849194
0.845677
0.842172
0.838680
0.835200
0.831734
0.828279
0.824838
0.821408
0.817991
0.814587
0.811195
0.807815
0.804448
0.801092
0.797750
0.794419
0.791101
0.787795
0.784501
0.781219
0.777949
0.774692
0.771447
0.768214
0.764993
0.761784
0.758587
0.755401
0.752228
0.749067
0.745917
0.742779
0.739653
0.736538
0.733435
0.730344
0.727264
0.724196
0.721140
0.718095
0.715061
0.712039
0.709029
0.706030
0.703042
0.700065
0.697100
0.694146
0.691203
0.688272
0.685352
0.682442
0.679545
0.676658
0.673782
0.670917
0.668063
0.665221
0.662389
0.659568
0.656758
0.653959
0.651171
0.648393
0.645627
0.642871
0.640126
0.637391
0.634668
0.631955
0.629252
0.626560
0.623879
0.621208
0.618548
0.615898
0.613259
0.610630
0.608012
0.605404
0.602806
0.600219
0.597641
0.595075
0.592518
0.589972
0.587435
0.584909
0.582393
0.579887
0.577392
0.574906
0.572430
0.569965
0.567509
0.565063
0.562628
0.560202
0.557786
0.555380
0.552984
0.550598
0.548221
0.545855
0.543498
0.541150
0.538813
0.536485
0.534166
0.531857
0.529558
0.527268
0.524987
0.522716
0.520455
0.518202
0.515960
0.513726
0.511502
0.509287
0.507081
0.504885
0.502698
0.500519
0.498351
0.496191
0.494040
0.491898
0.489766
0.487642
0.485527
0.483422
0.481325
0.479237
0.477158
0.475088
0.473027
0.470974
0.468930
0.466895
0.464869
0.462851
0.460843
0.458842
0.456850
0.454867
0.452893
0.450927
0.448969
0.447020
0.445079
0.443147
0.441223
0.439308
0.437401
0.435502
0.433611
0.431729
0.429855
0.427989
0.426131
0.424282
0.422440
0.420607
0.418782
0.416964
0.415155
0.413354
0.411561
0.409775
0.407998
0.406228
0.404467
0.402713
0.400967
0.399228
0.397498
0.395775
0.394060
0.392352
0.390653
0.388960
0.387276
0.385599
0.383929
0.382267
0.380613
0.378966
0.377326
0.375694
0.374069
0.372451
0.370841
0.369238
0.367642
0.366054
0.364473
0.362899
0.361332
0.359772
0.358220
0.356674
0.355136
0.353604
0.352080
0.350562
0.349052
0.347548
0.346052
0.344562
0.343080
0.341604
0.340134
0.338672
0.337216
0.335767
0.334325
0.332890
0.331461
0.330038
0.328623
0.327213
0.325811
0.324415
0.323025
0.321642
0.320265
0.318894
0.317530
0.316172
0.314821
0.313476
0.312137
0.310804
0.309478
0.308158
0.306843
0.305535
0.304234
0.302938
0.301648
0.300364
0.299087
0.297815
0.296549
0.295289
0.294035
0.292787
0.291545
0.290308
0.289078
0.287853
0.286633
0.285420
0.284212
0.283010
0.281814
0.280623
0.279438
0.278258
0.277084
0.275915
0.274752
0.273594
0.272442
0.271295
0.270154
0.269018
0.267887
0.266761
0.265641
0.264526
0.263417
0.262312
0.261213
0.260119
0.259030
0.257946
0.256867
0.255794
0.254725
0.253661
0.252603
0.251549
0.250500
0.249457
0.248418
0.247384
0.246354
0.245330
0.244310
0.243295
0.242285
0.241280
0.240279
0.239283
0.238292
0.237305
0.236323
0.235346
0.234373
0.233405
0.232441
0.231481
0.230526
0.229576
0.228630
0.227688
0.226751
0.225818
0.224889
0.223965
0.223045
0.222129
0.221218
0.220310
0.219407
0.218508
0.217614
0.216723
0.215836
0.214954
0.214076
0.213201
0.212331
0.211465
0.210602
0.209744
0.208889
0.208039
0.207192
0.206349
0.205510
0.204675
0.203844
0.203016
0.202192
0.201372
0.200556
0.199743
0.198934
0.198129
0.197327
0.196529
0.195735
0.194944
0.194157
0.193373
0.192593
0.191816
0.191042
0.190273
0.189506
0.188743
0.187984
0.187227
0.186475
0.185725
0.184979
0.184236
0.183496
0.182760
0.182027
0.181297
0.180570
0.179847
0.179127
0.178409
0.177695
0.176985
0.176277
0.175572
0.174870
0.174172
0.173476
0.172784
0.172094
0.171407
0.170724
0.170043
0.169365
0.168690
0.168018
0.167349
0.166683
0.166019
0.165359
0.164701
0.164046
0.163393
0.162744
0.162097
0.161453
0.160812
0.160173
0.159537
0.158903
0.158273
0.157645
0.157019
0.156396
0.155776
0.155158
0.154543
0.153930
0.153320
0.152712
0.152107
0.151504
0.150904
0.150306
0.149711
0.149118
0.148527
0.147939
0.147353
0.146770
0.146189
0.145610
0.145033
0.144459
0.143887
0.143318
0.142750
0.142185
0.141622
0.141062
0.140503
0.139947
0.139393
0.138841
0.138291
0.137743
0.137198
0.136654
0.136113
0.135574
0.135037
0.134502
0.133969
0.133438
0.132909
0.132382
0.131857
0.131334
0.130813
0.130294
0.129777
0.129262
0.128749
0.128238
0.127729
0.127221
0.126716
0.126212
0.125711
0.125211
0.124713
0.124217
0.123722
0.123230
0.122739
0.122250
0.121763
0.121277
0.120794
0.120312
0.119832
0.119353
0.118877
0.118402
0.117928
0.117457
0.116987
0.116519
0.116052
0.115587
0.115124
0.114662
0.114202
0.113744
0.113287
0.112832
0.112378
0.111926
0.111476
0.111027
0.110580
0.110134
0.109690
0.109247
0.108806
0.108366
0.107928
0.107491
0.107056
0.106622
0.106190
0.105759
0.105330
0.104902
0.104475
0.104050
0.103627
0.103205
0.102784
0.102365
0.101947
0.101530
0.101115
0.100701
0.100288
0.099877
0.099468
0.099059
0.098652
0.098246
0.097842
0.097439
0.097037
0.096636
0.096237
0.095839
0.095443
0.095047
0.094653
0.094260
0.093869
0.093478
0.093089
0.092701
0.092315
0.091929
0.091545
0.091162
0.090780
0.090400
0.090020
0.089642
0.089265
0.088889
0.088515
0.088141
0.087769
0.087398
0.087028
0.086659
0.086291
0.085925
0.085559
0.085195
0.084832
0.084469
0.084108
0.083749
0.083390
0.083032
0.082675
0.082320
0.081965
0.081612
0.081260
0.080908
0.080558
0.080209
0.079861
0.079514
0.079168
0.078823
0.078479
0.078136
0.077794
0.077453
0.077113
0.076774
0.076436
0.076099
0.075763
0.075429
0.075095
0.074762
0.074430
0.074099
0.073769
0.073440
0.073112
0.072784
0.072458
0.072133
0.071809
0.071485
0.071163
0.070842
0.070521
0.070201
0.069883
0.069565
0.069248
0.068932
0.068617
0.068303
0.067990
0.067677
0.067366
0.067055
0.066746
0.066437
0.066129
0.065822
0.065516
0.065211
0.064906
0.064603
0.064300
0.063998
0.063697
0.063397
0.063098
0.062799
0.062502
0.062205
0.061909
0.061614
0.061320
0.061026
0.060734
0.060442
0.060151
0.059861
0.059571
0.059283
0.058995
0.058708
0.058422
0.058137
0.057852
0.057569
0.057286
0.057003
0.056722
0.056441
0.056162
0.055883
0.055604
0.055327
0.055050
0.054774
0.054499
0.054224
0.053951
0.053678
0.053406
0.053134
0.052863
0.052594
0.052324
0.052056
0.051788
0.051521
0.051255
0.050989
0.050725
0.050461
0.050197
0.049935
0.049673
0.049411
0.049151
0.048891
0.048632
0.048374
0.048116
0.047859
0.047603
0.047348
0.047093
0.046839
0.046585
0.046332
0.046080
0.045829
0.045578
0.045328
0.045079
0.044830
0.044582
0.044335
0.044088
0.043842
0.043597
0.043352
0.043108
0.042865
0.042623
0.042381
0.042139
0.041899
0.041659
0.041419
0.041180
0.040942
0.040705
0.040468
0.040232
0.039996
0.039762
0.039527
0.039294
0.039061
0.038828
0.038597
0.038366
0.038135
0.037905
0.037676
0.037448
0.037220
0.036992
0.036766
0.036539
0.036314
0.036089
0.035865
0.035641
0.035418
0.035195
0.034974
0.034752
0.034532
0.034311
0.034092
0.033873
0.033655
0.033437
0.033220
0.033003
0.032787
0.032572
0.032357
0.032143
0.031929
0.031716
0.031504
0.031292
0.031081
0.030870
0.030660
0.030450
0.030241
0.030032
0.029824
0.029617
0.029410
0.029204
0.028998
0.028793
0.028588
0.028384
0.028181
0.027978
0.027776
0.027574
0.027372
0.027172
0.026972
0.026772
0.026573
0.026374
0.026176
0.025979
0.025782
0.025585
0.025389
0.025194
0.024999
0.024805
0.024611
0.024418
0.024225
0.024033
0.023841
0.023650
0.023459
0.023269
0.023079
0.022890
0.022701
0.022513
0.022326
0.022139
0.021952
0.021766
0.021580
0.021395
0.021211
0.021027
0.020843
0.020660
0.020477
0.020295
0.020114
0.019933
0.019752
0.019572
0.019392
0.019213
0.019035
0.018856
0.018679
0.018502
0.018325
0.018149
0.017973
0.017798
0.017623
0.017448
0.017275
0.017101
0.016928
0.016756
0.016584
0.016412
0.016241
0.016071
0.015901
0.015731
0.015562
0.015393
0.015225
0.015057
0.014890
0.014723
0.014557
0.014391
0.014225
0.014060
0.013896
0.013731
0.013568
0.013404
0.013242
0.013079
0.012917
0.012756
0.012595
0.012434
0.012274
0.012114
0.011955
0.011796
0.011638
0.011480
0.011322
0.011165
0.011008
0.010852
0.010696
0.010541
0.010386
0.010231
0.010077
0.009924
0.009770
0.009618
0.009465
0.009313
0.009161
0.009010
0.008860
0.008709
0.008559
0.008410
0.008261
0.008112
0.007964
0.007816
0.007668
0.007521
0.007374
0.007228
0.007082
0.006937
0.006792
0.006647
0.006503
0.006359
0.006216
0.006072
0.005930
0.005788
0.005646
0.005504
0.005363
0.005222
0.005082
0.004942
0.004802
0.004663
0.004525
0.004386
0.004248
0.004110
0.003973
0.003836
0.003700
0.003564
0.003428
0.003293
0.003158
0.003023
0.002889
0.002755
0.002621
0.002488
0.002355
0.002223
0.002091
0.001959
0.001828
0.001697
0.001567
0.001436
0.001306
0.001177
0.001048
0.000919
0.000791
0.000663
0.000535
0.000408
0.000281
0.000154
0.000028
-0.000098
-0.000224
-0.000349
-0.000474
-0.000598
-0.000723
-0.000847
-0.000970
-0.001093
-0.001216
-0.001338
-0.001461
-0.001582
-0.001704
-0.001825
-0.001946
-0.002066
-0.002186
-0.002306
-0.002425
-0.002545
-0.002663
-0.002782
-0.002900
-0.003018
-0.003135
-0.003252
-0.003369
-0.003486
-0.003602
-0.003717
-0.003833
-0.003948
-0.004063
-0.004178
-0.004292
-0.004406
-0.004519
-0.004632
-0.004745
-0.004858
-0.004970
-0.005082
-0.005194
-0.005305
-0.005416
-0.005527
-0.005638
-0.005748
-0.005857
-0.005967
-0.006076
-0.006185
-0.006294
-0.006402
-0.006510
-0.006618
-0.006725
-0.006832
-0.006939
-0.007045
-0.007151
-0.007257
-0.007363
-0.007468
-0.007573
-0.007678
-0.007782
-0.007886
-0.007990
-0.008094
-0.008197
-0.008300
-0.008403
-0.008505
-0.008607
-0.008709
-0.008810
-0.008912
-0.009012
-0.009113
-0.009214
-0.009314
-0.009413
-0.009513
-0.009612
-0.009711
-0.009810
-0.009908
-0.010006
-0.010104
-0.010202
-0.010299
-0.010396
-0.010493
-0.010589
-0.010686
-0.010782
-0.010877
-0.010973
-0.011068
-0.011163
-0.011257
-0.011352
-0.011446
-0.011539
-0.011633
-0.011726
-0.011819
-0.011912
-0.012005
-0.012097
-0.012189
-0.012280
-0.012372
-0.012463
-0.012554
-0.012645
-0.012735
-0.012825
-0.012915
-0.013005
-0.013094
-0.013183
-0.013272
-0.013361
-0.013449
-0.013538
-0.013625
-0.013713
-0.013801
-0.013888
-0.013975
-0.014061
-0.014148
-0.014234
-0.014320
-0.014406
-0.014491
-0.014576
-0.014661
-0.014746
-0.014830
-0.014915
-0.014999
-0.015083
-0.015166
-0.015249
-0.015332
-0.015415
-0.015498
-0.015580
-0.015662
-0.015744
-0.015826
-0.015907
-0.015989
-0.016070
-0.016150
-0.016231
-0.016311
-0.016391
-0.016471
-0.016551
-0.016630
-0.016709
-0.016788
-0.016867
-0.016946
-0.017024
-0.017102
-0.017180
-0.017257
-0.017335
-0.017412
-0.017489
-0.017566
-0.017642
-0.017718
-0.017795
-0.017870
-0.017946
-0.018022
-0.018097
-0.018172
-0.018247
-0.018321
-0.018396
-0.018470
-0.018544
-0.018618
-0.018691
-0.018765
-0.018838
-0.018911
-0.018983
-0.019056
-0.019128
-0.019200
-0.019272
-0.019344
-0.019415
-0.019487
-0.019558
-0.019629
-0.019699
-0.019770
-0.019840
-0.019910
-0.019980
-0.020050
-0.020119
-0.020189
-0.020258
-0.020327
-0.020396
-0.020464
-0.020532
-0.020601
-0.020669
-0.020736
-0.020804
-0.020871
-0.020938
-0.021005
-0.021072
-0.021139
-0.021205
-0.021272
-0.021338
-0.021404
-0.021469
-0.021535
-0.021600
-0.021665
-0.021730
-0.021795
-0.021859
-0.021924
-0.021988
-0.022052
-0.022116
-0.022180
-0.022243
-0.022306
-0.022370
-0.022433
-0.022495
-0.022558
-0.022620
-0.022683
-0.022745
-0.022807
-0.022868
-0.022930
-0.022991
-0.023053
-0.023114
-0.023174
-0.023235
-0.023296
-0.023356
-0.023416
-0.023476
-0.023536
-0.023596
-0.023655
-0.023715
-0.023774
-0.023833
-0.023892
-0.023950
-0.024009
-0.024067
-0.024125
-0.024183
-0.024241
-0.024299
-0.024356
-0.024414
-0.024471
-0.024528
-0.024585
-0.024642
-0.024698
-0.024755
-0.024811
-0.024867
-0.024923
-0.024979
-0.025034
-0.025090
-0.025145
-0.025200
-0.025255
-0.025310
-0.025365
-0.025419
-0.025474
-0.025528
-0.025582
-0.025636
-0.025690
-0.025743
-0.025797
-0.025850
-0.025903
-0.025956
-0.026009
-0.026062
-0.026115
-0.026167
-0.026219
-0.026271
-0.026323
-0.026375
-0.026427
-0.026479
-0.026530
-0.026581
-0.026632
-0.026683
-0.026734
-0.026785
-0.026835
-0.026886
-0.026936
-0.026986
-0.027036
-0.027086
-0.027136
-0.027185
-0.027235
-0.027284
-0.027333
-0.027382
-0.027431
-0.027480
-0.027529
-0.027577
-0.027625
-0.027674
-0.027722
-0.027770
-0.027817
-0.027865
-0.027913
-0.027960
-0.028007
-0.028054
-0.028101
-0.028148
-0.028195
-0.028242
-0.028288
-0.028335
-0.028381
-0.028427
-0.028473
-0.028519
-0.028564
-0.028610
-0.028656
-0.028701
-0.028746
-0.028791
-0.028836
-0.028881
-0.028926
-0.028970
-0.029015
-0.029059
-0.029103
-0.029147
-0.029191
-0.029235
-0.029279
-0.029323
-0.029366
-0.029409
-0.029453
-0.029496
-0.029539
-0.029582
-0.029625
-0.029667
-0.029710
-0.029752
-0.029794
-0.029837
-0.029879
-0.029921
-0.029963
-0.030004
-0.030046
-0.030087
-0.030129
-0.030170
-0.030211
-0.030252
-0.030293
-0.030334
-0.030375
-0.030415
-0.030456
-0.030496
-0.030536
-0.030576
-0.030616
-0.030656
-0.030696
-0.030736
-0.030775
-0.030815
-0.030854
-0.030894
-0.030933
-0.030972
-0.031011
-0.031050
-0.031088
-0.031127
-0.031165
-0.031204
-0.031242
-0.031280
-0.031318
-0.031356
-0.031394
-0.031432
-0.031470
-0.031507
-0.031545
-0.031582
-0.031620
-0.031657
-0.031694
-0.031731
-0.031768
-0.031804
-0.031841
-0.031878
-0.031914
-0.031950
-0.031987
-0.032023
-0.032059
-0.032095
-0.032131
-0.032167
-0.032202
-0.032238
-0.032273
-0.032309
-0.032344
-0.032379
-0.032414
-0.032449
-0.032484
-0.032519
-0.032554
-0.032588
-0.032623
-0.032657
-0.032692
-0.032726
-0.032760
-0.032794
-0.032828
-0.032862
-0.032896
-0.032929
-0.032963
-0.032997
-0.033030
-0.033063
-0.033097
-0.033130
-0.033163
-0.033196
-0.033229
-0.033262
-0.033294
-0.033327
-0.033359
-0.033392
-0.033424
-0.033456
-0.033489
-0.033521
-0.033553
-0.033585
-0.033617
-0.033648
-0.033680
-0.033712
-0.033743
-0.033775
-0.033806
-0.033837
-0.033868
-0.033899
-0.033930
-0.033961
-0.033992
-0.034023
-0.034054
-0.034084
-0.034115
-0.034145
-0.034175
-0.034206
-0.034236
-0.034266
-0.034296
-0.034326
-0.034356
-0.034386
-0.034415
-0.034445
-0.034474
-0.034504
-0.034533
-0.034563
-0.034592
-0.034621
-0.034650
-0.034679
-0.034708
-0.034737
-0.034766
-0.034794
-0.034823
-0.034851
-0.034880
-0.034908
-0.034937
-0.034965
-0.034993
-0.035021
-0.035049
-0.035077
-0.035105
-0.035133
-0.035160
-0.035188
-0.035216
-0.035243
-0.035271
-0.035298
-0.035325
-0.035353
-0.035380
-0.035407
-0.035434
-0.035461
-0.035488
-0.035514
-0.035541
-0.035568
-0.035594
-0.035621
-0.035647
-0.035674
-0.035700
-0.035726
-0.035752
-0.035778
-0.035804
-0.035830
-0.035856
-0.035882
-0.035908
-0.035934
-0.035959
-0.035985
-0.036010
-0.036036
-0.036061
-0.036086
-0.036112
-0.036137
-0.036162
-0.036187
-0.036212
-0.036237
-0.036262
-0.036286
-0.036311
-0.036336
-0.036360
-0.036385
-0.036409
-0.036434
-0.036458
-0.036482
-0.036507
-0.036531
-0.036555
-0.036579
-0.036603
-0.036627
-0.036650
-0.036674
-0.036698
-0.036722
-0.036745
-0.036769
-0.036792
-0.036816
-0.036839
-0.036862
-0.036886
-0.036909
-0.036932
-0.036955
-0.036978
-0.037001
-0.037024
-0.037046
-0.037069
-0.037092
-0.037115
-0.037137
-0.037160
-0.037182
-0.037205
-0.037227
-0.037249
-0.037272
-0.037294
-0.037316
-0.037338
-0.037360
-0.037382
-0.037404
-0.037426
-0.037448
-0.037469
-0.037491
-0.037513
-0.037534
-0.037556
-0.037577
-0.037599
-0.037620
-0.037641
-0.037663
-0.037684
-0.037705
-0.037726
-0.037747
-0.037768
-0.037789
-0.037810
-0.037831
-0.037851
-0.037872
-0.037893
-0.037914
-0.037934
-0.037955
-0.037975
-0.037996
-0.038016
-0.038036
-0.038057
-0.038077
-0.038097
-0.038117
-0.038137
-0.038157
-0.038177
-0.038197
-0.038217
-0.038237
-0.038256
-0.038276
-0.038296
-0.038316
-0.038335
-0.038355
-0.038374
-0.038394
-0.038413
-0.038432
-0.038452
-0.038471
-0.038490
-0.038509
-0.038528
-0.038547
-0.038566
-0.038585
-0.038604
-0.038623
-0.038642
-0.038661
-0.038679
-0.038698
-0.038717
-0.038735
-0.038754
-0.038772
-0.038791
-0.038809
-0.038828
-0.038846
-0.038864
-0.038883
-0.038901
-0.038919
-0.038937
-0.038955
-0.038973
-0.038991
-0.039009
-0.039027
-0.039045
-0.039063
-0.039080
-0.039098
-0.039116
-0.039133
-0.039151
-0.039169
-0.039186
-0.039203
-0.039221
-0.039238
-0.039256
-0.039273
-0.039290
-0.039307
-0.039325
-0.039342
-0.039359
-0.039376
-0.039393
-0.039410
-0.039427
-0.039444
-0.039461
-0.039477
-0.039494
-0.039511
-0.039528
-0.039544
-0.039561
-0.039577
-0.039594
-0.039610
-0.039627
-0.039643
-0.039660
-0.039676
-0.039692
-0.039709
-0.039725
-0.039741
-0.039757
-0.039773
-0.039789
-0.039805
-0.039821
-0.039837
-0.039853
-0.039869
-0.039885
-0.039901
-0.039917
-0.039932
-0.039948
-0.039964
-0.039979
-0.039995
-0.040010
-0.040026
-0.040042
-0.040057
-0.040072
-0.040088
-0.040103
-0.040118
-0.040134
-0.040149
-0.040164
-0.040179
-0.040194
-0.040210
-0.040225
-0.040240
-0.040255
-0.040270
-0.040284
-0.040299
-0.040314
-0.040329
-0.040344
-0.040359
-0.040373
-0.040388
-0.040403
-0.040417
-0.040432
-0.040446
-0.040461
-0.040475
-0.040490
-0.040504
-0.040519
-0.040533
-0.040547
-0.040562
-0.040576
-0.040590
-0.040604
-0.040619
-0.040633
-0.040647
-0.040661
-0.040675
-0.040689
-0.040703
-0.040717
-0.040731
-0.040745
-0.040759
-0.040772
-0.040786
-0.040800
-0.040814
-0.040827
-0.040841
-0.040855
-0.040868
-0.040882
-0.040895
-0.040909
-0.040922
-0.040936
-0.040949
-0.040963
-0.040976
-0.040989
-0.041003
-0.041016
-0.041029
-0.041042
-0.041056
-0.041069
-0.041082
-0.041095
-0.041108
-0.041121
-0.041134
-0.041147
-0.041160
-0.041173
-0.041186
-0.041199
-0.041212
-0.041225
-0.041237
-0.041250
-0.041263
-0.041276
-0.041288
-0.041301
-0.041314
-0.041326
-0.041339
-0.041351
-0.041364
-0.041376
-0.041389
-0.041401
-0.041414
-0.041426
-0.041438
-0.041451
-0.041463
-0.041475
-0.041488
-0.041500
-0.041512
-0.041524
-0.041536
-0.041548
-0.041561
-0.041573
-0.041585
-0.041597
-0.041609
-0.041621
-0.041633
-0.041645
-0.041656
-0.041668
-0.041680
-0.041692
-0.041704
-0.041716
-0.041727
-0.041739
-0.041751
-0.041762
-0.041774
-0.041786
-0.041797
-0.041809
-0.041820
-0.041832
-0.041843
-0.041855
-0.041866
-0.041878
-0.041889
-0.041901
-0.041912
-0.041923
-0.041935
-0.041946
-0.041957
-0.041968
-0.041980
-0.041991
-0.042002
-0.042013
-0.042024
-0.042035
-0.042047
-0.042058
-0.042069
-0.042080
-0.042091
-0.042102
-0.042113
-0.042124
-0.042134
-0.042145
-0.042156
-0.042167
-0.042178
-0.042189
-0.042199
-0.042210
-0.042221
-0.042232
-0.042242
-0.042253
-0.042264
-0.042274
-0.042285
-0.042295
-0.042306
-0.042316
-0.042327
-0.042338
-0.042348
-0.042358
-0.042369
-0.042379
-0.042390
-0.042400
-0.042410
-0.042421
-0.042431
-0.042441
-0.042452
-0.042462
-0.042472
-0.042482
-0.042492
-0.042503
-0.042513
-0.042523
-0.042533
-0.042543
-0.042553
-0.042563
-0.042573
-0.042583
-0.042593
-0.042603
-0.042613
-0.042623
-0.042633
-0.042643
-0.042653
-0.042663
-0.042673
-0.042682
-0.042692
-0.042702
-0.042712
-0.042721
-0.042731
-0.042741
-0.042751
-0.042760
-0.042770
-0.042779
-0.042789
-0.042799
-0.042808
-0.042818
-0.042827
-0.042837
-0.042846
-0.042856
-0.042865
-0.042875
-0.042884
-0.042894
-0.042903
-0.042912
-0.042922
-0.042931
-0.042940
-0.042950
-0.042959
-0.042968
-0.042978
-0.042987
-0.042996
-0.043005
-0.043014
-0.043024
-0.043033
-0.043042
-0.043051
-0.043060
-0.043069
-0.043078
-0.043087
-0.043096
-0.043105
-0.043114
-0.043123
-0.043132
-0.043141
-0.043150
-0.043159
-0.043168
-0.043177
-0.043186
-0.043195
-0.043203
-0.043212
-0.043221
-0.043230
-0.043239
-0.043247
-0.043256
-0.043265
-0.043274
-0.043282
-0.043291
-0.043300
-0.043308
-0.043317
-0.043325
-0.043334
-0.043343
-0.043351
-0.043360
-0.043368
-0.043377
-0.043385
-0.043394
-0.043402
-0.043411
-0.043419
-0.043428
-0.043436
-0.043444
-0.043453
-0.043461
-0.043470
-0.043478
-0.043486
-0.043495
-0.043503
-0.043511
-0.043519
-0.043528
-0.043536
-0.043544
-0.043552
-0.043560
-0.043569
-0.043577
-0.043585
-0.043593
-0.043601
-0.043609
-0.043617
-0.043626
-0.043634
-0.043642
-0.043650
-0.043658
-0.043666
-0.043674
-0.043682
-0.043690
-0.043698
-0.043706
-0.043714
-0.043721
-0.043729
-0.043737
-0.043745
-0.043753
-0.043761
-0.043769
-0.043776
-0.043784
-0.043792
-0.043800
-0.043808
-0.043815
-0.043823
-0.043831
-0.043839
-0.043846
-0.043854
-0.043862
-0.043869
-0.043877
-0.043885
-0.043892
-0.043900
-0.043907
-0.043915
-0.043923
-0.043930
-0.043938
-0.043945
-0.043953
-0.043960
-0.043968
-0.043975
-0.043983
-0.043990
-0.043998
-0.044005
-0.044013
-0.044020
-0.044027
-0.044035
-0.044042
-0.044049
-0.044057
-0.044064
-0.044071
-0.044079
-0.044086
-0.044093
-0.044101
-0.044108
-0.044115
-0.044122
-0.044130
-0.044137
-0.044144
-0.044151
-0.044159
-0.044166
-0.044173
-0.044180
-0.044187
-0.044194
-0.044201
-0.044209
-0.044216
-0.044223
-0.044230
-0.044237
-0.044244
-0.044251
-0.044258
-0.044265
-0.044272
-0.044279
-0.044286
-0.044293
-0.044300
-0.044307
-0.044314
-0.044321
-0.044328
-0.044335
-0.044341
-0.044348
-0.044355
-0.044362
-0.044369
-0.044376
-0.044383
-0.044389
-0.044396
-0.044403
-0.044410
-0.044417
-0.044423
-0.044430
-0.044437
-0.044444
-0.044450
-0.044457
-0.044464
-0.044470
-0.044477
-0.044484
-0.044490
-0.044497
-0.044504
-0.044510
-0.044517
-0.044524
-0.044530
-0.044537
-0.044543
-0.044550
-0.044557
-0.044563
-0.044570
-0.044576
-0.044583
-0.044589
-0.044596
-0.044602
-0.044609
-0.044615
-0.044622
-0.044628
-0.044635
-0.044641
-0.044647
-0.044654
-0.044660
-0.044667
-0.044673
-0.044679
-0.044686
-0.044692
-0.044699
-0.044705
-0.044711
-0.044718
-0.044724
-0.044730
-0.044736
-0.044743
-0.044749
-0.044755
-0.044762

