0.000000
0.000000
-0.000026
-0.000052
-0.000077
-0.000103
-0.000128
-0.000153
-0.000177
-0.000201
-0.000224
-0.000247
-0.000270
-0.000293
-0.000315
-0.000337
-0.000359
-0.000380
-0.000402
-0.000423
-0.000444
-0.000465
-0.000485
-0.000506
-0.000526
-0.000547
-0.000567
-0.000587
-0.000607
-0.000627
-0.000647
-0.000667
-0.000687
-0.000707
-0.000726
-0.000746
-0.000766
-0.000785
-0.000805
-0.000824
-0.000844
-0.000863
-0.000883
-0.000902
-0.000922
-0.000941
-0.000961
-0.000980
-0.001000
-0.001019
-0.001038
-0.001058
-0.001077
-0.001097
-0.001116
-0.001135
-0.001155
-0.001174
-0.001194
-0.001213
-0.001233
-0.001252
-0.001271
-0.001291
-0.001310
-0.001330
-0.001349
-0.001369
-0.001388
-0.001408
-0.001428
-0.001447
-0.001467
-0.001486
-0.001506
-0.001525
-0.001545
-0.001565
-0.001584
-0.001604
-0.001624
-0.001644
-0.001663
-0.001683
-0.001703
-0.001723
-0.001743
-0.001762
-0.001782
-0.001802
-0.001822
-0.001842
-0.001862
-0.001882
-0.001902
-0.001922
-0.001942
-0.001962
-0.001982
-0.002002
-0.002022
-0.002042
-0.002063
-0.002083
-0.002103
-0.002123
-0.002143
-0.002164
-0.002184
-0.002204
-0.002225
-0.002245
-0.002265
-0.002286
-0.002306
-0.002326
-0.002347
-0.002367
-0.002388
-0.002408
-0.002429
-0.002449
-0.002470
-0.002491
-0.002511
-0.002532
-0.002553
-0.002573
-0.002594
-0.002615
-0.002635
-0.002656
-0.002677
-0.002698
-0.002719
-0.002739
-0.002760
-0.002781
-0.002802
-0.002823
-0.002844
-0.002865
-0.002886
-0.002907
-0.002928
-0.002949
-0.002970
-0.002991
-0.003012
-0.003033
-0.003054
-0.003075
-0.003097
-0.003118
-0.003139
-0.003160
-0.003181
-0.003203
-0.003224
-0.003245
-0.003266
-0.003288
-0.003309
-0.003330
-0.003352
-0.003373
-0.003395
-0.003416
-0.003437
-0.003459
-0.003480
-0.003502
-0.003523
-0.003545
-0.003566
-0.003588
-0.003610
-0.003631
-0.003653
-0.003674
-0.003696
-0.003718
-0.003739
-0.003761
-0.003783
-0.003804
-0.003826
-0.003848
-0.003869
-0.003891
-0.003913
-0.003935
-0.003956
-0.003978
-0.004000
-0.004022
-0.004044
-0.004066
-0.004088
-0.004109
-0.004131
-0.004153
-0.004175
-0.004197
-0.004219
-0.004241
-0.004263
-0.004285
-0.004307
-0.004329
-0.004351
-0.004373
-0.004395
-0.004417
-0.004439
-0.004461
-0.004483
-0.004505
-0.004527
-0.004550
-0.004572
-0.004594
-0.004616
-0.004638
-0.004660
-0.004683
-0.004705
-0.004727
-0.004749
-0.004771
-0.004794
-0.004816
-0.004838
-0.004860
-0.004883
-0.004905
-0.004927
-0.004949
-0.004972
-0.004994
-0.005016
-0.005039
-0.005061
-0.005083
-0.005106
-0.005128
-0.005150
-0.005173
-0.005195
-0.005218
-0.005240
-0.005262
-0.005285
-0.005307
-0.005330
-0.005352
-0.005375
-0.005397
-0.005419
-0.005442
-0.005464
-0.005487
-0.005509
-0.005532
-0.005554
-0.005577
-0.005599
-0.005622
-0.005644
-0.005667
-0.005690
-0.005712
-0.005735
-0.005757
-0.005780
-0.005802
-0.005825
-0.005847
-0.005870
-0.005893
-0.005915
-0.005938
-0.005960
-0.005983
-0.006006
-0.006028
-0.006051
-0.006073
-0.006096
-0.006119
-0.006141
-0.006164
-0.006187
-0.006209
-0.006232
-0.006255
-0.006277
-0.006300
-0.006323
-0.006345
-0.006368
-0.006391
-0.006413
-0.006436
-0.006459
-0.006482
-0.006504
-0.006527
-0.006550
-0.006572
-0.006595
-0.006618
-0.006641
-0.006663
-0.006686
-0.006709
-0.006731
-0.006754
-0.006777
-0.006800
-0.006822
-0.006845
-0.006868
-0.006891
-0.006913
-0.006936
-0.006959
-0.006982
-0.007004
-0.007027
-0.007050
-0.007073
-0.007095
-0.007118
-0.007141
-0.007164
-0.007187
-0.007209
-0.007232
-0.007255
-0.007278
-0.007300
-0.007323
-0.007346
-0.007369
-0.007392
-0.007414
-0.007437
-0.007460
-0.007483
-0.007505
-0.007528
-0.007551
-0.007574
-0.007597
-0.007619
-0.007642
-0.007665
-0.007688
-0.007711
-0.007733
-0.007756
-0.007779
-0.007802
-0.007825
-0.007847
-0.007870
-0.007893
-0.007916
-0.007939
-0.007961
-0.007984
-0.008007
-0.008030
-0.008052
-0.008075
-0.008098
-0.008121
-0.008144
-0.008166
-0.008189
-0.008212
-0.008235
-0.008258
-0.008280
-0.008303
-0.008326
-0.008349
-0.008371
-0.008394
-0.008417
-0.008440
-0.008462
-0.008485
-0.008508
-0.008531
-0.008554
-0.008576
-0.008599
-0.008622
-0.008645
-0.008667
-0.008690
-0.008713
-0.008736
-0.008758
-0.008781
-0.008804
-0.008827
-0.008849
-0.008872
-0.008895
-0.008917
-0.008940
-0.008963
-0.008986
-0.009008
-0.009031
-0.009054
-0.009077
-0.009099
-0.009122
-0.009145
-0.009167
-0.009190
-0.009213
-0.009235
-0.009258
-0.009281
-0.009304
-0.009326
-0.009349
-0.009372
-0.009394
-0.009417
-0.009440
-0.009462
-0.009485
-0.009508
-0.009530
-0.009553
-0.009576
-0.009598
-0.009621
-0.009643
-0.009666
-0.009689
-0.009711
-0.009734
-0.009757
-0.009779
-0.009802
-0.009824
-0.009847
-0.009870
-0.009892
-0.009915
-0.009937
-0.009960
-0.009983
-0.010005
-0.010028
-0.010050
-0.010073
-0.010095
-0.010118
-0.010141
-0.010163
-0.010186
-0.010208
-0.010231
-0.010253
-0.010276
-0.010298
-0.010321
-0.010343
-0.010366
-0.010388
-0.010411
-0.010433
-0.010456
-0.010478
-0.010501
-0.010523
-0.010546
-0.010568
-0.010591
-0.010613
-0.010636
-0.010658
-0.010680
-0.010703
-0.010725
-0.010748
-0.010770
-0.010793
-0.010815
-0.010837
-0.010860
-0.010882
-0.010905
-0.010927
0.639416
1.559440
2.605614
3.249057
3.703518
4.034743
4.279894
4.462120
4.596570
4.693625
4.755736
4.791540
4.806449
4.804495
4.788815
4.761910
4.725808
4.682190
4.632437
4.577713
5.115081
5.905659
6.814217
7.358112
7.723475
7.972693
8.141028
8.250404
8.315138
8.345075
8.341639
8.313525
8.266135
8.203463
8.128573
8.043911
7.951432
7.852753
7.749190
7.641889
8.091890
8.790615
9.606677
10.087564
10.397900
10.597518
10.720273
10.787126
10.811766
10.803571
10.763174
10.699198
10.617014
10.520535
10.412767
10.296094
10.172396
10.043256
9.909956
9.773573
10.169325
10.812777
11.574837
12.024584
12.309116
12.486168
12.588462
12.636294
12.642873
12.617260
12.559527
12.478228
12.378776
12.265115
12.140262
12.006596
11.866059
11.720225
11.570380
11.417641
11.776949
12.384620
13.113422
13.549650
13.824983
13.995094
14.091577
14.134017
14.135176
14.103858
14.039694
13.951172
13.843785
13.721570
13.587648
13.444489
13.294123
13.138194
12.978070
12.814916
13.146518
13.728302
14.434965
14.868320
15.145740
15.320214
15.421748
15.468935
15.473947
15.445248
15.382040
15.292715
15.182930
15.056909
14.918019
14.768907
14.611788
14.448532
14.280613
14.109313
14.416904
14.977612
15.669114
16.108623
16.399294
16.590080
16.708578
16.771676
16.790483
16.772860
16.717452
16.632431
16.523698
16.395836
16.252681
16.097355
15.932540
15.760488
15.583062
15.401790
15.640144
16.113025
16.714261
17.109718
17.378437
17.559696
17.675411
17.738954
17.759227
17.742681
17.687630
17.601218
17.488973
17.355599
17.205085
17.040966
16.866291
16.683666
16.495300
16.303005
16.520448
16.979893
17.579530
17.998300
18.302379
18.525720
18.686597
18.795492
18.858893
18.881323
18.859301
18.798376
18.703438
18.579120
18.430098
18.260789
18.075478
17.878054
17.671953
17.460070
17.645122
18.083460
18.682393
19.140065
19.508066
19.813796
20.070826
20.285959
20.461936
20.599029
20.688706
20.730155
20.722310
20.664807
20.558669
20.406774
20.213797
19.986111
19.731041
19.456252
19.551301
19.923044
20.502570
21.023154
21.519262
22.013638
22.523034
23.061263
23.640383
24.269395
24.944038
25.655399
26.377734
27.066207
27.661708
28.102364
28.337914
28.338500
28.096953
27.626999
26.959856
26.140341
25.220743
24.253007
23.281907
22.340832
21.453558
20.634985
19.893120
19.229949
18.642269
18.123580
17.665791
17.260576
16.900106
16.577444
16.286655
16.022761
15.781520
15.559439
15.353625
15.161622
14.981436
14.811342
14.649954
14.496008
14.348574
14.206790
14.069978
13.937524
13.808937
13.683805
13.561797
13.442637
13.326071
13.211917
13.100006
12.990193
12.882367
12.776421
12.672289
12.569891
12.469174
12.370077
12.272587
12.176631
12.082195
11.989229
11.897728
11.807632
11.718930
11.631608
11.545623
11.460968
11.377609
11.295541
11.214722
11.135136
11.056776
10.979604
10.903617
10.828786
10.755087
10.682513
10.611032
10.540629
10.471294
10.402995
10.335714
10.269452
10.204164
10.139846
10.076483
10.014048
9.952521
9.891901
9.832148
9.773254
9.715208
9.657990
9.601579
9.545956
9.491120
9.437039
9.383698
9.331083
9.279192
9.227994
9.177475
9.127623
9.078434
9.029882
8.981949
8.934629
8.887915
8.841782
8.796220
8.751219
8.706769
8.662855
8.619461
8.576581
8.534201
8.492317
8.450912
8.409972
8.369490
8.329454
8.289863
8.250699
8.211955
8.173619
8.135685
8.098146
8.060995
8.024217
7.987806
7.951755
7.916053
7.880704
7.845692
7.811008
7.776647
7.742602
7.708865
7.675439
7.642311
7.609471
7.576914
7.544635
7.512633
7.480902
7.449435
7.418226
7.387266
7.356555
7.326084
7.295852
7.265860
7.236096
7.206556
7.177234
7.148129
7.119234
7.090548
7.062072
7.033797
7.005719
6.977832
6.950133
6.922622
6.895294
6.868149
6.841184
6.814394
6.787775
6.761323
6.735033
6.708906
6.682941
6.657137
6.631489
6.605995
6.580650
6.555450
6.530396
6.505484
6.480713
6.456084
6.431596
6.407243
6.383022
6.358932
6.334970
6.311133
6.287422
6.263837
6.240376
6.217038
6.193819
6.170718
6.147732
6.124859
6.102098
6.079448
6.056909
6.034480
6.012163
5.989951
5.967845
5.945841
5.923939
5.902138
5.880437
5.858834
5.837330
5.815926
5.794620
5.773408
5.752289
5.731263
5.710328
5.689484
5.668729
5.648063
5.627485
5.607000
5.586600
5.566288
5.546059
5.525915
5.505854
5.485875
5.465976
5.446159
5.426423
5.406767
5.387195
5.367700
5.348284
5.328945
5.309681
5.290493
5.271380
5.252341
5.233375
5.214485
5.195668
5.176927
5.158257
5.139660
5.121132
5.102675
5.084288
5.065969
5.047719
5.029537
5.011423
4.993377
4.975402
4.957493
4.939651
4.921875
4.904163
4.886517
4.868934
4.851415
4.833960
4.816568
4.799240
4.781975
4.764774
4.747635
4.730559
4.713543
4.696588
4.679694
4.662858
4.646083
4.629367
4.612710
4.596111
4.579573
4.563093
4.546674
4.530311
4.514007
4.497758
4.481567
4.465432
4.449352
4.433329
4.417361
4.401448
4.385590
4.369787
4.354041
4.338350
4.322713
4.307130
4.291601
4.276124
4.260701
4.245330
4.230011
4.214745
4.199530
4.184368
4.169257
4.154198
4.139192
4.124238
4.109335
4.094481
4.079678
4.064925
4.050222
4.035568
4.020963
4.006408
3.991901
3.977443
3.963034
3.948673
3.934362
3.920101
3.905888
3.891723
3.877604
3.863533
3.849508
3.835531
3.821599
3.807714
3.793876
3.780083
3.766336
3.752636
3.738981
3.725373
3.711812
3.698296
3.684825
3.671399
3.658016
3.644679
3.631385
3.618135
3.604929
3.591766
3.578647
3.565572
3.552539
3.539550
3.526605
3.513703
3.500846
3.488031
3.475258
3.462528
3.449840
3.437192
3.424587
3.412023
3.399500
3.387019
3.374578
3.362179
3.349820
3.337502
3.325225
3.312988
3.300794
3.288640
3.276527
3.264454
3.252420
3.240426
3.228471
3.216555
3.204678
3.192840
3.181040
3.169279
3.157557
3.145874
3.134229
3.122622
3.111053
3.099524
3.088033
3.076581
3.065167
3.053790
3.042450
3.031148
3.019883
3.008654
2.997462
2.986306
2.975187
2.964104
2.953058
2.942048
2.931074
2.920136
2.909234
2.898368
2.887539
2.876746
2.865989
2.855268
2.844582
2.833931
2.823315
2.812734
2.802187
2.791675
2.781197
2.770753
2.760344
2.749968
2.739627
2.729319
2.719045
2.708806
2.698600
2.688427
2.678289
2.668185
2.658115
2.648078
2.638074
2.628104
2.618166
2.608261
2.598388
2.588548
2.578739
2.568963
2.559219
2.549506
2.539826
2.530177
2.520560
2.510975
2.501422
2.491900
2.482409
2.472950
2.463523
2.454128
2.444765
2.435432
2.426131
2.416860
2.407620
2.398410
2.389231
2.380082
2.370962
2.361873
2.352814
2.343784
2.334785
2.325814
2.316874
2.307963
2.299082
2.290230
2.281407
2.272614
2.263850
2.255116
2.246411
2.237736
2.229090
2.220473
2.211884
2.203325
2.194793
2.186290
2.177815
2.169368
2.160949
2.152558
2.144195
2.135860
2.127552
2.119271
2.111019
2.102793
2.094595
2.086425
2.078281
2.070166
2.062077
2.054015
2.045981
2.037974
2.029995
2.022042
2.014117
2.006218
1.998346
1.990500
1.982680
1.974887
1.967120
1.959379
1.951664
1.943974
1.936311
1.928673
1.921060
1.913473
1.905912
1.898376
1.890865
1.883380
1.875920
1.868485
1.861075
1.853691
1.846331
1.838997
1.831688
1.824404
1.817145
1.809911
1.802702
1.795518
1.788358
1.781222
1.774111
1.767024
1.759961
1.752922
1.745906
1.738915
1.731948
1.725004
1.718084
1.711187
1.704314
1.697465
1.690638
1.683835
1.677055
1.670299
1.663566
1.656855
1.650168
1.643504
1.636863
1.630246
1.623651
1.617079
1.610530
1.604004
1.597501
1.591021
1.584563
1.578127
1.571714
1.565324
1.558955
1.552608
1.546284
1.539981
1.533701
1.527442
1.521205
1.514989
1.508795
1.502623
1.496472
1.490343
1.484235
1.478149
1.472083
1.466039
1.460016
1.454015
1.448034
1.442074
1.436136
1.430218
1.424321
1.418446
1.412591
1.406757
1.400944
1.395152
1.389381
1.383631
1.377901
1.372191
1.366502
1.360833
1.355184
1.349556
1.343947
1.338359
1.332790
1.327242
1.321713
1.316204
1.310715
1.305246
1.299796
1.294365
1.288955
1.283563
1.278191
1.272839
1.267506
1.262192
1.256897
1.251621
1.246365
1.241127
1.235909
1.230710
1.225529
1.220368
1.215225
1.210101
1.204996
1.199910
1.194843
1.189795
1.184765
1.179754
1.174762
1.169788
1.164833
1.159896
1.154977
1.150077
1.145194
1.140330
1.135484
1.130656
1.125846
1.121053
1.116279
1.111522
1.106784
1.102062
1.097359
1.092673
1.088005
1.083354
1.078721
1.074105
1.069506
1.064925
1.060361
1.055814
1.051285
1.046773
1.042277
1.037799
1.033338
1.028894
1.024467
1.020056
1.015663
1.011286
1.006927
1.002583
0.998257
0.993948
0.989655
0.985378
0.981119
0.976876
0.972649
0.968440
0.964246
0.960069
0.955909
0.951764
0.947636
0.943524
0.939428
0.935348
0.931284
0.927236
0.923204
0.919188
0.915187
0.911203
0.907234
0.903281
0.899343
0.895421
0.891515
0.887624
0.883748
0.879888
0.876044
0.872215
0.868401
0.864602
0.860818
0.857050
0.853297
0.849559
0.845836
0.842128
0.838435
0.834757
0.831094
0.827446
0.823812
0.820194
0.816590
0.813000
0.809426
0.805866
0.802321
0.798790
0.795273
0.791772
0.788284
0.784811
0.781353
0.777909
0.774479
0.771063
0.767662
0.764275
0.760902
0.757544
0.754199
0.750869
0.747553
0.744250
0.740962
0.737687
0.734426
0.731179
0.727946
0.724726
0.721520
0.718327
0.715148
0.711983
0.708831
0.705693
0.702568
0.699456
0.696358
0.693273
0.690201
0.687142
0.684097
0.681064
0.678045
0.675039
0.672045
0.669065
0.666098
0.663143
0.660202
0.657273
0.654357
0.651454
0.648563
0.645685
0.642820
0.639967
0.637127
0.634300
0.631484
0.628682
0.625891
0.623113
0.620348
0.617594
0.614853
0.612124
0.609407
0.606703
0.604010
0.601329
0.598661
0.596004
0.593360
0.590727
0.588106
0.585497
0.582900
0.580314
0.577740
0.575178
0.572628
0.570089
0.567562
0.565046
0.562542
0.560049
0.557567
0.555098
0.552639
0.550192
0.547756
0.545332
0.542918
0.540516
0.538125
0.535745
0.533376
0.531018
0.528671
0.526335
0.524010
0.521695
0.519392
0.517099
0.514817
0.512545
0.510284
0.508034
0.505794
0.503565
0.501347
0.499138
0.496940
0.494753
0.492576
0.490409
0.488252
0.486106
0.483970
0.481844
0.479728
0.477622
0.475526
0.473440
0.471364
0.469298
0.467242
0.465196
0.463159
0.461132
0.459115
0.457108
0.455110
0.453122
0.451144
0.449175
0.447215
0.445265
0.443324
0.441393
0.439471
0.437558
0.435655
0.433761
0.431876
0.430000
0.428134
0.426276
0.424427
0.422588
0.420757
0.418936
0.417123
0.415319
0.413524
0.411738
0.409960
0.408191
0.406431
0.404679
0.402936
0.401202
0.399476
0.397759
0.396050
0.394349
0.392657
0.390973
0.389297
0.387630
0.385971
0.384320
0.382677
0.381043
0.379416
0.377797
0.376187
0.374584
0.372990
0.371403
0.369824
0.368253
0.366689
0.365134
0.363586
0.362046
0.360513
0.358988
0.357471
0.355961
0.354459
0.352964
0.351476
0.349996
0.348524
0.347058
0.345600
0.344149
0.342706
0.341269
0.339840
0.338418
0.337003
0.335595
0.334194
0.332800
0.331413
0.330032
0.328659
0.327293
0.325933
0.324580
0.323234
0.321894
0.320561
0.319235
0.317915
0.316602
0.315295
0.313995
0.312701
0.311414
0.310133
0.308858
0.307590
0.306327
0.305071
0.303822
0.302578
0.301341
0.300110
0.298884
0.297665
0.296452
0.295245
0.294043
0.292848
0.291659
0.290475
0.289297
0.288125
0.286959
0.285798
0.284643
0.283494
0.282350
0.281212
0.280079
0.278952
0.277831
0.276715
0.275604
0.274499
0.273399
0.272304
0.271215
0.270131
0.269052
0.267978
0.266910
0.265847
0.264789
0.263736
0.262688
0.261645
0.260607
0.259574
0.258546
0.257523
0.256504
0.255491
0.254482
0.253479
0.252480
0.251485
0.250496
0.249511
0.248531
0.247555
0.246584
0.245618
0.244656
0.243699
0.242746
0.241797
0.240853
0.239914
0.238979
0.238048
0.237121
0.236199
0.235281
0.234367
0.233458
0.232553
0.231651
0.230754
0.229862
0.228973
0.228088
0.227207
0.226331
0.225458
0.224589
0.223725
0.222864
0.222007
0.221154
0.220304
0.219459
0.218617
0.217779
0.216945
0.216115
0.215288
0.214465
0.213646
0.212830
0.212018
0.211209
0.210404
0.209603
0.208805
0.208010
0.207219
0.206431
0.205647
0.204867
0.204089
0.203315
0.202544
0.201777
0.201013
0.200252
0.199495
0.198740
0.197989
0.197241
0.196497
0.195755
0.195017
0.194281
0.193549
0.192820
0.192094
0.191370
0.190650
0.189933
0.189219
0.188508
0.187800
0.187094
0.186392
0.185692
0.184996
0.184302
0.183611
0.182922
0.182237
0.181554
0.180874
0.180197
0.179523
0.178851
0.178182
0.177515
0.176851
0.176190
0.175532
0.174876
0.174222
0.173572
0.172923
0.172278
0.171634
0.170994
0.170355
0.169720
0.169086
0.168455
0.167827
0.167201
0.166577
0.165956
0.165337
0.164720
0.164106
0.163494
0.162885
0.162277
0.161672
0.161069
0.160469
0.159870
0.159274
0.158680
0.158089
0.157499
0.156912
0.156326
0.155743
0.155162
0.154583
0.154007
0.153432
0.152859
0.152289
0.151720
0.151154
0.150589
0.150027
0.149466
0.148908
0.148351
0.147797
0.147244
0.146694
0.146145
0.145598
0.145053
0.144510
0.143969
0.143430
0.142892
0.142357
0.141823
0.141291
0.140761
0.140233
0.139707
0.139182
0.138659
0.138138
0.137619
0.137101
0.136585
0.136071
0.135558
0.135048
0.134539
0.134031
0.133526
0.133022
0.132519
0.132019
0.131520
0.131022
0.130526
0.130032
0.129540
0.129049
0.128559
0.128072
0.127585
0.127101
0.126618
0.126136
0.125656
0.125178
0.124701
0.124225
0.123751
0.123279
0.122808
0.122338
0.121870
0.121404
0.120939
0.120475
0.120013
0.119552
0.119093
0.118635
0.118179
0.117723
0.117270
0.116817
0.116367
0.115917
0.115469
0.115022
0.114577
0.114133
0.113690
0.113249
0.112809
0.112370
0.111933
0.111496
0.111062
0.110628
0.110196
0.109765
0.109336
0.108907
0.108480
0.108054
0.107630
0.107207
0.106785
0.106364
0.105944
0.105526
0.105109
0.104693
0.104278
0.103865
0.103453
0.103042
0.102632
0.102223
0.101816
0.101410
0.101005
0.100601
0.100198
0.099796
0.099396
0.098996
0.098598
0.098201
0.097805
0.097411
0.097017
0.096624
0.096233
0.095843
0.095454
0.095065
0.094679
0.094293
0.093908
0.093524
0.093142
0.092760
0.092379
0.092000
0.091622
0.091244
0.090868
0.090493
0.090119
0.089746
0.089374
0.089003
0.088633
0.088264
0.087896
0.087529
0.087163
0.086798
0.086434
0.086072
0.085710
0.085349
0.084989
0.084630
0.084272
0.083915
0.083559
0.083205
0.082851
0.082498
0.082146
0.081795
0.081444
0.081095
0.080747
0.080400
0.080054
0.079708
0.079364
0.079020
0.078678
0.078336
0.077996
0.077656
0.077317
0.076979
0.076642
0.076306
0.075971
0.075637
0.075303
0.074971
0.074639
0.074309
0.073979
0.073650
0.073322
0.072995
0.072669
0.072343
0.072019
0.071695
0.071373
0.071051
0.070730
0.070410
0.070091
0.069772
0.069455
0.069138
0.068822
0.068507
0.068193
0.067880
0.067567
0.067256
0.066945
0.066635
0.066326
0.066017
0.065710
0.065403
0.065097
0.064792
0.064488
0.064185
0.063882
0.063581
0.063280
0.062979
0.062680
0.062382
0.062084
0.061787
0.061491
0.061195
0.060901
0.060607
0.060314
0.060022
0.059730
0.059439
0.059150
0.058860
0.058572
0.058285
0.057998
0.057712
0.057426
0.057142
0.056858
0.056575
0.056293
0.056011
0.055730
0.055450
0.055171
0.054893
0.054615
0.054338
0.054062
0.053786
0.053511
0.053237
0.052964
0.052691
0.052419
0.052148
0.051878
0.051608
0.051339
0.051070
0.050803
0.050536
0.050270
0.050004
0.049740
0.049476
0.049212
0.048950
0.048688
0.048427
0.048166
0.047906
0.047647
0.047389
0.047131
0.046874
0.046617
0.046362
0.046107
0.045852
0.045599
0.045346
0.045093
0.044842
0.044591
0.044341
0.044091
0.043842
0.043594
0.043346
0.043099
0.042853
0.042607
0.042362
0.042118
0.041874
0.041631
0.041389
0.041147
0.040906
0.040666
0.040426
0.040187
0.039948
0.039711
0.039473
0.039237
0.039001
0.038766
0.038531
0.038297
0.038063
0.037831
0.037599
0.037367
0.037136
0.036906
0.036676
0.036447
0.036219
0.035991
0.035764
0.035537
0.035311
0.035086
0.034861
0.034637
0.034413
0.034190
0.033968
0.033746
0.033525
0.033305
0.033085
0.032865
0.032647
0.032428
0.032211
0.031994
0.031777
0.031562
0.031346
0.031132
0.030918
0.030704
0.030491
0.030279
0.030067
0.029856
0.029645
0.029435
0.029226
0.029017
0.028809
0.028601
0.028394
0.028187
0.027981
0.027775
0.027571
0.027366
0.027162
0.026959
0.026756
0.026554
0.026352
0.026151
0.025951
0.025751
0.025551
0.025353
0.025154
0.024956
0.024759
0.024562
0.024366
0.024170
0.023975
0.023781
0.023587
0.023393
0.023200
0.023008
0.022816
0.022624
0.022433
0.022243
0.022053
0.021864
0.021675
0.021487
0.021299
0.021112
0.020925
0.020739
0.020553
0.020368
0.020183
0.019999
0.019815
0.019632
0.019449
0.019267
0.019086
0.018904
0.018724
0.018544
0.018364
0.018185
0.018006
0.017828
0.017650
0.017473
0.017296
0.017120
0.016944
0.016769
0.016594
0.016420
0.016246
0.016073
0.015900
0.015727
0.015556
0.015384
0.015213
0.015043
0.014873
0.014703
0.014534
0.014365
0.014197
0.014030
0.013862
0.013696
0.013529
0.013364
0.013198
0.013033
0.012869
0.012705
0.012541
0.012378
0.012216
0.012054
0.011892
0.011731
0.011570
0.011409
0.011250
0.011090
0.010931
0.010772
0.010614
0.010457
0.010299
0.010143
0.009986
0.009830
0.009675
0.009520
0.009365
0.009211
0.009057
0.008904
0.008751
0.008598
0.008446
0.008294
0.008143
0.007992
0.007842
0.007692
0.007543
0.007393
0.007245
0.007096
0.006949
0.006801
0.006654
0.006507
0.006361
0.006215
0.006070
0.005925
0.005780
0.005636
0.005492
0.005349
0.005206
0.005064
0.004921
0.004780
0.004638
0.004497
0.004357
0.004217
0.004077
0.003937
0.003798
0.003660
0.003522
0.003384
0.003246
0.003109
0.002973
0.002836
0.002700
0.002565
0.002430
0.002295
0.002161
0.002027
0.001893
0.001760
0.001627
0.001494
0.001362
0.001231
0.001099
0.000968
0.000838
0.000707
0.000577
0.000448
0.000319
0.000190
0.000062
-0.000067
-0.000194
-0.000322
-0.000449
-0.000575
-0.000701
-0.000827
-0.000953
-0.001078
-0.001203
-0.001327
-0.001452
-0.001575
-0.001699
-0.001822
-0.001945
-0.002067
-0.002189
-0.002311
-0.002432
-0.002553
-0.002674
-0.002794
-0.002914
-0.003034
-0.003153
-0.003272
-0.003390
-0.003509
-0.003627
-0.003744
-0.003861
-0.003978
-0.004095
-0.004211
-0.004327
-0.004443
-0.004558
-0.004673
-0.004788
-0.004902
-0.005016
-0.005130
-0.005243
-0.005356
-0.005469
-0.005581
-0.005693
-0.005805
-0.005916
-0.006027
-0.006138
-0.006248
-0.006359
-0.006468
-0.006578
-0.006687
-0.006796
-0.006905
-0.007013
-0.007121
-0.007229
-0.007336
-0.007443
-0.007550
-0.007656
-0.007762
-0.007868
-0.007974
-0.008079
-0.008184
-0.008288
-0.008393
-0.008497
-0.008600
-0.008704
-0.008807
-0.008910
-0.009012
-0.009115
-0.009217
-0.009318
-0.009420
-0.009521
-0.009621
-0.009722
-0.009822
-0.009922
-0.010022
-0.010121
-0.010220
-0.010319
-0.010418
-0.010516
-0.010614
-0.010711
-0.010809
-0.010906
-0.011003
-0.011099
-0.011196
-0.011292
-0.011387
-0.011483
-0.011578
-0.011673
-0.011768
-0.011862
-0.011956
-0.012050
-0.012144
-0.012237
-0.012330
-0.012423
-0.012515
-0.012607
-0.012699
-0.012791
-0.012882
-0.012974
-0.013065
-0.013155
-0.013246
-0.013336
-0.013426
-0.013515
-0.013605
-0.013694
-0.013783
-0.013871
-0.013960
-0.014048
-0.014135
-0.014223
-0.014310
-0.014397
-0.014484
-0.014571
-0.014657
-0.014743
-0.014829
-0.014915
-0.015000
-0.015085
-0.015170
-0.015255
-0.015339
-0.015423
-0.015507
-0.015591
-0.015674
-0.015757
-0.015840
-0.015923
-0.016006
-0.016088
-0.016170
-0.016252
-0.016333
-0.016414
-0.016495
-0.016576
-0.016657
-0.016737
-0.016817
-0.016897
-0.016977
-0.017056
-0.017136
-0.017215
-0.017293
-0.017372
-0.017450
-0.017528
-0.017606
-0.017684
-0.017761
-0.017838
-0.017915
-0.017992
-0.018069
-0.018145
-0.018221
-0.018297
-0.018373
-0.018448
-0.018523
-0.018598
-0.018673
-0.018748
-0.018822
-0.018896
-0.018970
-0.019044
-0.019117
-0.019191
-0.019264
-0.019337
-0.019409
-0.019482
-0.019554
-0.019626
-0.019698
-0.019770
-0.019841
-0.019912
-0.019983
-0.020054
-0.020125
-0.020195
-0.020265
-0.020335
-0.020405
-0.020475
-0.020544
-0.020613
-0.020682
-0.020751
-0.020820
-0.020888
-0.020957
-0.021025
-0.021092
-0.021160
-0.021228
-0.021295
-0.021362
-0.021429
-0.021495
-0.021562
-0.021628
-0.021694
-0.021760
-0.021826
-0.021892
-0.021957
-0.022022
-0.022087
-0.022152
-0.022216
-0.022281
-0.022345
-0.022409
-0.022473
-0.022537
-0.022600
-0.022664
-0.022727
-0.022790
-0.022853
-0.022915
-0.022978
-0.023040
-0.023102
-0.023164
-0.023226
-0.023287
-0.023349
-0.023410
-0.023471
-0.023532
-0.023592
-0.023653
-0.023713
-0.023773
-0.023833
-0.023893
-0.023953
-0.024012
-0.024071
-0.024131
-0.024190
-0.024248
-0.024307
-0.024365
-0.024424
-0.024482
-0.024540
-0.024598
-0.024655
-0.024713
-0.024770
-0.024827
-0.024884
-0.024941
-0.024998
-0.025054
-0.025111
-0.025167
-0.025223
-0.025279
-0.025334
-0.025390
-0.025445
-0.025500
-0.025555
-0.025610
-0.025665
-0.025720
-0.025774
-0.025828
-0.025883
-0.025937
-0.025990
-0.026044
-0.026098
-0.026151
-0.026204
-0.026257
-0.026310
-0.026363
-0.026416
-0.026468
-0.026520
-0.026572
-0.026625
-0.026676
-0.026728
-0.026780
-0.026831
-0.026882
-0.026934
-0.026985
-0.027035
-0.027086
-0.027137
-0.027187
-0.027237
-0.027288
-0.027338
-0.027387
-0.027437
-0.027487
-0.027536
-0.027585
-0.027635
-0.027684
-0.027732
-0.027781
-0.027830
-0.027878
-0.027927
-0.027975
-0.028023
-0.028071
-0.028119
-0.028166
-0.028214
-0.028261
-0.028308
-0.028355
-0.028402
-0.028449
-0.028496
-0.028543
-0.028589
-0.028635
-0.028682
-0.028728
-0.028773
-0.028819
-0.028865
-0.028911
-0.028956
-0.029001
-0.029046
-0.029091
-0.029136
-0.029181
-0.029226
-0.029270
-0.029315
-0.029359
-0.029403
-0.029447
-0.029491
-0.029535
-0.029579
-0.029622
-0.029666
-0.029709
-0.029752
-0.029795
-0.029838
-0.029881
-0.029923
-0.029966
-0.030009
-0.030051
-0.030093
-0.030135
-0.030177
-0.030219
-0.030261
-0.030302
-0.030344
-0.030385
-0.030427
-0.030468
-0.030509
-0.030550
-0.030591
-0.030631
-0.030672
-0.030712
-0.030753
-0.030793
-0.030833
-0.030873
-0.030913
-0.030953
-0.030993
-0.031032
-0.031072
-0.031111
-0.031150
-0.031190
-0.031229
-0.031268
-0.031306
-0.031345
-0.031384
-0.031422
-0.031461
-0.031499
-0.031537
-0.031575
-0.031613
-0.031651
-0.031689
-0.031726
-0.031764
-0.031801
-0.031839
-0.031876
-0.031913
-0.031950
-0.031987
-0.032024
-0.032061
-0.032097
-0.032134
-0.032170
-0.032207
-0.032243
-0.032279
-0.032315
-0.032351
-0.032387
-0.032423
-0.032458
-0.032494
-0.032529
-0.032564
-0.032600
-0.032635
-0.032670
-0.032705
-0.032740
-0.032774
-0.032809
-0.032844
-0.032878
-0.032913
-0.032947
-0.032981
-0.033015
-0.033049
-0.033083
-0.033117
-0.033151
-0.033184
-0.033218
-0.033251
-0.033285
-0.033318
-0.033351
-0.033384
-0.033417
-0.033450
-0.033483
-0.033516
-0.033548
-0.033581
-0.033613
-0.033646
-0.033678
-0.033710
-0.033742
-0.033774
-0.033806
-0.033838
-0.033870
-0.033902
-0.033933
-0.033965
-0.033996
-0.034027
-0.034059
-0.034090
-0.034121
-0.034152
-0.034183
-0.034214
-0.034244
-0.034275
-0.034306
-0.034336
-0.034366
-0.034397
-0.034427
-0.034457
-0.034487
-0.034517
-0.034547
-0.034577
-0.034607
-0.034637
-0.034666
-0.034696
-0.034725
-0.034754
-0.034784
-0.034813
-0.034842
-0.034871
-0.034900
-0.034929
-0.034958
-0.034987
-0.035015
-0.035044
-0.035072
-0.035101
-0.035129
-0.035157
-0.035186
-0.035214
-0.035242
-0.035270
-0.035298
-0.035326
-0.035353
-0.035381
-0.035409
-0.035436
-0.035464
-0.035491
-0.035518
-0.035546
-0.035573
-0.035600
-0.035627
-0.035654
-0.035681
-0.035707
-0.035734
-0.035761
-0.035787
-0.035814
-0.035840
-0.035867
-0.035893
-0.035919
-0.035946
-0.035972
-0.035998
-0.036024
-0.036050
-0.036075
-0.036101
-0.036127
-0.036153
-0.036178
-0.036204
-0.036229
-0.036254
-0.036280
-0.036305
-0.036330
-0.036355
-0.036380
-0.036405
-0.036430
-0.036455
-0.036480
-0.036504
-0.036529
-0.036554
-0.036578
-0.036603
-0.036627
-0.036651
-0.036676
-0.036700
-0.036724
-0.036748
-0.036772
-0.036796
-0.036820
-0.036844
-0.036867
-0.036891
-0.036915
-0.036938
-0.036962
-0.036985
-0.037009
-0.037032
-0.037055
-0.037078
-0.037102
-0.037125
-0.037148
-0.037171
-0.037194
-0.037216
-0.037239
-0.037262
-0.037285
-0.037307
-0.037330
-0.037352
-0.037375
-0.037397
-0.037419
-0.037442
-0.037464
-0.037486
-0.037508
-0.037530
-0.037552
-0.037574
-0.037596
-0.037618
-0.037640
-0.037661
-0.037683
-0.037704
-0.037726
-0.037747
-0.037769
-0.037790
-0.037812
-0.037833
-0.037854
-0.037875
-0.037896
-0.037917
-0.037938
-0.037959
-0.037980
-0.038001
-0.038022
-0.038043
-0.038063
-0.038084
-0.038104
-0.038125
-0.038145
-0.038166
-0.038186
-0.038207
-0.038227
-0.038247
-0.038267
-0.038287
-0.038307
-0.038327
-0.038347
-0.038367
-0.038387
-0.038407
-0.038427
-0.038446
-0.038466
-0.038486
-0.038505
-0.038525
-0.038544
-0.038564
-0.038583
-0.038602
-0.038622
-0.038641
-0.038660
-0.038679
-0.038698
-0.038717
-0.038736
-0.038755
-0.038774
-0.038793
-0.038812
-0.038830
-0.038849
-0.038868
-0.038886
-0.038905
-0.038923
-0.038942
-0.038960
-0.038979
-0.038997
-0.039015
-0.039034
-0.039052
-0.039070
-0.039088
-0.039106
-0.039124
-0.039142
-0.039160
-0.039178
-0.039196
-0.039214
-0.039231
-0.039249
-0.039267
-0.039284
-0.039302
-0.039320
-0.039337
-0.039355
-0.039372
-0.039389
-0.039407
-0.039424
-0.039441
-0.039458
-0.039476
-0.039493
-0.039510
-0.039527
-0.039544
-0.039561
-0.039578
-0.039595
-0.039611
-0.039628
-0.039645
-0.039662
-0.039678
-0.039695
-0.039712
-0.039728
-0.039745
-0.039761
-0.039778
-0.039794
-0.039810
-0.039827
-0.039843
-0.039859
-0.039875
-0.039892
-0.039908
-0.039924
-0.039940
-0.039956
-0.039972
-0.039988
-0.040004
-0.040020
-0.040035
-0.040051
-0.040067
-0.040083
-0.040098
-0.040114
-0.040130
-0.040145
-0.040161
-0.040176
-0.040192
-0.040207
-0.040222
-0.040238
-0.040253
-0.040268
-0.040283
-0.040299
-0.040314
-0.040329
-0.040344
-0.040359
-0.040374
-0.040389
-0.040404
-0.040419
-0.040434
-0.040449
-0.040464
-0.040478
-0.040493
-0.040508
-0.040522
-0.040537
-0.040552
-0.040566
-0.040581
-0.040595
-0.040610
-0.040624
-0.040639
-0.040653
-0.040667
-0.040682
-0.040696
-0.040710
-0.040724
-0.040739
-0.040753
-0.040767
-0.040781
-0.040795
-0.040809
-0.040823
-0.040837
-0.040851
-0.040865
-0.040879
-0.040892
-0.040906
-0.040920
-0.040934
-0.040947
-0.040961
-0.040975
-0.040988
-0.041002
-0.041015
-0.041029
-0.041042
-0.041056
-0.041069
-0.041083
-0.041096
-0.041109
-0.041123
-0.041136
-0.041149
-0.041162
-0.041176
-0.041189
-0.041202
-0.041215
-0.041228
-0.041241
-0.041254
-0.041267
-0.041280
-0.041293
-0.041306
-0.041319
-0.041332
-0.041344
-0.041357
-0.041370
-0.041383
-0.041395
-0.041408
-0.041421
-0.041433
-0.041446
-0.041458
-0.041471
-0.041483
-0.041496
-0.041508
-0.041521
-0.041533
-0.041545
-0.041558
-0.041570
-0.041582
-0.041595
-0.041607
-0.041619
-0.041631
-0.041643
-0.041656
-0.041668
-0.041680
-0.041692
-0.041704
-0.041716
-0.041728
-0.041740
-0.041752
-0.041763
-0.041775
-0.041787
-0.041799
-0.041811
-0.041823
-0.041834
-0.041846
-0.041858
-0.041869
-0.041881
-0.041893
-0.041904
-0.041916
-0.041927
-0.041939
-0.041950
-0.041962
-0.041973
-0.041985
-0.041996
-0.042007
-0.042019
-0.042030
-0.042041
-0.042053
-0.042064
-0.042075
-0.042086
-0.042097
-0.042109
-0.042120
-0.042131
-0.042142
-0.042153
-0.042164
-0.042175
-0.042186
-0.042197
-0.042208
-0.042219
-0.042230
-0.042241
-0.042251
-0.042262
-0.042273
-0.042284
-0.042295
-0.042305
-0.042316
-0.042327
-0.042337
-0.042348
-0.042359
-0.042369
-0.042380
-0.042390
-0.042401
-0.042412
-0.042422
-0.042433
-0.042443
-0.042453
-0.042464
-0.042474
-0.042485
-0.042495
-0.042505
-0.042516
-0.042526
-0.042536
-0.042546
-0.042557
-0.042567
-0.042577
-0.042587
-0.042597
-0.042607
-0.042618
-0.042628
-0.042638
-0.042648
-0.042658
-0.042668
-0.042678
-0.042688
-0.042698
-0.042708
-0.042717
-0.042727
-0.042737
-0.042747
-0.042757
-0.042767
-0.042776
-0.042786
-0.042796
-0.042806
-0.042815
-0.042825
-0.042835
-0.042844
-0.042854
-0.042864
-0.042873
-0.042883
-0.042892
-0.042902
-0.042911
-0.042921
-0.042930
-0.042940
-0.042949
-0.042959
-0.042968
-0.042977
-0.042987
-0.042996
-0.043006
-0.043015
-0.043024
-0.043033
-0.043043
-0.043052
-0.043061
-0.043070
-0.043080
-0.043089
-0.043098
-0.043107
-0.043116
-0.043125
-0.043134
-0.043143
-0.043152
-0.043161
-0.043170
-0.043179
-0.043188
-0.043197
-0.043206
-0.043215
-0.043224
-0.043233
-0.043242
-0.043251
-0.043260
-0.043269
-0.043277
-0.043286
-0.043295
-0.043304
-0.043312
-0.043321
-0.043330
-0.043339
-0.043347
-0.043356
-0.043365
-0.043373
-0.043382
-0.043390
-0.043399
-0.043408
-0.043416
-0.043425
-0.043433
-0.043442
-0.043450
-0.043459
-0.043467
-0.043476
-0.043484
-0.043492
-0.043501
-0.043509
-0.043517
-0.043526
-0.043534
-0.043542
-0.043551
-0.043559
-0.043567
-0.043576
-0.043584
-0.043592
-0.043600
-0.043608
-0.043617
-0.043625
-0.043633
-0.043641
-0.043649
-0.043657
-0.043665
-0.043674
-0.043682
-0.043690
-0.043698
-0.043706
-0.043714
-0.043722
-0.043730
-0.043738
-0.043746
-0.043754
-0.043761
-0.043769
-0.043777
-0.043785
-0.043793
-0.043801
-0.043809
-0.043817
-0.043824
-0.043832
-0.043840
-0.043848
-0.043855
-0.043863
-0.043871
-0.043879
-0.043886
-0.043894
-0.043902
-0.043909
-0.043917
-0.043925
-0.043932
-0.043940
-0.043947
-0.043955
-0.043963
-0.043970
-0.043978
-0.043985
-0.043993
-0.044000
-0.044008
-0.044015
-0.044023
-0.044030
-0.044038
-0.044045
-0.044052
-0.044060
-0.044067
-0.044075
-0.044082
-0.044089
-0.044097
-0.044104
-0.044111
-0.044119
-0.044126
-0.044133
-0.044140
-0.044148

