0.000000
0.000000
-0.000026
-0.000052
-0.000077
-0.000103
-0.000128
-0.000153
-0.000177
-0.000201
-0.000224
-0.000247
-0.000270
-0.000293
-0.000315
-0.000337
-0.000359
-0.000380
-0.000402
-0.000423
-0.000444
-0.000465
-0.000485
-0.000506
-0.000526
-0.000547
-0.000567
-0.000587
-0.000607
-0.000627
-0.000647
-0.000667
-0.000687
-0.000707
-0.000726
-0.000746
-0.000766
-0.000785
-0.000805
-0.000824
-0.000844
-0.000863
-0.000883
-0.000902
-0.000922
-0.000941
-0.000961
-0.000980
-0.001000
-0.001019
-0.001038
-0.001058
-0.001077
-0.001097
-0.001116
-0.001135
-0.001155
-0.001174
-0.001194
-0.001213
-0.001233
-0.001252
-0.001271
-0.001291
-0.001310
-0.001330
-0.001349
-0.001369
-0.001388
-0.001408
-0.001428
-0.001447
-0.001467
-0.001486
-0.001506
-0.001525
-0.001545
-0.001565
-0.001584
-0.001604
-0.001624
-0.001644
-0.001663
-0.001683
-0.001703
-0.001723
-0.001743
-0.001762
-0.001782
-0.001802
-0.001822
-0.001842
-0.001862
-0.001882
-0.001902
-0.001922
-0.001942
-0.001962
-0.001982
-0.002002
-0.002022
-0.002042
-0.002063
-0.002083
-0.002103
-0.002123
-0.002143
-0.002164
-0.002184
-0.002204
-0.002225
-0.002245
-0.002265
-0.002286
-0.002306
-0.002326
-0.002347
-0.002367
-0.002388
-0.002408
-0.002429
-0.002449
-0.002470
-0.002491
-0.002511
-0.002532
-0.002553
-0.002573
-0.002594
-0.002615
-0.002635
-0.002656
-0.002677
-0.002698
-0.002719
-0.002739
-0.002760
-0.002781
-0.002802
-0.002823
-0.002844
-0.002865
-0.002886
-0.002907
-0.002928
-0.002949
-0.002970
-0.002991
-0.003012
-0.003033
-0.003054
-0.003075
-0.003097
-0.003118
-0.003139
-0.003160
-0.003181
-0.003203
-0.003224
-0.003245
-0.003266
-0.003288
-0.003309
-0.003330
-0.003352
-0.003373
-0.003395
-0.003416
-0.003437
-0.003459
-0.003480
-0.003502
-0.003523
-0.003545
-0.003566
-0.003588
-0.003610
-0.003631
-0.003653
-0.003674
-0.003696
-0.003718
-0.003739
-0.003761
-0.003783
-0.003804
-0.003826
-0.003848
-0.003869
-0.003891
-0.003913
-0.003935
-0.003956
-0.003978
-0.004000
-0.004022
-0.004044
-0.004066
-0.004088
-0.004109
-0.004131
-0.004153
-0.004175
-0.004197
-0.004219
-0.004241
-0.004263
-0.004285
-0.004307
-0.004329
-0.004351
-0.004373
-0.004395
-0.004417
-0.004439
-0.004461
-0.004483
-0.004505
-0.004527
-0.004550
-0.004572
-0.004594
-0.004616
-0.004638
-0.004660
-0.004683
-0.004705
-0.004727
-0.004749
-0.004771
-0.004794
-0.004816
-0.004838
-0.004860
-0.004883
-0.004905
-0.004927
-0.004949
-0.004972
-0.004994
-0.005016
-0.005039
-0.005061
-0.005083
-0.005106
-0.005128
-0.005150
-0.005173
-0.005195
-0.005218
-0.005240
-0.005262
-0.005285
-0.005307
-0.005330
-0.005352
-0.005375
-0.005397
-0.005419
-0.005442
-0.005464
-0.005487
-0.005509
-0.005532
-0.005554
-0.005577
-0.005599
-0.005622
-0.005644
-0.005667
-0.005690
-0.005712
-0.005735
-0.005757
-0.005780
-0.005802
-0.005825
-0.005847
-0.005870
-0.005893
-0.005915
-0.005938
-0.005960
-0.005983
-0.006006
-0.006028
-0.006051
-0.006073
-0.006096
-0.006119
-0.006141
-0.006164
-0.006187
-0.006209
-0.006232
-0.006255
-0.006277
-0.006300
-0.006323
-0.006345
-0.006368
-0.006391
-0.006413
-0.006436
-0.006459
-0.006482
-0.006504
-0.006527
-0.006550
-0.006572
-0.006595
-0.006618
-0.006641
-0.006663
-0.006686
-0.006709
-0.006731
-0.006754
-0.006777
-0.006800
-0.006822
-0.006845
-0.006868
-0.006891
-0.006913
-0.006936
-0.006959
-0.006982
-0.007004
-0.007027
-0.007050
-0.007073
-0.007095
-0.007118
-0.007141
-0.007164
-0.007187
-0.007209
-0.007232
-0.007255
-0.007278
-0.007300
-0.007323
-0.007346
-0.007369
-0.007392
-0.007414
-0.007437
-0.007460
-0.007483
-0.007505
-0.007528
-0.007551
-0.007574
-0.007597
-0.007619
-0.007642
-0.007665
-0.007688
-0.007711
-0.007733
-0.007756
-0.007779
-0.007802
-0.007825
-0.007847
-0.007870
-0.007893
-0.007916
-0.007939
-0.007961
-0.007984
-0.008007
-0.008030
-0.008052
-0.008075
-0.008098
-0.008121
-0.008144
-0.008166
-0.008189
-0.008212
-0.008235
-0.008258
-0.008280
-0.008303
-0.008326
-0.008349
-0.008371
-0.008394
-0.008417
-0.008440
-0.008462
-0.008485
-0.008508
-0.008531
-0.008554
-0.008576
-0.008599
-0.008622
-0.008645
-0.008667
-0.008690
-0.008713
-0.008736
-0.008758
-0.008781
-0.008804
-0.008827
-0.008849
-0.008872
-0.008895
-0.008917
-0.008940
-0.008963
-0.008986
-0.009008
-0.009031
-0.009054
-0.009077
-0.009099
-0.009122
-0.009145
-0.009167
-0.009190
-0.009213
-0.009235
-0.009258
-0.009281
-0.009304
-0.009326
-0.009349
-0.009372
-0.009394
-0.009417
-0.009440
-0.009462
-0.009485
-0.009508
-0.009530
-0.009553
-0.009576
-0.009598
-0.009621
-0.009643
-0.009666
-0.009689
-0.009711
-0.009734
-0.009757
-0.009779
-0.009802
-0.009824
-0.009847
-0.009870
-0.009892
-0.009915
-0.009937
-0.009960
-0.009983
-0.010005
-0.010028
-0.010050
-0.010073
-0.010095
-0.010118
-0.010141
-0.010163
-0.010186
-0.010208
-0.010231
-0.010253
-0.010276
-0.010298
-0.010321
-0.010343
-0.010366
-0.010388
-0.010411
-0.010433
-0.010456
-0.010478
-0.010501
-0.010523
-0.010546
-0.010568
-0.010591
-0.010613
-0.010636
-0.010658
-0.010680
-0.010703
-0.010725
-0.010748
-0.010770
-0.010793
-0.010815
-0.010837
-0.010860
-0.010882
-0.010905
-0.010927
0.639416
1.559440
2.605614
3.249057
3.703518
4.034743
4.279894
4.462120
4.596570
4.693625
4.755736
4.791540
4.806449
4.804495
4.788815
4.761910
4.725808
4.682190
4.632437
4.577713
5.115081
5.905659
6.814217
7.358112
7.723475
7.972693
8.141028
8.250404
8.315138
8.345075
8.341639
8.313525
8.266135
8.203463
8.128573
8.043911
7.951432
7.852753
7.749190
7.641889
8.091890
8.790615
9.606677
10.087564
10.397900
10.597518
10.720273
10.787126
10.811766
10.803571
10.763174
10.699198
10.617014
10.520535
10.412767
10.296094
10.172396
10.043256
9.909956
9.773573
10.169325
10.812777
11.574837
12.024584
12.309116
12.486168
12.588462
12.636294
12.642873
12.617260
12.559527
12.478228
12.378776
12.265115
12.140262
12.006596
11.866059
11.720225
11.570380
11.417641
11.776949
12.384620
13.113422
13.549650
13.824983
13.995094
14.091577
14.134017
14.135176
14.103858
14.039694
13.951172
13.843785
13.721570
13.587648
13.444489
13.294123
13.138194
12.978070
12.814916
13.146518
13.728302
14.434965
14.868320
15.145740
15.320214
15.421748
15.468935
15.473947
15.445248
15.382040
15.292715
15.182930
15.056909
14.918019
14.768907
14.611788
14.448532
14.280613
14.109313
14.416904
14.977612
15.669114
16.108623
16.399294
16.590080
16.708578
16.771676
16.790483
16.772860
16.717452
16.632431
16.523698
16.395836
16.252681
16.097355
15.932540
15.760488
15.583062
15.401790
15.217987
15.032629
14.846607
14.660584
14.475047
14.290527
14.107352
13.925846
13.746211
13.568707
13.393479
13.220657
13.050374
12.882768
12.717873
12.555779
12.396491
12.240089
12.086565
11.935945
11.788180
11.643295
11.501243
11.362007
11.225521
11.091804
10.960783
10.832392
10.706623
10.583405
10.462703
10.344476
10.228653
10.115205
10.004070
9.895221
9.788594
9.684172
9.581880
9.481681
9.383531
9.287392
9.193224
9.100981
9.010617
8.922097
8.835378
8.750420
8.667184
8.585632
8.505735
8.427441
8.350724
8.275553
8.201877
8.129683
8.058916
7.989546
7.921560
7.854905
7.789548
7.725481
7.662656
7.601045
7.540625
7.481370
7.423241
7.366210
7.310272
7.255383
7.201517
7.148652
7.096774
7.045848
6.995849
6.946758
6.898560
6.851225
6.804731
6.759056
6.714186
6.670103
6.626782
6.584203
6.542347
6.501203
6.460754
6.420977
6.381855
6.343371
6.305512
6.268267
6.231616
6.195543
6.160034
6.125074
6.090655
6.056762
6.023380
5.990495
5.958095
5.926168
5.894703
5.863695
5.833124
5.802982
5.773258
5.743942
5.715023
5.686492
5.658346
5.630568
5.603150
5.576082
5.549357
5.522967
5.496904
5.471163
5.445735
5.420610
5.395781
5.371241
5.346983
5.323001
5.299286
5.275837
5.252649
5.229711
5.207017
5.184561
5.162340
5.140346
5.118573
5.097020
5.075679
5.054548
5.033624
5.012898
4.992366
4.972023
4.951866
4.931889
4.912090
4.892465
4.873010
4.853722
4.834600
4.815637
4.796831
4.778176
4.759669
4.741308
4.723091
4.705013
4.687072
4.669265
4.651592
4.634048
4.616634
4.599344
4.582176
4.565126
4.548192
4.531372
4.514665
4.498067
4.481577
4.465194
4.448915
4.432738
4.416665
4.400692
4.384816
4.369035
4.353347
4.337751
4.322244
4.306824
4.291493
4.276246
4.261084
4.246005
4.231009
4.216093
4.201257
4.186502
4.171823
4.157219
4.142689
4.128232
4.113846
4.099530
4.085284
4.071107
4.056998
4.042955
4.028979
4.015068
4.001222
3.987442
3.973725
3.960069
3.946475
3.932941
3.919466
3.906048
3.892689
3.879385
3.866138
3.852947
3.839811
3.826729
3.813702
3.800728
3.787808
3.774941
3.762127
3.749364
3.736652
3.723990
3.711376
3.698812
3.686295
3.673826
3.661404
3.649029
3.636700
3.624417
3.612180
3.599989
3.587842
3.575741
3.563686
3.551675
3.539709
3.527785
3.515904
3.504065
3.492268
3.480513
3.468798
3.457124
3.445490
3.433896
3.422342
3.410828
3.399353
3.387917
3.376521
3.365165
3.353847
3.342569
3.331330
3.320128
3.308964
3.297837
3.286747
3.275693
3.264675
3.253694
3.242748
3.231837
3.220962
3.210122
3.199317
3.188547
3.177812
3.167112
3.156447
3.145816
3.135221
3.124660
3.114134
3.103641
3.093182
3.082756
3.072363
3.062002
3.051674
3.041378
3.031114
3.020882
3.010682
3.000514
2.990377
2.980272
2.970198
2.960156
2.950145
2.940166
2.930218
2.920302
2.910417
2.900564
2.890741
2.880948
2.871186
2.861453
2.851750
2.842077
2.832434
2.822819
2.813234
2.803678
2.794151
2.784653
2.775183
2.765743
2.756331
2.746948
2.737593
2.728268
2.718971
2.709703
2.700464
2.691254
2.682072
2.672918
2.663792
2.654693
2.645622
2.636578
2.627561
2.618572
2.609609
2.600673
2.591764
2.582882
2.574026
2.565197
2.556394
2.547618
2.538868
2.530145
2.521448
2.512778
2.504134
2.495516
2.486926
2.478362
2.469824
2.461311
2.452825
2.444363
2.435928
2.427517
2.419132
2.410772
2.402437
2.394126
2.385841
2.377580
2.369344
2.361132
2.352945
2.344783
2.336644
2.328531
2.320441
2.312376
2.304335
2.296319
2.288327
2.280360
2.272418
2.264500
2.256605
2.248735
2.240888
2.233065
2.225266
2.217490
2.209737
2.202007
2.194301
2.186617
2.178957
2.171319
2.163705
2.156113
2.148544
2.140997
2.133473
2.125972
2.118493
2.111036
2.103602
2.096191
2.088801
2.081435
2.074091
2.066769
2.059471
2.052195
2.044941
2.037708
2.030498
2.023310
2.016143
2.008998
2.001874
1.994772
1.987692
1.980632
1.973594
1.966577
1.959582
1.952607
1.945653
1.938721
1.931809
1.924918
1.918047
1.911198
1.904369
1.897561
1.890773
1.884006
1.877260
1.870534
1.863829
1.857145
1.850481
1.843838
1.837216
1.830614
1.824032
1.817470
1.810929
1.804407
1.797905
1.791423
1.784960
1.778518
1.772094
1.765691
1.759307
1.752942
1.746597
1.740271
1.733964
1.727677
1.721408
1.715159
1.708929
1.702718
1.696525
1.690352
1.684197
1.678062
1.671945
1.665847
1.659768
1.653707
1.647666
1.641643
1.635639
1.629655
1.623688
1.617741
1.611811
1.605900
1.600008
1.594133
1.588277
1.582439
1.576619
1.570816
1.565032
1.559266
1.553517
1.547786
1.542073
1.536377
1.530699
1.525039
1.519396
1.513771
1.508163
1.502572
1.496999
1.491443
1.485904
1.480383
1.474878
1.469391
1.463921
1.458468
1.453031
1.447612
1.442210
1.436825
1.431457
1.426106
1.420772
1.415455
1.410155
1.404871
1.399605
1.394355
1.389121
1.383904
1.378704
1.373519
1.368351
1.363200
1.358064
1.352945
1.347842
1.342755
1.337684
1.332629
1.327590
1.322567
1.317559
1.312568
1.307592
1.302632
1.297688
1.292760
1.287847
1.282949
1.278067
1.273201
1.268350
1.263515
1.258695
1.253890
1.249101
1.244327
1.239568
1.234824
1.230096
1.225383
1.220685
1.216002
1.211335
1.206682
1.202045
1.197423
1.192816
1.188224
1.183647
1.179085
1.174537
1.170004
1.165486
1.160982
1.156493
1.152018
1.147558
1.143113
1.138682
1.134265
1.129862
1.125474
1.121100
1.116740
1.112395
1.108064
1.103746
1.099443
1.095154
1.090879
1.086618
1.082371
1.078138
1.073918
1.069713
1.065521
1.061343
1.057179
1.053028
1.048891
1.044768
1.040658
1.036562
1.032480
1.028411
1.024355
1.020313
1.016284
1.012269
1.008267
1.004278
1.000303
0.996341
0.992393
0.988458
0.984536
0.980628
0.976733
0.972850
0.968981
0.965125
0.961282
0.957451
0.953634
0.949829
0.946038
0.942259
0.938493
0.934739
0.930999
0.927271
0.923555
0.919852
0.916162
0.912484
0.908819
0.905166
0.901526
0.897898
0.894282
0.890679
0.887088
0.883509
0.879943
0.876389
0.872847
0.869317
0.865799
0.862294
0.858800
0.855319
0.851849
0.848392
0.844946
0.841512
0.838091
0.834681
0.831283
0.827897
0.824522
0.821159
0.817808
0.814469
0.811142
0.807826
0.804521
0.801228
0.797947
0.794677
0.791419
0.788173
0.784938
0.781714
0.778502
0.775301
0.772112
0.768934
0.765768
0.762613
0.759469
0.756336
0.753215
0.750105
0.747005
0.743917
0.740840
0.737774
0.734719
0.731675
0.728642
0.725620
0.722608
0.719608
0.716618
0.713639
0.710671
0.707714
0.704767
0.701832
0.698906
0.695992
0.693088
0.690194
0.687312
0.684439
0.681578
0.678726
0.675886
0.673055
0.670235
0.667426
0.664626
0.661838
0.659059
0.656291
0.653533
0.650785
0.648047
0.645320
0.642602
0.639895
0.637198
0.634511
0.631834
0.629167
0.626510
0.623863
0.621226
0.618599
0.615982
0.613375
0.610777
0.608189
0.605611
0.603043
0.600485
0.597936
0.595397
0.592868
0.590349
0.587838
0.585338
0.582847
0.580366
0.577894
0.575432
0.572979
0.570536
0.568102
0.565678
0.563263
0.560858
0.558462
0.556075
0.553698
0.551330
0.548971
0.546621
0.544281
0.541950
0.539628
0.537315
0.535011
0.532716
0.530430
0.528153
0.525886
0.523627
0.521377
0.519136
0.516904
0.514681
0.512466
0.510261
0.508064
0.505876
0.503697
0.501526
0.499365
0.497212
0.495067
0.492931
0.490804
0.488685
0.486575
0.484474
0.482381
0.480296
0.478220
0.476152
0.474093
0.472042
0.469999
0.467965
0.465939
0.463922
0.461912
0.459911
0.457918
0.455934
0.453957
0.451989
0.450029
0.448077
0.446133
0.444197
0.442269
0.440349
0.438437
0.436533
0.434637
0.432749
0.430869
0.428996
0.427132
0.425275
0.423426
0.421585
0.419752
0.417926
0.416108
0.414298
0.412496
0.410701
0.408913
0.407134
0.405361
0.403597
0.401840
0.400090
0.398348
0.396613
0.394886
0.393166
0.391454
0.389748
0.388051
0.386360
0.384677
0.383001
0.381332
0.379671
0.378016
0.376369
0.374729
0.373096
0.371471
0.369852
0.368240
0.366636
0.365038
0.363447
0.361864
0.360287
0.358717
0.357154
0.355598
0.354049
0.352506
0.350971
0.349442
0.347920
0.346405
0.344896
0.343395
0.341899
0.340411
0.338929
0.337454
0.335985
0.334523
0.333067
0.331618
0.330175
0.328739
0.327309
0.325886
0.324469
0.323058
0.321654
0.320256
0.318864
0.317479
0.316099
0.314726
0.313359
0.311999
0.310644
0.309296
0.307953
0.306617
0.305287
0.303962
0.302644
0.301332
0.300026
0.298725
0.297431
0.296142
0.294860
0.293583
0.292312
0.291047
0.289787
0.288534
0.287286
0.286043
0.284807
0.283576
0.282351
0.281131
0.279917
0.278708
0.277505
0.276308
0.275116
0.273930
0.272749
0.271573
0.270403
0.269238
0.268079
0.266924
0.265776
0.264632
0.263494
0.262361
0.261233
0.260111
0.258994
0.257881
0.256774
0.255672
0.254576
0.253484
0.252397
0.251316
0.250239
0.249167
0.248100
0.247039
0.245982
0.244930
0.243883
0.242841
0.241803
0.240770
0.239743
0.238720
0.237701
0.236688
0.235679
0.234675
0.233675
0.232680
0.231690
0.230704
0.229723
0.228746
0.227774
0.226807
0.225843
0.224885
0.223931
0.222981
0.222035
0.221094
0.220158
0.219225
0.218297
0.217374
0.216454
0.215539
0.214628
0.213721
0.212819
0.211920
0.211026
0.210136
0.209250
0.208368
0.207490
0.206617
0.205747
0.204881
0.204019
0.203161
0.202307
0.201457
0.200611
0.199769
0.198931
0.198096
0.197266
0.196439
0.195616
0.194797
0.193981
0.193169
0.192361
0.191557
0.190756
0.189959
0.189165
0.188376
0.187589
0.186807
0.186027
0.185252
0.184480
0.183711
0.182946
0.182184
0.181426
0.180671
0.179920
0.179172
0.178427
0.177686
0.176948
0.176213
0.175482
0.174754
0.174029
0.173308
0.172589
0.171874
0.171162
0.170453
0.169748
0.169045
0.168346
0.167650
0.166957
0.166266
0.165579
0.164895
0.164214
0.163536
0.162861
0.162189
0.161520
0.160854
0.160190
0.159530
0.158873
0.158218
0.157566
0.156917
0.156271
0.155628
0.154987
0.154349
0.153714
0.153082
0.152452
0.151826
0.151201
0.150580
0.149961
0.149345
0.148731
0.148120
0.147512
0.146906
0.146303
0.145702
0.145104
0.144509
0.143915
0.143325
0.142737
0.142151
0.141568
0.140987
0.140409
0.139833
0.139259
0.138688
0.138120
0.137553
0.136989
0.136427
0.135868
0.135311
0.134756
0.134203
0.133653
0.133105
0.132559
0.132016
0.131474
0.130935
0.130398
0.129863
0.129331
0.128800
0.128272
0.127746
0.127221
0.126699
0.126179
0.125662
0.125146
0.124632
0.124120
0.123610
0.123103
0.122597
0.122093
0.121591
0.121091
0.120594
0.120098
0.119604
0.119111
0.118621
0.118133
0.117647
0.117162
0.116679
0.116198
0.115719
0.115242
0.114767
0.114293
0.113822
0.113352
0.112884
0.112417
0.111952
0.111490
0.111028
0.110569
0.110111
0.109655
0.109201
0.108748
0.108297
0.107848
0.107400
0.106954
0.106510
0.106067
0.105626
0.105187
0.104749
0.104312
0.103878
0.103444
0.103013
0.102583
0.102154
0.101727
0.101302
0.100878
0.100456
0.100035
0.099616
0.099198
0.098781
0.098366
0.097953
0.097541
0.097130
0.096721
0.096313
0.095907
0.095502
0.095099
0.094697
0.094296
0.093897
0.093499
0.093102
0.092707
0.092313
0.091921
0.091530
0.091140
0.090752
0.090364
0.089979
0.089594
0.089211
0.088829
0.088448
0.088069
0.087691
0.087314
0.086938
0.086564
0.086191
0.085819
0.085448
0.085079
0.084711
0.084344
0.083978
0.083614
0.083250
0.082888
0.082527
0.082167
0.081809
0.081451
0.081095
0.080740
0.080386
0.080033
0.079681
0.079330
0.078981
0.078632
0.078285
0.077939
0.077594
0.077250
0.076907
0.076565
0.076224
0.075885
0.075546
0.075209
0.074872
0.074537
0.074203
0.073869
0.073537
0.073206
0.072876
0.072546
0.072218
0.071891
0.071565
0.071240
0.070916
0.070593
0.070270
0.069949
0.069629
0.069310
0.068992
0.068675
0.068358
0.068043
0.067729
0.067415
0.067103
0.066791
0.066481
0.066171
0.065862
0.065554
0.065248
0.064942
0.064637
0.064333
0.064029
0.063727
0.063426
0.063125
0.062825
0.062527
0.062229
0.061932
0.061636
0.061341
0.061046
0.060753
0.060460
0.060168
0.059878
0.059588
0.059298
0.059010
0.058722
0.058436
0.058150
0.057865
0.057581
0.057297
0.057015
0.056733
0.056452
0.056172
0.055893
0.055614
0.055337
0.055060
0.054784
0.054508
0.054234
0.053960
0.053687
0.053415
0.053144
0.052873
0.052603
0.052334
0.052066
0.051799
0.051532
0.051266
0.051001
0.050736
0.050472
0.050209
0.049947
0.049686
0.049425
0.049165
0.048905
0.048647
0.048389
0.048132
0.047876
0.047620
0.047365
0.047111
0.046857
0.046604
0.046352
0.046101
0.045850
0.045600
0.045351
0.045102
0.044854
0.044607
0.044360
0.044115
0.043869
0.043625
0.043381
0.043138
0.042896
0.042654
0.042413
0.042172
0.041933
0.041693
0.041455
0.041217
0.040980
0.040744
0.040508
0.040273
0.040038
0.039804
0.039571
0.039338
0.039106
0.038875
0.038644
0.038414
0.038185
0.037956
0.037728
0.037501
0.037274
0.037047
0.036822
0.036597
0.036372
0.036148
0.035925
0.035703
0.035481
0.035259
0.035039
0.034818
0.034599
0.034380
0.034162
0.033944
0.033727
0.033510
0.033294
0.033079
0.032864
0.032650
0.032436
0.032223
0.032011
0.031799
0.031587
0.031377
0.031167
0.030957
0.030748
0.030540
0.030332
0.030124
0.029918
0.029711
0.029506
0.029301
0.029096
0.028892
0.028689
0.028486
0.028284
0.028082
0.027881
0.027680
0.027480
0.027281
0.027082
0.026883
0.026685
0.026488
0.026291
0.026095
0.025899
0.025704
0.025509
0.025315
0.025121
0.024928
0.024735
0.024543
0.024351
0.024160
0.023970
0.023780
0.023590
0.023401
0.023213
0.023025
0.022837
0.022650
0.022464
0.022278
0.022093
0.021908
0.021723
0.021539
0.021356
0.021173
0.020991
0.020809
0.020627
0.020446
0.020266
0.020086
0.019906
0.019727
0.019549
0.019371
0.019193
0.019016
0.018840
0.018663
0.018488
0.018313
0.018138
0.017964
0.017790
0.017617
0.017444
0.017272
0.017100
0.016928
0.016758
0.016587
0.016417
0.016248
0.016079
0.015910
0.015742
0.015574
0.015407
0.015240
0.015074
0.014908
0.014742
0.014577
0.014413
0.014249
0.014085
0.013922
0.013759
0.013597
0.013435
0.013274
0.013113
0.012952
0.012792
0.012632
0.012473
0.012314
0.012156
0.011998
0.011841
0.011684
0.011527
0.011371
0.011215
0.011060
0.010905
0.010750
0.010596
0.010442
0.010289
0.010136
0.009984
0.009832
0.009680
0.009529
0.009378
0.009228
0.009078
0.008928
0.008779
0.008631
0.008482
0.008334
0.008187
0.008040
0.007893
0.007747
0.007601
0.007455
0.007310
0.007166
0.007021
0.006877
0.006734
0.006591
0.006448
0.006306
0.006164
0.006022
0.005881
0.005740
0.005600
0.005460
0.005320
0.005181
0.005042
0.004904
0.004766
0.004628
0.004490
0.004353
0.004217
0.004081
0.003945
0.003809
0.003674
0.003540
0.003405
0.003271
0.003138
0.003004
0.002871
0.002739
0.002607
0.002475
0.002344
0.002212
0.002082
0.001951
0.001821
0.001692
0.001563
0.001434
0.001305
0.001177
0.001049
0.000921
0.000794
0.000668
0.000541
0.000415
0.000289
0.000164
0.000039
-0.000086
-0.000210
-0.000334
-0.000458
-0.000581
-0.000704
-0.000827
-0.000949
-0.001071
-0.001193
-0.001314
-0.001435
-0.001556
-0.001676
-0.001796
-0.001916
-0.002035
-0.002154
-0.002273
-0.002391
-0.002509
-0.002627
-0.002744
-0.002861
-0.002978
-0.003094
-0.003210
-0.003326
-0.003442
-0.003557
-0.003671
-0.003786
-0.003900
-0.004014
-0.004127
-0.004241
-0.004353
-0.004466
-0.004578
-0.004690
-0.004802
-0.004913
-0.005024
-0.005135
-0.005245
-0.005355
-0.005465
-0.005575
-0.005684
-0.005793
-0.005901
-0.006009
-0.006117
-0.006225
-0.006332
-0.006440
-0.006546
-0.006653
-0.006759
-0.006865
-0.006970
-0.007076
-0.007181
-0.007285
-0.007390
-0.007494
-0.007598
-0.007701
-0.007805
-0.007908
-0.008010
-0.008113
-0.008215
-0.008317
-0.008418
-0.008519
-0.008620
-0.008721
-0.008822
-0.008922
-0.009022
-0.009121
-0.009220
-0.009319
-0.009418
-0.009517
-0.009615
-0.009713
-0.009810
-0.009908
-0.010005
-0.010102
-0.010198
-0.010295
-0.010391
-0.010486
-0.010582
-0.010677
-0.010772
-0.010867
-0.010961
-0.011055
-0.011149
-0.011243
-0.011336
-0.011429
-0.011522
-0.011615
-0.011707
-0.011799
-0.011891
-0.011983
-0.012074
-0.012165
-0.012256
-0.012346
-0.012437
-0.012527
-0.012617
-0.012706
-0.012795
-0.012884
-0.012973
-0.013062
-0.013150
-0.013238
-0.013326
-0.013413
-0.013501
-0.013588
-0.013675
-0.013761
-0.013848
-0.013934
-0.014020
-0.014105
-0.014191
-0.014276
-0.014361
-0.014445
-0.014530
-0.014614
-0.014698
-0.014781
-0.014865
-0.014948
-0.015031
-0.015114
-0.015197
-0.015279
-0.015361
-0.015443
-0.015524
-0.015606
-0.015687
-0.015768
-0.015849
-0.015929
-0.016009
-0.016089
-0.016169
-0.016249
-0.016328
-0.016407
-0.016486
-0.016565
-0.016644
-0.016722
-0.016800
-0.016878
-0.016955
-0.017033
-0.017110
-0.017187
-0.017263
-0.017340
-0.017416
-0.017492
-0.017568
-0.017644
-0.017719
-0.017795
-0.017870
-0.017945
-0.018019
-0.018094
-0.018168
-0.018242
-0.018316
-0.018389
-0.018462
-0.018536
-0.018609
-0.018681
-0.018754
-0.018826
-0.018898
-0.018970
-0.019042
-0.019114
-0.019185
-0.019256
-0.019327
-0.019398
-0.019468
-0.019539
-0.019609
-0.019679
-0.019748
-0.019818
-0.019887
-0.019957
-0.020026
-0.020094
-0.020163
-0.020231
-0.020300
-0.020368
-0.020435
-0.020503
-0.020570
-0.020638
-0.020705
-0.020772
-0.020838
-0.020905
-0.020971
-0.021037
-0.021103
-0.021169
-0.021235
-0.021300
-0.021365
-0.021430
-0.021495
-0.021560
-0.021624
-0.021688
-0.021753
-0.021817
-0.021880
-0.021944
-0.022007
-0.022071
-0.022134
-0.022196
-0.022259
-0.022322
-0.022384
-0.022446
-0.022508
-0.022570
-0.022632
-0.022693
-0.022754
-0.022816
-0.022877
-0.022937
-0.022998
-0.023058
-0.023119
-0.023179
-0.023239
-0.023299
-0.023358
-0.023418
-0.023477
-0.023536
-0.023595
-0.023654
-0.023712
-0.023771
-0.023829
-0.023887
-0.023945
-0.024003
-0.024061
-0.024118
-0.024176
-0.024233
-0.024290
-0.024347
-0.024403
-0.024460
-0.024516
-0.024572
-0.024629
-0.024684
-0.024740
-0.024796
-0.024851
-0.024906
-0.024962
-0.025017
-0.025071
-0.025126
-0.025181
-0.025235
-0.025289
-0.025343
-0.025397
-0.025451
-0.025505
-0.025558
-0.025611
-0.025664
-0.025717
-0.025770
-0.025823
-0.025876
-0.025928
-0.025980
-0.026033
-0.026085
-0.026136
-0.026188
-0.026240
-0.026291
-0.026342
-0.026393
-0.026444
-0.026495
-0.026546
-0.026597
-0.026647
-0.026697
-0.026747
-0.026797
-0.026847
-0.026897
-0.026947
-0.026996
-0.027045
-0.027095
-0.027144
-0.027193
-0.027241
-0.027290
-0.027338
-0.027387
-0.027435
-0.027483
-0.027531
-0.027579
-0.027627
-0.027674
-0.027722
-0.027769
-0.027816
-0.027863
-0.027910
-0.027957
-0.028004
-0.028050
-0.028097
-0.028143
-0.028189
-0.028235
-0.028281
-0.028327
-0.028372
-0.028418
-0.028463
-0.028508
-0.028554
-0.028599
-0.028643
-0.028688
-0.028733
-0.028777
-0.028822
-0.028866
-0.028910
-0.028954
-0.028998
-0.029042
-0.029086
-0.029129
-0.029173
-0.029216
-0.029259
-0.029302
-0.029345
-0.029388
-0.029431
-0.029473
-0.029516
-0.029558
-0.029600
-0.029642
-0.029684
-0.029726
-0.029768
-0.029810
-0.029851
-0.029893
-0.029934
-0.029975
-0.030016
-0.030057
-0.030098
-0.030139
-0.030180
-0.030220
-0.030261
-0.030301
-0.030341
-0.030381
-0.030421
-0.030461
-0.030501
-0.030541
-0.030580
-0.030620
-0.030659
-0.030698
-0.030737
-0.030776
-0.030815
-0.030854
-0.030893
-0.030932
-0.030970
-0.031008
-0.031047
-0.031085
-0.031123
-0.031161
-0.031199
-0.031237
-0.031274
-0.031312
-0.031349
-0.031387
-0.031424
-0.031461
-0.031498
-0.031535
-0.031572
-0.031609
-0.031645
-0.031682
-0.031718
-0.031755
-0.031791
-0.031827
-0.031863
-0.031899
-0.031935
-0.031971
-0.032006
-0.032042
-0.032078
-0.032113
-0.032148
-0.032183
-0.032218
-0.032253
-0.032288
-0.032323
-0.032358
-0.032393
-0.032427
-0.032462
-0.032496
-0.032530
-0.032564
-0.032598
-0.032632
-0.032666
-0.032700
-0.032734
-0.032767
-0.032801
-0.032834
-0.032868
-0.032901
-0.032934
-0.032967
-0.033000
-0.033033
-0.033066
-0.033099
-0.033131
-0.033164
-0.033196
-0.033229
-0.033261
-0.033293
-0.033325
-0.033357
-0.033389
-0.033421
-0.033453
-0.033485
-0.033516
-0.033548
-0.033579
-0.033611
-0.033642
-0.033673
-0.033704
-0.033735
-0.033766
-0.033797
-0.033828
-0.033859
-0.033889
-0.033920
-0.033950
-0.033981
-0.034011
-0.034041
-0.034071
-0.034101
-0.034131
-0.034161
-0.034191
-0.034221
-0.034250
-0.034280
-0.034310
-0.034339
-0.034368
-0.034398
-0.034427
-0.034456
-0.034485
-0.034514
-0.034543
-0.034572
-0.034600
-0.034629
-0.034658
-0.034686
-0.034715
-0.034743
-0.034771
-0.034799
-0.034828
-0.034856
-0.034884
-0.034912
-0.034939
-0.034967
-0.034995
-0.035023
-0.035050
-0.035078
-0.035105
-0.035132
-0.035160
-0.035187
-0.035214
-0.035241
-0.035268
-0.035295
-0.035322
-0.035349
-0.035375
-0.035402
-0.035429
-0.035455
-0.035481
-0.035508
-0.035534
-0.035560
-0.035586
-0.035613
-0.035639
-0.035665
-0.035690
-0.035716
-0.035742
-0.035768
-0.035793
-0.035819
-0.035844
-0.035870
-0.035895
-0.035920
-0.035946
-0.035971
-0.035996
-0.036021
-0.036046
-0.036071
-0.036096
-0.036121
-0.036145
-0.036170
-0.036194
-0.036219
-0.036243
-0.036268
-0.036292
-0.036317
-0.036341
-0.036365
-0.036389
-0.036413
-0.036437
-0.036461
-0.036485
-0.036509
-0.036532
-0.036556
-0.036580
-0.036603
-0.036627
-0.036650
-0.036673
-0.036697
-0.036720
-0.036743
-0.036766
-0.036789
-0.036812
-0.036835
-0.036858
-0.036881
-0.036904
-0.036927
-0.036949
-0.036972
-0.036994
-0.037017
-0.037039
-0.037062
-0.037084
-0.037106
-0.037128
-0.037151
-0.037173
-0.037195
-0.037217
-0.037239
-0.037261
-0.037282
-0.037304
-0.037326
-0.037348
-0.037369
-0.037391
-0.037412
-0.037434
-0.037455
-0.037476
-0.037498
-0.037519
-0.037540
-0.037561
-0.037582
-0.037603
-0.037624
-0.037645
-0.037666
-0.037687
-0.037708
-0.037728
-0.037749
-0.037770
-0.037790
-0.037811
-0.037831
-0.037852
-0.037872
-0.037892
-0.037913
-0.037933
-0.037953
-0.037973
-0.037993
-0.038013
-0.038033
-0.038053
-0.038073
-0.038093
-0.038113
-0.038132
-0.038152
-0.038172
-0.038191
-0.038211
-0.038230
-0.038250
-0.038269
-0.038288
-0.038308
-0.038327
-0.038346
-0.038365
-0.038384
-0.038403
-0.038422
-0.038441
-0.038460
-0.038479
-0.038498
-0.038517
-0.038536
-0.038554
-0.038573
-0.038591
-0.038610
-0.038629
-0.038647
-0.038665
-0.038684
-0.038702
-0.038720
-0.038739
-0.038757
-0.038775
-0.038793
-0.038811
-0.038829
-0.038847
-0.038865
-0.038883
-0.038901
-0.038919
-0.038937
-0.038954
-0.038972
-0.038990
-0.039007
-0.039025
-0.039042
-0.039060
-0.039077
-0.039095
-0.039112
-0.039129
-0.039147
-0.039164
-0.039181
-0.039198
-0.039215
-0.039232
-0.039249
-0.039266
-0.039283
-0.039300
-0.039317
-0.039334
-0.039351
-0.039368
-0.039384
-0.039401
-0.039418
-0.039434
-0.039451
-0.039467
-0.039484
-0.039500
-0.039517
-0.039533
-0.039549
-0.039566
-0.039582
-0.039598
-0.039614
-0.039630
-0.039646
-0.039662
-0.039679
-0.039695
-0.039710
-0.039726
-0.039742
-0.039758
-0.039774
-0.039790
-0.039805
-0.039821
-0.039837
-0.039852
-0.039868
-0.039884
-0.039899
-0.039915
-0.039930
-0.039945
-0.039961
-0.039976
-0.039991
-0.040007
-0.040022
-0.040037
-0.040052
-0.040067
-0.040083
-0.040098
-0.040113
-0.040128
-0.040143
-0.040158
-0.040172
-0.040187
-0.040202
-0.040217
-0.040232
-0.040246
-0.040261
-0.040276
-0.040290
-0.040305
-0.040320
-0.040334
-0.040349
-0.040363
-0.040378
-0.040392
-0.040406
-0.040421
-0.040435
-0.040449
-0.040463
-0.040478
-0.040492
-0.040506
-0.040520
-0.040534
-0.040548
-0.040562
-0.040576
-0.040590
-0.040604
-0.040618
-0.040632
-0.040646
-0.040660
-0.040673
-0.040687
-0.040701
-0.040715
-0.040728
-0.040742
-0.040755
-0.040769
-0.040783
-0.040796
-0.040810
-0.040823
-0.040836
-0.040850
-0.040863
-0.040876
-0.040890
-0.040903
-0.040916
-0.040930
-0.040943
-0.040956
-0.040969
-0.040982
-0.040995
-0.041008
-0.041021
-0.041034
-0.041047
-0.041060
-0.041073
-0.041086
-0.041099
-0.041112
-0.041124
-0.041137
-0.041150
-0.041163
-0.041175
-0.041188
-0.041201
-0.041213
-0.041226
-0.041238
-0.041251
-0.041263
-0.041276
-0.041288
-0.041301
-0.041313
-0.041325
-0.041338
-0.041350
-0.041362
-0.041375
-0.041387
-0.041399
-0.041411
-0.041423
-0.041436
-0.041448
-0.041460
-0.041472
-0.041484
-0.041496
-0.041508
-0.041520
-0.041532
-0.041544
-0.041556
-0.041567
-0.041579
-0.041591
-0.041603
-0.041615
-0.041626
-0.041638
-0.041650
-0.041661
-0.041673
-0.041685
-0.041696
-0.041708
-0.041719
-0.041731
-0.041742
-0.041754
-0.041765
-0.041777
-0.041788
-0.041800
-0.041811
-0.041822
-0.041834
-0.041845
-0.041856
-0.041867
-0.041879
-0.041890
-0.041901
-0.041912
-0.041923
-0.041934
-0.041945
-0.041957
-0.041968
-0.041979
-0.041990
-0.042001
-0.042012
-0.042022
-0.042033
-0.042044
-0.042055
-0.042066
-0.042077
-0.042088
-0.042098
-0.042109
-0.042120
-0.042131
-0.042141
-0.042152
-0.042163
-0.042173
-0.042184
-0.042194
-0.042205
-0.042216
-0.042226
-0.042237
-0.042247
-0.042258
-0.042268
-0.042278
-0.042289
-0.042299
-0.042310
-0.042320
-0.042330
-0.042340
-0.042351
-0.042361
-0.042371
-0.042382
-0.042392
-0.042402
-0.042412
-0.042422
-0.042432
-0.042442
-0.042453
-0.042463
-0.042473
-0.042483
-0.042493
-0.042503
-0.042513
-0.042523
-0.042532
-0.042542
-0.042552
-0.042562
-0.042572
-0.042582
-0.042592
-0.042601
-0.042611
-0.042621
-0.042631
-0.042640
-0.042650
-0.042660
-0.042670
-0.042679
-0.042689
-0.042698
-0.042708
-0.042718
-0.042727
-0.042737
-0.042746
-0.042756
-0.042765
-0.042775
-0.042784
-0.042794
-0.042803
-0.042812
-0.042822
-0.042831
-0.042841
-0.042850
-0.042859
-0.042869
-0.042878
-0.042887
-0.042896
-0.042906
-0.042915
-0.042924
-0.042933
-0.042942
-0.042951
-0.042961
-0.042970
-0.042979
-0.042988
-0.042997
-0.043006
-0.043015
-0.043024
-0.043033
-0.043042
-0.043051
-0.043060
-0.043069
-0.043078
-0.043087
-0.043096
-0.043104
-0.043113
-0.043122
-0.043131
-0.043140
-0.043148
-0.043157
-0.043166
-0.043175
-0.043183
-0.043192
-0.043201
-0.043210
-0.043218
-0.043227
-0.043236
-0.043244
-0.043253
-0.043261
-0.043270
-0.043278
-0.043287
-0.043296
-0.043304
-0.043313
-0.043321
-0.043329
-0.043338
-0.043346
-0.043355
-0.043363
-0.043372
-0.043380
-0.043388
-0.043397
-0.043405
-0.043413
-0.043422
-0.043430
-0.043438
-0.043446
-0.043455
-0.043463
-0.043471
-0.043479
-0.043488
-0.043496
-0.043504
-0.043512
-0.043520
-0.043528
-0.043536
-0.043545
-0.043553
-0.043561
-0.043569
-0.043577
-0.043585
-0.043593
-0.043601
-0.043609
-0.043617
-0.043625
-0.043633
-0.043641
-0.043649
-0.043656
-0.043664
-0.043672
-0.043680
-0.043688
-0.043696
-0.043704
-0.043711
-0.043719
-0.043727
-0.043735
-0.043743
-0.043750
-0.043758
-0.043766
-0.043773
-0.043781
-0.043789
-0.043797
-0.043804
-0.043812
-0.043819
-0.043827
-0.043835
-0.043842
-0.043850
-0.043857
-0.043865
-0.043873
-0.043880
-0.043888
-0.043895
-0.043903
-0.043910
-0.043918
-0.043925
-0.043933
-0.043940
-0.043947
-0.043955
-0.043962
-0.043970
-0.043977
-0.043984
-0.043992
-0.043999
-0.044006
-0.044014
-0.044021
-0.044028
-0.044036
-0.044043
-0.044050
-0.044057
-0.044065
-0.044072
-0.044079
-0.044086
-0.044093
-0.044101
-0.044108
-0.044115
-0.044122
-0.044129
-0.044136
-0.044144
-0.044151
-0.044158
-0.044165
-0.044172
-0.044179
-0.044186
-0.044193
-0.044200
-0.044207
-0.044214
-0.044221
-0.044228
-0.044235
-0.044242
-0.044249
-0.044256
-0.044263
-0.044270
-0.044277
-0.044284
-0.044290
-0.044297
-0.044304
-0.044311
-0.044318
-0.044325
-0.044332
-0.044338
-0.044345
-0.044352
-0.044359
-0.044365
-0.044372
-0.044379
-0.044386
-0.044392
-0.044399
-0.044406
-0.044413
-0.044419
-0.044426
-0.044433
-0.044439
-0.044446
-0.044453
-0.044459
-0.044466
-0.044472
-0.044479
-0.044486
-0.044492
-0.044499
-0.044505
-0.044512
-0.044519
-0.044525
-0.044532
-0.044538
-0.044545
-0.044551
-0.044558
-0.044564
-0.044571
-0.044577
-0.044583
-0.044590
-0.044596
-0.044603
-0.044609
-0.044616
-0.044622
-0.044628
-0.044635
-0.044641
-0.044647
-0.044654
-0.044660
-0.044666
-0.044673
-0.044679
-0.044685
-0.044692
-0.044698
-0.044704
-0.044711
-0.044717
-0.044723
-0.044729
-0.044735
-0.044742
-0.044748
-0.044754
-0.044760
-0.044767
-0.044773
-0.044779
-0.044785
-0.044791
-0.044797
-0.044803
-0.044810
-0.044816
-0.044822
-0.044828
-0.044834
-0.044840
-0.044846
-0.044852
-0.044858
-0.044864
-0.044870
-0.044876
-0.044882
-0.044888
-0.044894
-0.044900
-0.044906
-0.044912
-0.044918
-0.044924
-0.044930

