0.000000
0.000000
-0.000026
-0.000052
-0.000077
-0.000103
-0.000128
-0.000153
-0.000177
-0.000201
-0.000224
-0.000247
-0.000270
-0.000293
-0.000315
-0.000337
-0.000359
-0.000380
-0.000402
-0.000423
-0.000444
-0.000465
-0.000485
-0.000506
-0.000526
-0.000547
-0.000567
-0.000587
-0.000607
-0.000627
-0.000647
-0.000667
-0.000687
-0.000707
-0.000726
-0.000746
-0.000766
-0.000785
-0.000805
-0.000824
-0.000844
-0.000863
-0.000883
-0.000902
-0.000922
-0.000941
-0.000961
-0.000980
-0.001000
-0.001019
-0.001038
-0.001058
-0.001077
-0.001097
-0.001116
-0.001135
-0.001155
-0.001174
-0.001194
-0.001213
-0.001233
-0.001252
-0.001271
-0.001291
-0.001310
-0.001330
-0.001349
-0.001369
-0.001388
-0.001408
-0.001428
-0.001447
-0.001467
-0.001486
-0.001506
-0.001525
-0.001545
-0.001565
-0.001584
-0.001604
-0.001624
-0.001644
-0.001663
-0.001683
-0.001703
-0.001723
-0.001743
-0.001762
-0.001782
-0.001802
-0.001822
-0.001842
-0.001862
-0.001882
-0.001902
-0.001922
-0.001942
-0.001962
-0.001982
-0.002002
-0.002022
-0.002042
-0.002063
-0.002083
-0.002103
-0.002123
-0.002143
-0.002164
-0.002184
-0.002204
-0.002225
-0.002245
-0.002265
-0.002286
-0.002306
-0.002326
-0.002347
-0.002367
-0.002388
-0.002408
-0.002429
-0.002449
-0.002470
-0.002491
-0.002511
-0.002532
-0.002553
-0.002573
-0.002594
-0.002615
-0.002635
-0.002656
-0.002677
-0.002698
-0.002719
-0.002739
-0.002760
-0.002781
-0.002802
-0.002823
-0.002844
-0.002865
-0.002886
-0.002907
-0.002928
-0.002949
-0.002970
-0.002991
-0.003012
-0.003033
-0.003054
-0.003075
-0.003097
-0.003118
-0.003139
-0.003160
-0.003181
-0.003203
-0.003224
-0.003245
-0.003266
-0.003288
-0.003309
-0.003330
-0.003352
-0.003373
-0.003395
-0.003416
-0.003437
-0.003459
-0.003480
-0.003502
-0.003523
-0.003545
-0.003566
-0.003588
-0.003610
-0.003631
-0.003653
-0.003674
-0.003696
-0.003718
-0.003739
-0.003761
-0.003783
-0.003804
-0.003826
-0.003848
-0.003869
-0.003891
-0.003913
-0.003935
-0.003956
-0.003978
-0.004000
-0.004022
-0.004044
-0.004066
-0.004088
-0.004109
-0.004131
-0.004153
-0.004175
-0.004197
-0.004219
-0.004241
-0.004263
-0.004285
-0.004307
-0.004329
-0.004351
-0.004373
-0.004395
-0.004417
-0.004439
-0.004461
-0.004483
-0.004505
-0.004527
-0.004550
-0.004572
-0.004594
-0.004616
-0.004638
-0.004660
-0.004683
-0.004705
-0.004727
-0.004749
-0.004771
-0.004794
-0.004816
-0.004838
-0.004860
-0.004883
-0.004905
-0.004927
-0.004949
-0.004972
-0.004994
-0.005016
-0.005039
-0.005061
-0.005083
-0.005106
-0.005128
-0.005150
-0.005173
-0.005195
-0.005218
-0.005240
-0.005262
-0.005285
-0.005307
-0.005330
-0.005352
-0.005375
-0.005397
-0.005419
-0.005442
-0.005464
-0.005487
-0.005509
-0.005532
-0.005554
-0.005577
-0.005599
-0.005622
-0.005644
-0.005667
-0.005690
-0.005712
-0.005735
-0.005757
-0.005780
-0.005802
-0.005825
-0.005847
-0.005870
-0.005893
-0.005915
-0.005938
-0.005960
-0.005983
-0.006006
-0.006028
-0.006051
-0.006073
-0.006096
-0.006119
-0.006141
-0.006164
-0.006187
-0.006209
-0.006232
-0.006255
-0.006277
-0.006300
-0.006323
-0.006345
-0.006368
-0.006391
-0.006413
-0.006436
-0.006459
-0.006482
-0.006504
-0.006527
-0.006550
-0.006572
-0.006595
-0.006618
-0.006641
-0.006663
-0.006686
-0.006709
-0.006731
-0.006754
-0.006777
-0.006800
-0.006822
-0.006845
-0.006868
-0.006891
-0.006913
-0.006936
-0.006959
-0.006982
-0.007004
-0.007027
-0.007050
-0.007073
-0.007095
-0.007118
-0.007141
-0.007164
-0.007187
-0.007209
-0.007232
-0.007255
-0.007278
-0.007300
-0.007323
-0.007346
-0.007369
-0.007392
-0.007414
-0.007437
-0.007460
-0.007483
-0.007505
-0.007528
-0.007551
-0.007574
-0.007597
-0.007619
-0.007642
-0.007665
-0.007688
-0.007711
-0.007733
-0.007756
-0.007779
-0.007802
-0.007825
-0.007847
-0.007870
-0.007893
-0.007916
-0.007939
-0.007961
-0.007984
-0.008007
-0.008030
-0.008052
-0.008075
-0.008098
-0.008121
-0.008144
-0.008166
-0.008189
-0.008212
-0.008235
-0.008258
-0.008280
-0.008303
-0.008326
-0.008349
-0.008371
-0.008394
-0.008417
-0.008440
-0.008462
-0.008485
-0.008508
-0.008531
-0.008554
-0.008576
-0.008599
-0.008622
-0.008645
-0.008667
-0.008690
-0.008713
-0.008736
-0.008758
-0.008781
-0.008804
-0.008827
-0.008849
-0.008872
-0.008895
-0.008917
-0.008940
-0.008963
-0.008986
-0.009008
-0.009031
-0.009054
-0.009077
-0.009099
-0.009122
-0.009145
-0.009167
-0.009190
-0.009213
-0.009235
-0.009258
-0.009281
-0.009304
-0.009326
-0.009349
-0.009372
-0.009394
-0.009417
-0.009440
-0.009462
-0.009485
-0.009508
-0.009530
-0.009553
-0.009576
-0.009598
-0.009621
-0.009643
-0.009666
-0.009689
-0.009711
-0.009734
-0.009757
-0.009779
-0.009802
-0.009824
-0.009847
-0.009870
-0.009892
-0.009915
-0.009937
-0.009960
-0.009983
-0.010005
-0.010028
-0.010050
-0.010073
-0.010095
-0.010118
-0.010141
-0.010163
-0.010186
-0.010208
-0.010231
-0.010253
-0.010276
-0.010298
-0.010321
-0.010343
-0.010366
-0.010388
-0.010411
-0.010433
-0.010456
-0.010478
-0.010501
-0.010523
-0.010546
-0.010568
-0.010591
-0.010613
-0.010636
-0.010658
-0.010680
-0.010703
-0.010725
-0.010748
-0.010770
-0.010793
-0.010815
-0.010837
-0.010860
-0.010882
-0.010905
-0.010927
-0.010949
-0.010972
-0.010994
-0.011017
-0.011039
-0.011061
-0.011084
-0.011106
-0.011128
-0.011151
-0.011173
-0.011195
-0.011218
-0.011240
-0.011262
-0.011285
-0.011307
-0.011329
-0.011351
-0.011374
-0.011396
-0.011418
-0.011440
-0.011463
-0.011485
-0.011507
-0.011529
-0.011552
-0.011574
-0.011596
-0.011618
-0.011641
-0.011663
-0.011685
-0.011707
-0.011729
-0.011752
-0.011774
-0.011796
-0.011818
-0.011840
-0.011862
-0.011884
-0.011907
-0.011929
-0.011951
-0.011973
-0.011995
-0.012017
-0.012039
-0.012061
-0.012083
-0.012106
-0.012128
-0.012150
-0.012172
-0.012194
-0.012216
-0.012238
-0.012260
-0.012282
-0.012304
-0.012326
-0.012348
-0.012370
-0.012392
-0.012414
-0.012436
-0.012458
-0.012480
-0.012502
-0.012524
-0.012546
-0.012568
-0.012590
-0.012612
-0.012634
-0.012655
-0.012677
-0.012699
-0.012721
-0.012743
-0.012765
-0.012787
-0.012809
-0.012831
-0.012852
-0.012874
-0.012896
-0.012918
-0.012940
-0.012962
-0.012983
-0.013005
-0.013027
-0.013049
-0.013070
-0.013092
-0.013114
-0.013136
-0.013158
-0.013179
-0.013201
-0.013223
-0.013244
-0.013266
-0.013288
-0.013310
-0.013331
-0.013353
-0.013375
-0.013396
-0.013418
-0.013440
-0.013461
-0.013483
-0.013505
-0.013526
-0.013548
-0.013569
-0.013591
-0.013613
-0.013634
-0.013656
-0.013677
-0.013699
-0.013721
-0.013742
-0.013764
-0.013785
-0.013807
-0.013828
-0.013850
-0.013871
-0.013893
-0.013914
-0.013936
-0.013957
-0.013979
-0.014000
-0.014022
-0.014043
-0.014065
-0.014086
-0.014107
-0.014129
-0.014150
-0.014172
-0.014193
-0.014214
-0.014236
-0.014257
-0.014278
-0.014300
-0.014321
-0.014343
-0.014364
-0.014385
-0.014406
-0.014428
-0.014449
-0.014470
-0.014492
-0.014513
-0.014534
-0.014555
-0.014577
-0.014598
-0.014619
-0.014640
-0.014662
-0.014683
-0.014704
-0.014725
-0.014746
-0.014768
-0.014789
-0.014810
-0.014831
-0.014852
-0.014873
-0.014894
-0.014916
-0.014937
-0.014958
-0.014979
-0.015000
-0.015021
-0.015042
-0.015063
-0.015084
-0.015105
-0.015126
-0.015147
-0.015168
-0.015189
-0.015210
-0.015231
-0.015252
-0.015273
-0.015294
-0.015315
-0.015336
-0.015357
-0.015378
-0.015399
-0.015420
-0.015441
-0.015462
-0.015483
-0.015504
-0.015524
-0.015545
-0.015566
-0.015587
-0.015608
-0.015629
-0.015650
-0.015670
-0.015691
-0.015712
-0.015733
-0.015754
-0.015774
-0.015795
-0.015816
-0.015837
-0.015857
-0.015878
-0.015899
-0.015920
-0.015940
-0.015961
-0.015982
-0.016002
-0.016023
-0.016044
-0.016064
-0.016085
-0.016106
-0.016126
-0.016147
-0.016168
-0.016188
-0.016209
-0.016229
-0.016250
-0.016271
-0.016291
-0.016312
-0.016332
-0.016353
-0.016373
-0.016394
-0.016414
-0.016435
-0.016455
-0.016476
-0.016496
-0.016517
-0.016537
-0.016558
-0.016578
-0.016599
-0.016619
-0.016639
-0.016660
-0.016680
-0.016701
-0.016721
-0.016741
-0.016762
-0.016782
-0.016802
-0.016823
-0.016843
-0.016863
-0.016884
-0.016904
-0.016924
-0.016945
-0.016965
-0.016985
-0.017005
-0.017026
-0.017046
-0.017066
-0.017086
-0.017107
-0.017127
-0.017147
-0.017167
-0.017187
-0.017207
-0.017228
-0.017248
-0.017268
-0.017288
-0.017308
-0.017328
-0.017348
-0.017369
-0.017389
-0.017409
-0.017429
-0.017449
-0.017469
-0.017489
-0.017509
-0.017529
-0.017549
-0.017569
-0.017589
-0.017609
-0.017629
-0.017649
-0.017669
-0.017689
-0.017709
-0.017729
-0.017749
-0.017769
-0.017789
-0.017808
-0.017828
-0.017848
-0.017868
-0.017888
-0.017908
-0.017928
-0.017948
-0.017967
-0.017987
-0.018007
-0.018027
-0.018047
-0.018066
-0.018086
-0.018106
-0.018126
-0.018145
-0.018165
-0.018185
-0.018205
-0.018224
-0.018244
-0.018264
-0.018284
-0.018303
-0.018323
-0.018343
-0.018362
-0.018382
-0.018401
-0.018421
-0.018441
-0.018460
-0.018480
-0.018500
-0.018519
-0.018539
-0.018558
-0.018578
-0.018597
-0.018617
-0.018636
-0.018656
-0.018675
-0.018695
-0.018714
-0.018734
-0.018753
-0.018773
-0.018792
-0.018812
-0.018831
-0.018851
-0.018870
-0.018889
-0.018909
-0.018928
-0.018948
-0.018967
-0.018986
-0.019006
-0.019025
-0.019044
-0.019064
-0.019083
-0.019102
-0.019122
-0.019141
-0.019160
-0.019179
-0.019199
-0.019218
-0.019237
-0.019256
-0.019276
-0.019295
-0.019314
-0.019333
-0.019353
-0.019372
-0.019391
-0.019410
-0.019429
-0.019448
-0.019468
-0.019487
-0.019506
-0.019525
-0.019544
-0.019563
-0.019582
-0.019601
-0.019620
-0.019639
-0.019658
-0.019677
-0.019696
-0.019715
-0.019734
-0.019753
-0.019772
-0.019791
-0.019810
-0.019829
-0.019848
-0.019867
-0.019886
-0.019905
-0.019924
-0.019943
-0.019962
-0.019981
-0.020000
-0.020019
-0.020037
-0.020056
-0.020075
-0.020094
-0.020113
-0.020132
-0.020150
-0.020169
-0.020188
-0.020207
-0.020226
-0.020244
-0.020263
-0.020282
-0.020301
-0.020319
-0.020338
-0.020357
-0.020375
-0.020394
-0.020413
-0.020432
-0.020450
-0.020469
-0.020488
-0.020506
-0.020525
-0.020543
-0.020562
-0.020581
-0.020599
-0.020618
-0.020636
-0.020655
-0.020674
-0.020692
-0.020711
-0.020729
-0.020748
-0.020766
-0.020785
-0.020803
-0.020822
-0.020840
-0.020859
-0.020877
-0.020895
-0.020914
-0.020932
-0.020951
-0.020969
-0.020988
-0.021006
-0.021024
-0.021043
-0.021061
-0.021079
-0.021098
-0.021116
-0.021135
-0.021153
-0.021171
-0.021189
-0.021208
-0.021226
-0.021244
-0.021263
-0.021281
-0.021299
-0.021317
-0.021336
-0.021354
-0.021372
-0.021390
-0.021408
-0.021427
-0.021445
-0.021463
-0.021481
-0.021499
-0.021517
-0.021536
-0.021554
-0.021572
-0.021590
-0.021608
-0.021626
-0.021644
-0.021662
-0.021680
-0.021698
-0.021716
-0.021734
-0.021752
-0.021770
-0.021788
-0.021806
-0.021824
-0.021842
-0.021860
-0.021878
-0.021896
-0.021914
-0.021932
-0.021950
-0.021968
-0.021986
-0.022004
-0.022022
-0.022040
-0.022058
-0.022075
-0.022093
-0.022111
-0.022129
-0.022147
-0.022165
-0.022182
-0.022200
-0.022218
-0.022236
-0.022254
-0.022271
-0.022289
-0.022307
-0.022325
-0.022342
-0.022360
-0.022378
-0.022395
-0.022413
-0.022431
-0.022448
-0.022466
-0.022484
-0.022501
-0.022519
-0.022537
-0.022554
-0.022572
-0.022590
-0.022607
-0.022625
-0.022642
-0.022660
-0.022677
-0.022695
-0.022713
-0.022730
-0.022748
-0.022765
-0.022783
-0.022800
-0.022818
-0.022835
-0.022853
-0.022870
-0.022887
-0.022905
-0.022922
-0.022940
-0.022957
-0.022975
-0.022992
-0.023009
-0.023027
-0.023044
-0.023062
-0.023079
-0.023096
-0.023114
-0.023131
-0.023148
-0.023166
-0.023183
-0.023200
-0.023217
-0.023235
-0.023252
-0.023269
-0.023286
-0.023304
-0.023321
-0.023338
-0.023355
-0.023373
-0.023390
-0.023407
-0.023424
-0.023441
-0.023458
-0.023476
-0.023493
-0.023510
-0.023527
-0.023544
-0.023561
-0.023578
-0.023595
-0.023613
-0.023630
-0.023647
-0.023664
-0.023681
-0.023698
-0.023715
-0.023732
-0.023749
-0.023766
-0.023783
-0.023800
-0.023817
-0.023834
-0.023851
-0.023868
-0.023885
-0.023902
-0.023919
-0.023935
-0.023952
-0.023969
-0.023986
-0.024003
-0.024020
-0.024037
-0.024054
-0.024070
-0.024087
-0.024104
-0.024121
-0.024138
-0.024155
-0.024171
-0.024188
-0.024205
-0.024222
-0.024238
-0.024255
-0.024272
-0.024289
-0.024305
-0.024322
-0.024339
-0.024356
-0.024372
-0.024389
-0.024406
-0.024422
-0.024439
-0.024456
-0.024472
-0.024489
-0.024505
-0.024522
-0.024539
-0.024555
-0.024572
-0.024588
-0.024605
-0.024622
-0.024638
-0.024655
-0.024671
-0.024688
-0.024704
-0.024721
-0.024737
-0.024754
-0.024770
-0.024787
-0.024803
-0.024820
-0.024836
-0.024852
-0.024869
-0.024885
-0.024902
-0.024918
-0.024935
-0.024951
-0.024967
-0.024984
-0.025000
-0.025016
-0.025033
-0.025049
-0.025065
-0.025082
-0.025098
-0.025114
-0.025131
-0.025147
-0.025163
-0.025179
-0.025196
-0.025212
-0.025228
-0.025244
-0.025261
-0.025277
-0.025293
-0.025309
-0.025326
-0.025342
-0.025358
-0.025374
-0.025390
-0.025406
-0.025423
-0.025439
-0.025455
-0.025471
-0.025487
-0.025503
-0.025519
-0.025535
-0.025551
-0.025567
-0.025583
-0.025600
-0.025616
-0.025632
-0.025648
-0.025664
-0.025680
-0.025696
-0.025712
-0.025728
-0.025744
-0.025760
-0.025775
-0.025791
-0.025807
-0.025823
-0.025839
-0.025855
-0.025871
-0.025887
-0.025903
-0.025919
-0.025935
-0.025950
-0.025966
-0.025982
-0.025998
-0.026014
-0.026030
-0.026045
-0.026061
-0.026077
-0.026093
-0.026109
-0.026124
-0.026140
-0.026156
-0.026172
-0.026187
-0.026203
-0.026219
-0.026235
-0.026250
-0.026266
-0.026282
-0.026297
-0.026313
-0.026329
-0.026344
-0.026360
-0.026376
-0.026391
-0.026407
-0.026422
-0.026438
-0.026454
-0.026469
-0.026485
-0.026500
-0.026516
-0.026532
-0.026547
-0.026563
-0.026578
-0.026594
-0.026609
-0.026625
-0.026640
-0.026656
-0.026671
-0.026687
-0.026702
-0.026718
-0.026733
-0.026748
-0.026764
-0.026779
-0.026795
-0.026810
-0.026825
-0.026841
-0.026856
-0.026872
-0.026887
-0.026902
-0.026918
-0.026933
-0.026948
-0.026964
-0.026979
-0.026994
-0.027010
-0.027025
-0.027040
-0.027055
-0.027071
-0.027086
-0.027101
-0.027116
-0.027132
-0.027147
-0.027162
-0.027177
-0.027193
-0.027208
-0.027223
-0.027238
-0.027253
-0.027268
-0.027284
-0.027299
-0.027314
-0.027329
-0.027344
-0.027359
-0.027374
-0.027389
-0.027405
-0.027420
-0.027435
-0.027450
-0.027465
-0.027480
-0.027495
-0.027510
-0.027525
-0.027540
-0.027555
-0.027570
-0.027585
-0.027600
-0.027615
-0.027630
-0.027645
-0.027660
-0.027675
-0.027690
-0.027705
-0.027720
-0.027734
-0.027749
-0.027764
-0.027779
-0.027794
-0.027809
-0.027824
-0.027839
-0.027853
-0.027868
-0.027883
-0.027898
-0.027913
-0.027928
-0.027942
-0.027957
-0.027972
-0.027987
-0.028001
-0.028016
-0.028031
-0.028046
-0.028060
-0.028075
-0.028090
-0.028105
-0.028119
-0.028134
-0.028149
-0.028163
-0.028178
-0.028193
-0.028207
-0.028222
-0.028237
-0.028251
-0.028266
-0.028281
-0.028295
-0.028310
-0.028324
-0.028339
-0.028353
-0.028368
-0.028383
-0.028397
-0.028412
-0.028426
-0.028441
-0.028455
-0.028470
-0.028484
-0.028499
-0.028513
-0.028528
-0.028542
-0.028557
-0.028571
-0.028586
-0.028600
-0.028614
-0.028629
-0.028643
-0.028658
-0.028672
-0.028687
-0.028701
-0.028715
-0.028730
-0.028744
-0.028758
-0.028773
-0.028787
-0.028801
-0.028816
-0.028830
-0.028844
-0.028859
-0.028873
-0.028887
-0.028902
-0.028916
-0.028930
-0.028944
-0.028959
-0.028973
-0.028987
-0.029001
-0.029015
-0.029030
-0.029044
-0.029058
-0.029072
-0.029086
-0.029101
-0.029115
-0.029129
-0.029143
-0.029157
-0.029171
-0.029185
-0.029200
-0.029214
-0.029228
-0.029242
-0.029256
-0.029270
-0.029284
-0.029298
-0.029312
-0.029326
-0.029340
-0.029354
-0.029368
-0.029382
-0.029396
-0.029410
-0.029424
-0.029438
-0.029452
-0.029466
-0.029480
-0.029494
-0.029508
-0.029522
-0.029536
-0.029550
-0.029564
-0.029578
-0.029592
-0.029606
-0.029620
-0.029633
-0.029647
-0.029661
-0.029675
-0.029689
-0.029703
-0.029717
-0.029730
-0.029744
-0.029758
-0.029772
-0.029786
-0.029799
-0.029813
-0.029827
-0.029841
-0.029854
-0.029868
-0.029882
-0.029896
-0.029909
-0.029923
-0.029937
-0.029951
-0.029964
-0.029978
-0.029992
-0.030005
-0.030019
-0.030033
-0.030046
-0.030060
-0.030074
-0.030087
-0.030101
-0.030114
-0.030128
-0.030142
-0.030155
-0.030169
-0.030182
-0.030196
-0.030209
-0.030223
-0.030237
-0.030250
-0.030264
-0.030277
-0.030291
-0.030304
-0.030318
-0.030331
-0.030345
-0.030358
-0.030372
-0.030385
-0.030399
-0.030412
-0.030425
-0.030439
-0.030452
-0.030466
-0.030479
-0.030493
-0.030506
-0.030519
-0.030533
-0.030546
-0.030559
-0.030573
-0.030586
-0.030600
-0.030613
-0.030626
-0.030640
-0.030653
-0.030666
-0.030679
-0.030693
-0.030706
-0.030719
-0.030733
-0.030746
-0.030759
-0.030772
-0.030786
-0.030799
-0.030812
-0.030825
-0.030839
-0.030852
-0.030865
-0.030878
-0.030891
-0.030905
-0.030918
-0.030931
-0.030944
-0.030957
-0.030970
-0.030983
-0.030997
-0.031010
-0.031023
-0.031036
-0.031049
-0.031062
-0.031075
-0.031088
-0.031101
-0.031114
-0.031127
-0.031140
-0.031154
-0.031167
-0.031180
-0.031193
-0.031206
-0.031219
-0.031232
-0.031245
-0.031258
-0.031271
-0.031284
-0.031296
-0.031309
-0.031322
-0.031335
-0.031348
-0.031361
-0.031374
-0.031387
-0.031400
-0.031413
-0.031426
-0.031439
-0.031451
-0.031464
-0.031477
-0.031490
-0.031503
-0.031516
-0.031529
-0.031541
-0.031554
-0.031567
-0.031580
-0.031593
-0.031605
-0.031618
-0.031631
-0.031644
-0.031656
-0.031669
-0.031682
-0.031695
-0.031707
-0.031720
-0.031733
-0.031746
-0.031758
-0.031771
-0.031784
-0.031796
-0.031809
-0.031822
-0.031834
-0.031847
-0.031860
-0.031872
-0.031885
-0.031898
-0.031910
-0.031923
-0.031935
-0.031948
-0.031961
-0.031973
-0.031986
-0.031998
-0.032011
-0.032023
-0.032036
-0.032049
-0.032061
-0.032074
-0.032086
-0.032099
-0.032111
-0.032124
-0.032136
-0.032149
-0.032161
-0.032174
-0.032186
-0.032199
-0.032211
-0.032223
-0.032236
-0.032248
-0.032261
-0.032273
-0.032286
-0.032298
-0.032310
-0.032323
-0.032335
-0.032347
-0.032360
-0.032372
-0.032385
-0.032397
-0.032409
-0.032422
-0.032434
-0.032446
-0.032459
-0.032471
-0.032483
-0.032495
-0.032508
-0.032520
-0.032532
-0.032545
-0.032557
-0.032569
-0.032581
-0.032594
-0.032606
-0.032618
-0.032630
-0.032642
-0.032655
-0.032667
-0.032679
-0.032691
-0.032703
-0.032716
-0.032728
-0.032740
-0.032752
-0.032764
-0.032776
-0.032788
-0.032800
-0.032813
-0.032825
-0.032837
-0.032849
-0.032861
-0.032873
-0.032885
-0.032897
-0.032909
-0.032921
-0.032933
-0.032945
-0.032957
-0.032969
-0.032981
-0.032993
-0.033005
-0.033017
-0.033029
-0.033041
-0.033053
-0.033065
-0.033077
-0.033089
-0.033101
-0.033113
-0.033125
-0.033137
-0.033149
-0.033161
-0.033173
-0.033185
-0.033197
-0.033209
-0.033220
-0.033232
-0.033244
-0.033256
-0.033268
-0.033280
-0.033292
-0.033303
-0.033315
-0.033327
-0.033339
-0.033351
-0.033362
-0.033374
-0.033386
-0.033398
-0.033410
-0.033421
-0.033433
-0.033445
-0.033457
-0.033468
-0.033480
-0.033492
-0.033504
-0.033515
-0.033527
-0.033539
-0.033550
-0.033562
-0.033574
-0.033585
-0.033597
-0.033609
-0.033620
-0.033632
-0.033644
-0.033655
-0.033667
-0.033679
-0.033690
-0.033702
-0.033713
-0.033725
-0.033737
-0.033748
-0.033760
-0.033771
-0.033783
-0.033795
-0.033806
-0.033818
-0.033829
-0.033841
-0.033852
-0.033864
-0.033875
-0.033887
-0.033898
-0.033910
-0.033921
-0.033933
-0.033944
-0.033956
-0.033967
-0.033979
-0.033990
-0.034001
-0.034013
-0.034024
-0.034036
-0.034047
-0.034059
-0.034070
-0.034081
-0.034093
-0.034104
-0.034116
-0.034127
-0.034138
-0.034150
-0.034161
-0.034172
-0.034184
-0.034195
-0.034206
-0.034218
-0.034229
-0.034240
-0.034252
-0.034263
-0.034274
-0.034285
-0.034297
-0.034308
-0.034319
-0.034330
-0.034342
-0.034353
-0.034364
-0.034375
-0.034387
-0.034398
-0.034409
-0.034420
-0.034431
-0.034443
-0.034454
-0.034465
-0.034476
-0.034487
-0.034498
-0.034510
-0.034521
-0.034532
-0.034543
-0.034554
-0.034565
-0.034576
-0.034588
-0.034599
-0.034610
-0.034621
-0.034632
-0.034643
-0.034654
-0.034665
-0.034676
-0.034687
-0.034698
-0.034709
-0.034720
-0.034731
-0.034742
-0.034753
-0.034764
-0.034775
-0.034786
-0.034797
-0.034808
-0.034819
-0.034830
-0.034841
-0.034852
-0.034863
-0.034874
-0.034885
-0.034896
-0.034907
-0.034918
-0.034929
-0.034940
-0.034950
-0.034961
-0.034972
-0.034983
-0.034994
-0.035005
-0.035016
-0.035027
-0.035037
-0.035048
-0.035059
-0.035070
-0.035081
-0.035092
-0.035102
-0.035113
-0.035124
-0.035135
-0.035146
-0.035156
-0.035167
-0.035178
-0.035189
-0.035199
-0.035210
-0.035221
-0.035232
-0.035242
-0.035253
-0.035264
-0.035275
-0.035285
-0.035296
-0.035307
-0.035317
-0.035328
-0.035339
-0.035349
-0.035360
-0.035371
-0.035381
-0.035392
-0.035403
-0.035413
-0.035424
-0.035435
-0.035445
-0.035456
-0.035466
-0.035477
-0.035488
-0.035498
-0.035509
-0.035519
-0.035530
-0.035540
-0.035551
-0.035562
-0.035572
-0.035583
-0.035593
-0.035604
-0.035614
-0.035625
-0.035635
-0.035646
-0.035656
-0.035667
-0.035677
-0.035688
-0.035698
-0.035709
-0.035719
-0.035729
-0.035740
-0.035750
-0.035761
-0.035771
-0.035782
-0.035792
-0.035802
-0.035813
-0.035823
-0.035834
-0.035844
-0.035854
-0.035865
-0.035875
-0.035885
-0.035896
-0.035906
-0.035917
-0.035927
-0.035937
-0.035948
-0.035958
-0.035968
-0.035978
-0.035989
-0.035999
-0.036009
-0.036020
-0.036030
-0.036040
-0.036050
-0.036061
-0.036071
-0.036081
-0.036091
-0.036102
-0.036112
-0.036122
-0.036132
-0.036143
-0.036153
-0.036163
-0.036173
-0.036183
-0.036194
-0.036204
-0.036214
-0.036224
-0.036234
-0.036244
-0.036255
-0.036265
-0.036275
-0.036285
-0.036295
-0.036305
-0.036315
-0.036325
-0.036335
-0.036346
-0.036356
-0.036366
-0.036376
-0.036386
-0.036396
-0.036406
-0.036416
-0.036426
-0.036436
-0.036446
-0.036456
-0.036466
-0.036476
-0.036486
-0.036496
-0.036506
-0.036516
-0.036526
-0.036536
-0.036546
-0.036556
-0.036566
-0.036576
-0.036586
-0.036596
-0.036606
-0.036616
-0.036626
-0.036636
-0.036646
-0.036656
-0.036666
-0.036675
-0.036685
-0.036695
-0.036705
-0.036715
-0.036725
-0.036735
-0.036745
-0.036754
-0.036764
-0.036774
-0.036784
-0.036794
-0.036804
-0.036813
-0.036823
-0.036833
-0.036843
-0.036853
-0.036863
-0.036872
-0.036882
-0.036892
-0.036902
-0.036911
-0.036921
0.575383
1.473284
2.506573
3.169851
3.636768
3.976084
4.226821
4.413152
4.550787
4.650422
4.714949
4.752709
4.769248
4.768686
4.754215
4.728373
4.693220
4.650443
4.601445
4.547398
4.489298
4.427975
4.364130
4.298362
4.231188
4.163028
4.094245
4.025160
3.956025
3.887060
3.818463
3.750381
3.682945
3.616276
3.550455
3.485557
3.421651
3.358780
3.296981
3.236292
3.176730
3.118310
3.061042
3.004939
2.949996
2.896211
2.843576
2.792094
2.741746
2.692521
2.644404
2.597388
2.551452
2.506577
2.462746
2.419946
2.378155
2.337354
2.297523
2.258642
2.220696
2.183662
2.147522
2.112256
2.077843
2.044264
2.011505
1.979544
1.948362
1.917940
1.888261
1.859307
1.831060
1.803506
1.776626
1.750403
1.724821
1.699863
1.675515
1.651760
1.628584
1.605973
1.583914
1.562391
1.541390
1.520898
1.500901
1.481388
1.462344
1.443759
1.425619
1.407914
1.390633
1.373765
1.357299
1.341223
1.325527
1.310202
1.295237
1.280622
1.878390
2.763768
3.787501
4.455483
4.933457
5.286767
5.552422
5.753542
5.905234
6.017864
6.090876
6.134292
6.154432
6.155909
6.142244
6.116207
6.080029
6.035534
5.984248
5.927426
5.866129
5.801250
5.733574
5.663723
5.592242
5.519622
5.446234
5.372410
5.298466
5.224615
5.151057
5.077997
5.005549
4.933851
4.862992
4.793053
4.724116
4.656227
4.589424
4.523757
4.459243
4.395897
4.333730
4.272774
4.213008
4.154433
4.097059
4.040869
3.985851
3.931991
3.879296
3.827735
3.777292
3.727948
3.679702
3.632523
3.586392
3.541288
3.497200
3.454105
3.411981
3.370806
3.330561
3.291233
3.252798
3.215236
3.178525
3.142647
3.107580
3.073317
3.039832
3.007106
2.975119
2.943854
2.913294
2.883420
2.854228
2.825691
2.797792
2.770517
2.743848
2.717770
2.692269
2.667336
2.642954
2.619107
2.595781
2.572963
2.550639
2.528798
2.507425
2.486510
2.466044
2.446013
2.426407
2.407213
2.388421
2.370019
2.351998
2.334347
2.317056
2.300117
2.283520
2.267256
2.251320
2.235701
2.220390
2.205379
2.190660
2.176224
2.162065
2.148175
2.134547
2.121174
2.108049
2.095165
2.082516
2.070097
2.057900
2.045923
2.034159
2.022601
2.011243
2.000081
1.989108
1.978321
1.967713
1.957281
1.947020
1.936924
1.926991
1.917214
1.907591
1.898118
1.888789
1.879602
1.870553
1.861639
1.852854
1.844198
1.835667
1.827258
1.818967
1.810791
1.802727
1.794771
1.786922
1.779175
1.771530
1.763982
1.756530
1.749172
1.741903
1.734723
1.727630
1.720620
1.713692
1.706844
1.700073
1.693379
1.686758
1.680209
1.673731
1.667321
1.660977
1.654700
1.648485
1.642333
1.636241
1.630210
1.624237
1.618320
1.612458
1.606651
1.600895
1.595191
1.589537
1.583932
1.578374
1.572863
1.567397
1.561975
1.556597
1.551262
1.545967
1.540713
1.535499
1.530323
1.525186
1.520085
1.515020
1.509991
1.504996
1.500035
1.495108
1.490213
1.485349
1.480517
1.475715
1.470943
1.466200
1.461485
1.456799
1.452140
1.447508
1.442903
1.438323
1.433769
1.429240
1.424735
1.420255
1.415798
1.411365
1.406955
1.402567
1.398202
1.393857
1.389534
1.385232
1.380950
1.376688
1.372446
1.368223
1.364019
1.359834
1.355667
1.351519
1.347388
1.343275
1.339179
1.335100
1.331038
1.326993
1.322964
1.318950
1.314953
1.310971
1.307005
1.303053
1.299117
1.295195
1.291288
1.287395
1.283517
1.279652
1.275801
1.271964
1.268141
1.264330
1.260533
1.256749
1.252978
1.249219
1.245473
1.241740
1.238018
1.234309
1.230612
1.226927
1.223254
1.219592
1.215942
1.212303
1.208676
1.205061
1.201457
1.197864
1.194282
1.190711
1.187151
1.183602
1.180063
1.176535
1.173017
1.169509
1.166012
1.162525
1.159048
1.155581
1.152124
1.148677
1.145240
1.141812
1.138394
1.134986
1.131587
1.128198
1.124818
1.121448
1.118086
1.114734
1.111392
1.108058
1.104733
1.101418
1.098111
1.094813
1.091524
1.088244
1.084973
1.081711
1.078457
1.075212
1.071975
1.068747
1.065527
1.062316
1.059114
1.055920
1.052734
1.049556
1.046387
1.043226
1.040073
1.036929
1.033792
1.030664
1.027544
1.024431
1.021327
1.018231
1.015143
1.012063
1.008990
1.005926
1.002869
0.999820
0.996779
0.993746
0.990721
0.987704
0.984694
0.981692
0.978698
0.975712
0.972733
0.969762
0.966798
0.963842
0.960893
0.957952
0.955018
0.952092
0.949173
0.946261
0.943357
0.940460
0.937571
0.934689
0.931814
0.928946
0.926086
0.923232
0.920386
0.917547
0.914716
0.911891
0.909073
0.906263
0.903460
0.900663
0.897874
0.895092
0.892317
0.889549
0.886787
0.884033
0.881286
0.878545
0.875812
0.873085
0.870365
0.867652
0.864946
0.862247
0.859554
0.856868
0.854190
0.851517
0.848852
0.846193
0.843541
0.840896
0.838257
0.835625
0.833000
0.830381
0.827769
0.825163
0.822564
0.819972
0.817386
0.814807
0.812234
0.809668
0.807108
0.804555
0.802008
0.799467
0.796933
0.794406
0.791885
0.789370
0.786862
0.784360
0.781864
0.779375
0.776893
0.774416
0.771946
0.769483
0.767026
0.764575
0.762130
0.759692
0.757260
0.754834
0.752414
0.750000
0.747593
0.745192
0.742797
0.740408
0.738025
0.735648
0.733278
0.730913
0.728555
0.726202
0.723856
0.721515
0.719181
0.716853
0.714530
0.712214
0.709903
0.707599
0.705300
0.703008
0.700721
0.698440
0.696165
0.693896
0.691633
0.689376
0.687124
0.684878
0.682638
0.680404
0.678176
0.675953
0.673737
0.671526
0.669320
0.667121
0.664927
0.662739
0.660556
0.658379
0.656208
0.654042
0.651883
0.649728
0.647580
0.645437
0.643299
0.641167
0.639041
0.636920
0.634805
0.632695
0.630591
0.628493
0.626399
0.624312
0.622230
0.620153
0.618081
0.616016
0.613955
0.611900
0.609851
0.607806
0.605767
0.603734
0.601706
0.599683
0.597666
0.595653
0.593647
0.591645
0.589649
0.587658
0.585672
0.583692
0.581717
0.579747
0.577782
0.575822
0.573868
0.571919
0.569975
0.568036
0.566102
0.564174
0.562250
0.560332
0.558419
0.556511
0.554609
0.552711
0.550818
0.548931
0.547049
0.545171
0.543299
0.541431
0.539569
0.537711
0.535859
0.534012
0.532169
0.530331
0.528499
0.526671
0.524848
0.523030
0.521217
0.519409
0.517606
0.515807
0.514014
0.512225
0.510441
0.508662
0.506887
0.505118
0.503353
0.501593
0.499838
0.498087
0.496341
0.494600
0.492864
0.491132
0.489405
0.487683
0.485965
0.484252
0.482544
0.480840
0.479141
0.477446
0.475756
0.474071
0.472390
0.470714
0.469043
0.467376
0.465713
0.464055
0.462402
0.460753
0.459109
0.457469
0.455833
0.454202
0.452576
0.450954
0.449336
0.447723
0.446114
0.444510
0.442910
0.441314
0.439723
0.438136
0.436554
0.434976
0.433402
0.431832
0.430267
0.428706
0.427150
0.425598
0.424050
0.422506
0.420967
0.419431
0.417901
0.416374
0.414851
0.413333
0.411819
0.410309
0.408803
0.407302
0.405804
0.404311
0.402822
0.401337
0.399856
0.398380
0.396907
0.395438
0.393974
0.392514
0.391057
0.389605
0.388157
0.386713
0.385273
0.383836
0.382404
0.380976
0.379552
0.378132
0.376716
0.375303
0.373895
0.372491
0.371090
0.369694
0.368301
0.366913
0.365528
0.364147
0.362770
0.361397
0.360028
0.358662
0.357301
0.355943
0.354589
0.353239
0.351892
0.350550
0.349211
0.347876
0.346545
0.345218
0.343894
0.342575
0.341258
0.339946
0.338637
0.337333
0.336031
0.334734
0.333440
0.332150
0.330863
0.329580
0.328301
0.327026
0.325754
0.324485
0.323221
0.321959
0.320702
0.319448
0.318197
0.316951
0.315707
0.314468
0.313231
0.311999
0.310769
0.309544
0.308322
0.307103
0.305888
0.304676
0.303468
0.302263
0.301062
0.299864
0.298670
0.297479
0.296291
0.295107
0.293926
0.292749
0.291575
0.290404
0.289237
0.288073
0.286912
0.285755
0.284601
0.283451
0.282304
0.281160
0.280019
0.278882
0.277748
0.276617
0.275489
0.274365
0.273244
0.272127
0.271012
0.269901
0.268793
0.267688
0.266586
0.265488
0.264393
0.263301
0.262212
0.261126
0.260044
0.258964
0.257888
0.256815
0.255745
0.254678
0.253614
0.252554
0.251496
0.250442
0.249390
0.248342
0.247297
0.246255
0.245215
0.244179
0.243146
0.242116
0.241089
0.240065
0.239044
0.238026
0.237011
0.235999
0.234990
0.233984
0.232981
0.231981
0.230984
0.229989
0.228998
0.228010
0.227024
0.226042
0.225062
0.224085
0.223111
0.222140
0.221172
0.220207
0.219244
0.218285
0.217328
0.216374
0.215423
0.214475
0.213530
0.212587
0.211647
0.210710
0.209776
0.208844
0.207916
0.206990
0.206067
0.205146
0.204229
0.203314
0.202402
0.201492
0.200585
0.199681
0.198780
0.197881
0.196985
0.196092
0.195202
0.194314
0.193429
0.192546
0.191666
0.190789
0.189914
0.189042
0.188173
0.187306
0.186442
0.185580
0.184721
0.183865
0.183011
0.182160
0.181311
0.180465
0.179622
0.178781
0.177942
0.177107
0.176273
0.175442
0.174614
0.173788
0.172965
0.172144
0.171326
0.170510
0.169697
0.168886
0.168078
0.167272
0.166469
0.165668
0.164869
0.164073
0.163279
0.162488
0.161699
0.160913
0.160129
0.159347
0.158568
0.157791
0.157017
0.156245
0.155475
0.154708
0.153943
0.153180
0.152420
0.151662
0.150906
0.150153
0.149402
0.148654
0.147907
0.147163
0.146422
0.145682
0.144945
0.144210
0.143478
0.142748
0.142020
0.141294
0.140570
0.139849
0.139130
0.138413
0.137699
0.136986
0.136276
0.135568
0.134863
0.134159
0.133458
0.132759
0.132062
0.131368
0.130675
0.129985
0.129297
0.128611
0.127927
0.127245
0.126566
0.125888
0.125213
0.124540
0.123869
0.123200
0.122533
0.121869
0.121206
0.120545
0.119887
0.119231
0.118577
0.117924
0.117274
0.116626
0.115980
0.115336
0.114695
0.114055
0.113417
0.112781
0.112147
0.111516
0.110886
0.110258
0.109633
0.109009
0.108387
0.107768
0.107150
0.106534
0.105921
0.105309
0.104699
0.104091
0.103485
0.102881
0.102279
0.101679
0.101081
0.100485
0.099891
0.099298
0.098708
0.098120
0.097533
0.096948
0.096366
0.095785
0.095206
0.094629
0.094053
0.093480
0.092909
0.092339
0.091771
0.091205
0.090641
0.090079
0.089519
0.088960
0.088404
0.087849
0.087296
0.086745
0.086195
0.085648
0.085102
0.084558
0.084016
0.083475
0.082937
0.082400
0.081865
0.081332
0.080800
0.080271
0.079743
0.079217
0.078692
0.078169
0.077649
0.077129
0.076612
0.076096
0.075582
0.075070
0.074559
0.074051
0.073543
0.073038
0.072534
0.072032
0.071532
0.071033
0.070537
0.070041
0.069548
0.069056
0.068566
0.068077
0.067590
0.067105
0.066621
0.066139
0.065659
0.065181
0.064704
0.064228
0.063754
0.063282
0.062812
0.062343
0.061876
0.061410
0.060946
0.060484
0.060023
0.059564
0.059106
0.058650
0.058195
0.057743
0.057291
0.056841
0.056393
0.055947
0.055502
0.055058
0.054616
0.054176
0.053737
0.053300
0.052864
0.052430
0.051997
0.051566
0.051136
0.050708
0.050281
0.049856
0.049433
0.049011
0.048590
0.048171
0.047754
0.047337
0.046923
0.046510
0.046098
0.045688
0.045279
0.044872
0.044466
0.044062
0.043659
0.043258
0.042858
0.042460
0.042063
0.041667
0.041273
0.040880
0.040489
0.040099
0.039711
0.039324
0.038938
0.038554
0.038171
0.037790
0.037410
0.037032
0.036655
0.036279
0.035904
0.035532
0.035160
0.034790
0.034421
0.034054
0.033688
0.033323
0.032960
0.032598
0.032237
0.031878
0.031520
0.031164
0.030809
0.030455
0.030102
0.029751
0.029401
0.029053
0.028706
0.028360
0.028016
0.027672
0.027331
0.026990
0.026651
0.026313
0.025976
0.025641
0.025307
0.024974
0.024643
0.024313
0.023984
0.023656
0.023330
0.023005
0.022681
0.022359
0.022038
0.021718
0.021399
0.021082
0.020766
0.020451
0.020137
0.019825
0.019514
0.019204
0.018895
0.018588
0.018281
0.017976
0.017673
0.017370
0.017069
0.016769
0.016470
0.016172
0.015876
0.015581
0.015287
0.014994
0.014702
0.014412
0.014122
0.013834
0.013548
0.013262
0.012977
0.012694
0.012412
0.012131
0.011851
0.011573
0.011295
0.011019
0.010744
0.010470
0.010197
0.009925
0.009655
0.009385
0.009117
0.008850
0.008584
0.008319
0.008055
0.007793
0.007531
0.007271
0.007012
0.006754
0.006497
0.006241
0.005986
0.005732
0.005480
0.005228
0.004978
0.004729
0.004481
0.004233
0.003987
0.003743
0.003499
0.003256
0.003014
0.002774
0.002534
0.002296
0.002058
0.001822
0.001587
0.001352
0.001119
0.000887
0.000656
0.000426
0.000197
-0.000031
-0.000258
-0.000484
-0.000709
-0.000932
-0.001155
-0.001377
-0.001598
-0.001817
-0.002036
-0.002254
-0.002470
-0.002686
-0.002901
-0.003115
-0.003327
-0.003539
-0.003750
-0.003959
-0.004168
-0.004376
-0.004582
-0.004788
-0.004993
-0.005197
-0.005400
-0.005602
-0.005802
-0.006002
-0.006201
-0.006399
-0.006597
-0.006793
-0.006988
-0.007182
-0.007375
-0.007568
-0.007759
-0.007950
-0.008139
-0.008328
-0.008515
-0.008702
-0.008888
-0.009073
-0.009257
-0.009440
-0.009622
-0.009804
-0.009984
-0.010163
-0.010342
-0.010520
-0.010696
-0.010872
-0.011047
-0.011222
-0.011395
-0.011567
-0.011739
-0.011909
-0.012079
-0.012248
-0.012416
-0.012583
-0.012749
-0.012915
-0.013079
-0.013243
-0.013406
-0.013568
-0.013729
-0.013890
-0.014049
-0.014208
-0.014366
-0.014523
-0.014679
-0.014834
-0.014989
-0.015143
-0.015296
-0.015448
-0.015599
-0.015750
-0.015899
-0.016048
-0.016197
-0.016344
-0.016490
-0.016636
-0.016781
-0.016925
-0.017069
-0.017212
-0.017353
-0.017494
-0.017635
-0.017774
-0.017913
-0.018051
-0.018189
-0.018325
-0.018461
-0.018596
-0.018730
-0.018864
-0.018997
-0.019129
-0.019260
-0.019391
-0.019521
-0.019650
-0.019779
-0.019906
-0.020034
-0.020160
-0.020286
-0.020410
-0.020535
-0.020658
-0.020781
-0.020903
-0.021025
-0.021146
-0.021266
-0.021385
-0.021504
-0.021622
-0.021739
-0.021856
-0.021972
-0.022088
-0.022202
-0.022316
-0.022430
-0.022543
-0.022655
-0.022766
-0.022877
-0.022987
-0.023097
-0.023206
-0.023314
-0.023422
-0.023529
-0.023636
-0.023741
-0.023847
-0.023951
-0.024055
-0.024159
-0.024261
-0.024364
-0.024465
-0.024566
-0.024667
-0.024767
-0.024866
-0.024965
-0.025063
-0.025160
-0.025257
-0.025353
-0.025449
-0.025545
-0.025639
-0.025733
-0.025827
-0.025920
-0.026012
-0.026104
-0.026196
-0.026287
-0.026377
-0.026467
-0.026556
-0.026645
-0.026733
-0.026820
-0.026908
-0.026994
-0.027080
-0.027166
-0.027251
-0.027336
-0.027420
-0.027503
-0.027586
-0.027669
-0.027751
-0.027833
-0.027914
-0.027995
-0.028075
-0.028155
-0.028234
-0.028313
-0.028391
-0.028469
-0.028546
-0.028623
-0.028699
-0.028775
-0.028851
-0.028926
-0.029001
-0.029075
-0.029149
-0.029222
-0.029295
-0.029367
-0.029439
-0.029511
-0.029582
-0.029653
-0.029723
-0.029793
-0.029863
-0.029932
-0.030000
-0.030069
-0.030137
-0.030204
-0.030271
-0.030338
-0.030404
-0.030470
-0.030536
-0.030601
-0.030665
-0.030730
-0.030794
-0.030857
-0.030921
-0.030984
-0.031046
-0.031108
-0.031170
-0.031232
-0.031293
-0.031353
-0.031414
-0.031474
-0.031533
-0.031593
-0.031652
-0.031710
-0.031769
-0.031827
-0.031884
-0.031942
-0.031999
-0.032055
-0.032112
-0.032168
-0.032223
-0.032279
-0.032334
-0.032389
-0.032443
-0.032497
-0.032551
-0.032605
-0.032658
-0.032711
-0.032763
-0.032816
-0.032868
-0.032920
-0.032971
-0.033022
-0.033073
-0.033124
-0.033174
-0.033224
-0.033274
-0.033324
-0.033373
-0.033422
-0.033471
-0.033519
-0.033567
-0.033615
-0.033663
-0.033710
-0.033758
-0.033805
-0.033851
-0.033898
-0.033944
-0.033990
-0.034036
-0.034081
-0.034126
-0.034171
-0.034216
-0.034260
-0.034305
-0.034349
-0.034393
-0.034436
-0.034480
-0.034523
-0.034566
-0.034608
-0.034651
-0.034693
-0.034735
-0.034777
-0.034819
-0.034860
-0.034902
-0.034943
-0.034983
-0.035024
-0.035065
-0.035105
-0.035145
-0.035185
-0.035224
-0.035264
-0.035303
-0.035342
-0.035381
-0.035420
-0.035458
-0.035497
-0.035535
-0.035573
-0.035611
-0.035648
-0.035686
-0.035723
-0.035760
-0.035797
-0.035834
-0.035870
-0.035907
-0.035943
-0.035979
-0.036015
-0.036051
-0.036086
-0.036122
-0.036157
-0.036192
-0.036227
-0.036262
-0.036297
-0.036331
-0.036366
-0.036400
-0.036434
-0.036468
-0.036502
-0.036536
-0.036569
-0.036603
-0.036636
-0.036669
-0.036702
-0.036735
-0.036767
-0.036800
-0.036832
-0.036865
-0.036897
-0.036929
-0.036961
-0.036993
-0.037024
-0.037056
-0.037087
-0.037118
-0.037150
-0.037181
-0.037211
-0.037242
-0.037273
-0.037303
-0.037334
-0.037364
-0.037394
-0.037425
-0.037455
-0.037484
-0.037514
-0.037544
-0.037573
-0.037603
-0.037632
-0.037661
-0.037690
-0.037719
-0.037748
-0.037777
-0.037806
-0.037834
-0.037863
-0.037891
-0.037920
-0.037948
-0.037976
-0.038004
-0.038032
-0.038060
-0.038087
-0.038115
-0.038142
-0.038170
-0.038197
-0.038225
-0.038252
-0.038279
-0.038306
-0.038333
-0.038359
-0.038386
-0.038413
-0.038439
-0.038466
-0.038492
-0.038518
-0.038545
-0.038571
-0.038597
-0.038623
-0.038649
-0.038675
-0.038700
-0.038726
-0.038751
-0.038777
-0.038802
-0.038828
-0.038853
-0.038878
-0.038903
-0.038928
-0.038953
-0.038978
-0.039003
-0.039028
-0.039052
-0.039077
-0.039102
-0.039126
-0.039150
-0.039175
-0.039199
-0.039223
-0.039247
-0.039271
-0.039295
-0.039319
-0.039343
-0.039367
-0.039390
-0.039414
-0.039438
-0.039461
-0.039485
-0.039508
-0.039531
-0.039555
-0.039578
-0.039601
-0.039624
-0.039647
-0.039670
-0.039693
-0.039716
-0.039739
-0.039761
-0.039784
-0.039807
-0.039829
-0.039852
-0.039874
-0.039896
-0.039919
-0.039941
-0.039963
-0.039985
-0.040007
-0.040029
-0.040051
-0.040073
-0.040095
-0.040117
-0.040139
-0.040161
-0.040182
-0.040204
-0.040225
-0.040247
-0.040268
-0.040290
-0.040311
-0.040332
-0.040354
-0.040375
-0.040396
-0.040417
-0.040438
-0.040459
-0.040480
-0.040501
-0.040522
-0.040543
-0.040563
-0.040584
-0.040605
-0.040625
-0.040646
-0.040666
-0.040687
-0.040707
-0.040728
-0.040748
-0.040768
-0.040788
-0.040809
-0.040829
-0.040849
-0.040869
-0.040889
-0.040909
-0.040929
-0.040949
-0.040969
-0.040988
-0.041008
-0.041028
-0.041047
-0.041067
-0.041087
-0.041106
-0.041126
-0.041145
-0.041164
-0.041184
-0.041203
-0.041222
-0.041242
-0.041261
-0.041280
-0.041299
-0.041318
-0.041337
-0.041356
-0.041375
-0.041394
-0.041413
-0.041432
-0.041450
-0.041469
-0.041488
-0.041507
-0.041525
-0.041544
-0.041562
-0.041581
-0.041599
-0.041618
-0.041636
-0.041654
-0.041673
-0.041691
-0.041709
-0.041727
-0.041746
-0.041764
-0.041782
-0.041800
-0.041818
-0.041836
-0.041854
-0.041872
-0.041890
-0.041907
-0.041925
-0.041943
-0.041961
-0.041978
-0.041996
-0.042014
-0.042031
-0.042049
-0.042066
-0.042084
-0.042101
-0.042118
-0.042136
-0.042153
-0.042170
-0.042188
-0.042205
-0.042222
-0.042239
-0.042256
-0.042273
-0.042290
-0.042307
-0.042324
-0.042341
-0.042358
-0.042375
-0.042392
-0.042409
-0.042425
-0.042442
-0.042459
-0.042475
-0.042492
-0.042509
-0.042525
-0.042542
-0.042558
-0.042575
-0.042591
-0.042607
-0.042624
-0.042640
-0.042656
-0.042673
-0.042689
-0.042705
-0.042721
-0.042737
-0.042754
-0.042770
-0.042786
-0.042802
-0.042818
-0.042834
-0.042849
-0.042865
-0.042881
-0.042897
-0.042913
-0.042929
-0.042944
-0.042960
-0.042976
-0.042991
-0.043007
-0.043022
-0.043038
-0.043053
-0.043069
-0.043084
-0.043100
-0.043115
-0.043130
-0.043146
-0.043161
-0.043176
-0.043191
-0.043207
-0.043222
-0.043237
-0.043252
-0.043267
-0.043282
-0.043297
-0.043312
-0.043327
-0.043342
-0.043357
-0.043372
-0.043386
-0.043401
-0.043416
-0.043431
-0.043445
-0.043460
-0.043475
-0.043489
-0.043504
-0.043519
-0.043533
-0.043548
-0.043562
-0.043577
-0.043591
-0.043605
-0.043620
-0.043634
-0.043648
-0.043663
-0.043677
-0.043691
-0.043705
-0.043719
-0.043734
-0.043748
-0.043762
-0.043776
-0.043790
-0.043804
-0.043818
-0.043832
-0.043846
-0.043859
-0.043873
-0.043887
-0.043901
-0.043915
-0.043928
-0.043942
-0.043956
-0.043969
-0.043983
-0.043997
-0.044010
-0.044024
-0.044037
-0.044051
-0.044064
-0.044078
-0.044091
-0.044104
-0.044118
-0.044131
-0.044144
-0.044158
-0.044171
-0.044184
-0.044197
-0.044210
-0.044224
-0.044237
-0.044250
-0.044263
-0.044276
-0.044289
-0.044302
-0.044315
-0.044328
-0.044341
-0.044354
-0.044366
-0.044379
-0.044392
-0.044405
-0.044418
-0.044430
-0.044443
-0.044456
-0.044468
-0.044481
-0.044493
-0.044506
-0.044519
-0.044531
-0.044544
-0.044556
-0.044568
-0.044581
-0.044593
-0.044606
-0.044618
-0.044630
-0.044643
-0.044655
-0.044667
-0.044679
-0.044691
-0.044704
-0.044716
-0.044728
-0.044740
-0.044752
-0.044764
-0.044776
-0.044788
-0.044800
-0.044812
-0.044824
-0.044836
-0.044848
-0.044859
-0.044871
-0.044883
-0.044895
-0.044907
-0.044918
-0.044930
-0.044942
-0.044953
-0.044965
-0.044977
-0.044988
-0.045000
-0.045011
-0.045023
-0.045034
-0.045046
-0.045057
-0.045069
-0.045080
-0.045091
-0.045103
-0.045114
-0.045125
-0.045137
-0.045148
-0.045159
-0.045170
-0.045181
-0.045193
-0.045204
-0.045215
-0.045226
-0.045237
-0.045248
-0.045259
-0.045270
-0.045281
-0.045292
-0.045303
-0.045314
-0.045325
-0.045336
-0.045347
-0.045357
-0.045368
-0.045379
-0.045390
-0.045400
-0.045411
-0.045422
-0.045432
-0.045443
-0.045454
-0.045464
-0.045475
-0.045485
-0.045496
-0.045507
-0.045517
-0.045527
-0.045538
-0.045548
-0.045559
-0.045569
-0.045580
-0.045590
-0.045600
-0.045610
-0.045621
-0.045631
-0.045641
-0.045651
-0.045662
-0.045672
-0.045682
-0.045692
-0.045702
-0.045712
-0.045722
-0.045732
-0.045742
-0.045752
-0.045762
-0.045772
-0.045782
-0.045792
-0.045802
-0.045812
-0.045822
-0.045832
-0.045842
-0.045851
-0.045861
-0.045871
-0.045881
-0.045890
-0.045900
-0.045910
-0.045919
-0.045929
-0.045939
-0.045948
-0.045958
-0.045968
-0.045977
-0.045987
-0.045996
-0.046006
-0.046015
-0.046024
-0.046034
-0.046043
-0.046053
-0.046062
-0.046071
-0.046081
-0.046090
-0.046099
-0.046109
-0.046118
-0.046127
-0.046136
-0.046146
-0.046155
-0.046164
-0.046173
-0.046182
-0.046191
-0.046200
-0.046209
-0.046218
-0.046227
-0.046236
-0.046245
-0.046254
-0.046263
-0.046272
-0.046281
-0.046290
-0.046299
-0.046308
-0.046317
-0.046325
-0.046334
-0.046343
-0.046352
-0.046361
-0.046369
-0.046378
-0.046387
-0.046395
-0.046404
-0.046413
-0.046421
-0.046430
-0.046439
-0.046447
-0.046456
-0.046464
-0.046473
-0.046481
-0.046490
-0.046498
-0.046507
-0.046515
-0.046524
-0.046532
-0.046540
-0.046549
-0.046557
-0.046565
-0.046574
-0.046582
-0.046590
-0.046598
-0.046607
-0.046615
-0.046623
-0.046631
-0.046640
-0.046648
-0.046656
-0.046664
-0.046672
-0.046680
-0.046688
-0.046696
-0.046704
-0.046712
-0.046720
-0.046728
-0.046736
-0.046744
-0.046752
-0.046760
-0.046768
-0.046776
-0.046784
-0.046792
-0.046800
-0.046807
-0.046815
-0.046823
-0.046831
-0.046839
-0.046846
-0.046854
-0.046862
-0.046870
-0.046877
-0.046885
-0.046893
-0.046900
-0.046908
-0.046915
-0.046923
-0.046931
-0.046938
-0.046946
-0.046953
-0.046961
-0.046968
-0.046976
-0.046983
-0.046991
-0.046998
-0.047006
-0.047013
-0.047020
-0.047028
-0.047035
-0.047042
-0.047050
-0.047057
-0.047064
-0.047072
-0.047079
-0.047086
-0.047094
-0.047101
-0.047108
-0.047115
-0.047122
-0.047130
-0.047137
-0.047144
-0.047151
-0.047158
-0.047165
-0.047172
-0.047179
-0.047186
-0.047193
-0.047200
-0.047207
-0.047214
-0.047221
-0.047228
-0.047235
-0.047242
-0.047249
-0.047256
-0.047263
-0.047270
-0.047277
-0.047284
-0.047291
-0.047297
-0.047304
-0.047311
-0.047318
-0.047325
-0.047331
-0.047338
-0.047345
-0.047352
-0.047358
-0.047365
-0.047372
-0.047378
-0.047385
-0.047392
-0.047398
-0.047405
-0.047412
-0.047418
-0.047425
-0.047431
-0.047438
-0.047444
-0.047451
-0.047457
-0.047464
-0.047470
-0.047477
-0.047483
-0.047490
-0.047496
-0.047503
-0.047509
-0.047515
-0.047522
-0.047528

