0.000000
0.000000
-0.000026
-0.000052
-0.000077
-0.000103
-0.000128
-0.000153
-0.000177
-0.000201
-0.000224
-0.000247
-0.000270
-0.000293
-0.000315
-0.000337
-0.000359
-0.000380
-0.000402
-0.000423
-0.000444
-0.000465
-0.000485
-0.000506
-0.000526
-0.000547
-0.000567
-0.000587
-0.000607
-0.000627
-0.000647
-0.000667
-0.000687
-0.000707
-0.000726
-0.000746
-0.000766
-0.000785
-0.000805
-0.000824
-0.000844
-0.000863
-0.000883
-0.000902
-0.000922
-0.000941
-0.000961
-0.000980
-0.001000
-0.001019
-0.001038
-0.001058
-0.001077
-0.001097
-0.001116
-0.001135
-0.001155
-0.001174
-0.001194
-0.001213
-0.001233
-0.001252
-0.001271
-0.001291
-0.001310
-0.001330
-0.001349
-0.001369
-0.001388
-0.001408
-0.001428
-0.001447
-0.001467
-0.001486
-0.001506
-0.001525
-0.001545
-0.001565
-0.001584
-0.001604
-0.001624
-0.001644
-0.001663
-0.001683
-0.001703
-0.001723
-0.001743
-0.001762
-0.001782
-0.001802
-0.001822
-0.001842
-0.001862
-0.001882
-0.001902
-0.001922
-0.001942
-0.001962
-0.001982
-0.002002
-0.002022
-0.002042
-0.002063
-0.002083
-0.002103
-0.002123
-0.002143
-0.002164
-0.002184
-0.002204
-0.002225
-0.002245
-0.002265
-0.002286
-0.002306
-0.002326
-0.002347
-0.002367
-0.002388
-0.002408
-0.002429
-0.002449
-0.002470
-0.002491
-0.002511
-0.002532
-0.002553
-0.002573
-0.002594
-0.002615
-0.002635
-0.002656
-0.002677
-0.002698
-0.002719
-0.002739
-0.002760
-0.002781
-0.002802
-0.002823
-0.002844
-0.002865
-0.002886
-0.002907
-0.002928
-0.002949
-0.002970
-0.002991
-0.003012
-0.003033
-0.003054
-0.003075
-0.003097
-0.003118
-0.003139
-0.003160
-0.003181
-0.003203
-0.003224
-0.003245
-0.003266
-0.003288
-0.003309
-0.003330
-0.003352
-0.003373
-0.003395
-0.003416
-0.003437
-0.003459
-0.003480
-0.003502
-0.003523
-0.003545
-0.003566
-0.003588
-0.003610
-0.003631
-0.003653
-0.003674
-0.003696
-0.003718
-0.003739
-0.003761
-0.003783
-0.003804
-0.003826
-0.003848
-0.003869
-0.003891
-0.003913
-0.003935
-0.003956
-0.003978
-0.004000
-0.004022
-0.004044
-0.004066
-0.004088
-0.004109
-0.004131
-0.004153
-0.004175
-0.004197
-0.004219
-0.004241
-0.004263
-0.004285
-0.004307
-0.004329
-0.004351
-0.004373
-0.004395
-0.004417
-0.004439
-0.004461
-0.004483
-0.004505
-0.004527
-0.004550
-0.004572
-0.004594
-0.004616
-0.004638
-0.004660
-0.004683
-0.004705
-0.004727
-0.004749
-0.004771
-0.004794
-0.004816
-0.004838
-0.004860
-0.004883
-0.004905
-0.004927
-0.004949
-0.004972
-0.004994
-0.005016
-0.005039
-0.005061
-0.005083
-0.005106
-0.005128
-0.005150
-0.005173
-0.005195
-0.005218
-0.005240
-0.005262
-0.005285
-0.005307
-0.005330
-0.005352
-0.005375
-0.005397
-0.005419
-0.005442
-0.005464
-0.005487
-0.005509
-0.005532
-0.005554
-0.005577
-0.005599
-0.005622
-0.005644
-0.005667
-0.005690
-0.005712
-0.005735
-0.005757
-0.005780
-0.005802
-0.005825
-0.005847
-0.005870
-0.005893
-0.005915
-0.005938
-0.005960
-0.005983
-0.006006
-0.006028
-0.006051
-0.006073
-0.006096
-0.006119
-0.006141
-0.006164
-0.006187
-0.006209
-0.006232
-0.006255
-0.006277
-0.006300
-0.006323
-0.006345
-0.006368
-0.006391
-0.006413
-0.006436
-0.006459
-0.006482
-0.006504
-0.006527
-0.006550
-0.006572
-0.006595
-0.006618
-0.006641
-0.006663
-0.006686
-0.006709
-0.006731
-0.006754
-0.006777
-0.006800
-0.006822
-0.006845
-0.006868
-0.006891
-0.006913
-0.006936
-0.006959
-0.006982
-0.007004
-0.007027
-0.007050
-0.007073
-0.007095
-0.007118
-0.007141
-0.007164
-0.007187
-0.007209
-0.007232
-0.007255
-0.007278
-0.007300
-0.007323
-0.007346
-0.007369
-0.007392
-0.007414
-0.007437
-0.007460
-0.007483
-0.007505
-0.007528
-0.007551
-0.007574
-0.007597
-0.007619
-0.007642
-0.007665
-0.007688
-0.007711
-0.007733
-0.007756
-0.007779
-0.007802
-0.007825
-0.007847
-0.007870
-0.007893
-0.007916
-0.007939
-0.007961
-0.007984
-0.008007
-0.008030
-0.008052
-0.008075
-0.008098
-0.008121
-0.008144
-0.008166
-0.008189
-0.008212
-0.008235
-0.008258
-0.008280
-0.008303
-0.008326
-0.008349
-0.008371
-0.008394
-0.008417
-0.008440
-0.008462
-0.008485
-0.008508
-0.008531
-0.008554
-0.008576
-0.008599
-0.008622
-0.008645
-0.008667
-0.008690
-0.008713
-0.008736
-0.008758
-0.008781
-0.008804
-0.008827
-0.008849
-0.008872
-0.008895
-0.008917
-0.008940
-0.008963
-0.008986
-0.009008
-0.009031
-0.009054
-0.009077
-0.009099
-0.009122
-0.009145
-0.009167
-0.009190
-0.009213
-0.009235
-0.009258
-0.009281
-0.009304
-0.009326
-0.009349
-0.009372
-0.009394
-0.009417
-0.009440
-0.009462
-0.009485
-0.009508
-0.009530
-0.009553
-0.009576
-0.009598
-0.009621
-0.009643
-0.009666
-0.009689
-0.009711
-0.009734
-0.009757
-0.009779
-0.009802
-0.009824
-0.009847
-0.009870
-0.009892
-0.009915
-0.009937
-0.009960
-0.009983
-0.010005
-0.010028
-0.010050
-0.010073
-0.010095
-0.010118
-0.010141
-0.010163
-0.010186
-0.010208
-0.010231
-0.010253
-0.010276
-0.010298
-0.010321
-0.010343
-0.010366
-0.010388
-0.010411
-0.010433
-0.010456
-0.010478
-0.010501
-0.010523
-0.010546
-0.010568
-0.010591
-0.010613
-0.010636
-0.010658
-0.010680
-0.010703
-0.010725
-0.010748
-0.010770
-0.010793
-0.010815
-0.010837
-0.010860
-0.010882
-0.010905
-0.010927
-0.010949
-0.010972
-0.010994
-0.011017
-0.011039
-0.011061
-0.011084
-0.011106
-0.011128
-0.011151
-0.011173
-0.011195
-0.011218
-0.011240
-0.011262
-0.011285
-0.011307
-0.011329
-0.011351
-0.011374
-0.011396
-0.011418
-0.011440
-0.011463
-0.011485
-0.011507
-0.011529
-0.011552
-0.011574
-0.011596
-0.011618
-0.011641
-0.011663
-0.011685
-0.011707
-0.011729
-0.011752
-0.011774
-0.011796
-0.011818
-0.011840
-0.011862
-0.011884
-0.011907
-0.011929
-0.011951
-0.011973
-0.011995
-0.012017
-0.012039
-0.012061
-0.012083
-0.012106
-0.012128
-0.012150
-0.012172
-0.012194
-0.012216
-0.012238
-0.012260
-0.012282
-0.012304
-0.012326
-0.012348
-0.012370
-0.012392
-0.012414
-0.012436
-0.012458
-0.012480
-0.012502
-0.012524
-0.012546
-0.012568
-0.012590
-0.012612
-0.012634
-0.012655
-0.012677
-0.012699
-0.012721
-0.012743
-0.012765
-0.012787
-0.012809
-0.012831
-0.012852
-0.012874
-0.012896
-0.012918
-0.012940
-0.012962
-0.012983
-0.013005
-0.013027
-0.013049
-0.013070
-0.013092
-0.013114
-0.013136
-0.013158
-0.013179
-0.013201
-0.013223
-0.013244
-0.013266
-0.013288
-0.013310
-0.013331
-0.013353
-0.013375
-0.013396
-0.013418
-0.013440
-0.013461
-0.013483
-0.013505
-0.013526
-0.013548
-0.013569
-0.013591
-0.013613
-0.013634
-0.013656
-0.013677
-0.013699
-0.013721
-0.013742
-0.013764
-0.013785
-0.013807
-0.013828
-0.013850
-0.013871
-0.013893
-0.013914
-0.013936
-0.013957
-0.013979
-0.014000
-0.014022
-0.014043
-0.014065
-0.014086
-0.014107
-0.014129
-0.014150
-0.014172
-0.014193
-0.014214
-0.014236
-0.014257
-0.014278
-0.014300
-0.014321
-0.014343
-0.014364
-0.014385
-0.014406
-0.014428
-0.014449
-0.014470
-0.014492
-0.014513
-0.014534
-0.014555
-0.014577
-0.014598
-0.014619
-0.014640
-0.014662
-0.014683
-0.014704
-0.014725
-0.014746
-0.014768
-0.014789
-0.014810
-0.014831
-0.014852
-0.014873
-0.014894
-0.014916
-0.014937
-0.014958
-0.014979
-0.015000
-0.015021
-0.015042
-0.015063
-0.015084
-0.015105
-0.015126
-0.015147
-0.015168
-0.015189
-0.015210
-0.015231
-0.015252
-0.015273
-0.015294
-0.015315
-0.015336
-0.015357
-0.015378
-0.015399
-0.015420
-0.015441
-0.015462
-0.015483
-0.015504
-0.015524
-0.015545
-0.015566
-0.015587
-0.015608
-0.015629
-0.015650
-0.015670
-0.015691
-0.015712
-0.015733
-0.015754
-0.015774
-0.015795
-0.015816
-0.015837
-0.015857
-0.015878
-0.015899
-0.015920
-0.015940
-0.015961
-0.015982
-0.016002
-0.016023
-0.016044
-0.016064
-0.016085
-0.016106
-0.016126
-0.016147
-0.016168
-0.016188
-0.016209
-0.016229
-0.016250
-0.016271
-0.016291
-0.016312
-0.016332
-0.016353
-0.016373
-0.016394
-0.016414
-0.016435
-0.016455
-0.016476
-0.016496
-0.016517
-0.016537
-0.016558
-0.016578
-0.016599
-0.016619
-0.016639
-0.016660
-0.016680
-0.016701
-0.016721
-0.016741
-0.016762
-0.016782
-0.016802
-0.016823
-0.016843
-0.016863
-0.016884
-0.016904
-0.016924
-0.016945
-0.016965
-0.016985
-0.017005
-0.017026
-0.017046
-0.017066
-0.017086
-0.017107
-0.017127
-0.017147
-0.017167
-0.017187
-0.017207
-0.017228
-0.017248
-0.017268
-0.017288
-0.017308
-0.017328
-0.017348
-0.017369
-0.017389
-0.017409
-0.017429
-0.017449
-0.017469
-0.017489
-0.017509
-0.017529
-0.017549
-0.017569
-0.017589
-0.017609
-0.017629
-0.017649
-0.017669
-0.017689
-0.017709
-0.017729
-0.017749
-0.017769
-0.017789
-0.017808
-0.017828
-0.017848
-0.017868
-0.017888
-0.017908
-0.017928
-0.017948
-0.017967
-0.017987
-0.018007
-0.018027
-0.018047
-0.018066
-0.018086
-0.018106
-0.018126
-0.018145
-0.018165
-0.018185
-0.018205
-0.018224
-0.018244
-0.018264
-0.018284
-0.018303
-0.018323
-0.018343
-0.018362
-0.018382
-0.018401
-0.018421
-0.018441
-0.018460
-0.018480
-0.018500
-0.018519
-0.018539
-0.018558
-0.018578
-0.018597
-0.018617
-0.018636
-0.018656
-0.018675
-0.018695
-0.018714
-0.018734
-0.018753
-0.018773
-0.018792
-0.018812
-0.018831
-0.018851
-0.018870
-0.018889
-0.018909
-0.018928
-0.018948
-0.018967
-0.018986
-0.019006
-0.019025
-0.019044
-0.019064
-0.019083
-0.019102
-0.019122
-0.019141
-0.019160
-0.019179
-0.019199
-0.019218
-0.019237
-0.019256
-0.019276
-0.019295
-0.019314
-0.019333
-0.019353
-0.019372
-0.019391
-0.019410
-0.019429
-0.019448
-0.019468
-0.019487
-0.019506
-0.019525
-0.019544
-0.019563
-0.019582
-0.019601
-0.019620
-0.019639
-0.019658
-0.019677
-0.019696
-0.019715
-0.019734
-0.019753
-0.019772
-0.019791
-0.019810
-0.019829
-0.019848
-0.019867
-0.019886
-0.019905
-0.019924
-0.019943
-0.019962
-0.019981
-0.020000
-0.020019
-0.020037
-0.020056
-0.020075
-0.020094
-0.020113
-0.020132
-0.020150
-0.020169
-0.020188
-0.020207
-0.020226
-0.020244
-0.020263
-0.020282
-0.020301
-0.020319
-0.020338
-0.020357
-0.020375
-0.020394
-0.020413
-0.020432
-0.020450
-0.020469
-0.020488
-0.020506
-0.020525
-0.020543
-0.020562
-0.020581
-0.020599
-0.020618
-0.020636
-0.020655
-0.020674
-0.020692
-0.020711
-0.020729
-0.020748
-0.020766
-0.020785
-0.020803
-0.020822
-0.020840
-0.020859
-0.020877
-0.020895
-0.020914
-0.020932
-0.020951
-0.020969
-0.020988
-0.021006
-0.021024
-0.021043
-0.021061
-0.021079
-0.021098
-0.021116
-0.021135
-0.021153
-0.021171
-0.021189
-0.021208
-0.021226
-0.021244
-0.021263
-0.021281
-0.021299
-0.021317
-0.021336
-0.021354
-0.021372
-0.021390
-0.021408
-0.021427
-0.021445
-0.021463
-0.021481
-0.021499
-0.021517
-0.021536
-0.021554
-0.021572
-0.021590
-0.021608
-0.021626
-0.021644
-0.021662
-0.021680
-0.021698
-0.021716
-0.021734
-0.021752
-0.021770
-0.021788
-0.021806
-0.021824
-0.021842
-0.021860
-0.021878
-0.021896
-0.021914
-0.021932
-0.021950
-0.021968
-0.021986
-0.022004
-0.022022
-0.022040
-0.022058
-0.022075
-0.022093
-0.022111
-0.022129
-0.022147
-0.022165
-0.022182
-0.022200
-0.022218
-0.022236
-0.022254
-0.022271
-0.022289
-0.022307
-0.022325
-0.022342
-0.022360
-0.022378
-0.022395
-0.022413
-0.022431
-0.022448
-0.022466
-0.022484
-0.022501
-0.022519
-0.022537
-0.022554
-0.022572
-0.022590
-0.022607
-0.022625
-0.022642
-0.022660
-0.022677
-0.022695
-0.022713
-0.022730
-0.022748
-0.022765
-0.022783
-0.022800
-0.022818
-0.022835
-0.022853
-0.022870
-0.022887
-0.022905
-0.022922
-0.022940
-0.022957
-0.022975
-0.022992
-0.023009
-0.023027
-0.023044
-0.023062
-0.023079
-0.023096
-0.023114
-0.023131
-0.023148
-0.023166
-0.023183
-0.023200
-0.023217
-0.023235
-0.023252
-0.023269
-0.023286
-0.023304
-0.023321
-0.023338
-0.023355
-0.023373
-0.023390
-0.023407
-0.023424
-0.023441
-0.023458
-0.023476
-0.023493
-0.023510
-0.023527
-0.023544
-0.023561
-0.023578
-0.023595
-0.023613
-0.023630
-0.023647
-0.023664
-0.023681
-0.023698
-0.023715
-0.023732
-0.023749
-0.023766
-0.023783
-0.023800
-0.023817
-0.023834
-0.023851
-0.023868
-0.023885
-0.023902
-0.023919
-0.023935
-0.023952
-0.023969
-0.023986
-0.024003
-0.024020
-0.024037
-0.024054
-0.024070
-0.024087
-0.024104
-0.024121
-0.024138
-0.024155
-0.024171
-0.024188
-0.024205
-0.024222
-0.024238
-0.024255
-0.024272
-0.024289
-0.024305
-0.024322
-0.024339
-0.024356
-0.024372
-0.024389
-0.024406
-0.024422
-0.024439
-0.024456
-0.024472
-0.024489
-0.024505
-0.024522
-0.024539
-0.024555
-0.024572
-0.024588
-0.024605
-0.024622
-0.024638
-0.024655
-0.024671
-0.024688
-0.024704
-0.024721
-0.024737
-0.024754
-0.024770
-0.024787
-0.024803
-0.024820
-0.024836
-0.024852
-0.024869
-0.024885
-0.024902
-0.024918
-0.024935
-0.024951
-0.024967
-0.024984
-0.025000
-0.025016
-0.025033
-0.025049
-0.025065
-0.025082
-0.025098
-0.025114
-0.025131
-0.025147
-0.025163
-0.025179
-0.025196
-0.025212
-0.025228
-0.025244
-0.025261
-0.025277
-0.025293
-0.025309
-0.025326
-0.025342
-0.025358
-0.025374
-0.025390
-0.025406
-0.025423
-0.025439
-0.025455
-0.025471
-0.025487
-0.025503
-0.025519
-0.025535
-0.025551
-0.025567
-0.025583
-0.025600
-0.025616
-0.025632
-0.025648
-0.025664
-0.025680
-0.025696
-0.025712
-0.025728
-0.025744
-0.025760
-0.025775
-0.025791
-0.025807
-0.025823
-0.025839
-0.025855
-0.025871
-0.025887
-0.025903
-0.025919
-0.025935
-0.025950
-0.025966
-0.025982
-0.025998
-0.026014
-0.026030
-0.026045
-0.026061
-0.026077
-0.026093
-0.026109
-0.026124
-0.026140
-0.026156
-0.026172
-0.026187
-0.026203
-0.026219
-0.026235
-0.026250
-0.026266
-0.026282
-0.026297
-0.026313
-0.026329
-0.026344
-0.026360
-0.026376
-0.026391
-0.026407
-0.026422
-0.026438
-0.026454
-0.026469
-0.026485
-0.026500
-0.026516
-0.026532
-0.026547
-0.026563
-0.026578
-0.026594
-0.026609
-0.026625
-0.026640
-0.026656
-0.026671
-0.026687
-0.026702
-0.026718
-0.026733
-0.026748
-0.026764
-0.026779
-0.026795
-0.026810
-0.026825
-0.026841
-0.026856
-0.026872
-0.026887
-0.026902
-0.026918
-0.026933
-0.026948
-0.026964
-0.026979
-0.026994
-0.027010
-0.027025
-0.027040
-0.027055
-0.027071
-0.027086
-0.027101
-0.027116
-0.027132
-0.027147
-0.027162
-0.027177
-0.027193
-0.027208
-0.027223
-0.027238
-0.027253
-0.027268
-0.027284
-0.027299
-0.027314
-0.027329
-0.027344
-0.027359
-0.027374
-0.027389
-0.027405
-0.027420
-0.027435
-0.027450
-0.027465
-0.027480
-0.027495
-0.027510
-0.027525
-0.027540
-0.027555
-0.027570
-0.027585
-0.027600
-0.027615
-0.027630
-0.027645
-0.027660
-0.027675
-0.027690
-0.027705
-0.027720
-0.027734
-0.027749
-0.027764
-0.027779
-0.027794
-0.027809
-0.027824
-0.027839
-0.027853
-0.027868
-0.027883
-0.027898
-0.027913
-0.027928
-0.027942
-0.027957
-0.027972
-0.027987
-0.028001
-0.028016
-0.028031
-0.028046
-0.028060
-0.028075
-0.028090
-0.028105
-0.028119
-0.028134
-0.028149
-0.028163
-0.028178
-0.028193
-0.028207
-0.028222
-0.028237
-0.028251
-0.028266
-0.028281
-0.028295
-0.028310
-0.028324
-0.028339
-0.028353
-0.028368
-0.028383
-0.028397
-0.028412
-0.028426
-0.028441
-0.028455
-0.028470
-0.028484
-0.028499
-0.028513
-0.028528
-0.028542
-0.028557
-0.028571
-0.028586
-0.028600
-0.028614
-0.028629
-0.028643
-0.028658
-0.028672
-0.028687
-0.028701
-0.028715
-0.028730
-0.028744
-0.028758
-0.028773
-0.028787
-0.028801
-0.028816
-0.028830
-0.028844
-0.028859
-0.028873
-0.028887
-0.028902
-0.028916
-0.028930
-0.028944
-0.028959
-0.028973
-0.028987
-0.029001
-0.029015
-0.029030
-0.029044
-0.029058
-0.029072
-0.029086
-0.029101
-0.029115
-0.029129
-0.029143
-0.029157
-0.029171
-0.029185
-0.029200
-0.029214
-0.029228
-0.029242
-0.029256
-0.029270
-0.029284
-0.029298
-0.029312
-0.029326
-0.029340
-0.029354
-0.029368
-0.029382
-0.029396
-0.029410
-0.029424
-0.029438
-0.029452
-0.029466
-0.029480
-0.029494
-0.029508
-0.029522
-0.029536
-0.029550
-0.029564
-0.029578
-0.029592
-0.029606
-0.029620
-0.029633
-0.029647
-0.029661
-0.029675
-0.029689
-0.029703
-0.029717
-0.029730
-0.029744
-0.029758
-0.029772
-0.029786
-0.029799
-0.029813
-0.029827
-0.029841
-0.029854
-0.029868
-0.029882
-0.029896
-0.029909
-0.029923
-0.029937
-0.029951
-0.029964
-0.029978
-0.029992
-0.030005
-0.030019
-0.030033
-0.030046
-0.030060
-0.030074
-0.030087
-0.030101
-0.030114
-0.030128
-0.030142
-0.030155
-0.030169
-0.030182
-0.030196
-0.030209
-0.030223
-0.030237
-0.030250
-0.030264
-0.030277
-0.030291
-0.030304
-0.030318
-0.030331
-0.030345
-0.030358
-0.030372
-0.030385
-0.030399
-0.030412
-0.030425
-0.030439
-0.030452
-0.030466
-0.030479
-0.030493
-0.030506
-0.030519
-0.030533
-0.030546
-0.030559
-0.030573
-0.030586
-0.030600
-0.030613
-0.030626
-0.030640
-0.030653
-0.030666
-0.030679
-0.030693
-0.030706
-0.030719
-0.030733
-0.030746
-0.030759
-0.030772
-0.030786
-0.030799
-0.030812
-0.030825
-0.030839
-0.030852
-0.030865
-0.030878
-0.030891
-0.030905
-0.030918
-0.030931
-0.030944
-0.030957
-0.030970
-0.030983
-0.030997
-0.031010
-0.031023
-0.031036
-0.031049
-0.031062
-0.031075
-0.031088
-0.031101
-0.031114
-0.031127
-0.031140
-0.031154
-0.031167
-0.031180
-0.031193
-0.031206
-0.031219
-0.031232
-0.031245
-0.031258
-0.031271
-0.031284
-0.031296
-0.031309
-0.031322
-0.031335
-0.031348
-0.031361
-0.031374
-0.031387
-0.031400
-0.031413
-0.031426
-0.031439
-0.031451
-0.031464
-0.031477
-0.031490
-0.031503
-0.031516
-0.031529
-0.031541
-0.031554
-0.031567
-0.031580
-0.031593
-0.031605
-0.031618
-0.031631
-0.031644
-0.031656
-0.031669
-0.031682
-0.031695
-0.031707
-0.031720
-0.031733
-0.031746
-0.031758
-0.031771
-0.031784
-0.031796
-0.031809
-0.031822
-0.031834
-0.031847
-0.031860
-0.031872
-0.031885
-0.031898
-0.031910
-0.031923
-0.031935
-0.031948
-0.031961
-0.031973
-0.031986
-0.031998
-0.032011
-0.032023
-0.032036
-0.032049
-0.032061
-0.032074
-0.032086
-0.032099
-0.032111
-0.032124
-0.032136
-0.032149
-0.032161
-0.032174
-0.032186
-0.032199
-0.032211
-0.032223
-0.032236
-0.032248
-0.032261
-0.032273
-0.032286
-0.032298
-0.032310
-0.032323
-0.032335
-0.032347
-0.032360
-0.032372
-0.032385
-0.032397
-0.032409
-0.032422
-0.032434
-0.032446
-0.032459
-0.032471
-0.032483
-0.032495
-0.032508
-0.032520
-0.032532
-0.032545
-0.032557
-0.032569
-0.032581
-0.032594
-0.032606
-0.032618
-0.032630
-0.032642
-0.032655
-0.032667
-0.032679
-0.032691
-0.032703
-0.032716
-0.032728
-0.032740
-0.032752
-0.032764
-0.032776
-0.032788
-0.032800
-0.032813
-0.032825
-0.032837
-0.032849
-0.032861
-0.032873
-0.032885
-0.032897
-0.032909
-0.032921
-0.032933
-0.032945
-0.032957
-0.032969
-0.032981
-0.032993
-0.033005
-0.033017
-0.033029
-0.033041
-0.033053
-0.033065
-0.033077
-0.033089
-0.033101
-0.033113
-0.033125
-0.033137
-0.033149
-0.033161
-0.033173
-0.033185
-0.033197
-0.033209
-0.033220
-0.033232
-0.033244
-0.033256
-0.033268
-0.033280
-0.033292
-0.033303
-0.033315
-0.033327
-0.033339
-0.033351
-0.033362
-0.033374
-0.033386
-0.033398
-0.033410
-0.033421
-0.033433
-0.033445
-0.033457
-0.033468
-0.033480
-0.033492
-0.033504
-0.033515
-0.033527
-0.033539
-0.033550
-0.033562
-0.033574
-0.033585
-0.033597
-0.033609
-0.033620
-0.033632
-0.033644
-0.033655
-0.033667
-0.033679
-0.033690
-0.033702
-0.033713
-0.033725
-0.033737
-0.033748
-0.033760
-0.033771
-0.033783
-0.033795
-0.033806
-0.033818
-0.033829
-0.033841
-0.033852
-0.033864
-0.033875
-0.033887
-0.033898
-0.033910
-0.033921
-0.033933
-0.033944
-0.033956
-0.033967
-0.033979
-0.033990
-0.034001
-0.034013
-0.034024
-0.034036
-0.034047
-0.034059
-0.034070
-0.034081
-0.034093
-0.034104
-0.034116
-0.034127
-0.034138
-0.034150
-0.034161
-0.034172
-0.034184
-0.034195
-0.034206
-0.034218
-0.034229
-0.034240
-0.034252
-0.034263
-0.034274
-0.034285
-0.034297
-0.034308
-0.034319
-0.034330
-0.034342
-0.034353
-0.034364
-0.034375
-0.034387
-0.034398
-0.034409
-0.034420
-0.034431
-0.034443
-0.034454
-0.034465
-0.034476
-0.034487
-0.034498
-0.034510
-0.034521
-0.034532
-0.034543
-0.034554
-0.034565
-0.034576
-0.034588
-0.034599
-0.034610
-0.034621
-0.034632
-0.034643
-0.034654
-0.034665
-0.034676
-0.034687
-0.034698
-0.034709
-0.034720
-0.034731
-0.034742
-0.034753
-0.034764
-0.034775
-0.034786
-0.034797
-0.034808
-0.034819
-0.034830
-0.034841
-0.034852
-0.034863
-0.034874
-0.034885
-0.034896
-0.034907
-0.034918
-0.034929
-0.034940
-0.034950
-0.034961
-0.034972
-0.034983
-0.034994
-0.035005
-0.035016
-0.035027
-0.035037
-0.035048
-0.035059
-0.035070
-0.035081
-0.035092
-0.035102
-0.035113
-0.035124
-0.035135
-0.035146
-0.035156
-0.035167
-0.035178
-0.035189
-0.035199
-0.035210
-0.035221
-0.035232
-0.035242
-0.035253
-0.035264
-0.035275
-0.035285
-0.035296
-0.035307
-0.035317
-0.035328
-0.035339
-0.035349
-0.035360
-0.035371
-0.035381
-0.035392
-0.035403
-0.035413
-0.035424
-0.035435
-0.035445
-0.035456
-0.035466
-0.035477
-0.035488
-0.035498
-0.035509
-0.035519
-0.035530
-0.035540
-0.035551
-0.035562
-0.035572
-0.035583
-0.035593
-0.035604
-0.035614
-0.035625
-0.035635
-0.035646
-0.035656
-0.035667
-0.035677
-0.035688
-0.035698
-0.035709
-0.035719
-0.035729
-0.035740
-0.035750
-0.035761
-0.035771
-0.035782
-0.035792
-0.035802
-0.035813
-0.035823
-0.035834
-0.035844
-0.035854
-0.035865
-0.035875
-0.035885
-0.035896
-0.035906
-0.035917
-0.035927
-0.035937
-0.035948
-0.035958
-0.035968
-0.035978
-0.035989
-0.035999
-0.036009
-0.036020
-0.036030
-0.036040
-0.036050
-0.036061
-0.036071
-0.036081
-0.036091
-0.036102
-0.036112
-0.036122
-0.036132
-0.036143
-0.036153
-0.036163
-0.036173
-0.036183
-0.036194
-0.036204
-0.036214
-0.036224
-0.036234
-0.036244
-0.036255
-0.036265
-0.036275
-0.036285
-0.036295
-0.036305
-0.036315
-0.036325
-0.036335
-0.036346
-0.036356
-0.036366
-0.036376
-0.036386
-0.036396
-0.036406
-0.036416
-0.036426
-0.036436
-0.036446
-0.036456
-0.036466
-0.036476
-0.036486
-0.036496
-0.036506
-0.036516
-0.036526
-0.036536
-0.036546
-0.036556
-0.036566
-0.036576
-0.036586
-0.036596
-0.036606
-0.036616
-0.036626
-0.036636
-0.036646
-0.036656
-0.036666
-0.036675
-0.036685
-0.036695
-0.036705
-0.036715
-0.036725
-0.036735
-0.036745
-0.036754
-0.036764
-0.036774
-0.036784
-0.036794
-0.036804
-0.036813
-0.036823
-0.036833
-0.036843
-0.036853
-0.036863
-0.036872
-0.036882
-0.036892
-0.036902
-0.036911
-0.036921
-0.036931
-0.036941
-0.036950
-0.036960
-0.036970
-0.036980
-0.036989
-0.036999
-0.037009
-0.037018
-0.037028
-0.037038
-0.037048
-0.037057
-0.037067
-0.037077
-0.037086
-0.037096
-0.037106
-0.037115
-0.037125
-0.037134
-0.037144
-0.037154
-0.037163
-0.037173
-0.037183
-0.037192
-0.037202
-0.037211
-0.037221
-0.037231
-0.037240
-0.037250
-0.037259
-0.037269
-0.037278
-0.037288
-0.037297
-0.037307
-0.037316
-0.037326
-0.037336
-0.037345
-0.037355
-0.037364
-0.037374
-0.037383
-0.037392
-0.037402
0.563714
1.454851
2.484062
3.152960
3.623507
3.965146
4.217492
4.405035
4.543597
4.643997
4.709247
4.747600
4.764635
4.764501
4.750405
4.724896
4.690036
4.647521
4.598767
4.544944
4.487041
4.425901
4.362226
4.296614
4.229572
4.161545
4.092884
4.023900
3.954869
3.886000
3.817487
3.749485
3.682124
3.615513
3.549756
3.484917
3.421056
3.358235
3.296483
3.235829
3.176306
3.117921
3.060686
3.004610
2.949693
2.895931
2.843319
2.791854
2.741523
2.692314
2.644211
2.597206
2.551279
2.506414
2.462592
2.419795
2.378010
2.337214
2.297387
2.258510
2.220563
2.183531
2.147392
2.112126
2.077713
2.044134
2.011370
1.979407
1.948223
1.917799
1.888118
1.859161
1.830910
1.803350
1.776465
1.750238
1.724652
1.699690
1.675337
1.651578
1.628397
1.605781
1.583716
1.562187
1.541181
1.520684
1.500682
1.481164
1.462115
1.443524
1.425380
1.407669
1.390382
1.373509
1.357037
1.340956
1.325255
1.309925
1.294956
1.280337
1.866880
2.745455
3.765275
4.438777
4.920423
5.276119
5.543568
5.746061
5.898852
6.012366
6.086283
6.130425
6.151168
6.153159
6.139937
6.114297
6.078472
6.034295
5.983280
5.926695
5.865630
5.800964
5.733455
5.663775
5.592452
5.519949
5.446690
5.372987
5.299121
5.225368
5.151901
5.078910
5.006530
4.934878
4.864073
4.794185
4.725278
4.657426
4.590660
4.525011
4.460521
4.397199
4.335054
4.274092
4.214343
4.155781
4.098402
4.042218
3.987204
3.933349
3.880638
3.829077
3.778631
3.729285
3.681020
3.633835
3.587696
3.542584
3.498479
3.455372
3.413236
3.372050
3.331793
3.292445
3.253995
3.216418
3.179693
3.143800
3.108721
3.074434
3.040933
3.008190
2.976188
2.944909
2.914334
2.884446
2.855228
2.826675
2.798761
2.771470
2.744786
2.718694
2.693179
2.668226
2.643826
2.619963
2.596623
2.573790
2.551453
2.529597
2.508211
2.487283
2.466799
2.446750
2.427131
2.407924
2.389118
2.370704
2.352671
2.335008
2.317706
2.300756
2.284148
2.267873
2.251922
2.236290
2.220968
2.205945
2.191215
2.176769
2.162600
2.148701
2.135063
2.121680
2.108546
2.095653
2.082996
2.070568
2.058363
2.046375
2.034600
2.023033
2.011667
2.000496
1.989516
1.978721
1.968106
1.957667
1.947398
1.937296
1.927355
1.917573
1.907943
1.898463
1.889129
1.879936
1.870881
1.861960
1.853171
1.844508
1.835970
1.827554
1.819257
1.811074
1.803004
1.795043
1.787189
1.779437
1.771787
1.764235
1.756778
1.749414
1.742142
1.734958
1.727859
1.720845
1.713913
1.707061
1.700287
1.693588
1.686963
1.680411
1.673929
1.667515
1.661169
1.654887
1.648669
1.642514
1.636419
1.630383
1.624404
1.618484
1.612618
1.606807
1.601048
1.595340
1.589683
1.584075
1.578514
1.572999
1.567531
1.562106
1.556726
1.551387
1.546090
1.540833
1.535617
1.530438
1.525298
1.520195
1.515128
1.510096
1.505099
1.500135
1.495205
1.490308
1.485442
1.480607
1.475803
1.471029
1.466284
1.461567
1.456879
1.452218
1.447584
1.442977
1.438395
1.433839
1.429308
1.424801
1.420318
1.415859
1.411422
1.407010
1.402620
1.398252
1.393905
1.389580
1.385276
1.380992
1.376728
1.372484
1.368259
1.364053
1.359866
1.355698
1.351548
1.347415
1.343301
1.339203
1.335123
1.331059
1.327012
1.322981
1.318966
1.314967
1.310983
1.307015
1.303062
1.299125
1.295201
1.291293
1.287398
1.283518
1.279652
1.275800
1.271961
1.268136
1.264325
1.260526
1.256740
1.252968
1.249208
1.245460
1.241725
1.238003
1.234292
1.230594
1.226907
1.223233
1.219570
1.215918
1.212278
1.208650
1.205032
1.201426
1.197831
1.194248
1.190675
1.187114
1.183563
1.180023
1.176493
1.172974
1.169465
1.165967
1.162478
1.159000
1.155532
1.152074
1.148625
1.145187
1.141758
1.138339
1.134930
1.131530
1.128139
1.124758
1.121386
1.118024
1.114671
1.111327
1.107992
1.104666
1.101349
1.098042
1.094743
1.091453
1.088172
1.084899
1.081636
1.078381
1.075135
1.071897
1.068668
1.065447
1.062235
1.059032
1.055836
1.052649
1.049471
1.046301
1.043139
1.039985
1.036839
1.033702
1.030573
1.027451
1.024338
1.021233
1.018136
1.015047
1.011965
1.008892
1.005827
1.002769
0.999719
0.996677
0.993643
0.990616
0.987597
0.984587
0.981584
0.978588
0.975601
0.972621
0.969649
0.966684
0.963727
0.960777
0.957835
0.954901
0.951973
0.949053
0.946141
0.943236
0.940338
0.937448
0.934565
0.931689
0.928820
0.925959
0.923105
0.920258
0.917418
0.914586
0.911760
0.908942
0.906131
0.903327
0.900530
0.897740
0.894956
0.892180
0.889411
0.886649
0.883894
0.881146
0.878405
0.875671
0.872943
0.870222
0.867509
0.864802
0.862102
0.859409
0.856722
0.854042
0.851369
0.848703
0.846044
0.843391
0.840745
0.838105
0.835473
0.832846
0.830227
0.827614
0.825008
0.822408
0.819815
0.817229
0.814649
0.812075
0.809508
0.806948
0.804394
0.801846
0.799305
0.796771
0.794242
0.791721
0.789205
0.786696
0.784194
0.781697
0.779208
0.776724
0.774247
0.771776
0.769312
0.766854
0.764402
0.761957
0.759518
0.757085
0.754658
0.752238
0.749824
0.747416
0.745014
0.742618
0.740229
0.737845
0.735468
0.733097
0.730731
0.728372
0.726019
0.723672
0.721331
0.718996
0.716668
0.714345
0.712028
0.709717
0.707412
0.705112
0.702819
0.700532
0.698251
0.695975
0.693705
0.691442
0.689184
0.686932
0.684685
0.682445
0.680210
0.677981
0.675758
0.673541
0.671330
0.669124
0.666924
0.664729
0.662540
0.660357
0.658180
0.656008
0.653842
0.651682
0.649527
0.647378
0.645235
0.643097
0.640964
0.638838
0.636716
0.634601
0.632491
0.630386
0.628287
0.626193
0.624105
0.622022
0.619945
0.617873
0.615807
0.613746
0.611691
0.609641
0.607596
0.605557
0.603523
0.601494
0.599471
0.597453
0.595441
0.593433
0.591431
0.589435
0.587443
0.585457
0.583476
0.581501
0.579530
0.577565
0.575605
0.573651
0.571701
0.569757
0.567817
0.565883
0.563954
0.562030
0.560112
0.558198
0.556290
0.554387
0.552489
0.550596
0.548708
0.546825
0.544947
0.543074
0.541207
0.539344
0.537486
0.535633
0.533786
0.531943
0.530105
0.528272
0.526444
0.524620
0.522802
0.520989
0.519180
0.517377
0.515578
0.513784
0.511995
0.510210
0.508431
0.506656
0.504886
0.503121
0.501361
0.499605
0.497854
0.496108
0.494367
0.492630
0.490898
0.489171
0.487448
0.485730
0.484017
0.482308
0.480604
0.478905
0.477210
0.475520
0.473834
0.472153
0.470477
0.468805
0.467138
0.465475
0.463817
0.462163
0.460514
0.458869
0.457229
0.455593
0.453962
0.452335
0.450713
0.449095
0.447482
0.445873
0.444268
0.442668
0.441072
0.439481
0.437894
0.436311
0.434733
0.433159
0.431589
0.430024
0.428463
0.426906
0.425353
0.423805
0.422261
0.420722
0.419186
0.417655
0.416128
0.414605
0.413087
0.411573
0.410063
0.408557
0.407055
0.405557
0.404064
0.402575
0.401089
0.399608
0.398131
0.396659
0.395190
0.393725
0.392265
0.390808
0.389356
0.387907
0.386463
0.385023
0.383586
0.382154
0.380726
0.379301
0.377881
0.376465
0.375052
0.373644
0.372239
0.370839
0.369442
0.368049
0.366661
0.365276
0.363895
0.362518
0.361144
0.359775
0.358409
0.357047
0.355690
0.354335
0.352985
0.351639
0.350296
0.348957
0.347622
0.346291
0.344963
0.343639
0.342319
0.341003
0.339691
0.338382
0.337077
0.335775
0.334478
0.333184
0.331893
0.330607
0.329324
0.328044
0.326769
0.325497
0.324228
0.322963
0.321702
0.320444
0.319190
0.317940
0.316693
0.315449
0.314210
0.312973
0.311740
0.310511
0.309285
0.308063
0.306844
0.305629
0.304417
0.303209
0.302004
0.300803
0.299605
0.298410
0.297219
0.296032
0.294847
0.293666
0.292489
0.291315
0.290144
0.288977
0.287813
0.286652
0.285495
0.284341
0.283190
0.282043
0.280899
0.279758
0.278621
0.277487
0.276356
0.275228
0.274104
0.272983
0.271865
0.270751
0.269639
0.268531
0.267427
0.266325
0.265226
0.264131
0.263039
0.261950
0.260864
0.259782
0.258702
0.257626
0.256553
0.255483
0.254416
0.253352
0.252291
0.251234
0.250179
0.249128
0.248079
0.247034
0.245992
0.244953
0.243917
0.242884
0.241854
0.240826
0.239802
0.238781
0.237763
0.236748
0.235736
0.234727
0.233721
0.232718
0.231718
0.230721
0.229726
0.228735
0.227746
0.226761
0.225778
0.224799
0.223822
0.222848
0.221877
0.220909
0.219943
0.218981
0.218021
0.217065
0.216111
0.215160
0.214211
0.213266
0.212323
0.211383
0.210446
0.209512
0.208581
0.207652
0.206726
0.205803
0.204883
0.203965
0.203050
0.202138
0.201228
0.200322
0.199418
0.198516
0.197618
0.196722
0.195828
0.194938
0.194050
0.193165
0.192282
0.191402
0.190525
0.189650
0.188778
0.187909
0.187042
0.186178
0.185317
0.184458
0.183601
0.182747
0.181896
0.181048
0.180202
0.179358
0.178517
0.177679
0.176843
0.176010
0.175179
0.174351
0.173525
0.172702
0.171881
0.171063
0.170247
0.169434
0.168623
0.167814
0.167008
0.166205
0.165404
0.164606
0.163810
0.163016
0.162225
0.161436
0.160649
0.159866
0.159084
0.158305
0.157528
0.156754
0.155982
0.155212
0.154445
0.153680
0.152917
0.152157
0.151399
0.150643
0.149890
0.149139
0.148391
0.147645
0.146901
0.146159
0.145420
0.144683
0.143948
0.143215
0.142485
0.141757
0.141031
0.140308
0.139587
0.138868
0.138151
0.137437
0.136724
0.136014
0.135306
0.134601
0.133897
0.133196
0.132497
0.131800
0.131106
0.130413
0.129723
0.129035
0.128349
0.127665
0.126984
0.126304
0.125627
0.124952
0.124278
0.123607
0.122939
0.122272
0.121607
0.120945
0.120284
0.119626
0.118970
0.118316
0.117663
0.117013
0.116365
0.115720
0.115076
0.114434
0.113794
0.113156
0.112521
0.111887
0.111255
0.110626
0.109998
0.109373
0.108749
0.108127
0.107508
0.106890
0.106274
0.105661
0.105049
0.104439
0.103832
0.103226
0.102622
0.102020
0.101420
0.100822
0.100226
0.099632
0.099039
0.098449
0.097861
0.097274
0.096690
0.096107
0.095526
0.094947
0.094370
0.093795
0.093222
0.092650
0.092081
0.091513
0.090947
0.090383
0.089821
0.089261
0.088703
0.088146
0.087591
0.087038
0.086487
0.085938
0.085390
0.084845
0.084301
0.083759
0.083218
0.082680
0.082143
0.081608
0.081075
0.080544
0.080014
0.079486
0.078960
0.078436
0.077913
0.077392
0.076873
0.076356
0.075840
0.075326
0.074814
0.074304
0.073795
0.073288
0.072783
0.072279
0.071777
0.071277
0.070778
0.070282
0.069786
0.069293
0.068801
0.068311
0.067823
0.067336
0.066851
0.066367
0.065885
0.065405
0.064926
0.064450
0.063974
0.063501
0.063029
0.062558
0.062089
0.061622
0.061157
0.060693
0.060230
0.059770
0.059311
0.058853
0.058397
0.057943
0.057490
0.057039
0.056589
0.056141
0.055694
0.055249
0.054806
0.054364
0.053924
0.053485
0.053048
0.052612
0.052178
0.051746
0.051314
0.050885
0.050457
0.050030
0.049605
0.049182
0.048760
0.048339
0.047920
0.047503
0.047087
0.046673
0.046260
0.045848
0.045438
0.045029
0.044622
0.044217
0.043812
0.043410
0.043008
0.042609
0.042210
0.041813
0.041418
0.041024
0.040631
0.040240
0.039850
0.039462
0.039075
0.038690
0.038306
0.037923
0.037542
0.037162
0.036784
0.036407
0.036031
0.035657
0.035284
0.034913
0.034543
0.034174
0.033807
0.033441
0.033076
0.032713
0.032351
0.031991
0.031632
0.031274
0.030917
0.030562
0.030209
0.029856
0.029505
0.029156
0.028807
0.028460
0.028114
0.027770
0.027427
0.027085
0.026745
0.026406
0.026068
0.025731
0.025396
0.025062
0.024730
0.024398
0.024068
0.023740
0.023412
0.023086
0.022761
0.022438
0.022115
0.021794
0.021474
0.021156
0.020838
0.020522
0.020208
0.019894
0.019582
0.019271
0.018961
0.018652
0.018345
0.018039
0.017734
0.017431
0.017128
0.016827
0.016527
0.016228
0.015931
0.015634
0.015339
0.015045
0.014753
0.014461
0.014171
0.013882
0.013594
0.013307
0.013021
0.012737
0.012454
0.012172
0.011891
0.011611
0.011333
0.011055
0.010779
0.010504
0.010230
0.009957
0.009686
0.009415
0.009146
0.008878
0.008611
0.008345
0.008080
0.007817
0.007554
0.007293
0.007033
0.006774
0.006516
0.006259
0.006003
0.005748
0.005495
0.005242
0.004991
0.004741
0.004492
0.004244
0.003997
0.003751
0.003506
0.003262
0.003020
0.002778
0.002538
0.002298
0.002060
0.001822
0.001586
0.001351
0.001117
0.000884
0.000652
0.000421
0.000191
-0.000038
-0.000266
-0.000493
-0.000718
-0.000943
-0.001167
-0.001389
-0.001611
-0.001832
-0.002051
-0.002270
-0.002487
-0.002704
-0.002920
-0.003134
-0.003348
-0.003560
-0.003772
-0.003982
-0.004192
-0.004401
-0.004608
-0.004815
-0.005021
-0.005225
-0.005429
-0.005632
-0.005833
-0.006034
-0.006234
-0.006433
-0.006631
-0.006828
-0.007024
-0.007219
-0.007413
-0.007606
-0.007798
-0.007990
-0.008180
-0.008369
-0.008558
-0.008746
-0.008932
-0.009118
-0.009303
-0.009487
-0.009670
-0.009852
-0.010033
-0.010213
-0.010392
-0.010571
-0.010749
-0.010925
-0.011101
-0.011276
-0.011450
-0.011623
-0.011795
-0.011967
-0.012137
-0.012307
-0.012476
-0.012643
-0.012810
-0.012977
-0.013142
-0.013306
-0.013470
-0.013633
-0.013795
-0.013956
-0.014116
-0.014276
-0.014434
-0.014592
-0.014749
-0.014905
-0.015060
-0.015215
-0.015368
-0.015521
-0.015673
-0.015824
-0.015975
-0.016124
-0.016273
-0.016421
-0.016568
-0.016715
-0.016860
-0.017005
-0.017149
-0.017293
-0.017435
-0.017577
-0.017718
-0.017858
-0.017998
-0.018136
-0.018274
-0.018412
-0.018548
-0.018684
-0.018819
-0.018953
-0.019086
-0.019219
-0.019351
-0.019482
-0.019613
-0.019743
-0.019872
-0.020000
-0.020128
-0.020255
-0.020381
-0.020506
-0.020631
-0.020755
-0.020879
-0.021002
-0.021124
-0.021245
-0.021366
-0.021486
-0.021605
-0.021723
-0.021841
-0.021959
-0.022075
-0.022191
-0.022307
-0.022421
-0.022535
-0.022648
-0.022761
-0.022873
-0.022985
-0.023095
-0.023205
-0.023315
-0.023424
-0.023532
-0.023639
-0.023746
-0.023853
-0.023958
-0.024063
-0.024168
-0.024272
-0.024375
-0.024478
-0.024580
-0.024681
-0.024782
-0.024883
-0.024982
-0.025081
-0.025180
-0.025278
-0.025375
-0.025472
-0.025568
-0.025664
-0.025759
-0.025854
-0.025948
-0.026041
-0.026134
-0.026226
-0.026318
-0.026409
-0.026500
-0.026590
-0.026680
-0.026769
-0.026858
-0.026946
-0.027033
-0.027120
-0.027207
-0.027293
-0.027378
-0.027463
-0.027548
-0.027632
-0.027715
-0.027798
-0.027880
-0.027962
-0.028044
-0.028125
-0.028205
-0.028286
-0.028365
-0.028444
-0.028523
-0.028601
-0.028679
-0.028756
-0.028833
-0.028909
-0.028985
-0.029060
-0.029135
-0.029210
-0.029284
-0.029357
-0.029431
-0.029503
-0.029576
-0.029648
-0.029719
-0.029790
-0.029861
-0.029931
-0.030001
-0.030070
-0.030139
-0.030208
-0.030276
-0.030343
-0.030411
-0.030478
-0.030544
-0.030610
-0.030676
-0.030742
-0.030807
-0.030871
-0.030935
-0.030999
-0.031063
-0.031126
-0.031189
-0.031251
-0.031313
-0.031375
-0.031436
-0.031497
-0.031558
-0.031618
-0.031678
-0.031737
-0.031796
-0.031855
-0.031914
-0.031972
-0.032030
-0.032087
-0.032144
-0.032201
-0.032258
-0.032314
-0.032370
-0.032425
-0.032481
-0.032536
-0.032590
-0.032645
-0.032699
-0.032752
-0.032806
-0.032859
-0.032912
-0.032964
-0.033016
-0.033068
-0.033120
-0.033171
-0.033222
-0.033273
-0.033324
-0.033374
-0.033424
-0.033473
-0.033523
-0.033572
-0.033621
-0.033669
-0.033718
-0.033766
-0.033814
-0.033861
-0.033908
-0.033955
-0.034002
-0.034049
-0.034095
-0.034141
-0.034187
-0.034233
-0.034278
-0.034323
-0.034368
-0.034412
-0.034457
-0.034501
-0.034545
-0.034589
-0.034632
-0.034675
-0.034718
-0.034761
-0.034804
-0.034846
-0.034888
-0.034930
-0.034972
-0.035013
-0.035055
-0.035096
-0.035137
-0.035177
-0.035218
-0.035258
-0.035298
-0.035338
-0.035378
-0.035417
-0.035457
-0.035496
-0.035535
-0.035573
-0.035612
-0.035650
-0.035689
-0.035727
-0.035765
-0.035802
-0.035840
-0.035877
-0.035914
-0.035951
-0.035988
-0.036025
-0.036061
-0.036097
-0.036133
-0.036169
-0.036205
-0.036241
-0.036276
-0.036312
-0.036347
-0.036382
-0.036417
-0.036451
-0.036486
-0.036520
-0.036555
-0.036589
-0.036623
-0.036656
-0.036690
-0.036724
-0.036757
-0.036790
-0.036823
-0.036856
-0.036889
-0.036922
-0.036954
-0.036987
-0.037019
-0.037051
-0.037083
-0.037115
-0.037147
-0.037179
-0.037210
-0.037241
-0.037273
-0.037304
-0.037335
-0.037366
-0.037397
-0.037427
-0.037458
-0.037488
-0.037518
-0.037549
-0.037579
-0.037609
-0.037639
-0.037668
-0.037698
-0.037727
-0.037757
-0.037786
-0.037815
-0.037844
-0.037873
-0.037902
-0.037931
-0.037960
-0.037988
-0.038017
-0.038045
-0.038073
-0.038101
-0.038129
-0.038157
-0.038185
-0.038213
-0.038241
-0.038268
-0.038296
-0.038323
-0.038351
-0.038378
-0.038405
-0.038432
-0.038459
-0.038486
-0.038512
-0.038539
-0.038566
-0.038592
-0.038619
-0.038645
-0.038671
-0.038697
-0.038723
-0.038749
-0.038775
-0.038801
-0.038827
-0.038853
-0.038878
-0.038904
-0.038929
-0.038954
-0.038980
-0.039005
-0.039030
-0.039055
-0.039080
-0.039105
-0.039130
-0.039155
-0.039179
-0.039204
-0.039228
-0.039253
-0.039277
-0.039302
-0.039326
-0.039350
-0.039374
-0.039398
-0.039422
-0.039446
-0.039470
-0.039494
-0.039518
-0.039541
-0.039565
-0.039588
-0.039612
-0.039635
-0.039658
-0.039682
-0.039705
-0.039728
-0.039751
-0.039774
-0.039797
-0.039820
-0.039843
-0.039866
-0.039888
-0.039911
-0.039934
-0.039956
-0.039979
-0.040001
-0.040023
-0.040046
-0.040068
-0.040090
-0.040112
-0.040134
-0.040156
-0.040178
-0.040200
-0.040222
-0.040244
-0.040266
-0.040287
-0.040309
-0.040331
-0.040352
-0.040374
-0.040395
-0.040416
-0.040438
-0.040459
-0.040480
-0.040501
-0.040522
-0.040544
-0.040565
-0.040586
-0.040606
-0.040627
-0.040648
-0.040669
-0.040690
-0.040710
-0.040731
-0.040752
-0.040772
-0.040793
-0.040813
-0.040833
-0.040854
-0.040874
-0.040894
-0.040914
-0.040935
-0.040955
-0.040975
-0.040995
-0.041015
-0.041035
-0.041055
-0.041074
-0.041094
-0.041114
-0.041134
-0.041153
-0.041173
-0.041193
-0.041212
-0.041232
-0.041251
-0.041270
-0.041290
-0.041309
-0.041328
-0.041348
-0.041367
-0.041386
-0.041405
-0.041424
-0.041443
-0.041462
-0.041481
-0.041500
-0.041519
-0.041538
-0.041557
-0.041575
-0.041594
-0.041613
-0.041631
-0.041650
-0.041668
-0.041687
-0.041705
-0.041724
-0.041742
-0.041761
-0.041779
-0.041797
-0.041815
-0.041834
-0.041852
-0.041870
-0.041888
-0.041906
-0.041924
-0.041942
-0.041960
-0.041978
-0.041996
-0.042013
-0.042031
-0.042049
-0.042067
-0.042084
-0.042102
-0.042120
-0.042137
-0.042155
-0.042172
-0.042190
-0.042207
-0.042224
-0.042242
-0.042259
-0.042276
-0.042294
-0.042311
-0.042328
-0.042345
-0.042362
-0.042379
-0.042396
-0.042413
-0.042430
-0.042447
-0.042464
-0.042481
-0.042498
-0.042514
-0.042531
-0.042548
-0.042565
-0.042581
-0.042598
-0.042614
-0.042631
-0.042648
-0.042664
-0.042680
-0.042697
-0.042713
-0.042730
-0.042746
-0.042762
-0.042778
-0.042795
-0.042811
-0.042827
-0.042843
-0.042859
-0.042875
-0.042891
-0.042907
-0.042923
-0.042939
-0.042955
-0.042971
-0.042987
-0.043003
-0.043018
-0.043034
-0.043050
-0.043065
-0.043081
-0.043097
-0.043112
-0.043128
-0.043143
-0.043159
-0.043174
-0.043190
-0.043205
-0.043220
-0.043236
-0.043251
-0.043266
-0.043281
-0.043297
-0.043312
-0.043327
-0.043342
-0.043357
-0.043372
-0.043387
-0.043402
-0.043417
-0.043432
-0.043447
-0.043462
-0.043477
-0.043492
-0.043506
-0.043521
-0.043536
-0.043551
-0.043565
-0.043580
-0.043594
-0.043609
-0.043624
-0.043638
-0.043653
-0.043667
-0.043681
-0.043696
-0.043710
-0.043725
-0.043739
-0.043753
-0.043767
-0.043782
-0.043796
-0.043810
-0.043824
-0.043838
-0.043852
-0.043866
-0.043880
-0.043894
-0.043908
-0.043922
-0.043936
-0.043950
-0.043964
-0.043978
-0.043992
-0.044005
-0.044019
-0.044033
-0.044046
-0.044060
-0.044074
-0.044087
-0.044101
-0.044114
-0.044128
-0.044142
-0.044155
-0.044168
-0.044182
-0.044195
-0.044209
-0.044222
-0.044235
-0.044249
-0.044262
-0.044275
-0.044288
-0.044301
-0.044315
-0.044328
-0.044341
-0.044354
-0.044367
-0.044380
-0.044393
-0.044406
-0.044419
-0.044432
-0.044445
-0.044457
-0.044470
-0.044483
-0.044496
-0.044509
-0.044521
-0.044534
-0.044547
-0.044559
-0.044572
-0.044584
-0.044597
-0.044610
-0.044622
-0.044635
-0.044647
-0.044660
-0.044672
-0.044684
-0.044697
-0.044709
-0.044721
-0.044734
-0.044746
-0.044758
-0.044770
-0.044783
-0.044795
-0.044807
-0.044819
-0.044831
-0.044843
-0.044855
-0.044867
-0.044879
-0.044891
-0.044903
-0.044915
-0.044927
-0.044939
-0.044951
-0.044962
-0.044974
-0.044986
-0.044998
-0.045009
-0.045021
-0.045033
-0.045045
-0.045056
-0.045068
-0.045079
-0.045091
-0.045102
-0.045114
-0.045125
-0.045137
-0.045148
-0.045160
-0.045171
-0.045182
-0.045194
-0.045205
-0.045216
-0.045228
-0.045239
-0.045250
-0.045261
-0.045273
-0.045284
-0.045295
-0.045306
-0.045317
-0.045328
-0.045339
-0.045350
-0.045361
-0.045372
-0.045383
-0.045394
-0.045405
-0.045416
-0.045427
-0.045438
-0.045448
-0.045459
-0.045470
-0.045481
-0.045491
-0.045502
-0.045513
-0.045524
-0.045534
-0.045545
-0.045555
-0.045566
-0.045577
-0.045587
-0.045598
-0.045608
-0.045619
-0.045629
-0.045639
-0.045650
-0.045660
-0.045671
-0.045681
-0.045691
-0.045701
-0.045712
-0.045722
-0.045732
-0.045742
-0.045753
-0.045763
-0.045773
-0.045783
-0.045793
-0.045803
-0.045813
-0.045823
-0.045833
-0.045843
-0.045853
-0.045863
-0.045873
-0.045883
-0.045893
-0.045903
-0.045913
-0.045923
-0.045932
-0.045942
-0.045952
-0.045962
-0.045972
-0.045981
-0.045991
-0.046001
-0.046010
-0.046020
-0.046030
-0.046039
-0.046049
-0.046058
-0.046068
-0.046077
-0.046087
-0.046096
-0.046106
-0.046115
-0.046125
-0.046134
-0.046143
-0.046153
-0.046162
-0.046171
-0.046181
-0.046190
-0.046199
-0.046208
-0.046218
-0.046227
-0.046236
-0.046245
-0.046254
-0.046264
-0.046273
-0.046282
-0.046291
-0.046300
-0.046309
-0.046318
-0.046327
-0.046336
-0.046345
-0.046354
-0.046363
-0.046372
-0.046380
-0.046389
-0.046398
-0.046407
-0.046416
-0.046425
-0.046433
-0.046442
-0.046451
-0.046460
-0.046468
-0.046477
-0.046486
-0.046494
-0.046503
-0.046512
-0.046520
-0.046529
-0.046537
-0.046546
-0.046554
-0.046563
-0.046571
-0.046580
-0.046588
-0.046597
-0.046605
-0.046614
-0.046622
-0.046630
-0.046639
-0.046647
-0.046655
-0.046664
-0.046672
-0.046680
-0.046688
-0.046697
-0.046705
-0.046713
-0.046721
-0.046729
-0.046738
-0.046746
-0.046754
-0.046762
-0.046770
-0.046778
-0.046786
-0.046794
-0.046802
-0.046810
-0.046818
-0.046826
-0.046834
-0.046842
-0.046850
-0.046858
-0.046866
-0.046873
-0.046881
-0.046889
-0.046897
-0.046905
-0.046913
-0.046920
-0.046928
-0.046936
-0.046944
-0.046951
-0.046959
-0.046967
-0.046974
-0.046982
-0.046989
-0.046997
-0.047005
-0.047012
-0.047020
-0.047027
-0.047035
-0.047042
-0.047050
-0.047057
-0.047065
-0.047072
-0.047080
-0.047087
-0.047095
-0.047102
-0.047109
-0.047117
-0.047124
-0.047131
-0.047139
-0.047146
-0.047153
-0.047161
-0.047168
-0.047175
-0.047182
-0.047190
-0.047197
-0.047204
-0.047211
-0.047218
-0.047225
-0.047233
-0.047240
-0.047247
-0.047254
-0.047261
-0.047268
-0.047275
-0.047282
-0.047289
-0.047296
-0.047303
-0.047310

