0.000000
0.000000
-0.000026
-0.000052
-0.000077
-0.000103
-0.000128
-0.000153
-0.000177
-0.000201
-0.000224
-0.000247
-0.000270
-0.000293
-0.000315
-0.000337
-0.000359
-0.000380
-0.000402
-0.000423
-0.000444
-0.000465
-0.000485
-0.000506
-0.000526
-0.000547
-0.000567
-0.000587
-0.000607
-0.000627
-0.000647
-0.000667
-0.000687
-0.000707
-0.000726
-0.000746
-0.000766
-0.000785
-0.000805
-0.000824
-0.000844
-0.000863
-0.000883
-0.000902
-0.000922
-0.000941
-0.000961
-0.000980
-0.001000
-0.001019
-0.001038
-0.001058
-0.001077
-0.001097
-0.001116
-0.001135
-0.001155
-0.001174
-0.001194
-0.001213
-0.001233
-0.001252
-0.001271
-0.001291
-0.001310
-0.001330
-0.001349
-0.001369
-0.001388
-0.001408
-0.001428
-0.001447
-0.001467
-0.001486
-0.001506
-0.001525
-0.001545
-0.001565
-0.001584
-0.001604
-0.001624
-0.001644
-0.001663
-0.001683
-0.001703
-0.001723
-0.001743
-0.001762
-0.001782
-0.001802
-0.001822
-0.001842
-0.001862
-0.001882
-0.001902
-0.001922
-0.001942
-0.001962
-0.001982
-0.002002
-0.002022
-0.002042
-0.002063
-0.002083
-0.002103
-0.002123
-0.002143
-0.002164
-0.002184
-0.002204
-0.002225
-0.002245
-0.002265
-0.002286
-0.002306
-0.002326
-0.002347
-0.002367
-0.002388
-0.002408
-0.002429
-0.002449
-0.002470
-0.002491
-0.002511
-0.002532
-0.002553
-0.002573
-0.002594
-0.002615
-0.002635
-0.002656
-0.002677
-0.002698
-0.002719
-0.002739
-0.002760
-0.002781
-0.002802
-0.002823
-0.002844
-0.002865
-0.002886
-0.002907
-0.002928
-0.002949
-0.002970
-0.002991
-0.003012
-0.003033
-0.003054
-0.003075
-0.003097
-0.003118
-0.003139
-0.003160
-0.003181
-0.003203
-0.003224
-0.003245
-0.003266
-0.003288
-0.003309
-0.003330
-0.003352
-0.003373
-0.003395
-0.003416
-0.003437
-0.003459
-0.003480
-0.003502
-0.003523
-0.003545
-0.003566
-0.003588
-0.003610
-0.003631
-0.003653
-0.003674
-0.003696
-0.003718
-0.003739
-0.003761
-0.003783
-0.003804
-0.003826
-0.003848
-0.003869
-0.003891
-0.003913
-0.003935
-0.003956
-0.003978
-0.004000
-0.004022
-0.004044
-0.004066
-0.004088
-0.004109
-0.004131
-0.004153
-0.004175
-0.004197
-0.004219
-0.004241
-0.004263
-0.004285
-0.004307
-0.004329
-0.004351
-0.004373
-0.004395
-0.004417
-0.004439
-0.004461
-0.004483
-0.004505
-0.004527
-0.004550
-0.004572
-0.004594
-0.004616
-0.004638
-0.004660
-0.004683
-0.004705
-0.004727
-0.004749
-0.004771
-0.004794
-0.004816
-0.004838
-0.004860
-0.004883
-0.004905
-0.004927
-0.004949
-0.004972
-0.004994
-0.005016
-0.005039
-0.005061
-0.005083
-0.005106
-0.005128
-0.005150
-0.005173
-0.005195
-0.005218
-0.005240
-0.005262
-0.005285
-0.005307
-0.005330
-0.005352
-0.005375
-0.005397
-0.005419
-0.005442
-0.005464
-0.005487
-0.005509
-0.005532
-0.005554
-0.005577
-0.005599
-0.005622
-0.005644
-0.005667
-0.005690
-0.005712
-0.005735
-0.005757
-0.005780
-0.005802
-0.005825
-0.005847
-0.005870
-0.005893
-0.005915
-0.005938
-0.005960
-0.005983
-0.006006
-0.006028
-0.006051
-0.006073
-0.006096
-0.006119
-0.006141
-0.006164
-0.006187
-0.006209
-0.006232
-0.006255
-0.006277
-0.006300
-0.006323
-0.006345
-0.006368
-0.006391
-0.006413
-0.006436
-0.006459
-0.006482
-0.006504
-0.006527
-0.006550
-0.006572
-0.006595
-0.006618
-0.006641
-0.006663
-0.006686
-0.006709
-0.006731
-0.006754
-0.006777
-0.006800
-0.006822
-0.006845
-0.006868
-0.006891
-0.006913
-0.006936
-0.006959
-0.006982
-0.007004
-0.007027
-0.007050
-0.007073
-0.007095
-0.007118
-0.007141
-0.007164
-0.007187
-0.007209
-0.007232
-0.007255
-0.007278
-0.007300
-0.007323
-0.007346
-0.007369
-0.007392
-0.007414
-0.007437
-0.007460
-0.007483
-0.007505
-0.007528
-0.007551
-0.007574
-0.007597
-0.007619
-0.007642
-0.007665
-0.007688
-0.007711
-0.007733
-0.007756
-0.007779
-0.007802
-0.007825
-0.007847
-0.007870
-0.007893
-0.007916
-0.007939
-0.007961
-0.007984
-0.008007
-0.008030
-0.008052
-0.008075
-0.008098
-0.008121
-0.008144
-0.008166
-0.008189
-0.008212
-0.008235
-0.008258
-0.008280
-0.008303
-0.008326
-0.008349
-0.008371
-0.008394
-0.008417
-0.008440
-0.008462
-0.008485
-0.008508
-0.008531
-0.008554
-0.008576
-0.008599
-0.008622
-0.008645
-0.008667
-0.008690
-0.008713
-0.008736
-0.008758
-0.008781
-0.008804
-0.008827
-0.008849
-0.008872
-0.008895
-0.008917
-0.008940
-0.008963
-0.008986
-0.009008
-0.009031
-0.009054
-0.009077
-0.009099
-0.009122
-0.009145
-0.009167
-0.009190
-0.009213
-0.009235
-0.009258
-0.009281
-0.009304
-0.009326
-0.009349
-0.009372
-0.009394
-0.009417
-0.009440
-0.009462
-0.009485
-0.009508
-0.009530
-0.009553
-0.009576
-0.009598
-0.009621
-0.009643
-0.009666
-0.009689
-0.009711
-0.009734
-0.009757
-0.009779
-0.009802
-0.009824
-0.009847
-0.009870
-0.009892
-0.009915
-0.009937
-0.009960
-0.009983
-0.010005
-0.010028
-0.010050
-0.010073
-0.010095
-0.010118
-0.010141
-0.010163
-0.010186
-0.010208
-0.010231
-0.010253
-0.010276
-0.010298
-0.010321
-0.010343
-0.010366
-0.010388
-0.010411
-0.010433
-0.010456
-0.010478
-0.010501
-0.010523
-0.010546
-0.010568
-0.010591
-0.010613
-0.010636
-0.010658
-0.010680
-0.010703
-0.010725
-0.010748
-0.010770
-0.010793
-0.010815
-0.010837
-0.010860
-0.010882
-0.010905
-0.010927
0.639416
2.174372
4.643036
7.562585
10.703819
13.924180
17.138813
20.301319
23.663323
28.434400
36.683789
45.177713
50.534739
53.512241
54.962089
55.517159
56.123463
56.927891
57.716365
58.079760
57.892507
57.189560
56.029230
54.489812
52.668162
50.659837
48.551590
46.422496
44.336479
42.336664
40.451726
38.705721
37.117663
35.698393
34.449227
33.365564
32.438909
31.658250
31.009451
30.476134
30.041017
29.686959
29.398185
29.160497
28.961798
28.791849
28.642167
28.505800
28.377077
28.251522
28.125604
27.996550
27.862304
27.721291
27.572438
27.414971
27.248382
27.072331
26.886715
26.691558
26.486961
26.273217
26.050761
25.820220
25.582470
25.338562
25.089810
24.837493
24.583179
24.328466
24.074959
23.824222
23.577728
23.336791
23.102585
22.876038
22.657854
22.448536
22.248363
22.057401
21.875518
21.702411
21.537558
21.380468
21.230419
21.086741
20.948631
20.815377
20.686202
20.560375
20.437215
20.316105
20.196506
20.077888
19.959862
19.842039
19.724151
19.605953
19.487310
19.368122
19.248272
19.127809
19.006690
18.885007
18.762780
18.640166
18.517230
18.394049
18.270788
18.147499
18.024347
17.901427
17.778826
17.656649
17.534988
17.413921
17.293561
17.173947
17.055136
16.937196
16.820170
16.704124
16.589065
16.475065
16.362113
16.250267
16.139530
16.029939
15.921488
15.814210
15.708094
15.603163
15.499394
15.396813
15.295411
15.195188
15.096145
14.998279
14.901587
14.806063
14.711704
14.618510
14.526458
14.435557
14.345779
14.257140
14.169617
14.083213
13.997920
13.913713
13.830604
13.748572
13.667628
13.587738
13.508897
13.431116
13.354364
13.278621
13.203903
13.130182
13.057454
12.985696
12.914889
12.845036
12.776111
12.708092
12.640976
12.574748
12.509376
12.444858
12.381171
12.318294
12.256214
12.194919
12.134380
12.074588
12.015531
11.957186
11.899536
11.842573
11.786272
11.730620
11.675601
11.621213
11.567425
11.514225
11.461603
11.409558
11.358056
11.307095
11.256662
11.206754
11.157344
11.108424
11.059989
11.012030
10.964530
10.917480
10.870869
10.824692
10.778946
10.733609
10.688675
10.644140
10.599995
10.556234
10.512840
10.469809
10.427140
10.384826
10.342856
10.301219
10.259911
10.218927
10.178269
10.137923
10.097878
10.058133
10.018679
9.979524
9.940651
9.902056
9.863730
9.825672
9.787881
9.750353
9.713077
9.676051
9.639270
9.602729
9.566431
9.530370
9.494532
9.458921
9.423534
9.388361
9.353411
9.318674
9.284140
9.249812
9.215685
9.181757
9.148031
9.114497
9.081151
9.047994
9.015018
8.982226
8.949615
8.917182
8.884925
8.852838
8.820920
8.789167
8.757582
8.726164
8.694903
8.663804
8.632858
8.602069
8.571429
8.540946
8.510613
8.480426
8.450385
8.420486
8.390729
8.361111
8.331638
8.302303
8.273102
8.244036
8.215101
8.186298
8.157624
8.129081
8.100667
8.072380
8.044217
8.016175
7.988255
7.960457
7.932779
7.905226
7.877788
7.850467
7.823260
7.796168
7.769188
7.742321
7.715566
7.688925
7.662393
7.635969
7.609652
7.583441
7.557336
7.531335
7.505440
7.479652
7.453966
7.428381
7.402896
7.377509
7.352222
7.327034
7.301945
7.276956
7.252065
7.227270
7.202567
7.177958
7.153443
7.129021
7.104690
7.080455
7.056314
7.032263
7.008302
6.984428
6.960643
6.936945
6.913336
6.889814
6.866383
6.843038
6.819780
6.796606
6.773515
6.750507
6.727582
6.704742
6.681983
6.659310
6.636720
6.614212
6.591784
6.569436
6.547166
6.524976
6.502863
6.480831
6.458876
6.437004
6.415209
6.393491
6.371849
6.350282
6.328790
6.307373
6.286030
6.264763
6.243571
6.222457
6.201416
6.180448
6.159552
6.138728
6.117976
6.097295
6.076684
6.056146
6.035679
6.015286
5.994962
5.974709
5.954524
5.934409
5.914361
5.894381
5.874469
5.854624
5.834849
5.815143
5.795506
5.775934
5.756430
5.736990
5.717616
5.698308
5.679063
5.659883
5.640769
5.621719
5.602736
5.583818
5.564964
5.546172
5.527444
5.508778
5.490173
5.471631
5.453151
5.434732
5.416376
5.398083
5.379851
5.361681
5.343572
5.325522
5.307532
5.289602
5.271730
5.253918
5.236164
5.218470
5.200835
5.183260
5.165745
5.148287
5.130887
5.113544
5.096259
5.079030
5.061857
5.044741
5.027681
5.010678
4.993731
4.976841
4.960008
4.943231
4.926508
4.909840
4.893227
4.876668
4.860163
4.843712
4.827314
4.810970
4.794680
4.778444
4.762263
4.746134
4.730059
4.714036
4.698066
4.682147
4.666280
4.650465
4.634701
4.618988
4.603327
4.587716
4.572157
4.556651
4.541194
4.525788
4.510433
4.495127
4.479871
4.464664
4.449507
4.434398
4.419338
4.404327
4.389365
4.374451
4.359586
4.344772
4.330005
4.315286
4.300615
4.285991
4.271414
4.256884
4.242401
4.227964
4.213575
4.199231
4.184934
4.170684
4.156479
4.142321
4.128211
4.114145
4.100125
4.086150
4.072220
4.058335
4.044494
4.030698
4.016946
4.003238
3.989575
3.975955
3.962379
3.948847
3.935359
3.921916
3.908517
3.895161
3.881847
3.868575
3.855347
3.842161
3.829017
3.815914
3.802854
3.789836
3.776860
3.763925
3.751032
3.738180
3.725371
3.712603
3.699877
3.687192
3.674547
3.661942
3.649378
3.636854
3.624369
3.611925
3.599520
3.587155
3.574830
3.562544
3.550297
3.538090
3.525922
3.513793
3.501705
3.489655
3.477644
3.465672
3.453737
3.441841
3.429982
3.418161
3.406377
3.394631
3.382923
3.371252
3.359618
3.348022
3.336462
3.324940
3.313455
3.302007
3.290596
3.279223
3.267886
3.256584
3.245319
3.234090
3.222896
3.211738
3.200615
3.189527
3.178475
3.167458
3.156476
3.145530
3.134618
3.123741
3.112899
3.102092
3.091319
3.080583
3.069881
3.059213
3.048579
3.037978
3.027412
3.016879
3.006379
2.995913
2.985480
2.975080
2.964713
2.954379
2.944078
2.933810
2.923575
2.913372
2.903203
2.893065
2.882961
2.872890
2.862851
2.852844
2.842870
2.832927
2.823016
2.813136
2.803288
2.793470
2.783684
2.773929
2.764205
2.754512
2.744850
2.735218
2.725618
2.716048
2.706508
2.696999
2.687521
2.678073
2.668656
2.659270
2.649914
2.640588
2.631292
2.622025
2.612788
2.603580
2.594402
2.585253
2.576132
2.567041
2.557979
2.548945
2.539940
2.530964
2.522017
2.513098
2.504208
2.495346
2.486513
2.477708
2.468931
2.460183
2.451463
2.442772
2.434109
2.425474
2.416866
2.408286
2.399733
2.391208
2.382709
2.374238
2.365794
2.357376
2.348986
2.340622
2.332285
2.323974
2.315690
2.307433
2.299202
2.290998
2.282820
2.274668
2.266543
2.258443
2.250371
2.242324
2.234304
2.226310
2.218342
2.210399
2.202482
2.194590
2.186723
2.178882
2.171066
2.163275
2.155509
2.147768
2.140051
2.132359
2.124692
2.117050
2.109432
2.101838
2.094269
2.086724
2.079204
2.071708
2.064237
2.056789
2.049366
2.041967
2.034592
2.027241
2.019915
2.012612
2.005333
1.998078
1.990846
1.983637
1.976452
1.969290
1.962151
1.955035
1.947942
1.940872
1.933824
1.926800
1.919798
1.912819
1.905862
1.898928
1.892016
1.885127
1.878260
1.871415
1.864593
1.857793
1.851015
1.844259
1.837525
1.830814
1.824124
1.817457
1.810812
1.804189
1.797587
1.791007
1.784449
1.777912
1.771396
1.764901
1.758428
1.751976
1.745545
1.739135
1.732746
1.726377
1.720030
1.713703
1.707397
1.701111
1.694846
1.688601
1.682377
1.676173
1.669990
1.663827
1.657684
1.651562
1.645459
1.639377
1.633315
1.627273
1.621251
1.615250
1.609268
1.603306
1.597365
1.591443
1.585540
1.579658
1.573794
1.567950
1.562126
1.556321
1.550535
1.544768
1.539020
1.533292
1.527582
1.521891
1.516219
1.510566
1.504932
1.499316
1.493719
1.488141
1.482581
1.477040
1.471517
1.466013
1.460526
1.455059
1.449609
1.444178
1.438765
1.433370
1.427993
1.422635
1.417294
1.411972
1.406667
1.401381
1.396112
1.390862
1.385629
1.380414
1.375217
1.370037
1.364875
1.359730
1.354603
1.349493
1.344400
1.339324
1.334266
1.329225
1.324201
1.319193
1.314203
1.309230
1.304274
1.299334
1.294411
1.289505
1.284616
1.279743
1.274887
1.270047
1.265224
1.260417
1.255627
1.250853
1.246096
1.241354
1.236629
1.231920
1.227228
1.222551
1.217891
1.213246
1.208618
1.204006
1.199410
1.194829
1.190265
1.185716
1.181184
1.176667
1.172166
1.167681
1.163211
1.158757
1.154318
1.149895
1.145487
1.141095
1.136717
1.132355
1.128009
1.123677
1.119360
1.115059
1.110772
1.106501
1.102244
1.098003
1.093776
1.089564
1.085366
1.081184
1.077016
1.072863
1.068724
1.064600
1.060491
1.056396
1.052315
1.048249
1.044197
1.040159
1.036136
1.032127
1.028132
1.024152
1.020185
1.016233
1.012294
1.008370
1.004460
1.000563
0.996681
0.992812
0.988958
0.985117
0.981290
0.977477
0.973678
0.969892
0.966120
0.962362
0.958617
0.954886
0.951169
0.947464
0.943773
0.940096
0.936432
0.932781
0.929143
0.925518
0.921907
0.918308
0.914723
0.911151
0.907591
0.904045
0.900511
0.896990
0.893483
0.889988
0.886505
0.883036
0.879579
0.876134
0.872703
0.869284
0.865877
0.862483
0.859101
0.855732
0.852375
0.849031
0.845698
0.842378
0.839071
0.835775
0.832492
0.829221
0.825962
0.822715
0.819480
0.816257
0.813045
0.809846
0.806659
0.803484
0.800320
0.797168
0.794028
0.790900
0.787783
0.784678
0.781585
0.778503
0.775433
0.772374
0.769327
0.766292
0.763268
0.760255
0.757254
0.754264
0.751285
0.748318
0.745362
0.742417
0.739483
0.736561
0.733649
0.730748
0.727859
0.724980
0.722112
0.719255
0.716409
0.713574
0.710749
0.707936
0.705133
0.702340
0.699559
0.696788
0.694027
0.691277
0.688537
0.685808
0.683090
0.680381
0.677684
0.674996
0.672319
0.669652
0.666995
0.664349
0.661712
0.659086
0.656470
0.653864
0.651268
0.648682
0.646105
0.643539
0.640983
0.638437
0.635900
0.633373
0.630856
0.628349
0.625851
0.623364
0.620885
0.618417
0.615958
0.613508
0.611068
0.608637
0.606216
0.603804
0.601402
0.599009
0.596625
0.594251
0.591886
0.589530
0.587183
0.584845
0.582517
0.580198
0.577887
0.575586
0.573294
0.571010
0.568736
0.566470
0.564214
0.561966
0.559727
0.557497
0.555276
0.553063
0.550859
0.548664
0.546478
0.544300
0.542130
0.539970
0.537817
0.535673
0.533538
0.531411
0.529293
0.527182
0.525080
0.522987
0.520901
0.518824
0.516755
0.514694
0.512641
0.510597
0.508560
0.506531
0.504511
0.502498
0.500493
0.498496
0.496507
0.494526
0.492553
0.490588
0.488630
0.486680
0.484737
0.482803
0.480876
0.478956
0.477044
0.475140
0.473243
0.471354
0.469472
0.467597
0.465730
0.463871
0.462018
0.460173
0.458335
0.456505
0.454682
0.452866
0.451057
0.449255
0.447460
0.445673
0.443892
0.442118
0.440352
0.438592
0.436840
0.435094
0.433355
0.431623
0.429898
0.428180
0.426468
0.424763
0.423065
0.421374
0.419689
0.418011
0.416339
0.414674
0.413016
0.411364
0.409718
0.408079
0.406447
0.404821
0.403201
0.401588
0.399981
0.398380
0.396786
0.395198
0.393616
0.392040
0.390471
0.388907
0.387350
0.385799
0.384254
0.382715
0.381182
0.379655
0.378134
0.376619
0.375110
0.373606
0.372109
0.370617
0.369132
0.367652
0.366178
0.364709
0.363247
0.361790
0.360338
0.358893
0.357453
0.356018
0.354589
0.353166
0.351748
0.350336
0.348929
0.347528
0.346132
0.344742
0.343357
0.341977
0.340603
0.339234
0.337871
0.336512
0.335159
0.333811
0.332469
0.331131
0.329799
0.328472
0.327150
0.325833
0.324521
0.323215
0.321913
0.320616
0.319324
0.318038
0.316756
0.315479
0.314207
0.312939
0.311677
0.310420
0.309167
0.307919
0.306676
0.305437
0.304204
0.302975
0.301750
0.300531
0.299316
0.298105
0.296900
0.295698
0.294502
0.293310
0.292122
0.290939
0.289760
0.288586
0.287416
0.286251
0.285090
0.283934
0.282782
0.281634
0.280490
0.279351
0.278216
0.277086
0.275960
0.274837
0.273720
0.272606
0.271496
0.270391
0.269290
0.268193
0.267100
0.266011
0.264926
0.263845
0.262768
0.261696
0.260627
0.259562
0.258501
0.257445
0.256392
0.255343
0.254298
0.253256
0.252219
0.251186
0.250156
0.249130
0.248108
0.247090
0.246075
0.245064
0.244057
0.243054
0.242054
0.241058
0.240066
0.239077
0.238092
0.237111
0.236133
0.235159
0.234188
0.233221
0.232258
0.231298
0.230341
0.229388
0.228439
0.227493
0.226550
0.225611
0.224675
0.223743
0.222814
0.221889
0.220966
0.220048
0.219132
0.218220
0.217311
0.216406
0.215503
0.214604
0.213709
0.212816
0.211927
0.211041
0.210158
0.209278
0.208402
0.207529
0.206658
0.205791
0.204927
0.204067
0.203209
0.202354
0.201503
0.200654
0.199809
0.198966
0.198127
0.197291
0.196457
0.195627
0.194799
0.193975
0.193153
0.192335
0.191519
0.190706
0.189896
0.189089
0.188285
0.187484
0.186686
0.185890
0.185097
0.184307
0.183520
0.182736
0.181955
0.181176
0.180400
0.179627
0.178856
0.178088
0.177323
0.176561
0.175801
0.175044
0.174290
0.173539
0.172790
0.172043
0.171300
0.170559
0.169820
0.169084
0.168351
0.167620
0.166892
0.166167
0.165444
0.164723
0.164005
0.163290
0.162577
0.161867
0.161159
0.160453
0.159750
0.159050
0.158352
0.157656
0.156963
0.156272
0.155584
0.154898
0.154215
0.153534
0.152855
0.152179
0.151505
0.150833
0.150164
0.149497
0.148832
0.148170
0.147510
0.146852
0.146196
0.145543
0.144892
0.144244
0.143597
0.142953
0.142312
0.141672
0.141034
0.140399
0.139766
0.139135
0.138507
0.137880
0.137256
0.136634
0.136014
0.135396
0.134781
0.134167
0.133556
0.132947
0.132339
0.131734
0.131131
0.130531
0.129932
0.129335
0.128740
0.128148
0.127557
0.126969
0.126382
0.125798
0.125215
0.124635
0.124057
0.123480
0.122906
0.122333
0.121763
0.121195
0.120628
0.120063
0.119501
0.118940
0.118381
0.117825
0.117270
0.116717
0.116166
0.115616
0.115069
0.114524
0.113980
0.113438
0.112899
0.112361
0.111825
0.111290
0.110758
0.110227
0.109698
0.109172
0.108646
0.108123
0.107602
0.107082
0.106564
0.106048
0.105533
0.105021
0.104510
0.104001
0.103493
0.102987
0.102484
0.101981
0.101481
0.100982
0.100485
0.099990
0.099496
0.099004
0.098514
0.098025
0.097539
0.097053
0.096570
0.096088
0.095608
0.095129
0.094652
0.094177
0.093703
0.093231
0.092760
0.092292
0.091824
0.091359
0.090895
0.090432
0.089971
0.089512
0.089054
0.088598
0.088144
0.087691
0.087239
0.086789
0.086341
0.085894
0.085449
0.085005
0.084563
0.084122
0.083683
0.083245
0.082809
0.082374
0.081941
0.081509
0.081079
0.080650
0.080222
0.079796
0.079372
0.078949
0.078527
0.078107
0.077689
0.077272
0.076856
0.076441
0.076028
0.075617
0.075207
0.074798
0.074391
0.073985
0.073580
0.073177
0.072775
0.072375
0.071976
0.071578
0.071182
0.070787
0.070394
0.070001
0.069611
0.069221
0.068833
0.068446
0.068060
0.067676
0.067293
0.066912
0.066531
0.066152
0.065775
0.065398
0.065023
0.064649
0.064277
0.063906
0.063536
0.063167
0.062799
0.062433
0.062068
0.061705
0.061342
0.060981
0.060621
0.060262
0.059905
0.059549
0.059194
0.058840
0.058487
0.058136
0.057786
0.057437
0.057089
0.056742
0.056397
0.056053
0.055710
0.055368
0.055027
0.054688
0.054349
0.054012
0.053676
0.053341
0.053008
0.052675
0.052344
0.052013
0.051684
0.051356
0.051029
0.050703
0.050379
0.050055
0.049733
0.049412
0.049091
0.048772
0.048454
0.048137
0.047822
0.047507
0.047193
0.046881
0.046569
0.046259
0.045949
0.045641
0.045334
0.045028
0.044723
0.044418
0.044115
0.043813
0.043513
0.043213
0.042914
0.042616
0.042319
0.042023
0.041729
0.041435
0.041142
0.040850
0.040560
0.040270
0.039981
0.039694
0.039407
0.039121
0.038836
0.038553
0.038270
0.037988
0.037707
0.037427
0.037148
0.036870
0.036593
0.036317
0.036042
0.035768
0.035495
0.035223
0.034951
0.034681
0.034412
0.034143
0.033876
0.033609
0.033343
0.033078
0.032815
0.032552
0.032289
0.032028
0.031768
0.031509
0.031250
0.030993
0.030736
0.030480
0.030225
0.029971
0.029718
0.029466
0.029215
0.028964
0.028714
0.028466
0.028218
0.027971
0.027724
0.027479
0.027235
0.026991
0.026748
0.026506
0.026265
0.026025
0.025785
0.025547
0.025309
0.025072
0.024836
0.024600
0.024366
0.024132
0.023899
0.023667
0.023436
0.023205
0.022976
0.022747
0.022519
0.022291
0.022065
0.021839
0.021614
0.021390
0.021166
0.020944
0.020722
0.020501
0.020281
0.020061
0.019842
0.019624
0.019407
0.019191
0.018975
0.018760
0.018546
0.018332
0.018119
0.017907
0.017696
0.017486
0.017276
0.017067
0.016858
0.016651
0.016444
0.016238
0.016032
0.015827
0.015623
0.015420
0.015217
0.015015
0.014814
0.014614
0.014414
0.014215
0.014016
0.013819
0.013621
0.013425
0.013229
0.013034
0.012840
0.012646
0.012454
0.012261
0.012070
0.011879
0.011688
0.011499
0.011310
0.011121
0.010934
0.010747
0.010560
0.010375
0.010190
0.010005
0.009822
0.009638
0.009456
0.009274
0.009093
0.008912
0.008732
0.008553
0.008374
0.008196
0.008019
0.007842
0.007666
0.007490
0.007315
0.007141
0.006967
0.006794
0.006621
0.006450
0.006278
0.006107
0.005937
0.005768
0.005599
0.005430
0.005263
0.005095
0.004929
0.004763
0.004597
0.004432
0.004268
0.004104
0.003941
0.003779
0.003617
0.003455
0.003294
0.003134
0.002974
0.002815
0.002657
0.002498
0.002341
0.002184
0.002027
0.001872
0.001716
0.001561
0.001407
0.001254
0.001100
0.000948
0.000796
0.000644
0.000493
0.000342
0.000192
0.000043
-0.000106
-0.000254
-0.000402
-0.000550
-0.000696
-0.000843
-0.000989
-0.001134
-0.001279
-0.001423
-0.001567
-0.001710
-0.001853
-0.001995
-0.002137
-0.002278
-0.002419
-0.002560
-0.002699
-0.002839
-0.002978
-0.003116
-0.003254
-0.003391
-0.003528
-0.003665
-0.003800
-0.003936
-0.004071
-0.004205
-0.004340
-0.004473
-0.004606
-0.004739
-0.004871
-0.005003
-0.005134
-0.005265
-0.005395
-0.005525
-0.005655
-0.005784
-0.005912
-0.006040
-0.006168
-0.006295
-0.006422
-0.006548
-0.006674
-0.006799
-0.006924
-0.007049
-0.007173
-0.007296
-0.007420
-0.007542
-0.007665
-0.007787
-0.007908
-0.008029
-0.008150
-0.008270
-0.008390
-0.008509
-0.008628
-0.008747
-0.008865
-0.008983
-0.009100
-0.009217
-0.009334
-0.009450
-0.009565
-0.009681
-0.009795
-0.009910
-0.010024
-0.010138
-0.010251
-0.010364
-0.010476
-0.010588
-0.010700
-0.010811
-0.010922
-0.011033
-0.011143
-0.011253
-0.011362
-0.011471
-0.011580
-0.011688
-0.011796
-0.011903
-0.012010
-0.012117
-0.012223
-0.012329
-0.012435
-0.012540
-0.012645
-0.012749
-0.012853
-0.012957
-0.013061
-0.013164
-0.013266
-0.013369
-0.013471
-0.013572
-0.013673
-0.013774
-0.013875
-0.013975
-0.014075
-0.014174
-0.014273
-0.014372
-0.014471
-0.014569
-0.014666
-0.014764
-0.014861
-0.014958
-0.015054
-0.015150
-0.015246
-0.015341
-0.015436
-0.015531
-0.015625
-0.015719
-0.015813
-0.015906
-0.015999
-0.016092
-0.016185
-0.016277
-0.016368
-0.016460
-0.016551
-0.016642
-0.016732
-0.016823
-0.016912
-0.017002
-0.017091
-0.017180
-0.017269
-0.017357
-0.017445
-0.017533
-0.017620
-0.017707
-0.017794
-0.017880
-0.017967
-0.018052
-0.018138
-0.018223
-0.018308
-0.018393
-0.018477
-0.018561
-0.018645
-0.018729
-0.018812
-0.018895
-0.018977
-0.019060
-0.019142
-0.019224
-0.019305
-0.019386
-0.019467
-0.019548
-0.019628
-0.019708
-0.019788
-0.019867
-0.019947
-0.020026
-0.020104
-0.020183
-0.020261
-0.020339
-0.020416
-0.020494
-0.020571
-0.020648
-0.020724
-0.020800
-0.020876
-0.020952
-0.021027
-0.021103
-0.021178
-0.021252
-0.021327
-0.021401
-0.021475
-0.021548
-0.021622
-0.021695
-0.021768
-0.021840
-0.021913
-0.021985
-0.022057
-0.022128
-0.022200
-0.022271
-0.022342
-0.022412
-0.022483
-0.022553
-0.022623
-0.022692
-0.022762
-0.022831
-0.022900
-0.022969
-0.023037
-0.023105
-0.023173
-0.023241
-0.023309
-0.023376
-0.023443
-0.023510
-0.023576
-0.023643
-0.023709
-0.023775
-0.023840
-0.023906
-0.023971
-0.024036
-0.024101
-0.024165
-0.024230
-0.024294
-0.024358
-0.024421
-0.024485
-0.024548
-0.024611
-0.024674
-0.024736
-0.024798
-0.024861
-0.024923
-0.024984
-0.025046
-0.025107
-0.025168
-0.025229
-0.025290
-0.025350
-0.025410
-0.025470
-0.025530
-0.025590
-0.025649
-0.025708
-0.025767
-0.025826
-0.025885
-0.025943
-0.026001
-0.026059
-0.026117
-0.026175
-0.026232
-0.026289
-0.026346
-0.026403
-0.026460
-0.026516
-0.026572
-0.026628
-0.026684
-0.026740
-0.026795
-0.026850
-0.026906
-0.026960
-0.027015
-0.027070
-0.027124
-0.027178
-0.027232
-0.027286
-0.027339
-0.027393
-0.027446
-0.027499
-0.027552
-0.027605
-0.027657
-0.027709
-0.027762
-0.027814
-0.027865
-0.027917
-0.027968
-0.028020
-0.028071
-0.028122
-0.028172
-0.028223
-0.028273
-0.028324
-0.028374
-0.028423
-0.028473
-0.028523
-0.028572
-0.028621
-0.028670
-0.028719
-0.028768
-0.028816
-0.028865
-0.028913
-0.028961
-0.029009
-0.029057
-0.029104
-0.029152
-0.029199
-0.029246
-0.029293
-0.029340
-0.029386
-0.029433
-0.029479
-0.029525
-0.029571
-0.029617
-0.029663
-0.029708
-0.029753
-0.029799
-0.029844
-0.029889
-0.029933
-0.029978
-0.030022
-0.030067
-0.030111
-0.030155
-0.030199
-0.030242
-0.030286
-0.030329
-0.030373
-0.030416
-0.030459
-0.030502
-0.030544
-0.030587
-0.030629
-0.030671
-0.030714
-0.030756
-0.030797
-0.030839
-0.030881
-0.030922
-0.030963
-0.031005
-0.031046
-0.031086
-0.031127
-0.031168
-0.031208
-0.031249
-0.031289
-0.031329
-0.031369
-0.031409
-0.031448
-0.031488
-0.031527
-0.031566
-0.031606
-0.031645
-0.031683
-0.031722
-0.031761
-0.031799
-0.031838
-0.031876
-0.031914
-0.031952
-0.031990
-0.032028
-0.032065
-0.032103
-0.032140
-0.032177
-0.032214
-0.032251
-0.032288
-0.032325
-0.032362
-0.032398
-0.032434
-0.032471
-0.032507
-0.032543
-0.032579
-0.032615
-0.032650
-0.032686
-0.032721
-0.032757
-0.032792
-0.032827
-0.032862
-0.032897
-0.032932
-0.032966
-0.033001
-0.033035
-0.033069
-0.033104
-0.033138
-0.033172
-0.033205
-0.033239
-0.033273
-0.033306
-0.033340
-0.033373
-0.033406
-0.033439
-0.033472
-0.033505
-0.033538
-0.033571
-0.033603
-0.033636
-0.033668
-0.033700
-0.033732
-0.033764
-0.033796
-0.033828
-0.033860
-0.033891
-0.033923
-0.033954
-0.033986
-0.034017
-0.034048
-0.034079
-0.034110
-0.034141
-0.034171
-0.034202
-0.034233
-0.034263
-0.034293
-0.034324
-0.034354
-0.034384
-0.034414
-0.034444
-0.034473
-0.034503
-0.034532
-0.034562
-0.034591
-0.034621
-0.034650
-0.034679
-0.034708
-0.034737
-0.034766
-0.034794
-0.034823
-0.034851
-0.034880
-0.034908
-0.034936
-0.034965
-0.034993
-0.035021
-0.035049
-0.035076
-0.035104
-0.035132
-0.035159
-0.035187
-0.035214
-0.035242
-0.035269
-0.035296
-0.035323
-0.035350
-0.035377
-0.035404
-0.035430
-0.035457
-0.035483
-0.035510
-0.035536
-0.035562
-0.035589
-0.035615
-0.035641
-0.035667
-0.035693
-0.035718
-0.035744
-0.035770
-0.035795
-0.035821
-0.035846
-0.035872
-0.035897
-0.035922
-0.035947
-0.035972
-0.035997
-0.036022
-0.036047
-0.036071
-0.036096
-0.036121
-0.036145
-0.036169
-0.036194
-0.036218
-0.036242
-0.036266
-0.036290
-0.036314
-0.036338
-0.036362
-0.036386
-0.036409
-0.036433
-0.036456
-0.036480
-0.036503
-0.036527
-0.036550
-0.036573
-0.036596
-0.036619
-0.036642
-0.036665
-0.036688
-0.036710
-0.036733
-0.036756
-0.036778
-0.036801
-0.036823
-0.036845
-0.036868
-0.036890
-0.036912
-0.036934
-0.036956
-0.036978
-0.037000
-0.037022
-0.037043
-0.037065
-0.037087
-0.037108
-0.037130
-0.037151
-0.037172
-0.037194
-0.037215
-0.037236
-0.037257
-0.037278
-0.037299
-0.037320
-0.037341
-0.037362
-0.037382
-0.037403
-0.037424
-0.037444
-0.037465
-0.037485
-0.037506
-0.037526
-0.037546
-0.037566
-0.037586
-0.037606
-0.037626
-0.037646
-0.037666
-0.037686
-0.037706
-0.037726
-0.037745
-0.037765
-0.037784
-0.037804
-0.037823
-0.037843
-0.037862
-0.037881
-0.037900
-0.037919
-0.037939
-0.037958
-0.037977
-0.037995
-0.038014
-0.038033
-0.038052
-0.038071
-0.038089
-0.038108
-0.038126
-0.038145
-0.038163
-0.038182
-0.038200
-0.038218
-0.038237
-0.038255
-0.038273
-0.038291
-0.038309
-0.038327
-0.038345
-0.038363
-0.038381
-0.038398
-0.038416
-0.038434
-0.038451
-0.038469
-0.038486
-0.038504
-0.038521
-0.038539
-0.038556
-0.038573
-0.038590
-0.038608
-0.038625
-0.038642
-0.038659
-0.038676
-0.038693
-0.038710
-0.038727
-0.038743
-0.038760
-0.038777
-0.038793
-0.038810
-0.038827
-0.038843
-0.038860
-0.038876
-0.038892
-0.038909
-0.038925
-0.038941
-0.038958
-0.038974
-0.038990
-0.039006
-0.039022
-0.039038
-0.039054
-0.039070
-0.039086
-0.039101
-0.039117
-0.039133
-0.039149
-0.039164
-0.039180
-0.039195
-0.039211
-0.039226
-0.039242
-0.039257
-0.039272
-0.039288
-0.039303
-0.039318
-0.039333
-0.039349
-0.039364
-0.039379
-0.039394
-0.039409
-0.039424
-0.039439
-0.039453
-0.039468
-0.039483
-0.039498
-0.039513
-0.039527
-0.039542
-0.039556
-0.039571
-0.039585
-0.039600
-0.039614
-0.039629
-0.039643
-0.039657
-0.039672
-0.039686
-0.039700
-0.039714
-0.039728
-0.039743
-0.039757
-0.039771
-0.039785
-0.039799
-0.039813
-0.039826
-0.039840
-0.039854
-0.039868
-0.039882
-0.039895
-0.039909
-0.039923
-0.039936
-0.039950
-0.039963
-0.039977
-0.039990
-0.040004
-0.040017
-0.040030
-0.040044
-0.040057
-0.040070
-0.040083
-0.040097
-0.040110
-0.040123
-0.040136
-0.040149
-0.040162
-0.040175
-0.040188
-0.040201
-0.040214
-0.040227
-0.040240
-0.040252
-0.040265
-0.040278
-0.040291
-0.040303
-0.040316
-0.040329
-0.040341
-0.040354
-0.040366
-0.040379
-0.040391
-0.040404
-0.040416
-0.040428
-0.040441
-0.040453
-0.040465
-0.040477
-0.040490
-0.040502
-0.040514
-0.040526
-0.040538
-0.040550
-0.040562
-0.040574
-0.040586
-0.040598
-0.040610
-0.040622
-0.040634
-0.040646
-0.040658
-0.040669
-0.040681
-0.040693
-0.040705
-0.040716
-0.040728
-0.040739
-0.040751
-0.040763
-0.040774
-0.040786
-0.040797
-0.040809
-0.040820
-0.040831
-0.040843
-0.040854
-0.040865
-0.040877
-0.040888
-0.040899
-0.040910
-0.040922
-0.040933
-0.040944
-0.040955
-0.040966
-0.040977
-0.040988
-0.040999
-0.041010
-0.041021
-0.041032
-0.041043
-0.041054
-0.041065
-0.041075
-0.041086
-0.041097
-0.041108
-0.041119
-0.041129
-0.041140
-0.041151
-0.041161
-0.041172
-0.041182
-0.041193
-0.041204
-0.041214
-0.041225
-0.041235
-0.041245
-0.041256
-0.041266
-0.041277
-0.041287
-0.041297
-0.041308
-0.041318
-0.041328
-0.041338
-0.041349
-0.041359
-0.041369
-0.041379
-0.041389
-0.041399
-0.041410
-0.041420
-0.041430
-0.041440
-0.041450
-0.041460
-0.041470
-0.041480
-0.041489
-0.041499
-0.041509
-0.041519
-0.041529
-0.041539
-0.041548
-0.041558
-0.041568
-0.041578
-0.041587
-0.041597
-0.041607
-0.041616
-0.041626
-0.041636
-0.041645
-0.041655
-0.041664
-0.041674
-0.041683
-0.041693
-0.041702
-0.041712
-0.041721
-0.041730
-0.041740
-0.041749
-0.041759
-0.041768
-0.041777
-0.041786
-0.041796
-0.041805
-0.041814
-0.041823
-0.041833
-0.041842
-0.041851
-0.041860
-0.041869
-0.041878
-0.041887
-0.041896
-0.041905
-0.041915
-0.041924
-0.041933
-0.041941
-0.041950
-0.041959
-0.041968
-0.041977
-0.041986
-0.041995
-0.042004
-0.042013
-0.042021
-0.042030
-0.042039
-0.042048
-0.042056
-0.042065
-0.042074
-0.042083
-0.042091
-0.042100
-0.042109
-0.042117
-0.042126
-0.042134
-0.042143
-0.042151
-0.042160
-0.042169
-0.042177
-0.042186
-0.042194
-0.042202
-0.042211
-0.042219
-0.042228
-0.042236
-0.042245
-0.042253
-0.042261
-0.042270
-0.042278
-0.042286
-0.042294
-0.042303
-0.042311
-0.042319
-0.042327
-0.042336
-0.042344
-0.042352
-0.042360
-0.042368
-0.042376
-0.042385
-0.042393
-0.042401
-0.042409
-0.042417
-0.042425
-0.042433
-0.042441
-0.042449
-0.042457
-0.042465
-0.042473
-0.042481
-0.042489
-0.042497
-0.042504
-0.042512
-0.042520
-0.042528
-0.042536
-0.042544
-0.042552
-0.042559
-0.042567
-0.042575
-0.042583
-0.042590
-0.042598
-0.042606
-0.042613
-0.042621
-0.042629
-0.042636
-0.042644
-0.042652
-0.042659
-0.042667
-0.042675
-0.042682
-0.042690
-0.042697
-0.042705
-0.042712
-0.042720
-0.042727
-0.042735
-0.042742
-0.042750
-0.042757
-0.042765
-0.042772
-0.042779
-0.042787
-0.042794
-0.042802
-0.042809
-0.042816
-0.042824
-0.042831
-0.042838
-0.042846
-0.042853
-0.042860
-0.042867
-0.042875
-0.042882
-0.042889
-0.042896
-0.042904
-0.042911
-0.042918
-0.042925
-0.042932
-0.042939
-0.042946
-0.042954
-0.042961
-0.042968
-0.042975
-0.042982
-0.042989
-0.042996
-0.043003
-0.043010
-0.043017
-0.043024
-0.043031
-0.043038
-0.043045
-0.043052
-0.043059
-0.043066
-0.043073
-0.043080
-0.043087
-0.043094
-0.043100
-0.043107
-0.043114
-0.043121
-0.043128
-0.043135
-0.043141
-0.043148
-0.043155
-0.043162
-0.043169
-0.043175
-0.043182
-0.043189
-0.043196
-0.043202
-0.043209
-0.043216
-0.043222
-0.043229
-0.043236
-0.043242
-0.043249
-0.043256
-0.043262
-0.043269
-0.043276
-0.043282
-0.043289
-0.043295
-0.043302
-0.043308
-0.043315
-0.043321
-0.043328
-0.043335
-0.043341
-0.043348
-0.043354
-0.043361
-0.043367
-0.043373
-0.043380
-0.043386
-0.043393
-0.043399
-0.043406
-0.043412
-0.043418
-0.043425
-0.043431
-0.043438
-0.043444
-0.043450
-0.043457
-0.043463
-0.043469
-0.043475
-0.043482
-0.043488
-0.043494
-0.043501
-0.043507
-0.043513
-0.043519
-0.043526
-0.043532
-0.043538
-0.043544
-0.043551
-0.043557
-0.043563
-0.043569
-0.043575
-0.043581
-0.043588
-0.043594
-0.043600
-0.043606
-0.043612
-0.043618
-0.043624
-0.043630
-0.043636
-0.043642
-0.043649
-0.043655
-0.043661
-0.043667
-0.043673
-0.043679
-0.043685
-0.043691
-0.043697
-0.043703
-0.043709
-0.043715
-0.043721
-0.043727
-0.043733
-0.043739
-0.043744
-0.043750
-0.043756
-0.043762
-0.043768
-0.043774
-0.043780
-0.043786
-0.043792
-0.043797
-0.043803
-0.043809
-0.043815
-0.043821
-0.043827
-0.043833
-0.043838
-0.043844
-0.043850
-0.043856
-0.043861
-0.043867
-0.043873
-0.043879
-0.043884
-0.043890
-0.043896
-0.043902
-0.043907
-0.043913
-0.043919
-0.043925
-0.043930
-0.043936
-0.043942
-0.043947
-0.043953
-0.043959
-0.043964
-0.043970
-0.043975
-0.043981
-0.043987
-0.043992
-0.043998
-0.044003
-0.044009
-0.044015
-0.044020
-0.044026
-0.044031
-0.044037
-0.044042
-0.044048
-0.044054
-0.044059
-0.044065
-0.044070
-0.044076
-0.044081
-0.044087
-0.044092
-0.044098

