0.000000
0.000000
-0.000006
-0.000014
-0.000023
-0.000034
-0.000045
-0.000058
-0.000070
-0.000083
-0.000097
-0.000111
-0.000125
-0.000140
-0.000155
-0.000170
-0.000185
-0.000201
-0.000217
-0.000233
-0.000249
-0.000265
-0.000282
-0.000299
-0.000316
-0.000333
-0.000351
-0.000368
-0.000386
-0.000404
-0.000422
-0.000440
-0.000459
-0.000477
-0.000496
-0.000515
-0.000534
-0.000553
-0.000572
-0.000591
-0.000611
-0.000631
-0.000650
-0.000670
-0.000690
-0.000711
-0.000731
-0.000751
-0.000772
-0.000793
-0.000813
-0.000834
-0.000855
-0.000876
-0.000898
-0.000919
-0.000940
-0.000962
-0.000984
-0.001005
-0.001027
-0.001049
-0.001071
-0.001093
-0.001115
-0.001138
-0.001160
-0.001183
-0.001205
-0.001228
-0.001250
-0.001273
-0.001296
-0.001319
-0.001342
-0.001365
-0.001389
-0.001412
-0.001435
-0.001459
-0.001482
-0.001506
-0.001530
-0.001553
-0.001577
-0.001601
-0.001625
-0.001649
-0.001673
-0.001697
-0.001722
-0.001746
-0.001770
-0.001795
-0.001819
-0.001844
-0.001868
-0.001893
-0.001918
-0.001942
-0.001967
-0.001992
-0.002017
-0.002042
-0.002067
-0.002092
-0.002117
-0.002143
-0.002168
-0.002193
-0.002219
-0.002244
-0.002269
-0.002295
-0.002321
-0.002346
-0.002372
-0.002398
-0.002423
-0.002449
-0.002475
-0.002501
-0.002527
-0.002553
-0.002579
-0.002605
-0.002631
-0.002657
-0.002684
-0.002710
-0.002736
-0.002762
-0.002789
-0.002815
-0.002842
-0.002868
-0.002895
-0.002921
-0.002948
-0.002975
-0.003001
-0.003028
-0.003055
-0.003081
-0.003108
-0.003135
-0.003162
-0.003189
-0.003216
-0.003243
-0.003270
-0.003297
-0.003324
-0.003351
-0.003378
-0.003405
-0.003433
-0.003460
-0.003487
-0.003515
-0.003542
-0.003569
-0.003597
-0.003624
-0.003651
-0.003679
-0.003706
-0.003734
-0.003762
-0.003789
-0.003817
-0.003844
-0.003872
-0.003900
-0.003927
-0.003955
-0.003983
-0.004011
-0.004038
-0.004066
-0.004094
-0.004122
-0.004150
-0.004178
-0.004206
-0.004234
-0.004262
-0.004290
-0.004318
-0.004346
-0.004374
-0.004402
-0.004430
-0.004458
-0.004486
-0.004515
-0.004543
-0.004571
-0.004599
-0.004628
-0.004656
-0.004684
-0.004712
-0.004741
-0.004769
-0.004797
-0.004826
-0.004854
-0.004883
-0.004911
-0.004940
-0.004968
-0.004996
-0.005025
-0.005054
-0.005082
-0.005111
-0.005139
-0.005168
-0.005196
-0.005225
-0.005254
-0.005282
-0.005311
-0.005340
-0.005368
-0.005397
-0.005426
-0.005454
-0.005483
-0.005512
-0.005541
-0.005569
-0.005598
-0.005627
-0.005656
-0.005685
-0.005713
-0.005742
-0.005771
-0.005800
-0.005829
-0.005858
-0.005887
-0.005916
-0.005945
-0.005973
-0.006002
-0.006031
-0.006060
-0.006089
-0.006118
-0.006147
-0.006176
-0.006205
-0.006234
-0.006263
-0.006292
-0.006322
-0.006351
-0.006380
-0.006409
-0.006438
-0.006467
-0.006496
-0.006525
-0.006554
-0.006583
-0.006613
-0.006642
-0.006671
-0.006700
-0.006729
-0.006758
-0.006788
-0.006817
-0.006846
-0.006875
-0.006904
-0.006934
-0.006963
-0.006992
-0.007021
-0.007051
-0.007080
-0.007109
-0.007138
-0.007168
-0.007197
-0.007226
-0.007255
-0.007285
-0.007314
-0.007343
-0.007373
-0.007402
-0.007431
-0.007461
-0.007490
-0.007519
-0.007549
-0.007578
-0.007607
-0.007637
-0.007666
-0.007695
-0.007725
-0.007754
-0.007783
-0.007813
-0.007842
-0.007872
-0.007901
-0.007930
-0.007960
-0.007989
-0.008018
-0.008048
-0.008077
-0.008107
-0.008136
-0.008166
-0.008195
-0.008224
-0.008254
-0.008283
-0.008313
-0.008342
-0.008371
-0.008401
-0.008430
-0.008460
-0.008489
-0.008519
-0.008548
-0.008577
-0.008607
-0.008636
-0.008666
-0.008695
-0.008725
-0.008754
-0.008783
-0.008813
-0.008842
-0.008872
-0.008901
-0.008931
-0.008960
-0.008990
-0.009019
-0.009048
-0.009078
-0.009107
-0.009137
-0.009166
-0.009196
-0.009225
-0.009255
-0.009284
-0.009313
-0.009343
-0.009372
-0.009402
-0.009431
-0.009461
-0.009490
-0.009520
-0.009549
-0.009578
-0.009608
-0.009637
-0.009667
-0.009696
-0.009726
-0.009755
-0.009784
-0.009814
-0.009843
-0.009873
-0.009902
-0.009932
-0.009961
-0.009990
-0.010020
-0.010049
-0.010079
-0.010108
-0.010137
-0.010167
-0.010196
-0.010226
-0.010255
-0.010284
-0.010314
-0.010343
-0.010373
-0.010402
-0.010431
-0.010461
-0.010490
-0.010520
-0.010549
-0.010578
-0.010608
-0.010637
-0.010666
-0.010696
-0.010725
-0.010754
-0.010784
-0.010813
-0.010842
-0.010872
-0.010901
-0.010930
-0.010960
-0.010989
-0.011018
-0.011048
-0.011077
-0.011106
-0.011136
-0.011165
-0.011194
-0.011224
-0.011253
-0.011282
-0.011311
-0.011341
-0.011370
-0.011399
-0.011428
-0.011458
-0.011487
-0.011516
-0.011545
-0.011575
-0.011604
-0.011633
-0.011662
-0.011692
-0.011721
-0.011750
-0.011779
-0.011808
-0.011838
-0.011867
-0.011896
-0.011925
-0.011954
-0.011984
-0.012013
-0.012042
-0.012071
-0.012100
-0.012129
-0.012158
-0.012188
-0.012217
-0.012246
-0.012275
-0.012304
-0.012333
-0.012362
-0.012391
-0.012421
-0.012450
-0.012479
-0.012508
-0.012537
-0.012566
-0.012595
-0.012624
-0.012653
-0.012682
-0.012711
-0.012740
-0.012769
-0.012798
-0.012827
-0.012856
-0.012885
-0.012914
-0.012943
-0.012972
-0.013001
-0.013030
-0.013059
-0.013088
-0.013117
-0.013146
-0.013175
-0.013204
-0.013233
-0.013261
-0.013290
-0.013319
-0.013348
-0.013377
-0.013406
-0.013435
-0.013464
-0.013493
-0.013521
-0.013550
-0.013579
-0.013608
-0.013637
-0.013665
-0.013694
-0.013723
-0.013752
-0.013781
-0.013809
-0.013838
-0.013867
-0.013896
-0.013924
-0.013953
-0.013982
-0.014011
-0.014039
-0.014068
-0.014097
-0.014125
-0.014154
-0.014183
-0.014212
-0.014240
-0.014269
-0.014297
-0.014326
-0.014355
-0.014383
-0.014412
-0.014441
-0.014469
-0.014498
-0.014526
-0.014555
-0.014584
-0.014612
-0.014641
-0.014669
-0.014698
-0.014726
-0.014755
-0.014783
-0.014812
-0.014840
-0.014869
-0.014897
-0.014926
-0.014954
-0.014983
-0.015011
-0.015040
-0.015068
-0.015096
-0.015125
-0.015153
-0.015182
-0.015210
-0.015238
-0.015267
-0.015295
-0.015323
-0.015352
-0.015380
-0.015408
-0.015437
-0.015465
-0.015493
-0.015522
-0.015550
-0.015578
-0.015607
-0.015635
-0.015663
-0.015691
-0.015720
-0.015748
-0.015776
-0.015804
-0.015832
-0.015861
-0.015889
-0.015917
-0.015945
-0.015973
-0.016001
-0.016029
-0.016058
-0.016086
-0.016114
-0.016142
-0.016170
-0.016198
-0.016226
-0.016254
-0.016282
-0.016310
-0.016338
-0.016366
-0.016394
-0.016422
-0.016450
-0.016478
-0.016506
-0.016534
-0.016562
-0.016590
-0.016618
-0.016646
-0.016674
-0.016702
-0.016730
-0.016758
-0.016786
-0.016813
-0.016841
-0.016869
-0.016897
-0.016925
-0.016953
-0.016980
-0.017008
-0.017036
-0.017064
-0.017092
-0.017119
-0.017147
-0.017175
-0.017203
-0.017230
-0.017258
-0.017286
-0.017313
-0.017341
-0.017369
-0.017396
-0.017424
-0.017452
-0.017479
-0.017507
-0.017535
-0.017562
-0.017590
-0.017617
-0.017645
-0.017673
-0.017700
-0.017728
-0.017755
-0.017783
-0.017810
-0.017838
-0.017865
-0.017893
-0.017920
-0.017948
-0.017975
-0.018003
-0.018030
-0.018057
-0.018085
-0.018112
-0.018140
-0.018167
-0.018194
-0.018222
-0.018249
-0.018276
-0.018304
-0.018331
-0.018358
-0.018386
-0.018413
-0.018440
-0.018468
-0.018495
-0.018522
-0.018549
-0.018577
-0.018604
-0.018631
-0.018658
-0.018685
-0.018713
-0.018740
-0.018767
-0.018794
-0.018821
-0.018848
-0.018875
-0.018902
-0.018930
-0.018957
-0.018984
-0.019011
-0.019038
-0.019065
-0.019092
-0.019119
-0.019146
-0.019173
-0.019200
-0.019227
-0.019254
-0.019281
-0.019308
-0.019335
-0.019362
-0.019388
-0.019415
-0.019442
-0.019469
-0.019496
-0.019523
-0.019550
-0.019577
-0.019603
-0.019630
-0.019657
-0.019684
-0.019711
-0.019737
-0.019764
-0.019791
-0.019818
-0.019844
-0.019871
-0.019898
-0.019924
-0.019951
-0.019978
-0.020004
-0.020031
-0.020058
-0.020084
-0.020111
-0.020138
-0.020164
-0.020191
-0.020217
-0.020244
-0.020270
-0.020297
-0.020324
-0.020350
-0.020377
-0.020403
-0.020430
-0.020456
-0.020483
-0.020509
-0.020535
-0.020562
-0.020588
-0.020615
-0.020641
-0.020667
-0.020694
-0.020720
-0.020747
-0.020773
-0.020799
-0.020826
-0.020852
-0.020878
-0.020904
-0.020931
-0.020957
-0.020983
-0.021010
-0.021036
-0.021062
-0.021088
-0.021114
-0.021141
-0.021167
-0.021193
-0.021219
-0.021245
-0.021271
-0.021297
-0.021324
-0.021350
-0.021376
-0.021402
-0.021428
-0.021454
-0.021480
-0.021506
-0.021532
-0.021558
-0.021584
-0.021610
-0.021636
-0.021662
-0.021688
-0.021714
-0.021740
-0.021766
-0.021792
-0.021818
-0.021843
-0.021869
-0.021895
-0.021921
-0.021947
-0.021973
-0.021998
-0.022024
-0.022050
-0.022076
-0.022102
-0.022127
-0.022153
-0.022179
-0.022205
-0.022230
-0.022256
-0.022282
-0.022307
-0.022333
-0.022359
-0.022384
-0.022410
-0.022436
-0.022461
-0.022487
-0.022512
-0.022538
-0.022564
-0.022589
-0.022615
-0.022640
-0.022666
-0.022691
-0.022717
-0.022742
-0.022768
-0.022793
-0.022819
-0.022844
-0.022870
-0.022895
-0.022920
-0.022946
-0.022971
-0.022997
-0.023022
-0.023047
-0.023073
-0.023098
-0.023123
-0.023149
-0.023174
-0.023199
-0.023224
-0.023250
-0.023275
-0.023300
-0.023325
-0.023351
-0.023376
-0.023401
-0.023426
-0.023451
-0.023476
-0.023502
-0.023527
-0.023552
-0.023577
-0.023602
-0.023627
-0.023652
-0.023677
-0.023702
-0.023727
-0.023752
-0.023777
-0.023802
-0.023827
-0.023852
-0.023877
-0.023902
-0.023927
-0.023952
-0.023977
-0.024002
-0.024027
-0.024052
-0.024077
-0.024102
-0.024126
-0.024151
-0.024176
-0.024201
-0.024226
-0.024251
-0.024275
-0.024300
-0.024325
-0.024350
-0.024374
-0.024399
-0.024424
-0.024449
-0.024473
-0.024498
-0.024523
-0.024547
-0.024572
-0.024597
-0.024621
-0.024646
-0.024670
-0.024695
-0.024720
-0.024744
-0.024769
-0.024793
-0.024818
-0.024842
-0.024867
-0.024891
-0.024916
-0.024940
-0.024965
-0.024989
-0.025014
-0.025038
-0.025063
-0.025087
-0.025111
-0.025136
-0.025160
-0.025184
-0.025209
-0.025233
-0.025257
-0.025282
-0.025306
-0.025330
-0.025355
-0.025379
-0.025403
-0.025427
-0.025452
-0.025476
-0.025500
-0.025524
-0.025549
-0.025573
-0.025597
-0.025621
-0.025645
-0.025669
-0.025693
-0.025718
-0.025742
-0.025766
-0.025790
-0.025814
-0.025838
-0.025862
-0.025886
-0.025910
-0.025934
-0.025958
-0.025982
-0.026006
-0.026030
-0.026054
-0.026078
-0.026102
-0.026126
-0.026150
-0.026173
-0.026197
-0.026221
-0.026245
-0.026269
-0.026293
-0.026316
-0.026340
-0.026364
-0.026388
-0.026412
-0.026435
-0.026459
-0.026483
-0.026507
-0.026530
-0.026554
-0.026578
-0.026601
-0.026625
-0.026649
-0.026432
-0.025485
-0.023212
-0.019219
-0.013399
-0.005853
0.003201
0.013506
0.024802
0.036852
0.049442
0.062389
0.075535
0.088750
0.101927
0.114981
0.127842
0.140459
0.152790
0.164804
0.176480
0.187803
0.198764
0.209358
0.219584
0.229444
0.238943
0.248086
0.256880
0.265335
0.273459
0.281262
0.288754
0.295945
0.302845
0.309464
0.315812
0.321899
0.327734
0.333327
0.338686
0.343821
0.348740
0.353451
0.357961
0.362279
0.366411
0.370364
0.374146
0.377761
0.381217
0.384520
0.387674
0.390685
0.393559
0.396300
0.398913
0.401403
0.403773
0.406029
0.408173
0.410210
0.412144
0.413978
0.415715
0.417359
0.418913
0.420379
0.421762
0.423063
0.424285
0.425431
0.426503
0.427504
0.428437
0.429302
0.430103
0.430841
0.431519
0.432139
0.432701
0.433209
0.433664
0.434068
0.434421
0.434727
0.434986
0.435199
0.435369
0.435497
0.435583
0.435630
0.435638
0.435609
0.435544
0.435444
0.435310
0.435144
0.434945
0.434716
0.434457
0.434169
0.433854
0.433511
0.433142
0.432748
0.432329
0.431886
0.431421
0.430933
0.430424
0.429894
0.429343
0.428773
0.428185
0.427578
0.426953
0.426311
0.425653
0.424978
0.424288
0.423584
0.422864
0.422131
0.421384
0.420625
0.419852
0.419067
0.418271
0.417463
0.416645
0.415815
0.414976
0.414126
0.413267
0.412399
0.411522
0.410637
0.409743
0.408842
0.407932
0.407016
0.406092
0.405162
0.404225
0.403281
0.402332
0.401377
0.400416
0.399450
0.398479
0.397503
0.396522
0.395537
0.394547
0.393553
0.392555
0.391554
0.390549
0.389540
0.388528
0.387513
0.386495
0.385475
0.384451
0.383425
0.382397
0.381366
0.380334
0.379299
0.378262
0.377224
0.376184
0.375142
0.374099
0.373055
0.372010
0.370963
0.369915
0.368867
0.367817
0.366767
0.365716
0.364664
0.363612
0.362560
0.361507
0.360454
0.359400
0.358347
0.357293
0.356240
0.355186
0.354133
0.353079
0.352026
0.350974
0.349921
0.348869
0.347818
0.346767
0.345716
0.344666
0.343617
0.342568
0.341520
0.340473
0.339427
0.338381
0.337337
0.336293
0.335250
0.334208
0.333168
0.332128
0.331089
0.330052
0.329015
0.327980
0.326946
0.325913
0.324882
0.323852
0.322823
0.321795
0.320769
0.319744
0.318721
0.317699
0.316678
0.315659
0.314641
0.313625
0.312610
0.311597
0.310586
0.309575
0.308567
0.307560
0.306555
0.305551
0.304549
0.303549
0.302550
0.301553
0.300558
0.299564
0.298573
0.297582
0.296594
0.295607
0.294622
0.293639
0.292658
0.291678
0.290700
0.289724
0.288750
0.287777
0.286807
0.285838
0.284871
0.283906
0.282942
0.281981
0.281021
0.280064
0.279108
0.278154
0.277202
0.276251
0.275303
0.274357
0.273412
0.272469
0.271528
0.270590
0.269653
0.268717
0.267784
0.266853
0.265924
0.264996
0.264071
0.263147
0.262226
0.261306
0.260388
0.259472
0.258558
0.257646
0.256736
0.255828
0.254922
0.254018
0.253115
0.252215
0.251317
0.250420
0.249526
0.248633
0.247742
0.246854
0.245967
0.245082
0.244199
0.243318
0.242439
0.241562
0.240687
0.239814
0.238942
0.238073
0.237206
0.236340
0.235477
0.234615
0.233756
0.232898
0.232042
0.231189
0.230337
0.229487
0.228639
0.227793
0.226949
0.226106
0.225266
0.224428
0.223591
0.222757
0.221924
0.221093
0.220265
0.219438
0.218613
0.217790
0.216969
0.216150
0.215332
0.214517
0.213703
0.212892
0.212082
0.211274
0.210468
0.209665
0.208862
0.208062
0.207264
0.206467
0.205673
0.204880
0.204090
0.203301
0.202514
0.201728
0.200945
0.200164
0.199384
0.198607
0.197831
0.197057
0.196285
0.195515
0.194746
0.193980
0.193215
0.192452
0.191691
0.190932
0.190175
0.189419
0.188666
0.187914
0.187164
0.186416
0.185670
0.184925
0.184182
0.183442
0.182703
0.181965
0.181230
0.180496
0.179765
0.179035
0.178307
0.177580
0.176856
0.176133
0.175412
0.174693
0.173975
0.173260
0.172546
0.171834
0.171123
0.170415
0.169708
0.169003
0.168300
0.167599
0.166899
0.166201
0.165505
0.164810
0.164118
0.163427
0.162737
0.162050
0.161364
0.160680
0.159998
0.159318
0.158639
0.157962
0.157286
0.156613
0.155941
0.155271
0.154602
0.153935
0.153270
0.152607
0.151945
0.151285
0.150627
0.149970
0.149316
0.148662
0.148011
0.147361
0.146713
0.146066
0.145421
0.144778
0.144137
0.143497
0.142859
0.142222
0.141587
0.140954
0.140323
0.139693
0.139064
0.138438
0.137813
0.137190
0.136568
0.135948
0.135329
0.134712
0.134097
0.133484
0.132872
0.132261
0.131652
0.131045
0.130440
0.129836
0.129233
0.128633
0.128034
0.127436
0.126840
0.126246
0.125653
0.125062
0.124472
0.123884
0.123297
0.122712
0.122129
0.121547
0.120967
0.120388
0.119811
0.119235
0.118661
0.118089
0.117518
0.116948
0.116380
0.115814
0.115249
0.114686
0.114124
0.113564
0.113005
0.112448
0.111892
0.111338
0.110785
0.110234
0.109684
0.109136
0.108590
0.108044
0.107501
0.106958
0.106418
0.105878
0.105341
0.104804
0.104269
0.103736
0.103204
0.102674
0.102145
0.101617
0.101091
0.100567
0.100044
0.099522
0.099002
0.098483
0.097966
0.097450
0.096935
0.096422
0.095910
0.095400
0.094891
0.094384
0.093878
0.093374
0.092870
0.092369
0.091868
0.091370
0.090872
0.090376
0.089881
0.089388
0.088896
0.088406
0.087916
0.087429
0.086942
0.086457
0.085974
0.085491
0.085010
0.084531
0.084053
0.083576
0.083100
0.082626
0.082154
0.081682
0.081212
0.080743
0.080276
0.079810
0.079345
0.078882
0.078420
0.077959
0.077500
0.077042
0.076585
0.076129
0.075675
0.075222
0.074771
0.074321
0.073872
0.073424
0.072978
0.072533
0.072089
0.071647
0.071206
0.070766
0.070327
0.069890
0.069454
0.069019
0.068585
0.068153
0.067722
0.067293
0.066864
0.066437
0.066011
0.065586
0.065163
0.064741
0.064320
0.063900
0.063482
0.063064
0.062648
0.062234
0.061820
0.061408
0.060997
0.060587
0.060178
0.059771
0.059364
0.058959
0.058555
0.058153
0.057751
0.057351
0.056952
0.056554
0.056158
0.055762
0.055368
0.054975
0.054583
0.054192
0.053803
0.053414
0.053027
0.052641
0.052256
0.051872
0.051490
0.051108
0.050728
0.050349
0.049971
0.049594
0.049219
0.048844
0.048471
0.048098
0.047727
0.047357
0.046989
0.046621
0.046254
0.045889
0.045524
0.045161
0.044799
0.044438
0.044078
0.043719
0.043362
0.043005
0.042649
0.042295
0.041942
0.041590
0.041238
0.040888
0.040539
0.040192
0.039845
0.039499
0.039154
0.038811
0.038468
0.038127
0.037787
0.037447
0.037109
0.036772
0.036436
0.036101
0.035767
0.035434
0.035102
0.034771
0.034441
0.034112
0.033784
0.033457
0.033132
0.032807
0.032483
0.032161
0.031839
0.031519
0.031199
0.030880
0.030563
0.030246
0.029931
0.029616
0.029303
0.028990
0.028679
0.028368
0.028058
0.027750
0.027442
0.027136
0.026830
0.026526
0.026222
0.025919
0.025618
0.025317
0.025017
0.024718
0.024420
0.024124
0.023828
0.023533
0.023239
0.022946
0.022654
0.022363
0.022072
0.021783
0.021495
0.021208
0.020921
0.020636
0.020351
0.020067
0.019785
0.019503
0.019222
0.018942
0.018663
0.018385
0.018108
0.017832
0.017557
0.017282
0.017009
0.016736
0.016464
0.016193
0.015924
0.015655
0.015386
0.015119
0.014853
0.014587
0.014323
0.014059
0.013796
0.013534
0.013273
0.013013
0.012754
0.012495
0.012238
0.011981
0.011725
0.011470
0.011216
0.010963
0.010711
0.010459
0.010208
0.009958
0.009709
0.009461
0.009214
0.008967
0.008722
0.008477
0.008233
0.007990
0.007747
0.007506
0.007265
0.007025
0.006786
0.006548
0.006311
0.006074
0.005839
0.005604
0.005369
0.005136
0.004904
0.004672
0.004441
0.004211
0.003981
0.003753
0.003525
0.003298
0.003072
0.002847
0.002622
0.002398
0.002175
0.001953
0.001731
0.001511
0.001291
0.001072
0.000853
0.000636
0.000419
0.000203
-0.000013
-0.000227
-0.000441
-0.000654
-0.000867
-0.001078
-0.001289
-0.001499
-0.001708
-0.001917
-0.002125
-0.002332
-0.002538
-0.002744
-0.002949
-0.003153
-0.003357
-0.003559
-0.003761
-0.003963
-0.004163
-0.004363
-0.004562
-0.004761
-0.004958
-0.005155
-0.005352
-0.005547
-0.005742
-0.005936
-0.006130
-0.006322
-0.006515
-0.006706
-0.006897
-0.007087
-0.007276
-0.007465
-0.007652
-0.007840
-0.008026
-0.008212
-0.008397
-0.008582
-0.008766
-0.008949
-0.009131
-0.009313
-0.009494
-0.009675
-0.009855
-0.010034
-0.010213
-0.010390
-0.010568
-0.010744
-0.010920
-0.011095
-0.011270
-0.011444
-0.011617
-0.011790
-0.011962
-0.012133
-0.012304
-0.012474
-0.012644
-0.012813
-0.012981
-0.013148
-0.013315
-0.013482
-0.013647
-0.013813
-0.013977
-0.014141
-0.014304
-0.014467
-0.014629
-0.014790
-0.014951
-0.015111
-0.015271
-0.015430
-0.015588
-0.015746
-0.015903
-0.016060
-0.016216
-0.016371
-0.016526
-0.016680
-0.016834
-0.016987
-0.017139
-0.017291
-0.017443
-0.017593
-0.017743
-0.017893
-0.018042
-0.018190
-0.018338
-0.018486
-0.018632
-0.018778
-0.018924
-0.019069
-0.019214
-0.019358
-0.019501
-0.019644
-0.019786
-0.019928
-0.020069
-0.020209
-0.020350
-0.020489
-0.020628
-0.020766
-0.020904
-0.021042
-0.021179
-0.021315
-0.021451
-0.021586
-0.021721
-0.021855
-0.021988
-0.022122
-0.022254
-0.022386
-0.022518
-0.022649
-0.022779
-0.022909
-0.023039
-0.023168
-0.023296
-0.023424
-0.023552
-0.023679
-0.023805
-0.023931
-0.024057
-0.024182
-0.024306
-0.024430
-0.024554
-0.024677
-0.024799
-0.024921
-0.025043
-0.025164
-0.025284
-0.025405
-0.025524
-0.025643
-0.025762
-0.025880
-0.025998
-0.026115
-0.026232
-0.026348
-0.026464
-0.026579
-0.026694
-0.026809
-0.026923
-0.027036
-0.027149
-0.027262
-0.027374
-0.027486
-0.027597
-0.027708
-0.027818
-0.027928
-0.028038
-0.028147
-0.028255
-0.028363
-0.028471
-0.028578
-0.028685
-0.028792
-0.028898
-0.029003
-0.029108
-0.029213
-0.029317
-0.029421
-0.029524
-0.029627
-0.029730
-0.029832
-0.029934
-0.030035
-0.030136
-0.030236
-0.030337
-0.030436
-0.030535
-0.030634
-0.030733
-0.030831
-0.030928
-0.031026
-0.031123
-0.031219
-0.031315
-0.031411
-0.031506
-0.031601
-0.031695
-0.031789
-0.031883
-0.031976
-0.032069
-0.032162
-0.032254
-0.032346
-0.032437
-0.032528
-0.032619
-0.032709
-0.032799
-0.032888
-0.032978
-0.033066
-0.033155
-0.033243
-0.033331
-0.033418
-0.033505
-0.033591
-0.033678
-0.033763
-0.033849
-0.033934
-0.034019
-0.034103
-0.034188
-0.034271
-0.034355
-0.034438
-0.034520
-0.034603
-0.034685
-0.034767
-0.034848
-0.034929
-0.035010
-0.035090
-0.035170
-0.035250
-0.035329
-0.035408
-0.035487
-0.035565
-0.035643
-0.035721
-0.035798
-0.035875
-0.035952
-0.036028
-0.036104
-0.036180
-0.036255
-0.036330
-0.036405
-0.036480
-0.036554
-0.036628
-0.036701
-0.036775
-0.036848
-0.036920
-0.036993
-0.037065
-0.037136
-0.037208
-0.037279
-0.037350
-0.037420
-0.037490
-0.037560
-0.037630
-0.037699
-0.037768
-0.037837
-0.037906
-0.037974
-0.038042
-0.038109
-0.038177
-0.038244
-0.038311
-0.038377
-0.038443
-0.038509
-0.038575
-0.038640
-0.038705
-0.038770
-0.038835
-0.038899
-0.038963
-0.039027
-0.039090
-0.039154
-0.039217
-0.039279
-0.039342
-0.039404
-0.039466
-0.039528
-0.039589
-0.039650
-0.039711
-0.039772
-0.039832
-0.039892
-0.039952
-0.040011
-0.040071
-0.040130
-0.040189
-0.040247
-0.040306
-0.040364
-0.040422
-0.040479
-0.040537
-0.040594
-0.040651
-0.040708
-0.040764
-0.040820
-0.040876
-0.040932
-0.040988
-0.041043
-0.041098
-0.041153
-0.041207
-0.041262
-0.041316
-0.041370
-0.041423
-0.041477
-0.041530
-0.041583
-0.041636
-0.041688
-0.041741
-0.041793
-0.041845
-0.041896
-0.041948
-0.041999
-0.042050
-0.042101
-0.042152
-0.042202
-0.042252
-0.042302
-0.042352
-0.042402
-0.042451
-0.042500
-0.042549
-0.042598
-0.042647
-0.042695
-0.042743
-0.042791
-0.042839
-0.042887
-0.042934
-0.042981
-0.043028
-0.043075
-0.043121
-0.043168
-0.043214
-0.043260
-0.043306
-0.043352
-0.043397
-0.043442
-0.043487
-0.043532
-0.043577
-0.043622
-0.043666
-0.043710
-0.043754
-0.043798
-0.043842
-0.043885
-0.043928
-0.043971
-0.044014
-0.044057
-0.044100
-0.044142
-0.044184
-0.044226
-0.044268
-0.044310
-0.044351
-0.044393
-0.044434
-0.044475
-0.044516
-0.044557
-0.044597
-0.044637
-0.044678
-0.044718
-0.044758
-0.044797
-0.044837
-0.044876
-0.044916
-0.044955
-0.044994
-0.045032
-0.045071
-0.045109
-0.045148
-0.045186
-0.045224
-0.045262
-0.045299
-0.045337
-0.045374
-0.045412
-0.045449
-0.045486
-0.045522
-0.045559
-0.045596
-0.045632
-0.045668
-0.045704
-0.045740
-0.045776
-0.045812
-0.045847
-0.045882
-0.045918
-0.045953
-0.045988
-0.046022
-0.046057
-0.046092
-0.046126
-0.046160
-0.046194
-0.046228
-0.046262
-0.046296
-0.046330
-0.046363
-0.046396
-0.046430
-0.046463
-0.046496
-0.046528
-0.046561
-0.046594
-0.046626
-0.046658
-0.046691
-0.046723
-0.046755
-0.046786
-0.046818
-0.046850
-0.046881
-0.046912
-0.046944
-0.046975
-0.047006
-0.047037
-0.047067
-0.047098
-0.047128
-0.047159
-0.047189
-0.047219
-0.047249
-0.047279
-0.047309
-0.047339
-0.047368
-0.047398
-0.047427
-0.047456
-0.047485
-0.047514
-0.047543
-0.047572
-0.047601
-0.047629
-0.047658
-0.047686
-0.047714
-0.047742
-0.047770
-0.047798
-0.047826
-0.047854
-0.047882
-0.047909
-0.047937
-0.047964
-0.047991
-0.048018
-0.048045
-0.048072
-0.048099
-0.048126
-0.048152
-0.048179
-0.048205
-0.048232
-0.048258
-0.048284
-0.048310
-0.048336
-0.048362
-0.048387
-0.048413
-0.048439
-0.048464
-0.048490
-0.048515
-0.048540
-0.048565
-0.048590
-0.048615
-0.048640
-0.048665
-0.048689
-0.048714
-0.048738
-0.048763
-0.048787
-0.048811
-0.048835
-0.048859
-0.048883
-0.048907
-0.048931
-0.048955
-0.048978
-0.049002
-0.049025
-0.049049
-0.049072
-0.049095
-0.049118
-0.049141
-0.049164
-0.049187
-0.049210
-0.049233
-0.049255
-0.049278
-0.049300
-0.049323
-0.049345
-0.049367
-0.049389
-0.049412
-0.049434
-0.049455
-0.049477
-0.049499
-0.049521
-0.049542
-0.049564
-0.049586
-0.049607
-0.049628
-0.049650
-0.049671
-0.049692
-0.049713
-0.049734
-0.049755
-0.049776
-0.049796
-0.049817
-0.049838
-0.049858
-0.049879
-0.049899
-0.049920
-0.049940
-0.049960
-0.049980
-0.050000
-0.050020
-0.050040
-0.050060
-0.050080
-0.050100
-0.050119
-0.050139
-0.050159
-0.050178
-0.050198
-0.050217
-0.050236
-0.050256
-0.050275
-0.050294
-0.050313
-0.050332
-0.050351
-0.050370
-0.050388
-0.050407
-0.050426
-0.050445
-0.050463
-0.050482
-0.050500
-0.050518
-0.050537
-0.050555
-0.050573
-0.050591
-0.050610
-0.050628
-0.050646
-0.050664
-0.050681
-0.050699
-0.050717
-0.050735
-0.050752
-0.050770
-0.050787
-0.050805
-0.050822
-0.050840
-0.050857
-0.050874
-0.050892
-0.050909
-0.050926
-0.050943
-0.050960
-0.050977
-0.050994
-0.051011
-0.051027
-0.051044
-0.051061
-0.051077
-0.051094
-0.051111
-0.051127
-0.051144
-0.051160
-0.051176
-0.051193
-0.051209
-0.051225
-0.051241
-0.051257
-0.051273
-0.051289
-0.051305
-0.051321
-0.051337
-0.051353
-0.051369
-0.051384
-0.051400
-0.051416
-0.051431
-0.051447
-0.051462
-0.051478
-0.051493
-0.051509
-0.051524
-0.051539
-0.051555
-0.051570
-0.051585
-0.051600
-0.051615
-0.051630
-0.051645
-0.051660
-0.051675
-0.051690
-0.051705
-0.051719
-0.051734
-0.051749
-0.051763
-0.051778
-0.051792
-0.051807
-0.051821
-0.051836
-0.051850
-0.051865
-0.051879
-0.051893
-0.051908
-0.051922
-0.051936
-0.051950
-0.051964
-0.051978
-0.051992
-0.052006
-0.052020
-0.052034
-0.052048
-0.052062
-0.052075
-0.052089
-0.052103
-0.052117
-0.052130
-0.052144
-0.052157
-0.052171
-0.052184
-0.052198
-0.052211
-0.052225
-0.052238
-0.052251
-0.052265
-0.052278
-0.052291
-0.052304
-0.052317
-0.052331
-0.052344
-0.052357
-0.052370
-0.052383
-0.052396
-0.052409
-0.052421
-0.052434
-0.052447
-0.052460
-0.052473
-0.052485
-0.052498
-0.052511
-0.052523
-0.052536
-0.052548
-0.052561
-0.052573
-0.052586
-0.052598
-0.052611
-0.052623
-0.052635
-0.052648
-0.052660
-0.052672
-0.052685
-0.052697
-0.052709
-0.052721
-0.052733
-0.052745
-0.052757
-0.052769
-0.052781
-0.052793
-0.052805
-0.052817
-0.052829
-0.052841
-0.052853
-0.052864
-0.052876
-0.052888
-0.052900
-0.052911
-0.052923
-0.052935
-0.052946
-0.052958
-0.052969
-0.052981
-0.052992
-0.053004
-0.053015
-0.053027
-0.053038
-0.053049
-0.053061
-0.053072
-0.053083
-0.053095
-0.053106
-0.053117
-0.053128
-0.053139
-0.053150
-0.053162
-0.053173
-0.053184
-0.053195
-0.053206
-0.053217
-0.053228
-0.053239
-0.053250
-0.053260
-0.053271
-0.053282
-0.053293
-0.053304
-0.053315
-0.053325
-0.053336
-0.053347
-0.053357
-0.053368
-0.053379
-0.053389
-0.053400
-0.053410
-0.053421
-0.053431
-0.053442
-0.053452
-0.053463
-0.053473
-0.053484
-0.053494
-0.053505
-0.053515
-0.053525
-0.053536
-0.053546
-0.053556
-0.053566
-0.053577
-0.053587
-0.053597
-0.053607
-0.053617
-0.053627
-0.053637
-0.053648
-0.053658
-0.053668
-0.053678
-0.053688
-0.053698
-0.053708
-0.053718
-0.053727
-0.053737
-0.053747
-0.053757
-0.053767
-0.053777
-0.053787
-0.053796
-0.053806
-0.053816
-0.053826
-0.053835
-0.053845
-0.053855
-0.053864
-0.053874
-0.053884
-0.053893
-0.053903
-0.053912
-0.053922
-0.053931
-0.053941
-0.053950
-0.053960
-0.053969
-0.053979
-0.053988
-0.053998
-0.054007
-0.054016
-0.054026
-0.054035
-0.054044
-0.054054
-0.054063
-0.054072
-0.054082
-0.054091
-0.054100
-0.054109
-0.054118
-0.054128
-0.054137
-0.054146
-0.054155
-0.054164
-0.054173
-0.054182
-0.054191
-0.054200
-0.054209
-0.054218
-0.054227
-0.054236
-0.054245
-0.054254
-0.054263
-0.054272
-0.054281
-0.054290
-0.054299
-0.054308
-0.054317
-0.054325
-0.054334
-0.054343
-0.054352
-0.054361
-0.054369
-0.054378
-0.054387
-0.054396
-0.054404
-0.054413
-0.054422
-0.054430
-0.054439
-0.054448
-0.054456
-0.054465
-0.054473
-0.054482
-0.054491
-0.054499
-0.054508
-0.054516
-0.054525
-0.054533
-0.054542
-0.054550
-0.054559
-0.054567
-0.054575
-0.054584
-0.054592
-0.054601
-0.054609
-0.054617
-0.054626
-0.054634
-0.054642
-0.054651
-0.054659
-0.054667
-0.054676
-0.054684
-0.054692
-0.054700
-0.054709
-0.054717
-0.054725
-0.054733
-0.054741
-0.054750
-0.054758
-0.054766
-0.054774
-0.054782
-0.054790
-0.054798
-0.054806
-0.054815
-0.054823
-0.054831
-0.054839
-0.054847
-0.054855
-0.054863
-0.054871
-0.054879
-0.054887
-0.054895
-0.054903
-0.054910
-0.054918
-0.054926
-0.054934
-0.054942
-0.054950
-0.054958
-0.054966
-0.054974
-0.054981
-0.054989
-0.054997
-0.055005
-0.055013
-0.055020
-0.055028
-0.055036
-0.055044
-0.055052
-0.055059
-0.055067
-0.055075
-0.055082
-0.055090
-0.055098
-0.055105
-0.055113
-0.055121
-0.055128
-0.055136
-0.055144
-0.055151
-0.055159
-0.055166
-0.055174
-0.055182
-0.055189
-0.055197
-0.055204
-0.055212
-0.055219
-0.055227
-0.055234
-0.055242
-0.055249
-0.055257
-0.055264
-0.055272
-0.055279
-0.055287
-0.055294
-0.055302
-0.055309
-0.055316
-0.055324
-0.055331
-0.055339
-0.055346
-0.055353
-0.055361
-0.055368
-0.055375
-0.055383
-0.055390
-0.055397
-0.055405
-0.055412
-0.055419
-0.055426
-0.055434
-0.055441
-0.055448
-0.055456
-0.055463
-0.055470
-0.055477
-0.055484
-0.055492
-0.055499
-0.055506
-0.055513
-0.055520
-0.055528
-0.055535
-0.055542
-0.055549
-0.055556
-0.055563
-0.055570
-0.055577
-0.055585
-0.055592
-0.055599
-0.055606
-0.055613
-0.055620
-0.055627
-0.055634
-0.055641
-0.055648
-0.055655
-0.055662
-0.055669
-0.055676
-0.055683
-0.055690
-0.055697
-0.055704
-0.055711
-0.055718
-0.055725
-0.055732
-0.055739
-0.055746
-0.055753
-0.055760
-0.055767
-0.055773
-0.055780
-0.055787
-0.055794
-0.055801
-0.055808
-0.055815
-0.055822
-0.055828
-0.055835
-0.055842
-0.055849
-0.055856
-0.055862
-0.055869
-0.055876
-0.055883
-0.055890
-0.055896
-0.055903
-0.055910
-0.055917
-0.055923
-0.055930
-0.055937
-0.055944
-0.055950
-0.055957
-0.055964
-0.055971
-0.055977
-0.055984
-0.055991
-0.055997
-0.056004
-0.056011
-0.056017
-0.056024
-0.056031
-0.056037
-0.056044
-0.056051
-0.056057
-0.056064
-0.056070
-0.056077
-0.056084
-0.056090
-0.056097
-0.056103
-0.056110
-0.056117
-0.056123
-0.056130
-0.056136
-0.056143
-0.056149
-0.056156
-0.056162
-0.056169
-0.056175
-0.056182
-0.056188
-0.056195
-0.056201
-0.056208
-0.056214
-0.056221
-0.056227
-0.056234
-0.056240
-0.056247
-0.056253
-0.056260
-0.056266
-0.056273
-0.056279
-0.056285
-0.056292
-0.056298
-0.056305
-0.056311
-0.056317
-0.056324
-0.056330
-0.056337
-0.056343
-0.056349
-0.056356
-0.056362
-0.056368
-0.056375
-0.056381
-0.056387
-0.056394
-0.056400
-0.056406
-0.056413
-0.056419
-0.056425
-0.056432
-0.056438
-0.056444
-0.056451
-0.056457
-0.056463
-0.056469
-0.056476
-0.056482
-0.056488
-0.056494
-0.056501
-0.056507
-0.056513
-0.056519
-0.056526
-0.056532
-0.056538
-0.056544
-0.056551
-0.056557
-0.056563
-0.056569
-0.056575
-0.056582
-0.056588
-0.056594
-0.056600
-0.056606
-0.056612
-0.056619
-0.056625
-0.056631
-0.056637
-0.056643
-0.056649
-0.056655
-0.056662
-0.056668
-0.056674
-0.056680
-0.056686
-0.056692
-0.056698
-0.056704
-0.056710
-0.056717
-0.056723
-0.056729
-0.056735
-0.056741
-0.056747
-0.056753
-0.056759
-0.056765
-0.056771
-0.056777
-0.056783
-0.056789
-0.056795
-0.056801
-0.056807
-0.056813
-0.056819
-0.056825
-0.056831
-0.056837
-0.056843
-0.056849
-0.056855
-0.056861
-0.056867
-0.056873
-0.056879
-0.056885
-0.056891
-0.056897
-0.056903
-0.056909
-0.056915
-0.056921
-0.056927
-0.056933
-0.056939
-0.056945
-0.056951
-0.056957
-0.056963
-0.056969
-0.056974
-0.056980
-0.056986
-0.056992
-0.056998
-0.057004
-0.057010
-0.057016
-0.057022
-0.057027
-0.057033
-0.057039
-0.057045
-0.057051
-0.057057
-0.057063
-0.057069
-0.057074
-0.057080
-0.057086
-0.057092
-0.057098
-0.057104
-0.057109
-0.057115
-0.057121
-0.057127
-0.057133
-0.057138
-0.057144
-0.057150
-0.057156
-0.057162
-0.057167
-0.057173
-0.057179
-0.057185
-0.057191
-0.057196
-0.057202
-0.057208
-0.057214
-0.057219
-0.057225
-0.057231
-0.057237
-0.057242
-0.057248
-0.057254
-0.057260
-0.057265
-0.057271
-0.057277
-0.057283
-0.057288
-0.057294
-0.057300
-0.057305
-0.057311
-0.057317
-0.057322
-0.057328
-0.057334
-0.057340
-0.057345
-0.057351
-0.057357
-0.057362
-0.057368
-0.057374
-0.057379
-0.057385
-0.057391
-0.057396
-0.057402
-0.057408
-0.057413
-0.057419
-0.057424
-0.057430
-0.057436
-0.057441
-0.057447
-0.057453
-0.057458
-0.057464
-0.057469
-0.057475
-0.057481
-0.057486
-0.057492
-0.057497
-0.057503
-0.057509
-0.057514
-0.057520
-0.057525
-0.057531
-0.057537
-0.057542
-0.057548
-0.057553
-0.057559
-0.057564
-0.057570
-0.057576
-0.057581
-0.057587
-0.057592
-0.057598
-0.057603
-0.057609
-0.057614
-0.057620
-0.057625
-0.057631
-0.057636
-0.057642
-0.057647
-0.057653
-0.057658
-0.057664
-0.057669
-0.057675
-0.057680
-0.057686
-0.057691
-0.057697
-0.057702
-0.057708
-0.057713
-0.057719
-0.057724
-0.057730
-0.057735
-0.057741
-0.057746
-0.057752
-0.057757
-0.057763
-0.057768
-0.057773
-0.057779
-0.057784
-0.057790
-0.057795
-0.057801
-0.057806
-0.057811
-0.057817
-0.057822
-0.057828
-0.057833
-0.057839
-0.057844
-0.057849
-0.057855
-0.057860
-0.057866
-0.057871
-0.057876
-0.057882
-0.057887
-0.057893
-0.057898
-0.057903
-0.057909
-0.057914
-0.057919
-0.057925
-0.057930
-0.057936
-0.057941
-0.057946
-0.057952
-0.057957
-0.057962
-0.057968
-0.057973
-0.057978
-0.057984
-0.057989
-0.057994
-0.058000
-0.058005
-0.058010
-0.058016
-0.058021
-0.058026
-0.058032
-0.058037
-0.058042
-0.058048
-0.058053
-0.058058
-0.058063
-0.058069
-0.058074
-0.058079
-0.058085
-0.058090
-0.058095
-0.058100
-0.058106
-0.058111
-0.058116
-0.058122
-0.058127
-0.058132
-0.058137
-0.058143
-0.058148
-0.058153
-0.058158
-0.058164
-0.058169
-0.058174
-0.058179
-0.058185
-0.058190
-0.058195
-0.058200
-0.058206
-0.058211
-0.058216
-0.058221
-0.058226
-0.058232
-0.058237
-0.058242
-0.058247
-0.058253
-0.058258
-0.058263
-0.058268
-0.058273
-0.058279
-0.058284
-0.058289
-0.058294
-0.058299
-0.058304
-0.058310
-0.058315
-0.058320
-0.058325
-0.058330
-0.058335
-0.058341
-0.058346
-0.058351
-0.058356
-0.058361
-0.058366
-0.058372
-0.058377
-0.058382
-0.058387
-0.058392
-0.058397
-0.058402
-0.058408
-0.058413
-0.058418
-0.058423
-0.058428
-0.058433
-0.058438
-0.058443
-0.058449
-0.058454
-0.058459
-0.058464
-0.058469
-0.058474
-0.058479
-0.058484
-0.058489
-0.058494
-0.058500
-0.058505
-0.058510
-0.058515
-0.058520
-0.058525
-0.058530
-0.058535
-0.058540
-0.058545
-0.058550
-0.058555
-0.058560
-0.058565
-0.058571
-0.058576
-0.058581
-0.058586
-0.058591
-0.058596
-0.058601
-0.058606
-0.058611
-0.058616
-0.058621
-0.058626
-0.058631
-0.058636
-0.058641
-0.058646
-0.058651
-0.058656
-0.058661
-0.058666
-0.058671
-0.058676
-0.058681
-0.058686
-0.058691
-0.058696
-0.058701
-0.058706
-0.058711
-0.058716
-0.058721
-0.058726
-0.058731
-0.058736
-0.058741
-0.058746
-0.058751
-0.058756
-0.058761
-0.058766
-0.058771
-0.058776
-0.058781
-0.058786
-0.058791
-0.058796
-0.058801
-0.058806
-0.058811
-0.058815
-0.058820
-0.058825
-0.058830
-0.058835
-0.058840
-0.058845
-0.058850
-0.058855
-0.058860
-0.058865
-0.058870
-0.058875
-0.058880
-0.058884
-0.058889
-0.058894
-0.058899
-0.058904
-0.058909
-0.058914
-0.058919
-0.058924
-0.058929
-0.058933
-0.058938
-0.058943
-0.058948
-0.058953
-0.058958
-0.058963
-0.058968
-0.058972
-0.058977
-0.058982
-0.058987
-0.058992
-0.058997
-0.059002
-0.059006
-0.059011
-0.059016
-0.059021
-0.059026
-0.059031
-0.059036
-0.059040
-0.059045

