0.000000
0.000000
-0.000026
-0.000052
-0.000077
-0.000103
-0.000128
-0.000153
-0.000177
-0.000201
-0.000224
-0.000247
-0.000270
-0.000293
-0.000315
-0.000337
-0.000359
-0.000380
-0.000402
-0.000423
-0.000444
-0.000465
-0.000485
-0.000506
-0.000526
-0.000547
-0.000567
-0.000587
-0.000607
-0.000627
-0.000647
-0.000667
-0.000687
-0.000707
-0.000726
-0.000746
-0.000766
-0.000785
-0.000805
-0.000824
-0.000844
-0.000863
-0.000883
-0.000902
-0.000922
-0.000941
-0.000961
-0.000980
-0.001000
-0.001019
-0.001038
-0.001058
-0.001077
-0.001097
-0.001116
-0.001135
-0.001155
-0.001174
-0.001194
-0.001213
-0.001233
-0.001252
-0.001271
-0.001291
-0.001310
-0.001330
-0.001349
-0.001369
-0.001388
-0.001408
-0.001428
-0.001447
-0.001467
-0.001486
-0.001506
-0.001525
-0.001545
-0.001565
-0.001584
-0.001604
-0.001624
-0.001644
-0.001663
-0.001683
-0.001703
-0.001723
-0.001743
-0.001762
-0.001782
-0.001802
-0.001822
-0.001842
-0.001862
-0.001882
-0.001902
-0.001922
-0.001942
-0.001962
-0.001982
-0.002002
-0.002022
-0.002042
-0.002063
-0.002083
-0.002103
-0.002123
-0.002143
-0.002164
-0.002184
-0.002204
-0.002225
-0.002245
-0.002265
-0.002286
-0.002306
-0.002326
-0.002347
-0.002367
-0.002388
-0.002408
-0.002429
-0.002449
-0.002470
-0.002491
-0.002511
-0.002532
-0.002553
-0.002573
-0.002594
-0.002615
-0.002635
-0.002656
-0.002677
-0.002698
-0.002719
-0.002739
-0.002760
-0.002781
-0.002802
-0.002823
-0.002844
-0.002865
-0.002886
-0.002907
-0.002928
-0.002949
-0.002970
-0.002991
-0.003012
-0.003033
-0.003054
-0.003075
-0.003097
-0.003118
-0.003139
-0.003160
-0.003181
-0.003203
-0.003224
-0.003245
-0.003266
-0.003288
-0.003309
-0.003330
-0.003352
-0.003373
-0.003395
-0.003416
-0.003437
-0.003459
-0.003480
-0.003502
-0.003523
-0.003545
-0.003566
-0.003588
-0.003610
-0.003631
-0.003653
-0.003674
-0.003696
-0.003718
-0.003739
-0.003761
-0.003783
-0.003804
-0.003826
-0.003848
-0.003869
-0.003891
-0.003913
-0.003935
-0.003956
-0.003978
-0.004000
-0.004022
-0.004044
-0.004066
-0.004088
-0.004109
-0.004131
-0.004153
-0.004175
-0.004197
-0.004219
-0.004241
-0.004263
-0.004285
-0.004307
-0.004329
-0.004351
-0.004373
-0.004395
-0.004417
-0.004439
-0.004461
-0.004483
-0.004505
-0.004527
-0.004550
-0.004572
-0.004594
-0.004616
-0.004638
-0.004660
-0.004683
-0.004705
-0.004727
-0.004749
-0.004771
-0.004794
-0.004816
-0.004838
-0.004860
-0.004883
-0.004905
-0.004927
-0.004949
-0.004972
-0.004994
-0.005016
-0.005039
-0.005061
-0.005083
-0.005106
-0.005128
-0.005150
-0.005173
-0.005195
-0.005218
-0.005240
-0.005262
-0.005285
-0.005307
-0.005330
-0.005352
-0.005375
-0.005397
-0.005419
-0.005442
-0.005464
-0.005487
-0.005509
-0.005532
-0.005554
-0.005577
-0.005599
-0.005622
-0.005644
-0.005667
-0.005690
-0.005712
-0.005735
-0.005757
-0.005780
-0.005802
-0.005825
-0.005847
-0.005870
-0.005893
-0.005915
-0.005938
-0.005960
-0.005983
-0.006006
-0.006028
-0.006051
-0.006073
-0.006096
-0.006119
-0.006141
-0.006164
-0.006187
-0.006209
-0.006232
-0.006255
-0.006277
-0.006300
-0.006323
-0.006345
-0.006368
-0.006391
-0.006413
-0.006436
-0.006459
-0.006482
-0.006504
-0.006527
-0.006550
-0.006572
-0.006595
-0.006618
-0.006641
-0.006663
-0.006686
-0.006709
-0.006731
-0.006754
-0.006777
-0.006800
-0.006822
-0.006845
-0.006868
-0.006891
-0.006913
-0.006936
-0.006959
-0.006982
-0.007004
-0.007027
-0.007050
-0.007073
-0.007095
-0.007118
-0.007141
-0.007164
-0.007187
-0.007209
-0.007232
-0.007255
-0.007278
-0.007300
-0.007323
-0.007346
-0.007369
-0.007392
-0.007414
-0.007437
-0.007460
-0.007483
-0.007505
-0.007528
-0.007551
-0.007574
-0.007597
-0.007619
-0.007642
-0.007665
-0.007688
-0.007711
-0.007733
-0.007756
-0.007779
-0.007802
-0.007825
-0.007847
-0.007870
-0.007893
-0.007916
-0.007939
-0.007961
-0.007984
-0.008007
-0.008030
-0.008052
-0.008075
-0.008098
-0.008121
-0.008144
-0.008166
-0.008189
-0.008212
-0.008235
-0.008258
-0.008280
-0.008303
-0.008326
-0.008349
-0.008371
-0.008394
-0.008417
-0.008440
-0.008462
-0.008485
-0.008508
-0.008531
-0.008554
-0.008576
-0.008599
-0.008622
-0.008645
-0.008667
-0.008690
-0.008713
-0.008736
-0.008758
-0.008781
-0.008804
-0.008827
-0.008849
-0.008872
-0.008895
-0.008917
-0.008940
-0.008963
-0.008986
-0.009008
-0.009031
-0.009054
-0.009077
-0.009099
-0.009122
-0.009145
-0.009167
-0.009190
-0.009213
-0.009235
-0.009258
-0.009281
-0.009304
-0.009326
-0.009349
-0.009372
-0.009394
-0.009417
-0.009440
-0.009462
-0.009485
-0.009508
-0.009530
-0.009553
-0.009576
-0.009598
-0.009621
-0.009643
-0.009666
-0.009689
-0.009711
-0.009734
-0.009757
-0.009779
-0.009802
-0.009824
-0.009847
-0.009870
-0.009892
-0.009915
-0.009937
-0.009960
-0.009983
-0.010005
-0.010028
-0.010050
-0.010073
-0.010095
-0.010118
-0.010141
-0.010163
-0.010186
-0.010208
-0.010231
-0.010253
-0.010276
-0.010298
-0.010321
-0.010343
-0.010366
-0.010388
-0.010411
-0.010433
-0.010456
-0.010478
-0.010501
-0.010523
-0.010546
-0.010568
-0.010591
-0.010613
-0.010636
-0.010658
-0.010680
-0.010703
-0.010725
-0.010748
-0.010770
-0.010793
-0.010815
-0.010837
-0.010860
-0.010882
-0.010905
-0.010927
-0.010949
-0.010972
-0.010994
-0.011017
-0.011039
-0.011061
-0.011084
-0.011106
-0.011128
-0.011151
-0.011173
-0.011195
-0.011218
-0.011240
-0.011262
-0.011285
-0.011307
-0.011329
-0.011351
-0.011374
-0.011396
-0.011418
-0.011440
-0.011463
-0.011485
-0.011507
-0.011529
-0.011552
-0.011574
-0.011596
-0.011618
-0.011641
-0.011663
-0.011685
-0.011707
-0.011729
-0.011752
-0.011774
-0.011796
-0.011818
-0.011840
-0.011862
-0.011884
-0.011907
-0.011929
-0.011951
-0.011973
-0.011995
-0.012017
-0.012039
-0.012061
-0.012083
-0.012106
-0.012128
-0.012150
-0.012172
-0.012194
-0.012216
-0.012238
-0.012260
-0.012282
-0.012304
-0.012326
-0.012348
-0.012370
-0.012392
-0.012414
-0.012436
-0.012458
-0.012480
-0.012502
-0.012524
-0.012546
-0.012568
-0.012590
-0.012612
-0.012634
-0.012655
-0.012677
-0.012699
-0.012721
-0.012743
-0.012765
-0.012787
-0.012809
-0.012831
-0.012852
-0.012874
-0.012896
-0.012918
-0.012940
-0.012962
-0.012983
-0.013005
-0.013027
-0.013049
-0.013070
-0.013092
-0.013114
-0.013136
-0.013158
-0.013179
-0.013201
-0.013223
-0.013244
-0.013266
-0.013288
-0.013310
-0.013331
-0.013353
-0.013375
-0.013396
-0.013418
-0.013440
-0.013461
-0.013483
-0.013505
-0.013526
-0.013548
-0.013569
-0.013591
-0.013613
-0.013634
-0.013656
-0.013677
-0.013699
-0.013721
-0.013742
-0.013764
-0.013785
-0.013807
-0.013828
-0.013850
-0.013871
-0.013893
-0.013914
-0.013936
-0.013957
-0.013979
-0.014000
-0.014022
-0.014043
-0.014065
-0.014086
-0.014107
-0.014129
-0.014150
-0.014172
-0.014193
-0.014214
-0.014236
-0.014257
-0.014278
-0.014300
-0.014321
-0.014343
-0.014364
-0.014385
-0.014406
-0.014428
-0.014449
-0.014470
-0.014492
-0.014513
-0.014534
-0.014555
-0.014577
-0.014598
-0.014619
-0.014640
-0.014662
-0.014683
-0.014704
-0.014725
-0.014746
-0.014768
-0.014789
-0.014810
-0.014831
-0.014852
-0.014873
-0.014894
-0.014916
-0.014937
-0.014958
-0.014979
-0.015000
-0.015021
-0.015042
-0.015063
-0.015084
-0.015105
-0.015126
-0.015147
-0.015168
-0.015189
-0.015210
-0.015231
-0.015252
-0.015273
-0.015294
-0.015315
-0.015336
-0.015357
-0.015378
-0.015399
-0.015420
-0.015441
-0.015462
-0.015483
-0.015504
-0.015524
-0.015545
-0.015566
-0.015587
-0.015608
-0.015629
-0.015650
-0.015670
-0.015691
-0.015712
-0.015733
-0.015754
-0.015774
-0.015795
-0.015816
-0.015837
-0.015857
-0.015878
-0.015899
-0.015920
-0.015940
-0.015961
-0.015982
-0.016002
-0.016023
-0.016044
-0.016064
-0.016085
-0.016106
0.470757
1.241808
2.153072
2.787904
3.234343
3.557317
3.795451
3.972448
4.103541
4.198995
4.262268
4.300404
4.318644
4.320889
4.310138
4.288765
4.258686
4.221475
4.178436
4.130666
4.079076
4.024439
3.967417
3.908557
3.848330
3.787143
3.725328
3.663171
3.600925
3.538787
3.476932
3.415515
3.354650
3.294441
3.234980
3.176332
3.118553
3.061698
3.005796
2.950877
2.896969
2.844082
2.792226
2.741412
2.691639
2.642906
2.595208
2.548543
2.502901
2.458269
2.414636
2.371993
2.330325
2.289614
2.249847
2.211005
2.173079
2.136046
2.099891
2.064594
2.030139
1.996513
1.963696
1.931668
1.900413
1.869913
1.840154
1.811118
1.782789
1.755148
1.728180
1.701869
1.676199
1.651157
1.626726
1.602891
1.579637
1.556950
1.534815
1.513219
1.492148
1.471590
1.451532
1.431961
1.412864
1.394229
1.376044
1.358297
1.340977
1.324073
1.307574
1.291469
1.275751
1.260407
1.245428
1.230803
1.216525
1.202582
1.188967
1.175671
1.162685
1.150001
1.137611
1.125507
1.113682
1.102129
1.090840
1.079809
1.069027
1.058489
1.048188
1.038118
1.028271
1.018643
1.009228
1.000019
0.991011
0.982199
0.973577
0.965140
0.956884
0.948803
0.940893
0.933149
0.925566
0.918142
0.910870
0.903748
0.896771
0.889935
0.883236
0.876671
0.870235
0.863926
0.857741
0.851674
0.845725
0.839888
0.834162
0.828543
0.823029
0.817617
0.812303
0.807085
0.801962
0.796929
0.791985
0.787128
0.782355
0.777663
0.773051
0.768517
0.764058
0.759673
0.755359
0.751115
0.746939
0.742828
0.738782
0.734799
0.730877
0.727014
0.723209
0.719460
0.715767
0.712127
0.708538
0.705001
0.701513
0.698073
0.694680
0.691332
0.688029
0.684769
0.681552
0.678376
0.675239
0.672142
0.669083
0.666061
0.663075
0.660125
0.657209
0.654326
0.651476
0.648658
0.645872
0.643115
0.640388
0.637690
0.635021
0.632378
0.629763
0.627174
0.624610
0.622071
0.619557
0.617067
0.614599
0.612155
0.609732
0.607331
0.604952
0.602593
0.600254
0.597935
0.595635
0.593354
0.591091
0.588847
0.586620
0.584410
0.582217
0.580041
0.577880
0.575736
0.573607
0.571493
0.569394
0.567309
0.565239
0.563182
0.561139
0.559110
0.557093
0.555089
0.553098
0.551119
0.549152
0.547198
0.545254
0.543322
0.541401
0.539492
0.537592
0.535704
0.533826
0.531958
0.530100
0.528252
0.526414
0.524585
0.522765
0.520955
0.519154
0.517362
0.515578
0.513803
0.512036
0.510278
0.508528
0.506785
0.505051
0.503325
0.501606
0.499895
0.498191
0.496495
0.494806
0.493124
0.491449
0.489781
0.488120
0.486465
0.484817
0.483176
0.481542
0.479913
0.478291
0.476676
0.475066
0.473463
0.471865
0.470274
0.468688
0.467109
0.465535
0.463966
0.462404
0.460847
0.459295
0.457749
0.456208
0.454673
0.453143
0.451618
0.450098
0.448584
0.447074
0.445570
0.444071
0.442576
0.441087
0.439602
0.438122
0.436647
0.435177
0.433711
0.432250
0.430794
0.429342
0.427895
0.426452
0.425014
0.423581
0.422151
0.420726
0.419306
0.417890
0.416478
0.415070
0.413667
0.412268
0.410873
0.409482
0.408096
0.406713
0.405335
0.403960
0.402590
0.401224
0.399861
0.398503
0.397149
0.395798
0.394452
0.393109
0.391771
0.390436
0.389105
0.387777
0.386454
0.385134
0.383818
0.382506
0.381198
0.379893
0.378592
0.377295
0.376001
0.374711
0.373424
0.372142
0.370862
0.369587
0.368315
0.367046
0.365781
0.364520
0.363262
0.362007
0.360756
0.359509
0.358265
0.357024
0.355787
0.354553
0.353323
0.352096
0.350873
0.349652
0.348436
0.347222
0.346012
0.344805
0.343602
0.342402
0.341205
0.340011
0.338821
0.337634
0.336450
0.335270
0.334092
0.332918
0.331747
0.330580
0.329415
0.328254
0.327096
0.325941
0.324790
0.323641
0.322496
0.321354
0.320215
0.319079
0.317946
0.316816
0.315689
0.314566
0.313445
0.312328
0.311214
0.310102
0.308994
0.307889
0.306787
0.305687
0.304591
0.303498
0.302408
0.301321
0.300236
0.299155
0.298077
0.297001
0.295929
0.294860
0.293793
0.292730
0.291669
0.290611
0.289556
0.288504
0.287455
0.286409
0.285366
0.284325
0.283288
0.282253
0.281221
0.280192
0.279166
0.278143
0.277122
0.276105
0.275090
0.274078
0.273068
0.272062
0.271058
0.270057
0.269059
0.268064
0.267071
0.266081
0.265094
0.264109
0.263128
0.262149
0.261173
0.260199
0.259228
0.258260
0.257295
0.256332
0.255372
0.254414
0.253460
0.252508
0.251558
0.250612
0.249668
0.248726
0.247787
0.246851
0.245918
0.244987
0.244058
0.243133
0.242210
0.241289
0.240371
0.239456
0.238543
0.237633
0.236725
0.235820
0.234917
0.234017
0.233120
0.232225
0.231333
0.230443
0.229556
0.228671
0.227788
0.226909
0.226031
0.225157
0.224284
0.223414
0.222547
0.221682
0.220820
0.219960
0.219102
0.218247
0.217395
0.216544
0.215697
0.214851
0.214008
0.213168
0.212330
0.211494
0.210661
0.209830
0.209001
0.208175
0.207352
0.206530
0.205711
0.204895
0.204080
0.203268
0.202459
0.201652
0.200847
0.200044
0.199244
0.198446
0.197650
0.196857
0.196066
0.195277
0.194491
0.193707
0.192925
0.192146
0.191368
0.190593
0.189821
0.189050
0.188282
0.187516
0.186752
0.185991
0.185232
0.184475
0.183720
0.182968
0.182217
0.181469
0.180723
0.179980
0.179238
0.178499
0.177762
0.177027
0.176294
0.175563
0.174835
0.174109
0.173385
0.172663
0.171943
0.171225
0.170510
0.169796
0.169085
0.168376
0.167669
0.166964
0.166261
0.165561
0.164862
0.164165
0.163471
0.162779
0.162089
0.161400
0.160714
0.160030
0.159348
0.158669
0.157991
0.157315
0.156641
0.155970
0.155300
0.154632
0.153967
0.153303
0.152642
0.151982
0.151325
0.150669
0.150016
0.149364
0.148715
0.148067
0.147422
0.146778
0.146137
0.145497
0.144859
0.144224
0.143590
0.142958
0.142328
0.141700
0.141074
0.140450
0.139828
0.139208
0.138590
0.137974
0.137359
0.136747
0.136136
0.135527
0.134921
0.134316
0.133713
0.133112
0.132512
0.131915
0.131319
0.130726
0.130134
0.129544
0.128956
0.128370
0.127785
0.127203
0.126622
0.126043
0.125466
0.124891
0.124318
0.123746
0.123177
0.122609
0.122043
0.121478
0.120916
0.120355
0.119796
0.119239
0.118683
0.118130
0.117578
0.117028
0.116480
0.115933
0.115388
0.114845
0.114304
0.113765
0.113227
0.112691
0.112156
0.111624
0.111093
0.110564
0.110036
0.109510
0.108986
0.108464
0.107943
0.107425
0.106907
0.106392
0.105878
0.105366
0.104855
0.104346
0.103839
0.103334
0.102830
0.102327
0.101827
0.101328
0.100831
0.100335
0.099841
0.099349
0.098858
0.098369
0.097882
0.097396
0.096911
0.096429
0.095948
0.095468
0.094991
0.094514
0.094040
0.093567
0.093095
0.092625
0.092157
0.091690
0.091225
0.090761
0.090299
0.089839
0.089380
0.088923
0.088467
0.088013
0.087560
0.087109
0.086659
0.086211
0.085764
0.085319
0.084875
0.084433
0.083993
0.083554
0.083116
0.082680
0.082245
0.081812
0.081381
0.080951
0.080522
0.080095
0.079669
0.079245
0.078822
0.078401
0.077981
0.077563
0.077146
0.076730
0.076316
0.075904
0.075492
0.075083
0.074674
0.074267
0.073862
0.073458
0.073055
0.072654
0.072254
0.071856
0.071459
0.071063
0.070669
0.070276
0.069885
0.069495
0.069106
0.068719
0.068333
0.067948
0.067565
0.067183
0.066803
0.066424
0.066046
0.065670
0.065295
0.064921
0.064548
0.064177
0.063808
0.063439
0.063072
0.062706
0.062342
0.061979
0.061617
0.061257
0.060897
0.060539
0.060183
0.059827
0.059473
0.059121
0.058769
0.058419
0.058070
0.057722
0.057376
0.057031
0.056687
0.056344
0.056003
0.055663
0.055324
0.054987
0.054650
0.054315
0.053981
0.053648
0.053317
0.052987
0.052658
0.052330
0.052003
0.051678
0.051354
0.051031
0.050709
0.050389
0.050069
0.049751
0.049434
0.049118
0.048804
0.048490
0.048178
0.047867
0.047557
0.047248
0.046940
0.046634
0.046328
0.046024
0.045721
0.045419
0.045118
0.044819
0.044520
0.044223
0.043927
0.043631
0.043337
0.043045
0.042753
0.042462
0.042172
0.041884
0.041597
0.041310
0.041025
0.040741
0.040458
0.040176
0.039895
0.039615
0.039336
0.039059
0.038782
0.038507
0.038232
0.037959
0.037686
0.037415
0.037145
0.036875
0.036607
0.036340
0.036074
0.035809
0.035544
0.035281
0.035019
0.034758
0.034498
0.034239
0.033981
0.033724
0.033468
0.033213
0.032959
0.032706
0.032454
0.032202
0.031952
0.031703
0.031455
0.031208
0.030961
0.030716
0.030472
0.030228
0.029986
0.029744
0.029504
0.029264
0.029025
0.028788
0.028551
0.028315
0.028080
0.027846
0.027613
0.027380
0.027149
0.026919
0.026689
0.026461
0.026233
0.026006
0.025780
0.025555
0.025331
0.025108
0.024885
0.024664
0.024443
0.024223
0.024004
0.023786
0.023569
0.023353
0.023137
0.022923
0.022709
0.022496
0.022284
0.022073
0.021862
0.021653
0.021444
0.021236
0.021029
0.020822
0.020617
0.020412
0.020208
0.020005
0.019803
0.019602
0.019401
0.019201
0.019002
0.018804
0.018606
0.018409
0.018213
0.018018
0.017824
0.017630
0.017437
0.017245
0.017054
0.016863
0.016673
0.016484
0.016296
0.016108
0.015921
0.015735
0.015550
0.015365
0.015181
0.014998
0.014816
0.014634
0.014453
0.014273
0.014093
0.013914
0.013736
0.013558
0.013381
0.013205
0.013030
0.012855
0.012681
0.012508
0.012335
0.012163
0.011992
0.011821
0.011651
0.011482
0.011313
0.011145
0.010978
0.010811
0.010645
0.010480
0.010315
0.010151
0.009988
0.009825
0.009663
0.009501
0.009340
0.009180
0.009020
0.008861
0.008703
0.008545
0.008388
0.008231
0.008075
0.007920
0.007765
0.007611
0.007458
0.007305
0.007152
0.007001
0.006849
0.006699
0.006549
0.006399
0.006250
0.006102
0.005954
0.005807
0.005661
0.005515
0.005369
0.005224
0.005080
0.004936
0.004793
0.004650
0.004508
0.004366
0.004225
0.004085
0.003945
0.003805
0.003666
0.003528
0.003390
0.003253
0.003116
0.002980
0.002844
0.002709
0.002574
0.002440
0.002306
0.002173
0.002040
0.001907
0.001776
0.001644
0.001514
0.001383
0.001254
0.001124
0.000995
0.000867
0.000739
0.000612
0.000485
0.000358
0.000232
0.000107
-0.000018
-0.000143
-0.000267
-0.000391
-0.000514
-0.000636
-0.000759
-0.000881
-0.001002
-0.001123
-0.001244
-0.001364
-0.001483
-0.001603
-0.001721
-0.001840
-0.001958
-0.002075
-0.002192
-0.002309
-0.002425
-0.002541
-0.002656
-0.002771
-0.002886
-0.003000
-0.003114
-0.003227
-0.003340
-0.003452
-0.003564
-0.003676
-0.003787
-0.003898
-0.004009
-0.004119
-0.004229
-0.004338
-0.004447
-0.004556
-0.004664
-0.004772
-0.004879
-0.004986
-0.005093
-0.005199
-0.005305
-0.005411
-0.005516
-0.005621
-0.005725
-0.005829
-0.005933
-0.006036
-0.006139
-0.006242
-0.006344
-0.006446
-0.006548
-0.006649
-0.006750
-0.006851
-0.006951
-0.007051
-0.007150
-0.007250
-0.007349
-0.007447
-0.007545
-0.007643
-0.007741
-0.007838
-0.007935
-0.008031
-0.008128
-0.008223
-0.008319
-0.008414
-0.008509
-0.008604
-0.008698
-0.008792
-0.008886
-0.008979
-0.009072
-0.009165
-0.009258
-0.009350
-0.009442
-0.009533
-0.009624
-0.009715
-0.009806
-0.009896
-0.009986
-0.010076
-0.010165
-0.010255
-0.010344
-0.010432
-0.010520
-0.010608
-0.010696
-0.010784
-0.010871
-0.010958
-0.011044
-0.011131
-0.011217
-0.011302
-0.011388
-0.011473
-0.011558
-0.011643
-0.011727
-0.011811
-0.011895
-0.011979
-0.012062
-0.012145
-0.012228
-0.012311
-0.012393
-0.012475
-0.012557
-0.012639
-0.012720
-0.012801
-0.012882
-0.012962
-0.013042
-0.013122
-0.013202
-0.013282
-0.013361
-0.013440
-0.013519
-0.013597
-0.013676
-0.013754
-0.013832
-0.013909
-0.013987
-0.014064
-0.014141
-0.014217
-0.014294
-0.014370
-0.014446
-0.014522
-0.014597
-0.014672
-0.014748
-0.014822
-0.014897
-0.014971
-0.015045
-0.015119
-0.015193
-0.015267
-0.015340
-0.015413
-0.015486
-0.015558
-0.015631
-0.015703
-0.015775
-0.015847
-0.015918
-0.015990
-0.016061
-0.016132
-0.016202
-0.016273
-0.016343
-0.016413
-0.016483
-0.016553
-0.016622
-0.016692
-0.016761
-0.016830
-0.016898
-0.016967
-0.017035
-0.017103
-0.017171
-0.017239
-0.017306
-0.017373
-0.017440
-0.017507
-0.017574
-0.017641
-0.017707
-0.017773
-0.017839
-0.017905
-0.017970
-0.018036
-0.018101
-0.018166
-0.018231
-0.018296
-0.018360
-0.018424
-0.018488
-0.018552
-0.018616
-0.018680
-0.018743
-0.018806
-0.018869
-0.018932
-0.018995
-0.019057
-0.019120
-0.019182
-0.019244
-0.019306
-0.019367
-0.019429
-0.019490
-0.019551
-0.019612
-0.019673
-0.019734
-0.019794
-0.019854
-0.019914
-0.019974
-0.020034
-0.020094
-0.020153
-0.020213
-0.020272
-0.020331
-0.020390
-0.020448
-0.020507
-0.020565
-0.020623
-0.020681
-0.020739
-0.020797
-0.020854
-0.020912
-0.020969
-0.021026
-0.021083
-0.021140
-0.021196
-0.021253
-0.021309
-0.021365
-0.021421
-0.021477
-0.021533
-0.021588
-0.021644
-0.021699
-0.021754
-0.021809
-0.021864
-0.021919
-0.021973
-0.022028
-0.022082
-0.022136
-0.022190
-0.022244
-0.022297
-0.022351
-0.022404
-0.022457
-0.022510
-0.022563
-0.022616
-0.022669
-0.022721
-0.022774
-0.022826
-0.022878
-0.022930
-0.022982
-0.023034
-0.023085
-0.023137
-0.023188
-0.023239
-0.023290
-0.023341
-0.023392
-0.023442
-0.023493
-0.023543
-0.023594
-0.023644
-0.023694
-0.023744
-0.023793
-0.023843
-0.023892
-0.023942
-0.023991
-0.024040
-0.024089
-0.024138
-0.024186
-0.024235
-0.024283
-0.024332
-0.024380
-0.024428
-0.024476
-0.024524
-0.024571
-0.024619
-0.024666
-0.024714
-0.024761
-0.024808
-0.024855
-0.024902
-0.024948
-0.024995
-0.025042
-0.025088
-0.025134
-0.025180
-0.025226
-0.025272
-0.025318
-0.025364
-0.025409
-0.025455
-0.025500
-0.025545
-0.025590
-0.025635
-0.025680
-0.025725
-0.025769
-0.025814
-0.025858
-0.025902
-0.025947
-0.025991
-0.026035
-0.026078
-0.026122
-0.026166
-0.026209
-0.026253
-0.026296
-0.026339
-0.026382
-0.026425
-0.026468
-0.026511
-0.026553
-0.026596
-0.026638
-0.026681
-0.026723
-0.026765
-0.026807
-0.026849
-0.026891
-0.026932
-0.026974
-0.027015
-0.027057
-0.027098
-0.027139
-0.027180
-0.027221
-0.027262
-0.027303
-0.027343
-0.027384
-0.027424
-0.027465
-0.027505
-0.027545
-0.027585
-0.027625
-0.027665
-0.027705
-0.027744
-0.027784
-0.027823
-0.027863
-0.027902
-0.027941
-0.027980
-0.028019
-0.028058
-0.028097
-0.028135
-0.028174
-0.028212
-0.028251
-0.028289
-0.028327
-0.028365
-0.028403
-0.028441
-0.028479
-0.028517
-0.028555
-0.028592
-0.028630
-0.028667
-0.028704
-0.028741
-0.028779
-0.028816
-0.028852
-0.028889
-0.028926
-0.028963
-0.028999
-0.029036
-0.029072
-0.029108
-0.029144
-0.029181
-0.029217
-0.029252
-0.029288
-0.029324
-0.029360
-0.029395
-0.029431
-0.029466
-0.029501
-0.029537
-0.029572
-0.029607
-0.029642
-0.029677
-0.029712
-0.029746
-0.029781
-0.029816
-0.029850
-0.029884
-0.029919
-0.029953
-0.029987
-0.030021
-0.030055
-0.030089
-0.030123
-0.030156
-0.030190
-0.030224
-0.030257
-0.030291
-0.030324
-0.030357
-0.030390
-0.030423
-0.030456
-0.030489
-0.030522
-0.030555
-0.030588
-0.030620
-0.030653
-0.030685
-0.030717
-0.030750
-0.030782
-0.030814
-0.030846
-0.030878
-0.030910
-0.030942
-0.030974
-0.031005
-0.031037
-0.031068
-0.031100
-0.031131
-0.031163
-0.031194
-0.031225
-0.031256
-0.031287
-0.031318
-0.031349
-0.031380
-0.031410
-0.031441
-0.031472
-0.031502
-0.031532
-0.031563
-0.031593
-0.031623
-0.031653
-0.031683
-0.031713
-0.031743
-0.031773
-0.031803
-0.031833
-0.031862
-0.031892
-0.031921
-0.031951
-0.031980
-0.032009
-0.032039
-0.032068
-0.032097
-0.032126
-0.032155
-0.032184
-0.032213
-0.032241
-0.032270
-0.032299
-0.032327
-0.032356
-0.032384
-0.032412
-0.032441
-0.032469
-0.032497
-0.032525
-0.032553
-0.032581
-0.032609
-0.032637
-0.032664
-0.032692
-0.032720
-0.032747
-0.032775
-0.032802
-0.032830
-0.032857
-0.032884
-0.032911
-0.032938
-0.032965
-0.032992
-0.033019
-0.033046
-0.033073
-0.033100
-0.033126
-0.033153
-0.033180
-0.033206
-0.033232
-0.033259
-0.033285
-0.033311
-0.033338
-0.033364
-0.033390
-0.033416
-0.033442
-0.033468
-0.033493
-0.033519
-0.033545
-0.033570
-0.033596
-0.033622
-0.033647
-0.033672
-0.033698
-0.033723
-0.033748
-0.033773
-0.033799
-0.033824
-0.033849
-0.033874
-0.033898
-0.033923
-0.033948
-0.033973
-0.033997
-0.034022
-0.034047
-0.034071
-0.034096
-0.034120
-0.034144
-0.034168
-0.034193
-0.034217
-0.034241
-0.034265
-0.034289
-0.034313
-0.034337
-0.034361
-0.034384
-0.034408
-0.034432
-0.034455
-0.034479
-0.034503
-0.034526
-0.034549
-0.034573
-0.034596
-0.034619
-0.034642
-0.034666
-0.034689
-0.034712
-0.034735
-0.034758
-0.034781
-0.034803
-0.034826
-0.034849
-0.034872
-0.034894
-0.034917
-0.034939
-0.034962
-0.034984
-0.035007
-0.035029
-0.035051
-0.035073
-0.035096
-0.035118
-0.035140
-0.035162
-0.035184
-0.035206
-0.035228
-0.035249
-0.035271
-0.035293
-0.035315
-0.035336
-0.035358
-0.035379
-0.035401
-0.035422
-0.035444
-0.035465
-0.035487
-0.035508
-0.035529
-0.035550
-0.035571
-0.035592
-0.035613
-0.035634
-0.035655
-0.035676
-0.035697
-0.035718
-0.035739
-0.035759
-0.035780
-0.035801
-0.035821
-0.035842
-0.035862
-0.035883
-0.035903
-0.035923
-0.035944
-0.035964
-0.035984
-0.036004
-0.036024
-0.036045
-0.036065
-0.036085
-0.036105
-0.036124
-0.036144
-0.036164
-0.036184
-0.036204
-0.036223
-0.036243
-0.036263
-0.036282
-0.036302
-0.036321
-0.036341
-0.036360
-0.036379
-0.036399
-0.036418
-0.036437
-0.036456
-0.036476
-0.036495
-0.036514
-0.036533
-0.036552
-0.036571
-0.036590
-0.036609
-0.036627
-0.036646
-0.036665
-0.036684
-0.036702
-0.036721
-0.036739
-0.036758
-0.036777
-0.036795
-0.036813
-0.036832
-0.036850
-0.036868
-0.036887
-0.036905
-0.036923
-0.036941
-0.036960
-0.036978
-0.036996
-0.037014
-0.037032
-0.037050
-0.037067
-0.037085
-0.037103
-0.037121
-0.037139
-0.037156
-0.037174
-0.037192
-0.037209
-0.037227
-0.037244
-0.037262
-0.037279
-0.037297
-0.037314
-0.037331
-0.037349
-0.037366
-0.037383
-0.037400
-0.037418
-0.037435
-0.037452
-0.037469
-0.037486
-0.037503
-0.037520
-0.037537
-0.037554
-0.037571
-0.037587
-0.037604
-0.037621
-0.037638
-0.037654
-0.037671
-0.037688
-0.037704
-0.037721
-0.037737
-0.037754
-0.037770
-0.037786
-0.037803
-0.037819
-0.037835
-0.037852
-0.037868
-0.037884
-0.037900
-0.037917
-0.037933
-0.037949
-0.037965
-0.037981
-0.037997
-0.038013
-0.038029
-0.038045
-0.038060
-0.038076
-0.038092
-0.038108
-0.038123
-0.038139
-0.038155
-0.038170
-0.038186
-0.038202
-0.038217
-0.038233
-0.038248
-0.038264
-0.038279
-0.038294
-0.038310
-0.038325
-0.038340
-0.038356
-0.038371
-0.038386
-0.038401
-0.038416
-0.038431
-0.038447
-0.038462
-0.038477
-0.038492
-0.038507
-0.038522
-0.038536
-0.038551
-0.038566
-0.038581
-0.038596
-0.038611
-0.038625
-0.038640
-0.038655
-0.038669
-0.038684
-0.038698
-0.038713
-0.038728
-0.038742
-0.038757
-0.038771
-0.038785
-0.038800
-0.038814
-0.038828
-0.038843
-0.038857
-0.038871
-0.038886
-0.038900
-0.038914
-0.038928
-0.038942
-0.038956
-0.038970
-0.038984
-0.038998
-0.039012
-0.039026
-0.039040
-0.039054
-0.039068
-0.039082
-0.039096
-0.039110
-0.039123
-0.039137
-0.039151
-0.039164
-0.039178
-0.039192
-0.039205
-0.039219
-0.039233
-0.039246
-0.039260
-0.039273
-0.039287
-0.039300
-0.039313
-0.039327
-0.039340
-0.039353
-0.039367
-0.039380
-0.039393
-0.039407
-0.039420
-0.039433
-0.039446
-0.039459
-0.039472
-0.039485
-0.039499
-0.039512
-0.039525
-0.039538
-0.039551
-0.039564
-0.039576
-0.039589
-0.039602
-0.039615
-0.039628
-0.039641
-0.039653
-0.039666
-0.039679
-0.039692
-0.039704
-0.039717
-0.039730
-0.039742
-0.039755
-0.039767
-0.039780
-0.039793
-0.039805
-0.039818
-0.039830
-0.039842
-0.039855
-0.039867
-0.039880
-0.039892
-0.039904
-0.039917
-0.039929
-0.039941
-0.039953
-0.039966
-0.039978
-0.039990
-0.040002
-0.040014
-0.040026
-0.040038
-0.040050
-0.040063
-0.040075
-0.040087
-0.040099
-0.040110
-0.040122
-0.040134
-0.040146
-0.040158
-0.040170
-0.040182
-0.040194
-0.040205
-0.040217
-0.040229
-0.040241
-0.040252
-0.040264
-0.040276
-0.040287
-0.040299
-0.040311
-0.040322
-0.040334
-0.040345
-0.040357
-0.040368
-0.040380
-0.040391
-0.040403
-0.040414
-0.040426
-0.040437
-0.040448
-0.040460
-0.040471
-0.040482
-0.040494
-0.040505
-0.040516
-0.040527
-0.040539
-0.040550
-0.040561
-0.040572
-0.040583
-0.040594
-0.040605
-0.040617
-0.040628
-0.040639
-0.040650
-0.040661
-0.040672
-0.040683
-0.040694
-0.040704
-0.040715
-0.040726
-0.040737
-0.040748
-0.040759
-0.040770
-0.040781
-0.040791
-0.040802
-0.040813
-0.040824
-0.040834
-0.040845
-0.040856
-0.040866
-0.040877
-0.040888
-0.040898
-0.040909
-0.040919
-0.040930
-0.040940
-0.040951
-0.040961
-0.040972
-0.040982
-0.040993
-0.041003
-0.041014
-0.041024
-0.041035
-0.041045
-0.041055
-0.041066
-0.041076
-0.041086
-0.041096
-0.041107
-0.041117
-0.041127
-0.041137
-0.041148
-0.041158
-0.041168
-0.041178
-0.041188
-0.041198
-0.041209
-0.041219
-0.041229
-0.041239
-0.041249
-0.041259
-0.041269
-0.041279
-0.041289
-0.041299
-0.041309
-0.041319
-0.041329
-0.041338
-0.041348
-0.041358
-0.041368
-0.041378
-0.041388
-0.041397
-0.041407
-0.041417
-0.041427
-0.041437
-0.041446
-0.041456
-0.041466
-0.041475
-0.041485
-0.041495
-0.041504
-0.041514
-0.041524
-0.041533
-0.041543
-0.041552
-0.041562
-0.041571
-0.041581
-0.041590
-0.041600
-0.041609
-0.041619
-0.041628
-0.041638
-0.041647
-0.041657
-0.041666
-0.041675
-0.041685
-0.041694
-0.041703
-0.041713
-0.041722
-0.041731
-0.041741
-0.041750
-0.041759
-0.041768
-0.041777
-0.041787
-0.041796
-0.041805
-0.041814
-0.041823
-0.041832
-0.041842
-0.041851
-0.041860
-0.041869
-0.041878
-0.041887
-0.041896
-0.041905
-0.041914
-0.041923
-0.041932
-0.041941
-0.041950
-0.041959
-0.041968
-0.041977
-0.041986
-0.041995
-0.042004
-0.042012
-0.042021
-0.042030
-0.042039
-0.042048
-0.042057
-0.042065
-0.042074
-0.042083
-0.042092
-0.042100
-0.042109
-0.042118
-0.042127
-0.042135
-0.042144
-0.042153
-0.042161
-0.042170
-0.042179
-0.042187
-0.042196
-0.042204
-0.042213
-0.042222
-0.042230
-0.042239
-0.042247
-0.042256
-0.042264
-0.042273
-0.042281
-0.042290
-0.042298
-0.042307
-0.042315
-0.042323
-0.042332
-0.042340
-0.042349
-0.042357
-0.042365
-0.042374
-0.042382
-0.042390
-0.042399
-0.042407
-0.042415
-0.042424
-0.042432
-0.042440
-0.042448
-0.042457
-0.042465
-0.042473
-0.042481
-0.042489
-0.042498
-0.042506
-0.042514
-0.042522
-0.042530
-0.042538
-0.042547
-0.042555
-0.042563
-0.042571
-0.042579
-0.042587
-0.042595
-0.042603
-0.042611
-0.042619
-0.042627
-0.042635
-0.042643
-0.042651
-0.042659
-0.042667
-0.042675
-0.042683
-0.042691
-0.042699
-0.042707
-0.042714
-0.042722
-0.042730
-0.042738
-0.042746
-0.042754
-0.042762
-0.042769
-0.042777
-0.042785
-0.042793
-0.042801
-0.042808
-0.042816
-0.042824
-0.042832
-0.042839
-0.042847
-0.042855
-0.042862
-0.042870
-0.042878
-0.042885
-0.042893
-0.042901
-0.042908
-0.042916
-0.042924
-0.042931
-0.042939
-0.042946
-0.042954
-0.042961
-0.042969
-0.042977
-0.042984
-0.042992
-0.042999
-0.043007
-0.043014
-0.043022
-0.043029
-0.043037
-0.043044
-0.043051
-0.043059
-0.043066
-0.043074
-0.043081
-0.043089
-0.043096
-0.043103
-0.043111
-0.043118
-0.043125
-0.043133
-0.043140
-0.043147
-0.043155
-0.043162
-0.043169
-0.043177
-0.043184
-0.043191
-0.043199
-0.043206
-0.043213
-0.043220
-0.043228
-0.043235
-0.043242
-0.043249
-0.043256
-0.043264
-0.043271
-0.043278
-0.043285
-0.043292
-0.043299
-0.043306
-0.043314
-0.043321
-0.043328
-0.043335
-0.043342
-0.043349
-0.043356
-0.043363
-0.043370
-0.043377
-0.043384
-0.043391
-0.043398
-0.043405
-0.043412
-0.043419
-0.043426
-0.043433
-0.043440
-0.043447
-0.043454
-0.043461
-0.043468
-0.043475
-0.043482
-0.043489
-0.043496
-0.043503
-0.043510
-0.043516
-0.043523
-0.043530
-0.043537
-0.043544
-0.043551
-0.043558
-0.043564
-0.043571
-0.043578
-0.043585
-0.043592
-0.043598
-0.043605
-0.043612
-0.043619
-0.043625
-0.043632
-0.043639
-0.043646
-0.043652
-0.043659
-0.043666
-0.043672
-0.043679
-0.043686
-0.043692
-0.043699
-0.043706
-0.043712
-0.043719
-0.043726
-0.043732
-0.043739
-0.043746
-0.043752
-0.043759
-0.043765
-0.043772
-0.043779
-0.043785
-0.043792
-0.043798
-0.043805
-0.043811
-0.043818
-0.043824
-0.043831
-0.043837
-0.043844
-0.043850
-0.043857
-0.043863
-0.043870
-0.043876
-0.043883
-0.043889
-0.043896
-0.043902
-0.043908
-0.043915
-0.043921
-0.043928
-0.043934
-0.043940
-0.043947
-0.043953
-0.043960
-0.043966
-0.043972
-0.043979
-0.043985
-0.043991
-0.043998
-0.044004
-0.044010
-0.044017
-0.044023
-0.044029
-0.044036
-0.044042
-0.044048
-0.044054
-0.044061
-0.044067
-0.044073
-0.044079
-0.044086
-0.044092
-0.044098
-0.044104
-0.044110
-0.044117
-0.044123
-0.044129
-0.044135
-0.044141
-0.044148
-0.044154
-0.044160
-0.044166
-0.044172
-0.044178
-0.044184
-0.044191
-0.044197
-0.044203
-0.044209
-0.044215
-0.044221
-0.044227
-0.044233
-0.044239
-0.044245
-0.044251
-0.044257
-0.044263
-0.044270
-0.044276
-0.044282
-0.044288
-0.044294
-0.044300
-0.044306
-0.044312
-0.044318
-0.044324
-0.044330
-0.044336
-0.044341
-0.044347
-0.044353
-0.044359
-0.044365
-0.044371
-0.044377
-0.044383
-0.044389
-0.044395
-0.044401
-0.044407
-0.044413
-0.044418
-0.044424
-0.044430
-0.044436
-0.044442
-0.044448
-0.044454
-0.044459
-0.044465
-0.044471
-0.044477
-0.044483
-0.044489
-0.044494
-0.044500
-0.044506
-0.044512
-0.044518
-0.044523
-0.044529
-0.044535
-0.044541
-0.044546
-0.044552
-0.044558
-0.044564
-0.044569
-0.044575
-0.044581
-0.044586
-0.044592
-0.044598
-0.044604
-0.044609
-0.044615
-0.044621
-0.044626
-0.044632
-0.044638
-0.044643
-0.044649
-0.044655
-0.044660
-0.044666
-0.044671
-0.044677
-0.044683
-0.044688
-0.044694
-0.044700
-0.044705
-0.044711
-0.044716
-0.044722
-0.044727
-0.044733
-0.044739
-0.044744
-0.044750
-0.044755
-0.044761
-0.044766
-0.044772
-0.044777
-0.044783
-0.044788
-0.044794
-0.044799
-0.044805
-0.044810
-0.044816
-0.044821
-0.044827
-0.044832
-0.044838
-0.044843
-0.044849
-0.044854
-0.044860
-0.044865
-0.044870
-0.044876
-0.044881
-0.044887
-0.044892
-0.044898
-0.044903
-0.044908
-0.044914
-0.044919
-0.044925
-0.044930
-0.044935
-0.044941
-0.044946
-0.044951
-0.044957
-0.044962
-0.044967
-0.044973
-0.044978
-0.044983
-0.044989
-0.044994
-0.044999
-0.045005
-0.045010
-0.045015
-0.045021
-0.045026
-0.045031
-0.045036
-0.045042
-0.045047
-0.045052
-0.045058
-0.045063
-0.045068
-0.045073
-0.045079
-0.045084
-0.045089
-0.045094
-0.045099
-0.045105
-0.045110
-0.045115
-0.045120
-0.045125
-0.045131
-0.045136
-0.045141
-0.045146
-0.045151
-0.045157
-0.045162
-0.045167
-0.045172
-0.045177
-0.045182
-0.045187
-0.045193
-0.045198
-0.045203
-0.045208
-0.045213
-0.045218
-0.045223
-0.045228
-0.045234
-0.045239
-0.045244
-0.045249
-0.045254
-0.045259
-0.045264
-0.045269
-0.045274
-0.045279
-0.045284
-0.045289
-0.045294
-0.045299
-0.045304
-0.045309
-0.045314
-0.045319
-0.045325
-0.045330
-0.045335
-0.045340
-0.045345
-0.045350
-0.045355
-0.045360
-0.045364
-0.045369
-0.045374
-0.045379
-0.045384
-0.045389
-0.045394
-0.045399
-0.045404
-0.045409
-0.045414
-0.045419
-0.045424
-0.045429
-0.045434
-0.045439
-0.045444
-0.045449
-0.045453
-0.045458
-0.045463
-0.045468
-0.045473
-0.045478
-0.045483
-0.045488
-0.045493
-0.045497
-0.045502
-0.045507
-0.045512
-0.045517
-0.045522
-0.045526
-0.045531
-0.045536
-0.045541
-0.045546
-0.045551
-0.045555
-0.045560
-0.045565
-0.045570
-0.045575
-0.045579
-0.045584
-0.045589
-0.045594
-0.045599
-0.045603
-0.045608
-0.045613
-0.045618
-0.045622
-0.045627
-0.045632
-0.045637
-0.045641
-0.045646
-0.045651
-0.045656
-0.045660
-0.045665
-0.045670
-0.045675
-0.045679
-0.045684
-0.045689
-0.045693
-0.045698
-0.045703
-0.045707
-0.045712
-0.045717
-0.045721
-0.045726
-0.045731
-0.045735
-0.045740
-0.045745
-0.045749
-0.045754
-0.045759
-0.045763
-0.045768
-0.045773
-0.045777
-0.045782
-0.045787

