0.000000
0.000000
-0.000026
-0.000052
-0.000077
-0.000103
-0.000128
-0.000153
-0.000177
-0.000201
-0.000224
-0.000247
-0.000270
-0.000293
-0.000315
-0.000337
-0.000359
-0.000380
-0.000402
-0.000423
-0.000444
-0.000465
-0.000485
-0.000506
-0.000526
-0.000547
-0.000567
-0.000587
-0.000607
-0.000627
-0.000647
-0.000667
-0.000687
-0.000707
-0.000726
-0.000746
-0.000766
-0.000785
-0.000805
-0.000824
-0.000844
-0.000863
-0.000883
-0.000902
-0.000922
-0.000941
-0.000961
-0.000980
-0.001000
-0.001019
-0.001038
-0.001058
-0.001077
-0.001097
-0.001116
-0.001135
-0.001155
-0.001174
-0.001194
-0.001213
-0.001233
-0.001252
-0.001271
-0.001291
-0.001310
-0.001330
-0.001349
-0.001369
-0.001388
-0.001408
-0.001428
-0.001447
-0.001467
-0.001486
-0.001506
-0.001525
-0.001545
-0.001565
-0.001584
-0.001604
-0.001624
-0.001644
-0.001663
-0.001683
-0.001703
-0.001723
-0.001743
-0.001762
-0.001782
-0.001802
-0.001822
-0.001842
-0.001862
-0.001882
-0.001902
-0.001922
-0.001942
-0.001962
-0.001982
-0.002002
-0.002022
-0.002042
-0.002063
-0.002083
-0.002103
-0.002123
-0.002143
-0.002164
-0.002184
-0.002204
-0.002225
-0.002245
-0.002265
-0.002286
-0.002306
-0.002326
-0.002347
-0.002367
-0.002388
-0.002408
-0.002429
-0.002449
-0.002470
-0.002491
-0.002511
-0.002532
-0.002553
-0.002573
-0.002594
-0.002615
-0.002635
-0.002656
-0.002677
-0.002698
-0.002719
-0.002739
-0.002760
-0.002781
-0.002802
-0.002823
-0.002844
-0.002865
-0.002886
-0.002907
-0.002928
-0.002949
-0.002970
-0.002991
-0.003012
-0.003033
-0.003054
-0.003075
-0.003097
-0.003118
-0.003139
-0.003160
-0.003181
-0.003203
-0.003224
-0.003245
-0.003266
-0.003288
-0.003309
-0.003330
-0.003352
-0.003373
-0.003395
-0.003416
-0.003437
-0.003459
-0.003480
-0.003502
-0.003523
-0.003545
-0.003566
-0.003588
-0.003610
-0.003631
-0.003653
-0.003674
-0.003696
-0.003718
-0.003739
-0.003761
-0.003783
-0.003804
-0.003826
-0.003848
-0.003869
-0.003891
-0.003913
-0.003935
-0.003956
-0.003978
-0.004000
-0.004022
-0.004044
-0.004066
-0.004088
-0.004109
-0.004131
-0.004153
-0.004175
-0.004197
-0.004219
-0.004241
-0.004263
-0.004285
-0.004307
-0.004329
-0.004351
-0.004373
-0.004395
-0.004417
-0.004439
-0.004461
-0.004483
-0.004505
-0.004527
-0.004550
-0.004572
-0.004594
-0.004616
-0.004638
-0.004660
-0.004683
-0.004705
-0.004727
-0.004749
-0.004771
-0.004794
-0.004816
-0.004838
-0.004860
-0.004883
-0.004905
-0.004927
-0.004949
-0.004972
-0.004994
-0.005016
-0.005039
-0.005061
-0.005083
-0.005106
-0.005128
-0.005150
-0.005173
-0.005195
-0.005218
-0.005240
-0.005262
-0.005285
-0.005307
-0.005330
-0.005352
-0.005375
-0.005397
-0.005419
-0.005442
-0.005464
-0.005487
-0.005509
-0.005532
-0.005554
-0.005577
-0.005599
-0.005622
-0.005644
-0.005667
-0.005690
-0.005712
-0.005735
-0.005757
-0.005780
-0.005802
-0.005825
-0.005847
-0.005870
-0.005893
-0.005915
-0.005938
-0.005960
-0.005983
-0.006006
-0.006028
-0.006051
-0.006073
-0.006096
-0.006119
-0.006141
-0.006164
-0.006187
-0.006209
-0.006232
-0.006255
-0.006277
-0.006300
-0.006323
-0.006345
-0.006368
-0.006391
-0.006413
-0.006436
-0.006459
-0.006482
-0.006504
-0.006527
-0.006550
-0.006572
-0.006595
-0.006618
-0.006641
-0.006663
-0.006686
-0.006709
-0.006731
-0.006754
-0.006777
-0.006800
-0.006822
-0.006845
-0.006868
-0.006891
-0.006913
-0.006936
-0.006959
-0.006982
-0.007004
-0.007027
-0.007050
-0.007073
-0.007095
-0.007118
-0.007141
-0.007164
-0.007187
-0.007209
-0.007232
-0.007255
-0.007278
-0.007300
-0.007323
-0.007346
-0.007369
-0.007392
-0.007414
-0.007437
-0.007460
-0.007483
-0.007505
-0.007528
-0.007551
-0.007574
-0.007597
-0.007619
-0.007642
-0.007665
-0.007688
-0.007711
-0.007733
-0.007756
-0.007779
-0.007802
-0.007825
-0.007847
-0.007870
-0.007893
-0.007916
-0.007939
-0.007961
-0.007984
-0.008007
-0.008030
-0.008052
-0.008075
-0.008098
-0.008121
-0.008144
-0.008166
-0.008189
-0.008212
-0.008235
-0.008258
-0.008280
-0.008303
-0.008326
-0.008349
-0.008371
-0.008394
-0.008417
-0.008440
-0.008462
-0.008485
-0.008508
-0.008531
-0.008554
-0.008576
-0.008599
-0.008622
-0.008645
-0.008667
-0.008690
-0.008713
-0.008736
-0.008758
-0.008781
-0.008804
-0.008827
-0.008849
-0.008872
-0.008895
-0.008917
-0.008940
-0.008963
-0.008986
-0.009008
-0.009031
-0.009054
-0.009077
-0.009099
-0.009122
-0.009145
-0.009167
-0.009190
-0.009213
-0.009235
-0.009258
-0.009281
-0.009304
-0.009326
-0.009349
-0.009372
-0.009394
-0.009417
-0.009440
-0.009462
-0.009485
-0.009508
-0.009530
-0.009553
-0.009576
-0.009598
-0.009621
-0.009643
-0.009666
-0.009689
-0.009711
-0.009734
-0.009757
-0.009779
-0.009802
-0.009824
-0.009847
-0.009870
-0.009892
-0.009915
-0.009937
-0.009960
-0.009983
-0.010005
-0.010028
-0.010050
-0.010073
-0.010095
-0.010118
-0.010141
-0.010163
-0.010186
-0.010208
-0.010231
-0.010253
-0.010276
-0.010298
-0.010321
-0.010343
-0.010366
-0.010388
-0.010411
-0.010433
-0.010456
-0.010478
-0.010501
-0.010523
-0.010546
-0.010568
-0.010591
-0.010613
-0.010636
-0.010658
-0.010680
-0.010703
-0.010725
-0.010748
-0.010770
-0.010793
-0.010815
-0.010837
-0.010860
-0.010882
-0.010905
-0.010927
-0.010949
-0.010972
-0.010994
-0.011017
-0.011039
-0.011061
-0.011084
-0.011106
-0.011128
-0.011151
-0.011173
-0.011195
-0.011218
-0.011240
-0.011262
-0.011285
-0.011307
-0.011329
-0.011351
-0.011374
-0.011396
-0.011418
-0.011440
-0.011463
-0.011485
-0.011507
-0.011529
-0.011552
-0.011574
-0.011596
-0.011618
-0.011641
-0.011663
-0.011685
-0.011707
-0.011729
-0.011752
-0.011774
-0.011796
-0.011818
-0.011840
-0.011862
-0.011884
-0.011907
-0.011929
-0.011951
-0.011973
-0.011995
-0.012017
-0.012039
-0.012061
-0.012083
-0.012106
-0.012128
-0.012150
-0.012172
-0.012194
-0.012216
-0.012238
-0.012260
-0.012282
-0.012304
-0.012326
-0.012348
-0.012370
-0.012392
-0.012414
-0.012436
-0.012458
-0.012480
-0.012502
-0.012524
-0.012546
-0.012568
-0.012590
-0.012612
-0.012634
-0.012655
-0.012677
-0.012699
-0.012721
-0.012743
-0.012765
-0.012787
-0.012809
-0.012831
-0.012852
-0.012874
-0.012896
-0.012918
-0.012940
-0.012962
-0.012983
-0.013005
-0.013027
-0.013049
-0.013070
-0.013092
-0.013114
-0.013136
-0.013158
-0.013179
-0.013201
-0.013223
-0.013244
-0.013266
-0.013288
-0.013310
-0.013331
-0.013353
-0.013375
-0.013396
-0.013418
-0.013440
-0.013461
-0.013483
-0.013505
-0.013526
-0.013548
-0.013569
-0.013591
-0.013613
-0.013634
-0.013656
-0.013677
-0.013699
-0.013721
-0.013742
-0.013764
-0.013785
-0.013807
-0.013828
-0.013850
-0.013871
-0.013893
-0.013914
-0.013936
-0.013957
-0.013979
-0.014000
-0.014022
-0.014043
-0.014065
-0.014086
-0.014107
-0.014129
-0.014150
-0.014172
-0.014193
-0.014214
-0.014236
-0.014257
-0.014278
-0.014300
-0.014321
-0.014343
-0.014364
-0.014385
-0.014406
-0.014428
-0.014449
-0.014470
-0.014492
-0.014513
-0.014534
-0.014555
-0.014577
-0.014598
-0.014619
-0.014640
-0.014662
-0.014683
-0.014704
-0.014725
-0.014746
-0.014768
-0.014789
-0.014810
-0.014831
-0.014852
-0.014873
-0.014894
-0.014916
-0.014937
-0.014958
-0.014979
-0.015000
-0.015021
-0.015042
-0.015063
-0.015084
-0.015105
-0.015126
-0.015147
-0.015168
-0.015189
-0.015210
-0.015231
-0.015252
-0.015273
-0.015294
-0.015315
-0.015336
-0.015357
-0.015378
-0.015399
-0.015420
-0.015441
-0.015462
-0.015483
-0.015504
-0.015524
-0.015545
-0.015566
-0.015587
-0.015608
-0.015629
-0.015650
-0.015670
-0.015691
-0.015712
-0.015733
-0.015754
-0.015774
-0.015795
-0.015816
-0.015837
-0.015857
-0.015878
-0.015899
-0.015920
-0.015940
-0.015961
-0.015982
-0.016002
-0.016023
-0.016044
-0.016064
-0.016085
-0.016106
-0.016126
-0.016147
-0.016168
-0.016188
-0.016209
-0.016229
-0.016250
-0.016271
-0.016291
-0.016312
-0.016332
-0.016353
-0.016373
-0.016394
-0.016414
-0.016435
-0.016455
-0.016476
-0.016496
-0.016517
-0.016537
-0.016558
-0.016578
-0.016599
-0.016619
-0.016639
-0.016660
-0.016680
-0.016701
-0.016721
-0.016741
-0.016762
-0.016782
-0.016802
-0.016823
-0.016843
-0.016863
-0.016884
-0.016904
-0.016924
-0.016945
-0.016965
-0.016985
-0.017005
-0.017026
-0.017046
-0.017066
-0.017086
-0.017107
-0.017127
-0.017147
-0.017167
-0.017187
-0.017207
-0.017228
-0.017248
-0.017268
-0.017288
-0.017308
-0.017328
-0.017348
-0.017369
-0.017389
-0.017409
-0.017429
-0.017449
-0.017469
-0.017489
-0.017509
-0.017529
-0.017549
-0.017569
-0.017589
-0.017609
-0.017629
-0.017649
-0.017669
-0.017689
-0.017709
-0.017729
-0.017749
-0.017769
-0.017789
-0.017808
-0.017828
-0.017848
-0.017868
-0.017888
-0.017908
-0.017928
-0.017948
-0.017967
-0.017987
-0.018007
-0.018027
-0.018047
-0.018066
-0.018086
-0.018106
-0.018126
-0.018145
-0.018165
-0.018185
-0.018205
-0.018224
-0.018244
-0.018264
-0.018284
-0.018303
-0.018323
-0.018343
-0.018362
-0.018382
-0.018401
-0.018421
-0.018441
-0.018460
-0.018480
-0.018500
-0.018519
-0.018539
-0.018558
-0.018578
-0.018597
-0.018617
-0.018636
-0.018656
-0.018675
-0.018695
-0.018714
-0.018734
-0.018753
-0.018773
-0.018792
-0.018812
-0.018831
-0.018851
-0.018870
-0.018889
-0.018909
-0.018928
-0.018948
-0.018967
-0.018986
-0.019006
-0.019025
-0.019044
-0.019064
-0.019083
-0.019102
-0.019122
-0.019141
-0.019160
-0.019179
-0.019199
-0.019218
-0.019237
-0.019256
-0.019276
-0.019295
-0.019314
-0.019333
-0.019353
-0.019372
-0.019391
-0.019410
-0.019429
-0.019448
-0.019468
-0.019487
-0.019506
-0.019525
-0.019544
-0.019563
-0.019582
-0.019601
-0.019620
-0.019639
-0.019658
-0.019677
-0.019696
-0.019715
-0.019734
-0.019753
-0.019772
-0.019791
-0.019810
-0.019829
-0.019848
-0.019867
-0.019886
-0.019905
-0.019924
-0.019943
-0.019962
-0.019981
-0.020000
-0.020019
-0.020037
-0.020056
-0.020075
-0.020094
-0.020113
-0.020132
-0.020150
-0.020169
-0.020188
-0.020207
-0.020226
-0.020244
-0.020263
-0.020282
-0.020301
-0.020319
-0.020338
-0.020357
-0.020375
-0.020394
-0.020413
-0.020432
-0.020450
-0.020469
-0.020488
-0.020506
-0.020525
-0.020543
-0.020562
-0.020581
-0.020599
-0.020618
-0.020636
-0.020655
-0.020674
-0.020692
-0.020711
-0.020729
-0.020748
-0.020766
-0.020785
-0.020803
-0.020822
-0.020840
-0.020859
-0.020877
-0.020895
-0.020914
-0.020932
-0.020951
-0.020969
-0.020988
-0.021006
-0.021024
-0.021043
-0.021061
-0.021079
-0.021098
-0.021116
-0.021135
-0.021153
-0.021171
-0.021189
-0.021208
-0.021226
-0.021244
-0.021263
-0.021281
-0.021299
-0.021317
-0.021336
-0.021354
-0.021372
-0.021390
-0.021408
-0.021427
-0.021445
-0.021463
-0.021481
-0.021499
-0.021517
-0.021536
-0.021554
-0.021572
-0.021590
-0.021608
-0.021626
-0.021644
-0.021662
-0.021680
-0.021698
-0.021716
-0.021734
-0.021752
-0.021770
-0.021788
-0.021806
-0.021824
-0.021842
-0.021860
-0.021878
-0.021896
-0.021914
-0.021932
-0.021950
-0.021968
-0.021986
-0.022004
-0.022022
-0.022040
-0.022058
-0.022075
-0.022093
-0.022111
-0.022129
-0.022147
-0.022165
-0.022182
-0.022200
-0.022218
-0.022236
-0.022254
-0.022271
-0.022289
-0.022307
-0.022325
-0.022342
-0.022360
-0.022378
-0.022395
-0.022413
-0.022431
-0.022448
-0.022466
-0.022484
-0.022501
-0.022519
-0.022537
-0.022554
-0.022572
-0.022590
-0.022607
-0.022625
-0.022642
-0.022660
-0.022677
-0.022695
-0.022713
-0.022730
-0.022748
-0.022765
-0.022783
-0.022800
-0.022818
-0.022835
-0.022853
-0.022870
-0.022887
-0.022905
-0.022922
-0.022940
-0.022957
-0.022975
-0.022992
-0.023009
-0.023027
-0.023044
-0.023062
-0.023079
-0.023096
-0.023114
-0.023131
-0.023148
-0.023166
-0.023183
-0.023200
-0.023217
-0.023235
-0.023252
-0.023269
-0.023286
-0.023304
-0.023321
-0.023338
-0.023355
-0.023373
-0.023390
-0.023407
-0.023424
-0.023441
-0.023458
-0.023476
-0.023493
-0.023510
-0.023527
-0.023544
-0.023561
-0.023578
-0.023595
-0.023613
-0.023630
-0.023647
-0.023664
-0.023681
-0.023698
-0.023715
-0.023732
-0.023749
-0.023766
-0.023783
-0.023800
-0.023817
-0.023834
-0.023851
-0.023868
-0.023885
-0.023902
-0.023919
-0.023935
-0.023952
-0.023969
-0.023986
-0.024003
-0.024020
-0.024037
-0.024054
-0.024070
-0.024087
-0.024104
-0.024121
-0.024138
-0.024155
-0.024171
-0.024188
-0.024205
-0.024222
-0.024238
-0.024255
-0.024272
-0.024289
-0.024305
-0.024322
-0.024339
-0.024356
-0.024372
-0.024389
-0.024406
-0.024422
-0.024439
-0.024456
-0.024472
-0.024489
-0.024505
-0.024522
-0.024539
-0.024555
-0.024572
-0.024588
-0.024605
-0.024622
-0.024638
-0.024655
-0.024671
-0.024688
-0.024704
-0.024721
-0.024737
-0.024754
-0.024770
-0.024787
-0.024803
-0.024820
-0.024836
-0.024852
-0.024869
-0.024885
-0.024902
-0.024918
-0.024935
-0.024951
-0.024967
-0.024984
-0.025000
-0.025016
-0.025033
-0.025049
-0.025065
-0.025082
-0.025098
-0.025114
-0.025131
-0.025147
-0.025163
-0.025179
-0.025196
-0.025212
-0.025228
-0.025244
-0.025261
-0.025277
-0.025293
-0.025309
-0.025326
-0.025342
-0.025358
-0.025374
-0.025390
-0.025406
-0.025423
-0.025439
-0.025455
-0.025471
-0.025487
-0.025503
-0.025519
-0.025535
-0.025551
-0.025567
-0.025583
-0.025600
-0.025616
-0.025632
-0.025648
-0.025664
-0.025680
-0.025696
-0.025712
-0.025728
-0.025744
-0.025760
-0.025775
-0.025791
-0.025807
-0.025823
-0.025839
-0.025855
-0.025871
-0.025887
-0.025903
-0.025919
-0.025935
-0.025950
-0.025966
-0.025982
-0.025998
-0.026014
-0.026030
-0.026045
-0.026061
-0.026077
-0.026093
-0.026109
-0.026124
-0.026140
-0.026156
-0.026172
-0.026187
-0.026203
-0.026219
-0.026235
-0.026250
-0.026266
-0.026282
-0.026297
-0.026313
-0.026329
-0.026344
-0.026360
-0.026376
-0.026391
-0.026407
-0.026422
-0.026438
-0.026454
-0.026469
-0.026485
-0.026500
-0.026516
-0.026532
-0.026547
-0.026563
-0.026578
-0.026594
-0.026609
-0.026625
-0.026640
-0.026656
-0.026671
-0.026687
-0.026702
-0.026718
-0.026733
-0.026748
-0.026764
-0.026779
-0.026795
-0.026810
-0.026825
-0.026841
-0.026856
-0.026872
-0.026887
-0.026902
-0.026918
-0.026933
-0.026948
-0.026964
-0.026979
-0.026994
-0.027010
-0.027025
-0.027040
-0.027055
-0.027071
-0.027086
-0.027101
-0.027116
-0.027132
-0.027147
-0.027162
-0.027177
-0.027193
-0.027208
-0.027223
-0.027238
-0.027253
-0.027268
-0.027284
-0.027299
-0.027314
-0.027329
-0.027344
-0.027359
-0.027374
-0.027389
-0.027405
-0.027420
-0.027435
-0.027450
-0.027465
-0.027480
-0.027495
-0.027510
-0.027525
-0.027540
-0.027555
-0.027570
-0.027585
-0.027600
-0.027615
-0.027630
-0.027645
-0.027660
-0.027675
-0.027690
-0.027705
-0.027720
-0.027734
-0.027749
-0.027764
-0.027779
-0.027794
-0.027809
-0.027824
-0.027839
-0.027853
-0.027868
-0.027883
-0.027898
-0.027913
-0.027928
-0.027942
-0.027957
-0.027972
-0.027987
-0.028001
-0.028016
-0.028031
-0.028046
-0.028060
-0.028075
-0.028090
-0.028105
-0.028119
-0.028134
-0.028149
-0.028163
-0.028178
-0.028193
-0.028207
-0.028222
-0.028237
-0.028251
-0.028266
-0.028281
-0.028295
-0.028310
-0.028324
-0.028339
-0.028353
-0.028368
-0.028383
-0.028397
-0.028412
-0.028426
-0.028441
-0.028455
-0.028470
-0.028484
-0.028499
-0.028513
-0.028528
-0.028542
-0.028557
-0.028571
-0.028586
-0.028600
-0.028614
-0.028629
-0.028643
-0.028658
-0.028672
-0.028687
-0.028701
-0.028715
-0.028730
-0.028744
-0.028758
-0.028773
-0.028787
-0.028801
-0.028816
-0.028830
-0.028844
-0.028859
-0.028873
-0.028887
-0.028902
-0.028916
-0.028930
-0.028944
-0.028959
-0.028973
-0.028987
-0.029001
-0.029015
-0.029030
-0.029044
-0.029058
-0.029072
-0.029086
-0.029101
-0.029115
-0.029129
-0.029143
-0.029157
-0.029171
-0.029185
-0.029200
-0.029214
-0.029228
-0.029242
-0.029256
-0.029270
-0.029284
-0.029298
-0.029312
-0.029326
-0.029340
-0.029354
-0.029368
-0.029382
-0.029396
-0.029410
-0.029424
-0.029438
-0.029452
-0.029466
-0.029480
-0.029494
-0.029508
-0.029522
-0.029536
-0.029550
-0.029564
-0.029578
-0.029592
-0.029606
-0.029620
-0.029633
-0.029647
-0.029661
-0.029675
-0.029689
-0.029703
-0.029717
-0.029730
-0.029744
-0.029758
-0.029772
-0.029786
-0.029799
-0.029813
-0.029827
-0.029841
-0.029854
-0.029868
-0.029882
-0.029896
-0.029909
-0.029923
-0.029937
-0.029951
-0.029964
-0.029978
-0.029992
-0.030005
-0.030019
-0.030033
-0.030046
-0.030060
-0.030074
-0.030087
-0.030101
-0.030114
-0.030128
-0.030142
-0.030155
-0.030169
-0.030182
-0.030196
-0.030209
-0.030223
-0.030237
-0.030250
-0.030264
-0.030277
-0.030291
-0.030304
-0.030318
-0.030331
-0.030345
-0.030358
-0.030372
-0.030385
-0.030399
-0.030412
-0.030425
-0.030439
-0.030452
-0.030466
-0.030479
-0.030493
-0.030506
-0.030519
-0.030533
-0.030546
-0.030559
-0.030573
-0.030586
-0.030600
-0.030613
-0.030626
-0.030640
-0.030653
-0.030666
-0.030679
-0.030693
-0.030706
-0.030719
-0.030733
-0.030746
-0.030759
-0.030772
-0.030786
-0.030799
-0.030812
-0.030825
-0.030839
-0.030852
-0.030865
-0.030878
-0.030891
-0.030905
-0.030918
-0.030931
-0.030944
-0.030957
-0.030970
-0.030983
-0.030997
-0.031010
-0.031023
-0.031036
-0.031049
-0.031062
-0.031075
-0.031088
-0.031101
-0.031114
-0.031127
-0.031140
-0.031154
-0.031167
-0.031180
-0.031193
-0.031206
-0.031219
-0.031232
-0.031245
-0.031258
-0.031271
-0.031284
-0.031296
-0.031309
-0.031322
-0.031335
-0.031348
-0.031361
-0.031374
-0.031387
-0.031400
-0.031413
-0.031426
-0.031439
-0.031451
-0.031464
-0.031477
-0.031490
-0.031503
-0.031516
-0.031529
-0.031541
-0.031554
-0.031567
-0.031580
-0.031593
-0.031605
-0.031618
-0.031631
-0.031644
-0.031656
-0.031669
-0.031682
-0.031695
-0.031707
-0.031720
-0.031733
-0.031746
-0.031758
-0.031771
-0.031784
-0.031796
-0.031809
-0.031822
-0.031834
-0.031847
-0.031860
-0.031872
-0.031885
-0.031898
-0.031910
-0.031923
-0.031935
-0.031948
-0.031961
-0.031973
-0.031986
-0.031998
-0.032011
-0.032023
-0.032036
-0.032049
-0.032061
-0.032074
-0.032086
-0.032099
-0.032111
-0.032124
-0.032136
-0.032149
-0.032161
-0.032174
-0.032186
-0.032199
-0.032211
-0.032223
-0.032236
-0.032248
-0.032261
-0.032273
-0.032286
-0.032298
-0.032310
-0.032323
-0.032335
-0.032347
-0.032360
-0.032372
-0.032385
-0.032397
-0.032409
-0.032422
-0.032434
-0.032446
-0.032459
-0.032471
-0.032483
-0.032495
-0.032508
-0.032520
-0.032532
-0.032545
-0.032557
-0.032569
-0.032581
-0.032594
-0.032606
-0.032618
-0.032630
-0.032642
-0.032655
-0.032667
-0.032679
-0.032691
-0.032703
-0.032716
-0.032728
-0.032740
-0.032752
-0.032764
-0.032776
-0.032788
-0.032800
-0.032813
-0.032825
-0.032837
-0.032849
-0.032861
-0.032873
-0.032885
-0.032897
-0.032909
-0.032921
-0.032933
-0.032945
-0.032957
-0.032969
-0.032981
-0.032993
-0.033005
-0.033017
-0.033029
-0.033041
-0.033053
-0.033065
-0.033077
-0.033089
-0.033101
-0.033113
-0.033125
-0.033137
-0.033149
-0.033161
-0.033173
-0.033185
-0.033197
-0.033209
-0.033220
-0.033232
-0.033244
-0.033256
-0.033268
-0.033280
-0.033292
-0.033303
-0.033315
-0.033327
-0.033339
-0.033351
-0.033362
-0.033374
-0.033386
-0.033398
-0.033410
-0.033421
-0.033433
-0.033445
-0.033457
-0.033468
-0.033480
-0.033492
-0.033504
-0.033515
-0.033527
-0.033539
-0.033550
-0.033562
-0.033574
-0.033585
-0.033597
-0.033609
-0.033620
-0.033632
-0.033644
-0.033655
-0.033667
-0.033679
-0.033690
-0.033702
-0.033713
-0.033725
-0.033737
-0.033748
-0.033760
-0.033771
-0.033783
-0.033795
-0.033806
-0.033818
-0.033829
-0.033841
-0.033852
-0.033864
-0.033875
-0.033887
-0.033898
-0.033910
-0.033921
-0.033933
-0.033944
-0.033956
-0.033967
-0.033979
-0.033990
-0.034001
-0.034013
-0.034024
-0.034036
-0.034047
-0.034059
-0.034070
-0.034081
-0.034093
-0.034104
-0.034116
-0.034127
-0.034138
-0.034150
-0.034161
-0.034172
-0.034184
-0.034195
-0.034206
-0.034218
-0.034229
-0.034240
-0.034252
-0.034263
-0.034274
-0.034285
-0.034297
-0.034308
-0.034319
-0.034330
-0.034342
-0.034353
-0.034364
-0.034375
-0.034387
-0.034398
-0.034409
-0.034420
-0.034431
-0.034443
-0.034454
-0.034465
-0.034476
-0.034487
-0.034498
-0.034510
-0.034521
-0.034532
-0.034543
-0.034554
-0.034565
-0.034576
-0.034588
-0.034599
-0.034610
-0.034621
-0.034632
-0.034643
-0.034654
-0.034665
-0.034676
-0.034687
-0.034698
-0.034709
-0.034720
-0.034731
-0.034742
-0.034753
-0.034764
-0.034775
-0.034786
-0.034797
-0.034808
-0.034819
-0.034830
-0.034841
-0.034852
-0.034863
-0.034874
-0.034885
-0.034896
-0.034907
-0.034918
-0.034929
-0.034940
-0.034950
-0.034961
-0.034972
-0.034983
-0.034994
-0.035005
-0.035016
-0.035027
-0.035037
-0.035048
-0.035059
-0.035070
-0.035081
-0.035092
-0.035102
-0.035113
-0.035124
-0.035135
-0.035146
-0.035156
-0.035167
-0.035178
-0.035189
-0.035199
-0.035210
-0.035221
-0.035232
-0.035242
-0.035253
-0.035264
-0.035275
-0.035285
-0.035296
-0.035307
-0.035317
-0.035328
-0.035339
-0.035349
-0.035360
-0.035371
-0.035381
-0.035392
0.615164
2.150610
4.620060
7.012674
8.938894
10.222965
11.142638
11.819396
12.323772
12.700039
12.970585
13.153034
13.260854
13.311302
13.315961
13.283525
13.220779
13.133176
13.025208
12.900636
12.762580
12.613695
12.456209
12.292017
12.122657
11.949491
11.773654
11.596067
11.417489
11.238587
11.059936
10.881970
10.705102
10.529628
10.355846
10.183956
10.014151
9.846606
9.681421
9.518721
9.358546
9.201010
9.046133
8.893953
8.744498
8.597784
8.453831
8.312601
8.174116
8.038356
7.905307
7.774948
7.647235
7.522169
7.399721
7.279823
7.162484
7.047634
6.935259
6.825303
6.717747
6.612531
6.509637
6.409003
6.310609
6.214387
6.120334
6.028373
5.938484
5.850622
5.764739
5.680811
5.598778
5.518607
5.440277
5.363721
5.288922
5.215836
5.144414
5.074637
5.006464
4.939846
4.874763
4.811179
4.749048
4.688342
4.629039
4.571093
4.514470
4.459145
4.405098
4.352282
4.300669
4.250235
4.200959
4.152802
4.105735
4.059732
4.014777
3.970842
4.577460
6.077818
8.540936
10.993054
13.046295
14.517043
15.652793
16.562128
17.310718
17.941055
18.464412
18.892555
19.232673
19.505056
19.720414
19.885167
20.003407
20.077899
20.110706
20.103768
20.059204
19.979554
19.867787
19.727485
19.562477
19.376803
19.174520
18.959402
18.734886
18.503973
18.269198
18.032634
17.795935
17.560471
17.327109
17.096592
16.869444
16.646032
16.426599
16.211294
16.000194
15.793324
15.590669
15.392187
15.197815
15.007418
14.821011
14.638493
14.459777
14.284728
14.113309
13.945457
13.781175
13.620320
13.462864
13.308760
13.158006
13.010473
12.866127
12.724917
12.586778
12.451611
12.319457
12.190138
12.063662
11.939944
11.818882
11.700464
11.584611
11.471225
11.360287
11.251697
11.145436
11.041406
10.939588
10.839894
10.742288
10.646720
10.553118
10.461473
10.371697
10.283749
10.197598
10.113188
10.030514
9.949490
9.870085
9.792271
9.715996
9.641247
9.567952
9.496091
9.425652
9.356563
9.288806
9.222351
9.157176
9.093234
9.030499
8.968953
8.908539
8.849250
8.791063
8.733946
8.677852
8.622778
8.568715
8.515606
8.463424
8.412165
8.361818
8.312338
8.263697
8.215888
8.168890
8.122691
8.077254
8.032555
7.988592
7.945345
7.902803
7.860931
7.819709
7.779135
7.739191
7.699869
7.661138
7.622981
7.585382
7.548342
7.511846
7.475885
7.440430
7.405468
7.370985
7.336982
7.303446
7.270369
7.237729
7.205513
7.173709
7.142315
7.111314
7.080716
7.050495
7.020641
6.991143
6.961991
6.933176
6.904702
6.876556
6.848737
6.821226
6.794015
6.767096
6.740460
6.714102
6.688024
6.662217
6.636679
6.611396
6.586360
6.561565
6.537005
6.512673
6.488571
6.464688
6.441026
6.417584
6.394347
6.371311
6.348470
6.325819
6.303354
6.281069
6.258970
6.237049
6.215306
6.193732
6.172324
6.151075
6.129982
6.109042
6.088251
6.067605
6.047107
6.026750
6.006537
5.986466
5.966528
5.946721
5.927039
5.907482
5.888046
5.868728
5.849526
5.830443
5.811473
5.792619
5.773879
5.755248
5.736721
5.718297
5.699973
5.681748
5.663619
5.645584
5.627642
5.609797
5.592041
5.574380
5.556812
5.539331
5.521936
5.504623
5.487393
5.470242
5.453170
5.436176
5.419257
5.402415
5.385650
5.368961
5.352349
5.335811
5.319344
5.302947
5.286618
5.270357
5.254162
5.238032
5.221966
5.205963
5.190022
5.174147
5.158333
5.142585
5.126901
5.111277
5.095713
5.080207
5.064757
5.049365
5.034028
5.018745
5.003517
4.988342
4.973220
4.958153
4.943139
4.928180
4.913278
4.898427
4.883627
4.868877
4.854178
4.839527
4.824924
4.810369
4.795861
4.781400
4.766985
4.752616
4.738296
4.724021
4.709795
4.695618
4.681486
4.667400
4.653358
4.639359
4.625404
4.611492
4.597622
4.583794
4.570007
4.556262
4.542558
4.528894
4.515274
4.501695
4.488161
4.474669
4.461219
4.447808
4.434437
4.421106
4.407814
4.394560
4.381344
4.368167
4.355027
4.341925
4.328860
4.315832
4.302843
4.289891
4.276979
4.264108
4.251273
4.238476
4.225716
4.212992
4.200304
4.187652
4.175035
4.162453
4.149906
4.137395
4.124917
4.112474
4.100065
4.087691
4.075353
4.063051
4.050786
4.038557
4.026361
4.014200
4.002073
3.989980
3.977920
3.965893
3.953899
3.941937
3.930008
3.918112
3.906248
3.894416
3.882616
3.870847
3.859113
3.847411
3.835745
3.824112
3.812512
3.800943
3.789407
3.777901
3.766428
3.754985
3.743574
3.732193
3.720843
3.709523
3.698234
3.686975
3.675747
3.664548
3.653380
3.642243
3.631137
3.620063
3.609021
3.598010
3.587030
3.576079
3.565158
3.554267
3.543405
3.532572
3.521769
3.510994
3.500249
3.489532
3.478845
3.468185
3.457555
3.446952
3.436378
3.425834
3.415318
3.404833
3.394378
3.383953
3.373555
3.363187
3.352846
3.342534
3.332249
3.321993
3.311764
3.301562
3.291388
3.281241
3.271122
3.261029
3.250964
3.240926
3.230914
3.220930
3.210972
3.201042
3.191141
3.181268
3.171423
3.161605
3.151814
3.142050
3.132312
3.122601
3.112916
3.103258
3.093625
3.084019
3.074438
3.064884
3.055355
3.045852
3.036374
3.026922
3.017495
3.008094
2.998718
2.989368
2.980044
2.970747
2.961476
2.952232
2.943013
2.933819
2.924651
2.915507
2.906389
2.897296
2.888227
2.879183
2.870164
2.861169
2.852198
2.843252
2.834330
2.825432
2.816559
2.807709
2.798883
2.790082
2.781304
2.772550
2.763821
2.755117
2.746438
2.737783
2.729152
2.720546
2.711963
2.703404
2.694869
2.686356
2.677868
2.669402
2.660960
2.652541
2.644144
2.635771
2.627420
2.619093
2.610788
2.602506
2.594246
2.586009
2.577795
2.569602
2.561433
2.553285
2.545161
2.537060
2.528983
2.520929
2.512897
2.504887
2.496900
2.488935
2.480992
2.473071
2.465172
2.457295
2.449439
2.441605
2.433793
2.426002
2.418233
2.410485
2.402758
2.395053
2.387369
2.379706
2.372064
2.364443
2.356843
2.349265
2.341707
2.334169
2.326654
2.319160
2.311688
2.304237
2.296807
2.289399
2.282011
2.274643
2.267296
2.259970
2.252664
2.245378
2.238113
2.230868
2.223643
2.216438
2.209253
2.202088
2.194943
2.187818
2.180712
2.173627
2.166561
2.159514
2.152487
2.145480
2.138492
2.131524
2.124575
2.117646
2.110736
2.103846
2.096975
2.090126
2.083295
2.076484
2.069692
2.062920
2.056166
2.049432
2.042716
2.036019
2.029342
2.022682
2.016042
2.009420
2.002817
1.996232
1.989665
1.983118
1.976588
1.970077
1.963584
1.957109
1.950652
1.944214
1.937793
1.931391
1.925006
1.918640
1.912291
1.905960
1.899647
1.893352
1.887075
1.880817
1.874577
1.868355
1.862150
1.855964
1.849795
1.843643
1.837509
1.831393
1.825294
1.819212
1.813147
1.807100
1.801069
1.795056
1.789060
1.783080
1.777118
1.771173
1.765244
1.759332
1.753437
1.747559
1.741697
1.735852
1.730023
1.724211
1.718416
1.712637
1.706874
1.701128
1.695397
1.689684
1.683986
1.678305
1.672640
1.666992
1.661360
1.655745
1.650146
1.644563
1.638997
1.633446
1.627911
1.622393
1.616890
1.611403
1.605931
1.600475
1.595035
1.589611
1.584201
1.578808
1.573430
1.568067
1.562720
1.557387
1.552071
1.546769
1.541483
1.536211
1.530955
1.525714
1.520488
1.515277
1.510081
1.504899
1.499733
1.494581
1.489445
1.484323
1.479215
1.474123
1.469045
1.463981
1.458932
1.453898
1.448879
1.443875
1.438885
1.433910
1.428950
1.424004
1.419073
1.414155
1.409252
1.404364
1.399489
1.394629
1.389782
1.384950
1.380132
1.375327
1.370537
1.365760
1.360997
1.356248
1.351513
1.346792
1.342084
1.337390
1.332709
1.328042
1.323389
1.318749
1.314122
1.309509
1.304910
1.300323
1.295751
1.291191
1.286644
1.282111
1.277591
1.273084
1.268591
1.264110
1.259642
1.255188
1.250746
1.246317
1.241902
1.237499
1.233109
1.228732
1.224369
1.220018
1.215680
1.211355
1.207043
1.202744
1.198457
1.194183
1.189921
1.185672
1.181435
1.177211
1.172999
1.168800
1.164613
1.160438
1.156275
1.152125
1.147987
1.143861
1.139747
1.135645
1.131555
1.127477
1.123412
1.119358
1.115316
1.111286
1.107268
1.103262
1.099267
1.095284
1.091313
1.087354
1.083407
1.079471
1.075546
1.071633
1.067732
1.063843
1.059964
1.056098
1.052242
1.048398
1.044566
1.040744
1.036935
1.033136
1.029349
1.025572
1.021807
1.018054
1.014311
1.010580
1.006860
1.003151
0.999454
0.995767
0.992092
0.988427
0.984774
0.981131
0.977500
0.973879
0.970269
0.966669
0.963081
0.959503
0.955936
0.952379
0.948833
0.945298
0.941773
0.938259
0.934755
0.931262
0.927779
0.924307
0.920844
0.917393
0.913951
0.910520
0.907099
0.903689
0.900288
0.896898
0.893518
0.890148
0.886788
0.883439
0.880099
0.876769
0.873450
0.870140
0.866840
0.863550
0.860270
0.857000
0.853740
0.850490
0.847249
0.844018
0.840797
0.837585
0.834384
0.831191
0.828009
0.824836
0.821673
0.818519
0.815375
0.812240
0.809115
0.805999
0.802892
0.799795
0.796708
0.793629
0.790561
0.787502
0.784452
0.781412
0.778380
0.775358
0.772346
0.769342
0.766348
0.763362
0.760386
0.757419
0.754461
0.751512
0.748572
0.745641
0.742718
0.739805
0.736901
0.734005
0.731118
0.728240
0.725371
0.722511
0.719659
0.716816
0.713982
0.711157
0.708340
0.705531
0.702732
0.699940
0.697158
0.694384
0.691618
0.688861
0.686112
0.683372
0.680640
0.677917
0.675202
0.672495
0.669797
0.667107
0.664425
0.661751
0.659086
0.656429
0.653780
0.651139
0.648506
0.645882
0.643266
0.640657
0.638057
0.635465
0.632880
0.630304
0.627736
0.625175
0.622623
0.620079
0.617542
0.615013
0.612492
0.609979
0.607474
0.604976
0.602486
0.600004
0.597530
0.595063
0.592604
0.590153
0.587709
0.585273
0.582845
0.580424
0.578011
0.575605
0.573207
0.570816
0.568433
0.566058
0.563690
0.561329
0.558976
0.556630
0.554292
0.551961
0.549637
0.547320
0.545011
0.542709
0.540415
0.538127
0.535847
0.533574
0.531308
0.529049
0.526797
0.524553
0.522315
0.520084
0.517861
0.515645
0.513435
0.511233
0.509037
0.506849
0.504667
0.502492
0.500324
0.498164
0.496009
0.493862
0.491722
0.489588
0.487461
0.485341
0.483228
0.481121
0.479021
0.476928
0.474841
0.472761
0.470688
0.468621
0.466561
0.464507
0.462460
0.460420
0.458386
0.456358
0.454337
0.452323
0.450315
0.448313
0.446318
0.444330
0.442347
0.440371
0.438402
0.436438
0.434481
0.432531
0.430586
0.428648
0.426716
0.424791
0.422871
0.420958
0.419051
0.417150
0.415256
0.413367
0.411485
0.409609
0.407738
0.405874
0.404016
0.402164
0.400318
0.398478
0.396644
0.394816
0.392994
0.391178
0.389368
0.387563
0.385765
0.383972
0.382186
0.380405
0.378630
0.376861
0.375098
0.373340
0.371588
0.369842
0.368102
0.366368
0.364639
0.362916
0.361198
0.359487
0.357781
0.356080
0.354386
0.352697
0.351013
0.349335
0.347663
0.345997
0.344336
0.342680
0.341030
0.339385
0.337746
0.336113
0.334485
0.332862
0.331245
0.329633
0.328027
0.326426
0.324830
0.323240
0.321655
0.320075
0.318501
0.316932
0.315368
0.313809
0.312256
0.310708
0.309166
0.307628
0.306096
0.304569
0.303047
0.301530
0.300018
0.298512
0.297010
0.295514
0.294023
0.292537
0.291056
0.289580
0.288109
0.286643
0.285182
0.283727
0.282276
0.280830
0.279389
0.277953
0.276522
0.275096
0.273675
0.272259
0.270847
0.269441
0.268039
0.266643
0.265251
0.263864
0.262482
0.261104
0.259732
0.258364
0.257001
0.255643
0.254289
0.252940
0.251596
0.250257
0.248922
0.247592
0.246267
0.244947
0.243631
0.242319
0.241013
0.239711
0.238413
0.237120
0.235832
0.234548
0.233269
0.231995
0.230725
0.229459
0.228198
0.226942
0.225690
0.224443
0.223200
0.221961
0.220727
0.219498
0.218272
0.217052
0.215835
0.214623
0.213416
0.212213
0.211014
0.209820
0.208629
0.207444
0.206262
0.205085
0.203912
0.202744
0.201580
0.200420
0.199264
0.198113
0.196966
0.195823
0.194684
0.193549
0.192419
0.191293
0.190171
0.189053
0.187940
0.186830
0.185725
0.184624
0.183527
0.182434
0.181345
0.180261
0.179180
0.178104
0.177031
0.175963
0.174898
0.173838
0.172782
0.171729
0.170681
0.169637
0.168597
0.167560
0.166528
0.165500
0.164475
0.163455
0.162438
0.161426
0.160417
0.159412
0.158412
0.157415
0.156422
0.155432
0.154447
0.153466
0.152488
0.151514
0.150544
0.149578
0.148616
0.147657
0.146702
0.145751
0.144804
0.143861
0.142921
0.141985
0.141053
0.140124
0.139200
0.138279
0.137361
0.136448
0.135538
0.134632
0.133729
0.132830
0.131935
0.131044
0.130156
0.129272
0.128391
0.127514
0.126641
0.125771
0.124905
0.124042
0.123183
0.122327
0.121476
0.120627
0.119782
0.118941
0.118103
0.117269
0.116438
0.115611
0.114787
0.113967
0.113150
0.112337
0.111527
0.110720
0.109917
0.109118
0.108321
0.107529
0.106739
0.105953
0.105171
0.104392
0.103616
0.102844
0.102075
0.101309
0.100547
0.099788
0.099032
0.098280
0.097531
0.096785
0.096043
0.095303
0.094568
0.093835
0.093106
0.092380
0.091657
0.090937
0.090221
0.089508
0.088798
0.088092
0.087388
0.086688
0.085991
0.085297
0.084607
0.083919
0.083235
0.082554
0.081876
0.081201
0.080529
0.079861
0.079195
0.078533
0.077873
0.077217
0.076564
0.075914
0.075267
0.074623
0.073983
0.073345
0.072710
0.072078
0.071450
0.070824
0.070201
0.069582
0.068965
0.068351
0.067741
0.067133
0.066528
0.065927
0.065328
0.064732
0.064139
0.063549
0.062962
0.062378
0.061796
0.061218
0.060642
0.060070
0.059500
0.058933
0.058369
0.057808
0.057250
0.056694
0.056141
0.055592
0.055045
0.054500
0.053959
0.053420
0.052884
0.052351
0.051821
0.051293
0.050769
0.050247
0.049727
0.049211
0.048697
0.048186
0.047677
0.047171
0.046668
0.046168
0.045670
0.045175
0.044683
0.044193
0.043706
0.043221
0.042739
0.042260
0.041784
0.041310
0.040838
0.040369
0.039903
0.039439
0.038978
0.038520
0.038064
0.037610
0.037159
0.036711
0.036265
0.035821
0.035380
0.034942
0.034506
0.034072
0.033641
0.033213
0.032787
0.032363
0.031942
0.031523
0.031106
0.030692
0.030281
0.029871
0.029465
0.029060
0.028658
0.028258
0.027861
0.027466
0.027073
0.026683
0.026295
0.025909
0.025525
0.025144
0.024765
0.024388
0.024014
0.023642
0.023272
0.022904
0.022539
0.022176
0.021815
0.021456
0.021099
0.020745
0.020393
0.020043
0.019695
0.019349
0.019006
0.018664
0.018325
0.017988
0.017652
0.017319
0.016988
0.016660
0.016333
0.016008
0.015686
0.015365
0.015046
0.014730
0.014415
0.014103
0.013792
0.013484
0.013177
0.012873
0.012570
0.012270
0.011971
0.011674
0.011379
0.011086
0.010796
0.010506
0.010219
0.009934
0.009651
0.009369
0.009089
0.008812
0.008536
0.008262
0.007989
0.007719
0.007450
0.007183
0.006918
0.006655
0.006393
0.006133
0.005875
0.005619
0.005364
0.005112
0.004860
0.004611
0.004363
0.004117
0.003873
0.003630
0.003389
0.003150
0.002912
0.002676
0.002441
0.002209
0.001977
0.001748
0.001520
0.001293
0.001068
0.000845
0.000623
0.000403
0.000184
-0.000033
-0.000249
-0.000463
-0.000675
-0.000887
-0.001096
-0.001305
-0.001511
-0.001717
-0.001920
-0.002123
-0.002324
-0.002523
-0.002721
-0.002918
-0.003114
-0.003308
-0.003500
-0.003691
-0.003881
-0.004070
-0.004257
-0.004443
-0.004627
-0.004810
-0.004992
-0.005173
-0.005352
-0.005530
-0.005707
-0.005882
-0.006057
-0.006230
-0.006401
-0.006572
-0.006741
-0.006909
-0.007076
-0.007242
-0.007406
-0.007570
-0.007732
-0.007893
-0.008053
-0.008211
-0.008369
-0.008525
-0.008681
-0.008835
-0.008988
-0.009140
-0.009291
-0.009440
-0.009589
-0.009737
-0.009883
-0.010029
-0.010174
-0.010317
-0.010460
-0.010601
-0.010741
-0.010881
-0.011019
-0.011157
-0.011293
-0.011429
-0.011563
-0.011697
-0.011830
-0.011961
-0.012092
-0.012222
-0.012351
-0.012479
-0.012606
-0.012732
-0.012857
-0.012982
-0.013105
-0.013228
-0.013350
-0.013471
-0.013591
-0.013710
-0.013829
-0.013947
-0.014063
-0.014179
-0.014295
-0.014409
-0.014523
-0.014636
-0.014748
-0.014859
-0.014969
-0.015079
-0.015188
-0.015297
-0.015404
-0.015511
-0.015617
-0.015723
-0.015827
-0.015931
-0.016034
-0.016137
-0.016239
-0.016340
-0.016441
-0.016541
-0.016640
-0.016738
-0.016836
-0.016934
-0.017030
-0.017126
-0.017222
-0.017316
-0.017410
-0.017504
-0.017597
-0.017689
-0.017781
-0.017872
-0.017963
-0.018053
-0.018142
-0.018231
-0.018319
-0.018407
-0.018494
-0.018581
-0.018667
-0.018753
-0.018838
-0.018923
-0.019007
-0.019090
-0.019173
-0.019256
-0.019338
-0.019419
-0.019500
-0.019581
-0.019661
-0.019741
-0.019820
-0.019899
-0.019977
-0.020055
-0.020132
-0.020209
-0.020285
-0.020361
-0.020437
-0.020512
-0.020587
-0.020661
-0.020735
-0.020809
-0.020882
-0.020955
-0.021027
-0.021099
-0.021170
-0.021241
-0.021312
-0.021383
-0.021453
-0.021522
-0.021592
-0.021660
-0.021729
-0.021797
-0.021865
-0.021933
-0.022000
-0.022067
-0.022133
-0.022199
-0.022265
-0.022331
-0.022396
-0.022461
-0.022525
-0.022589
-0.022653
-0.022717
-0.022780
-0.022843
-0.022906
-0.022969
-0.023031
-0.023093
-0.023154
-0.023216
-0.023277
-0.023337
-0.023398
-0.023458
-0.023518
-0.023578
-0.023637
-0.023696
-0.023755
-0.023814
-0.023872
-0.023930
-0.023988
-0.024046
-0.024104
-0.024161
-0.024218
-0.024275
-0.024331
-0.024387
-0.024443
-0.024499
-0.024555
-0.024610
-0.024666
-0.024721
-0.024775
-0.024830
-0.024884
-0.024938
-0.024992
-0.025046
-0.025100
-0.025153
-0.025206
-0.025259
-0.025312
-0.025365
-0.025417
-0.025469
-0.025521
-0.025573
-0.025625
-0.025677
-0.025728
-0.025779
-0.025830
-0.025881
-0.025932
-0.025982
-0.026033
-0.026083
-0.026133
-0.026183
-0.026232
-0.026282
-0.026331
-0.026381
-0.026430
-0.026479
-0.026528
-0.026576
-0.026625
-0.026673
-0.026721
-0.026770
-0.026817
-0.026865
-0.026913
-0.026961
-0.027008
-0.027055
-0.027102
-0.027149
-0.027196
-0.027243
-0.027290
-0.027336
-0.027383
-0.027429
-0.027475
-0.027521
-0.027567
-0.027613
-0.027658
-0.027704
-0.027749
-0.027795
-0.027840
-0.027885
-0.027930
-0.027975
-0.028020
-0.028064
-0.028109
-0.028153
-0.028198
-0.028242
-0.028286
-0.028330
-0.028374
-0.028418
-0.028462
-0.028505
-0.028549
-0.028592
-0.028635
-0.028679
-0.028722
-0.028765
-0.028808
-0.028851
-0.028893
-0.028936
-0.028979
-0.029021
-0.029063
-0.029106
-0.029148
-0.029190
-0.029232
-0.029274
-0.029316
-0.029358
-0.029399
-0.029441
-0.029483
-0.029524
-0.029565
-0.029607
-0.029648
-0.029689
-0.029730
-0.029771
-0.029812
-0.029852
-0.029893
-0.029934
-0.029974
-0.030015
-0.030055
-0.030096
-0.030136
-0.030176
-0.030216
-0.030256
-0.030296
-0.030336
-0.030376
-0.030415
-0.030455
-0.030495
-0.030534
-0.030573
-0.030613
-0.030652
-0.030691
-0.030730
-0.030769
-0.030808
-0.030847
-0.030886
-0.030925
-0.030964
-0.031002
-0.031041
-0.031080
-0.031118
-0.031156
-0.031195
-0.031233
-0.031271
-0.031309
-0.031347
-0.031385
-0.031423
-0.031461
-0.031499
-0.031536
-0.031574
-0.031612
-0.031649
-0.031687
-0.031724
-0.031761
-0.031799
-0.031836
-0.031873
-0.031910
-0.031947
-0.031984
-0.032021
-0.032058
-0.032095
-0.032131
-0.032168
-0.032205
-0.032241
-0.032278
-0.032314
-0.032350
-0.032387
-0.032423
-0.032459
-0.032495
-0.032531
-0.032567
-0.032603
-0.032639
-0.032675
-0.032710
-0.032746
-0.032782
-0.032817
-0.032853
-0.032888
-0.032924
-0.032959
-0.032994
-0.033029
-0.033064
-0.033100
-0.033135
-0.033170
-0.033204
-0.033239
-0.033274
-0.033309
-0.033344
-0.033378
-0.033413
-0.033447
-0.033482
-0.033516
-0.033551
-0.033585
-0.033619
-0.033653
-0.033687
-0.033721
-0.033755
-0.033789
-0.033823
-0.033857
-0.033891
-0.033925
-0.033958
-0.033992
-0.034025
-0.034059
-0.034092
-0.034126
-0.034159
-0.034192
-0.034226
-0.034259
-0.034292
-0.034325
-0.034358
-0.034391
-0.034424
-0.034457
-0.034489
-0.034522
-0.034555
-0.034587
-0.034620
-0.034652
-0.034685
-0.034717
-0.034750
-0.034782
-0.034814
-0.034846
-0.034878
-0.034910
-0.034942
-0.034974
-0.035006
-0.035038
-0.035070
-0.035102
-0.035133
-0.035165
-0.035197
-0.035228
-0.035260
-0.035291
-0.035322
-0.035354
-0.035385
-0.035416
-0.035447
-0.035478
-0.035509
-0.035540
-0.035571
-0.035602
-0.035633
-0.035664
-0.035694
-0.035725
-0.035756
-0.035786
-0.035817
-0.035847
-0.035878
-0.035908
-0.035938
-0.035969
-0.035999
-0.036029
-0.036059
-0.036089
-0.036119
-0.036149
-0.036179
-0.036209
-0.036238
-0.036268
-0.036298
-0.036327
-0.036357
-0.036386
-0.036416
-0.036445
-0.036474
-0.036504
-0.036533
-0.036562
-0.036591
-0.036620
-0.036649
-0.036678
-0.036707
-0.036736
-0.036765
-0.036794
-0.036822
-0.036851
-0.036880
-0.036908
-0.036937
-0.036965
-0.036994
-0.037022
-0.037050
-0.037079
-0.037107
-0.037135
-0.037163
-0.037191
-0.037219
-0.037247
-0.037275
-0.037303
-0.037330
-0.037358
-0.037386
-0.037413
-0.037441
-0.037469
-0.037496
-0.037523
-0.037551
-0.037578
-0.037605
-0.037633
-0.037660
-0.037687
-0.037714
-0.037741
-0.037768
-0.037795
-0.037822
-0.037849
-0.037875
-0.037902
-0.037929
-0.037955
-0.037982
-0.038008
-0.038035
-0.038061
-0.038088
-0.038114
-0.038140
-0.038166
-0.038192
-0.038219
-0.038245
-0.038271
-0.038297
-0.038323
-0.038348
-0.038374
-0.038400
-0.038426
-0.038451
-0.038477
-0.038503
-0.038528
-0.038553
-0.038579
-0.038604
-0.038630
-0.038655
-0.038680
-0.038705
-0.038730
-0.038755
-0.038780
-0.038805
-0.038830
-0.038855
-0.038880
-0.038905
-0.038930
-0.038954
-0.038979
-0.039003
-0.039028
-0.039052
-0.039077
-0.039101
-0.039126
-0.039150
-0.039174
-0.039198
-0.039223
-0.039247
-0.039271
-0.039295
-0.039319
-0.039343
-0.039366
-0.039390
-0.039414
-0.039438
-0.039461
-0.039485
-0.039509
-0.039532
-0.039556
-0.039579
-0.039603
-0.039626
-0.039649
-0.039672
-0.039696
-0.039719
-0.039742
-0.039765
-0.039788
-0.039811
-0.039834
-0.039857
-0.039880
-0.039902
-0.039925
-0.039948
-0.039971
-0.039993
-0.040016
-0.040038
-0.040061
-0.040083
-0.040105
-0.040128
-0.040150
-0.040172
-0.040195
-0.040217
-0.040239
-0.040261
-0.040283
-0.040305
-0.040327
-0.040349
-0.040370
-0.040392
-0.040414
-0.040436
-0.040457
-0.040479
-0.040501
-0.040522
-0.040544
-0.040565
-0.040586
-0.040608
-0.040629
-0.040650
-0.040671
-0.040693
-0.040714
-0.040735
-0.040756
-0.040777
-0.040798
-0.040819
-0.040840
-0.040860
-0.040881
-0.040902
-0.040923
-0.040943
-0.040964
-0.040984
-0.041005
-0.041025
-0.041046
-0.041066
-0.041087
-0.041107
-0.041127
-0.041147
-0.041168
-0.041188
-0.041208
-0.041228
-0.041248
-0.041268
-0.041288
-0.041308
-0.041327
-0.041347
-0.041367
-0.041387
-0.041406
-0.041426
-0.041446
-0.041465
-0.041485
-0.041504
-0.041524
-0.041543
-0.041562
-0.041582
-0.041601
-0.041620
-0.041639
-0.041658
-0.041678
-0.041697
-0.041716
-0.041735
-0.041754
-0.041772
-0.041791
-0.041810
-0.041829
-0.041848
-0.041866
-0.041885
-0.041904
-0.041922
-0.041941
-0.041959
-0.041978
-0.041996
-0.042015
-0.042033
-0.042051
-0.042069
-0.042088
-0.042106
-0.042124
-0.042142
-0.042160
-0.042178
-0.042196
-0.042214
-0.042232
-0.042250
-0.042268
-0.042286
-0.042303
-0.042321
-0.042339
-0.042356
-0.042374
-0.042392
-0.042409
-0.042427
-0.042444
-0.042461
-0.042479
-0.042496
-0.042514
-0.042531
-0.042548
-0.042565
-0.042582
-0.042600
-0.042617
-0.042634
-0.042651
-0.042668
-0.042685
-0.042701
-0.042718
-0.042735
-0.042752
-0.042769
-0.042785
-0.042802
-0.042819
-0.042835
-0.042852
-0.042868
-0.042885
-0.042901
-0.042918
-0.042934
-0.042951
-0.042967
-0.042983
-0.043000
-0.043016
-0.043032
-0.043048
-0.043064
-0.043080
-0.043096
-0.043112
-0.043128
-0.043144
-0.043160
-0.043176
-0.043192
-0.043208
-0.043223
-0.043239
-0.043255
-0.043271
-0.043286
-0.043302
-0.043317
-0.043333
-0.043348
-0.043364
-0.043379
-0.043395
-0.043410
-0.043425
-0.043441
-0.043456
-0.043471
-0.043486
-0.043501
-0.043517
-0.043532
-0.043547
-0.043562
-0.043577
-0.043592
-0.043607
-0.043621
-0.043636
-0.043651
-0.043666
-0.043681
-0.043695
-0.043710
-0.043725
-0.043739
-0.043754
-0.043769
-0.043783
-0.043798
-0.043812
-0.043827
-0.043841
-0.043855
-0.043870
-0.043884
-0.043898
-0.043913
-0.043927
-0.043941
-0.043955
-0.043969
-0.043983
-0.043997
-0.044012
-0.044026
-0.044040
-0.044053
-0.044067
-0.044081
-0.044095
-0.044109
-0.044123
-0.044136
-0.044150
-0.044164
-0.044178
-0.044191
-0.044205
-0.044218
-0.044232
-0.044246
-0.044259
-0.044272
-0.044286
-0.044299
-0.044313
-0.044326
-0.044339
-0.044353
-0.044366
-0.044379
-0.044392
-0.044405
-0.044419
-0.044432
-0.044445
-0.044458
-0.044471
-0.044484
-0.044497
-0.044510
-0.044523
-0.044536
-0.044548
-0.044561
-0.044574
-0.044587
-0.044600
-0.044612
-0.044625
-0.044638
-0.044650
-0.044663
-0.044675
-0.044688
-0.044701
-0.044713
-0.044725
-0.044738
-0.044750
-0.044763
-0.044775
-0.044787
-0.044800
-0.044812
-0.044824
-0.044836
-0.044849
-0.044861
-0.044873
-0.044885
-0.044897
-0.044909
-0.044921
-0.044933
-0.044945
-0.044957
-0.044969
-0.044981
-0.044993
-0.045005
-0.045016
-0.045028
-0.045040
-0.045052
-0.045064
-0.045075
-0.045087
-0.045099
-0.045110
-0.045122
-0.045133
-0.045145
-0.045156
-0.045168
-0.045179

