0.000000
0.000000
-0.000026
-0.000052
-0.000077
-0.000103
-0.000128
-0.000153
-0.000177
-0.000201
-0.000224
-0.000247
-0.000270
-0.000293
-0.000315
-0.000337
-0.000359
-0.000380
-0.000402
-0.000423
-0.000444
-0.000465
-0.000485
-0.000506
-0.000526
-0.000547
-0.000567
-0.000587
-0.000607
-0.000627
-0.000647
-0.000667
-0.000687
-0.000707
-0.000726
-0.000746
-0.000766
-0.000785
-0.000805
-0.000824
-0.000844
-0.000863
-0.000883
-0.000902
-0.000922
-0.000941
-0.000961
-0.000980
-0.001000
-0.001019
-0.001038
-0.001058
-0.001077
-0.001097
-0.001116
-0.001135
-0.001155
-0.001174
-0.001194
-0.001213
-0.001233
-0.001252
-0.001271
-0.001291
-0.001310
-0.001330
-0.001349
-0.001369
-0.001388
-0.001408
-0.001428
-0.001447
-0.001467
-0.001486
-0.001506
-0.001525
-0.001545
-0.001565
-0.001584
-0.001604
-0.001624
-0.001644
-0.001663
-0.001683
-0.001703
-0.001723
-0.001743
-0.001762
-0.001782
-0.001802
-0.001822
-0.001842
-0.001862
-0.001882
-0.001902
-0.001922
-0.001942
-0.001962
-0.001982
-0.002002
-0.002022
-0.002042
-0.002063
-0.002083
-0.002103
-0.002123
-0.002143
-0.002164
-0.002184
-0.002204
-0.002225
-0.002245
-0.002265
-0.002286
-0.002306
-0.002326
-0.002347
-0.002367
-0.002388
-0.002408
-0.002429
-0.002449
-0.002470
-0.002491
-0.002511
-0.002532
-0.002553
-0.002573
-0.002594
-0.002615
-0.002635
-0.002656
-0.002677
-0.002698
-0.002719
-0.002739
-0.002760
-0.002781
-0.002802
-0.002823
-0.002844
-0.002865
-0.002886
-0.002907
-0.002928
-0.002949
-0.002970
-0.002991
-0.003012
-0.003033
-0.003054
-0.003075
-0.003097
-0.003118
-0.003139
-0.003160
-0.003181
-0.003203
-0.003224
-0.003245
-0.003266
-0.003288
-0.003309
-0.003330
-0.003352
-0.003373
-0.003395
-0.003416
-0.003437
-0.003459
-0.003480
-0.003502
-0.003523
-0.003545
-0.003566
-0.003588
-0.003610
-0.003631
-0.003653
-0.003674
-0.003696
-0.003718
-0.003739
-0.003761
-0.003783
-0.003804
-0.003826
-0.003848
-0.003869
-0.003891
-0.003913
-0.003935
-0.003956
-0.003978
-0.004000
-0.004022
-0.004044
-0.004066
-0.004088
-0.004109
-0.004131
-0.004153
-0.004175
-0.004197
-0.004219
-0.004241
-0.004263
-0.004285
-0.004307
-0.004329
-0.004351
-0.004373
-0.004395
-0.004417
-0.004439
-0.004461
-0.004483
-0.004505
-0.004527
-0.004550
-0.004572
-0.004594
-0.004616
-0.004638
-0.004660
-0.004683
-0.004705
-0.004727
-0.004749
-0.004771
-0.004794
-0.004816
-0.004838
-0.004860
-0.004883
-0.004905
-0.004927
-0.004949
-0.004972
-0.004994
-0.005016
-0.005039
-0.005061
-0.005083
-0.005106
-0.005128
-0.005150
-0.005173
-0.005195
-0.005218
-0.005240
-0.005262
-0.005285
-0.005307
-0.005330
-0.005352
-0.005375
-0.005397
-0.005419
-0.005442
-0.005464
-0.005487
-0.005509
-0.005532
-0.005554
-0.005577
-0.005599
-0.005622
-0.005644
-0.005667
-0.005690
-0.005712
-0.005735
-0.005757
-0.005780
-0.005802
-0.005825
-0.005847
-0.005870
-0.005893
-0.005915
-0.005938
-0.005960
-0.005983
-0.006006
-0.006028
-0.006051
-0.006073
-0.006096
-0.006119
-0.006141
-0.006164
-0.006187
-0.006209
-0.006232
-0.006255
-0.006277
-0.006300
-0.006323
-0.006345
-0.006368
-0.006391
-0.006413
-0.006436
-0.006459
-0.006482
-0.006504
-0.006527
-0.006550
-0.006572
-0.006595
-0.006618
-0.006641
-0.006663
-0.006686
-0.006709
-0.006731
-0.006754
-0.006777
-0.006800
-0.006822
-0.006845
-0.006868
-0.006891
-0.006913
-0.006936
-0.006959
-0.006982
-0.007004
-0.007027
-0.007050
-0.007073
-0.007095
-0.007118
-0.007141
-0.007164
-0.007187
-0.007209
-0.007232
-0.007255
-0.007278
-0.007300
-0.007323
-0.007346
-0.007369
-0.007392
-0.007414
-0.007437
-0.007460
-0.007483
-0.007505
-0.007528
-0.007551
-0.007574
-0.007597
-0.007619
-0.007642
-0.007665
-0.007688
-0.007711
-0.007733
-0.007756
-0.007779
-0.007802
-0.007825
-0.007847
-0.007870
-0.007893
-0.007916
-0.007939
-0.007961
-0.007984
-0.008007
-0.008030
-0.008052
-0.008075
-0.008098
-0.008121
-0.008144
-0.008166
-0.008189
-0.008212
-0.008235
-0.008258
-0.008280
-0.008303
-0.008326
-0.008349
-0.008371
-0.008394
-0.008417
-0.008440
-0.008462
-0.008485
-0.008508
-0.008531
-0.008554
-0.008576
-0.008599
-0.008622
-0.008645
-0.008667
-0.008690
-0.008713
-0.008736
-0.008758
-0.008781
-0.008804
-0.008827
-0.008849
-0.008872
-0.008895
-0.008917
-0.008940
-0.008963
-0.008986
-0.009008
-0.009031
-0.009054
-0.009077
-0.009099
-0.009122
-0.009145
-0.009167
-0.009190
-0.009213
-0.009235
-0.009258
-0.009281
-0.009304
-0.009326
-0.009349
-0.009372
-0.009394
-0.009417
-0.009440
-0.009462
-0.009485
-0.009508
-0.009530
-0.009553
-0.009576
-0.009598
-0.009621
-0.009643
-0.009666
-0.009689
-0.009711
-0.009734
-0.009757
-0.009779
-0.009802
-0.009824
-0.009847
-0.009870
-0.009892
-0.009915
-0.009937
-0.009960
-0.009983
-0.010005
-0.010028
-0.010050
-0.010073
-0.010095
-0.010118
-0.010141
-0.010163
-0.010186
-0.010208
-0.010231
-0.010253
-0.010276
-0.010298
-0.010321
-0.010343
-0.010366
-0.010388
-0.010411
-0.010433
-0.010456
-0.010478
-0.010501
-0.010523
-0.010546
-0.010568
-0.010591
-0.010613
-0.010636
-0.010658
-0.010680
-0.010703
-0.010725
-0.010748
-0.010770
-0.010793
-0.010815
-0.010837
-0.010860
-0.010882
-0.010905
-0.010927
-0.010949
-0.010972
-0.010994
-0.011017
-0.011039
-0.011061
-0.011084
-0.011106
-0.011128
-0.011151
-0.011173
-0.011195
-0.011218
-0.011240
-0.011262
-0.011285
-0.011307
-0.011329
-0.011351
-0.011374
-0.011396
-0.011418
-0.011440
-0.011463
-0.011485
-0.011507
-0.011529
-0.011552
-0.011574
-0.011596
-0.011618
-0.011641
-0.011663
-0.011685
-0.011707
-0.011729
-0.011752
-0.011774
-0.011796
-0.011818
-0.011840
-0.011862
-0.011884
-0.011907
-0.011929
-0.011951
-0.011973
-0.011995
-0.012017
-0.012039
-0.012061
-0.012083
-0.012106
-0.012128
-0.012150
-0.012172
-0.012194
-0.012216
-0.012238
-0.012260
-0.012282
-0.012304
-0.012326
-0.012348
-0.012370
-0.012392
-0.012414
-0.012436
-0.012458
-0.012480
-0.012502
-0.012524
-0.012546
-0.012568
-0.012590
-0.012612
-0.012634
-0.012655
-0.012677
-0.012699
-0.012721
-0.012743
-0.012765
-0.012787
-0.012809
-0.012831
-0.012852
-0.012874
-0.012896
-0.012918
-0.012940
-0.012962
-0.012983
-0.013005
-0.013027
-0.013049
-0.013070
-0.013092
-0.013114
-0.013136
-0.013158
-0.013179
-0.013201
-0.013223
-0.013244
-0.013266
-0.013288
-0.013310
-0.013331
-0.013353
-0.013375
-0.013396
-0.013418
-0.013440
-0.013461
-0.013483
-0.013505
-0.013526
-0.013548
-0.013569
-0.013591
-0.013613
-0.013634
-0.013656
-0.013677
-0.013699
-0.013721
-0.013742
-0.013764
-0.013785
-0.013807
-0.013828
-0.013850
-0.013871
-0.013893
-0.013914
-0.013936
-0.013957
-0.013979
-0.014000
-0.014022
-0.014043
-0.014065
-0.014086
-0.014107
-0.014129
-0.014150
-0.014172
-0.014193
-0.014214
-0.014236
-0.014257
-0.014278
-0.014300
-0.014321
-0.014343
-0.014364
-0.014385
-0.014406
-0.014428
-0.014449
-0.014470
-0.014492
-0.014513
-0.014534
-0.014555
-0.014577
-0.014598
-0.014619
-0.014640
-0.014662
-0.014683
-0.014704
-0.014725
-0.014746
-0.014768
-0.014789
-0.014810
-0.014831
-0.014852
-0.014873
-0.014894
-0.014916
-0.014937
-0.014958
-0.014979
-0.015000
-0.015021
-0.015042
-0.015063
-0.015084
-0.015105
-0.015126
-0.015147
-0.015168
-0.015189
-0.015210
-0.015231
-0.015252
-0.015273
-0.015294
-0.015315
-0.015336
-0.015357
-0.015378
-0.015399
-0.015420
-0.015441
-0.015462
-0.015483
-0.015504
-0.015524
-0.015545
-0.015566
-0.015587
-0.015608
-0.015629
-0.015650
-0.015670
-0.015691
-0.015712
-0.015733
-0.015754
-0.015774
-0.015795
-0.015816
-0.015837
-0.015857
-0.015878
-0.015899
-0.015920
-0.015940
-0.015961
-0.015982
-0.016002
-0.016023
-0.016044
-0.016064
-0.016085
-0.016106
-0.016126
-0.016147
-0.016168
-0.016188
-0.016209
-0.016229
-0.016250
-0.016271
-0.016291
-0.016312
-0.016332
-0.016353
-0.016373
-0.016394
-0.016414
-0.016435
-0.016455
-0.016476
-0.016496
-0.016517
-0.016537
-0.016558
-0.016578
-0.016599
-0.016619
-0.016639
-0.016660
-0.016680
-0.016701
-0.016721
-0.016741
-0.016762
-0.016782
-0.016802
-0.016823
-0.016843
-0.016863
-0.016884
-0.016904
-0.016924
-0.016945
-0.016965
-0.016985
-0.017005
-0.017026
-0.017046
-0.017066
-0.017086
-0.017107
-0.017127
-0.017147
-0.017167
-0.017187
-0.017207
-0.017228
-0.017248
-0.017268
-0.017288
-0.017308
-0.017328
-0.017348
-0.017369
-0.017389
-0.017409
-0.017429
-0.017449
-0.017469
-0.017489
-0.017509
-0.017529
-0.017549
-0.017569
-0.017589
-0.017609
-0.017629
-0.017649
-0.017669
-0.017689
-0.017709
-0.017729
-0.017749
-0.017769
-0.017789
-0.017808
-0.017828
-0.017848
-0.017868
-0.017888
-0.017908
-0.017928
-0.017948
-0.017967
-0.017987
-0.018007
-0.018027
-0.018047
-0.018066
-0.018086
-0.018106
-0.018126
-0.018145
-0.018165
-0.018185
-0.018205
-0.018224
-0.018244
-0.018264
-0.018284
-0.018303
-0.018323
-0.018343
-0.018362
-0.018382
-0.018401
-0.018421
-0.018441
-0.018460
-0.018480
-0.018500
-0.018519
-0.018539
-0.018558
-0.018578
-0.018597
-0.018617
-0.018636
-0.018656
-0.018675
-0.018695
-0.018714
-0.018734
-0.018753
-0.018773
-0.018792
-0.018812
-0.018831
-0.018851
-0.018870
-0.018889
-0.018909
-0.018928
-0.018948
-0.018967
-0.018986
-0.019006
-0.019025
-0.019044
-0.019064
-0.019083
-0.019102
-0.019122
-0.019141
-0.019160
-0.019179
-0.019199
-0.019218
-0.019237
-0.019256
-0.019276
-0.019295
-0.019314
-0.019333
-0.019353
-0.019372
-0.019391
-0.019410
-0.019429
-0.019448
-0.019468
-0.019487
-0.019506
-0.019525
-0.019544
-0.019563
-0.019582
-0.019601
-0.019620
-0.019639
-0.019658
-0.019677
-0.019696
-0.019715
-0.019734
-0.019753
-0.019772
-0.019791
-0.019810
-0.019829
-0.019848
-0.019867
-0.019886
-0.019905
-0.019924
-0.019943
-0.019962
-0.019981
-0.020000
-0.020019
-0.020037
-0.020056
-0.020075
-0.020094
-0.020113
-0.020132
-0.020150
-0.020169
-0.020188
-0.020207
-0.020226
-0.020244
-0.020263
-0.020282
-0.020301
-0.020319
-0.020338
-0.020357
-0.020375
-0.020394
-0.020413
-0.020432
-0.020450
-0.020469
-0.020488
-0.020506
-0.020525
-0.020543
-0.020562
-0.020581
-0.020599
-0.020618
-0.020636
-0.020655
-0.020674
-0.020692
-0.020711
-0.020729
-0.020748
-0.020766
-0.020785
-0.020803
-0.020822
-0.020840
-0.020859
-0.020877
-0.020895
-0.020914
-0.020932
-0.020951
-0.020969
-0.020988
-0.021006
-0.021024
-0.021043
-0.021061
-0.021079
-0.021098
-0.021116
-0.021135
-0.021153
-0.021171
-0.021189
-0.021208
-0.021226
-0.021244
-0.021263
-0.021281
-0.021299
-0.021317
-0.021336
-0.021354
-0.021372
-0.021390
-0.021408
-0.021427
-0.021445
-0.021463
-0.021481
-0.021499
-0.021517
-0.021536
-0.021554
-0.021572
-0.021590
-0.021608
-0.021626
-0.021644
-0.021662
-0.021680
-0.021698
-0.021716
-0.021734
-0.021752
-0.021770
-0.021788
-0.021806
-0.021824
-0.021842
-0.021860
-0.021878
-0.021896
-0.021914
-0.021932
-0.021950
-0.021968
-0.021986
-0.022004
-0.022022
-0.022040
-0.022058
-0.022075
-0.022093
-0.022111
-0.022129
-0.022147
-0.022165
-0.022182
-0.022200
-0.022218
-0.022236
-0.022254
-0.022271
-0.022289
-0.022307
-0.022325
-0.022342
-0.022360
-0.022378
-0.022395
-0.022413
-0.022431
-0.022448
-0.022466
-0.022484
-0.022501
-0.022519
-0.022537
-0.022554
-0.022572
-0.022590
-0.022607
-0.022625
-0.022642
-0.022660
-0.022677
-0.022695
-0.022713
-0.022730
-0.022748
-0.022765
-0.022783
-0.022800
-0.022818
-0.022835
-0.022853
-0.022870
-0.022887
-0.022905
-0.022922
-0.022940
-0.022957
-0.022975
-0.022992
-0.023009
-0.023027
-0.023044
-0.023062
-0.023079
-0.023096
-0.023114
-0.023131
-0.023148
-0.023166
-0.023183
-0.023200
-0.023217
-0.023235
-0.023252
-0.023269
-0.023286
-0.023304
-0.023321
-0.023338
-0.023355
-0.023373
-0.023390
-0.023407
-0.023424
-0.023441
-0.023458
-0.023476
-0.023493
-0.023510
-0.023527
-0.023544
-0.023561
-0.023578
-0.023595
-0.023613
-0.023630
-0.023647
-0.023664
-0.023681
-0.023698
-0.023715
-0.023732
-0.023749
-0.023766
-0.023783
-0.023800
-0.023817
-0.023834
-0.023851
-0.023868
-0.023885
-0.023902
-0.023919
-0.023935
-0.023952
-0.023969
-0.023986
-0.024003
-0.024020
-0.024037
-0.024054
-0.024070
-0.024087
-0.024104
-0.024121
-0.024138
-0.024155
-0.024171
-0.024188
-0.024205
-0.024222
-0.024238
-0.024255
-0.024272
-0.024289
-0.024305
-0.024322
-0.024339
-0.024356
-0.024372
-0.024389
-0.024406
-0.024422
-0.024439
-0.024456
-0.024472
-0.024489
-0.024505
-0.024522
-0.024539
-0.024555
-0.024572
-0.024588
-0.024605
-0.024622
-0.024638
-0.024655
-0.024671
-0.024688
-0.024704
-0.024721
-0.024737
-0.024754
-0.024770
-0.024787
-0.024803
-0.024820
-0.024836
-0.024852
-0.024869
-0.024885
-0.024902
-0.024918
-0.024935
-0.024951
-0.024967
-0.024984
-0.025000
-0.025016
-0.025033
-0.025049
-0.025065
-0.025082
-0.025098
-0.025114
-0.025131
-0.025147
-0.025163
-0.025179
-0.025196
-0.025212
-0.025228
-0.025244
-0.025261
-0.025277
-0.025293
-0.025309
-0.025326
-0.025342
-0.025358
-0.025374
-0.025390
-0.025406
-0.025423
-0.025439
-0.025455
-0.025471
-0.025487
-0.025503
-0.025519
-0.025535
-0.025551
-0.025567
-0.025583
-0.025600
-0.025616
-0.025632
-0.025648
-0.025664
-0.025680
-0.025696
-0.025712
-0.025728
-0.025744
-0.025760
-0.025775
-0.025791
-0.025807
-0.025823
-0.025839
-0.025855
-0.025871
-0.025887
-0.025903
-0.025919
-0.025935
-0.025950
-0.025966
-0.025982
-0.025998
-0.026014
-0.026030
-0.026045
-0.026061
-0.026077
-0.026093
-0.026109
-0.026124
-0.026140
-0.026156
-0.026172
-0.026187
-0.026203
-0.026219
-0.026235
-0.026250
-0.026266
-0.026282
-0.026297
-0.026313
-0.026329
-0.026344
-0.026360
-0.026376
-0.026391
-0.026407
-0.026422
-0.026438
-0.026454
-0.026469
-0.026485
-0.026500
-0.026516
-0.026532
-0.026547
-0.026563
-0.026578
-0.026594
-0.026609
-0.026625
-0.026640
-0.026656
-0.026671
-0.026687
-0.026702
-0.026718
-0.026733
-0.026748
-0.026764
-0.026779
-0.026795
-0.026810
-0.026825
-0.026841
-0.026856
-0.026872
-0.026887
-0.026902
-0.026918
-0.026933
-0.026948
-0.026964
-0.026979
-0.026994
-0.027010
-0.027025
-0.027040
-0.027055
-0.027071
-0.027086
-0.027101
-0.027116
-0.027132
-0.027147
-0.027162
-0.027177
-0.027193
-0.027208
-0.027223
-0.027238
-0.027253
-0.027268
-0.027284
-0.027299
-0.027314
-0.027329
-0.027344
-0.027359
-0.027374
-0.027389
-0.027405
-0.027420
-0.027435
-0.027450
-0.027465
-0.027480
-0.027495
-0.027510
-0.027525
-0.027540
-0.027555
-0.027570
-0.027585
-0.027600
-0.027615
-0.027630
-0.027645
-0.027660
-0.027675
-0.027690
-0.027705
-0.027720
-0.027734
-0.027749
-0.027764
-0.027779
-0.027794
-0.027809
-0.027824
-0.027839
-0.027853
-0.027868
-0.027883
-0.027898
-0.027913
-0.027928
-0.027942
-0.027957
-0.027972
-0.027987
-0.028001
-0.028016
-0.028031
-0.028046
-0.028060
-0.028075
-0.028090
-0.028105
-0.028119
-0.028134
-0.028149
-0.028163
-0.028178
-0.028193
-0.028207
-0.028222
-0.028237
-0.028251
-0.028266
-0.028281
-0.028295
-0.028310
-0.028324
-0.028339
-0.028353
-0.028368
-0.028383
-0.028397
-0.028412
-0.028426
-0.028441
-0.028455
-0.028470
-0.028484
-0.028499
-0.028513
-0.028528
-0.028542
-0.028557
-0.028571
-0.028586
-0.028600
-0.028614
-0.028629
-0.028643
-0.028658
-0.028672
-0.028687
-0.028701
-0.028715
-0.028730
-0.028744
-0.028758
-0.028773
-0.028787
-0.028801
-0.028816
-0.028830
-0.028844
-0.028859
-0.028873
-0.028887
-0.028902
-0.028916
-0.028930
-0.028944
-0.028959
-0.028973
-0.028987
-0.029001
-0.029015
-0.029030
-0.029044
-0.029058
-0.029072
-0.029086
-0.029101
-0.029115
-0.029129
-0.029143
-0.029157
-0.029171
-0.029185
-0.029200
-0.029214
-0.029228
-0.029242
-0.029256
-0.029270
-0.029284
-0.029298
-0.029312
-0.029326
-0.029340
-0.029354
-0.029368
-0.029382
-0.029396
-0.029410
-0.029424
-0.029438
-0.029452
-0.029466
-0.029480
-0.029494
-0.029508
-0.029522
-0.029536
-0.029550
-0.029564
-0.029578
-0.029592
-0.029606
-0.029620
-0.029633
-0.029647
-0.029661
-0.029675
-0.029689
-0.029703
-0.029717
-0.029730
-0.029744
-0.029758
-0.029772
-0.029786
-0.029799
-0.029813
-0.029827
-0.029841
-0.029854
-0.029868
-0.029882
-0.029896
-0.029909
-0.029923
-0.029937
-0.029951
-0.029964
-0.029978
-0.029992
-0.030005
-0.030019
-0.030033
-0.030046
-0.030060
-0.030074
-0.030087
-0.030101
-0.030114
-0.030128
-0.030142
-0.030155
-0.030169
-0.030182
-0.030196
-0.030209
-0.030223
-0.030237
-0.030250
-0.030264
-0.030277
-0.030291
-0.030304
-0.030318
-0.030331
-0.030345
-0.030358
-0.030372
-0.030385
-0.030399
-0.030412
-0.030425
-0.030439
-0.030452
-0.030466
-0.030479
-0.030493
-0.030506
-0.030519
-0.030533
-0.030546
-0.030559
-0.030573
-0.030586
-0.030600
-0.030613
-0.030626
-0.030640
-0.030653
-0.030666
-0.030679
-0.030693
-0.030706
-0.030719
-0.030733
-0.030746
-0.030759
-0.030772
-0.030786
-0.030799
-0.030812
-0.030825
-0.030839
-0.030852
-0.030865
-0.030878
-0.030891
-0.030905
-0.030918
-0.030931
-0.030944
-0.030957
-0.030970
-0.030983
-0.030997
-0.031010
-0.031023
-0.031036
-0.031049
-0.031062
-0.031075
-0.031088
-0.031101
-0.031114
-0.031127
-0.031140
-0.031154
-0.031167
-0.031180
-0.031193
-0.031206
-0.031219
-0.031232
-0.031245
-0.031258
-0.031271
-0.031284
-0.031296
-0.031309
-0.031322
-0.031335
-0.031348
-0.031361
-0.031374
-0.031387
-0.031400
-0.031413
-0.031426
-0.031439
-0.031451
-0.031464
-0.031477
-0.031490
-0.031503
-0.031516
-0.031529
-0.031541
-0.031554
-0.031567
-0.031580
-0.031593
-0.031605
-0.031618
-0.031631
-0.031644
-0.031656
-0.031669
-0.031682
-0.031695
-0.031707
-0.031720
-0.031733
-0.031746
-0.031758
-0.031771
-0.031784
-0.031796
-0.031809
-0.031822
-0.031834
-0.031847
-0.031860
-0.031872
-0.031885
-0.031898
-0.031910
-0.031923
-0.031935
-0.031948
-0.031961
-0.031973
-0.031986
-0.031998
-0.032011
-0.032023
-0.032036
-0.032049
-0.032061
-0.032074
-0.032086
-0.032099
-0.032111
-0.032124
-0.032136
-0.032149
-0.032161
-0.032174
-0.032186
-0.032199
-0.032211
-0.032223
-0.032236
-0.032248
-0.032261
-0.032273
-0.032286
-0.032298
-0.032310
-0.032323
-0.032335
-0.032347
-0.032360
-0.032372
-0.032385
-0.032397
-0.032409
-0.032422
-0.032434
-0.032446
-0.032459
-0.032471
-0.032483
-0.032495
-0.032508
-0.032520
-0.032532
-0.032545
-0.032557
-0.032569
-0.032581
-0.032594
-0.032606
-0.032618
-0.032630
-0.032642
-0.032655
-0.032667
-0.032679
-0.032691
-0.032703
-0.032716
-0.032728
-0.032740
-0.032752
-0.032764
-0.032776
-0.032788
-0.032800
-0.032813
-0.032825
-0.032837
-0.032849
-0.032861
-0.032873
-0.032885
-0.032897
-0.032909
-0.032921
-0.032933
-0.032945
-0.032957
-0.032969
-0.032981
-0.032993
-0.033005
-0.033017
-0.033029
-0.033041
-0.033053
-0.033065
-0.033077
-0.033089
-0.033101
-0.033113
-0.033125
-0.033137
-0.033149
-0.033161
-0.033173
-0.033185
-0.033197
-0.033209
-0.033220
-0.033232
-0.033244
-0.033256
-0.033268
-0.033280
-0.033292
-0.033303
-0.033315
-0.033327
-0.033339
-0.033351
-0.033362
-0.033374
-0.033386
-0.033398
-0.033410
-0.033421
-0.033433
-0.033445
-0.033457
-0.033468
-0.033480
-0.033492
-0.033504
-0.033515
-0.033527
-0.033539
-0.033550
-0.033562
-0.033574
-0.033585
-0.033597
-0.033609
-0.033620
-0.033632
-0.033644
-0.033655
-0.033667
-0.033679
-0.033690
-0.033702
-0.033713
-0.033725
-0.033737
-0.033748
-0.033760
-0.033771
-0.033783
-0.033795
-0.033806
-0.033818
-0.033829
-0.033841
-0.033852
-0.033864
-0.033875
-0.033887
-0.033898
-0.033910
-0.033921
-0.033933
-0.033944
-0.033956
-0.033967
-0.033979
-0.033990
-0.034001
-0.034013
-0.034024
-0.034036
-0.034047
-0.034059
-0.034070
-0.034081
-0.034093
-0.034104
-0.034116
-0.034127
-0.034138
-0.034150
-0.034161
-0.034172
-0.034184
-0.034195
-0.034206
-0.034218
-0.034229
-0.034240
-0.034252
-0.034263
-0.034274
-0.034285
-0.034297
-0.034308
-0.034319
-0.034330
-0.034342
-0.034353
-0.034364
-0.034375
-0.034387
-0.034398
-0.034409
-0.034420
-0.034431
-0.034443
-0.034454
-0.034465
-0.034476
-0.034487
-0.034498
-0.034510
-0.034521
-0.034532
-0.034543
-0.034554
-0.034565
-0.034576
-0.034588
-0.034599
-0.034610
-0.034621
-0.034632
-0.034643
-0.034654
-0.034665
-0.034676
-0.034687
-0.034698
-0.034709
-0.034720
-0.034731
-0.034742
-0.034753
-0.034764
-0.034775
-0.034786
-0.034797
-0.034808
-0.034819
-0.034830
-0.034841
-0.034852
-0.034863
-0.034874
-0.034885
-0.034896
-0.034907
-0.034918
-0.034929
-0.034940
-0.034950
-0.034961
-0.034972
-0.034983
-0.034994
-0.035005
-0.035016
-0.035027
-0.035037
-0.035048
-0.035059
-0.035070
-0.035081
-0.035092
-0.035102
-0.035113
-0.035124
-0.035135
-0.035146
-0.035156
-0.035167
-0.035178
-0.035189
-0.035199
-0.035210
-0.035221
-0.035232
-0.035242
-0.035253
-0.035264
-0.035275
-0.035285
-0.035296
-0.035307
-0.035317
-0.035328
-0.035339
-0.035349
-0.035360
-0.035371
-0.035381
-0.035392
0.615164
2.150610
4.620060
7.540506
10.195912
12.294030
13.718531
14.748874
15.517192
16.100072
16.537773
16.857423
17.077571
17.211432
17.276373
17.284144
17.243981
17.163617
17.049808
16.908578
16.745154
16.564190
16.369513
16.164365
15.951359
15.732610
15.509820
15.284356
15.057322
14.829613
14.601986
14.374999
14.149156
13.924870
13.702493
13.482349
13.264658
13.049643
12.837492
12.628360
12.422376
12.219640
12.020206
11.824141
11.631488
11.442293
11.256553
11.074240
10.895372
10.719919
10.547816
10.379073
10.213670
10.051545
9.892659
9.736964
9.584440
9.435055
9.288724
9.145431
9.005126
8.867746
8.733253
8.601616
8.472767
8.346680
8.223298
8.102553
7.984428
7.868858
7.755800
7.645206
7.537032
7.431229
7.327755
7.226559
7.127601
7.030821
6.936202
6.843672
6.753211
6.664747
6.578259
6.493706
6.411032
6.330216
6.251193
6.173932
6.098414
6.024570
5.952380
5.881809
5.812803
5.745339
5.679386
5.614894
5.551833
5.490185
5.429899
5.370940
5.956028
7.427596
9.857606
12.826893
15.637839
18.001959
19.835557
21.474745
23.204740
25.440199
29.011676
35.000400
41.673395
46.473788
49.491209
51.237986
52.137726
53.016977
54.141516
55.304621
56.055382
56.214415
55.778529
54.779744
53.293146
51.424407
49.279325
46.950575
44.522025
42.069455
39.655141
37.330585
35.144252
33.139387
31.345155
29.770670
28.406158
27.226506
26.203320
25.312758
24.537140
23.862307
23.276576
22.770200
22.334649
21.961538
21.642979
21.371667
21.140531
20.943126
20.773704
20.627106
20.498892
20.385192
20.282728
20.188718
20.100799
20.016993
19.935623
19.855357
19.775053
19.693846
19.611007
19.526036
19.438518
19.348231
19.254996
19.158804
19.059684
18.957702
18.853069
18.745898
18.636497
18.525013
18.411789
18.296985
18.180953
18.063834
17.945980
17.827574
17.708768
17.589839
17.470923
17.352183
17.233772
17.115858
16.998476
16.881828
16.765905
16.650897
16.536795
16.423696
16.311622
16.200648
16.090779
15.982075
15.874532
15.768198
15.663058
15.559151
15.456457
15.355009
15.254750
15.155778
15.057993
14.961479
14.866153
14.772077
14.679186
14.587475
14.496990
14.407667
14.319574
14.232627
14.146850
14.062225
13.978726
13.896409
13.815194
13.735077
13.656087
13.578168
13.501333
13.425557
13.350813
13.277114
13.204425
13.132721
13.062012
12.992261
12.923442
12.855562
12.788585
12.722485
12.657263
12.592890
12.529337
12.466589
12.404635
12.343457
12.283028
12.223350
12.164391
12.106114
12.048526
11.991624
11.935374
11.879756
11.824757
11.770370
11.716579
11.663362
11.610709
11.558614
11.507061
11.456019
11.405495
11.355495
11.305984
11.256942
11.208372
11.160275
11.112620
11.065408
11.018624
10.972262
10.926320
10.880771
10.835624
10.790862
10.746481
10.702479
10.658830
10.615544
10.572607
10.530013
10.487764
10.445834
10.404232
10.362946
10.321972
10.281310
10.240941
10.200868
10.161075
10.121569
10.082356
10.043410
10.004724
9.966308
9.928149
9.890248
9.852603
9.815199
9.778038
9.741108
9.704415
9.667955
9.631729
9.595720
9.559931
9.524352
9.488988
9.453836
9.418898
9.384158
9.349610
9.315265
9.281113
9.247154
9.213391
9.179810
9.146408
9.113188
9.080141
9.047273
9.014589
8.982075
8.949726
8.917538
8.885518
8.853655
8.821957
8.790429
8.759055
8.727832
8.696756
8.665834
8.635062
8.604433
8.573964
8.543636
8.513448
8.483395
8.453484
8.423707
8.394069
8.364577
8.335217
8.305986
8.276883
8.247909
8.219061
8.190341
8.161750
8.133290
8.104952
8.076733
8.048630
8.020650
7.992784
7.965039
7.937415
7.909912
7.882522
7.855243
7.828072
7.801014
7.774064
7.747227
7.720502
7.693892
7.667387
7.640986
7.614686
7.588493
7.562400
7.536413
7.510531
7.484757
7.459083
7.433507
7.408027
7.382642
7.357358
7.332168
7.307079
7.282094
7.257204
7.232408
7.207703
7.183089
7.158564
7.134135
7.109798
7.085551
7.061404
7.037347
7.013378
6.989495
6.965698
6.941986
6.918364
6.894828
6.871378
6.848023
6.824754
6.801568
6.778464
6.755442
6.732501
6.709644
6.686867
6.664175
6.641567
6.619045
6.596604
6.574241
6.551957
6.529749
6.507618
6.485568
6.463593
6.441699
6.419889
6.398157
6.376500
6.354919
6.333413
6.311979
6.290618
6.269334
6.248122
6.226987
6.205928
6.184947
6.164039
6.143203
6.122437
6.101741
6.081115
6.060558
6.040075
6.019663
5.999323
5.979057
5.958862
5.938736
5.918678
5.898687
5.878763
5.858905
5.839115
5.819392
5.799739
5.780154
5.760640
5.741193
5.721812
5.702495
5.683243
5.664055
5.644930
5.625868
5.606873
5.587941
5.569074
5.550277
5.531544
5.512874
5.494266
5.475720
5.457235
5.438811
5.420447
5.402142
5.383902
5.365723
5.347608
5.329556
5.311565
5.293635
5.275764
5.257951
5.240197
5.222501
5.204863
5.187281
5.169760
5.152296
5.134893
5.117552
5.100270
5.083044
5.065876
5.048764
5.031708
5.014707
4.997762
4.980871
4.964034
4.947255
4.930533
4.913868
4.897260
4.880708
4.864211
4.847768
4.831378
4.815042
4.798759
4.782528
4.766349
4.750222
4.734150
4.718130
4.702164
4.686255
4.670399
4.654595
4.638843
4.623142
4.607492
4.591893
4.576343
4.560844
4.545394
4.529994
4.514646
4.499346
4.484099
4.468906
4.453763
4.438669
4.423625
4.408630
4.393683
4.378784
4.363933
4.349129
4.334373
4.319664
4.305002
4.290389
4.275825
4.261309
4.246843
4.232425
4.218054
4.203729
4.189451
4.175219
4.161032
4.146891
4.132795
4.118743
4.104737
4.090775
4.076859
4.062988
4.049164
4.035388
4.021657
4.007971
3.994329
3.980731
3.967177
3.953666
3.940199
3.926774
3.913392
3.900053
3.886756
3.873501
3.860290
3.847121
3.833997
3.820917
3.807880
3.794886
3.781934
3.769024
3.756154
3.743327
3.730540
3.717794
3.705088
3.692423
3.679798
3.667213
3.654667
3.642163
3.629699
3.617276
3.604896
3.592556
3.580257
3.567997
3.555777
3.543596
3.531453
3.519350
3.507285
3.495258
3.483269
3.471319
3.459406
3.447531
3.435693
3.423894
3.412133
3.400411
3.388728
3.377084
3.365477
3.353908
3.342377
3.330882
3.319423
3.308002
3.296616
3.285267
3.273953
3.262676
3.251434
3.240228
3.229057
3.217921
3.206822
3.195758
3.184730
3.173739
3.162785
3.151866
3.140982
3.130133
3.119319
3.108539
3.097794
3.087083
3.076405
3.065762
3.055152
3.044576
3.034033
3.023524
3.013048
3.002605
2.992195
2.981819
2.971476
2.961167
2.950893
2.940652
2.930445
2.920270
2.910127
2.900017
2.889939
2.879894
2.869880
2.859897
2.849947
2.840028
2.830140
2.820284
2.810458
2.800664
2.790901
2.781168
2.771466
2.761796
2.752157
2.742550
2.732975
2.723431
2.713917
2.704434
2.694981
2.685559
2.676166
2.666803
2.657470
2.648167
2.638893
2.629648
2.620433
2.611247
2.602089
2.592961
2.583862
2.574791
2.565749
2.556735
2.547751
2.538795
2.529869
2.520972
2.512105
2.503265
2.494455
2.485672
2.476918
2.468191
2.459492
2.450821
2.442177
2.433561
2.424972
2.416410
2.407876
2.399368
2.390887
2.382433
2.374006
2.365606
2.357232
2.348884
2.340563
2.332268
2.324001
2.315760
2.307545
2.299359
2.291198
2.283064
2.274956
2.266873
2.258817
2.250786
2.242781
2.234801
2.226846
2.218917
2.211013
2.203134
2.195280
2.187451
2.179646
2.171867
2.164112
2.156381
2.148675
2.140994
2.133336
2.125703
2.118094
2.110510
2.102950
2.095415
2.087904
2.080418
2.072956
2.065518
2.058104
2.050713
2.043347
2.036003
2.028683
2.021387
2.014113
2.006863
1.999636
1.992432
1.985250
1.978092
1.970956
1.963843
1.956752
1.949684
1.942638
1.935615
1.928614
1.921635
1.914678
1.907744
1.900831
1.893940
1.887072
1.880226
1.873402
1.866601
1.859822
1.853065
1.846329
1.839615
1.832922
1.826251
1.819601
1.812973
1.806365
1.799779
1.793214
1.786669
1.780145
1.773643
1.767160
1.760699
1.754258
1.747838
1.741438
1.735058
1.728699
1.722359
1.716041
1.709742
1.703463
1.697204
1.690965
1.684746
1.678547
1.672368
1.666209
1.660070
1.653951
1.647852
1.641772
1.635713
1.629673
1.623652
1.617651
1.611669
1.605706
1.599762
1.593837
1.587931
1.582044
1.576176
1.570327
1.564496
1.558684
1.552891
1.547116
1.541359
1.535621
1.529901
1.524200
1.518517
1.512852
1.507205
1.501576
1.495965
1.490372
1.484797
1.479239
1.473700
1.468178
1.462674
1.457188
1.451719
1.446268
1.440835
1.435420
1.430023
1.424643
1.419280
1.413935
1.408607
1.403296
1.398003
1.392726
1.387466
1.382223
1.376998
1.371789
1.366596
1.361421
1.356262
1.351119
1.345993
1.340884
1.335791
1.330714
1.325654
1.320610
1.315582
1.310570
1.305575
1.300595
1.295632
1.290684
1.285753
1.280837
1.275937
1.271053
1.266184
1.261332
1.256495
1.251673
1.246867
1.242076
1.237301
1.232542
1.227798
1.223069
1.218357
1.213660
1.208978
1.204311
1.199659
1.195023
1.190402
1.185795
1.181204
1.176627
1.172065
1.167518
1.162986
1.158468
1.153965
1.149477
1.145003
1.140544
1.136099
1.131668
1.127252
1.122850
1.118463
1.114089
1.109730
1.105385
1.101054
1.096737
1.092434
1.088145
1.083869
1.079608
1.075361
1.071127
1.066907
1.062701
1.058508
1.054329
1.050164
1.046012
1.041874
1.037749
1.033637
1.029539
1.025454
1.021383
1.017324
1.013279
1.009248
1.005230
1.001225
0.997233
0.993255
0.989289
0.985337
0.981397
0.977471
0.973557
0.969656
0.965768
0.961892
0.958030
0.954180
0.950342
0.946517
0.942705
0.938905
0.935117
0.931342
0.927579
0.923829
0.920090
0.916364
0.912651
0.908949
0.905260
0.901582
0.897917
0.894263
0.890622
0.886993
0.883375
0.879770
0.876176
0.872594
0.869024
0.865465
0.861918
0.858383
0.854860
0.851348
0.847847
0.844358
0.840881
0.837415
0.833961
0.830517
0.827086
0.823665
0.820256
0.816858
0.813471
0.810095
0.806731
0.803378
0.800035
0.796704
0.793384
0.790075
0.786777
0.783490
0.780214
0.776949
0.773695
0.770452
0.767220
0.763998
0.760787
0.757587
0.754397
0.751218
0.748049
0.744891
0.741744
0.738607
0.735480
0.732364
0.729258
0.726162
0.723077
0.720002
0.716937
0.713883
0.710839
0.707804
0.704780
0.701766
0.698762
0.695768
0.692784
0.689810
0.686846
0.683892
0.680948
0.678013
0.675089
0.672174
0.669269
0.666373
0.663487
0.660611
0.657745
0.654888
0.652041
0.649203
0.646375
0.643556
0.640747
0.637947
0.635157
0.632376
0.629604
0.626842
0.624089
0.621345
0.618611
0.615885
0.613169
0.610462
0.607764
0.605076
0.602396
0.599725
0.597064
0.594411
0.591768
0.589133
0.586507
0.583890
0.581282
0.578683
0.576093
0.573511
0.570939
0.568375
0.565820
0.563274
0.560736
0.558207
0.555687
0.553175
0.550672
0.548178
0.545692
0.543214
0.540745
0.538285
0.535832
0.533388
0.530953
0.528526
0.526107
0.523696
0.521294
0.518900
0.516514
0.514136
0.511767
0.509405
0.507052
0.504707
0.502369
0.500040
0.497719
0.495406
0.493101
0.490804
0.488514
0.486233
0.483959
0.481694
0.479436
0.477186
0.474943
0.472709
0.470482
0.468263
0.466051
0.463848
0.461652
0.459463
0.457282
0.455109
0.452943
0.450785
0.448634
0.446491
0.444355
0.442227
0.440106
0.437993
0.435886
0.433788
0.431696
0.429612
0.427536
0.425466
0.423404
0.421349
0.419301
0.417260
0.415227
0.413201
0.411181
0.409169
0.407164
0.405167
0.403176
0.401192
0.399215
0.397245
0.395283
0.393327
0.391378
0.389436
0.387500
0.385572
0.383651
0.381736
0.379828
0.377927
0.376033
0.374146
0.372265
0.370391
0.368524
0.366663
0.364809
0.362962
0.361121
0.359287
0.357459
0.355638
0.353824
0.352016
0.350215
0.348420
0.346632
0.344851
0.343075
0.341307
0.339544
0.337788
0.336039
0.334295
0.332558
0.330828
0.329103
0.327385
0.325674
0.323968
0.322269
0.320576
0.318889
0.317208
0.315533
0.313865
0.312203
0.310546
0.308896
0.307252
0.305614
0.303982
0.302356
0.300736
0.299122
0.297514
0.295912
0.294316
0.292726
0.291142
0.289564
0.287991
0.286424
0.284864
0.283309
0.281759
0.280216
0.278678
0.277147
0.275620
0.274100
0.272585
0.271077
0.269573
0.268076
0.266584
0.265097
0.263617
0.262142
0.260672
0.259208
0.257750
0.256297
0.254850
0.253408
0.251972
0.250541
0.249116
0.247696
0.246282
0.244873
0.243470
0.242071
0.240679
0.239291
0.237909
0.236533
0.235161
0.233795
0.232435
0.231079
0.229729
0.228384
0.227045
0.225710
0.224381
0.223057
0.221739
0.220425
0.219117
0.217813
0.216515
0.215222
0.213934
0.212651
0.211374
0.210101
0.208834
0.207571
0.206314
0.205061
0.203814
0.202571
0.201334
0.200101
0.198874
0.197651
0.196433
0.195220
0.194013
0.192810
0.191611
0.190418
0.189230
0.188046
0.186867
0.185694
0.184524
0.183360
0.182201
0.181046
0.179896
0.178751
0.177610
0.176474
0.175343
0.174217
0.173095
0.171978
0.170865
0.169758
0.168654
0.167556
0.166462
0.165373
0.164288
0.163208
0.162132
0.161061
0.159995
0.158933
0.157875
0.156822
0.155774
0.154730
0.153690
0.152655
0.151625
0.150598
0.149577
0.148559
0.147547
0.146538
0.145534
0.144534
0.143539
0.142548
0.141561
0.140578
0.139600
0.138626
0.137657
0.136692
0.135731
0.134774
0.133822
0.132874
0.131930
0.130990
0.130055
0.129123
0.128196
0.127273
0.126355
0.125440
0.124530
0.123623
0.122721
0.121823
0.120929
0.120039
0.119153
0.118271
0.117393
0.116520
0.115650
0.114784
0.113923
0.113065
0.112211
0.111362
0.110516
0.109674
0.108837
0.108003
0.107173
0.106347
0.105525
0.104706
0.103892
0.103081
0.102275
0.101472
0.100673
0.099878
0.099087
0.098299
0.097516
0.096736
0.095960
0.095187
0.094419
0.093654
0.092893
0.092136
0.091382
0.090632
0.089886
0.089143
0.088404
0.087669
0.086938
0.086210
0.085486
0.084765
0.084048
0.083334
0.082625
0.081918
0.081216
0.080517
0.079821
0.079129
0.078441
0.077756
0.077074
0.076396
0.075722
0.075051
0.074383
0.073719
0.073059
0.072401
0.071748
0.071097
0.070450
0.069807
0.069167
0.068530
0.067897
0.067267
0.066640
0.066017
0.065397
0.064780
0.064166
0.063556
0.062949
0.062346
0.061746
0.061149
0.060555
0.059964
0.059377
0.058793
0.058212
0.057634
0.057059
0.056488
0.055920
0.055354
0.054792
0.054234
0.053678
0.053125
0.052576
0.052029
0.051486
0.050945
0.050408
0.049874
0.049343
0.048814
0.048289
0.047767
0.047248
0.046732
0.046218
0.045708
0.045201
0.044696
0.044195
0.043696
0.043200
0.042708
0.042218
0.041730
0.041246
0.040765
0.040286
0.039811
0.039338
0.038868
0.038400
0.037936
0.037474
0.037015
0.036559
0.036105
0.035654
0.035206
0.034761
0.034318
0.033878
0.033441
0.033006
0.032574
0.032145
0.031718
0.031294
0.030872
0.030453
0.030037
0.029623
0.029212
0.028803
0.028397
0.027994
0.027593
0.027194
0.026798
0.026404
0.026013
0.025624
0.025238
0.024854
0.024473
0.024094
0.023717
0.023343
0.022971
0.022602
0.022235
0.021870
0.021508
0.021148
0.020790
0.020435
0.020081
0.019731
0.019382
0.019036
0.018692
0.018350
0.018010
0.017673
0.017338
0.017005
0.016674
0.016345
0.016019
0.015694
0.015372
0.015052
0.014734
0.014418
0.014104
0.013792
0.013483
0.013175
0.012870
0.012566
0.012265
0.011965
0.011668
0.011372
0.011079
0.010787
0.010498
0.010210
0.009924
0.009641
0.009359
0.009079
0.008801
0.008525
0.008250
0.007978
0.007707
0.007439
0.007172
0.006906
0.006643
0.006382
0.006122
0.005864
0.005608
0.005353
0.005101
0.004850
0.004600
0.004353
0.004107
0.003863
0.003620
0.003379
0.003140
0.002903
0.002667
0.002433
0.002200
0.001969
0.001739
0.001511
0.001285
0.001060
0.000837
0.000616
0.000395
0.000177
-0.000040
-0.000256
-0.000470
-0.000683
-0.000894
-0.001104
-0.001312
-0.001519
-0.001724
-0.001928
-0.002130
-0.002332
-0.002531
-0.002730
-0.002927
-0.003123
-0.003317
-0.003510
-0.003701
-0.003892
-0.004081
-0.004268
-0.004455
-0.004640
-0.004824
-0.005006
-0.005188
-0.005368
-0.005547
-0.005724
-0.005901
-0.006076
-0.006250
-0.006423
-0.006594
-0.006765
-0.006934
-0.007102
-0.007269
-0.007435
-0.007600
-0.007763
-0.007926
-0.008087
-0.008247
-0.008407
-0.008565
-0.008722
-0.008878
-0.009033
-0.009187
-0.009339
-0.009491
-0.009642
-0.009792
-0.009941
-0.010088
-0.010235
-0.010381
-0.010526
-0.010670
-0.010813
-0.010955
-0.011096
-0.011236
-0.011375
-0.011513
-0.011651
-0.011787
-0.011923
-0.012058
-0.012191
-0.012324
-0.012456
-0.012588
-0.012718
-0.012848
-0.012976
-0.013104
-0.013231
-0.013357
-0.013483
-0.013608
-0.013731
-0.013854
-0.013977
-0.014098
-0.014219
-0.014339
-0.014458
-0.014577
-0.014694
-0.014811
-0.014928
-0.015043
-0.015158
-0.015272
-0.015386
-0.015498
-0.015610
-0.015722
-0.015832
-0.015942
-0.016052
-0.016160
-0.016269
-0.016376
-0.016483
-0.016589
-0.016694
-0.016799
-0.016903
-0.017007
-0.017110
-0.017212
-0.017314
-0.017415
-0.017516
-0.017616
-0.017716
-0.017814
-0.017913
-0.018011
-0.018108
-0.018204
-0.018301
-0.018396
-0.018491
-0.018586
-0.018680
-0.018773
-0.018866
-0.018958
-0.019050
-0.019142
-0.019233
-0.019323
-0.019413
-0.019503
-0.019592
-0.019680
-0.019768
-0.019856
-0.019943
-0.020029
-0.020116
-0.020201
-0.020287
-0.020372
-0.020456
-0.020540
-0.020623
-0.020707
-0.020789
-0.020872
-0.020953
-0.021035
-0.021116
-0.021197
-0.021277
-0.021357
-0.021436
-0.021515
-0.021594
-0.021672
-0.021750
-0.021828
-0.021905
-0.021982
-0.022058
-0.022134
-0.022210
-0.022285
-0.022360
-0.022435
-0.022509
-0.022583
-0.022657
-0.022730
-0.022803
-0.022876
-0.022948
-0.023020
-0.023092
-0.023163
-0.023234
-0.023305
-0.023375
-0.023445
-0.023515
-0.023584
-0.023654
-0.023722
-0.023791
-0.023859
-0.023927
-0.023995
-0.024062
-0.024130
-0.024196
-0.024263
-0.024329
-0.024395
-0.024461
-0.024527
-0.024592
-0.024657
-0.024722
-0.024786
-0.024850
-0.024914
-0.024978
-0.025041
-0.025104
-0.025167
-0.025230
-0.025293
-0.025355
-0.025417
-0.025478
-0.025540
-0.025601
-0.025662
-0.025723
-0.025784
-0.025844
-0.025904
-0.025964
-0.026024
-0.026083
-0.026142
-0.026201
-0.026260
-0.026319
-0.026377
-0.026435
-0.026493
-0.026551
-0.026609
-0.026666
-0.026723
-0.026780
-0.026837
-0.026894
-0.026950
-0.027006
-0.027062
-0.027118
-0.027174
-0.027229
-0.027284
-0.027339
-0.027394
-0.027449
-0.027504
-0.027558
-0.027612
-0.027666
-0.027720
-0.027773
-0.027827
-0.027880
-0.027933
-0.027986
-0.028039
-0.028092
-0.028144
-0.028196
-0.028248
-0.028300
-0.028352
-0.028404
-0.028455
-0.028506
-0.028558
-0.028609
-0.028659
-0.028710
-0.028761
-0.028811
-0.028861
-0.028911
-0.028961
-0.029011
-0.029061
-0.029110
-0.029159
-0.029208
-0.029257
-0.029306
-0.029355
-0.029404
-0.029452
-0.029500
-0.029549
-0.029597
-0.029645
-0.029692
-0.029740
-0.029787
-0.029835
-0.029882
-0.029929
-0.029976
-0.030023
-0.030069
-0.030116
-0.030162
-0.030209
-0.030255
-0.030301
-0.030347
-0.030393
-0.030438
-0.030484
-0.030529
-0.030574
-0.030620
-0.030665
-0.030709
-0.030754
-0.030799
-0.030843
-0.030888
-0.030932
-0.030976
-0.031020
-0.031064
-0.031108
-0.031152
-0.031195
-0.031239
-0.031282
-0.031326
-0.031369
-0.031412
-0.031455
-0.031497
-0.031540
-0.031583
-0.031625
-0.031667
-0.031710
-0.031752
-0.031794
-0.031836
-0.031877
-0.031919
-0.031961
-0.032002
-0.032043
-0.032085
-0.032126
-0.032167
-0.032208
-0.032249
-0.032289
-0.032330
-0.032371
-0.032411
-0.032451
-0.032491
-0.032532
-0.032572
-0.032611
-0.032651
-0.032691
-0.032731
-0.032770
-0.032809
-0.032849
-0.032888
-0.032927
-0.032966
-0.033005
-0.033044
-0.033082
-0.033121
-0.033160
-0.033198
-0.033236
-0.033275
-0.033313
-0.033351
-0.033389
-0.033427
-0.033464
-0.033502
-0.033540
-0.033577
-0.033614
-0.033652
-0.033689
-0.033726
-0.033763
-0.033800
-0.033837
-0.033873
-0.033910
-0.033947
-0.033983
-0.034020
-0.034056
-0.034092
-0.034128
-0.034164
-0.034200
-0.034236
-0.034272
-0.034307
-0.034343
-0.034378
-0.034414
-0.034449
-0.034484
-0.034519
-0.034555
-0.034590
-0.034624
-0.034659
-0.034694
-0.034729
-0.034763
-0.034798
-0.034832
-0.034866
-0.034900
-0.034935
-0.034969
-0.035003
-0.035036
-0.035070
-0.035104
-0.035138
-0.035171
-0.035205
-0.035238
-0.035271
-0.035305
-0.035338
-0.035371
-0.035404
-0.035437
-0.035469
-0.035502
-0.035535
-0.035567
-0.035600
-0.035632
-0.035665
-0.035697
-0.035729
-0.035761
-0.035793
-0.035825
-0.035857
-0.035889
-0.035921
-0.035952
-0.035984
-0.036015
-0.036047
-0.036078
-0.036109
-0.036141
-0.036172
-0.036203
-0.036234
-0.036265
-0.036295
-0.036326
-0.036357
-0.036387
-0.036418
-0.036448
-0.036479
-0.036509
-0.036539
-0.036569
-0.036599
-0.036629
-0.036659
-0.036689
-0.036719
-0.036749
-0.036778
-0.036808
-0.036837
-0.036867
-0.036896
-0.036925
-0.036955
-0.036984
-0.037013
-0.037042
-0.037071
-0.037100
-0.037128
-0.037157
-0.037186
-0.037214
-0.037243
-0.037271
-0.037299
-0.037328
-0.037356
-0.037384
-0.037412
-0.037440
-0.037468
-0.037496
-0.037524
-0.037552
-0.037579
-0.037607
-0.037634
-0.037662
-0.037689
-0.037717
-0.037744
-0.037771
-0.037798
-0.037825
-0.037852
-0.037879
-0.037906
-0.037933
-0.037960
-0.037987
-0.038013
-0.038040
-0.038066
-0.038093
-0.038119
-0.038145
-0.038171
-0.038198
-0.038224
-0.038250
-0.038276
-0.038302
-0.038328
-0.038353
-0.038379
-0.038405
-0.038430
-0.038456
-0.038481
-0.038507
-0.038532
-0.038557
-0.038583
-0.038608
-0.038633
-0.038658
-0.038683
-0.038708
-0.038733
-0.038757
-0.038782
-0.038807
-0.038831
-0.038856
-0.038880
-0.038905
-0.038929
-0.038954
-0.038978
-0.039002
-0.039026
-0.039050
-0.039074
-0.039098
-0.039122
-0.039146
-0.039170
-0.039193
-0.039217
-0.039241
-0.039264
-0.039288
-0.039311
-0.039335
-0.039358
-0.039381
-0.039404
-0.039428
-0.039451
-0.039474
-0.039497
-0.039520
-0.039542
-0.039565
-0.039588
-0.039611
-0.039633
-0.039656
-0.039678
-0.039701
-0.039723
-0.039746
-0.039768
-0.039790
-0.039812
-0.039835
-0.039857
-0.039879
-0.039901
-0.039923
-0.039945
-0.039966
-0.039988
-0.040010
-0.040031
-0.040053
-0.040075
-0.040096
-0.040118
-0.040139
-0.040160
-0.040182
-0.040203
-0.040224
-0.040245
-0.040266
-0.040287
-0.040308
-0.040329
-0.040350
-0.040371
-0.040392
-0.040412
-0.040433
-0.040454
-0.040474
-0.040495
-0.040515
-0.040536
-0.040556
-0.040576
-0.040597
-0.040617
-0.040637
-0.040657
-0.040677
-0.040697
-0.040717
-0.040737
-0.040757
-0.040777
-0.040797
-0.040816
-0.040836
-0.040856
-0.040875
-0.040895
-0.040914
-0.040934
-0.040953
-0.040972
-0.040992
-0.041011
-0.041030
-0.041049
-0.041068
-0.041088
-0.041107
-0.041126
-0.041144
-0.041163
-0.041182
-0.041201
-0.041220
-0.041238
-0.041257
-0.041276
-0.041294
-0.041313
-0.041331
-0.041350
-0.041368
-0.041386
-0.041405
-0.041423
-0.041441
-0.041459
-0.041477
-0.041495
-0.041513
-0.041531
-0.041549
-0.041567
-0.041585
-0.041603
-0.041620
-0.041638
-0.041656
-0.041673
-0.041691
-0.041709
-0.041726
-0.041744
-0.041761
-0.041778
-0.041796
-0.041813
-0.041830
-0.041847
-0.041864
-0.041882
-0.041899
-0.041916
-0.041933
-0.041950
-0.041967
-0.041983
-0.042000
-0.042017
-0.042034
-0.042050
-0.042067
-0.042084
-0.042100
-0.042117
-0.042133
-0.042150
-0.042166
-0.042183
-0.042199
-0.042215
-0.042231
-0.042248
-0.042264
-0.042280
-0.042296
-0.042312
-0.042328
-0.042344
-0.042360
-0.042376
-0.042392
-0.042408
-0.042424
-0.042439
-0.042455
-0.042471
-0.042486
-0.042502
-0.042517
-0.042533
-0.042548
-0.042564
-0.042579
-0.042595
-0.042610
-0.042625
-0.042641
-0.042656
-0.042671
-0.042686
-0.042701
-0.042716
-0.042731
-0.042746
-0.042761
-0.042776
-0.042791
-0.042806
-0.042821
-0.042836
-0.042850
-0.042865
-0.042880
-0.042894
-0.042909
-0.042924
-0.042938
-0.042953
-0.042967
-0.042982
-0.042996
-0.043010
-0.043025
-0.043039
-0.043053
-0.043067
-0.043082
-0.043096
-0.043110
-0.043124
-0.043138
-0.043152
-0.043166
-0.043180
-0.043194
-0.043208
-0.043222
-0.043236
-0.043249
-0.043263
-0.043277
-0.043291
-0.043304
-0.043318
-0.043331
-0.043345
-0.043359
-0.043372
-0.043386
-0.043399
-0.043412
-0.043426
-0.043439
-0.043452
-0.043466
-0.043479
-0.043492
-0.043505
-0.043518
-0.043532
-0.043545
-0.043558
-0.043571
-0.043584
-0.043597
-0.043610
-0.043622
-0.043635
-0.043648
-0.043661
-0.043674
-0.043687
-0.043699
-0.043712
-0.043725
-0.043737
-0.043750
-0.043762
-0.043775
-0.043787
-0.043800
-0.043812
-0.043825
-0.043837
-0.043850
-0.043862
-0.043874
-0.043886
-0.043899
-0.043911
-0.043923
-0.043935
-0.043947
-0.043959
-0.043972
-0.043984
-0.043996
-0.044008
-0.044020
-0.044031
-0.044043
-0.044055
-0.044067
-0.044079
-0.044091
-0.044102
-0.044114
-0.044126
-0.044138
-0.044149
-0.044161
-0.044172
-0.044184
-0.044196
-0.044207
-0.044219
-0.044230
-0.044242
-0.044253
-0.044264
-0.044276
-0.044287
-0.044298
-0.044310
-0.044321
-0.044332
-0.044343
-0.044354
-0.044366
-0.044377
-0.044388
-0.044399
-0.044410
-0.044421
-0.044432
-0.044443
-0.044454
-0.044465
-0.044476
-0.044487
-0.044497
-0.044508
-0.044519
-0.044530
-0.044541
-0.044551
-0.044562
-0.044573
-0.044583
-0.044594
-0.044604
-0.044615
-0.044626

