0.000000
0.000000
-0.000026
-0.000052
-0.000077
-0.000103
-0.000128
-0.000153
-0.000177
-0.000201
-0.000224
-0.000247
-0.000270
-0.000293
-0.000315
-0.000337
-0.000359
-0.000380
-0.000402
-0.000423
-0.000444
-0.000465
-0.000485
-0.000506
-0.000526
-0.000547
-0.000567
-0.000587
-0.000607
-0.000627
-0.000647
-0.000667
-0.000687
-0.000707
-0.000726
-0.000746
-0.000766
-0.000785
-0.000805
-0.000824
-0.000844
-0.000863
-0.000883
-0.000902
-0.000922
-0.000941
-0.000961
-0.000980
-0.001000
-0.001019
-0.001038
-0.001058
-0.001077
-0.001097
-0.001116
-0.001135
-0.001155
-0.001174
-0.001194
-0.001213
-0.001233
-0.001252
-0.001271
-0.001291
-0.001310
-0.001330
-0.001349
-0.001369
-0.001388
-0.001408
-0.001428
-0.001447
-0.001467
-0.001486
-0.001506
-0.001525
-0.001545
-0.001565
-0.001584
-0.001604
-0.001624
-0.001644
-0.001663
-0.001683
-0.001703
-0.001723
-0.001743
-0.001762
-0.001782
-0.001802
-0.001822
-0.001842
-0.001862
-0.001882
-0.001902
-0.001922
-0.001942
-0.001962
-0.001982
-0.002002
-0.002022
-0.002042
-0.002063
-0.002083
-0.002103
-0.002123
-0.002143
-0.002164
-0.002184
-0.002204
-0.002225
-0.002245
-0.002265
-0.002286
-0.002306
-0.002326
-0.002347
-0.002367
-0.002388
-0.002408
-0.002429
-0.002449
-0.002470
-0.002491
-0.002511
-0.002532
-0.002553
-0.002573
-0.002594
-0.002615
-0.002635
-0.002656
-0.002677
-0.002698
-0.002719
-0.002739
-0.002760
-0.002781
-0.002802
-0.002823
-0.002844
-0.002865
-0.002886
-0.002907
-0.002928
-0.002949
-0.002970
-0.002991
-0.003012
-0.003033
-0.003054
-0.003075
-0.003097
-0.003118
-0.003139
-0.003160
-0.003181
-0.003203
-0.003224
-0.003245
-0.003266
-0.003288
-0.003309
-0.003330
-0.003352
-0.003373
-0.003395
-0.003416
-0.003437
-0.003459
-0.003480
-0.003502
-0.003523
-0.003545
-0.003566
-0.003588
-0.003610
-0.003631
-0.003653
-0.003674
-0.003696
-0.003718
-0.003739
-0.003761
-0.003783
-0.003804
-0.003826
-0.003848
-0.003869
-0.003891
-0.003913
-0.003935
-0.003956
-0.003978
-0.004000
-0.004022
-0.004044
-0.004066
-0.004088
-0.004109
-0.004131
-0.004153
-0.004175
-0.004197
-0.004219
-0.004241
-0.004263
-0.004285
-0.004307
-0.004329
-0.004351
-0.004373
-0.004395
-0.004417
-0.004439
-0.004461
-0.004483
-0.004505
-0.004527
-0.004550
-0.004572
-0.004594
-0.004616
-0.004638
-0.004660
-0.004683
-0.004705
-0.004727
-0.004749
-0.004771
-0.004794
-0.004816
-0.004838
-0.004860
-0.004883
-0.004905
-0.004927
-0.004949
-0.004972
-0.004994
-0.005016
-0.005039
-0.005061
-0.005083
-0.005106
-0.005128
-0.005150
-0.005173
-0.005195
-0.005218
-0.005240
-0.005262
-0.005285
-0.005307
-0.005330
-0.005352
-0.005375
-0.005397
-0.005419
-0.005442
-0.005464
-0.005487
-0.005509
-0.005532
-0.005554
-0.005577
-0.005599
-0.005622
-0.005644
-0.005667
-0.005690
-0.005712
-0.005735
-0.005757
-0.005780
-0.005802
-0.005825
-0.005847
-0.005870
-0.005893
-0.005915
-0.005938
-0.005960
-0.005983
-0.006006
-0.006028
-0.006051
-0.006073
-0.006096
-0.006119
-0.006141
-0.006164
-0.006187
-0.006209
-0.006232
-0.006255
-0.006277
-0.006300
-0.006323
-0.006345
-0.006368
-0.006391
-0.006413
-0.006436
-0.006459
-0.006482
-0.006504
-0.006527
-0.006550
-0.006572
-0.006595
-0.006618
-0.006641
-0.006663
-0.006686
-0.006709
-0.006731
-0.006754
-0.006777
-0.006800
-0.006822
-0.006845
-0.006868
-0.006891
-0.006913
-0.006936
-0.006959
-0.006982
-0.007004
-0.007027
-0.007050
-0.007073
-0.007095
-0.007118
-0.007141
-0.007164
-0.007187
-0.007209
-0.007232
-0.007255
-0.007278
-0.007300
-0.007323
-0.007346
-0.007369
-0.007392
-0.007414
-0.007437
-0.007460
-0.007483
-0.007505
-0.007528
-0.007551
-0.007574
-0.007597
-0.007619
-0.007642
-0.007665
-0.007688
-0.007711
-0.007733
-0.007756
-0.007779
-0.007802
-0.007825
-0.007847
-0.007870
-0.007893
-0.007916
-0.007939
-0.007961
-0.007984
-0.008007
-0.008030
-0.008052
-0.008075
-0.008098
-0.008121
-0.008144
-0.008166
-0.008189
-0.008212
-0.008235
-0.008258
-0.008280
-0.008303
-0.008326
-0.008349
-0.008371
-0.008394
-0.008417
-0.008440
-0.008462
-0.008485
-0.008508
-0.008531
-0.008554
-0.008576
-0.008599
-0.008622
-0.008645
-0.008667
-0.008690
-0.008713
-0.008736
-0.008758
-0.008781
-0.008804
-0.008827
-0.008849
-0.008872
-0.008895
-0.008917
-0.008940
-0.008963
-0.008986
-0.009008
-0.009031
-0.009054
-0.009077
-0.009099
-0.009122
-0.009145
-0.009167
-0.009190
-0.009213
-0.009235
-0.009258
-0.009281
-0.009304
-0.009326
-0.009349
-0.009372
-0.009394
-0.009417
-0.009440
-0.009462
-0.009485
-0.009508
-0.009530
-0.009553
-0.009576
-0.009598
-0.009621
-0.009643
-0.009666
-0.009689
-0.009711
-0.009734
-0.009757
-0.009779
-0.009802
-0.009824
-0.009847
-0.009870
-0.009892
-0.009915
-0.009937
-0.009960
-0.009983
-0.010005
-0.010028
-0.010050
-0.010073
-0.010095
-0.010118
-0.010141
-0.010163
-0.010186
-0.010208
-0.010231
-0.010253
-0.010276
-0.010298
-0.010321
-0.010343
-0.010366
-0.010388
-0.010411
-0.010433
-0.010456
-0.010478
-0.010501
-0.010523
-0.010546
-0.010568
-0.010591
-0.010613
-0.010636
-0.010658
-0.010680
-0.010703
-0.010725
-0.010748
-0.010770
-0.010793
-0.010815
-0.010837
-0.010860
-0.010882
-0.010905
-0.010927
-0.010949
-0.010972
-0.010994
-0.011017
-0.011039
-0.011061
-0.011084
-0.011106
-0.011128
-0.011151
-0.011173
-0.011195
-0.011218
-0.011240
-0.011262
-0.011285
-0.011307
-0.011329
-0.011351
-0.011374
-0.011396
-0.011418
-0.011440
-0.011463
-0.011485
-0.011507
-0.011529
-0.011552
-0.011574
-0.011596
-0.011618
-0.011641
-0.011663
-0.011685
-0.011707
-0.011729
-0.011752
-0.011774
-0.011796
-0.011818
-0.011840
-0.011862
-0.011884
-0.011907
-0.011929
-0.011951
-0.011973
-0.011995
-0.012017
-0.012039
-0.012061
-0.012083
-0.012106
-0.012128
-0.012150
-0.012172
-0.012194
-0.012216
-0.012238
-0.012260
-0.012282
-0.012304
-0.012326
-0.012348
-0.012370
-0.012392
-0.012414
-0.012436
-0.012458
-0.012480
-0.012502
-0.012524
-0.012546
-0.012568
-0.012590
-0.012612
-0.012634
-0.012655
-0.012677
-0.012699
-0.012721
-0.012743
-0.012765
-0.012787
-0.012809
-0.012831
-0.012852
-0.012874
-0.012896
-0.012918
-0.012940
-0.012962
-0.012983
-0.013005
-0.013027
-0.013049
-0.013070
-0.013092
-0.013114
-0.013136
-0.013158
-0.013179
-0.013201
-0.013223
-0.013244
-0.013266
-0.013288
-0.013310
-0.013331
-0.013353
-0.013375
-0.013396
-0.013418
-0.013440
-0.013461
-0.013483
-0.013505
-0.013526
-0.013548
-0.013569
-0.013591
-0.013613
-0.013634
-0.013656
-0.013677
-0.013699
-0.013721
-0.013742
-0.013764
-0.013785
-0.013807
-0.013828
-0.013850
-0.013871
-0.013893
-0.013914
-0.013936
-0.013957
-0.013979
-0.014000
-0.014022
-0.014043
-0.014065
-0.014086
-0.014107
-0.014129
-0.014150
-0.014172
-0.014193
-0.014214
-0.014236
-0.014257
-0.014278
-0.014300
-0.014321
-0.014343
-0.014364
-0.014385
-0.014406
-0.014428
-0.014449
-0.014470
-0.014492
-0.014513
-0.014534
-0.014555
-0.014577
-0.014598
-0.014619
-0.014640
-0.014662
-0.014683
-0.014704
-0.014725
-0.014746
-0.014768
-0.014789
-0.014810
-0.014831
-0.014852
-0.014873
-0.014894
-0.014916
-0.014937
-0.014958
-0.014979
-0.015000
-0.015021
-0.015042
-0.015063
-0.015084
-0.015105
-0.015126
-0.015147
-0.015168
-0.015189
-0.015210
-0.015231
-0.015252
-0.015273
-0.015294
-0.015315
-0.015336
-0.015357
-0.015378
-0.015399
-0.015420
-0.015441
-0.015462
-0.015483
-0.015504
-0.015524
-0.015545
-0.015566
-0.015587
-0.015608
-0.015629
-0.015650
-0.015670
-0.015691
-0.015712
-0.015733
-0.015754
-0.015774
-0.015795
-0.015816
-0.015837
-0.015857
-0.015878
-0.015899
-0.015920
-0.015940
-0.015961
-0.015982
-0.016002
-0.016023
-0.016044
-0.016064
-0.016085
-0.016106
-0.016126
-0.016147
-0.016168
-0.016188
-0.016209
-0.016229
-0.016250
-0.016271
-0.016291
-0.016312
-0.016332
-0.016353
-0.016373
-0.016394
-0.016414
-0.016435
-0.016455
-0.016476
-0.016496
-0.016517
-0.016537
-0.016558
-0.016578
-0.016599
-0.016619
-0.016639
-0.016660
-0.016680
-0.016701
-0.016721
-0.016741
-0.016762
-0.016782
-0.016802
-0.016823
-0.016843
-0.016863
-0.016884
-0.016904
-0.016924
-0.016945
-0.016965
-0.016985
-0.017005
-0.017026
-0.017046
-0.017066
-0.017086
-0.017107
-0.017127
-0.017147
-0.017167
-0.017187
-0.017207
-0.017228
-0.017248
-0.017268
-0.017288
-0.017308
-0.017328
-0.017348
-0.017369
-0.017389
-0.017409
-0.017429
-0.017449
-0.017469
-0.017489
-0.017509
-0.017529
-0.017549
-0.017569
-0.017589
-0.017609
-0.017629
-0.017649
-0.017669
-0.017689
-0.017709
-0.017729
-0.017749
-0.017769
-0.017789
-0.017808
-0.017828
-0.017848
-0.017868
-0.017888
-0.017908
-0.017928
-0.017948
-0.017967
-0.017987
-0.018007
-0.018027
-0.018047
-0.018066
-0.018086
-0.018106
-0.018126
-0.018145
-0.018165
-0.018185
-0.018205
-0.018224
-0.018244
-0.018264
-0.018284
-0.018303
-0.018323
-0.018343
-0.018362
-0.018382
-0.018401
-0.018421
-0.018441
-0.018460
-0.018480
-0.018500
-0.018519
-0.018539
-0.018558
-0.018578
-0.018597
-0.018617
-0.018636
-0.018656
-0.018675
-0.018695
-0.018714
-0.018734
-0.018753
-0.018773
-0.018792
-0.018812
-0.018831
-0.018851
-0.018870
-0.018889
-0.018909
-0.018928
-0.018948
-0.018967
-0.018986
-0.019006
-0.019025
-0.019044
-0.019064
-0.019083
-0.019102
-0.019122
-0.019141
-0.019160
-0.019179
-0.019199
-0.019218
-0.019237
-0.019256
-0.019276
-0.019295
-0.019314
-0.019333
-0.019353
-0.019372
-0.019391
-0.019410
-0.019429
-0.019448
-0.019468
-0.019487
-0.019506
-0.019525
-0.019544
-0.019563
-0.019582
-0.019601
-0.019620
-0.019639
-0.019658
-0.019677
-0.019696
-0.019715
-0.019734
-0.019753
-0.019772
-0.019791
-0.019810
-0.019829
-0.019848
-0.019867
-0.019886
-0.019905
-0.019924
-0.019943
-0.019962
-0.019981
-0.020000
-0.020019
-0.020037
-0.020056
-0.020075
-0.020094
-0.020113
-0.020132
-0.020150
-0.020169
-0.020188
-0.020207
-0.020226
-0.020244
-0.020263
-0.020282
-0.020301
-0.020319
-0.020338
-0.020357
-0.020375
-0.020394
-0.020413
-0.020432
-0.020450
-0.020469
-0.020488
-0.020506
-0.020525
-0.020543
-0.020562
-0.020581
-0.020599
-0.020618
-0.020636
-0.020655
-0.020674
-0.020692
-0.020711
-0.020729
-0.020748
-0.020766
-0.020785
-0.020803
-0.020822
-0.020840
-0.020859
-0.020877
-0.020895
-0.020914
-0.020932
-0.020951
-0.020969
-0.020988
-0.021006
-0.021024
-0.021043
-0.021061
-0.021079
-0.021098
-0.021116
-0.021135
-0.021153
-0.021171
-0.021189
-0.021208
-0.021226
-0.021244
-0.021263
-0.021281
-0.021299
-0.021317
-0.021336
-0.021354
-0.021372
-0.021390
-0.021408
-0.021427
-0.021445
-0.021463
-0.021481
-0.021499
-0.021517
-0.021536
-0.021554
-0.021572
-0.021590
-0.021608
-0.021626
-0.021644
-0.021662
-0.021680
-0.021698
-0.021716
-0.021734
-0.021752
-0.021770
-0.021788
-0.021806
-0.021824
-0.021842
-0.021860
-0.021878
-0.021896
-0.021914
-0.021932
-0.021950
-0.021968
-0.021986
-0.022004
-0.022022
-0.022040
-0.022058
-0.022075
-0.022093
-0.022111
-0.022129
-0.022147
-0.022165
-0.022182
-0.022200
-0.022218
-0.022236
-0.022254
-0.022271
-0.022289
-0.022307
-0.022325
-0.022342
-0.022360
-0.022378
-0.022395
-0.022413
-0.022431
-0.022448
-0.022466
-0.022484
-0.022501
-0.022519
-0.022537
-0.022554
-0.022572
-0.022590
-0.022607
-0.022625
-0.022642
-0.022660
-0.022677
-0.022695
-0.022713
-0.022730
-0.022748
-0.022765
-0.022783
-0.022800
-0.022818
-0.022835
-0.022853
-0.022870
-0.022887
-0.022905
-0.022922
-0.022940
-0.022957
-0.022975
-0.022992
-0.023009
-0.023027
-0.023044
-0.023062
-0.023079
-0.023096
-0.023114
-0.023131
-0.023148
-0.023166
-0.023183
-0.023200
-0.023217
-0.023235
-0.023252
-0.023269
-0.023286
-0.023304
-0.023321
-0.023338
-0.023355
-0.023373
-0.023390
-0.023407
-0.023424
-0.023441
-0.023458
-0.023476
-0.023493
-0.023510
-0.023527
-0.023544
-0.023561
-0.023578
-0.023595
-0.023613
-0.023630
-0.023647
-0.023664
-0.023681
-0.023698
-0.023715
-0.023732
-0.023749
-0.023766
-0.023783
-0.023800
-0.023817
-0.023834
-0.023851
-0.023868
-0.023885
-0.023902
-0.023919
-0.023935
-0.023952
-0.023969
-0.023986
-0.024003
-0.024020
-0.024037
-0.024054
-0.024070
-0.024087
-0.024104
-0.024121
-0.024138
-0.024155
-0.024171
-0.024188
-0.024205
-0.024222
-0.024238
-0.024255
-0.024272
-0.024289
-0.024305
-0.024322
-0.024339
-0.024356
-0.024372
-0.024389
-0.024406
-0.024422
-0.024439
-0.024456
-0.024472
-0.024489
-0.024505
-0.024522
-0.024539
-0.024555
-0.024572
-0.024588
-0.024605
-0.024622
-0.024638
-0.024655
-0.024671
-0.024688
-0.024704
-0.024721
-0.024737
-0.024754
-0.024770
-0.024787
-0.024803
-0.024820
-0.024836
-0.024852
-0.024869
-0.024885
-0.024902
-0.024918
-0.024935
-0.024951
-0.024967
-0.024984
-0.025000
-0.025016
-0.025033
-0.025049
-0.025065
-0.025082
-0.025098
-0.025114
-0.025131
-0.025147
-0.025163
-0.025179
-0.025196
-0.025212
-0.025228
-0.025244
-0.025261
-0.025277
-0.025293
-0.025309
-0.025326
-0.025342
-0.025358
-0.025374
-0.025390
-0.025406
-0.025423
-0.025439
-0.025455
-0.025471
-0.025487
-0.025503
-0.025519
-0.025535
-0.025551
-0.025567
-0.025583
-0.025600
-0.025616
-0.025632
-0.025648
-0.025664
-0.025680
-0.025696
-0.025712
-0.025728
-0.025744
-0.025760
-0.025775
-0.025791
-0.025807
-0.025823
-0.025839
-0.025855
-0.025871
-0.025887
-0.025903
-0.025919
-0.025935
-0.025950
-0.025966
-0.025982
-0.025998
-0.026014
-0.026030
-0.026045
-0.026061
-0.026077
-0.026093
-0.026109
-0.026124
-0.026140
-0.026156
-0.026172
-0.026187
-0.026203
-0.026219
-0.026235
-0.026250
-0.026266
-0.026282
-0.026297
-0.026313
-0.026329
-0.026344
-0.026360
-0.026376
-0.026391
-0.026407
-0.026422
-0.026438
-0.026454
-0.026469
-0.026485
-0.026500
-0.026516
-0.026532
-0.026547
-0.026563
-0.026578
-0.026594
-0.026609
-0.026625
-0.026640
-0.026656
-0.026671
-0.026687
-0.026702
-0.026718
-0.026733
-0.026748
-0.026764
-0.026779
-0.026795
-0.026810
-0.026825
-0.026841
-0.026856
-0.026872
-0.026887
-0.026902
-0.026918
-0.026933
-0.026948
-0.026964
-0.026979
-0.026994
-0.027010
-0.027025
-0.027040
-0.027055
-0.027071
-0.027086
-0.027101
-0.027116
-0.027132
-0.027147
-0.027162
-0.027177
-0.027193
-0.027208
-0.027223
-0.027238
-0.027253
-0.027268
-0.027284
-0.027299
-0.027314
-0.027329
-0.027344
-0.027359
-0.027374
-0.027389
-0.027405
-0.027420
-0.027435
-0.027450
-0.027465
-0.027480
-0.027495
-0.027510
-0.027525
-0.027540
-0.027555
-0.027570
-0.027585
-0.027600
-0.027615
-0.027630
-0.027645
-0.027660
-0.027675
-0.027690
-0.027705
-0.027720
-0.027734
-0.027749
-0.027764
-0.027779
-0.027794
-0.027809
-0.027824
-0.027839
-0.027853
-0.027868
-0.027883
-0.027898
-0.027913
-0.027928
-0.027942
-0.027957
-0.027972
-0.027987
-0.028001
-0.028016
-0.028031
-0.028046
-0.028060
-0.028075
-0.028090
-0.028105
-0.028119
-0.028134
-0.028149
-0.028163
-0.028178
-0.028193
-0.028207
-0.028222
-0.028237
-0.028251
-0.028266
-0.028281
-0.028295
-0.028310
-0.028324
-0.028339
-0.028353
-0.028368
-0.028383
-0.028397
-0.028412
-0.028426
-0.028441
-0.028455
-0.028470
-0.028484
-0.028499
-0.028513
-0.028528
-0.028542
-0.028557
-0.028571
-0.028586
-0.028600
-0.028614
-0.028629
-0.028643
-0.028658
-0.028672
-0.028687
-0.028701
-0.028715
-0.028730
-0.028744
-0.028758
-0.028773
-0.028787
-0.028801
-0.028816
-0.028830
-0.028844
-0.028859
-0.028873
-0.028887
-0.028902
-0.028916
-0.028930
-0.028944
-0.028959
-0.028973
-0.028987
-0.029001
-0.029015
-0.029030
-0.029044
-0.029058
-0.029072
-0.029086
-0.029101
-0.029115
-0.029129
-0.029143
-0.029157
-0.029171
-0.029185
-0.029200
-0.029214
-0.029228
-0.029242
-0.029256
-0.029270
-0.029284
-0.029298
-0.029312
-0.029326
-0.029340
-0.029354
-0.029368
-0.029382
-0.029396
-0.029410
-0.029424
-0.029438
-0.029452
-0.029466
-0.029480
-0.029494
-0.029508
-0.029522
-0.029536
-0.029550
-0.029564
-0.029578
-0.029592
-0.029606
-0.029620
-0.029633
-0.029647
-0.029661
-0.029675
-0.029689
-0.029703
-0.029717
-0.029730
-0.029744
-0.029758
-0.029772
-0.029786
-0.029799
-0.029813
-0.029827
-0.029841
-0.029854
-0.029868
-0.029882
-0.029896
-0.029909
-0.029923
-0.029937
-0.029951
-0.029964
-0.029978
-0.029992
-0.030005
-0.030019
-0.030033
-0.030046
-0.030060
-0.030074
-0.030087
-0.030101
-0.030114
-0.030128
-0.030142
-0.030155
-0.030169
-0.030182
-0.030196
-0.030209
-0.030223
-0.030237
-0.030250
-0.030264
-0.030277
-0.030291
-0.030304
-0.030318
-0.030331
-0.030345
-0.030358
-0.030372
-0.030385
-0.030399
-0.030412
-0.030425
-0.030439
-0.030452
-0.030466
-0.030479
-0.030493
-0.030506
-0.030519
-0.030533
-0.030546
-0.030559
-0.030573
-0.030586
-0.030600
-0.030613
-0.030626
-0.030640
-0.030653
-0.030666
-0.030679
-0.030693
-0.030706
-0.030719
-0.030733
-0.030746
-0.030759
-0.030772
-0.030786
-0.030799
-0.030812
-0.030825
-0.030839
-0.030852
-0.030865
-0.030878
-0.030891
-0.030905
-0.030918
-0.030931
-0.030944
-0.030957
-0.030970
-0.030983
-0.030997
-0.031010
-0.031023
-0.031036
-0.031049
-0.031062
-0.031075
-0.031088
-0.031101
-0.031114
-0.031127
-0.031140
-0.031154
-0.031167
-0.031180
-0.031193
-0.031206
-0.031219
-0.031232
-0.031245
-0.031258
-0.031271
-0.031284
-0.031296
-0.031309
-0.031322
-0.031335
-0.031348
-0.031361
-0.031374
-0.031387
-0.031400
-0.031413
-0.031426
-0.031439
-0.031451
-0.031464
-0.031477
-0.031490
-0.031503
-0.031516
-0.031529
-0.031541
-0.031554
-0.031567
-0.031580
-0.031593
-0.031605
-0.031618
-0.031631
-0.031644
-0.031656
-0.031669
-0.031682
-0.031695
-0.031707
-0.031720
-0.031733
-0.031746
-0.031758
-0.031771
-0.031784
-0.031796
-0.031809
-0.031822
-0.031834
-0.031847
-0.031860
-0.031872
-0.031885
-0.031898
-0.031910
-0.031923
-0.031935
-0.031948
-0.031961
-0.031973
-0.031986
-0.031998
-0.032011
-0.032023
-0.032036
-0.032049
-0.032061
-0.032074
-0.032086
-0.032099
-0.032111
-0.032124
-0.032136
-0.032149
-0.032161
-0.032174
-0.032186
-0.032199
-0.032211
-0.032223
-0.032236
-0.032248
-0.032261
-0.032273
-0.032286
-0.032298
-0.032310
-0.032323
-0.032335
-0.032347
-0.032360
-0.032372
-0.032385
-0.032397
-0.032409
-0.032422
-0.032434
-0.032446
-0.032459
-0.032471
-0.032483
-0.032495
-0.032508
-0.032520
-0.032532
-0.032545
-0.032557
-0.032569
-0.032581
-0.032594
-0.032606
-0.032618
-0.032630
-0.032642
-0.032655
-0.032667
-0.032679
-0.032691
-0.032703
-0.032716
-0.032728
-0.032740
-0.032752
-0.032764
-0.032776
-0.032788
-0.032800
-0.032813
-0.032825
-0.032837
-0.032849
-0.032861
-0.032873
-0.032885
-0.032897
-0.032909
-0.032921
-0.032933
-0.032945
-0.032957
-0.032969
-0.032981
-0.032993
-0.033005
-0.033017
-0.033029
-0.033041
-0.033053
-0.033065
-0.033077
-0.033089
-0.033101
-0.033113
-0.033125
-0.033137
-0.033149
-0.033161
-0.033173
-0.033185
-0.033197
-0.033209
-0.033220
-0.033232
-0.033244
-0.033256
-0.033268
-0.033280
-0.033292
-0.033303
-0.033315
-0.033327
-0.033339
-0.033351
-0.033362
-0.033374
-0.033386
-0.033398
-0.033410
-0.033421
-0.033433
-0.033445
-0.033457
-0.033468
-0.033480
-0.033492
-0.033504
-0.033515
-0.033527
-0.033539
-0.033550
-0.033562
-0.033574
-0.033585
-0.033597
-0.033609
-0.033620
-0.033632
-0.033644
-0.033655
-0.033667
-0.033679
-0.033690
-0.033702
-0.033713
-0.033725
-0.033737
-0.033748
-0.033760
-0.033771
-0.033783
-0.033795
-0.033806
-0.033818
-0.033829
-0.033841
-0.033852
-0.033864
-0.033875
-0.033887
-0.033898
-0.033910
-0.033921
-0.033933
-0.033944
-0.033956
-0.033967
-0.033979
-0.033990
-0.034001
-0.034013
-0.034024
-0.034036
-0.034047
-0.034059
-0.034070
-0.034081
-0.034093
-0.034104
-0.034116
-0.034127
-0.034138
-0.034150
-0.034161
-0.034172
-0.034184
-0.034195
-0.034206
-0.034218
-0.034229
-0.034240
-0.034252
-0.034263
-0.034274
-0.034285
-0.034297
-0.034308
-0.034319
-0.034330
-0.034342
-0.034353
-0.034364
-0.034375
-0.034387
-0.034398
-0.034409
-0.034420
-0.034431
-0.034443
-0.034454
-0.034465
-0.034476
-0.034487
-0.034498
-0.034510
-0.034521
-0.034532
-0.034543
-0.034554
-0.034565
-0.034576
-0.034588
-0.034599
-0.034610
-0.034621
-0.034632
-0.034643
-0.034654
-0.034665
-0.034676
-0.034687
-0.034698
-0.034709
-0.034720
-0.034731
-0.034742
-0.034753
-0.034764
-0.034775
-0.034786
-0.034797
-0.034808
-0.034819
-0.034830
-0.034841
-0.034852
-0.034863
-0.034874
-0.034885
-0.034896
-0.034907
-0.034918
-0.034929
-0.034940
-0.034950
-0.034961
-0.034972
-0.034983
-0.034994
-0.035005
-0.035016
-0.035027
-0.035037
-0.035048
-0.035059
-0.035070
-0.035081
-0.035092
-0.035102
-0.035113
-0.035124
-0.035135
-0.035146
-0.035156
-0.035167
-0.035178
-0.035189
-0.035199
-0.035210
-0.035221
-0.035232
-0.035242
-0.035253
-0.035264
-0.035275
-0.035285
-0.035296
-0.035307
-0.035317
-0.035328
-0.035339
-0.035349
-0.035360
-0.035371
-0.035381
-0.035392
0.615164
2.150610
4.048870
5.653063
6.695786
7.437575
7.980446
8.383192
8.682690
8.903101
9.055265
9.149081
9.198406
9.212380
9.197827
9.160056
9.103289
9.030971
8.945929
8.850496
8.746677
8.636098
8.520196
8.400125
8.276932
8.151446
8.024405
7.896418
7.768017
7.639653
7.511669
7.384421
7.258146
7.133077
7.009394
6.887258
6.766804
6.648106
6.531283
6.416366
6.303444
6.192516
6.083650
5.976826
5.872091
5.769412
5.668822
5.570279
5.473801
5.379347
5.286918
5.196475
5.108000
5.021474
4.936856
4.854135
4.773266
4.694214
4.616972
4.541485
4.467720
4.395669
4.325274
4.256504
4.189347
4.123749
4.059679
3.997120
3.936026
3.876365
3.818109
3.761232
3.705696
3.651469
3.598525
3.546841
3.496378
3.447107
3.399000
3.352043
3.306196
3.261433
3.217727
3.175056
3.133399
3.092725
3.053010
3.014229
2.976359
2.939385
2.903280
2.868021
2.833586
2.799954
2.767104
2.735020
2.703686
2.673076
2.643173
2.613958
3.241793
4.770498
6.680944
8.333692
9.461643
10.303505
10.951696
11.459443
11.860249
12.176678
12.410780
12.568708
12.670075
12.726764
12.747395
12.738529
12.705352
12.652041
12.582049
12.498230
12.402952
12.298277
12.185924
12.067349
11.943812
11.816373
11.685956
11.553391
11.419277
11.284214
11.148690
11.013116
10.877915
10.743315
10.609602
10.477033
10.345734
10.215888
10.087609
9.961027
9.836256
9.713283
9.592273
9.473197
9.356118
9.241041
9.128004
9.016998
8.908046
8.801126
8.696251
8.593389
8.492548
8.393687
8.296808
8.201842
8.108845
8.017713
7.928454
7.841052
7.755429
7.671636
7.589564
7.509215
7.430570
7.353556
7.278197
7.204418
7.132180
7.061503
6.992311
6.924570
6.858271
6.793393
6.729873
6.667698
6.606850
6.547277
6.488945
6.431847
6.375964
6.321240
6.267646
6.215177
6.163814
6.113505
6.064224
6.015963
5.968703
5.922403
5.877038
5.832583
5.789033
5.746370
5.704555
5.663565
5.623378
5.583988
5.545380
5.507521
5.470391
5.433969
5.398238
5.363193
5.328820
5.295089
5.261984
5.229486
5.197580
5.166259
5.135512
5.105318
5.075660
5.046524
5.017896
4.989762
4.962109
4.934934
4.908228
4.881969
4.856145
4.830745
4.805757
4.781170
4.756973
4.733163
4.709731
4.686664
4.663952
4.641584
4.619551
4.597844
4.576454
4.555373
4.534593
4.514112
4.493923
4.474015
4.454381
4.435012
4.415903
4.397044
4.378431
4.360056
4.341914
4.323998
4.306302
4.288828
4.271570
4.254518
4.237667
4.221011
4.204546
4.188266
4.172166
4.156242
4.140489
4.124903
4.109481
4.094217
4.079112
4.064163
4.049364
4.034711
4.020199
4.005825
3.991586
3.977478
3.963498
3.949643
3.935909
3.922295
3.908796
3.895410
3.882135
3.868968
3.855911
3.842962
3.830114
3.817366
3.804716
3.792160
3.779697
3.767324
3.755040
3.742842
3.730728
3.718697
3.706746
3.694875
3.683081
3.671362
3.659717
3.648146
3.636648
3.625224
3.613869
3.602582
3.591361
3.580204
3.569111
3.558080
3.547110
3.536199
3.525347
3.514552
3.503812
3.493128
3.482498
3.471921
3.461396
3.450922
3.440498
3.430123
3.419800
3.409528
3.399303
3.389126
3.378994
3.368907
3.358865
3.348866
3.338910
3.328996
3.319123
3.309291
3.299499
3.289746
3.280032
3.270357
3.260718
3.251117
3.241553
3.232025
3.222532
3.213074
3.203654
3.194269
3.184920
3.175605
3.166324
3.157075
3.147859
3.138675
3.129523
3.120402
3.111311
3.102252
3.093222
3.084222
3.075251
3.066310
3.057397
3.048513
3.039656
3.030828
3.022027
3.013254
3.004508
2.995788
2.987097
2.978433
2.969797
2.961188
2.952605
2.944048
2.935517
2.927011
2.918530
2.910074
2.901642
2.893235
2.884852
2.876493
2.868157
2.859846
2.851557
2.843292
2.835050
2.826831
2.818635
2.810462
2.802311
2.794182
2.786075
2.777991
2.769929
2.761890
2.753875
2.745882
2.737911
2.729962
2.722035
2.714128
2.706243
2.698379
2.690536
2.682714
2.674912
2.667131
2.659371
2.651631
2.643911
2.636211
2.628531
2.620871
2.613231
2.605611
2.598010
2.590429
2.582868
2.575326
2.567803
2.560300
2.552815
2.545352
2.537909
2.530486
2.523082
2.515698
2.508332
2.500985
2.493658
2.486349
2.479059
2.471787
2.464534
2.457299
2.450083
2.442885
2.435705
2.428543
2.421399
2.414273
2.407166
2.400076
2.393004
2.385950
2.378913
2.371894
2.364893
2.357910
2.350943
2.343995
2.337064
2.330151
2.323256
2.316380
2.309521
2.302681
2.295857
2.289051
2.282262
2.275490
2.268736
2.261998
2.255277
2.248574
2.241887
2.235217
2.228564
2.221927
2.215307
2.208704
2.202117
2.195547
2.188993
2.182456
2.175935
2.169431
2.162943
2.156471
2.150015
2.143575
2.137152
2.130745
2.124354
2.117979
2.111620
2.105278
2.098954
2.092646
2.086353
2.080077
2.073817
2.067573
2.061345
2.055132
2.048936
2.042755
2.036589
2.030439
2.024305
2.018187
2.012083
2.005996
1.999923
1.993866
1.987825
1.981798
1.975787
1.969791
1.963810
1.957845
1.951894
1.945959
1.940039
1.934133
1.928243
1.922368
1.916507
1.910662
1.904831
1.899015
1.893215
1.887429
1.881660
1.875905
1.870166
1.864441
1.858731
1.853036
1.847355
1.841689
1.836037
1.830401
1.824778
1.819170
1.813576
1.807997
1.802432
1.796881
1.791345
1.785823
1.780315
1.774821
1.769341
1.763876
1.758424
1.752986
1.747563
1.742153
1.736758
1.731376
1.726008
1.720654
1.715314
1.709987
1.704674
1.699375
1.694090
1.688819
1.683561
1.678316
1.673086
1.667869
1.662667
1.657479
1.652304
1.647143
1.641996
1.636862
1.631741
1.626634
1.621540
1.616459
1.611392
1.606338
1.601297
1.596270
1.591255
1.586254
1.581265
1.576290
1.571328
1.566378
1.561442
1.556519
1.551608
1.546710
1.541826
1.536954
1.532094
1.527248
1.522414
1.517593
1.512784
1.507989
1.503205
1.498435
1.493677
1.488931
1.484198
1.479478
1.474770
1.470074
1.465391
1.460720
1.456061
1.451415
1.446783
1.442162
1.437554
1.432959
1.428375
1.423804
1.419245
1.414699
1.410164
1.405642
1.401131
1.396633
1.392146
1.387672
1.383209
1.378758
1.374320
1.369893
1.365477
1.361074
1.356682
1.352302
1.347934
1.343577
1.339232
1.334899
1.330577
1.326267
1.321969
1.317681
1.313406
1.309142
1.304889
1.300647
1.296417
1.292199
1.287991
1.283795
1.279611
1.275437
1.271275
1.267124
1.262984
1.258855
1.254738
1.250631
1.246536
1.242451
1.238378
1.234316
1.230265
1.226225
1.222197
1.218179
1.214173
1.210178
1.206193
1.202219
1.198256
1.194304
1.190362
1.186432
1.182512
1.178602
1.174704
1.170815
1.166938
1.163071
1.159214
1.155368
1.151533
1.147708
1.143893
1.140089
1.136295
1.132512
1.128739
1.124976
1.121223
1.117481
1.113749
1.110027
1.106315
1.102614
1.098923
1.095241
1.091570
1.087909
1.084258
1.080617
1.076986
1.073365
1.069754
1.066152
1.062561
1.058979
1.055408
1.051846
1.048294
1.044752
1.041219
1.037697
1.034184
1.030680
1.027187
1.023703
1.020229
1.016764
1.013309
1.009864
1.006429
1.003003
0.999587
0.996180
0.992783
0.989395
0.986017
0.982648
0.979289
0.975939
0.972598
0.969266
0.965944
0.962631
0.959327
0.956033
0.952747
0.949471
0.946204
0.942946
0.939697
0.936457
0.933226
0.930005
0.926792
0.923588
0.920393
0.917207
0.914030
0.910862
0.907703
0.904552
0.901411
0.898278
0.895154
0.892039
0.888932
0.885834
0.882745
0.879665
0.876593
0.873530
0.870475
0.867429
0.864392
0.861363
0.858343
0.855331
0.852327
0.849332
0.846346
0.843368
0.840398
0.837437
0.834484
0.831540
0.828603
0.825676
0.822756
0.819845
0.816941
0.814046
0.811160
0.808281
0.805411
0.802548
0.799694
0.796848
0.794011
0.791181
0.788360
0.785547
0.782741
0.779944
0.777155
0.774374
0.771601
0.768835
0.766078
0.763328
0.760586
0.757852
0.755126
0.752408
0.749697
0.746995
0.744300
0.741612
0.738933
0.736261
0.733596
0.730939
0.728290
0.725649
0.723015
0.720388
0.717769
0.715158
0.712554
0.709958
0.707369
0.704787
0.702213
0.699647
0.697087
0.694535
0.691991
0.689454
0.686924
0.684401
0.681886
0.679377
0.676877
0.674383
0.671896
0.669417
0.666945
0.664480
0.662022
0.659571
0.657128
0.654691
0.652262
0.649839
0.647424
0.645015
0.642614
0.640219
0.637831
0.635451
0.633077
0.630710
0.628350
0.625997
0.623651
0.621312
0.618979
0.616653
0.614334
0.612022
0.609716
0.607417
0.605125
0.602840
0.600561
0.598289
0.596024
0.593765
0.591512
0.589267
0.587028
0.584795
0.582569
0.580350
0.578137
0.575931
0.573731
0.571538
0.569351
0.567171
0.564997
0.562829
0.560668
0.558514
0.556365
0.554223
0.552088
0.549958
0.547835
0.545718
0.543608
0.541503
0.539405
0.537313
0.535227
0.533148
0.531074
0.529007
0.526946
0.524891
0.522842
0.520799
0.518762
0.516731
0.514706
0.512688
0.510675
0.508668
0.506667
0.504672
0.502683
0.500700
0.498723
0.496751
0.494786
0.492826
0.490873
0.488925
0.486982
0.485046
0.483116
0.481191
0.479272
0.477358
0.475451
0.473549
0.471653
0.469762
0.467877
0.465998
0.464125
0.462257
0.460394
0.458537
0.456686
0.454841
0.453000
0.451166
0.449337
0.447513
0.445695
0.443883
0.442075
0.440274
0.438477
0.436687
0.434901
0.433121
0.431346
0.429577
0.427813
0.426054
0.424301
0.422553
0.420810
0.419073
0.417341
0.415614
0.413892
0.412175
0.410464
0.408758
0.407057
0.405362
0.403671
0.401986
0.400305
0.398630
0.396960
0.395295
0.393635
0.391980
0.390330
0.388686
0.387046
0.385411
0.383781
0.382157
0.380537
0.378922
0.377312
0.375707
0.374107
0.372512
0.370922
0.369337
0.367756
0.366181
0.364610
0.363044
0.361483
0.359926
0.358375
0.356828
0.355286
0.353749
0.352217
0.350690
0.349167
0.347649
0.346135
0.344627
0.343123
0.341623
0.340129
0.338639
0.337153
0.335672
0.334196
0.332724
0.331257
0.329795
0.328337
0.326884
0.325435
0.323990
0.322551
0.321115
0.319684
0.318258
0.316836
0.315418
0.314005
0.312597
0.311192
0.309793
0.308397
0.307006
0.305619
0.304237
0.302859
0.301485
0.300116
0.298751
0.297390
0.296034
0.294681
0.293334
0.291990
0.290650
0.289315
0.287984
0.286657
0.285335
0.284017
0.282702
0.281392
0.280086
0.278785
0.277487
0.276194
0.274904
0.273619
0.272338
0.271061
0.269788
0.268519
0.267254
0.265993
0.264736
0.263483
0.262234
0.260990
0.259749
0.258512
0.257279
0.256050
0.254825
0.253604
0.252387
0.251174
0.249965
0.248759
0.247558
0.246360
0.245166
0.243976
0.242790
0.241608
0.240430
0.239255
0.238084
0.236918
0.235754
0.234595
0.233439
0.232287
0.231139
0.229995
0.228854
0.227717
0.226584
0.225455
0.224329
0.223207
0.222088
0.220974
0.219863
0.218755
0.217651
0.216551
0.215454
0.214361
0.213272
0.212186
0.211104
0.210025
0.208950
0.207879
0.206811
0.205747
0.204686
0.203628
0.202575
0.201524
0.200477
0.199434
0.198394
0.197358
0.196325
0.195295
0.194269
0.193247
0.192227
0.191212
0.190199
0.189190
0.188185
0.187182
0.186184
0.185188
0.184196
0.183207
0.182222
0.181240
0.180261
0.179286
0.178313
0.177345
0.176379
0.175417
0.174458
0.173502
0.172550
0.171601
0.170655
0.169712
0.168772
0.167836
0.166903
0.165973
0.165047
0.164123
0.163203
0.162286
0.161372
0.160461
0.159553
0.158649
0.157747
0.156849
0.155954
0.155062
0.154173
0.153287
0.152405
0.151525
0.150649
0.149775
0.148905
0.148037
0.147173
0.146312
0.145453
0.144598
0.143746
0.142897
0.142050
0.141207
0.140367
0.139530
0.138695
0.137864
0.137036
0.136211
0.135388
0.134569
0.133752
0.132939
0.132128
0.131320
0.130515
0.129713
0.128914
0.128118
0.127325
0.126534
0.125747
0.124962
0.124180
0.123401
0.122625
0.121851
0.121081
0.120313
0.119548
0.118786
0.118027
0.117270
0.116516
0.115765
0.115017
0.114272
0.113529
0.112789
0.112052
0.111317
0.110586
0.109857
0.109130
0.108407
0.107686
0.106968
0.106252
0.105539
0.104829
0.104122
0.103417
0.102715
0.102015
0.101318
0.100624
0.099933
0.099244
0.098557
0.097874
0.097193
0.096514
0.095838
0.095165
0.094494
0.093826
0.093161
0.092498
0.091837
0.091180
0.090524
0.089872
0.089221
0.088574
0.087929
0.087286
0.086646
0.086008
0.085373
0.084741
0.084111
0.083483
0.082858
0.082235
0.081615
0.080998
0.080382
0.079770
0.079159
0.078551
0.077946
0.077343
0.076743
0.076144
0.075549
0.074955
0.074364
0.073776
0.073190
0.072606
0.072025
0.071446
0.070869
0.070295
0.069723
0.069153
0.068586
0.068021
0.067459
0.066899
0.066341
0.065786
0.065232
0.064681
0.064133
0.063587
0.063043
0.062501
0.061962
0.061425
0.060890
0.060357
0.059827
0.059299
0.058773
0.058250
0.057728
0.057209
0.056692
0.056178
0.055665
0.055155
0.054647
0.054142
0.053638
0.053137
0.052638
0.052141
0.051646
0.051153
0.050663
0.050175
0.049689
0.049205
0.048723
0.048243
0.047766
0.047290
0.046817
0.046346
0.045877
0.045410
0.044946
0.044483
0.044022
0.043564
0.043107
0.042653
0.042201
0.041751
0.041303
0.040857
0.040413
0.039971
0.039531
0.039093
0.038657
0.038224
0.037792
0.037362
0.036935
0.036509
0.036085
0.035664
0.035244
0.034826
0.034411
0.033997
0.033585
0.033176
0.032768
0.032362
0.031958
0.031556
0.031156
0.030758
0.030362
0.029968
0.029576
0.029185
0.028797
0.028410
0.028026
0.027643
0.027262
0.026883
0.026506
0.026131
0.025758
0.025387
0.025017
0.024649
0.024284
0.023920
0.023557
0.023197
0.022839
0.022482
0.022127
0.021774
0.021423
0.021074
0.020726
0.020380
0.020036
0.019694
0.019353
0.019015
0.018678
0.018343
0.018009
0.017678
0.017348
0.017020
0.016693
0.016368
0.016046
0.015724
0.015405
0.015087
0.014771
0.014456
0.014144
0.013833
0.013523
0.013216
0.012910
0.012605
0.012303
0.012002
0.011702
0.011404
0.011108
0.010814
0.010521
0.010230
0.009940
0.009652
0.009366
0.009081
0.008798
0.008516
0.008236
0.007958
0.007681
0.007406
0.007132
0.006860
0.006589
0.006320
0.006052
0.005786
0.005522
0.005259
0.004997
0.004737
0.004479
0.004222
0.003967
0.003713
0.003460
0.003209
0.002960
0.002712
0.002465
0.002220
0.001976
0.001734
0.001493
0.001253
0.001015
0.000779
0.000544
0.000310
0.000078
-0.000153
-0.000383
-0.000611
-0.000838
-0.001063
-0.001287
-0.001510
-0.001732
-0.001952
-0.002170
-0.002388
-0.002604
-0.002818
-0.003032
-0.003244
-0.003454
-0.003664
-0.003872
-0.004079
-0.004284
-0.004489
-0.004692
-0.004894
-0.005094
-0.005293
-0.005491
-0.005688
-0.005884
-0.006078
-0.006271
-0.006463
-0.006653
-0.006843
-0.007031
-0.007218
-0.007404
-0.007589
-0.007772
-0.007954
-0.008136
-0.008316
-0.008494
-0.008672
-0.008849
-0.009024
-0.009198
-0.009372
-0.009544
-0.009715
-0.009884
-0.010053
-0.010221
-0.010387
-0.010553
-0.010717
-0.010881
-0.011043
-0.011204
-0.011364
-0.011523
-0.011681
-0.011838
-0.011994
-0.012149
-0.012303
-0.012456
-0.012608
-0.012759
-0.012909
-0.013058
-0.013206
-0.013353
-0.013499
-0.013644
-0.013788
-0.013932
-0.014074
-0.014215
-0.014355
-0.014495
-0.014633
-0.014771
-0.014908
-0.015043
-0.015178
-0.015312
-0.015445
-0.015577
-0.015709
-0.015839
-0.015969
-0.016097
-0.016225
-0.016352
-0.016478
-0.016604
-0.016728
-0.016852
-0.016975
-0.017097
-0.017218
-0.017338
-0.017458
-0.017577
-0.017695
-0.017812
-0.017928
-0.018044
-0.018159
-0.018273
-0.018386
-0.018499
-0.018611
-0.018722
-0.018832
-0.018942
-0.019051
-0.019159
-0.019267
-0.019373
-0.019479
-0.019585
-0.019690
-0.019794
-0.019897
-0.020000
-0.020101
-0.020203
-0.020303
-0.020403
-0.020503
-0.020601
-0.020699
-0.020797
-0.020894
-0.020990
-0.021085
-0.021180
-0.021274
-0.021368
-0.021461
-0.021553
-0.021645
-0.021736
-0.021827
-0.021917
-0.022007
-0.022096
-0.022184
-0.022272
-0.022359
-0.022446
-0.022532
-0.022617
-0.022703
-0.022787
-0.022871
-0.022954
-0.023037
-0.023120
-0.023202
-0.023283
-0.023364
-0.023444
-0.023524
-0.023604
-0.023682
-0.023761
-0.023839
-0.023916
-0.023993
-0.024070
-0.024146
-0.024221
-0.024296
-0.024371
-0.024445
-0.024519
-0.024592
-0.024665
-0.024738
-0.024810
-0.024881
-0.024952
-0.025023
-0.025094
-0.025163
-0.025233
-0.025302
-0.025371
-0.025439
-0.025507
-0.025575
-0.025642
-0.025709
-0.025775
-0.025841
-0.025907
-0.025972
-0.026037
-0.026101
-0.026165
-0.026229
-0.026293
-0.026356
-0.026419
-0.026481
-0.026543
-0.026605
-0.026666
-0.026727
-0.026788
-0.026849
-0.026909
-0.026969
-0.027028
-0.027087
-0.027146
-0.027205
-0.027263
-0.027321
-0.027379
-0.027436
-0.027493
-0.027550
-0.027606
-0.027663
-0.027719
-0.027774
-0.027830
-0.027885
-0.027939
-0.027994
-0.028048
-0.028102
-0.028156
-0.028210
-0.028263
-0.028316
-0.028369
-0.028421
-0.028474
-0.028526
-0.028577
-0.028629
-0.028680
-0.028731
-0.028782
-0.028833
-0.028883
-0.028933
-0.028983
-0.029033
-0.029082
-0.029132
-0.029181
-0.029230
-0.029278
-0.029327
-0.029375
-0.029423
-0.029471
-0.029518
-0.029566
-0.029613
-0.029660
-0.029707
-0.029754
-0.029800
-0.029846
-0.029892
-0.029938
-0.029984
-0.030030
-0.030075
-0.030120
-0.030165
-0.030210
-0.030255
-0.030299
-0.030343
-0.030388
-0.030432
-0.030475
-0.030519
-0.030563
-0.030606
-0.030649
-0.030692
-0.030735
-0.030778
-0.030820
-0.030863
-0.030905
-0.030947
-0.030989
-0.031031
-0.031073
-0.031114
-0.031156
-0.031197
-0.031238
-0.031279
-0.031320
-0.031360
-0.031401
-0.031442
-0.031482
-0.031522
-0.031562
-0.031602
-0.031642
-0.031682
-0.031721
-0.031761
-0.031800
-0.031839
-0.031878
-0.031917
-0.031956
-0.031995
-0.032033
-0.032072
-0.032110
-0.032148
-0.032187
-0.032225
-0.032263
-0.032300
-0.032338
-0.032376
-0.032413
-0.032451
-0.032488
-0.032525
-0.032562
-0.032599
-0.032636
-0.032673
-0.032709
-0.032746
-0.032783
-0.032819
-0.032855
-0.032891
-0.032928
-0.032964
-0.032999
-0.033035
-0.033071
-0.033107
-0.033142
-0.033178
-0.033213
-0.033248
-0.033284
-0.033319
-0.033354
-0.033389
-0.033423
-0.033458
-0.033493
-0.033527
-0.033562
-0.033596
-0.033631
-0.033665
-0.033699
-0.033733
-0.033767
-0.033801
-0.033835
-0.033869
-0.033903
-0.033936
-0.033970
-0.034003
-0.034037
-0.034070
-0.034103
-0.034137
-0.034170
-0.034203
-0.034236
-0.034269
-0.034301
-0.034334
-0.034367
-0.034399
-0.034432
-0.034464
-0.034497
-0.034529
-0.034561
-0.034594
-0.034626
-0.034658
-0.034690
-0.034722
-0.034754
-0.034785
-0.034817
-0.034849
-0.034880
-0.034912
-0.034943
-0.034975
-0.035006
-0.035037
-0.035069
-0.035100
-0.035131
-0.035162
-0.035193
-0.035224
-0.035255
-0.035285
-0.035316
-0.035347
-0.035377
-0.035408
-0.035438
-0.035469
-0.035499
-0.035529
-0.035560
-0.035590
-0.035620
-0.035650
-0.035680
-0.035710
-0.035740
-0.035770
-0.035799
-0.035829
-0.035859
-0.035888
-0.035918
-0.035948
-0.035977
-0.036006
-0.036036
-0.036065
-0.036094
-0.036123
-0.036152
-0.036181
-0.036211
-0.036239
-0.036268
-0.036297
-0.036326
-0.036355
-0.036383
-0.036412
-0.036441
-0.036469
-0.036498
-0.036526
-0.036554
-0.036583
-0.036611
-0.036639
-0.036667
-0.036695
-0.036723
-0.036751
-0.036779
-0.036807
-0.036835
-0.036863
-0.036891
-0.036918
-0.036946
-0.036974
-0.037001
-0.037029
-0.037056
-0.037083
-0.037111
-0.037138
-0.037165
-0.037193
-0.037220
-0.037247
-0.037274
-0.037301
-0.037328
-0.037355
-0.037382
-0.037408
-0.037435
-0.037462
-0.037488
-0.037515
-0.037542
-0.037568
-0.037595
-0.037621
-0.037647
-0.037674
-0.037700
-0.037726
-0.037752
-0.037779
-0.037805
-0.037831
-0.037857
-0.037883
-0.037909
-0.037934
-0.037960
-0.037986
-0.038012
-0.038037
-0.038063
-0.038089
-0.038114
-0.038140
-0.038165
-0.038190
-0.038216
-0.038241
-0.038266
-0.038291
-0.038317
-0.038342
-0.038367
-0.038392
-0.038417
-0.038442
-0.038467
-0.038491
-0.038516
-0.038541
-0.038566
-0.038590
-0.038615
-0.038640
-0.038664
-0.038689
-0.038713
-0.038737
-0.038762
-0.038786
-0.038810
-0.038834
-0.038859
-0.038883
-0.038907
-0.038931
-0.038955
-0.038979
-0.039003
-0.039027
-0.039050
-0.039074
-0.039098
-0.039122
-0.039145
-0.039169
-0.039192
-0.039216
-0.039239
-0.039263
-0.039286
-0.039309
-0.039333
-0.039356
-0.039379
-0.039402
-0.039425
-0.039448
-0.039471
-0.039494
-0.039517
-0.039540
-0.039563
-0.039586
-0.039609
-0.039632
-0.039654
-0.039677
-0.039699
-0.039722
-0.039745
-0.039767
-0.039789
-0.039812
-0.039834
-0.039856
-0.039879
-0.039901
-0.039923
-0.039945
-0.039967
-0.039989
-0.040011
-0.040033
-0.040055
-0.040077
-0.040099
-0.040121
-0.040143
-0.040164
-0.040186
-0.040208
-0.040229
-0.040251
-0.040272
-0.040294
-0.040315
-0.040337
-0.040358
-0.040379
-0.040401
-0.040422
-0.040443
-0.040464
-0.040485
-0.040506
-0.040527
-0.040548
-0.040569
-0.040590
-0.040611
-0.040632
-0.040653
-0.040673
-0.040694
-0.040715
-0.040735
-0.040756
-0.040776
-0.040797
-0.040817
-0.040838
-0.040858
-0.040879
-0.040899
-0.040919
-0.040939
-0.040960
-0.040980
-0.041000
-0.041020
-0.041040
-0.041060
-0.041080
-0.041100
-0.041120
-0.041139
-0.041159
-0.041179
-0.041199
-0.041218
-0.041238
-0.041258
-0.041277
-0.041297
-0.041316
-0.041336
-0.041355
-0.041374
-0.041394
-0.041413
-0.041432
-0.041451
-0.041471
-0.041490
-0.041509
-0.041528
-0.041547
-0.041566
-0.041585
-0.041604
-0.041623
-0.041641
-0.041660
-0.041679
-0.041698
-0.041716
-0.041735
-0.041754
-0.041772
-0.041791
-0.041809
-0.041828
-0.041846
-0.041865
-0.041883
-0.041901
-0.041919
-0.041938
-0.041956
-0.041974
-0.041992
-0.042010
-0.042028
-0.042046
-0.042064
-0.042082
-0.042100
-0.042118
-0.042136
-0.042154
-0.042171
-0.042189
-0.042207
-0.042224
-0.042242
-0.042260
-0.042277
-0.042295
-0.042312
-0.042330
-0.042347
-0.042364
-0.042382
-0.042399
-0.042416
-0.042433
-0.042451
-0.042468
-0.042485
-0.042502
-0.042519
-0.042536
-0.042553
-0.042570
-0.042587
-0.042604
-0.042621
-0.042637
-0.042654
-0.042671
-0.042688
-0.042704
-0.042721
-0.042738
-0.042754
-0.042771
-0.042787
-0.042804
-0.042820
-0.042836
-0.042853
-0.042869
-0.042885
-0.042902
-0.042918
-0.042934
-0.042950
-0.042966
-0.042982
-0.042998
-0.043014
-0.043030
-0.043046
-0.043062
-0.043078
-0.043094
-0.043110
-0.043126
-0.043141
-0.043157
-0.043173
-0.043189
-0.043204
-0.043220
-0.043235
-0.043251
-0.043266
-0.043282
-0.043297
-0.043313
-0.043328
-0.043343
-0.043359
-0.043374
-0.043389
-0.043404
-0.043420
-0.043435
-0.043450
-0.043465
-0.043480
-0.043495
-0.043510
-0.043525
-0.043540
-0.043555
-0.043570
-0.043584
-0.043599
-0.043614
-0.043629
-0.043643
-0.043658
-0.043673
-0.043687
-0.043702
-0.043716
-0.043731
-0.043745
-0.043760
-0.043774
-0.043789
-0.043803
-0.043817
-0.043832
-0.043846
-0.043860
-0.043874
-0.043889
-0.043903
-0.043917
-0.043931
-0.043945
-0.043959
-0.043973
-0.043987
-0.044001
-0.044015
-0.044029
-0.044043
-0.044056
-0.044070
-0.044084
-0.044098
-0.044111
-0.044125
-0.044139
-0.044152
-0.044166
-0.044180
-0.044193
-0.044207
-0.044220
-0.044234
-0.044247
-0.044260
-0.044274
-0.044287
-0.044300
-0.044314
-0.044327
-0.044340
-0.044353
-0.044366
-0.044380
-0.044393
-0.044406
-0.044419
-0.044432
-0.044445
-0.044458
-0.044471
-0.044484
-0.044497
-0.044509
-0.044522
-0.044535
-0.044548
-0.044561
-0.044573
-0.044586
-0.044599
-0.044611
-0.044624
-0.044636
-0.044649
-0.044662
-0.044674
-0.044687
-0.044699
-0.044711
-0.044724
-0.044736
-0.044749
-0.044761
-0.044773
-0.044785
-0.044798
-0.044810
-0.044822
-0.044834
-0.044846
-0.044858
-0.044871
-0.044883
-0.044895
-0.044907
-0.044919
-0.044931
-0.044943
-0.044954
-0.044966
-0.044978
-0.044990
-0.045002
-0.045014
-0.045025
-0.045037
-0.045049
-0.045060
-0.045072
-0.045084
-0.045095
-0.045107
-0.045118
-0.045130
-0.045141
-0.045153
-0.045164
-0.045176
-0.045187
-0.045199
-0.045210
-0.045221
-0.045233
-0.045244
-0.045255
-0.045266
-0.045278
-0.045289
-0.045300
-0.045311
-0.045322
-0.045333
-0.045344
-0.045355
-0.045366
-0.045377
-0.045388
-0.045399
-0.045410
-0.045421
-0.045432
-0.045443
-0.045454
-0.045465
-0.045475
-0.045486
-0.045497
-0.045508
-0.045518
-0.045529
-0.045540
-0.045550
-0.045561
-0.045571
-0.045582
-0.045592
-0.045603
-0.045613
-0.045624
-0.045634
-0.045645
-0.045655
-0.045666
-0.045676
-0.045686
-0.045696
-0.045707
-0.045717
-0.045727
-0.045738
-0.045748
-0.045758
-0.045768
-0.045778
-0.045788
-0.045798
-0.045808
-0.045818
-0.045829
-0.045839
-0.045849
-0.045858
-0.045868
-0.045878
-0.045888
-0.045898
-0.045908
-0.045918
-0.045928
-0.045937
-0.045947
-0.045957
-0.045967
-0.045976
-0.045986
-0.045996
-0.046005
-0.046015
-0.046025
-0.046034
-0.046044
-0.046053
-0.046063
-0.046072
-0.046082
-0.046091
-0.046101
-0.046110
-0.046120
-0.046129
-0.046138
-0.046148
-0.046157
-0.046166
-0.046175
-0.046185
-0.046194
-0.046203
-0.046212
-0.046222
-0.046231
-0.046240
-0.046249
-0.046258
-0.046267
-0.046276
-0.046285
-0.046294
-0.046303
-0.046312
-0.046321
-0.046330
-0.046339
-0.046348
-0.046357
-0.046366
-0.046375
-0.046384
-0.046392
-0.046401
-0.046410
-0.046419
-0.046427
-0.046436
-0.046445
-0.046454
-0.046462
-0.046471
-0.046480
-0.046488

