0.000000
0.000000
-0.000026
-0.000052
-0.000077
-0.000103
-0.000128
-0.000153
-0.000177
-0.000201
-0.000224
-0.000247
-0.000270
-0.000293
-0.000315
-0.000337
-0.000359
-0.000380
-0.000402
-0.000423
-0.000444
-0.000465
-0.000485
-0.000506
-0.000526
-0.000547
-0.000567
-0.000587
-0.000607
-0.000627
-0.000647
-0.000667
-0.000687
-0.000707
-0.000726
-0.000746
-0.000766
-0.000785
-0.000805
-0.000824
-0.000844
-0.000863
-0.000883
-0.000902
-0.000922
-0.000941
-0.000961
-0.000980
-0.001000
-0.001019
-0.001038
-0.001058
-0.001077
-0.001097
-0.001116
-0.001135
-0.001155
-0.001174
-0.001194
-0.001213
-0.001233
-0.001252
-0.001271
-0.001291
-0.001310
-0.001330
-0.001349
-0.001369
-0.001388
-0.001408
-0.001428
-0.001447
-0.001467
-0.001486
-0.001506
-0.001525
-0.001545
-0.001565
-0.001584
-0.001604
-0.001624
-0.001644
-0.001663
-0.001683
-0.001703
-0.001723
-0.001743
-0.001762
-0.001782
-0.001802
-0.001822
-0.001842
-0.001862
-0.001882
-0.001902
-0.001922
-0.001942
-0.001962
-0.001982
-0.002002
-0.002022
-0.002042
-0.002063
-0.002083
-0.002103
-0.002123
-0.002143
-0.002164
-0.002184
-0.002204
-0.002225
-0.002245
-0.002265
-0.002286
-0.002306
-0.002326
-0.002347
-0.002367
-0.002388
-0.002408
-0.002429
-0.002449
-0.002470
-0.002491
-0.002511
-0.002532
-0.002553
-0.002573
-0.002594
-0.002615
-0.002635
-0.002656
-0.002677
-0.002698
-0.002719
-0.002739
-0.002760
-0.002781
-0.002802
-0.002823
-0.002844
-0.002865
-0.002886
-0.002907
-0.002928
-0.002949
-0.002970
-0.002991
-0.003012
-0.003033
-0.003054
-0.003075
-0.003097
-0.003118
-0.003139
-0.003160
-0.003181
-0.003203
-0.003224
-0.003245
-0.003266
-0.003288
-0.003309
-0.003330
-0.003352
-0.003373
-0.003395
-0.003416
-0.003437
-0.003459
-0.003480
-0.003502
-0.003523
-0.003545
-0.003566
-0.003588
-0.003610
-0.003631
-0.003653
-0.003674
-0.003696
-0.003718
-0.003739
-0.003761
-0.003783
-0.003804
-0.003826
-0.003848
-0.003869
-0.003891
-0.003913
-0.003935
-0.003956
-0.003978
-0.004000
-0.004022
-0.004044
-0.004066
-0.004088
-0.004109
-0.004131
-0.004153
-0.004175
-0.004197
-0.004219
-0.004241
-0.004263
-0.004285
-0.004307
-0.004329
-0.004351
-0.004373
-0.004395
-0.004417
-0.004439
-0.004461
-0.004483
-0.004505
-0.004527
-0.004550
-0.004572
-0.004594
-0.004616
-0.004638
-0.004660
-0.004683
-0.004705
-0.004727
-0.004749
-0.004771
-0.004794
-0.004816
-0.004838
-0.004860
-0.004883
-0.004905
-0.004927
-0.004949
-0.004972
-0.004994
-0.005016
-0.005039
-0.005061
-0.005083
-0.005106
-0.005128
-0.005150
-0.005173
-0.005195
-0.005218
-0.005240
-0.005262
-0.005285
-0.005307
-0.005330
-0.005352
-0.005375
-0.005397
-0.005419
-0.005442
-0.005464
-0.005487
-0.005509
-0.005532
-0.005554
-0.005577
-0.005599
-0.005622
-0.005644
-0.005667
-0.005690
-0.005712
-0.005735
-0.005757
-0.005780
-0.005802
-0.005825
-0.005847
-0.005870
-0.005893
-0.005915
-0.005938
-0.005960
-0.005983
-0.006006
-0.006028
-0.006051
-0.006073
-0.006096
-0.006119
-0.006141
-0.006164
-0.006187
-0.006209
-0.006232
-0.006255
-0.006277
-0.006300
-0.006323
-0.006345
-0.006368
-0.006391
-0.006413
-0.006436
-0.006459
-0.006482
-0.006504
-0.006527
-0.006550
-0.006572
-0.006595
-0.006618
-0.006641
-0.006663
-0.006686
-0.006709
-0.006731
-0.006754
-0.006777
-0.006800
-0.006822
-0.006845
-0.006868
-0.006891
-0.006913
-0.006936
-0.006959
-0.006982
-0.007004
-0.007027
-0.007050
-0.007073
-0.007095
-0.007118
-0.007141
-0.007164
-0.007187
-0.007209
-0.007232
-0.007255
-0.007278
-0.007300
-0.007323
-0.007346
-0.007369
-0.007392
-0.007414
-0.007437
-0.007460
-0.007483
-0.007505
-0.007528
-0.007551
-0.007574
-0.007597
-0.007619
-0.007642
-0.007665
-0.007688
-0.007711
-0.007733
-0.007756
-0.007779
-0.007802
-0.007825
-0.007847
-0.007870
-0.007893
-0.007916
-0.007939
-0.007961
-0.007984
-0.008007
-0.008030
-0.008052
-0.008075
-0.008098
-0.008121
-0.008144
-0.008166
-0.008189
-0.008212
-0.008235
-0.008258
-0.008280
-0.008303
-0.008326
-0.008349
-0.008371
-0.008394
-0.008417
-0.008440
-0.008462
-0.008485
-0.008508
-0.008531
-0.008554
-0.008576
-0.008599
-0.008622
-0.008645
-0.008667
-0.008690
-0.008713
-0.008736
-0.008758
-0.008781
-0.008804
-0.008827
-0.008849
-0.008872
-0.008895
-0.008917
-0.008940
-0.008963
-0.008986
-0.009008
-0.009031
-0.009054
-0.009077
-0.009099
-0.009122
-0.009145
-0.009167
-0.009190
-0.009213
-0.009235
-0.009258
-0.009281
-0.009304
-0.009326
-0.009349
-0.009372
-0.009394
-0.009417
-0.009440
-0.009462
-0.009485
-0.009508
-0.009530
-0.009553
-0.009576
-0.009598
-0.009621
-0.009643
-0.009666
-0.009689
-0.009711
-0.009734
-0.009757
-0.009779
-0.009802
-0.009824
-0.009847
-0.009870
-0.009892
-0.009915
-0.009937
-0.009960
-0.009983
-0.010005
-0.010028
-0.010050
-0.010073
-0.010095
-0.010118
-0.010141
-0.010163
-0.010186
-0.010208
-0.010231
-0.010253
-0.010276
-0.010298
-0.010321
-0.010343
-0.010366
-0.010388
-0.010411
-0.010433
-0.010456
-0.010478
-0.010501
-0.010523
-0.010546
-0.010568
-0.010591
-0.010613
-0.010636
-0.010658
-0.010680
-0.010703
-0.010725
-0.010748
-0.010770
-0.010793
-0.010815
-0.010837
-0.010860
-0.010882
-0.010905
-0.010927
-0.010949
-0.010972
-0.010994
-0.011017
-0.011039
-0.011061
-0.011084
-0.011106
-0.011128
-0.011151
-0.011173
-0.011195
-0.011218
-0.011240
-0.011262
-0.011285
-0.011307
-0.011329
-0.011351
-0.011374
-0.011396
-0.011418
-0.011440
-0.011463
-0.011485
-0.011507
-0.011529
-0.011552
-0.011574
-0.011596
-0.011618
-0.011641
-0.011663
-0.011685
-0.011707
-0.011729
-0.011752
-0.011774
-0.011796
-0.011818
-0.011840
-0.011862
-0.011884
-0.011907
-0.011929
-0.011951
-0.011973
-0.011995
-0.012017
-0.012039
-0.012061
-0.012083
-0.012106
-0.012128
-0.012150
-0.012172
-0.012194
-0.012216
-0.012238
-0.012260
-0.012282
-0.012304
-0.012326
-0.012348
-0.012370
-0.012392
-0.012414
-0.012436
-0.012458
-0.012480
-0.012502
-0.012524
-0.012546
-0.012568
-0.012590
-0.012612
-0.012634
-0.012655
-0.012677
-0.012699
-0.012721
-0.012743
-0.012765
-0.012787
-0.012809
-0.012831
-0.012852
-0.012874
-0.012896
-0.012918
-0.012940
-0.012962
-0.012983
-0.013005
-0.013027
-0.013049
-0.013070
-0.013092
-0.013114
-0.013136
-0.013158
-0.013179
-0.013201
-0.013223
-0.013244
-0.013266
-0.013288
-0.013310
-0.013331
-0.013353
-0.013375
-0.013396
-0.013418
-0.013440
-0.013461
-0.013483
-0.013505
-0.013526
-0.013548
-0.013569
-0.013591
-0.013613
-0.013634
-0.013656
-0.013677
-0.013699
-0.013721
-0.013742
-0.013764
-0.013785
-0.013807
-0.013828
-0.013850
-0.013871
-0.013893
-0.013914
-0.013936
-0.013957
-0.013979
-0.014000
-0.014022
-0.014043
-0.014065
-0.014086
-0.014107
-0.014129
-0.014150
-0.014172
-0.014193
-0.014214
-0.014236
-0.014257
-0.014278
-0.014300
-0.014321
-0.014343
-0.014364
-0.014385
-0.014406
-0.014428
-0.014449
-0.014470
-0.014492
-0.014513
-0.014534
-0.014555
-0.014577
-0.014598
-0.014619
-0.014640
-0.014662
-0.014683
-0.014704
-0.014725
-0.014746
-0.014768
-0.014789
-0.014810
-0.014831
-0.014852
-0.014873
-0.014894
-0.014916
-0.014937
-0.014958
-0.014979
-0.015000
-0.015021
-0.015042
-0.015063
-0.015084
-0.015105
-0.015126
-0.015147
-0.015168
-0.015189
-0.015210
-0.015231
-0.015252
-0.015273
-0.015294
-0.015315
-0.015336
-0.015357
-0.015378
-0.015399
-0.015420
-0.015441
-0.015462
-0.015483
-0.015504
-0.015524
-0.015545
-0.015566
-0.015587
-0.015608
-0.015629
-0.015650
-0.015670
-0.015691
-0.015712
-0.015733
-0.015754
-0.015774
-0.015795
-0.015816
-0.015837
-0.015857
-0.015878
-0.015899
-0.015920
-0.015940
-0.015961
-0.015982
-0.016002
-0.016023
-0.016044
-0.016064
-0.016085
-0.016106
-0.016126
-0.016147
-0.016168
-0.016188
-0.016209
-0.016229
-0.016250
-0.016271
-0.016291
-0.016312
-0.016332
-0.016353
-0.016373
-0.016394
-0.016414
-0.016435
-0.016455
-0.016476
-0.016496
-0.016517
-0.016537
-0.016558
-0.016578
-0.016599
-0.016619
-0.016639
-0.016660
-0.016680
-0.016701
-0.016721
-0.016741
-0.016762
-0.016782
-0.016802
-0.016823
-0.016843
-0.016863
-0.016884
-0.016904
-0.016924
-0.016945
-0.016965
-0.016985
-0.017005
-0.017026
-0.017046
-0.017066
-0.017086
-0.017107
-0.017127
-0.017147
-0.017167
-0.017187
-0.017207
-0.017228
-0.017248
-0.017268
-0.017288
-0.017308
-0.017328
-0.017348
-0.017369
-0.017389
-0.017409
-0.017429
-0.017449
-0.017469
-0.017489
-0.017509
-0.017529
-0.017549
-0.017569
-0.017589
-0.017609
-0.017629
-0.017649
-0.017669
-0.017689
-0.017709
-0.017729
-0.017749
-0.017769
-0.017789
-0.017808
-0.017828
-0.017848
-0.017868
-0.017888
-0.017908
-0.017928
-0.017948
-0.017967
-0.017987
-0.018007
-0.018027
-0.018047
-0.018066
-0.018086
-0.018106
-0.018126
-0.018145
-0.018165
-0.018185
-0.018205
-0.018224
-0.018244
-0.018264
-0.018284
-0.018303
-0.018323
-0.018343
-0.018362
-0.018382
-0.018401
-0.018421
-0.018441
-0.018460
-0.018480
-0.018500
-0.018519
-0.018539
-0.018558
-0.018578
-0.018597
-0.018617
-0.018636
-0.018656
-0.018675
-0.018695
-0.018714
-0.018734
-0.018753
-0.018773
-0.018792
-0.018812
-0.018831
-0.018851
-0.018870
-0.018889
-0.018909
-0.018928
-0.018948
-0.018967
-0.018986
-0.019006
-0.019025
-0.019044
-0.019064
-0.019083
-0.019102
-0.019122
-0.019141
-0.019160
-0.019179
-0.019199
-0.019218
-0.019237
-0.019256
-0.019276
-0.019295
-0.019314
-0.019333
-0.019353
-0.019372
-0.019391
-0.019410
-0.019429
-0.019448
-0.019468
-0.019487
-0.019506
-0.019525
-0.019544
-0.019563
-0.019582
-0.019601
-0.019620
-0.019639
-0.019658
-0.019677
-0.019696
-0.019715
-0.019734
-0.019753
-0.019772
-0.019791
-0.019810
-0.019829
-0.019848
-0.019867
-0.019886
-0.019905
-0.019924
-0.019943
-0.019962
-0.019981
-0.020000
-0.020019
-0.020037
-0.020056
-0.020075
-0.020094
-0.020113
-0.020132
-0.020150
-0.020169
-0.020188
-0.020207
-0.020226
-0.020244
-0.020263
-0.020282
-0.020301
-0.020319
-0.020338
-0.020357
-0.020375
-0.020394
-0.020413
-0.020432
-0.020450
-0.020469
-0.020488
-0.020506
-0.020525
-0.020543
-0.020562
-0.020581
-0.020599
-0.020618
-0.020636
-0.020655
-0.020674
-0.020692
-0.020711
-0.020729
-0.020748
-0.020766
-0.020785
-0.020803
-0.020822
-0.020840
-0.020859
-0.020877
-0.020895
-0.020914
-0.020932
-0.020951
-0.020969
-0.020988
-0.021006
-0.021024
-0.021043
-0.021061
-0.021079
-0.021098
-0.021116
-0.021135
-0.021153
-0.021171
-0.021189
-0.021208
-0.021226
-0.021244
-0.021263
-0.021281
-0.021299
-0.021317
-0.021336
-0.021354
-0.021372
-0.021390
-0.021408
-0.021427
-0.021445
-0.021463
-0.021481
-0.021499
-0.021517
-0.021536
-0.021554
-0.021572
-0.021590
-0.021608
-0.021626
-0.021644
-0.021662
-0.021680
-0.021698
-0.021716
-0.021734
-0.021752
-0.021770
-0.021788
-0.021806
-0.021824
-0.021842
-0.021860
-0.021878
-0.021896
-0.021914
-0.021932
-0.021950
-0.021968
-0.021986
-0.022004
-0.022022
-0.022040
-0.022058
-0.022075
-0.022093
-0.022111
-0.022129
-0.022147
-0.022165
-0.022182
-0.022200
-0.022218
-0.022236
-0.022254
-0.022271
-0.022289
-0.022307
-0.022325
-0.022342
-0.022360
-0.022378
-0.022395
-0.022413
-0.022431
-0.022448
-0.022466
-0.022484
-0.022501
-0.022519
-0.022537
-0.022554
-0.022572
-0.022590
-0.022607
-0.022625
-0.022642
-0.022660
-0.022677
-0.022695
-0.022713
-0.022730
-0.022748
-0.022765
-0.022783
-0.022800
-0.022818
-0.022835
-0.022853
-0.022870
-0.022887
-0.022905
-0.022922
-0.022940
-0.022957
-0.022975
-0.022992
-0.023009
-0.023027
-0.023044
-0.023062
-0.023079
-0.023096
-0.023114
-0.023131
-0.023148
-0.023166
-0.023183
-0.023200
-0.023217
-0.023235
-0.023252
-0.023269
-0.023286
-0.023304
-0.023321
-0.023338
-0.023355
-0.023373
-0.023390
-0.023407
-0.023424
-0.023441
-0.023458
-0.023476
-0.023493
-0.023510
-0.023527
-0.023544
-0.023561
-0.023578
-0.023595
-0.023613
-0.023630
-0.023647
-0.023664
-0.023681
-0.023698
-0.023715
-0.023732
-0.023749
-0.023766
-0.023783
-0.023800
-0.023817
-0.023834
-0.023851
-0.023868
-0.023885
-0.023902
-0.023919
-0.023935
-0.023952
-0.023969
-0.023986
-0.024003
-0.024020
-0.024037
-0.024054
-0.024070
-0.024087
-0.024104
-0.024121
-0.024138
-0.024155
-0.024171
-0.024188
-0.024205
-0.024222
-0.024238
-0.024255
-0.024272
-0.024289
-0.024305
-0.024322
-0.024339
-0.024356
-0.024372
-0.024389
-0.024406
-0.024422
-0.024439
-0.024456
-0.024472
-0.024489
-0.024505
-0.024522
-0.024539
-0.024555
-0.024572
-0.024588
-0.024605
-0.024622
-0.024638
-0.024655
-0.024671
-0.024688
-0.024704
-0.024721
-0.024737
-0.024754
-0.024770
-0.024787
-0.024803
-0.024820
-0.024836
-0.024852
-0.024869
-0.024885
-0.024902
-0.024918
-0.024935
-0.024951
-0.024967
-0.024984
-0.025000
-0.025016
-0.025033
-0.025049
-0.025065
-0.025082
-0.025098
-0.025114
-0.025131
-0.025147
-0.025163
-0.025179
-0.025196
-0.025212
-0.025228
-0.025244
-0.025261
-0.025277
-0.025293
-0.025309
-0.025326
-0.025342
-0.025358
-0.025374
-0.025390
-0.025406
-0.025423
-0.025439
-0.025455
-0.025471
-0.025487
-0.025503
-0.025519
-0.025535
-0.025551
-0.025567
-0.025583
-0.025600
-0.025616
-0.025632
-0.025648
-0.025664
-0.025680
-0.025696
-0.025712
-0.025728
-0.025744
-0.025760
-0.025775
-0.025791
-0.025807
-0.025823
-0.025839
-0.025855
-0.025871
-0.025887
-0.025903
-0.025919
-0.025935
-0.025950
-0.025966
-0.025982
-0.025998
-0.026014
-0.026030
-0.026045
-0.026061
-0.026077
-0.026093
-0.026109
-0.026124
-0.026140
-0.026156
-0.026172
-0.026187
-0.026203
-0.026219
-0.026235
-0.026250
-0.026266
-0.026282
-0.026297
-0.026313
-0.026329
-0.026344
-0.026360
-0.026376
-0.026391
-0.026407
-0.026422
-0.026438
-0.026454
-0.026469
-0.026485
-0.026500
-0.026516
-0.026532
-0.026547
-0.026563
-0.026578
-0.026594
-0.026609
-0.026625
-0.026640
-0.026656
-0.026671
-0.026687
-0.026702
-0.026718
-0.026733
-0.026748
-0.026764
-0.026779
-0.026795
-0.026810
-0.026825
-0.026841
-0.026856
-0.026872
-0.026887
-0.026902
-0.026918
-0.026933
-0.026948
-0.026964
-0.026979
-0.026994
-0.027010
-0.027025
-0.027040
-0.027055
-0.027071
-0.027086
-0.027101
-0.027116
-0.027132
-0.027147
-0.027162
-0.027177
-0.027193
-0.027208
-0.027223
-0.027238
-0.027253
-0.027268
-0.027284
-0.027299
-0.027314
-0.027329
-0.027344
-0.027359
-0.027374
-0.027389
-0.027405
-0.027420
-0.027435
-0.027450
-0.027465
-0.027480
-0.027495
-0.027510
-0.027525
-0.027540
-0.027555
-0.027570
-0.027585
-0.027600
-0.027615
-0.027630
-0.027645
-0.027660
-0.027675
-0.027690
-0.027705
-0.027720
-0.027734
-0.027749
-0.027764
-0.027779
-0.027794
-0.027809
-0.027824
-0.027839
-0.027853
-0.027868
-0.027883
-0.027898
-0.027913
-0.027928
-0.027942
-0.027957
-0.027972
-0.027987
-0.028001
-0.028016
-0.028031
-0.028046
-0.028060
-0.028075
-0.028090
-0.028105
-0.028119
-0.028134
-0.028149
-0.028163
-0.028178
-0.028193
-0.028207
-0.028222
-0.028237
-0.028251
-0.028266
-0.028281
-0.028295
-0.028310
-0.028324
-0.028339
-0.028353
-0.028368
-0.028383
-0.028397
-0.028412
-0.028426
-0.028441
-0.028455
-0.028470
-0.028484
-0.028499
-0.028513
-0.028528
-0.028542
-0.028557
-0.028571
-0.028586
-0.028600
-0.028614
-0.028629
-0.028643
-0.028658
-0.028672
-0.028687
-0.028701
-0.028715
-0.028730
-0.028744
-0.028758
-0.028773
-0.028787
-0.028801
-0.028816
-0.028830
-0.028844
-0.028859
-0.028873
-0.028887
-0.028902
-0.028916
-0.028930
-0.028944
-0.028959
-0.028973
-0.028987
-0.029001
-0.029015
-0.029030
-0.029044
-0.029058
-0.029072
-0.029086
-0.029101
-0.029115
-0.029129
-0.029143
-0.029157
-0.029171
-0.029185
-0.029200
-0.029214
-0.029228
-0.029242
-0.029256
-0.029270
-0.029284
-0.029298
-0.029312
-0.029326
-0.029340
-0.029354
-0.029368
-0.029382
-0.029396
-0.029410
-0.029424
-0.029438
-0.029452
-0.029466
-0.029480
-0.029494
-0.029508
-0.029522
-0.029536
-0.029550
-0.029564
-0.029578
-0.029592
-0.029606
-0.029620
-0.029633
-0.029647
-0.029661
-0.029675
-0.029689
-0.029703
-0.029717
-0.029730
-0.029744
-0.029758
-0.029772
-0.029786
-0.029799
-0.029813
-0.029827
-0.029841
-0.029854
-0.029868
-0.029882
-0.029896
-0.029909
-0.029923
-0.029937
-0.029951
-0.029964
-0.029978
-0.029992
-0.030005
-0.030019
-0.030033
-0.030046
-0.030060
-0.030074
-0.030087
-0.030101
-0.030114
-0.030128
-0.030142
-0.030155
-0.030169
-0.030182
-0.030196
-0.030209
-0.030223
-0.030237
-0.030250
-0.030264
-0.030277
-0.030291
-0.030304
-0.030318
-0.030331
-0.030345
-0.030358
-0.030372
-0.030385
-0.030399
-0.030412
-0.030425
-0.030439
-0.030452
-0.030466
-0.030479
-0.030493
-0.030506
-0.030519
-0.030533
-0.030546
-0.030559
-0.030573
-0.030586
-0.030600
-0.030613
-0.030626
-0.030640
-0.030653
-0.030666
-0.030679
-0.030693
-0.030706
-0.030719
-0.030733
-0.030746
-0.030759
-0.030772
-0.030786
-0.030799
-0.030812
-0.030825
-0.030839
-0.030852
-0.030865
-0.030878
-0.030891
-0.030905
-0.030918
-0.030931
-0.030944
-0.030957
-0.030970
-0.030983
-0.030997
-0.031010
-0.031023
-0.031036
-0.031049
-0.031062
-0.031075
-0.031088
-0.031101
-0.031114
-0.031127
-0.031140
-0.031154
-0.031167
-0.031180
-0.031193
-0.031206
-0.031219
-0.031232
-0.031245
-0.031258
-0.031271
-0.031284
-0.031296
-0.031309
-0.031322
-0.031335
-0.031348
-0.031361
-0.031374
-0.031387
-0.031400
-0.031413
-0.031426
-0.031439
-0.031451
-0.031464
-0.031477
-0.031490
-0.031503
-0.031516
-0.031529
-0.031541
-0.031554
-0.031567
-0.031580
-0.031593
-0.031605
-0.031618
-0.031631
-0.031644
-0.031656
-0.031669
-0.031682
-0.031695
-0.031707
-0.031720
-0.031733
-0.031746
-0.031758
-0.031771
-0.031784
-0.031796
-0.031809
-0.031822
-0.031834
-0.031847
-0.031860
-0.031872
-0.031885
-0.031898
-0.031910
-0.031923
-0.031935
-0.031948
-0.031961
-0.031973
-0.031986
-0.031998
-0.032011
-0.032023
-0.032036
-0.032049
-0.032061
-0.032074
-0.032086
-0.032099
-0.032111
-0.032124
-0.032136
-0.032149
-0.032161
-0.032174
-0.032186
-0.032199
-0.032211
-0.032223
-0.032236
-0.032248
-0.032261
-0.032273
-0.032286
-0.032298
-0.032310
-0.032323
-0.032335
-0.032347
-0.032360
-0.032372
-0.032385
-0.032397
-0.032409
-0.032422
-0.032434
-0.032446
-0.032459
-0.032471
-0.032483
-0.032495
-0.032508
-0.032520
-0.032532
-0.032545
-0.032557
-0.032569
-0.032581
-0.032594
-0.032606
-0.032618
-0.032630
-0.032642
-0.032655
-0.032667
-0.032679
-0.032691
-0.032703
-0.032716
-0.032728
-0.032740
-0.032752
-0.032764
-0.032776
-0.032788
-0.032800
-0.032813
-0.032825
-0.032837
-0.032849
-0.032861
-0.032873
-0.032885
-0.032897
-0.032909
-0.032921
-0.032933
-0.032945
-0.032957
-0.032969
-0.032981
-0.032993
-0.033005
-0.033017
-0.033029
-0.033041
-0.033053
-0.033065
-0.033077
-0.033089
-0.033101
-0.033113
-0.033125
-0.033137
-0.033149
-0.033161
-0.033173
-0.033185
-0.033197
-0.033209
-0.033220
-0.033232
-0.033244
-0.033256
-0.033268
-0.033280
-0.033292
-0.033303
-0.033315
-0.033327
-0.033339
-0.033351
-0.033362
-0.033374
-0.033386
-0.033398
-0.033410
-0.033421
-0.033433
-0.033445
-0.033457
-0.033468
-0.033480
-0.033492
-0.033504
-0.033515
-0.033527
-0.033539
-0.033550
-0.033562
-0.033574
-0.033585
-0.033597
-0.033609
-0.033620
-0.033632
-0.033644
-0.033655
-0.033667
-0.033679
-0.033690
-0.033702
-0.033713
-0.033725
-0.033737
-0.033748
-0.033760
-0.033771
-0.033783
-0.033795
-0.033806
-0.033818
-0.033829
-0.033841
-0.033852
-0.033864
-0.033875
-0.033887
-0.033898
-0.033910
-0.033921
-0.033933
-0.033944
-0.033956
-0.033967
-0.033979
-0.033990
-0.034001
-0.034013
-0.034024
-0.034036
-0.034047
-0.034059
-0.034070
-0.034081
-0.034093
-0.034104
-0.034116
-0.034127
-0.034138
-0.034150
-0.034161
-0.034172
-0.034184
-0.034195
-0.034206
-0.034218
-0.034229
-0.034240
-0.034252
-0.034263
-0.034274
-0.034285
-0.034297
-0.034308
-0.034319
-0.034330
-0.034342
-0.034353
-0.034364
-0.034375
-0.034387
-0.034398
-0.034409
-0.034420
-0.034431
-0.034443
-0.034454
-0.034465
-0.034476
-0.034487
-0.034498
-0.034510
-0.034521
-0.034532
-0.034543
-0.034554
-0.034565
-0.034576
-0.034588
-0.034599
-0.034610
-0.034621
-0.034632
-0.034643
-0.034654
-0.034665
-0.034676
-0.034687
-0.034698
-0.034709
-0.034720
-0.034731
-0.034742
-0.034753
-0.034764
-0.034775
-0.034786
-0.034797
-0.034808
-0.034819
-0.034830
-0.034841
-0.034852
-0.034863
-0.034874
-0.034885
-0.034896
-0.034907
-0.034918
-0.034929
-0.034940
-0.034950
-0.034961
-0.034972
-0.034983
-0.034994
-0.035005
-0.035016
-0.035027
-0.035037
-0.035048
-0.035059
-0.035070
-0.035081
-0.035092
-0.035102
-0.035113
-0.035124
-0.035135
-0.035146
-0.035156
-0.035167
-0.035178
-0.035189
-0.035199
-0.035210
-0.035221
-0.035232
-0.035242
-0.035253
-0.035264
-0.035275
-0.035285
-0.035296
-0.035307
-0.035317
-0.035328
-0.035339
-0.035349
-0.035360
-0.035371
-0.035381
-0.035392
0.615164
2.150610
4.620060
7.540506
10.682592
13.903577
17.119149
20.281819
23.328454
27.138502
33.441995
41.217491
46.877007
50.268253
52.115490
52.873278
53.166287
53.754971
54.544773
55.250432
55.479743
55.129156
54.235781
52.860165
51.081693
48.994509
46.696004
44.285216
41.854914
39.476866
37.202278
35.073487
33.127041
31.387208
29.863981
28.553526
27.439430
26.496390
25.697526
25.018654
24.438855
23.940714
23.509510
23.133060
22.801146
22.505097
22.237797
21.993113
21.766062
21.552546
21.349200
21.153292
20.962638
20.775518
20.590616
20.406936
20.223775
20.040693
19.857441
19.673913
19.490052
19.305975
19.121773
18.937607
18.753624
18.570047
18.387014
18.204667
18.023186
17.842687
17.663334
17.485182
17.308374
17.132943
16.958976
16.786538
16.615724
16.446530
16.279024
16.113205
15.949136
15.786857
15.626370
15.467697
15.310866
15.155887
15.002780
14.851555
14.702215
14.554779
14.409278
14.265722
14.124111
13.984477
13.846815
13.711148
13.577491
13.445839
13.316244
13.188697
13.668133
14.994190
17.251831
20.108711
23.577010
28.575153
37.957356
48.265249
54.230045
57.338868
58.982509
60.366091
61.617744
62.420653
62.655713
62.307797
61.455474
60.231881
58.768269
57.165141
55.493210
53.801623
52.126116
50.494084
48.926749
47.440824
46.050469
44.768563
43.605254
42.564722
41.644118
40.835252
40.127349
39.509331
38.970471
38.501083
38.092274
37.736287
37.426155
37.155506
36.918953
36.711571
36.529068
36.367650
36.223984
36.095192
35.978825
35.872773
35.775331
35.685000
35.600597
35.521117
35.445762
35.373845
35.304720
35.237829
35.172470
35.107872
35.043001
34.976475
34.906510
34.830746
34.746272
34.649605
34.536819
34.403769
34.246511
34.061679
33.847162
33.602362
33.328682
33.029803
32.711271
32.380241
32.044860
31.713374
31.393478
31.091517
30.812466
30.559600
30.334688
30.138052
29.969036
29.826055
29.707137
29.609772
29.531353
29.469167
29.420565
29.382955
29.353921
29.331177
29.312650
29.296488
29.281054
29.264934
29.246933
29.226058
29.201538
29.172759
29.139304
29.100875
29.057332
29.008646
28.954861
28.896091
28.832524
28.764402
28.691938
28.615420
28.535211
28.451523
28.364747
28.275147
28.183061
28.088837
27.992706
27.895146
27.796339
27.696758
27.596624
27.496408
27.396371
27.296908
27.198492
27.101427
27.006187
26.913119
26.822702
26.735231
26.651186
26.570874
26.494599
26.422734
26.355462
26.292986
26.235516
26.183087
26.135702
26.093343
26.055903
26.023181
25.994912
25.970756
25.950309
25.933112
25.918643
25.906332
25.895558
25.885673
25.876013
25.865907
25.854693
25.841733
25.826429
25.808248
25.786715
25.761445
25.732150
25.698650
25.660883
25.618881
25.572823
25.522924
25.469553
25.413156
25.354283
25.293453
25.231334
25.168542
25.105780
25.043670
24.982877
24.924041
24.867683
24.814367
24.764526
24.718576
24.676805
24.639456
24.606708
24.578611
24.555163
24.536271
24.521744
24.511310
24.504615
24.501218
24.500600
24.502164
24.505238
24.509081
24.512892
24.515821
24.516978
24.515449
24.510319
24.500685
24.485683
24.464511
24.436462
24.400939
24.357492
24.305813
24.245804
24.177485
24.101132
24.017203
23.926264
23.829103
23.726659
23.619938
23.510054
23.398145
23.285381
23.172920
23.061835
22.953137
22.847764
22.746465
22.649927
22.558668
22.473094
22.393450
22.319848
22.252323
22.190787
22.135041
22.084831
22.039820
21.999621
21.963797
21.931883
21.903385
21.877795
21.854571
21.833191
21.813104
21.793765
21.774631
21.755171
21.734863
21.713191
21.689668
21.663828
21.635221
21.603450
21.568137
21.528953
21.485617
21.437900
21.385660
21.328786
21.267237
21.201037
21.130304
21.055191
20.975897
20.892737
20.805987
20.716014
20.623211
20.527987
20.430754
20.331866
20.231808
20.130857
20.029448
19.927816
19.826322
19.725142
19.624541
19.524678
19.425681
19.327712
19.230838
19.135126
19.040608
18.947358
18.855330
18.764563
18.675021
18.586688
18.499526
18.413510
18.328628
18.244825
18.162070
18.080311
17.999521
17.919680
17.840721
17.762625
17.685370
17.608915
17.533230
17.458287
17.384080
17.310552
17.237696
17.165510
17.093953
17.022994
16.952651
16.882877
16.813666
16.745022
16.676905
16.609311
16.542241
16.475666
16.409578
16.343957
16.278828
16.214154
16.149909
16.086127
16.022773
15.959840
15.897326
15.835223
15.773520
15.712194
15.651289
15.590751
15.530587
15.470793
15.411367
15.352297
15.293565
15.235199
15.177168
15.119474
15.062107
15.005092
14.948391
14.892009
14.835928
14.780190
14.724750
14.669617
14.614773
14.560261
14.506037
14.452108
14.398475
14.345144
14.292094
14.239333
14.186854
14.134678
14.082776
14.031156
13.979804
13.928756
13.877977
13.827471
13.777230
13.727282
13.677599
13.628168
13.579016
13.530137
13.481519
13.433157
13.385055
13.337209
13.289632
13.242303
13.195215
13.148378
13.101796
13.055454
13.009348
12.963480
12.917847
12.872451
12.827281
12.782333
12.737610
12.693115
12.648835
12.604774
12.560911
12.517266
12.473828
12.430593
12.387560
12.344718
12.302073
12.259623
12.217361
12.175288
12.133388
12.091678
12.050149
12.008797
11.967619
11.926604
11.885760
11.845093
11.804591
11.764242
11.724060
11.684031
11.644168
11.604460
11.564905
11.525502
11.486246
11.447139
11.408185
11.369376
11.330701
11.292174
11.253784
11.215543
11.177440
11.139473
11.101640
11.063941
11.026373
10.988949
10.951655
10.914484
10.877446
10.840533
10.803745
10.767097
10.730573
10.694168
10.657888
10.621730
10.585695
10.549792
10.514008
10.478339
10.442791
10.407360
10.372051
10.336867
10.301800
10.266843
10.232001
10.197278
10.162668
10.128184
10.093810
10.059549
10.025399
9.991363
9.957439
9.923635
9.889941
9.856357
9.822878
9.789508
9.756253
9.723113
9.690085
9.657162
9.624347
9.591638
9.559038
9.526546
9.494169
9.461897
9.429731
9.397666
9.365706
9.333855
9.302112
9.270480
9.238949
9.207523
9.176198
9.144972
9.113856
9.082847
9.051943
9.021139
8.990438
8.959836
8.929332
8.898936
8.868644
8.838455
8.808365
8.778375
8.748481
8.718686
8.688992
8.659405
8.629915
8.600526
8.571234
8.542037
8.512937
8.483934
8.455035
8.426234
8.397531
8.368922
8.340410
8.311992
8.283668
8.255439
8.227314
8.199281
8.171345
8.143502
8.115750
8.088091
8.060526
8.033053
8.005681
7.978401
7.951213
7.924117
7.897110
7.870194
7.843368
7.816636
7.790000
7.763452
7.736996
7.710628
7.684348
7.658156
7.632053
7.606039
7.580121
7.554289
7.528546
7.502888
7.477317
7.451833
7.426434
7.401123
7.375900
7.350767
7.325716
7.300752
7.275873
7.251076
7.226363
7.201735
7.177193
7.152738
7.128365
7.104076
7.079868
7.055743
7.031698
7.007735
6.983854
6.960056
6.936342
6.912710
6.889157
6.865684
6.842291
6.818976
6.795741
6.772585
6.749510
6.726515
6.703600
6.680762
6.658001
6.635317
6.612710
6.590180
6.567726
6.545350
6.523053
6.500831
6.478686
6.456614
6.434619
6.412698
6.390850
6.369076
6.347377
6.325754
6.304206
6.282730
6.261329
6.239999
6.218741
6.197556
6.176441
6.155398
6.134427
6.113529
6.092704
6.071949
6.051265
6.030650
6.010105
5.989628
5.969222
5.948884
5.928615
5.908416
5.888288
5.868228
5.848235
5.828310
5.808452
5.788661
5.768936
5.749278
5.729686
5.710161
5.690703
5.671313
5.651989
5.632729
5.613534
5.594403
5.575337
5.556334
5.537396
5.518522
5.499711
5.480965
5.462284
5.443666
5.425110
5.406616
5.388185
5.369815
5.351507
5.333259
5.315074
5.296949
5.278886
5.260885
5.242946
5.225068
5.207249
5.189489
5.171789
5.154147
5.136565
5.119041
5.101576
5.084170
5.066822
5.049533
5.032305
5.015134
4.998021
4.980964
4.963963
4.947019
4.930131
4.913301
4.896526
4.879806
4.863144
4.846537
4.829987
4.813494
4.797056
4.780673
4.764343
4.748067
4.731846
4.715677
4.699563
4.683502
4.667495
4.651542
4.635642
4.619795
4.604004
4.588265
4.572579
4.556944
4.541360
4.525827
4.510346
4.494916
4.479537
4.464210
4.448932
4.433706
4.418532
4.403409
4.388337
4.373315
4.358343
4.343420
4.328546
4.313721
4.298945
4.284216
4.269537
4.254906
4.240324
4.225790
4.211305
4.196868
4.182481
4.168142
4.153850
4.139605
4.125406
4.111254
4.097148
4.083089
4.069075
4.055108
4.041186
4.027311
4.013481
3.999697
3.985960
3.972270
3.958625
3.945025
3.931469
3.917958
3.904491
3.891068
3.877689
3.864353
3.851061
3.837813
3.824608
3.811446
3.798328
3.785253
3.772222
3.759235
3.746292
3.733391
3.720533
3.707716
3.694941
3.682208
3.669515
3.656864
3.644255
3.631686
3.619159
3.606672
3.594227
3.581823
3.569459
3.557137
3.544857
3.532617
3.520417
3.508257
3.496137
3.484056
3.472015
3.460012
3.448049
3.436123
3.424237
3.412390
3.400581
3.388811
3.377079
3.365386
3.353731
3.342116
3.330539
3.319001
3.307500
3.296037
3.284611
3.273222
3.261870
3.250555
3.239277
3.228034
3.216828
3.205659
3.194526
3.183429
3.172368
3.161343
3.150355
3.139403
3.128487
3.117607
3.106764
3.095956
3.085183
3.074445
3.063742
3.053074
3.042440
3.031840
3.021275
3.010744
3.000246
2.989782
2.979353
2.968957
2.958595
2.948268
2.937973
2.927713
2.917486
2.907293
2.897135
2.887009
2.876917
2.866857
2.856830
2.846835
2.836872
2.826942
2.817044
2.807177
2.797343
2.787540
2.777768
2.768028
2.758320
2.748643
2.738997
2.729384
2.719801
2.710250
2.700730
2.691242
2.681785
2.672360
2.662964
2.653600
2.644265
2.634961
2.625687
2.616442
2.607228
2.598043
2.588888
2.579762
2.570665
2.561598
2.552559
2.543551
2.534571
2.525620
2.516699
2.507807
2.498943
2.490109
2.481304
2.472528
2.463781
2.455063
2.446372
2.437710
2.429076
2.420469
2.411891
2.403340
2.394816
2.386320
2.377852
2.369410
2.360996
2.352609
2.344248
2.335915
2.327608
2.319329
2.311076
2.302850
2.294651
2.286479
2.278333
2.270214
2.262122
2.254057
2.246018
2.238004
2.230017
2.222056
2.214120
2.206211
2.198326
2.190467
2.182633
2.174825
2.167042
2.159283
2.151550
2.143841
2.136158
2.128499
2.120864
2.113254
2.105669
2.098109
2.090573
2.083061
2.075574
2.068112
2.060674
2.053260
2.045871
2.038506
2.031165
2.023848
2.016554
2.009284
2.002038
1.994815
1.987615
1.980438
1.973285
1.966155
1.959048
1.951963
1.944902
1.937863
1.930847
1.923853
1.916882
1.909933
1.903007
1.896103
1.889222
1.882363
1.875526
1.868711
1.861918
1.855148
1.848400
1.841674
1.834970
1.828288
1.821628
1.814990
1.808373
1.801778
1.795204
1.788651
1.782119
1.775609
1.769120
1.762651
1.756204
1.749777
1.743371
1.736986
1.730621
1.724277
1.717954
1.711650
1.705368
1.699105
1.692863
1.686640
1.680438
1.674256
1.668094
1.661952
1.655830
1.649729
1.643646
1.637584
1.631542
1.625520
1.619517
1.613535
1.607571
1.601627
1.595703
1.589798
1.583912
1.578045
1.572197
1.566368
1.560558
1.554767
1.548994
1.543241
1.537506
1.531789
1.526091
1.520412
1.514750
1.509108
1.503483
1.497877
1.492289
1.486719
1.481167
1.475633
1.470117
1.464619
1.459138
1.453676
1.448231
1.442805
1.437395
1.432004
1.426630
1.421274
1.415936
1.410615
1.405312
1.400026
1.394757
1.389506
1.384272
1.379055
1.373855
1.368672
1.363506
1.358357
1.353224
1.348108
1.343009
1.337927
1.332861
1.327812
1.322779
1.317762
1.312762
1.307778
1.302810
1.297859
1.292923
1.288004
1.283101
1.278213
1.273342
1.268487
1.263647
1.258823
1.254015
1.249223
1.244446
1.239685
1.234939
1.230209
1.225495
1.220796
1.216113
1.211444
1.206792
1.202155
1.197533
1.192927
1.188335
1.183759
1.179198
1.174653
1.170122
1.165606
1.161104
1.156618
1.152146
1.147689
1.143247
1.138819
1.134406
1.130007
1.125623
1.121253
1.116897
1.112556
1.108229
1.103916
1.099618
1.095333
1.091063
1.086807
1.082565
1.078336
1.074122
1.069921
1.065735
1.061562
1.057403
1.053257
1.049126
1.045008
1.040903
1.036812
1.032735
1.028671
1.024620
1.020583
1.016559
1.012548
1.008551
1.004567
1.000597
0.996639
0.992695
0.988764
0.984846
0.980942
0.977050
0.973172
0.969306
0.965453
0.961613
0.957786
0.953972
0.950170
0.946381
0.942605
0.938841
0.935089
0.931351
0.927624
0.923910
0.920209
0.916520
0.912843
0.909178
0.905525
0.901885
0.898257
0.894641
0.891037
0.887445
0.883865
0.880297
0.876741
0.873197
0.869665
0.866145
0.862636
0.859139
0.855654
0.852181
0.848719
0.845269
0.841830
0.838403
0.834988
0.831583
0.828191
0.824810
0.821440
0.818081
0.814734
0.811398
0.808074
0.804760
0.801458
0.798167
0.794887
0.791618
0.788360
0.785114
0.781878
0.778654
0.775440
0.772237
0.769046
0.765865
0.762695
0.759536
0.756388
0.753251
0.750124
0.747008
0.743902
0.740807
0.737723
0.734649
0.731586
0.728533
0.725490
0.722458
0.719436
0.716425
0.713424
0.710433
0.707453
0.704482
0.701522
0.698572
0.695632
0.692702
0.689783
0.686873
0.683973
0.681084
0.678204
0.675334
0.672474
0.669624
0.666784
0.663953
0.661133
0.658322
0.655521
0.652729
0.649947
0.647175
0.644413
0.641660
0.638916
0.636182
0.633458
0.630743
0.628038
0.625342
0.622655
0.619978
0.617310
0.614651
0.612002
0.609362
0.606731
0.604110
0.601498
0.598894
0.596300
0.593715
0.591139
0.588573
0.586015
0.583466
0.580926
0.578396
0.575874
0.573361
0.570857
0.568362
0.565876
0.563398
0.560930
0.558470
0.556019
0.553577
0.551144
0.548719
0.546303
0.543896
0.541497
0.539107
0.536725
0.534352
0.531988
0.529632
0.527284
0.524945
0.522614
0.520292
0.517978
0.515672
0.513375
0.511086
0.508805
0.506533
0.504268
0.502012
0.499764
0.497525
0.495293
0.493070
0.490854
0.488647
0.486448
0.484256
0.482073
0.479898
0.477731
0.475571
0.473420
0.471276
0.469141
0.467013
0.464893
0.462781
0.460676
0.458579
0.456491
0.454409
0.452336
0.450270
0.448212
0.446162
0.444119
0.442084
0.440056
0.438036
0.436023
0.434018
0.432021
0.430031
0.428048
0.426073
0.424105
0.422145
0.420192
0.418247
0.416308
0.414377
0.412454
0.410537
0.408628
0.406727
0.404832
0.402945
0.401064
0.399191
0.397325
0.395467
0.393615
0.391770
0.389933
0.388103
0.386279
0.384463
0.382653
0.380851
0.379055
0.377267
0.375485
0.373710
0.371943
0.370182
0.368427
0.366680
0.364940
0.363206
0.361479
0.359759
0.358045
0.356339
0.354639
0.352945
0.351259
0.349579
0.347905
0.346239
0.344579
0.342925
0.341278
0.339638
0.338004
0.336377
0.334756
0.333142
0.331534
0.329932
0.328337
0.326749
0.325166
0.323590
0.322021
0.320458
0.318901
0.317350
0.315806
0.314267
0.312736
0.311210
0.309690
0.308177
0.306670
0.305169
0.303674
0.302185
0.300703
0.299226
0.297755
0.296291
0.294832
0.293380
0.291933
0.290493
0.289058
0.287630
0.286207
0.284790
0.283379
0.281974
0.280575
0.279182
0.277794
0.276412
0.275036
0.273666
0.272302
0.270943
0.269590
0.268243
0.266901
0.265565
0.264235
0.262910
0.261591
0.260277
0.258969
0.257667
0.256370
0.255079
0.253793
0.252513
0.251238
0.249969
0.248705
0.247446
0.246193
0.244945
0.243703
0.242466
0.241234
0.240008
0.238787
0.237571
0.236361
0.235156
0.233956
0.232761
0.231571
0.230387
0.229208
0.228034
0.226865
0.225701
0.224543
0.223389
0.222241
0.221097
0.219959
0.218825
0.217697
0.216573
0.215455
0.214342
0.213233
0.212129
0.211031
0.209937
0.208848
0.207764
0.206684
0.205610
0.204540
0.203475
0.202415
0.201360
0.200309
0.199263
0.198222
0.197185
0.196153
0.195126
0.194103
0.193085
0.192072
0.191063
0.190059
0.189059
0.188064
0.187073
0.186087
0.185105
0.184128
0.183155
0.182187
0.181223
0.180263
0.179308
0.178357
0.177411
0.176468
0.175531
0.174597
0.173668
0.172743
0.171822
0.170905
0.169993
0.169085
0.168181
0.167281
0.166385
0.165494
0.164606
0.163723
0.162844
0.161969
0.161097
0.160230
0.159367
0.158508
0.157653
0.156802
0.155954
0.155111
0.154272
0.153436
0.152604
0.151777
0.150953
0.150133
0.149316
0.148504
0.147695
0.146890
0.146089
0.145291
0.144498
0.143708
0.142921
0.142138
0.141359
0.140584
0.139812
0.139044
0.138279
0.137518
0.136761
0.136007
0.135256
0.134509
0.133766
0.133026
0.132289
0.131556
0.130827
0.130100
0.129378
0.128658
0.127942
0.127229
0.126520
0.125814
0.125111
0.124412
0.123716
0.123023
0.122333
0.121646
0.120963
0.120283
0.119606
0.118932
0.118262
0.117594
0.116930
0.116268
0.115610
0.114955
0.114303
0.113654
0.113008
0.112365
0.111725
0.111088
0.110454
0.109823
0.109194
0.108569
0.107947
0.107327
0.106711
0.106097
0.105486
0.104878
0.104273
0.103670
0.103071
0.102474
0.101880
0.101288
0.100700
0.100114
0.099531
0.098950
0.098372
0.097797
0.097225
0.096655
0.096087
0.095523
0.094961
0.094401
0.093844
0.093290
0.092738
0.092189
0.091642
0.091098
0.090556
0.090017
0.089480
0.088946
0.088414
0.087884
0.087357
0.086832
0.086310
0.085790
0.085272
0.084757
0.084244
0.083734
0.083225
0.082719
0.082216
0.081714
0.081215
0.080718
0.080224
0.079731
0.079241
0.078753
0.078267
0.077783
0.077302
0.076823
0.076345
0.075870
0.075397
0.074927
0.074458
0.073991
0.073527
0.073064
0.072604
0.072145
0.071689
0.071234
0.070782
0.070332
0.069883
0.069437
0.068992
0.068550
0.068109
0.067671
0.067234
0.066799
0.066367
0.065936
0.065507
0.065079
0.064654
0.064230
0.063809
0.063389
0.062971
0.062555
0.062140
0.061728
0.061317
0.060908
0.060501
0.060095
0.059691
0.059289
0.058889
0.058490
0.058093
0.057698
0.057305
0.056913
0.056523
0.056134
0.055747
0.055362
0.054979
0.054597
0.054216
0.053838
0.053461
0.053085
0.052711
0.052339
0.051968
0.051599
0.051231
0.050865
0.050501
0.050137
0.049776
0.049416
0.049057
0.048700
0.048345
0.047991
0.047638
0.047287
0.046937
0.046589
0.046242
0.045897
0.045553
0.045210
0.044869
0.044530
0.044191
0.043854
0.043519
0.043185
0.042852
0.042521
0.042190
0.041862
0.041534
0.041208
0.040884
0.040560
0.040238
0.039917
0.039598
0.039280
0.038963
0.038647
0.038333
0.038020
0.037708
0.037397
0.037088
0.036780
0.036473
0.036167
0.035863
0.035560
0.035258
0.034957
0.034657
0.034359
0.034062
0.033766
0.033471
0.033177
0.032885
0.032593
0.032303
0.032014
0.031726
0.031440
0.031154
0.030869
0.030586
0.030304
0.030023
0.029743
0.029464
0.029186
0.028909
0.028633
0.028359
0.028085
0.027813
0.027541
0.027271
0.027001
0.026733
0.026466
0.026200
0.025935
0.025670
0.025407
0.025145
0.024884
0.024624
0.024365
0.024107
0.023850
0.023594
0.023339
0.023085
0.022831
0.022579
0.022328
0.022078
0.021829
0.021580
0.021333
0.021086
0.020841
0.020596
0.020353
0.020110
0.019868
0.019627
0.019388
0.019149
0.018910
0.018673
0.018437
0.018202
0.017967
0.017733
0.017501
0.017269
0.017038
0.016808
0.016578
0.016350
0.016122
0.015896
0.015670
0.015445
0.015221
0.014998
0.014775
0.014554
0.014333
0.014113
0.013894
0.013675
0.013458
0.013241
0.013025
0.012810
0.012596
0.012383
0.012170
0.011958
0.011747
0.011537
0.011327
0.011119
0.010911
0.010704
0.010497
0.010292
0.010087
0.009883
0.009679
0.009477
0.009275
0.009074
0.008873
0.008674
0.008475
0.008277
0.008079
0.007883
0.007687
0.007492
0.007297
0.007103
0.006910
0.006718
0.006526
0.006335
0.006145
0.005956
0.005767
0.005579
0.005391
0.005205
0.005019
0.004833
0.004648
0.004464
0.004281
0.004098
0.003916
0.003735
0.003554
0.003375
0.003195
0.003016
0.002838
0.002661
0.002484
0.002308
0.002133
0.001958
0.001784
0.001610
0.001438
0.001265
0.001094
0.000923
0.000752
0.000583
0.000414
0.000245
0.000077
-0.000090
-0.000257
-0.000423
-0.000588
-0.000753
-0.000917
-0.001081
-0.001244
-0.001407
-0.001568
-0.001730
-0.001890
-0.002050
-0.002210
-0.002369
-0.002527
-0.002685
-0.002842
-0.002999
-0.003155
-0.003310
-0.003465
-0.003620
-0.003773
-0.003927
-0.004079
-0.004232
-0.004383
-0.004534
-0.004685
-0.004835
-0.004984
-0.005133
-0.005281
-0.005429
-0.005576
-0.005723
-0.005869
-0.006015
-0.006160
-0.006304
-0.006448
-0.006592
-0.006735
-0.006877
-0.007019
-0.007161
-0.007302
-0.007442
-0.007582
-0.007722
-0.007861
-0.007999
-0.008137
-0.008274
-0.008411
-0.008548
-0.008684
-0.008819
-0.008954
-0.009088
-0.009222
-0.009356
-0.009489
-0.009621
-0.009753
-0.009885
-0.010016
-0.010147
-0.010277
-0.010406
-0.010536
-0.010664
-0.010793
-0.010920
-0.011048
-0.011175
-0.011301
-0.011427
-0.011552
-0.011677
-0.011802
-0.011926
-0.012050
-0.012173
-0.012296
-0.012418
-0.012540
-0.012662
-0.012783
-0.012903
-0.013023
-0.013143
-0.013263
-0.013381
-0.013500
-0.013618
-0.013735
-0.013853
-0.013969
-0.014086
-0.014201
-0.014317
-0.014432
-0.014547
-0.014661
-0.014775
-0.014888
-0.015001
-0.015114
-0.015226
-0.015337
-0.015449
-0.015560
-0.015670
-0.015781
-0.015890
-0.016000
-0.016109
-0.016217
-0.016325
-0.016433
-0.016541
-0.016648
-0.016754
-0.016860
-0.016966
-0.017072
-0.017177
-0.017282
-0.017386
-0.017490
-0.017593
-0.017697
-0.017799
-0.017902
-0.018004
-0.018106
-0.018207
-0.018308
-0.018409
-0.018509
-0.018609
-0.018708
-0.018807
-0.018906
-0.019005
-0.019103
-0.019201
-0.019298
-0.019395
-0.019492
-0.019588
-0.019684
-0.019780
-0.019875
-0.019970
-0.020065
-0.020159
-0.020253
-0.020346
-0.020440
-0.020532
-0.020625
-0.020717
-0.020809
-0.020901
-0.020992
-0.021083
-0.021174
-0.021264
-0.021354
-0.021443
-0.021533
-0.021622
-0.021710
-0.021799
-0.021887
-0.021974
-0.022062
-0.022149
-0.022235
-0.022322
-0.022408
-0.022494
-0.022579
-0.022664
-0.022749
-0.022834
-0.022918
-0.023002
-0.023086
-0.023169
-0.023252
-0.023335
-0.023417
-0.023499
-0.023581
-0.023663
-0.023744
-0.023825
-0.023906
-0.023986
-0.024066
-0.024146
-0.024225
-0.024305
-0.024384
-0.024462
-0.024541
-0.024619
-0.024696
-0.024774
-0.024851
-0.024928
-0.025005
-0.025081
-0.025157
-0.025233
-0.025309
-0.025384
-0.025459
-0.025534
-0.025608
-0.025683
-0.025757
-0.025830
-0.025904
-0.025977
-0.026050
-0.026122
-0.026195
-0.026267
-0.026339
-0.026410
-0.026482
-0.026553
-0.026623
-0.026694
-0.026764
-0.026834
-0.026904
-0.026974
-0.027043
-0.027112
-0.027181
-0.027249
-0.027318
-0.027386
-0.027453
-0.027521
-0.027588
-0.027655
-0.027722
-0.027789
-0.027855
-0.027921
-0.027987
-0.028053
-0.028118
-0.028183
-0.028248
-0.028313
-0.028377
-0.028442
-0.028506
-0.028569
-0.028633
-0.028696
-0.028759
-0.028822
-0.028885
-0.028947
-0.029009
-0.029071
-0.029133
-0.029194
-0.029256
-0.029317
-0.029377
-0.029438
-0.029498
-0.029559
-0.029619
-0.029678
-0.029738
-0.029797
-0.029856
-0.029915
-0.029974
-0.030032
-0.030090
-0.030148
-0.030206
-0.030264
-0.030321
-0.030379
-0.030435
-0.030492
-0.030549
-0.030605
-0.030661
-0.030717
-0.030773
-0.030829
-0.030884
-0.030939
-0.030994
-0.031049
-0.031104
-0.031158
-0.031212
-0.031266
-0.031320
-0.031374
-0.031427
-0.031480
-0.031533
-0.031586
-0.031639
-0.031691
-0.031743
-0.031795
-0.031847
-0.031899
-0.031951
-0.032002
-0.032053
-0.032104
-0.032155
-0.032205
-0.032256
-0.032306
-0.032356
-0.032406
-0.032456
-0.032505
-0.032555
-0.032604
-0.032653
-0.032702
-0.032750
-0.032799
-0.032847
-0.032895
-0.032943
-0.032991
-0.033038
-0.033086
-0.033133
-0.033180
-0.033227
-0.033274
-0.033320
-0.033367
-0.033413
-0.033459
-0.033505
-0.033551
-0.033596
-0.033642
-0.033687
-0.033732
-0.033777
-0.033822
-0.033866
-0.033911
-0.033955
-0.033999
-0.034043
-0.034087
-0.034131
-0.034174
-0.034218
-0.034261
-0.034304
-0.034347
-0.034389
-0.034432
-0.034474
-0.034517
-0.034559
-0.034601
-0.034643
-0.034684
-0.034726
-0.034767
-0.034809
-0.034850
-0.034891
-0.034931
-0.034972
-0.035012
-0.035053
-0.035093
-0.035133
-0.035173
-0.035213
-0.035252
-0.035292
-0.035331
-0.035371
-0.035410
-0.035449
-0.035487
-0.035526
-0.035565
-0.035603
-0.035641
-0.035679
-0.035717
-0.035755
-0.035793
-0.035830
-0.035868
-0.035905
-0.035942
-0.035979
-0.036016
-0.036053
-0.036090
-0.036126
-0.036163
-0.036199
-0.036235
-0.036271
-0.036307
-0.036343
-0.036378
-0.036414
-0.036449
-0.036485
-0.036520
-0.036555
-0.036590
-0.036624
-0.036659
-0.036693
-0.036728
-0.036762
-0.036796
-0.036830
-0.036864
-0.036898
-0.036932
-0.036965
-0.036999
-0.037032
-0.037065
-0.037098
-0.037131
-0.037164
-0.037197
-0.037229
-0.037262
-0.037294
-0.037326
-0.037359
-0.037391
-0.037422
-0.037454
-0.037486
-0.037518
-0.037549
-0.037580
-0.037612
-0.037643
-0.037674
-0.037705
-0.037736
-0.037766
-0.037797
-0.037827
-0.037858
-0.037888
-0.037918
-0.037948
-0.037978
-0.038008
-0.038038
-0.038068
-0.038097
-0.038127
-0.038156
-0.038185
-0.038214
-0.038243
-0.038272
-0.038301
-0.038330
-0.038358
-0.038387
-0.038415
-0.038444
-0.038472
-0.038500
-0.038528
-0.038556
-0.038584
-0.038612
-0.038639
-0.038667
-0.038694
-0.038722
-0.038749
-0.038776
-0.038803
-0.038830
-0.038857
-0.038884
-0.038911
-0.038937

