0.000000
0.000000
-0.000006
-0.000014
-0.000023
-0.000034
-0.000045
-0.000058
-0.000070
-0.000084
-0.000097
-0.000111
-0.000125
-0.000140
-0.000155
-0.000170
-0.000185
-0.000201
-0.000217
-0.000233
-0.000249
-0.000266
-0.000282
-0.000299
-0.000316
-0.000333
-0.000351
-0.000368
-0.000386
-0.000404
-0.000422
-0.000440
-0.000459
-0.000477
-0.000496
-0.000515
-0.000534
-0.000553
-0.000572
-0.000591
-0.000611
-0.000631
-0.000651
-0.000670
-0.000691
-0.000711
-0.000731
-0.000751
-0.000772
-0.000793
-0.000813
-0.000834
-0.000855
-0.000876
-0.000898
-0.000919
-0.000940
-0.000962
-0.000984
-0.001005
-0.001027
-0.001049
-0.001071
-0.001093
-0.001115
-0.001138
-0.001160
-0.001183
-0.001205
-0.001228
-0.001251
-0.001273
-0.001296
-0.001319
-0.001342
-0.001366
-0.001389
-0.001412
-0.001435
-0.001459
-0.001482
-0.001506
-0.001530
-0.001553
-0.001577
-0.001601
-0.001625
-0.001649
-0.001673
-0.001697
-0.001722
-0.001746
-0.001770
-0.001795
-0.001819
-0.001844
-0.001868
-0.001893
-0.001918
-0.001942
-0.001967
-0.001992
-0.002017
-0.002042
-0.002067
-0.002092
-0.002118
-0.002143
-0.002168
-0.002193
-0.002219
-0.002244
-0.002270
-0.002295
-0.002321
-0.002346
-0.002372
-0.002398
-0.002424
-0.002449
-0.002475
-0.002501
-0.002527
-0.002553
-0.002579
-0.002605
-0.002631
-0.002658
-0.002684
-0.002710
-0.002736
-0.002763
-0.002789
-0.002815
-0.002842
-0.002868
-0.002895
-0.002921
-0.002948
-0.002975
-0.003001
-0.003028
-0.003055
-0.003082
-0.003108
-0.003135
-0.003162
-0.003189
-0.003216
-0.003243
-0.003270
-0.003297
-0.003324
-0.003351
-0.003379
-0.003406
-0.003433
-0.003460
-0.003487
-0.003515
-0.003542
-0.003569
-0.003597
-0.003624
-0.003652
-0.003679
-0.003707
-0.003734
-0.003762
-0.003789
-0.003817
-0.003845
-0.003872
-0.003900
-0.003928
-0.003955
-0.003983
-0.004011
-0.004039
-0.004067
-0.004094
-0.004122
-0.004150
-0.004178
-0.004206
-0.004234
-0.004262
-0.004290
-0.004318
-0.004346
-0.004374
-0.004402
-0.004430
-0.004459
-0.004487
-0.004515
-0.004543
-0.004571
-0.004599
-0.004628
-0.004656
-0.004684
-0.004713
-0.004741
-0.004769
-0.004798
-0.004826
-0.004854
-0.004883
-0.004911
-0.004940
-0.004968
-0.004997
-0.005025
-0.005054
-0.005082
-0.005111
-0.005139
-0.005168
-0.005197
-0.005225
-0.005254
-0.005282
-0.005311
-0.005340
-0.005368
-0.005397
-0.005426
-0.005455
-0.005483
-0.005512
-0.005541
-0.005570
-0.005598
-0.005627
-0.005656
-0.005685
-0.005714
-0.005743
-0.005771
-0.005800
-0.005829
-0.005858
-0.005887
-0.005916
-0.005945
-0.005974
-0.006003
-0.006032
-0.006061
-0.006090
-0.006119
-0.006148
-0.006177
-0.006206
-0.006235
-0.006264
-0.006293
-0.006322
-0.006351
-0.006380
-0.006409
-0.006438
-0.006467
-0.006496
-0.006525
-0.006555
-0.006584
-0.006613
-0.006642
-0.006671
-0.006700
-0.006729
-0.006759
-0.006788
-0.006817
-0.006846
-0.006875
-0.006905
-0.006934
-0.006963
-0.006992
-0.007022
-0.007051
-0.007080
-0.007109
-0.007139
-0.007168
-0.007197
-0.007226
-0.007256
-0.007285
-0.007314
-0.007344
-0.007373
-0.007402
-0.007432
-0.007461
-0.007490
-0.007520
-0.007549
-0.007578
-0.007608
-0.007637
-0.007666
-0.007696
-0.007725
-0.007754
-0.007784
-0.007813
-0.007842
-0.007872
-0.007901
-0.007931
-0.007960
-0.007989
-0.008019
-0.008048
-0.008078
-0.008107
-0.008136
-0.008166
-0.008195
-0.008225
-0.008254
-0.008283
-0.008313
-0.008342
-0.008372
-0.008401
-0.008431
-0.008460
-0.008489
-0.008519
-0.008548
-0.008578
-0.008607
-0.008637
-0.008666
-0.008695
-0.008725
-0.008754
-0.008784
-0.008813
-0.008843
-0.008872
-0.008902
-0.008931
-0.008960
-0.008990
-0.009019
-0.009049
-0.009078
-0.009108
-0.009137
-0.009167
-0.009196
-0.009225
-0.009255
-0.009284
-0.009314
-0.009343
-0.009373
-0.009402
-0.009432
-0.009461
-0.009490
-0.009520
-0.009549
-0.009579
-0.009608
-0.009638
-0.009667
-0.009696
-0.009726
-0.009755
-0.009785
-0.009814
-0.009844
-0.009873
-0.009902
-0.009932
-0.009961
-0.009991
-0.010020
-0.010050
-0.010079
-0.010108
-0.010138
-0.010167
-0.010197
-0.010226
-0.010255
-0.010285
-0.010314
-0.010344
-0.010373
-0.010402
-0.010432
-0.010461
-0.010490
-0.010520
-0.010549
-0.010579
-0.010608
-0.010637
-0.010667
-0.010696
-0.010725
-0.010755
-0.010784
-0.010813
-0.010843
-0.010872
-0.010901
-0.010931
-0.010960
-0.010989
-0.011019
-0.011048
-0.011077
-0.011107
-0.011136
-0.011165
-0.011195
-0.011224
-0.011253
-0.011282
-0.011312
-0.011341
-0.011370
-0.011400
-0.011429
-0.011458
-0.011487
-0.011517
-0.011546
-0.011575
-0.011604
-0.011634
-0.011663
-0.011692
-0.011721
-0.011750
-0.011780
-0.011809
-0.011838
-0.011867
-0.011896
-0.011926
-0.011955
-0.011984
-0.012013
-0.012042
-0.012071
-0.012101
-0.012130
-0.012159
-0.012188
-0.012217
-0.012246
-0.012275
-0.012304
-0.012334
-0.012363
-0.012392
-0.012421
-0.012450
-0.012479
-0.012508
-0.012537
-0.012566
-0.012595
-0.012624
-0.012653
-0.012682
-0.012711
-0.012740
-0.012769
-0.012798
-0.012827
-0.012856
-0.012885
-0.012914
-0.012943
-0.012972
-0.013001
-0.013030
-0.013059
-0.013088
-0.013117
-0.013146
-0.013175
-0.013204
-0.013233
-0.013262
-0.013291
-0.013320
-0.013348
-0.013377
-0.013406
-0.013435
-0.013464
-0.013493
-0.013522
-0.013551
-0.013579
-0.013608
-0.013637
-0.013666
-0.013695
-0.013723
-0.013752
-0.013781
-0.013810
-0.013839
-0.013867
-0.013896
-0.013925
-0.013954
-0.013982
-0.014011
-0.014040
-0.014068
-0.014097
-0.014126
-0.014155
-0.014183
-0.014212
-0.014241
-0.014269
-0.014298
-0.014326
-0.014355
-0.014384
-0.014412
-0.014441
-0.014470
-0.014498
-0.014527
-0.014555
-0.014584
-0.014612
-0.014641
-0.014670
-0.014698
-0.014727
-0.014755
-0.014784
-0.014812
-0.014841
-0.014869
-0.014898
-0.014926
-0.014955
-0.014983
-0.015011
-0.015040
-0.015068
-0.015097
-0.015125
-0.015154
-0.015182
-0.015210
-0.015239
-0.015267
-0.015295
-0.015324
-0.015352
-0.015380
-0.015409
-0.015437
-0.015465
-0.015494
-0.015522
-0.015550
-0.015579
-0.015607
-0.015635
-0.015663
-0.015692
-0.015720
-0.015748
-0.015776
-0.015804
-0.015833
-0.015861
-0.015889
-0.015917
-0.015945
-0.015974
-0.016002
-0.016030
-0.016058
-0.016086
-0.016114
-0.016142
-0.016170
-0.016198
-0.016226
-0.016255
-0.016283
-0.016311
-0.016339
-0.016367
-0.016395
-0.016423
-0.016451
-0.016479
-0.016507
-0.016535
-0.016563
-0.016590
-0.016618
-0.016646
-0.016674
-0.016702
-0.016730
-0.016758
-0.016786
-0.016814
-0.016842
-0.016869
-0.016897
-0.016925
-0.016953
-0.016981
-0.017009
-0.017036
-0.017064
-0.017092
-0.017120
-0.017147
-0.017175
-0.017203
-0.017231
-0.017258
-0.017286
-0.017314
-0.017341
-0.017369
-0.017397
-0.017424
-0.017452
-0.017480
-0.017507
-0.017535
-0.017563
-0.017590
-0.017618
-0.017645
-0.017673
-0.017700
-0.017728
-0.017756
-0.017783
-0.017811
-0.017838
-0.017866
-0.017893
-0.017921
-0.017948
-0.017975
-0.018003
-0.018030
-0.018058
-0.018085
-0.018113
-0.018140
-0.018167
-0.018195
-0.018222
-0.018249
-0.018277
-0.018304
-0.018331
-0.018359
-0.018386
-0.018413
-0.018441
-0.018468
-0.018495
-0.018522
-0.018550
-0.018577
-0.018604
-0.018631
-0.018658
-0.018686
-0.018713
-0.018740
-0.018767
-0.018794
-0.018821
-0.018849
-0.018876
-0.018903
-0.018930
-0.018957
-0.018984
-0.019011
-0.019038
-0.019065
-0.019092
-0.019119
-0.019146
-0.019173
-0.019200
-0.019227
-0.019254
-0.019281
-0.019308
-0.019335
-0.019362
-0.019389
-0.019416
-0.019443
-0.019469
-0.019496
-0.019523
-0.019550
-0.019577
-0.019604
-0.019631
-0.019657
-0.019684
-0.019711
-0.019738
-0.019764
-0.019791
-0.019818
-0.019845
-0.019871
-0.019898
-0.019925
-0.019951
-0.019978
-0.020005
-0.020031
-0.020058
-0.020085
-0.020111
-0.020138
-0.020165
-0.020191
-0.020218
-0.020244
-0.020271
-0.020297
-0.020324
-0.020350
-0.020377
-0.020403
-0.020430
-0.020456
-0.020483
-0.020509
-0.020536
-0.020562
-0.020589
-0.020615
-0.020641
-0.020668
-0.020694
-0.020721
-0.020747
-0.020773
-0.020800
-0.020826
-0.020852
-0.020879
-0.020905
-0.020931
-0.020957
-0.020984
-0.021010
-0.021036
-0.021062
-0.021089
-0.021115
-0.021141
-0.021167
-0.021193
-0.021219
-0.021246
-0.021272
-0.021298
-0.021324
-0.021350
-0.021376
-0.021402
-0.021428
-0.021454
-0.021480
-0.021506
-0.021532
-0.021558
-0.021584
-0.021610
-0.021636
-0.021662
-0.021688
-0.021714
-0.021740
-0.021766
-0.021792
-0.021818
-0.021844
-0.021870
-0.021895
-0.021921
-0.021947
-0.021973
-0.021999
-0.022025
-0.022050
-0.022076
-0.022102
-0.022128
-0.022153
-0.022179
-0.022205
-0.022231
-0.022256
-0.022282
-0.022308
-0.022333
-0.022359
-0.022385
-0.022410
-0.022436
-0.022462
-0.022487
-0.022513
-0.022538
-0.022564
-0.022589
-0.022615
-0.022641
-0.022666
-0.022692
-0.022717
-0.022743
-0.022768
-0.022794
-0.022819
-0.022844
-0.022870
-0.022895
-0.022921
-0.022946
-0.022971
-0.022997
-0.023022
-0.023048
-0.023073
-0.023098
-0.023124
-0.023149
-0.023174
-0.023199
-0.023225
-0.023250
-0.023275
-0.023300
-0.023326
-0.023351
-0.023376
-0.023401
-0.023426
-0.023452
-0.023477
-0.023502
-0.023527
-0.023552
-0.023577
-0.023602
-0.023627
-0.023653
-0.023678
-0.023703
-0.023728
-0.023753
-0.023778
-0.023803
-0.023828
-0.023853
-0.023878
-0.023903
-0.023928
-0.023953
-0.023977
-0.024002
-0.024027
-0.024052
-0.024077
-0.024102
-0.024127
-0.024152
-0.024176
-0.024201
-0.024226
-0.024251
-0.024276
-0.024300
-0.024325
-0.024350
-0.024375
-0.024399
-0.024424
-0.024449
-0.024474
-0.024498
-0.024523
-0.024548
-0.024572
-0.024597
-0.024622
-0.024646
-0.024671
-0.024695
-0.024720
-0.024745
-0.024769
-0.024794
-0.024818
-0.024843
-0.024867
-0.024892
-0.024916
-0.024941
-0.024965
-0.024990
-0.025014
-0.025038
-0.025063
-0.025087
-0.025112
-0.025136
-0.025160
-0.025185
-0.025209
-0.025233
-0.025258
-0.025282
-0.025306
-0.025331
-0.025355
-0.025379
-0.025404
-0.025428
-0.025452
-0.025476
-0.025500
-0.025525
-0.025549
-0.025573
-0.025597
-0.025621
-0.025645
-0.025670
-0.025694
-0.025718
-0.025742
-0.025766
-0.025790
-0.025814
-0.025838
-0.025862
-0.025886
-0.025910
-0.025934
-0.025958
-0.025982
-0.026006
-0.026030
-0.026054
-0.026078
-0.026102
-0.026126
-0.026150
-0.026174
-0.026198
-0.026221
-0.026245
-0.026269
-0.026293
-0.026317
-0.026341
-0.026364
-0.026388
-0.026412
-0.026436
-0.026460
-0.026483
-0.026507
-0.026531
-0.026554
-0.026578
-0.026602
-0.026625
-0.026649
-0.026673
-0.026696
-0.026720
-0.026744
-0.026767
-0.026791
-0.026814
-0.026838
-0.026862
-0.026885
-0.026909
-0.026932
-0.026956
-0.026979
-0.027003
-0.027026
-0.027050
-0.027073
-0.027096
-0.027120
-0.027143
-0.027167
-0.027190
-0.027214
-0.027237
-0.027260
-0.027284
-0.027307
-0.027330
-0.027354
-0.027377
-0.027400
-0.027423
-0.027447
-0.027470
-0.027493
-0.027516
-0.027540
-0.027563
-0.027586
-0.027609
-0.027632
-0.027656
-0.027679
-0.027702
-0.027725
-0.027748
-0.027771
-0.027794
-0.027818
-0.027841
-0.027864
-0.027887
-0.027910
-0.027933
-0.027956
-0.027979
-0.028002
-0.028025
-0.028048
-0.028071
-0.028094
-0.028117
-0.028140
-0.028162
-0.028185
-0.028208
-0.028231
-0.028254
-0.028277
-0.028300
-0.028323
-0.028345
-0.028368
-0.028391
-0.028414
-0.028437
-0.028459
-0.028482
-0.028505
-0.028528
-0.028550
-0.028573
-0.028596
-0.028618
-0.028641
-0.028664
-0.028686
-0.028709
-0.028732
-0.028754
-0.028777
-0.028799
-0.028822
-0.028845
-0.028867
-0.028890
-0.028912
-0.028935
-0.028957
-0.028980
-0.029002
-0.029025
-0.029047
-0.029070
-0.029092
-0.029115
-0.029137
-0.029160
-0.029182
-0.029204
-0.029227
-0.029249
-0.029271
-0.029294
-0.029316
-0.029338
-0.029361
-0.029383
-0.029405
-0.029428
-0.029450
-0.029472
-0.029494
-0.029517
-0.029539
-0.029561
-0.029583
-0.029606
-0.029628
-0.029650
-0.029672
-0.029694
-0.029716
-0.029738
-0.029761
-0.029783
-0.029805
-0.029827
-0.029849
-0.029871
-0.029893
-0.029915
-0.029937
-0.029959
-0.029981
-0.030003
-0.030025
-0.030047
-0.030069
-0.030091
-0.030113
-0.030135
-0.030157
-0.030179
-0.030200
-0.030222
-0.030244
-0.030266
-0.030288
-0.030310
-0.030332
-0.030353
-0.030375
-0.030397
-0.030419
-0.030441
-0.030462
-0.030484
-0.030506
-0.030528
-0.030549
-0.030571
-0.030593
-0.030614
-0.030636
-0.030658
-0.030679
-0.030701
-0.030723
-0.030744
-0.030766
-0.030787
-0.030809
-0.030830
-0.030852
-0.030874
-0.030895
-0.030917
-0.030938
-0.030960
-0.030981
-0.031003
-0.031024
-0.031046
-0.031067
-0.031088
-0.031110
-0.031131
-0.031153
-0.031174
-0.031195
-0.031217
-0.031238
-0.031260
-0.031281
-0.031302
-0.031324
-0.031345
-0.031366
-0.031387
-0.031409
-0.031430
-0.031451
-0.031472
-0.031494
-0.031515
-0.031536
-0.031557
-0.031578
-0.031600
-0.031621
-0.031642
-0.031663
-0.031684
-0.031705
-0.031726
-0.031748
-0.031769
-0.031790
-0.031811
-0.031832
-0.031853
-0.031874
-0.031895
-0.031916
-0.031937
-0.031958
-0.031979
-0.032000
-0.032021
-0.032042
-0.032063
-0.032084
-0.032104
-0.032125
-0.032146
-0.032167
-0.032188
-0.032209
-0.032230
-0.032251
-0.032271
-0.032292
-0.032313
-0.032334
-0.032355
-0.032375
-0.032396
-0.032417
-0.032438
-0.032458
-0.032479
-0.032500
-0.032520
-0.032541
-0.032562
-0.032582
-0.032603
-0.032624
-0.032644
-0.032665
-0.032686
-0.032706
-0.032727
-0.032747
-0.032768
-0.032788
-0.032809
-0.032830
-0.032850
-0.032871
-0.032891
-0.032912
-0.032932
-0.032953
-0.032973
-0.032993
-0.033014
-0.033034
-0.033055
-0.033075
-0.033095
-0.033116
-0.033136
-0.033157
-0.033177
-0.033197
-0.033218
-0.033238
-0.033258
-0.033279
-0.033299
-0.033319
-0.033339
-0.033360
-0.033380
-0.033400
-0.033420
-0.033441
-0.033461
-0.033481
-0.033501
-0.033521
-0.033541
-0.033562
-0.033582
-0.033602
-0.033622
-0.033642
-0.033662
-0.033682
-0.033702
-0.033722
-0.033742
-0.033762
-0.033783
-0.033803
-0.033823
-0.033843
-0.033863
-0.033883
-0.033902
-0.033922
-0.033942
-0.033962
-0.033982
-0.034002
-0.034022
-0.034042
-0.034062
-0.034082
-0.034102
-0.034121
-0.034141
-0.034161
-0.034181
-0.034201
-0.034221
-0.034240
-0.034260
-0.034280
-0.034300
-0.034319
-0.034339
-0.034359
-0.034379
-0.034398
-0.034418
-0.034438
-0.034457
-0.034477
-0.034497
-0.034516
-0.034536
-0.034556
-0.034575
-0.034595
-0.034614
-0.034634
-0.034654
-0.034673
-0.034693
-0.034712
-0.034732
-0.034751
-0.034771
-0.034790
-0.034810
-0.034829
-0.034849
-0.034868
-0.034888
-0.034907
-0.034926
-0.034946
-0.034965
-0.034985
-0.035004
-0.035023
-0.035043
-0.035062
-0.035081
-0.035101
-0.035120
-0.035139
-0.035159
-0.035178
-0.035197
-0.035217
-0.035236
-0.035255
-0.035274
-0.035294
-0.035313
-0.035332
-0.035351
-0.035370
-0.035390
-0.035409
-0.035428
-0.035447
-0.035466
-0.035485
-0.035504
-0.035523
-0.035543
-0.035562
-0.035581
-0.035600
-0.035619
-0.035638
-0.035657
-0.035676
-0.035695
-0.035714
-0.035733
-0.035752
-0.035771
-0.035790
-0.035809
-0.035828
-0.035847
-0.035866
-0.035885
-0.035903
-0.035922
-0.035941
-0.035960
-0.035979
-0.035998
-0.036017
-0.036035
-0.036054
-0.036073
-0.036092
-0.036111
-0.036130
-0.036148
-0.036167
-0.036186
-0.036205
-0.036223
-0.036242
-0.036261
-0.036279
-0.036298
-0.036317
-0.036335
-0.036354
-0.036373
-0.036391
-0.036410
-0.036429
-0.036447
-0.036466
-0.036484
-0.036503
-0.036522
-0.036540
-0.036559
-0.036577
-0.036596
-0.036614
-0.036633
-0.036651
-0.036670
-0.036688
-0.036707
-0.036725
-0.036744
-0.036762
-0.036781
-0.036799
-0.036817
-0.036836
-0.036854
-0.036873
-0.036891
-0.036909
-0.036928
-0.036946
-0.036964
-0.036983
-0.037001
-0.037019
-0.037037
-0.037056
-0.037074
-0.037092
-0.037111
-0.037129
-0.037147
-0.037165
-0.037183
-0.037202
-0.037220
-0.037238
-0.037256
-0.037274
-0.037293
-0.037311
-0.037329
-0.037347
-0.037365
-0.037383
-0.037401
-0.037419
-0.037437
-0.037455
-0.037474
-0.037492
-0.037510
-0.037528
-0.037546
-0.037564
-0.037582
-0.037600
-0.037618
-0.037636
-0.037654
-0.037671
-0.037689
-0.037707
-0.037725
-0.037743
-0.037761
-0.037779
-0.037797
-0.037815
-0.037833
-0.037850
-0.037868
-0.037886
-0.037904
-0.037922
-0.037939
-0.037957
-0.037975
-0.037993
-0.038011
-0.038028
-0.038046
-0.038064
-0.038082
-0.038099
-0.038117
-0.038135
-0.038152
-0.038170
-0.038188
-0.038205
-0.038223
-0.038241
-0.038258
-0.038276
-0.038293
-0.038311
-0.038329
-0.038346
-0.038364
-0.038381
-0.038399
-0.038416
-0.038434
-0.038452
-0.038469
-0.038487
-0.038504
-0.038521
-0.038539
-0.038556
-0.038574
-0.038591
-0.038609
-0.038626
-0.038644
-0.038661
-0.038678
-0.038696
-0.038713
-0.038731
-0.038748
-0.038765
-0.038783
-0.038800
-0.038817
-0.038835
-0.038852
-0.038869
-0.038886
-0.038904
-0.038921
-0.038938
-0.038955
-0.038973
-0.038990
-0.039007
-0.039024
-0.039042
-0.039059
-0.039076
-0.039093
-0.039110
-0.039127
-0.039145
-0.039162
-0.039179
-0.039196
-0.039213
-0.039230
-0.039247
-0.039264
-0.039281
-0.039298
-0.039315
-0.039332
-0.039349
-0.039367
-0.039384
-0.039401
-0.039418
-0.039434
-0.039451
-0.039468
-0.039485
-0.039502
-0.039519
-0.039536
-0.039553
-0.039570
-0.039587
-0.039604
-0.039621
-0.039638
-0.039654
-0.039671
-0.039688
-0.039705
-0.039722
-0.039739
-0.039755
-0.039772
-0.039789
-0.039806
-0.039822
-0.039839
-0.039856
-0.039873
-0.039889
-0.039906
-0.039923
-0.039940
-0.039956
-0.039973
-0.039990
-0.040006
-0.040023
-0.040040
-0.040056
-0.040073
-0.040089
-0.040106
-0.040123
-0.040139
-0.040156
-0.040172
-0.040189
-0.040206
-0.040222
-0.040239
-0.040255
-0.040272
-0.040288
-0.040305
-0.040321
-0.040338
-0.040354
-0.040371
-0.040387
-0.040403
-0.040420
-0.040436
-0.040453
-0.040469
-0.040486
-0.040502
-0.040518
-0.040535
-0.040551
-0.040567
-0.040584
-0.040600
-0.040616
-0.040633
-0.040649
-0.040665
-0.040682
-0.040698
-0.040714
-0.040730
-0.040747
-0.040763
-0.040779
-0.040795
-0.040812
-0.040828
-0.040844
-0.040860
-0.040876
-0.040893
-0.040909
-0.040925
-0.040941
-0.040957
-0.040973
-0.040989
-0.041006
-0.041022
-0.041038
-0.041054
-0.041070
-0.041086
-0.041102
-0.041118
-0.041134
-0.041150
-0.041166
-0.041182
-0.041198
-0.041214
-0.041230
-0.041246
-0.041262
-0.041278
-0.041294
-0.041310
-0.041326
-0.041342
-0.041358
-0.041374
-0.041390
-0.041405
-0.041421
-0.041437
-0.041453
-0.041469
-0.041485
-0.041501
-0.041516
-0.041532
-0.041548
-0.041564
-0.041580
-0.041595
-0.041611
-0.041627
-0.041643
-0.041658
-0.041674
-0.041690
-0.041706
-0.041721
-0.041737
-0.041753
-0.041768
-0.041784
-0.041800
-0.041815
-0.041831
-0.041847
-0.041862
-0.041878
-0.041894
-0.041909
-0.041925
-0.041940
-0.041956
-0.041971
-0.041987
-0.042003
-0.042018
-0.042034
-0.042049
-0.042065
-0.042080
-0.042096
-0.042111
-0.042127
-0.042142
-0.042158
-0.042173
-0.042188
-0.042204
-0.042219
-0.042235
-0.042250
-0.042266
-0.042281
-0.042296
-0.042312
-0.042327
-0.042342
-0.042358
-0.042373
-0.042389
-0.042404
-0.042419
-0.042434
-0.042450
-0.042465
-0.042480
-0.042496
-0.042511
-0.042526
-0.042541
-0.042557
-0.042572
-0.042587
-0.042602
-0.042618
-0.042633
-0.042648
-0.042663
-0.042678
-0.042693
-0.042709
-0.042724
-0.042739
-0.042754
-0.042769
-0.042784
-0.042799
-0.042814
-0.042829
-0.042845
-0.042860
-0.042875
-0.042890
-0.042905
-0.042920
-0.042935
-0.042950
-0.042965
-0.042980
-0.042995
-0.043010
-0.043025
-0.043040
-0.043055
-0.043070
-0.043085
-0.043100
-0.043115
-0.043129
-0.043144
-0.043159
-0.043174
-0.043189
-0.043204
-0.043219
-0.043234
-0.043248
-0.043263
-0.043278
-0.043293
-0.043308
-0.043323
-0.043337
-0.043352
-0.043367
-0.043382
-0.043396
-0.043411
-0.043426
-0.043441
-0.043455
-0.043470
-0.043485
-0.043500
-0.043514
-0.043529
-0.043544
-0.043558
-0.043573
-0.043588
-0.043602
-0.043617
-0.043632
-0.043646
-0.043661
-0.043675
-0.043690
-0.043705
-0.043719
-0.043734
-0.043748
-0.043763
-0.043777
-0.043792
-0.043807
-0.043821
-0.043836
-0.043850
-0.043865
-0.043879
-0.043894
-0.043908
-0.043923
-0.043937
-0.043951
-0.043966
-0.043980
-0.043995
-0.044009
-0.044024
-0.044038
-0.044052
-0.044067
-0.044081
-0.044095
-0.044110
-0.044124
-0.044139
-0.044153
-0.044167
-0.044182
-0.044196
-0.044210
-0.044224
-0.044239
-0.044253
-0.044267
-0.044282
-0.044296
-0.044310
-0.044324
-0.044338
-0.044353
-0.044367
-0.044381
-0.044395
-0.044409
-0.044424
-0.044438
-0.044452
-0.044466
-0.044480
-0.044494
-0.044509
-0.044523
-0.044537
-0.044551
-0.044565
-0.044579
-0.044593
-0.044607
-0.044621
-0.044635
-0.044649
-0.044664
-0.044678
-0.044692
-0.044706
-0.044720
-0.044734
-0.044748
-0.044762
-0.044776
-0.044790
-0.044804
-0.044817
-0.044831
-0.044845
-0.044859
-0.044873
-0.044887
-0.044901
-0.044915
-0.044929
-0.044943
-0.044957
-0.044970
-0.044984
-0.044998
-0.045012
-0.045026
-0.045040
-0.045053
-0.045067
-0.045081
-0.045095
-0.045109
-0.045122
-0.045136
-0.045150
-0.045164
-0.045178
-0.045191
-0.045205
-0.045219
-0.045232
-0.045246
-0.045260
-0.045274
-0.045287
-0.045301
-0.045315
-0.045328
-0.045342
-0.045356
-0.045369
-0.045383
-0.045396
-0.045410
-0.045424
-0.045437
-0.045451
-0.045464
-0.045478
-0.045492
-0.045505
-0.045519
-0.045532
-0.045546
-0.045559
-0.045573
-0.045586
-0.045600
-0.045613
-0.045627
-0.045640
-0.045654
-0.045667
-0.045681
-0.045694
-0.045708
-0.045721
-0.045734
-0.045748
-0.045761
-0.045775
-0.045788
-0.045802
-0.045815
-0.045828
-0.045842
-0.045855
-0.045868
-0.045882
-0.045895
-0.045908
-0.045922
-0.045935
-0.045948
-0.045962
-0.045975
-0.045988
-0.046001
-0.046015
-0.046028
-0.046041
-0.046054
-0.046068
-0.046081
-0.046094
-0.046107
-0.046121
-0.046134
-0.046147
-0.046160
-0.046173
-0.046186
-0.046200
-0.046213
-0.046226
-0.046239
-0.046252
-0.046265
-0.046278
-0.046292
-0.046305
-0.046318
-0.046331
-0.046344
-0.046357
-0.046370
-0.046383
-0.046396
-0.046409
-0.046422
-0.046435
-0.046448
-0.046461
-0.046474
-0.046487
-0.046500
-0.046513
-0.046526
-0.046539
-0.046552
-0.046565
-0.046578
-0.046591
-0.046604
-0.046617
-0.046630
-0.046643
-0.046655
-0.046668
-0.046681
-0.046694
-0.046707
-0.046720
-0.046733
-0.046746
-0.046758
-0.046771
-0.046784
-0.046797
-0.046810
-0.046822
-0.046835
-0.046848
-0.046861
-0.046874
-0.046886
-0.046899
-0.046912
-0.046925
-0.046937
-0.046950
-0.046963
-0.046975
-0.046988
-0.047001
-0.047014
-0.047026
-0.047039
-0.047052
-0.047064
-0.047077
-0.047090
-0.047102
-0.047115
-0.047127
-0.047140
-0.047153
-0.047165
-0.047178
-0.047190
-0.047203
-0.047216
-0.047228
-0.047241
-0.047253
-0.047266
-0.047278
-0.047291
-0.047303
-0.047316
-0.047328
-0.047341
-0.047353
-0.047366
-0.047378
-0.047391
-0.047403
-0.047416
-0.047428
-0.047441
-0.047453
-0.047465
-0.047478
-0.047490
-0.047503
-0.047515
-0.047527
-0.047540
-0.047552
-0.047565
-0.047577
-0.047589
-0.047602
-0.047614
-0.047626
-0.047639
-0.047651
-0.047663
-0.047676
-0.047688
-0.047700
-0.047712
-0.047725
-0.047737
-0.047749
-0.047761
-0.047774
-0.047786
-0.047798
-0.047810
-0.047823
-0.047835
-0.047847
-0.047859
-0.047871
-0.047884
-0.047896
-0.047908
-0.047920
-0.047932
-0.047944
-0.047957
-0.047969
-0.047981
-0.047993
-0.048005
-0.048017
-0.048029
-0.048041
-0.048053
-0.048065
-0.048077
-0.048090
-0.048102
-0.048114
-0.048126
-0.048138
-0.048150
-0.048162
-0.048174
-0.048186
-0.048198
-0.048210
-0.048222
-0.048234
-0.048246
-0.048258
-0.048270
-0.048282
-0.048293
-0.048305
-0.048317
-0.048329
-0.048341
-0.048353
-0.048365
-0.048377
-0.048389
-0.048401
-0.048413
-0.048424
-0.048436
-0.048448
-0.048460
-0.048472
-0.048484
-0.048495
-0.048507
-0.048519
-0.048531
-0.048543
-0.048554
-0.048566
-0.048578
-0.048590
-0.048601
-0.048613
-0.048625
-0.048637
-0.048648
-0.048660
-0.048672
-0.048684
-0.048695
-0.048707
-0.048719
-0.048730
-0.048742
-0.048754
-0.048765
-0.048777
-0.048789
-0.048800
-0.048812
-0.048824
-0.048835
-0.048847
-0.048858
-0.048870
-0.048882
-0.048893
-0.048905
-0.048916
-0.048928
-0.048940
-0.048951
-0.048963
-0.048974
-0.048986
-0.048997
-0.049009
-0.049020
-0.049032
-0.049043
-0.049055
-0.049066
-0.049078
-0.049089
-0.049101
-0.049112
-0.049124
-0.049135
-0.049146
-0.049158
-0.049169
-0.049181
-0.049192
-0.049204
-0.049215
-0.049226
-0.049238
-0.049249
-0.049260
-0.049272
-0.049283
-0.049295
-0.049306
-0.049317
-0.049329
-0.049340
-0.049351
-0.049362
-0.049374
-0.049385
-0.049396
-0.049408
-0.049419
-0.049430
-0.049441
-0.049453
-0.049464
-0.049475
-0.049486
-0.049498
-0.049509
-0.049520
-0.049531
-0.049543
-0.049554
-0.049565
-0.049576
-0.049587
-0.049598
-0.049610
-0.049621
-0.049632
-0.049643
-0.049654
-0.049665
-0.049676
-0.049688
-0.049699
-0.049710
-0.049721
-0.049732
-0.049743
-0.049754
-0.049765
-0.049776
-0.049787
-0.049798
-0.049809
-0.049821
-0.049832
-0.049843
-0.049854
-0.049865
-0.049876
-0.049887
-0.049898
-0.049909
-0.049920
-0.049931
-0.049942
-0.049952
-0.049963
-0.049974
-0.049985
-0.049996
-0.050007
-0.050018
-0.050029
-0.050040
-0.050051
-0.050062
-0.050073
-0.050083
-0.050094
-0.050105
-0.050116
-0.050127
-0.050138
-0.050149
-0.050159
-0.050170
-0.050181
-0.050192
-0.050203
-0.050214
-0.050224
-0.050235
-0.050246
-0.050257
-0.050268
-0.050278
-0.050289
-0.050300
-0.050311
-0.050321
-0.050332
-0.050343
-0.050353
-0.050364
-0.050375
-0.050386
-0.050396
-0.050407
-0.050418
-0.050428
-0.050439
-0.050450
-0.050460
-0.050471
-0.050482
-0.050492
-0.050503
-0.050514
-0.050524
-0.050535
-0.050545
-0.050556
-0.050567
-0.050577
-0.050588
-0.050598
-0.050609
-0.050619
-0.050630
-0.050641
-0.050651
-0.050662
-0.050672
-0.050683
-0.050693
-0.050704
-0.050714
-0.050725
-0.050735
-0.050746
-0.050756
-0.050767
-0.050777
-0.050788
-0.050798
-0.050809
-0.050819
-0.050829
-0.050840
-0.050850
-0.050861
-0.050871
-0.050882
-0.050892
-0.050902
-0.050913
-0.050923
-0.050933
-0.050944
-0.050954
-0.050965
-0.050975
-0.050985
-0.050996
-0.051006
-0.051016
-0.051027
-0.051037
-0.051047
-0.051058
-0.051068
-0.051078
-0.051088
-0.051099
-0.051109
-0.051119
-0.051129
-0.051140
-0.051150
-0.051160
-0.051170
-0.051181
-0.051191
-0.051201
-0.051211
-0.051222
-0.051232
-0.051242
-0.051252
-0.051262
-0.051272
-0.051283
-0.051293
-0.051303
-0.051313
-0.051323
-0.051333
-0.051344
-0.051354
-0.051364
-0.051374
-0.051384
-0.051394
-0.051404
-0.051414
-0.051424
-0.051434
-0.051444
-0.051455
-0.051465
-0.051475
-0.051485
-0.051495
-0.051505
-0.051515
-0.051525
-0.051535
-0.051545
-0.051555
-0.051565
-0.051575
-0.051585
-0.051595
-0.051605
-0.051615
-0.051625
-0.051635
-0.051645
-0.051655
-0.051665
-0.051674
-0.051684
-0.051694
-0.051704
-0.051714
-0.051724
-0.051734
-0.051744
-0.051754
-0.051764
-0.051773
-0.051783
-0.051793
-0.051803
-0.051813
-0.051823
-0.051833
-0.051842
-0.051852
-0.051862
-0.051872
-0.051882
-0.051891
-0.051901
-0.051911
-0.051921
-0.051931
-0.051940
-0.051950
-0.051960
-0.051970
-0.051979
-0.051989
-0.051999
-0.052009
-0.052018
-0.052028
-0.052038
-0.052047
-0.052057
-0.051832
-0.050886
-0.048629
-0.044665
-0.038877
-0.031366
-0.022344
-0.012069
-0.000798
0.011229
0.023801
0.036733
0.049867
0.063074
0.076245
0.089295
0.102155
0.114772
0.127104
0.139121
0.150802
0.162131
0.173098
0.183700
0.193934
0.203803
0.213311
0.222464
0.231270
0.239736
0.247871
0.255686
0.263191
0.270394
0.277307
0.283938
0.290300
0.296400
0.302249
0.307855
0.313229
0.318378
0.323310
0.328035
0.332560
0.336891
0.341038
0.345005
0.348801
0.352431
0.355902
0.359218
0.362387
0.365413
0.368301
0.371056
0.373684
0.376188
0.378572
0.380842
0.383001
0.385052
0.387000
0.388848
0.390600
0.392258
0.393826
0.395306
0.396703
0.398018
0.399254
0.400414
0.401501
0.402516
0.403462
0.404341
0.405156
0.405908
0.406600
0.407233
0.407810
0.408331
0.408800
0.409217
0.409584
0.409904
0.410176
0.410403
0.410587
0.410728
0.410828
0.410888
0.410910
0.410894
0.410843
0.410756
0.410636
0.410482
0.410297
0.410082
0.410066
0.410725
0.412640
0.416203
0.421531
0.428533
0.437005
0.446698
0.457364
0.468768
0.480705
0.492991
0.505473
0.518021
0.530529
0.542911
0.555098
0.567037
0.578687
0.590017
0.601005
0.611635
0.621899
0.631792
0.641311
0.650459
0.659241
0.667661
0.675728
0.683449
0.690834
0.697892
0.704633
0.711067
0.717204
0.723055
0.728630
0.733938
0.738989
0.743792
0.748356
0.752691
0.756805
0.760705
0.764401
0.767899
0.771207
0.774332
0.777280
0.780059
0.782673
0.785131
0.787436
0.789595
0.791612
0.793493
0.795243
0.796867
0.798367
0.799750
0.801019
0.802178
0.803231
0.804182
0.805033
0.805789
0.806452
0.807026
0.807513
0.807918
0.808241
0.808487
0.808657
0.808754
0.808781
0.808740
0.808633
0.808462
0.808230
0.807937
0.807587
0.807182
0.806722
0.806210
0.805648
0.805036
0.804378
0.803673
0.802925
0.802133
0.801301
0.800428
0.799516
0.798567
0.797581
0.796561
0.795506
0.794419
0.793300
0.792151
0.790971
0.789763
0.788528
0.787265
0.785977
0.784663
0.783326
0.781965
0.780582
0.779176
0.777750
0.776304
0.774837
0.773352
0.771849
0.770328
0.768790
0.767236
0.765666
0.764080
0.762480
0.760866
0.759238
0.757597
0.755944
0.754278
0.752601
0.750912
0.749213
0.747503
0.745783
0.744054
0.742316
0.740569
0.738813
0.737049
0.735278
0.733499
0.731713
0.729920
0.728121
0.726316
0.724505
0.722688
0.720866
0.719039
0.717207
0.715371
0.713530
0.711686
0.709837
0.707985
0.706129
0.704270
0.702409
0.700544
0.698677
0.696807
0.694935
0.693062
0.691186
0.689308
0.687429
0.685549
0.683667
0.681785
0.679901
0.678016
0.676131
0.674245
0.672359
0.670472
0.668586
0.666699
0.664812
0.662925
0.661039
0.659153
0.657267
0.655382
0.653498
0.651614
0.649731
0.647849
0.645969
0.644089
0.642210
0.640333
0.638456
0.636582
0.634708
0.632837
0.630966
0.629098
0.627231
0.625366
0.623502
0.621641
0.619782
0.617924
0.616069
0.614215
0.612364
0.610515
0.608669
0.606824
0.604982
0.603142
0.601305
0.599470
0.597637
0.595807
0.593980
0.592155
0.590333
0.588514
0.586697
0.584883
0.583071
0.581263
0.579457
0.577654
0.575854
0.574056
0.572262
0.570471
0.568682
0.566897
0.565114
0.563335
0.561558
0.559785
0.558014
0.556247
0.554483
0.552722
0.550964
0.549209
0.547457
0.545709
0.543964
0.542222
0.540483
0.538747
0.537015
0.535286
0.533560
0.531838
0.530118
0.528402
0.526690
0.524980
0.523274
0.521572
0.519872
0.518176
0.516484
0.514794
0.513108
0.511426
0.509747
0.508071
0.506398
0.504729
0.503064
0.501402
0.499743
0.498088
0.496436
0.494787
0.493142
0.491500
0.489862
0.488227
0.486596
0.484968
0.483344
0.481723
0.480105
0.478491
0.476880
0.475273
0.473669
0.472069
0.470472
0.468879
0.467289
0.465702
0.464119
0.462540
0.460964
0.459391
0.457822
0.456256
0.454694
0.453135
0.451580
0.450028
0.448479
0.446934
0.445392
0.443854
0.442320
0.440788
0.439261
0.437736
0.436215
0.434698
0.433184
0.431673
0.430166
0.428662
0.427162
0.425665
0.424172
0.422681
0.421195
0.419712
0.418232
0.416755
0.415282
0.413813
0.412347
0.410884
0.409425
0.407969
0.406516
0.405067
0.403621
0.402179
0.400740
0.399304
0.397872
0.396443
0.395017
0.393595
0.392176
0.390761
0.389348
0.387940
0.386534
0.385132
0.383733
0.382338
0.380946
0.379557
0.378172
0.376790
0.375411
0.374035
0.372663
0.371294
0.369929
0.368566
0.367207
0.365852
0.364499
0.363150
0.361804
0.360462
0.359122
0.357786
0.356454
0.355124
0.353798
0.352475
0.351155
0.349838
0.348525
0.347215
0.345908
0.344604
0.343304
0.342006
0.340712
0.339422
0.338134
0.336849
0.335568
0.334290
0.333015
0.331743
0.330475
0.329209
0.327947
0.326688
0.325432
0.324179
0.322930
0.321683
0.320440
0.319199
0.317962
0.316728
0.315497
0.314269
0.313045
0.311823
0.310605
0.309389
0.308177
0.306967
0.305761
0.304558
0.303358
0.302161
0.300967
0.299776
0.298588
0.297403
0.296222
0.295043
0.293867
0.292694
0.291525
0.290358
0.289194
0.288034
0.286876
0.285721
0.284570
0.283421
0.282275
0.281132
0.279992
0.278856
0.277722
0.276591
0.275463
0.274338
0.273215
0.272096
0.270980
0.269867
0.268756
0.267649
0.266544
0.265442
0.264343
0.263247
0.262154
0.261064
0.259977
0.258892
0.257811
0.256732
0.255656
0.254583
0.253513
0.252446
0.251381
0.250320
0.249261
0.248205
0.247151
0.246101
0.245053
0.244009
0.242967
0.241927
0.240891
0.239857
0.238826
0.237798
0.236773
0.235750
0.234731
0.233713
0.232699
0.231687
0.230679
0.229672
0.228669
0.227668
0.226670
0.225675
0.224682
0.223692
0.222705
0.221721
0.220739
0.219760
0.218783
0.217809
0.216838
0.215869
0.214904
0.213940
0.212980
0.212022
0.211066
0.210114
0.209164
0.208216
0.207271
0.206329
0.205389
0.204452
0.203518
0.202586
0.201656
0.200730
0.199805
0.198884
0.197965
0.197048
0.196134
0.195223
0.194314
0.193407
0.192504
0.191602
0.190703
0.189807
0.188913
0.188022
0.187133
0.186247
0.185363
0.184482
0.183603
0.182727
0.181853
0.180981
0.180112
0.179246
0.178381
0.177520
0.176661
0.175804
0.174949
0.174097
0.173248
0.172401
0.171556
0.170714
0.169874
0.169036
0.168201
0.167368
0.166538
0.165710
0.164884
0.164061
0.163240
0.162421
0.161605
0.160791
0.159979
0.159170
0.158363
0.157558
0.156756
0.155956
0.155158
0.154363
0.153570
0.152779
0.151990
0.151204
0.150420
0.149639
0.148859
0.148082
0.147307
0.146534
0.145764
0.144996
0.144230
0.143466
0.142704
0.141945
0.141188
0.140433
0.139681
0.138930
0.138182
0.137436
0.136692
0.135950
0.135211
0.134473
0.133738
0.133005
0.132274
0.131546
0.130819
0.130095
0.129372
0.128652
0.127934
0.127218
0.126505
0.125793
0.125083
0.124376
0.123671
0.122967
0.122266
0.121567
0.120870
0.120175
0.119483
0.118792
0.118103
0.117416
0.116732
0.116049
0.115369
0.114690
0.114014
0.113339
0.112667
0.111997
0.111328
0.110662
0.109998
0.109335
0.108675
0.108017
0.107360
0.106706
0.106053
0.105403
0.104755
0.104108
0.103463
0.102821
0.102180
0.101542
0.100905
0.100270
0.099637
0.099006
0.098377
0.097750
0.097125
0.096501
0.095880
0.095261
0.094643
0.094027
0.093413
0.092802
0.092191
0.091583
0.090977
0.090373
0.089770
0.089169
0.088570
0.087973
0.087378
0.086785
0.086193
0.085603
0.085016
0.084429
0.083845
0.083263
0.082682
0.082103
0.081526
0.080951
0.080378
0.079806
0.079236
0.078668
0.078102
0.077537
0.076974
0.076413
0.075854
0.075296
0.074740
0.074186
0.073634
0.073083
0.072535
0.071987
0.071442
0.070898
0.070356
0.069816
0.069277
0.068741
0.068205
0.067672
0.067140
0.066610
0.066081
0.065555
0.065030
0.064506
0.063984
0.063464
0.062946
0.062429
0.061914
0.061400
0.060888
0.060378
0.059869
0.059362
0.058857
0.058353
0.057851
0.057350
0.056851
0.056354
0.055858
0.055364
0.054871
0.054380
0.053891
0.053403
0.052917
0.052432
0.051949
0.051467
0.050987
0.050509
0.050032
0.049556
0.049082
0.048610
0.048139
0.047670
0.047202
0.046736
0.046271
0.045808
0.045346
0.044886
0.044428
0.043970
0.043515
0.043060
0.042608
0.042156
0.041707
0.041258
0.040812
0.040366
0.039922
0.039480
0.039039
0.038599
0.038161
0.037725
0.037289
0.036856
0.036423
0.035992
0.035563
0.035135
0.034708
0.034283
0.033859
0.033437
0.033016
0.032596
0.032178
0.031761
0.031346
0.030932
0.030519
0.030108
0.029698
0.029289
0.028882
0.028476
0.028072
0.027669
0.027267
0.026866
0.026467
0.026070
0.025673
0.025278
0.024884
0.024492
0.024101
0.023711
0.023323
0.022936
0.022550
0.022165
0.021782
0.021400
0.021020
0.020640
0.020262
0.019886
0.019510
0.019136
0.018763
0.018391
0.018021
0.017652
0.017284
0.016918
0.016552
0.016188
0.015825
0.015464
0.015103
0.014744
0.014387
0.014030
0.013674
0.013320
0.012967
0.012616
0.012265
0.011916
0.011568
0.011221
0.010875
0.010531
0.010187
0.009845
0.009504
0.009165
0.008826
0.008489
0.008152
0.007817
0.007484
0.007151
0.006819
0.006489
0.006160
0.005832
0.005505
0.005179
0.004855
0.004531
0.004209
0.003888
0.003568
0.003249
0.002931
0.002614
0.002299
0.001984
0.001671
0.001359
0.001048
0.000738
0.000429
0.000121
-0.000186
-0.000491
-0.000796
-0.001099
-0.001402
-0.001703
-0.002003
-0.002302
-0.002600
-0.002897
-0.003193
-0.003488
-0.003782
-0.004074
-0.004366
-0.004657
-0.004946
-0.005235
-0.005522
-0.005809
-0.006094
-0.006378
-0.006662
-0.006944
-0.007225
-0.007505
-0.007785
-0.008063
-0.008340
-0.008616
-0.008891
-0.009165
-0.009439
-0.009711
-0.009982
-0.010252
-0.010521
-0.010789
-0.011057
-0.011323
-0.011588
-0.011852
-0.012115
-0.012378
-0.012639
-0.012899
-0.013159
-0.013417
-0.013675
-0.013931
-0.014187
-0.014441
-0.014695
-0.014948
-0.015199
-0.015450
-0.015700
-0.015949
-0.016197
-0.016444
-0.016690
-0.016935
-0.017180
-0.017423
-0.017665
-0.017907
-0.018148
-0.018387
-0.018626
-0.018864
-0.019101
-0.019337
-0.019572
-0.019806
-0.020040
-0.020272
-0.020504
-0.020735
-0.020964
-0.021193
-0.021421
-0.021649
-0.021875
-0.022100
-0.022325
-0.022549
-0.022772
-0.022994
-0.023215
-0.023435
-0.023654
-0.023873
-0.024091
-0.024308
-0.024524
-0.024739
-0.024953
-0.025167
-0.025379
-0.025591
-0.025802
-0.026012
-0.026222
-0.026430
-0.026638
-0.026845
-0.027051
-0.027256
-0.027461
-0.027664
-0.027867
-0.028069
-0.028270
-0.028471
-0.028670
-0.028869
-0.029067
-0.029264
-0.029461
-0.029656
-0.029851
-0.030045
-0.030239
-0.030431
-0.030623
-0.030814
-0.031004
-0.031193
-0.031382
-0.031570
-0.031757
-0.031944
-0.032129
-0.032314
-0.032498
-0.032681
-0.032864
-0.033046
-0.033227
-0.033407
-0.033587
-0.033766
-0.033944
-0.034121
-0.034298
-0.034474
-0.034649
-0.034824
-0.034997
-0.035170
-0.035343
-0.035514
-0.035685
-0.035855
-0.036025
-0.036193
-0.036361
-0.036529
-0.036695
-0.036861
-0.037026
-0.037191
-0.037355
-0.037518
-0.037680
-0.037842
-0.038003
-0.038163
-0.038323
-0.038482
-0.038640
-0.038798
-0.038955
-0.039111
-0.039267
-0.039422
-0.039576
-0.039730
-0.039882
-0.040035
-0.040186
-0.040337
-0.040488
-0.040637
-0.040786
-0.040934
-0.041082
-0.041229
-0.041376
-0.041521
-0.041666
-0.041811
-0.041955
-0.042098
-0.042240
-0.042382
-0.042524
-0.042664
-0.042804
-0.042944
-0.043082
-0.043220
-0.043358
-0.043495
-0.043631
-0.043767
-0.043902
-0.044036
-0.044170
-0.044303
-0.044436
-0.044568
-0.044700
-0.044830
-0.044961
-0.045090
-0.045219
-0.045348
-0.045475
-0.045603
-0.045729
-0.045856
-0.045981
-0.046106
-0.046230
-0.046354
-0.046477
-0.046600
-0.046722
-0.046843
-0.046964
-0.047085
-0.047204
-0.047323
-0.047442
-0.047560
-0.047678
-0.047795
-0.047911
-0.048027
-0.048142
-0.048257
-0.048371
-0.048485
-0.048598
-0.048710
-0.048822
-0.048934
-0.049045
-0.049155
-0.049265
-0.049374
-0.049483
-0.049591
-0.049699
-0.049806
-0.049913
-0.050019
-0.050125
-0.050230
-0.050334
-0.050438
-0.050542
-0.050645
-0.050748
-0.050850
-0.050951
-0.051052
-0.051153
-0.051253
-0.051352
-0.051451
-0.051549
-0.051647
-0.051745
-0.051842
-0.051938
-0.052034
-0.052130
-0.052225
-0.052320
-0.052414
-0.052507
-0.052600
-0.052693
-0.052785
-0.052877
-0.052968
-0.053059
-0.053149
-0.053239
-0.053328
-0.053417
-0.053505
-0.053593
-0.053681
-0.053767
-0.053854
-0.053940
-0.054026
-0.054111
-0.054196
-0.054280
-0.054364
-0.054447
-0.054530
-0.054612
-0.054694
-0.054776
-0.054857
-0.054938
-0.055018
-0.055098
-0.055177
-0.055256
-0.055335
-0.055413
-0.055490
-0.055568
-0.055644
-0.055721
-0.055797
-0.055872
-0.055947
-0.056022
-0.056096
-0.056170
-0.056244
-0.056317
-0.056389
-0.056462
-0.056533
-0.056605
-0.056676
-0.056746
-0.056817
-0.056887
-0.056956
-0.057025
-0.057094
-0.057162
-0.057230
-0.057297
-0.057364
-0.057431
-0.057497
-0.057563
-0.057628
-0.057694
-0.057758
-0.057823
-0.057887
-0.057950
-0.058013
-0.058076
-0.058139
-0.058201
-0.058263
-0.058324
-0.058385
-0.058446
-0.058506
-0.058566
-0.058626
-0.058685
-0.058744
-0.058802
-0.058860
-0.058918
-0.058975
-0.059033
-0.059089
-0.059146
-0.059202
-0.059257
-0.059313
-0.059368
-0.059422
-0.059477
-0.059531
-0.059584
-0.059638
-0.059691
-0.059743
-0.059796
-0.059848
-0.059899
-0.059951
-0.060002
-0.060053
-0.060103
-0.060153
-0.060203
-0.060252
-0.060301
-0.060350
-0.060398
-0.060447
-0.060494
-0.060542
-0.060589
-0.060636
-0.060683
-0.060729
-0.060775
-0.060821
-0.060866
-0.060911
-0.060956
-0.061001
-0.061045
-0.061089
-0.061132
-0.061176
-0.061219
-0.061261
-0.061304
-0.061346
-0.061388
-0.061430
-0.061471
-0.061512
-0.061553
-0.061593
-0.061633
-0.061673
-0.061713
-0.061752
-0.061792
-0.061830
-0.061869
-0.061907
-0.061945
-0.061983
-0.062021
-0.062058
-0.062095
-0.062132
-0.062168
-0.062204
-0.062240
-0.062276
-0.062311
-0.062347
-0.062382
-0.062416
-0.062451
-0.062485
-0.062519
-0.062553
-0.062586
-0.062619
-0.062652
-0.062685
-0.062717
-0.062750
-0.062782
-0.062814
-0.062845
-0.062876
-0.062907
-0.062938
-0.062969
-0.062999
-0.063029
-0.063059
-0.063089
-0.063119
-0.063148
-0.063177
-0.063206
-0.063234
-0.063263
-0.063291
-0.063319
-0.063347
-0.063374
-0.063401
-0.063429
-0.063455
-0.063482
-0.063509
-0.063535
-0.063561
-0.063587
-0.063612
-0.063638
-0.063663
-0.063688
-0.063713
-0.063738
-0.063762
-0.063786
-0.063810
-0.063834
-0.063858
-0.063881
-0.063905
-0.063928
-0.063951
-0.063973
-0.063996
-0.064018
-0.064040
-0.064062
-0.064084
-0.064106
-0.064127
-0.064149
-0.064170
-0.064190
-0.064211
-0.064232
-0.064252
-0.064272
-0.064292
-0.064312
-0.064332
-0.064351
-0.064371
-0.064390
-0.064409
-0.064428
-0.064447
-0.064465
-0.064483
-0.064502
-0.064520
-0.064538
-0.064555
-0.064573
-0.064590
-0.064608
-0.064625
-0.064642
-0.064658
-0.064675
-0.064691
-0.064708
-0.064724
-0.064740
-0.064756
-0.064772
-0.064787
-0.064803
-0.064818
-0.064833
-0.064848
-0.064863
-0.064878
-0.064893
-0.064907
-0.064921
-0.064936
-0.064950
-0.064964
-0.064977
-0.064991
-0.065004
-0.065018
-0.065031
-0.065044
-0.065057
-0.065070
-0.065083
-0.065096
-0.065108
-0.065120
-0.065133
-0.065145
-0.065157
-0.065169
-0.065180
-0.065192
-0.065204
-0.065215
-0.065226
-0.065237
-0.065248
-0.065259
-0.065270
-0.065281
-0.065291
-0.065302
-0.065312
-0.065323
-0.065333
-0.065343
-0.065353
-0.065362
-0.065372
-0.065382
-0.065391
-0.065401
-0.065410
-0.065419
-0.065428
-0.065437
-0.065446
-0.065455
-0.065464
-0.065472
-0.065481
-0.065489
-0.065497
-0.065505
-0.065514
-0.065521
-0.065529
-0.065537
-0.065545
-0.065553
-0.065560
-0.065567
-0.065575
-0.065582
-0.065589
-0.065596
-0.065603
-0.065610
-0.065617
-0.065624
-0.065630
-0.065637
-0.065643
-0.065650
-0.065656
-0.065662
-0.065668
-0.065675
-0.065681
-0.065686
-0.065692
-0.065698
-0.065704
-0.065709
-0.065715
-0.065720
-0.065726
-0.065731
-0.065736
-0.065741
-0.065746
-0.065751
-0.065756
-0.065761
-0.065766
-0.065770
-0.065775
-0.065780
-0.065784
-0.065788
-0.065793
-0.065797
-0.065801
-0.065805
-0.065809
-0.065814
-0.065817
-0.065821
-0.065825
-0.065829
-0.065833
-0.065836
-0.065840
-0.065843
-0.065847
-0.065850
-0.065853
-0.065857
-0.065860
-0.065863
-0.065866
-0.065869
-0.065872
-0.065875
-0.065878
-0.065881
-0.065883
-0.065886
-0.065889
-0.065891
-0.065894
-0.065896
-0.065899
-0.065901
-0.065903
-0.065906
-0.065908
-0.065910
-0.065912
-0.065914
-0.065916
-0.065918
-0.065920
-0.065922
-0.065924
-0.065926
-0.065927
-0.065929
-0.065931
-0.065932
-0.065934
-0.065935
-0.065937
-0.065938
-0.065939
-0.065941
-0.065942
-0.065943
-0.065944
-0.065946
-0.065947
-0.065948
-0.065949
-0.065950
-0.065951
-0.065952
-0.065952
-0.065953
-0.065954
-0.065955
-0.065956
-0.065956
-0.065957
-0.065957
-0.065958
-0.065958
-0.065959
-0.065959
-0.065960
-0.065960
-0.065961
-0.065961
-0.065961
-0.065961
-0.065962
-0.065962
-0.065962
-0.065962
-0.065962
-0.065962
-0.065962
-0.065962
-0.065962
-0.065962
-0.065962
-0.065962
-0.065962
-0.065961
-0.065961
-0.065961
-0.065961
-0.065960
-0.065960
-0.065960
-0.065959
-0.065959
-0.065958
-0.065958
-0.065957
-0.065957
-0.065956
-0.065956
-0.065955
-0.065954
-0.065954
-0.065953
-0.065952
-0.065952
-0.065951
-0.065950
-0.065949
-0.065948
-0.065948
-0.065947
-0.065946
-0.065945
-0.065944
-0.065943
-0.065942
-0.065941
-0.065940
-0.065939
-0.065938
-0.065937
-0.065936
-0.065935
-0.065933
-0.065932
-0.065931
-0.065930
-0.065929
-0.065927
-0.065926
-0.065925
-0.065924
-0.065922
-0.065921
-0.065920
-0.065918
-0.065917
-0.065915
-0.065914
-0.065913
-0.065911
-0.065910
-0.065908
-0.065907
-0.065905
-0.065904
-0.065902
-0.065901
-0.065899
-0.065897
-0.065896
-0.065894
-0.065893
-0.065891
-0.065889
-0.065888
-0.065886
-0.065884
-0.065883
-0.065881
-0.065879
-0.065877
-0.065876
-0.065874
-0.065872
-0.065870
-0.065868
-0.065867
-0.065865
-0.065863
-0.065861
-0.065859
-0.065857
-0.065856
-0.065854
-0.065852
-0.065850
-0.065848
-0.065846
-0.065844
-0.065842
-0.065840
-0.065838
-0.065836
-0.065834
-0.065832
-0.065830
-0.065828
-0.065826
-0.065824
-0.065822
-0.065820
-0.065818
-0.065816
-0.065814
-0.065812
-0.065810
-0.065808
-0.065806
-0.065803
-0.065801
-0.065799
-0.065797
-0.065795
-0.065793
-0.065791
-0.065789
-0.065786
-0.065784
-0.065782
-0.065780
-0.065778
-0.065776
-0.065773
-0.065771
-0.065769
-0.065767
-0.065765
-0.065762
-0.065760
-0.065758
-0.065756
-0.065753
-0.065751
-0.065749
-0.065747
-0.065744
-0.065742
-0.065740
-0.065738
-0.065735
-0.065733
-0.065731
-0.065729
-0.065726
-0.065724
-0.065722
-0.065720
-0.065717
-0.065715
-0.065713
-0.065710
-0.065708
-0.065706
-0.065704
-0.065701
-0.065699
-0.065697
-0.065694
-0.065692
-0.065690
-0.065687
-0.065685
-0.065683
-0.065680
-0.065678
-0.065676
-0.065673
-0.065671
-0.065669
-0.065667
-0.065664
-0.065662
-0.065660
-0.065657
-0.065655
-0.065653
-0.065650
-0.065648
-0.065646
-0.065643
-0.065641
-0.065639
-0.065636
-0.065634
-0.065632
-0.065629
-0.065627
-0.065625
-0.065622
-0.065620
-0.065618

