0.000000
0.000000
-0.000006
-0.000014
-0.000023
-0.000034
-0.000045
-0.000058
-0.000070
-0.000084
-0.000097
-0.000111
-0.000125
-0.000140
-0.000155
-0.000170
-0.000185
-0.000201
-0.000217
-0.000233
-0.000249
-0.000266
-0.000282
-0.000299
-0.000316
-0.000333
-0.000351
-0.000368
-0.000386
-0.000404
-0.000422
-0.000440
-0.000459
-0.000477
-0.000496
-0.000515
-0.000534
-0.000553
-0.000572
-0.000591
-0.000611
-0.000631
-0.000651
-0.000670
-0.000691
-0.000711
-0.000731
-0.000751
-0.000772
-0.000793
-0.000813
-0.000834
-0.000855
-0.000876
-0.000898
-0.000919
-0.000940
-0.000962
-0.000984
-0.001005
-0.001027
-0.001049
-0.001071
-0.001093
-0.001115
-0.001138
-0.001160
-0.001183
-0.001205
-0.001228
-0.001251
-0.001273
-0.001296
-0.001319
-0.001342
-0.001366
-0.001389
-0.001412
-0.001435
-0.001459
-0.001482
-0.001506
-0.001530
-0.001553
-0.001577
-0.001601
-0.001625
-0.001649
-0.001673
-0.001697
-0.001722
-0.001746
-0.001770
-0.001795
-0.001819
-0.001844
-0.001868
-0.001893
-0.001918
-0.001942
-0.001967
-0.001992
-0.002017
-0.002042
-0.002067
-0.002092
-0.002118
-0.002143
-0.002168
-0.002193
-0.002219
-0.002244
-0.002270
-0.002295
-0.002321
-0.002346
-0.002372
-0.002398
-0.002424
-0.002449
-0.002475
-0.002501
-0.002527
-0.002553
-0.002579
-0.002605
-0.002631
-0.002658
-0.002684
-0.002710
-0.002736
-0.002763
-0.002789
-0.002815
-0.002842
-0.002868
-0.002895
-0.002921
-0.002948
-0.002975
-0.003001
-0.003028
-0.003055
-0.003082
-0.003108
-0.003135
-0.003162
-0.003189
-0.003216
-0.003243
-0.003270
-0.003297
-0.003324
-0.003351
-0.003379
-0.003406
-0.003433
-0.003460
-0.003487
-0.003515
-0.003542
-0.003569
-0.003597
-0.003624
-0.003652
-0.003679
-0.003707
-0.003734
-0.003762
-0.003789
-0.003817
-0.003845
-0.003872
-0.003900
-0.003928
-0.003955
-0.003983
-0.004011
-0.004039
-0.004067
-0.004094
-0.004122
-0.004150
-0.004178
-0.004206
-0.004234
-0.004262
-0.004290
-0.004318
-0.004346
-0.004374
-0.004402
-0.004430
-0.004459
-0.004487
-0.004515
-0.004543
-0.004571
-0.004599
-0.004628
-0.004656
-0.004684
-0.004713
-0.004741
-0.004769
-0.004798
-0.004826
-0.004854
-0.004883
-0.004911
-0.004940
-0.004968
-0.004997
-0.005025
-0.005054
-0.005082
-0.005111
-0.005139
-0.005168
-0.005197
-0.005225
-0.005254
-0.005282
-0.005311
-0.005340
-0.005368
-0.005397
-0.005426
-0.005455
-0.005483
-0.005512
-0.005541
-0.005570
-0.005598
-0.005627
-0.005656
-0.005685
-0.005714
-0.005743
-0.005771
-0.005800
-0.005829
-0.005858
-0.005887
-0.005916
-0.005945
-0.005974
-0.006003
-0.006032
-0.006061
-0.006090
-0.006119
-0.006148
-0.006177
-0.006206
-0.006235
-0.006264
-0.006293
-0.006322
-0.006351
-0.006380
-0.006409
-0.006438
-0.006467
-0.006496
-0.006525
-0.006555
-0.006584
-0.006613
-0.006642
-0.006671
-0.006700
-0.006729
-0.006759
-0.006788
-0.006817
-0.006846
-0.006875
-0.006905
-0.006934
-0.006963
-0.006992
-0.007022
-0.007051
-0.007080
-0.007109
-0.007139
-0.007168
-0.007197
-0.007226
-0.007256
-0.007285
-0.007314
-0.007344
-0.007373
-0.007402
-0.007432
-0.007461
-0.007490
-0.007520
-0.007549
-0.007578
-0.007608
-0.007637
-0.007666
-0.007696
-0.007725
-0.007754
-0.007784
-0.007813
-0.007842
-0.007872
-0.007901
-0.007931
-0.007960
-0.007989
-0.008019
-0.008048
-0.008078
-0.008107
-0.008136
-0.008166
-0.008195
-0.008225
-0.008254
-0.008283
-0.008313
-0.008342
-0.008372
-0.008401
-0.008431
-0.008460
-0.008489
-0.008519
-0.008548
-0.008578
-0.008607
-0.008637
-0.008666
-0.008695
-0.008725
-0.008754
-0.008784
-0.008813
-0.008843
-0.008872
-0.008902
-0.008931
-0.008960
-0.008990
-0.009019
-0.009049
-0.009078
-0.009108
-0.009137
-0.009167
-0.009196
-0.009225
-0.009255
-0.009284
-0.009314
-0.009343
-0.009373
-0.009402
-0.009432
-0.009461
-0.009490
-0.009520
-0.009549
-0.009579
-0.009608
-0.009638
-0.009667
-0.009696
-0.009726
-0.009755
-0.009785
-0.009814
-0.009844
-0.009873
-0.009902
-0.009932
-0.009961
-0.009991
-0.010020
-0.010050
-0.010079
-0.010108
-0.010138
-0.010167
-0.010197
-0.010226
-0.010255
-0.010285
-0.010314
-0.010344
-0.010373
-0.010402
-0.010432
-0.010461
-0.010490
-0.010520
-0.010549
-0.010579
-0.010608
-0.010637
-0.010667
-0.010696
-0.010725
-0.010755
-0.010784
-0.010813
-0.010843
-0.010872
-0.010901
-0.010931
-0.010960
-0.010989
-0.011019
-0.011048
-0.011077
-0.011107
-0.011136
-0.011165
-0.011195
-0.011224
-0.011253
-0.011282
-0.011312
-0.011341
-0.011370
-0.011400
-0.011429
-0.011458
-0.011487
-0.011517
-0.011546
-0.011575
-0.011604
-0.011634
-0.011663
-0.011692
-0.011721
-0.011750
-0.011780
-0.011809
-0.011838
-0.011867
-0.011896
-0.011926
-0.011955
-0.011984
-0.012013
-0.012042
-0.012071
-0.012101
-0.012130
-0.012159
-0.012188
-0.012217
-0.012246
-0.012275
-0.012304
-0.012334
-0.012363
-0.012392
-0.012421
-0.012450
-0.012479
-0.012508
-0.012537
-0.012566
-0.012595
-0.012624
-0.012653
-0.012682
-0.012711
-0.012740
-0.012769
-0.012798
-0.012827
-0.012856
-0.012885
-0.012914
-0.012943
-0.012972
-0.013001
-0.013030
-0.013059
-0.013088
-0.013117
-0.013146
-0.013175
-0.013204
-0.013233
-0.013262
-0.013291
-0.013320
-0.013348
-0.013377
-0.013406
-0.013435
-0.013464
-0.013493
-0.013522
-0.013551
-0.013579
-0.013608
-0.013637
-0.013666
-0.013695
-0.013723
-0.013752
-0.013781
-0.013810
-0.013839
-0.013867
-0.013896
-0.013925
-0.013954
-0.013982
-0.014011
-0.014040
-0.014068
-0.014097
-0.014126
-0.014155
-0.014183
-0.014212
-0.014241
-0.014269
-0.014298
-0.014326
-0.014355
-0.014384
-0.014412
-0.014441
-0.014470
-0.014498
-0.014527
-0.014555
-0.014584
-0.014612
-0.014641
-0.014670
-0.014698
-0.014727
-0.014755
-0.014784
-0.014812
-0.014841
-0.014869
-0.014898
-0.014926
-0.014955
-0.014983
-0.015011
-0.015040
-0.015068
-0.015097
-0.015125
-0.015154
-0.015182
-0.015210
-0.015239
-0.015267
-0.015295
-0.015324
-0.015352
-0.015380
-0.015409
-0.015437
-0.015465
-0.015494
-0.015522
-0.015550
-0.015579
-0.015607
-0.015635
-0.015663
-0.015692
-0.015720
-0.015748
-0.015776
-0.015804
-0.015833
-0.015861
-0.015889
-0.015917
-0.015945
-0.015974
-0.016002
-0.016030
-0.016058
-0.016086
-0.016114
-0.016142
-0.016170
-0.016198
-0.016226
-0.016255
-0.016283
-0.016311
-0.016339
-0.016367
-0.016395
-0.016423
-0.016451
-0.016479
-0.016507
-0.016535
-0.016563
-0.016590
-0.016618
-0.016646
-0.016674
-0.016702
-0.016730
-0.016758
-0.016786
-0.016814
-0.016842
-0.016869
-0.016897
-0.016925
-0.016953
-0.016981
-0.017009
-0.017036
-0.017064
-0.017092
-0.017120
-0.017147
-0.017175
-0.017203
-0.017231
-0.017258
-0.017286
-0.017314
-0.017341
-0.017369
-0.017397
-0.017424
-0.017452
-0.017480
-0.017507
-0.017535
-0.017563
-0.017590
-0.017618
-0.017645
-0.017673
-0.017700
-0.017728
-0.017756
-0.017783
-0.017811
-0.017838
-0.017866
-0.017893
-0.017921
-0.017948
-0.017975
-0.018003
-0.018030
-0.018058
-0.018085
-0.018113
-0.018140
-0.018167
-0.018195
-0.018222
-0.018249
-0.018277
-0.018304
-0.018331
-0.018359
-0.018386
-0.018413
-0.018441
-0.018468
-0.018495
-0.018522
-0.018550
-0.018577
-0.018604
-0.018631
-0.018658
-0.018686
-0.018713
-0.018740
-0.018767
-0.018794
-0.018821
-0.018849
-0.018876
-0.018903
-0.018930
-0.018957
-0.018984
-0.019011
-0.019038
-0.019065
-0.019092
-0.019119
-0.019146
-0.019173
-0.019200
-0.019227
-0.019254
-0.019281
-0.019308
-0.019335
-0.019362
-0.019389
-0.019416
-0.019443
-0.019469
-0.019496
-0.019523
-0.019550
-0.019577
-0.019604
-0.019631
-0.019657
-0.019684
-0.019711
-0.019738
-0.019764
-0.019791
-0.019818
-0.019845
-0.019871
-0.019898
-0.019925
-0.019951
-0.019978
-0.020005
-0.020031
-0.020058
-0.020085
-0.020111
-0.020138
-0.020165
-0.020191
-0.020218
-0.020244
-0.020271
-0.020297
-0.020324
-0.020350
-0.020377
-0.020403
-0.020430
-0.020456
-0.020483
-0.020509
-0.020536
-0.020562
-0.020589
-0.020615
-0.020641
-0.020668
-0.020694
-0.020721
-0.020747
-0.020773
-0.020800
-0.020826
-0.020852
-0.020879
-0.020905
-0.020931
-0.020957
-0.020984
-0.021010
-0.021036
-0.021062
-0.021089
-0.021115
-0.021141
-0.021167
-0.021193
-0.021219
-0.021246
-0.021272
-0.021298
-0.021324
-0.021350
-0.021376
-0.021402
-0.021428
-0.021454
-0.021480
-0.021506
-0.021532
-0.021558
-0.021584
-0.021610
-0.021636
-0.021662
-0.021688
-0.021714
-0.021740
-0.021766
-0.021792
-0.021818
-0.021844
-0.021870
-0.021895
-0.021921
-0.021947
-0.021973
-0.021999
-0.022025
-0.022050
-0.022076
-0.022102
-0.022128
-0.022153
-0.022179
-0.022205
-0.022231
-0.022256
-0.022282
-0.022308
-0.022333
-0.022359
-0.022385
-0.022410
-0.022436
-0.022462
-0.022487
-0.022513
-0.022538
-0.022564
-0.022589
-0.022615
-0.022641
-0.022666
-0.022692
-0.022717
-0.022743
-0.022768
-0.022794
-0.022819
-0.022844
-0.022870
-0.022895
-0.022921
-0.022946
-0.022971
-0.022997
-0.023022
-0.023048
-0.023073
-0.023098
-0.023124
-0.023149
-0.023174
-0.023199
-0.023225
-0.023250
-0.023275
-0.023300
-0.023326
-0.023351
-0.023376
-0.023401
-0.023426
-0.023452
-0.023477
-0.023502
-0.023527
-0.023552
-0.023577
-0.023602
-0.023627
-0.023653
-0.023678
-0.023703
-0.023728
-0.023753
-0.023778
-0.023803
-0.023828
-0.023853
-0.023878
-0.023903
-0.023928
-0.023953
-0.023977
-0.024002
-0.024027
-0.024052
-0.024077
-0.024102
-0.024127
-0.024152
-0.024176
-0.024201
-0.024226
-0.024251
-0.024276
-0.024300
-0.024325
-0.024350
-0.024375
-0.024399
-0.024424
-0.024449
-0.024474
-0.024498
-0.024523
-0.024548
-0.024572
-0.024597
-0.024622
-0.024646
-0.024671
-0.024695
-0.024720
-0.024745
-0.024769
-0.024794
-0.024818
-0.024843
-0.024867
-0.024892
-0.024916
-0.024941
-0.024965
-0.024990
-0.025014
-0.025038
-0.025063
-0.025087
-0.025112
-0.025136
-0.025160
-0.025185
-0.025209
-0.025233
-0.025258
-0.025282
-0.025306
-0.025331
-0.025355
-0.025379
-0.025404
-0.025428
-0.025452
-0.025476
-0.025500
-0.025525
-0.025549
-0.025573
-0.025597
-0.025621
-0.025645
-0.025670
-0.025694
-0.025718
-0.025742
-0.025766
-0.025790
-0.025814
-0.025838
-0.025862
-0.025886
-0.025910
-0.025934
-0.025958
-0.025982
-0.026006
-0.026030
-0.026054
-0.026078
-0.026102
-0.026126
-0.026150
-0.026174
-0.026198
-0.026221
-0.026245
-0.026269
-0.026293
-0.026317
-0.026341
-0.026364
-0.026388
-0.026412
-0.026436
-0.026460
-0.026483
-0.026507
-0.026531
-0.026554
-0.026578
-0.026602
-0.026625
-0.026649
-0.026673
-0.026696
-0.026720
-0.026744
-0.026767
-0.026791
-0.026814
-0.026838
-0.026862
-0.026885
-0.026909
-0.026932
-0.026956
-0.026979
-0.027003
-0.027026
-0.027050
-0.027073
-0.027096
-0.027120
-0.027143
-0.027167
-0.027190
-0.027214
-0.027237
-0.027260
-0.027284
-0.027307
-0.027330
-0.027354
-0.027377
-0.027400
-0.027423
-0.027447
-0.027470
-0.027493
-0.027516
-0.027540
-0.027563
-0.027586
-0.027609
-0.027632
-0.027656
-0.027679
-0.027702
-0.027725
-0.027748
-0.027771
-0.027794
-0.027818
-0.027841
-0.027864
-0.027887
-0.027910
-0.027933
-0.027956
-0.027979
-0.028002
-0.028025
-0.028048
-0.028071
-0.028094
-0.028117
-0.028140
-0.028162
-0.028185
-0.028208
-0.028231
-0.028254
-0.028277
-0.028300
-0.028323
-0.028345
-0.028368
-0.028391
-0.028414
-0.028437
-0.028459
-0.028482
-0.028505
-0.028528
-0.028550
-0.028573
-0.028596
-0.028618
-0.028641
-0.028664
-0.028686
-0.028709
-0.028732
-0.028754
-0.028777
-0.028799
-0.028822
-0.028845
-0.028867
-0.028890
-0.028912
-0.028935
-0.028957
-0.028980
-0.029002
-0.029025
-0.029047
-0.029070
-0.029092
-0.029115
-0.029137
-0.029160
-0.029182
-0.029204
-0.029227
-0.029249
-0.029271
-0.029294
-0.029316
-0.029338
-0.029361
-0.029383
-0.029405
-0.029428
-0.029450
-0.029472
-0.029494
-0.029517
-0.029539
-0.029561
-0.029583
-0.029606
-0.029628
-0.029650
-0.029672
-0.029694
-0.029716
-0.029738
-0.029761
-0.029783
-0.029805
-0.029827
-0.029849
-0.029871
-0.029893
-0.029915
-0.029937
-0.029959
-0.029981
-0.030003
-0.030025
-0.030047
-0.030069
-0.030091
-0.030113
-0.030135
-0.030157
-0.030179
-0.030200
-0.030222
-0.030244
-0.030266
-0.030288
-0.030310
-0.030332
-0.030353
-0.030375
-0.030397
-0.030419
-0.030441
-0.030462
-0.030484
-0.030506
-0.030528
-0.030549
-0.030571
-0.030593
-0.030614
-0.030636
-0.030658
-0.030679
-0.030701
-0.030723
-0.030744
-0.030766
-0.030787
-0.030809
-0.030830
-0.030852
-0.030874
-0.030895
-0.030917
-0.030938
-0.030960
-0.030981
-0.031003
-0.031024
-0.031046
-0.031067
-0.031088
-0.031110
-0.031131
-0.031153
-0.031174
-0.031195
-0.031217
-0.031238
-0.031260
-0.031281
-0.031302
-0.031324
-0.031345
-0.031366
-0.031387
-0.031409
-0.031430
-0.031451
-0.031472
-0.031494
-0.031515
-0.031536
-0.031557
-0.031578
-0.031600
-0.031621
-0.031642
-0.031663
-0.031684
-0.031705
-0.031726
-0.031748
-0.031769
-0.031790
-0.031811
-0.031832
-0.031853
-0.031874
-0.031895
-0.031916
-0.031937
-0.031958
-0.031979
-0.032000
-0.032021
-0.032042
-0.032063
-0.032084
-0.032104
-0.032125
-0.032146
-0.032167
-0.032188
-0.032209
-0.032230
-0.032251
-0.032271
-0.032292
-0.032313
-0.032334
-0.032355
-0.032375
-0.032396
-0.032417
-0.032438
-0.032458
-0.032479
-0.032500
-0.032520
-0.032541
-0.032562
-0.032582
-0.032603
-0.032624
-0.032644
-0.032665
-0.032686
-0.032706
-0.032727
-0.032747
-0.032768
-0.032788
-0.032809
-0.032830
-0.032850
-0.032871
-0.032891
-0.032912
-0.032932
-0.032953
-0.032973
-0.032993
-0.033014
-0.033034
-0.033055
-0.033075
-0.033095
-0.033116
-0.033136
-0.033157
-0.033177
-0.033197
-0.033218
-0.033238
-0.033258
-0.033279
-0.033299
-0.033319
-0.033339
-0.033360
-0.033380
-0.033400
-0.033420
-0.033441
-0.033461
-0.033481
-0.033501
-0.033521
-0.033541
-0.033562
-0.033582
-0.033602
-0.033622
-0.033642
-0.033662
-0.033682
-0.033702
-0.033722
-0.033742
-0.033762
-0.033783
-0.033803
-0.033823
-0.033843
-0.033863
-0.033883
-0.033902
-0.033922
-0.033942
-0.033962
-0.033982
-0.034002
-0.034022
-0.034042
-0.034062
-0.034082
-0.034102
-0.034121
-0.034141
-0.034161
-0.034181
-0.034201
-0.034221
-0.034240
-0.034260
-0.034280
-0.034300
-0.034319
-0.034339
-0.034359
-0.034379
-0.034398
-0.034418
-0.034438
-0.034457
-0.034477
-0.034497
-0.034516
-0.034536
-0.034556
-0.034575
-0.034595
-0.034614
-0.034634
-0.034654
-0.034673
-0.034693
-0.034712
-0.034732
-0.034751
-0.034771
-0.034790
-0.034810
-0.034829
-0.034849
-0.034868
-0.034888
-0.034907
-0.034926
-0.034946
-0.034965
-0.034985
-0.035004
-0.035023
-0.035043
-0.035062
-0.035081
-0.035101
-0.035120
-0.035139
-0.035159
-0.035178
-0.035197
-0.035217
-0.035236
-0.035255
-0.035274
-0.035294
-0.035313
-0.035332
-0.035351
-0.035370
-0.035390
-0.035409
-0.035428
-0.035447
-0.035466
-0.035485
-0.035504
-0.035523
-0.035543
-0.035562
-0.035581
-0.035600
-0.035619
-0.035638
-0.035657
-0.035676
-0.035695
-0.035714
-0.035733
-0.035752
-0.035771
-0.035790
-0.035809
-0.035828
-0.035847
-0.035866
-0.035885
-0.035903
-0.035922
-0.035941
-0.035960
-0.035979
-0.035998
-0.036017
-0.036035
-0.036054
-0.036073
-0.036092
-0.036111
-0.036130
-0.036148
-0.036167
-0.036186
-0.036205
-0.036223
-0.036242
-0.036261
-0.036279
-0.036298
-0.036317
-0.036335
-0.036354
-0.036373
-0.036391
-0.036410
-0.036429
-0.036447
-0.036466
-0.036484
-0.036503
-0.036522
-0.036540
-0.036559
-0.036577
-0.036596
-0.036614
-0.036633
-0.036651
-0.036670
-0.036688
-0.036707
-0.036725
-0.036744
-0.036762
-0.036781
-0.036799
-0.036817
-0.036836
-0.036854
-0.036873
-0.036891
-0.036909
-0.036928
-0.036946
-0.036964
-0.036983
-0.037001
-0.037019
-0.037037
-0.037056
-0.037074
-0.037092
-0.037111
-0.037129
-0.037147
-0.037165
-0.037183
-0.037202
-0.037220
-0.037238
-0.037256
-0.037274
-0.037293
-0.037311
-0.037329
-0.037347
-0.037365
-0.037383
-0.037401
-0.037419
-0.037437
-0.037455
-0.037474
-0.037492
-0.037510
-0.037528
-0.037546
-0.037564
-0.037582
-0.037600
-0.037618
-0.037636
-0.037654
-0.037671
-0.037689
-0.037707
-0.037725
-0.037743
-0.037761
-0.037779
-0.037797
-0.037815
-0.037833
-0.037850
-0.037868
-0.037886
-0.037904
-0.037922
-0.037939
-0.037957
-0.037975
-0.037993
-0.038011
-0.038028
-0.038046
-0.038064
-0.038082
-0.038099
-0.038117
-0.038135
-0.038152
-0.038170
-0.038188
-0.038205
-0.038223
-0.038241
-0.038258
-0.038276
-0.038293
-0.038311
-0.038329
-0.038346
-0.038364
-0.038381
-0.038399
-0.038416
-0.038434
-0.038452
-0.038469
-0.038487
-0.038504
-0.038521
-0.038539
-0.038556
-0.038574
-0.038591
-0.038609
-0.038626
-0.038644
-0.038661
-0.038678
-0.038696
-0.038713
-0.038731
-0.038748
-0.038765
-0.038783
-0.038800
-0.038817
-0.038835
-0.038852
-0.038869
-0.038886
-0.038904
-0.038921
-0.038938
-0.038955
-0.038973
-0.038990
-0.039007
-0.039024
-0.039042
-0.039059
-0.039076
-0.039093
-0.039110
-0.039127
-0.039145
-0.039162
-0.039179
-0.039196
-0.039213
-0.039230
-0.039247
-0.039264
-0.039281
-0.039298
-0.039315
-0.039332
-0.039349
-0.039367
-0.039384
-0.039401
-0.039418
-0.039434
-0.039451
-0.039468
-0.039485
-0.039502
-0.039519
-0.039536
-0.039553
-0.039570
-0.039587
-0.039604
-0.039621
-0.039638
-0.039654
-0.039671
-0.039688
-0.039705
-0.039722
-0.039739
-0.039755
-0.039772
-0.039789
-0.039806
-0.039822
-0.039839
-0.039856
-0.039873
-0.039889
-0.039906
-0.039923
-0.039940
-0.039956
-0.039973
-0.039990
-0.040006
-0.040023
-0.040040
-0.040056
-0.040073
-0.040089
-0.040106
-0.040123
-0.040139
-0.040156
-0.040172
-0.040189
-0.040206
-0.040222
-0.040239
-0.040255
-0.040272
-0.040288
-0.040305
-0.040321
-0.040338
-0.040354
-0.040371
-0.040387
-0.040403
-0.040420
-0.040436
-0.040453
-0.040469
-0.040486
-0.040502
-0.040518
-0.040535
-0.040551
-0.040567
-0.040584
-0.040600
-0.040616
-0.040633
-0.040649
-0.040665
-0.040682
-0.040698
-0.040714
-0.040730
-0.040747
-0.040763
-0.040779
-0.040795
-0.040812
-0.040828
-0.040844
-0.040860
-0.040876
-0.040893
-0.040909
-0.040925
-0.040941
-0.040957
-0.040973
-0.040989
-0.041006
-0.041022
-0.041038
-0.041054
-0.041070
-0.041086
-0.041102
-0.041118
-0.041134
-0.041150
-0.041166
-0.041182
-0.041198
-0.041214
-0.041230
-0.041246
-0.041262
-0.041278
-0.041294
-0.041310
-0.041326
-0.041342
-0.041358
-0.041374
-0.041390
-0.041405
-0.041421
-0.041437
-0.041453
-0.041469
-0.041485
-0.041501
-0.041516
-0.041532
-0.041548
-0.041564
-0.041580
-0.041595
-0.041611
-0.041627
-0.041643
-0.041658
-0.041674
-0.041690
-0.041706
-0.041721
-0.041737
-0.041753
-0.041768
-0.041784
-0.041800
-0.041815
-0.041831
-0.041847
-0.041862
-0.041878
-0.041894
-0.041909
-0.041925
-0.041940
-0.041956
-0.041971
-0.041987
-0.042003
-0.042018
-0.042034
-0.042049
-0.042065
-0.042080
-0.042096
-0.042111
-0.042127
-0.042142
-0.042158
-0.042173
-0.042188
-0.042204
-0.042219
-0.042235
-0.042250
-0.042266
-0.042281
-0.042296
-0.042312
-0.042327
-0.042342
-0.042358
-0.042373
-0.042389
-0.042404
-0.042419
-0.042434
-0.042450
-0.042465
-0.042480
-0.042496
-0.042511
-0.042526
-0.042541
-0.042557
-0.042572
-0.042587
-0.042602
-0.042618
-0.042633
-0.042648
-0.042663
-0.042678
-0.042693
-0.042709
-0.042724
-0.042739
-0.042754
-0.042769
-0.042784
-0.042799
-0.042814
-0.042829
-0.042845
-0.042860
-0.042875
-0.042890
-0.042905
-0.042920
-0.042935
-0.042950
-0.042965
-0.042980
-0.042995
-0.043010
-0.043025
-0.043040
-0.043055
-0.043070
-0.043085
-0.043100
-0.043115
-0.043129
-0.043144
-0.043159
-0.043174
-0.043189
-0.043204
-0.043219
-0.043234
-0.043248
-0.043263
-0.043278
-0.043293
-0.043308
-0.043323
-0.043337
-0.043352
-0.043367
-0.043382
-0.043396
-0.043411
-0.043426
-0.043441
-0.043455
-0.043470
-0.043485
-0.043500
-0.043514
-0.043529
-0.043544
-0.043558
-0.043573
-0.043588
-0.043602
-0.043617
-0.043632
-0.043646
-0.043661
-0.043675
-0.043690
-0.043705
-0.043719
-0.043734
-0.043748
-0.043763
-0.043777
-0.043792
-0.043807
-0.043821
-0.043836
-0.043850
-0.043865
-0.043879
-0.043894
-0.043908
-0.043923
-0.043937
-0.043951
-0.043966
-0.043980
-0.043995
-0.044009
-0.044024
-0.044038
-0.044052
-0.044067
-0.044081
-0.044095
-0.044110
-0.044124
-0.044139
-0.044153
-0.044167
-0.044182
-0.044196
-0.044210
-0.044224
-0.044239
-0.044253
-0.044267
-0.044282
-0.044296
-0.044310
-0.044324
-0.044338
-0.044353
-0.044367
-0.044381
-0.044395
-0.044409
-0.044424
-0.044438
-0.044452
-0.044466
-0.044480
-0.044494
-0.044509
-0.044523
-0.044537
-0.044551
-0.044565
-0.044579
-0.044593
-0.044607
-0.044621
-0.044635
-0.044649
-0.044664
-0.044678
-0.044692
-0.044706
-0.044720
-0.044734
-0.044748
-0.044762
-0.044776
-0.044790
-0.044804
-0.044817
-0.044831
-0.044845
-0.044859
-0.044873
-0.044887
-0.044901
-0.044915
-0.044929
-0.044943
-0.044957
-0.044970
-0.044984
-0.044998
-0.045012
-0.045026
-0.045040
-0.045053
-0.045067
-0.045081
-0.045095
-0.045109
-0.045122
-0.045136
-0.045150
-0.045164
-0.045178
-0.045191
-0.045205
-0.045219
-0.045232
-0.045246
-0.045260
-0.045274
-0.045287
-0.045301
-0.045315
-0.045328
-0.045342
-0.045356
-0.045369
-0.045383
-0.045396
-0.045410
-0.045424
-0.045437
-0.045451
-0.045464
-0.045478
-0.045492
-0.045505
-0.045519
-0.045532
-0.045546
-0.045559
-0.045573
-0.045586
-0.045600
-0.045613
-0.045627
-0.045640
-0.045654
-0.045667
-0.045681
-0.045694
-0.045708
-0.045721
-0.045734
-0.045748
-0.045761
-0.045775
-0.045788
-0.045802
-0.045815
-0.045828
-0.045842
-0.045855
-0.045868
-0.045882
-0.045895
-0.045908
-0.045922
-0.045935
-0.045948
-0.045962
-0.045975
-0.045988
-0.046001
-0.046015
-0.046028
-0.046041
-0.046054
-0.046068
-0.046081
-0.046094
-0.046107
-0.046121
-0.046134
-0.046147
-0.046160
-0.046173
-0.046186
-0.046200
-0.046213
-0.046226
-0.046239
-0.046252
-0.046265
-0.046278
-0.046292
-0.046305
-0.046318
-0.046331
-0.046344
-0.046357
-0.046370
-0.046383
-0.046396
-0.046409
-0.046422
-0.046435
-0.046448
-0.046461
-0.046474
-0.046487
-0.046500
-0.046513
-0.046526
-0.046539
-0.046552
-0.046565
-0.046578
-0.046591
-0.046604
-0.046617
-0.046630
-0.046643
-0.046655
-0.046668
-0.046681
-0.046694
-0.046707
-0.046720
-0.046733
-0.046746
-0.046758
-0.046771
-0.046784
-0.046797
-0.046810
-0.046822
-0.046835
-0.046848
-0.046861
-0.046874
-0.046886
-0.046899
-0.046912
-0.046925
-0.046937
-0.046950
-0.046963
-0.046975
-0.046988
-0.047001
-0.047014
-0.047026
-0.047039
-0.047052
-0.047064
-0.047077
-0.047090
-0.047102
-0.047115
-0.047127
-0.047140
-0.047153
-0.047165
-0.047178
-0.047190
-0.047203
-0.047216
-0.047228
-0.047241
-0.047253
-0.047266
-0.047278
-0.047291
-0.047303
-0.047316
-0.047328
-0.047341
-0.047353
-0.047366
-0.047378
-0.047391
-0.047403
-0.047416
-0.047428
-0.047441
-0.047453
-0.047465
-0.047478
-0.047490
-0.047503
-0.047515
-0.047527
-0.047540
-0.047552
-0.047565
-0.047577
-0.047589
-0.047602
-0.047614
-0.047626
-0.047639
-0.047651
-0.047663
-0.047676
-0.047688
-0.047700
-0.047712
-0.047725
-0.047737
-0.047749
-0.047761
-0.047774
-0.047786
-0.047798
-0.047810
-0.047823
-0.047835
-0.047847
-0.047859
-0.047871
-0.047884
-0.047896
-0.047908
-0.047920
-0.047932
-0.047944
-0.047957
-0.047969
-0.047981
-0.047993
-0.048005
-0.048017
-0.048029
-0.048041
-0.048053
-0.048065
-0.048077
-0.048090
-0.048102
-0.048114
-0.048126
-0.048138
-0.048150
-0.048162
-0.048174
-0.048186
-0.048198
-0.048210
-0.048222
-0.048234
-0.048246
-0.048258
-0.048270
-0.048282
-0.048293
-0.048305
-0.048317
-0.048329
-0.048341
-0.048353
-0.048365
-0.048377
-0.048389
-0.048401
-0.048413
-0.048424
-0.048436
-0.048448
-0.048460
-0.048472
-0.048484
-0.048495
-0.048507
-0.048519
-0.048531
-0.048543
-0.048554
-0.048566
-0.048578
-0.048590
-0.048601
-0.048613
-0.048625
-0.048637
-0.048648
-0.048660
-0.048672
-0.048684
-0.048695
-0.048707
-0.048719
-0.048730
-0.048742
-0.048754
-0.048765
-0.048777
-0.048789
-0.048800
-0.048812
-0.048824
-0.048835
-0.048847
-0.048858
-0.048870
-0.048882
-0.048893
-0.048905
-0.048916
-0.048928
-0.048940
-0.048951
-0.048963
-0.048974
-0.048986
-0.048997
-0.049009
-0.049020
-0.049032
-0.049043
-0.049055
-0.049066
-0.049078
-0.049089
-0.049101
-0.049112
-0.049124
-0.049135
-0.049146
-0.049158
-0.049169
-0.049181
-0.049192
-0.049204
-0.049215
-0.049226
-0.049238
-0.049249
-0.049260
-0.049272
-0.049283
-0.049295
-0.049306
-0.049317
-0.049329
-0.049340
-0.049351
-0.049362
-0.049374
-0.049385
-0.049396
-0.049408
-0.049419
-0.049430
-0.049441
-0.049453
-0.049464
-0.049475
-0.049486
-0.049498
-0.049509
-0.049520
-0.049531
-0.049543
-0.049554
-0.049565
-0.049576
-0.049587
-0.049598
-0.049610
-0.049621
-0.049632
-0.049643
-0.049654
-0.049665
-0.049676
-0.049688
-0.049699
-0.049710
-0.049721
-0.049732
-0.049743
-0.049754
-0.049765
-0.049776
-0.049787
-0.049798
-0.049809
-0.049821
-0.049832
-0.049843
-0.049854
-0.049865
-0.049876
-0.049887
-0.049898
-0.049909
-0.049920
-0.049931
-0.049942
-0.049952
-0.049963
-0.049974
-0.049985
-0.049996
-0.049761
-0.048781
-0.046458
-0.042402
-0.036512
-0.028896
-0.019774
-0.009407
0.001947
0.014049
0.026686
0.039675
0.052858
0.066107
0.079314
0.092395
0.105280
0.117918
0.130268
0.142300
0.153992
0.165329
0.176303
0.186909
0.197145
0.207015
0.216523
0.225674
0.234476
0.242938
0.251069
0.258878
0.266376
0.273572
0.280477
0.287101
0.293454
0.299546
0.305386
0.310983
0.316347
0.321486
0.326409
0.331124
0.335638
0.339960
0.344096
0.348053
0.351839
0.355458
0.358919
0.362225
0.365384
0.368399
0.371277
0.374023
0.376640
0.379134
0.381509
0.383769
0.385918
0.387960
0.389898
0.391737
0.393479
0.395128
0.396686
0.398158
0.399546
0.400852
0.402079
0.403231
0.404308
0.405315
0.406253
0.407124
0.407930
0.408674
0.409358
0.409984
0.410552
0.411066
0.411527
0.411937
0.412297
0.412609
0.412874
0.413094
0.413270
0.413404
0.413497
0.413551
0.413566
0.413543
0.413485
0.413392
0.413265
0.413105
0.412914
0.412692
0.412681
0.413369
0.415345
0.418992
0.424416
0.431516
0.440081
0.449859
0.460600
0.472071
0.484064
0.496399
0.508921
0.521501
0.534035
0.546437
0.558639
0.570589
0.582245
0.593578
0.604567
0.615195
0.625454
0.635340
0.644850
0.653989
0.662759
0.671166
0.679219
0.686926
0.694295
0.701336
0.708061
0.714478
0.720598
0.726431
0.731987
0.737276
0.742309
0.747093
0.751639
0.755955
0.760050
0.763931
0.767608
0.771087
0.774376
0.777483
0.780413
0.783173
0.785770
0.788209
0.790496
0.792637
0.794637
0.796501
0.798234
0.799840
0.801324
0.802690
0.803943
0.805086
0.806123
0.807058
0.807893
0.808634
0.809282
0.809841
0.810314
0.810703
0.811013
0.811244
0.811401
0.811484
0.811498
0.811443
0.811323
0.811139
0.810894
0.810589
0.810227
0.809809
0.809337
0.808813
0.808239
0.807616
0.806946
0.806231
0.805471
0.804669
0.803825
0.802942
0.802020
0.801060
0.800064
0.799034
0.797969
0.796872
0.795744
0.794585
0.793396
0.792179
0.790934
0.789663
0.788365
0.787043
0.785697
0.784328
0.782936
0.781522
0.780088
0.778633
0.777159
0.775666
0.774154
0.772626
0.771080
0.769518
0.767941
0.766348
0.764740
0.763119
0.761484
0.759836
0.758175
0.756503
0.754819
0.753123
0.751417
0.749701
0.747975
0.746239
0.744494
0.742741
0.740979
0.739209
0.737431
0.735646
0.733854
0.732056
0.730251
0.728439
0.726623
0.724800
0.722972
0.721140
0.719302
0.717460
0.715614
0.713764
0.711910
0.710053
0.708192
0.706328
0.704461
0.702591
0.700719
0.698844
0.696967
0.695089
0.693208
0.691326
0.689442
0.687557
0.685670
0.683783
0.681894
0.680005
0.678115
0.676225
0.674334
0.672443
0.670552
0.668661
0.666770
0.664879
0.662988
0.661098
0.659208
0.657319
0.655430
0.653542
0.651655
0.649769
0.647884
0.646001
0.644118
0.642237
0.640357
0.638478
0.636601
0.634725
0.632851
0.630979
0.629108
0.627239
0.625372
0.623507
0.621644
0.619783
0.617924
0.616068
0.614213
0.612360
0.610510
0.608662
0.606817
0.604974
0.603133
0.601295
0.599459
0.597626
0.595795
0.593967
0.592142
0.590319
0.588499
0.586682
0.584867
0.583055
0.581246
0.579440
0.577637
0.575837
0.574040
0.572245
0.570454
0.568665
0.566880
0.565097
0.563318
0.561542
0.559768
0.557998
0.556231
0.554468
0.552707
0.550949
0.549195
0.547444
0.545696
0.543951
0.542210
0.540471
0.538736
0.537005
0.535276
0.533551
0.531829
0.530111
0.528396
0.526684
0.524975
0.523270
0.521568
0.519870
0.518175
0.516483
0.514795
0.513110
0.511428
0.509750
0.508075
0.506404
0.504736
0.503072
0.501411
0.499753
0.498099
0.496448
0.494801
0.493157
0.491517
0.489880
0.488246
0.486616
0.484990
0.483366
0.481747
0.480131
0.478518
0.476908
0.475303
0.473700
0.472101
0.470506
0.468914
0.467325
0.465740
0.464159
0.462581
0.461006
0.459435
0.457867
0.456303
0.454742
0.453185
0.451631
0.450081
0.448534
0.446990
0.445450
0.443914
0.442381
0.440851
0.439325
0.437802
0.436283
0.434767
0.433255
0.431746
0.430240
0.428738
0.427240
0.425744
0.424253
0.422764
0.421279
0.419798
0.418320
0.416845
0.415374
0.413906
0.412442
0.410981
0.409523
0.408069
0.406618
0.405171
0.403727
0.402286
0.400849
0.399415
0.397985
0.396558
0.395134
0.393713
0.392296
0.390883
0.389473
0.388066
0.386662
0.385262
0.383865
0.382471
0.381081
0.379694
0.378311
0.376931
0.375554
0.374180
0.372810
0.371443
0.370079
0.368719
0.367362
0.366008
0.364657
0.363310
0.361966
0.360626
0.359288
0.357954
0.356623
0.355296
0.353971
0.352650
0.351332
0.350017
0.348706
0.347398
0.346093
0.344791
0.343493
0.342197
0.340905
0.339616
0.338331
0.337048
0.335769
0.334493
0.333220
0.331950
0.330683
0.329420
0.328159
0.326902
0.325648
0.324397
0.323150
0.321905
0.320664
0.319425
0.318190
0.316958
0.315729
0.314503
0.313280
0.312061
0.310844
0.309631
0.308420
0.307213
0.306009
0.304808
0.303610
0.302414
0.301222
0.300033
0.298848
0.297665
0.296485
0.295308
0.294134
0.292963
0.291796
0.290631
0.289469
0.288310
0.287155
0.286002
0.284852
0.283705
0.282562
0.281421
0.280283
0.279148
0.278016
0.276887
0.275761
0.274638
0.273518
0.272400
0.271286
0.270174
0.269066
0.267960
0.266858
0.265758
0.264661
0.263567
0.262476
0.261387
0.260302
0.259220
0.258140
0.257063
0.255989
0.254918
0.253850
0.252784
0.251722
0.250662
0.249605
0.248551
0.247500
0.246451
0.245405
0.244363
0.243322
0.242285
0.241250
0.240219
0.239190
0.238163
0.237140
0.236119
0.235101
0.234086
0.233074
0.232064
0.231057
0.230052
0.229051
0.228052
0.227056
0.226062
0.225072
0.224083
0.223098
0.222115
0.221135
0.220158
0.219183
0.218211
0.217242
0.216275
0.215311
0.214350
0.213391
0.212435
0.211481
0.210530
0.209582
0.208636
0.207693
0.206753
0.205815
0.204879
0.203947
0.203017
0.202089
0.201164
0.200242
0.199322
0.198404
0.197490
0.196577
0.195668
0.194760
0.193856
0.192954
0.192054
0.191157
0.190263
0.189370
0.188481
0.187594
0.186709
0.185827
0.184947
0.184070
0.183196
0.182323
0.181454
0.180586
0.179721
0.178859
0.177999
0.177141
0.176286
0.175434
0.174583
0.173735
0.172890
0.172047
0.171206
0.170368
0.169532
0.168698
0.167867
0.167038
0.166212
0.165388
0.164566
0.163747
0.162930
0.162115
0.161303
0.160493
0.159685
0.158880
0.158077
0.157276
0.156478
0.155682
0.154888
0.154096
0.153307
0.152520
0.151735
0.150953
0.150173
0.149395
0.148619
0.147846
0.147075
0.146306
0.145539
0.144775
0.144013
0.143253
0.142495
0.141739
0.140986
0.140235
0.139486
0.138739
0.137995
0.137252
0.136512
0.135774
0.135038
0.134304
0.133573
0.132843
0.132116
0.131391
0.130668
0.129947
0.129229
0.128512
0.127798
0.127085
0.126375
0.125667
0.124961
0.124257
0.123555
0.122855
0.122158
0.121462
0.120769
0.120077
0.119388
0.118701
0.118015
0.117332
0.116651
0.115972
0.115295
0.114620
0.113947
0.113276
0.112606
0.111939
0.111274
0.110611
0.109950
0.109291
0.108634
0.107979
0.107326
0.106675
0.106026
0.105379
0.104734
0.104091
0.103449
0.102810
0.102173
0.101537
0.100904
0.100272
0.099642
0.099014
0.098389
0.097765
0.097143
0.096523
0.095904
0.095288
0.094673
0.094061
0.093450
0.092841
0.092234
0.091629
0.091026
0.090425
0.089825
0.089227
0.088632
0.088038
0.087445
0.086855
0.086267
0.085680
0.085095
0.084512
0.083931
0.083351
0.082773
0.082198
0.081623
0.081051
0.080481
0.079912
0.079345
0.078780
0.078216
0.077655
0.077095
0.076536
0.075980
0.075425
0.074872
0.074321
0.073772
0.073224
0.072678
0.072133
0.071591
0.071050
0.070511
0.069973
0.069437
0.068903
0.068371
0.067840
0.067311
0.066783
0.066258
0.065734
0.065211
0.064690
0.064171
0.063654
0.063138
0.062624
0.062111
0.061600
0.061091
0.060584
0.060077
0.059573
0.059070
0.058569
0.058069
0.057571
0.057075
0.056580
0.056087
0.055595
0.055105
0.054617
0.054130
0.053645
0.053161
0.052679
0.052198
0.051719
0.051241
0.050765
0.050291
0.049818
0.049346
0.048876
0.048408
0.047941
0.047476
0.047012
0.046550
0.046089
0.045630
0.045172
0.044716
0.044261
0.043807
0.043356
0.042905
0.042456
0.042009
0.041563
0.041118
0.040675
0.040234
0.039794
0.039355
0.038918
0.038482
0.038047
0.037614
0.037183
0.036753
0.036324
0.035897
0.035471
0.035047
0.034624
0.034202
0.033782
0.033363
0.032945
0.032529
0.032115
0.031701
0.031290
0.030879
0.030470
0.030062
0.029656
0.029251
0.028847
0.028444
0.028043
0.027644
0.027245
0.026848
0.026453
0.026058
0.025665
0.025274
0.024883
0.024494
0.024107
0.023720
0.023335
0.022951
0.022569
0.022188
0.021808
0.021429
0.021052
0.020676
0.020301
0.019927
0.019555
0.019184
0.018815
0.018446
0.018079
0.017713
0.017348
0.016985
0.016623
0.016262
0.015902
0.015544
0.015186
0.014830
0.014476
0.014122
0.013770
0.013419
0.013069
0.012720
0.012372
0.012026
0.011681
0.011337
0.010994
0.010653
0.010313
0.009973
0.009636
0.009299
0.008963
0.008629
0.008295
0.007963
0.007632
0.007303
0.006974
0.006646
0.006320
0.005995
0.005671
0.005348
0.005026
0.004705
0.004386
0.004068
0.003750
0.003434
0.003119
0.002805
0.002492
0.002181
0.001870
0.001561
0.001252
0.000945
0.000639
0.000334
0.000030
-0.000273
-0.000575
-0.000876
-0.001176
-0.001474
-0.001772
-0.002068
-0.002364
-0.002658
-0.002951
-0.003244
-0.003535
-0.003825
-0.004114
-0.004402
-0.004689
-0.004975
-0.005260
-0.005544
-0.005827
-0.006109
-0.006390
-0.006669
-0.006948
-0.007226
-0.007503
-0.007779
-0.008053
-0.008327
-0.008600
-0.008871
-0.009142
-0.009412
-0.009681
-0.009949
-0.010215
-0.010481
-0.010746
-0.011010
-0.011273
-0.011535
-0.011796
-0.012056
-0.012315
-0.012573
-0.012830
-0.013086
-0.013341
-0.013595
-0.013848
-0.014101
-0.014352
-0.014603
-0.014852
-0.015101
-0.015348
-0.015595
-0.015841
-0.016086
-0.016330
-0.016573
-0.016815
-0.017056
-0.017296
-0.017536
-0.017774
-0.018012
-0.018248
-0.018484
-0.018719
-0.018953
-0.019186
-0.019418
-0.019650
-0.019880
-0.020110
-0.020338
-0.020566
-0.020793
-0.021019
-0.021244
-0.021469
-0.021692
-0.021915
-0.022136
-0.022357
-0.022577
-0.022796
-0.023015
-0.023232
-0.023449
-0.023664
-0.023879
-0.024093
-0.024307
-0.024519
-0.024731
-0.024942
-0.025151
-0.025361
-0.025569
-0.025776
-0.025983
-0.026189
-0.026394
-0.026598
-0.026801
-0.027004
-0.027206
-0.027407
-0.027607
-0.027806
-0.028005
-0.028203
-0.028400
-0.028596
-0.028792
-0.028986
-0.029180
-0.029373
-0.029566
-0.029757
-0.029948
-0.030138
-0.030327
-0.030516
-0.030703
-0.030890
-0.031076
-0.031262
-0.031447
-0.031630
-0.031814
-0.031996
-0.032178
-0.032359
-0.032539
-0.032718
-0.032897
-0.033075
-0.033252
-0.033429
-0.033605
-0.033780
-0.033954
-0.034128
-0.034300
-0.034473
-0.034644
-0.034815
-0.034985
-0.035154
-0.035323
-0.035491
-0.035658
-0.035824
-0.035990
-0.036155
-0.036319
-0.036483
-0.036646
-0.036808
-0.036970
-0.037131
-0.037291
-0.037451
-0.037610
-0.037768
-0.037925
-0.038082
-0.038238
-0.038394
-0.038549
-0.038703
-0.038856
-0.039009
-0.039161
-0.039313
-0.039464
-0.039614
-0.039764
-0.039912
-0.040061
-0.040208
-0.040355
-0.040502
-0.040647
-0.040792
-0.040937
-0.041080
-0.041223
-0.041366
-0.041508
-0.041649
-0.041790
-0.041930
-0.042069
-0.042208
-0.042346
-0.042483
-0.042620
-0.042756
-0.042892
-0.043027
-0.043161
-0.043295
-0.043428
-0.043561
-0.043693
-0.043824
-0.043955
-0.044085
-0.044215
-0.044344
-0.044472
-0.044600
-0.044727
-0.044854
-0.044980
-0.045106
-0.045231
-0.045355
-0.045479
-0.045602
-0.045724
-0.045846
-0.045968
-0.046089
-0.046209
-0.046329
-0.046448
-0.046567
-0.046685
-0.046802
-0.046919
-0.047036
-0.047152
-0.047267
-0.047382
-0.047496
-0.047609
-0.047723
-0.047835
-0.047947
-0.048059
-0.048170
-0.048280
-0.048390
-0.048499
-0.048608
-0.048716
-0.048824
-0.048931
-0.049038
-0.049144
-0.049250
-0.049355
-0.049460
-0.049564
-0.049667
-0.049771
-0.049873
-0.049975
-0.050077
-0.050178
-0.050278
-0.050378
-0.050478
-0.050577
-0.050676
-0.050774
-0.050871
-0.050968
-0.051065
-0.051161
-0.051257
-0.051352
-0.051446
-0.051540
-0.051634
-0.051727
-0.051820
-0.051912
-0.052004
-0.052095
-0.052186
-0.052276
-0.052366
-0.052456
-0.052545
-0.052633
-0.052721
-0.052809
-0.052896
-0.052982
-0.053068
-0.053154
-0.053239
-0.053324
-0.053409
-0.053492
-0.053576
-0.053659
-0.053742
-0.053824
-0.053905
-0.053987
-0.054067
-0.054148
-0.054228
-0.054307
-0.054386
-0.054465
-0.054543
-0.054621
-0.054698
-0.054775
-0.054852
-0.054928
-0.055004
-0.055079
-0.055154
-0.055228
-0.055302
-0.055376
-0.055449
-0.055522
-0.055594
-0.055666
-0.055738
-0.055809
-0.055880
-0.055950
-0.056020
-0.056089
-0.056159
-0.056227
-0.056296
-0.056364
-0.056431
-0.056499
-0.056565
-0.056632
-0.056698
-0.056764
-0.056829
-0.056894
-0.056958
-0.057023
-0.057086
-0.057150
-0.057213
-0.057276
-0.057338
-0.057400
-0.057461
-0.057523
-0.057583
-0.057644
-0.057704
-0.057764
-0.057823
-0.057882
-0.057941
-0.057999
-0.058057
-0.058115
-0.058172
-0.058229
-0.058286
-0.058342
-0.058398
-0.058453
-0.058509
-0.058564
-0.058618
-0.058672
-0.058726
-0.058780
-0.058833
-0.058886
-0.058938
-0.058991
-0.059043
-0.059094
-0.059145
-0.059196
-0.059247
-0.059297
-0.059347
-0.059397
-0.059446
-0.059495
-0.059544
-0.059592
-0.059640
-0.059688
-0.059736
-0.059783
-0.059830
-0.059876
-0.059922
-0.059968
-0.060014
-0.060059
-0.060104
-0.060149
-0.060194
-0.060238
-0.060282
-0.060325
-0.060369
-0.060412
-0.060454
-0.060497
-0.060539
-0.060581
-0.060622
-0.060664
-0.060705
-0.060746
-0.060786
-0.060826
-0.060866
-0.060906
-0.060945
-0.060984
-0.061023
-0.061062
-0.061100
-0.061138
-0.061176
-0.061214
-0.061251
-0.061288
-0.061325
-0.061361
-0.061397
-0.061433
-0.061469
-0.061505
-0.061540
-0.061575
-0.061610
-0.061644
-0.061678
-0.061712
-0.061746
-0.061780
-0.061813
-0.061846
-0.061879
-0.061911
-0.061944
-0.061976
-0.062008
-0.062039
-0.062071
-0.062102
-0.062133
-0.062163
-0.062194
-0.062224
-0.062254
-0.062284
-0.062314
-0.062343
-0.062372
-0.062401
-0.062430
-0.062458
-0.062487
-0.062515
-0.062542
-0.062570
-0.062598
-0.062625
-0.062652
-0.062679
-0.062705
-0.062732
-0.062758
-0.062784
-0.062810
-0.062835
-0.062860
-0.062886
-0.062911
-0.062935
-0.062960
-0.062984
-0.063009
-0.063033
-0.063056
-0.063080
-0.063104
-0.063127
-0.063150
-0.063173
-0.063195
-0.063218
-0.063240
-0.063263
-0.063284
-0.063306
-0.063328
-0.063349
-0.063371
-0.063392
-0.063413
-0.063433
-0.063454
-0.063474
-0.063495
-0.063515
-0.063534
-0.063554
-0.063574
-0.063593
-0.063612
-0.063631
-0.063650
-0.063669
-0.063688
-0.063706
-0.063724
-0.063742
-0.063760
-0.063778
-0.063796
-0.063813
-0.063831
-0.063848
-0.063865
-0.063882
-0.063898
-0.063915
-0.063931
-0.063948
-0.063964
-0.063980
-0.063996
-0.064011
-0.064027
-0.064042
-0.064058
-0.064073
-0.064088
-0.064103
-0.064117
-0.064132
-0.064146
-0.064161
-0.064175
-0.064189
-0.064203
-0.064217
-0.064230
-0.064244
-0.064257
-0.064270
-0.064284
-0.064297
-0.064309
-0.064322
-0.064335
-0.064347
-0.064360
-0.064372
-0.064384
-0.064396
-0.064408
-0.064420
-0.064432
-0.064443
-0.064455
-0.064466
-0.064477
-0.064488
-0.064499
-0.064510
-0.064521
-0.064532
-0.064542
-0.064553
-0.064563
-0.064573
-0.064583
-0.064593
-0.064603
-0.064613
-0.064623
-0.064632
-0.064642
-0.064651
-0.064661
-0.064670
-0.064679
-0.064688
-0.064697
-0.064706
-0.064714
-0.064723
-0.064731
-0.064740
-0.064748
-0.064756
-0.064765
-0.064773
-0.064781
-0.064788
-0.064796
-0.064804
-0.064811
-0.064819
-0.064826
-0.064834
-0.064841
-0.064848
-0.064855
-0.064862
-0.064869
-0.064876
-0.064883
-0.064889
-0.064896
-0.064902
-0.064909
-0.064915
-0.064921
-0.064927
-0.064934
-0.064940
-0.064945
-0.064951
-0.064957
-0.064963
-0.064968
-0.064974
-0.064980
-0.064985
-0.064990
-0.064996
-0.065001
-0.065006
-0.065011
-0.065016
-0.065021
-0.065026
-0.065030
-0.065035
-0.065040
-0.065044
-0.065049
-0.065053
-0.065058
-0.065062
-0.065066
-0.065071
-0.065075
-0.065079
-0.065083
-0.065087
-0.065091
-0.065094
-0.065098
-0.065102
-0.065105
-0.065109
-0.065113
-0.065116
-0.065119
-0.065123
-0.065126
-0.065129
-0.065133
-0.065136
-0.065139
-0.065142
-0.065145
-0.065148
-0.065150
-0.065153
-0.065156
-0.065159
-0.065161
-0.065164
-0.065167
-0.065169
-0.065172
-0.065174
-0.065176
-0.065179
-0.065181
-0.065183
-0.065185
-0.065187
-0.065189
-0.065191
-0.065193
-0.065195
-0.065197
-0.065199
-0.065201
-0.065203
-0.065204
-0.065206
-0.065208
-0.065209
-0.065211
-0.065212
-0.065214
-0.065215
-0.065217
-0.065218
-0.065219
-0.065221
-0.065222
-0.065223
-0.065224
-0.065225
-0.065226
-0.065227
-0.065228
-0.065229
-0.065230
-0.065231
-0.065232
-0.065233
-0.065234
-0.065234
-0.065235
-0.065236
-0.065236
-0.065237
-0.065238
-0.065238
-0.065239
-0.065239
-0.065240
-0.065240
-0.065241
-0.065241
-0.065241
-0.065242
-0.065242
-0.065242
-0.065242
-0.065242
-0.065243
-0.065243
-0.065243
-0.065243
-0.065243
-0.065243
-0.065243
-0.065243
-0.065243
-0.065243
-0.065243
-0.065243
-0.065242
-0.065242
-0.065242
-0.065242
-0.065241
-0.065241
-0.065241
-0.065241
-0.065240
-0.065240
-0.065239
-0.065239
-0.065239
-0.065238
-0.065238
-0.065237
-0.065237
-0.065236
-0.065235
-0.065235
-0.065234
-0.065234
-0.065233
-0.065232
-0.065231
-0.065231
-0.065230
-0.065229
-0.065228
-0.065228
-0.065227
-0.065226
-0.065225
-0.065224
-0.065223
-0.065222
-0.065222
-0.065221
-0.065220
-0.065219
-0.065218
-0.065217
-0.065216
-0.065215
-0.065214
-0.065213
-0.065211
-0.065210
-0.065209
-0.065208
-0.065207
-0.065206
-0.065205
-0.065203
-0.065202
-0.065201
-0.065200
-0.065199
-0.065197
-0.065196
-0.065195
-0.065193
-0.065192
-0.065191
-0.065189
-0.065188
-0.065187
-0.065185
-0.065184
-0.065183
-0.065181
-0.065180
-0.065178
-0.065177
-0.065176
-0.065174
-0.065173
-0.065171
-0.065170
-0.065168
-0.065167
-0.065165
-0.065164
-0.065162
-0.065161
-0.065159
-0.065157
-0.065156
-0.065154
-0.065153
-0.065151
-0.065150
-0.065148
-0.065146
-0.065145
-0.065143
-0.065141
-0.065140
-0.065138
-0.065136
-0.065135
-0.065133
-0.065131
-0.065130
-0.065128
-0.065126
-0.065125
-0.065123
-0.065121
-0.065119
-0.065118
-0.065116
-0.065114
-0.065113
-0.065111
-0.065109
-0.065107
-0.065105
-0.065104
-0.065102
-0.065100
-0.065098
-0.065097
-0.065095
-0.065093
-0.065091
-0.065089
-0.065087
-0.065086
-0.065084
-0.065082
-0.065080
-0.065078
-0.065077
-0.065075
-0.065073
-0.065071
-0.065069
-0.065067
-0.065065
-0.065064
-0.065062
-0.065060
-0.065058
-0.065056
-0.065054
-0.065052
-0.065050
-0.065049
-0.065047
-0.065045
-0.065043
-0.065041
-0.065039
-0.065037
-0.065035
-0.065033
-0.065032
-0.065030
-0.065028
-0.065026
-0.065024
-0.065022
-0.065020
-0.065018
-0.065016
-0.065014
-0.065013
-0.065011
-0.065009
-0.065007
-0.065005
-0.065003
-0.065001
-0.064999
-0.064997
-0.064995
-0.064993
-0.064992
-0.064990
-0.064988
-0.064986
-0.064984
-0.064982
-0.064980
-0.064978
-0.064976
-0.064974
-0.064972
-0.064971
-0.064969
-0.064967
-0.064965
-0.064963
-0.064961
-0.064959
-0.064957
-0.064955
-0.064953
-0.064951
-0.064950
-0.064948
-0.064946
-0.064944
-0.064942
-0.064940
-0.064938
-0.064936
-0.064934
-0.064933
-0.064931
-0.064929
-0.064927
-0.064925
-0.064923
-0.064921
-0.064919
-0.064918
-0.064916
-0.064914
-0.064912
-0.064910
-0.064908
-0.064906
-0.064905
-0.064903
-0.064901
-0.064899
-0.064897
-0.064895
-0.064894
-0.064892
-0.064890
-0.064888
-0.064886
-0.064884
-0.064883
-0.064881
-0.064879
-0.064877
-0.064875
-0.064874
-0.064872
-0.064870
-0.064868
-0.064866
-0.064865
-0.064863
-0.064861
-0.064859
-0.064857
-0.064856
-0.064854
-0.064852
-0.064850
-0.064849
-0.064847
-0.064845
-0.064843
-0.064842
-0.064840
-0.064838
-0.064836
-0.064835
-0.064833
-0.064831
-0.064829
-0.064828
-0.064826
-0.064824
-0.064823
-0.064821
-0.064819
-0.064818
-0.064816
-0.064814
-0.064812
-0.064811
-0.064809
-0.064807
-0.064806
-0.064804
-0.064802
-0.064801
-0.064799
-0.064797
-0.064796
-0.064794
-0.064793
-0.064791
-0.064789
-0.064788
-0.064786
-0.064784
-0.064783
-0.064781
-0.064780
-0.064778
-0.064776
-0.064775
-0.064773
-0.064772
-0.064770
-0.064769
-0.064767
-0.064765
-0.064764
-0.064762
-0.064761
-0.064759
-0.064758
-0.064756
-0.064755
-0.064753
-0.064752
-0.064750
-0.064749
-0.064747
-0.064746
-0.064744
-0.064743
-0.064741
-0.064740
-0.064738
-0.064737
-0.064735
-0.064734
-0.064732
-0.064731
-0.064729
-0.064728
-0.064727
-0.064725
-0.064724
-0.064722
-0.064721
-0.064719
-0.064718
-0.064717
-0.064715
-0.064714
-0.064712
-0.064711
-0.064710
-0.064708
-0.064707
-0.064706
-0.064704
-0.064703
-0.064702
-0.064700
-0.064699
-0.064698
-0.064696
-0.064695
-0.064694
-0.064692
-0.064691
-0.064690
-0.064688
-0.064687
-0.064686
-0.064684
-0.064683
-0.064682
-0.064681
-0.064679
-0.064678
-0.064677
-0.064676
-0.064674
-0.064673
-0.064672
-0.064671
-0.064669
-0.064668
-0.064667
-0.064666
-0.064665
-0.064663
-0.064662
-0.064661

