0.000000
0.000000
-0.000026
-0.000052
-0.000077
-0.000103
-0.000128
-0.000153
-0.000177
-0.000201
-0.000224
-0.000247
-0.000270
-0.000293
-0.000315
-0.000337
-0.000359
-0.000380
-0.000402
-0.000423
-0.000444
-0.000465
-0.000485
-0.000506
-0.000526
-0.000547
-0.000567
-0.000587
-0.000607
-0.000627
-0.000647
-0.000667
-0.000687
-0.000707
-0.000726
-0.000746
-0.000766
-0.000785
-0.000805
-0.000824
-0.000844
-0.000863
-0.000883
-0.000902
-0.000922
-0.000941
-0.000961
-0.000980
-0.001000
-0.001019
-0.001038
-0.001058
-0.001077
-0.001097
-0.001116
-0.001135
-0.001155
-0.001174
-0.001194
-0.001213
-0.001233
-0.001252
-0.001271
-0.001291
-0.001310
-0.001330
-0.001349
-0.001369
-0.001388
-0.001408
-0.001428
-0.001447
-0.001467
-0.001486
-0.001506
-0.001525
-0.001545
-0.001565
-0.001584
-0.001604
-0.001624
-0.001644
-0.001663
-0.001683
-0.001703
-0.001723
-0.001743
-0.001762
-0.001782
-0.001802
-0.001822
-0.001842
-0.001862
-0.001882
-0.001902
-0.001922
-0.001942
-0.001962
-0.001982
-0.002002
-0.002022
-0.002042
-0.002063
-0.002083
-0.002103
-0.002123
-0.002143
-0.002164
-0.002184
-0.002204
-0.002225
-0.002245
-0.002265
-0.002286
-0.002306
-0.002326
-0.002347
-0.002367
-0.002388
-0.002408
-0.002429
-0.002449
-0.002470
-0.002491
-0.002511
-0.002532
-0.002553
-0.002573
-0.002594
-0.002615
-0.002635
-0.002656
-0.002677
-0.002698
-0.002719
-0.002739
-0.002760
-0.002781
-0.002802
-0.002823
-0.002844
-0.002865
-0.002886
-0.002907
-0.002928
-0.002949
-0.002970
-0.002991
-0.003012
-0.003033
-0.003054
-0.003075
-0.003097
-0.003118
-0.003139
-0.003160
-0.003181
-0.003203
-0.003224
-0.003245
-0.003266
-0.003288
-0.003309
-0.003330
-0.003352
-0.003373
-0.003395
-0.003416
-0.003437
-0.003459
-0.003480
-0.003502
-0.003523
-0.003545
-0.003566
-0.003588
-0.003610
-0.003631
-0.003653
-0.003674
-0.003696
-0.003718
-0.003739
-0.003761
-0.003783
-0.003804
-0.003826
-0.003848
-0.003869
-0.003891
-0.003913
-0.003935
-0.003956
-0.003978
-0.004000
-0.004022
-0.004044
-0.004066
-0.004088
-0.004109
-0.004131
-0.004153
-0.004175
-0.004197
-0.004219
-0.004241
-0.004263
-0.004285
-0.004307
-0.004329
-0.004351
-0.004373
-0.004395
-0.004417
-0.004439
-0.004461
-0.004483
-0.004505
-0.004527
-0.004550
-0.004572
-0.004594
-0.004616
-0.004638
-0.004660
-0.004683
-0.004705
-0.004727
-0.004749
-0.004771
-0.004794
-0.004816
-0.004838
-0.004860
-0.004883
-0.004905
-0.004927
-0.004949
-0.004972
-0.004994
-0.005016
-0.005039
-0.005061
-0.005083
-0.005106
-0.005128
-0.005150
-0.005173
-0.005195
-0.005218
-0.005240
-0.005262
-0.005285
-0.005307
-0.005330
-0.005352
-0.005375
-0.005397
-0.005419
-0.005442
-0.005464
-0.005487
-0.005509
-0.005532
-0.005554
-0.005577
-0.005599
-0.005622
-0.005644
-0.005667
-0.005690
-0.005712
-0.005735
-0.005757
-0.005780
-0.005802
-0.005825
-0.005847
-0.005870
-0.005893
-0.005915
-0.005938
-0.005960
-0.005983
-0.006006
-0.006028
-0.006051
-0.006073
-0.006096
-0.006119
-0.006141
-0.006164
-0.006187
-0.006209
-0.006232
-0.006255
-0.006277
-0.006300
-0.006323
-0.006345
-0.006368
-0.006391
-0.006413
-0.006436
-0.006459
-0.006482
-0.006504
-0.006527
-0.006550
-0.006572
-0.006595
-0.006618
-0.006641
-0.006663
-0.006686
-0.006709
-0.006731
-0.006754
-0.006777
-0.006800
-0.006822
-0.006845
-0.006868
-0.006891
-0.006913
-0.006936
-0.006959
-0.006982
-0.007004
-0.007027
-0.007050
-0.007073
-0.007095
-0.007118
-0.007141
-0.007164
-0.007187
-0.007209
-0.007232
-0.007255
-0.007278
-0.007300
-0.007323
-0.007346
-0.007369
-0.007392
-0.007414
-0.007437
-0.007460
-0.007483
-0.007505
-0.007528
-0.007551
-0.007574
-0.007597
-0.007619
-0.007642
-0.007665
-0.007688
-0.007711
-0.007733
-0.007756
-0.007779
-0.007802
-0.007825
-0.007847
-0.007870
-0.007893
-0.007916
-0.007939
-0.007961
-0.007984
-0.008007
-0.008030
-0.008052
-0.008075
-0.008098
-0.008121
-0.008144
-0.008166
-0.008189
-0.008212
-0.008235
-0.008258
-0.008280
-0.008303
-0.008326
-0.008349
-0.008371
-0.008394
-0.008417
-0.008440
-0.008462
-0.008485
-0.008508
-0.008531
-0.008554
-0.008576
-0.008599
-0.008622
-0.008645
-0.008667
-0.008690
-0.008713
-0.008736
-0.008758
-0.008781
-0.008804
-0.008827
-0.008849
-0.008872
-0.008895
-0.008917
-0.008940
-0.008963
-0.008986
-0.009008
-0.009031
-0.009054
-0.009077
-0.009099
-0.009122
-0.009145
-0.009167
-0.009190
-0.009213
-0.009235
-0.009258
-0.009281
-0.009304
-0.009326
-0.009349
-0.009372
-0.009394
-0.009417
-0.009440
-0.009462
-0.009485
-0.009508
-0.009530
-0.009553
-0.009576
-0.009598
-0.009621
-0.009643
-0.009666
-0.009689
-0.009711
-0.009734
-0.009757
-0.009779
-0.009802
-0.009824
-0.009847
-0.009870
-0.009892
-0.009915
-0.009937
-0.009960
-0.009983
-0.010005
-0.010028
-0.010050
-0.010073
-0.010095
-0.010118
-0.010141
-0.010163
-0.010186
-0.010208
-0.010231
-0.010253
-0.010276
-0.010298
-0.010321
-0.010343
-0.010366
-0.010388
-0.010411
-0.010433
-0.010456
-0.010478
-0.010501
-0.010523
-0.010546
-0.010568
-0.010591
-0.010613
-0.010636
-0.010658
-0.010680
-0.010703
-0.010725
-0.010748
-0.010770
-0.010793
-0.010815
-0.010837
-0.010860
-0.010882
-0.010905
-0.010927
-0.010949
-0.010972
-0.010994
-0.011017
-0.011039
-0.011061
-0.011084
-0.011106
-0.011128
-0.011151
-0.011173
-0.011195
-0.011218
-0.011240
-0.011262
-0.011285
-0.011307
-0.011329
-0.011351
-0.011374
-0.011396
-0.011418
-0.011440
-0.011463
-0.011485
-0.011507
-0.011529
-0.011552
-0.011574
-0.011596
-0.011618
-0.011641
-0.011663
-0.011685
-0.011707
-0.011729
-0.011752
-0.011774
-0.011796
-0.011818
-0.011840
-0.011862
-0.011884
-0.011907
-0.011929
-0.011951
-0.011973
-0.011995
-0.012017
-0.012039
-0.012061
-0.012083
-0.012106
-0.012128
-0.012150
-0.012172
-0.012194
-0.012216
-0.012238
-0.012260
-0.012282
-0.012304
-0.012326
-0.012348
-0.012370
-0.012392
-0.012414
-0.012436
-0.012458
-0.012480
-0.012502
-0.012524
-0.012546
-0.012568
-0.012590
-0.012612
-0.012634
-0.012655
-0.012677
-0.012699
-0.012721
-0.012743
-0.012765
-0.012787
-0.012809
-0.012831
-0.012852
-0.012874
-0.012896
-0.012918
-0.012940
-0.012962
-0.012983
-0.013005
-0.013027
-0.013049
-0.013070
-0.013092
-0.013114
-0.013136
-0.013158
-0.013179
-0.013201
-0.013223
-0.013244
-0.013266
-0.013288
-0.013310
-0.013331
-0.013353
-0.013375
-0.013396
-0.013418
-0.013440
-0.013461
-0.013483
-0.013505
-0.013526
-0.013548
-0.013569
-0.013591
-0.013613
-0.013634
-0.013656
-0.013677
-0.013699
-0.013721
-0.013742
-0.013764
-0.013785
-0.013807
-0.013828
-0.013850
-0.013871
-0.013893
-0.013914
-0.013936
-0.013957
-0.013979
-0.014000
-0.014022
-0.014043
-0.014065
-0.014086
-0.014107
-0.014129
-0.014150
-0.014172
-0.014193
-0.014214
-0.014236
-0.014257
-0.014278
-0.014300
-0.014321
-0.014343
-0.014364
-0.014385
-0.014406
-0.014428
-0.014449
-0.014470
-0.014492
-0.014513
-0.014534
-0.014555
-0.014577
-0.014598
-0.014619
-0.014640
-0.014662
-0.014683
-0.014704
-0.014725
-0.014746
-0.014768
-0.014789
-0.014810
-0.014831
-0.014852
-0.014873
-0.014894
-0.014916
-0.014937
-0.014958
-0.014979
-0.015000
-0.015021
-0.015042
-0.015063
-0.015084
-0.015105
-0.015126
-0.015147
-0.015168
-0.015189
-0.015210
-0.015231
-0.015252
-0.015273
-0.015294
-0.015315
-0.015336
-0.015357
-0.015378
-0.015399
-0.015420
-0.015441
-0.015462
-0.015483
-0.015504
-0.015524
-0.015545
-0.015566
-0.015587
-0.015608
-0.015629
-0.015650
-0.015670
-0.015691
-0.015712
-0.015733
-0.015754
-0.015774
-0.015795
-0.015816
-0.015837
-0.015857
-0.015878
-0.015899
-0.015920
-0.015940
-0.015961
-0.015982
-0.016002
-0.016023
-0.016044
-0.016064
-0.016085
-0.016106
-0.016126
-0.016147
-0.016168
-0.016188
-0.016209
-0.016229
-0.016250
-0.016271
-0.016291
-0.016312
-0.016332
-0.016353
-0.016373
-0.016394
-0.016414
-0.016435
-0.016455
-0.016476
-0.016496
-0.016517
-0.016537
-0.016558
-0.016578
-0.016599
-0.016619
-0.016639
-0.016660
-0.016680
-0.016701
-0.016721
-0.016741
-0.016762
-0.016782
-0.016802
-0.016823
-0.016843
-0.016863
-0.016884
-0.016904
-0.016924
-0.016945
-0.016965
-0.016985
-0.017005
-0.017026
-0.017046
-0.017066
-0.017086
-0.017107
-0.017127
-0.017147
-0.017167
-0.017187
-0.017207
-0.017228
-0.017248
-0.017268
-0.017288
-0.017308
-0.017328
-0.017348
-0.017369
-0.017389
-0.017409
-0.017429
-0.017449
-0.017469
-0.017489
-0.017509
-0.017529
-0.017549
-0.017569
-0.017589
-0.017609
-0.017629
-0.017649
-0.017669
-0.017689
-0.017709
-0.017729
-0.017749
-0.017769
-0.017789
-0.017808
-0.017828
-0.017848
-0.017868
-0.017888
-0.017908
-0.017928
-0.017948
-0.017967
-0.017987
-0.018007
-0.018027
-0.018047
-0.018066
-0.018086
-0.018106
-0.018126
-0.018145
-0.018165
-0.018185
-0.018205
-0.018224
-0.018244
-0.018264
-0.018284
-0.018303
-0.018323
-0.018343
-0.018362
-0.018382
-0.018401
-0.018421
-0.018441
-0.018460
-0.018480
-0.018500
-0.018519
-0.018539
-0.018558
-0.018578
-0.018597
-0.018617
-0.018636
-0.018656
-0.018675
-0.018695
-0.018714
-0.018734
-0.018753
-0.018773
-0.018792
-0.018812
-0.018831
-0.018851
-0.018870
-0.018889
-0.018909
-0.018928
-0.018948
-0.018967
-0.018986
-0.019006
-0.019025
-0.019044
-0.019064
-0.019083
-0.019102
-0.019122
-0.019141
-0.019160
-0.019179
-0.019199
-0.019218
-0.019237
-0.019256
-0.019276
-0.019295
-0.019314
-0.019333
-0.019353
-0.019372
-0.019391
-0.019410
-0.019429
-0.019448
-0.019468
-0.019487
-0.019506
-0.019525
-0.019544
-0.019563
-0.019582
-0.019601
-0.019620
-0.019639
-0.019658
-0.019677
0.459147
1.224455
2.131478
2.769237
3.217864
3.542338
3.781566
3.959426
4.091243
4.187325
4.251217
4.289892
4.308611
4.311289
4.300936
4.279932
4.250197
4.213312
4.170581
4.123094
4.071773
4.017392
3.960603
3.901967
3.841953
3.780959
3.719330
3.657350
3.595262
3.533280
3.471572
3.410285
3.349549
3.289462
3.230107
3.171566
3.113888
3.057119
3.001305
2.946469
2.892632
2.839816
2.788029
2.737274
2.687559
2.638880
2.591234
2.544613
2.499014
2.454424
2.410830
2.368220
2.326583
2.285904
2.246165
2.207351
2.169445
2.132435
2.096300
2.061024
2.026588
1.992974
1.960171
1.928157
1.896915
1.866428
1.836678
1.807648
1.779327
1.751695
1.724734
1.698430
1.672766
1.647727
1.623300
1.599468
1.576218
1.553534
1.531402
1.509808
1.488739
1.468182
1.448124
1.428554
1.409457
1.390822
1.372638
1.354891
1.337571
1.320667
1.304167
1.288062
1.272341
1.256996
1.242016
1.227391
1.213111
1.199167
1.185551
1.172254
1.159267
1.146582
1.134191
1.122086
1.110260
1.098705
1.087414
1.076381
1.065599
1.055059
1.044757
1.034686
1.024838
1.015209
1.005793
0.996583
0.987574
0.978761
0.970139
0.961702
0.953445
0.945363
0.937452
0.929708
0.922125
0.914699
0.907427
0.900304
0.893326
0.886490
0.879791
0.873225
0.866790
0.860481
0.854295
0.848228
0.842279
0.836442
0.830717
0.825098
0.819584
0.814172
0.808858
0.803641
0.798518
0.793486
0.788542
0.783685
0.778913
0.774222
0.769610
0.765077
0.760619
0.756234
0.751921
0.747678
0.743502
0.739393
0.735348
0.731365
0.727444
0.723581
0.719777
0.716029
0.712337
0.708697
0.705110
0.701574
0.698087
0.694648
0.691256
0.687910
0.684608
0.681349
0.678133
0.674958
0.671823
0.668727
0.665669
0.662649
0.659664
0.656715
0.653800
0.650919
0.648071
0.645254
0.642469
0.639714
0.636989
0.634292
0.631624
0.628983
0.626369
0.623782
0.621220
0.618683
0.616170
0.613681
0.611215
0.608772
0.606351
0.603952
0.601574
0.599216
0.596879
0.594562
0.592264
0.589984
0.587723
0.585480
0.583255
0.581047
0.578856
0.576681
0.574523
0.572380
0.570253
0.568140
0.566043
0.563960
0.561891
0.559837
0.557795
0.555768
0.553753
0.551751
0.549761
0.547784
0.545819
0.543866
0.541925
0.539994
0.538075
0.536167
0.534270
0.532383
0.530507
0.528641
0.526785
0.524938
0.523102
0.521275
0.519457
0.517648
0.515849
0.514058
0.512277
0.510503
0.508738
0.506982
0.505234
0.503493
0.501761
0.500036
0.498319
0.496610
0.494908
0.493214
0.491526
0.489846
0.488173
0.486507
0.484847
0.483195
0.481549
0.479910
0.478277
0.476650
0.475030
0.473416
0.471809
0.470207
0.468612
0.467022
0.465438
0.463860
0.462288
0.460722
0.459161
0.457606
0.456056
0.454512
0.452973
0.451440
0.449911
0.448388
0.446870
0.445358
0.443850
0.442348
0.440850
0.439358
0.437870
0.436387
0.434909
0.433436
0.431967
0.430504
0.429044
0.427590
0.426140
0.424695
0.423254
0.421818
0.420386
0.418958
0.417535
0.416117
0.414702
0.413292
0.411887
0.410485
0.409088
0.407695
0.406306
0.404921
0.403540
0.402164
0.400791
0.399423
0.398058
0.396698
0.395341
0.393989
0.392640
0.391296
0.389955
0.388618
0.387285
0.385956
0.384630
0.383309
0.381991
0.380677
0.379366
0.378060
0.376757
0.375458
0.374162
0.372870
0.371582
0.370297
0.369016
0.367739
0.366465
0.365195
0.363928
0.362665
0.361405
0.360149
0.358897
0.357647
0.356402
0.355159
0.353921
0.352685
0.351453
0.350225
0.349000
0.347778
0.346560
0.345345
0.344133
0.342925
0.341720
0.340518
0.339320
0.338125
0.336933
0.335744
0.334559
0.333377
0.332198
0.331023
0.329850
0.328681
0.327516
0.326353
0.325193
0.324037
0.322884
0.321734
0.320588
0.319444
0.318304
0.317166
0.316032
0.314901
0.313773
0.312648
0.311526
0.310408
0.309292
0.308179
0.307070
0.305963
0.304860
0.303759
0.302662
0.301567
0.300476
0.299388
0.298302
0.297220
0.296140
0.295064
0.293990
0.292919
0.291852
0.290787
0.289725
0.288666
0.287610
0.286557
0.285507
0.284460
0.283415
0.282374
0.281335
0.280299
0.279266
0.278236
0.277209
0.276184
0.275163
0.274144
0.273128
0.272115
0.271105
0.270097
0.269092
0.268090
0.267091
0.266095
0.265101
0.264110
0.263122
0.262136
0.261154
0.260174
0.259197
0.258222
0.257250
0.256281
0.255315
0.254351
0.253390
0.252432
0.251476
0.250523
0.249573
0.248625
0.247680
0.246738
0.245798
0.244861
0.243926
0.242994
0.242065
0.241139
0.240215
0.239293
0.238374
0.237458
0.236545
0.235633
0.234725
0.233819
0.232916
0.232015
0.231116
0.230221
0.229328
0.228437
0.227549
0.226663
0.225780
0.224899
0.224021
0.223146
0.222272
0.221402
0.220534
0.219668
0.218805
0.217944
0.217086
0.216230
0.215376
0.214526
0.213677
0.212831
0.211987
0.211146
0.210307
0.209471
0.208637
0.207805
0.206976
0.206149
0.205325
0.204503
0.203683
0.202866
0.202051
0.201238
0.200428
0.199620
0.198814
0.198011
0.197210
0.196412
0.195615
0.194821
0.194030
0.193240
0.192453
0.191669
0.190886
0.190106
0.189328
0.188553
0.187779
0.187008
0.186239
0.185473
0.184709
0.183946
0.183187
0.182429
0.181674
0.180921
0.180170
0.179421
0.178675
0.177930
0.177188
0.176448
0.175711
0.174975
0.174242
0.173511
0.172782
0.172055
0.171330
0.170608
0.169888
0.169169
0.168453
0.167739
0.167028
0.166318
0.165611
0.164905
0.164202
0.163501
0.162802
0.162105
0.161410
0.160717
0.160026
0.159338
0.158651
0.157967
0.157284
0.156604
0.155926
0.155250
0.154575
0.153903
0.153233
0.152565
0.151899
0.151235
0.150573
0.149913
0.149255
0.148600
0.147946
0.147294
0.146644
0.145996
0.145350
0.144706
0.144064
0.143424
0.142786
0.142150
0.141516
0.140884
0.140253
0.139625
0.138999
0.138375
0.137752
0.137132
0.136513
0.135896
0.135282
0.134669
0.134058
0.133449
0.132842
0.132236
0.131633
0.131032
0.130432
0.129834
0.129239
0.128645
0.128053
0.127462
0.126874
0.126288
0.125703
0.125120
0.124539
0.123960
0.123383
0.122807
0.122234
0.121662
0.121092
0.120524
0.119957
0.119393
0.118830
0.118269
0.117710
0.117152
0.116597
0.116043
0.115491
0.114941
0.114392
0.113845
0.113300
0.112757
0.112216
0.111676
0.111138
0.110602
0.110067
0.109534
0.109003
0.108474
0.107946
0.107420
0.106896
0.106373
0.105853
0.105334
0.104816
0.104300
0.103786
0.103274
0.102763
0.102254
0.101747
0.101241
0.100737
0.100235
0.099734
0.099235
0.098738
0.098242
0.097748
0.097256
0.096765
0.096276
0.095788
0.095302
0.094818
0.094335
0.093854
0.093374
0.092896
0.092420
0.091945
0.091472
0.091001
0.090531
0.090062
0.089595
0.089130
0.088667
0.088204
0.087744
0.087285
0.086827
0.086372
0.085917
0.085464
0.085013
0.084563
0.084115
0.083668
0.083223
0.082780
0.082338
0.081897
0.081458
0.081020
0.080584
0.080150
0.079717
0.079285
0.078855
0.078426
0.077999
0.077573
0.077149
0.076726
0.076305
0.075885
0.075467
0.075050
0.074634
0.074220
0.073808
0.073397
0.072987
0.072579
0.072172
0.071767
0.071363
0.070960
0.070559
0.070159
0.069761
0.069364
0.068968
0.068574
0.068181
0.067790
0.067400
0.067011
0.066624
0.066238
0.065854
0.065471
0.065089
0.064709
0.064330
0.063952
0.063576
0.063201
0.062827
0.062455
0.062084
0.061714
0.061346
0.060979
0.060613
0.060249
0.059886
0.059524
0.059164
0.058805
0.058447
0.058091
0.057735
0.057382
0.057029
0.056678
0.056328
0.055979
0.055631
0.055285
0.054940
0.054596
0.054254
0.053913
0.053573
0.053234
0.052897
0.052561
0.052226
0.051892
0.051559
0.051228
0.050898
0.050569
0.050242
0.049915
0.049590
0.049266
0.048943
0.048622
0.048302
0.047982
0.047664
0.047348
0.047032
0.046718
0.046404
0.046092
0.045781
0.045472
0.045163
0.044856
0.044549
0.044244
0.043940
0.043638
0.043336
0.043035
0.042736
0.042438
0.042141
0.041845
0.041550
0.041256
0.040963
0.040672
0.040381
0.040092
0.039804
0.039517
0.039231
0.038946
0.038662
0.038379
0.038098
0.037817
0.037538
0.037259
0.036982
0.036706
0.036430
0.036156
0.035883
0.035611
0.035340
0.035070
0.034801
0.034533
0.034266
0.034000
0.033736
0.033472
0.033209
0.032947
0.032687
0.032427
0.032168
0.031910
0.031654
0.031398
0.031143
0.030890
0.030637
0.030385
0.030134
0.029885
0.029636
0.029388
0.029141
0.028895
0.028650
0.028406
0.028163
0.027921
0.027680
0.027440
0.027201
0.026963
0.026725
0.026489
0.026253
0.026019
0.025785
0.025552
0.025321
0.025090
0.024860
0.024631
0.024403
0.024175
0.023949
0.023723
0.023499
0.023275
0.023052
0.022830
0.022609
0.022389
0.022170
0.021951
0.021734
0.021517
0.021301
0.021086
0.020872
0.020659
0.020446
0.020235
0.020024
0.019814
0.019605
0.019397
0.019189
0.018983
0.018777
0.018572
0.018368
0.018164
0.017962
0.017760
0.017559
0.017359
0.017160
0.016961
0.016763
0.016566
0.016370
0.016175
0.015980
0.015786
0.015593
0.015401
0.015209
0.015018
0.014828
0.014639
0.014450
0.014263
0.014076
0.013889
0.013704
0.013519
0.013335
0.013152
0.012969
0.012787
0.012606
0.012425
0.012246
0.012067
0.011888
0.011711
0.011534
0.011358
0.011182
0.011007
0.010833
0.010660
0.010487
0.010315
0.010143
0.009973
0.009803
0.009633
0.009465
0.009297
0.009129
0.008963
0.008797
0.008631
0.008466
0.008302
0.008139
0.007976
0.007814
0.007652
0.007492
0.007331
0.007172
0.007013
0.006854
0.006697
0.006539
0.006383
0.006227
0.006072
0.005917
0.005763
0.005609
0.005457
0.005304
0.005153
0.005002
0.004851
0.004701
0.004552
0.004403
0.004255
0.004107
0.003960
0.003814
0.003668
0.003523
0.003378
0.003234
0.003090
0.002947
0.002804
0.002662
0.002521
0.002380
0.002240
0.002100
0.001961
0.001822
0.001684
0.001546
0.001409
0.001272
0.001136
0.001001
0.000865
0.000731
0.000597
0.000463
0.000330
0.000198
0.000066
-0.000066
-0.000197
-0.000327
-0.000457
-0.000587
-0.000716
-0.000844
-0.000973
-0.001100
-0.001227
-0.001354
-0.001480
-0.001606
-0.001731
-0.001856
-0.001980
-0.002104
-0.002227
-0.002350
-0.002473
-0.002594
-0.002716
-0.002837
-0.002958
-0.003078
-0.003198
-0.003317
-0.003436
-0.003554
-0.003672
-0.003790
-0.003907
-0.004024
-0.004140
-0.004256
-0.004371
-0.004486
-0.004601
-0.004715
-0.004829
-0.004942
-0.005055
-0.005167
-0.005280
-0.005391
-0.005503
-0.005613
-0.005724
-0.005834
-0.005944
-0.006053
-0.006162
-0.006271
-0.006379
-0.006486
-0.006594
-0.006701
-0.006807
-0.006914
-0.007020
-0.007125
-0.007230
-0.007335
-0.007439
-0.007543
-0.007647
-0.007750
-0.007853
-0.007956
-0.008058
-0.008160
-0.008261
-0.008362
-0.008463
-0.008563
-0.008664
-0.008763
-0.008863
-0.008962
-0.009060
-0.009159
-0.009257
-0.009354
-0.009452
-0.009549
-0.009645
-0.009742
-0.009838
-0.009934
-0.010029
-0.010124
-0.010219
-0.010313
-0.010407
-0.010501
-0.010594
-0.010688
-0.010780
-0.010873
-0.010965
-0.011057
-0.011149
-0.011240
-0.011331
-0.011421
-0.011512
-0.011602
-0.011692
-0.011781
-0.011870
-0.011959
-0.012048
-0.012136
-0.012224
-0.012312
-0.012399
-0.012486
-0.012573
-0.012660
-0.012746
-0.012832
-0.012918
-0.013003
-0.013088
-0.013173
-0.013258
-0.013342
-0.013426
-0.013510
-0.013594
-0.013677
-0.013760
-0.013843
-0.013925
-0.014007
-0.014089
-0.014171
-0.014252
-0.014334
-0.014415
-0.014495
-0.014576
-0.014656
-0.014736
-0.014815
-0.014895
-0.014974
-0.015053
-0.015131
-0.015210
-0.015288
-0.015366
-0.015443
-0.015521
-0.015598
-0.015675
-0.015752
-0.015828
-0.015904
-0.015980
-0.016056
-0.016132
-0.016207
-0.016282
-0.016357
-0.016431
-0.016506
-0.016580
-0.016654
-0.016728
-0.016801
-0.016874
-0.016947
-0.017020
-0.017093
-0.017165
-0.017237
-0.017309
-0.017381
-0.017452
-0.017524
-0.017595
-0.017666
-0.017736
-0.017807
-0.017877
-0.017947
-0.018017
-0.018086
-0.018156
-0.018225
-0.018294
-0.018363
-0.018431
-0.018500
-0.018568
-0.018636
-0.018703
-0.018771
-0.018838
-0.018906
-0.018973
-0.019039
-0.019106
-0.019172
-0.019238
-0.019304
-0.019370
-0.019436
-0.019501
-0.019567
-0.019632
-0.019696
-0.019761
-0.019826
-0.019890
-0.019954
-0.020018
-0.020082
-0.020145
-0.020209
-0.020272
-0.020335
-0.020398
-0.020460
-0.020523
-0.020585
-0.020647
-0.020709
-0.020771
-0.020833
-0.020894
-0.020955
-0.021016
-0.021077
-0.021138
-0.021199
-0.021259
-0.021319
-0.021379
-0.021439
-0.021499
-0.021558
-0.021618
-0.021677
-0.021736
-0.021795
-0.021854
-0.021912
-0.021970
-0.022029
-0.022087
-0.022145
-0.022202
-0.022260
-0.022317
-0.022375
-0.022432
-0.022489
-0.022546
-0.022602
-0.022659
-0.022715
-0.022771
-0.022827
-0.022883
-0.022939
-0.022994
-0.023050
-0.023105
-0.023160
-0.023215
-0.023270
-0.023324
-0.023379
-0.023433
-0.023487
-0.023541
-0.023595
-0.023649
-0.023703
-0.023756
-0.023810
-0.023863
-0.023916
-0.023969
-0.024021
-0.024074
-0.024126
-0.024179
-0.024231
-0.024283
-0.024335
-0.024387
-0.024438
-0.024490
-0.024541
-0.024592
-0.024643
-0.024694
-0.024745
-0.024796
-0.024846
-0.024897
-0.024947
-0.024997
-0.025047
-0.025097
-0.025147
-0.025196
-0.025246
-0.025295
-0.025344
-0.025393
-0.025442
-0.025491
-0.025540
-0.025588
-0.025637
-0.025685
-0.025733
-0.025781
-0.025829
-0.025877
-0.025924
-0.025972
-0.026019
-0.026067
-0.026114
-0.026161
-0.026208
-0.026255
-0.026301
-0.026348
-0.026394
-0.026441
-0.026487
-0.026533
-0.026579
-0.026625
-0.026670
-0.026716
-0.026761
-0.026807
-0.026852
-0.026897
-0.026942
-0.026987
-0.027032
-0.027076
-0.027121
-0.027165
-0.027209
-0.027254
-0.027298
-0.027342
-0.027385
-0.027429
-0.027473
-0.027516
-0.027560
-0.027603
-0.027646
-0.027689
-0.027732
-0.027775
-0.027818
-0.027860
-0.027903
-0.027945
-0.027987
-0.028030
-0.028072
-0.028114
-0.028155
-0.028197
-0.028239
-0.028280
-0.028322
-0.028363
-0.028404
-0.028445
-0.028486
-0.028527
-0.028568
-0.028609
-0.028649
-0.028690
-0.028730
-0.028770
-0.028811
-0.028851
-0.028891
-0.028930
-0.028970
-0.029010
-0.029049
-0.029089
-0.029128
-0.029167
-0.029207
-0.029246
-0.029285
-0.029323
-0.029362
-0.029401
-0.029439
-0.029478
-0.029516
-0.029555
-0.029593
-0.029631
-0.029669
-0.029707
-0.029745
-0.029782
-0.029820
-0.029857
-0.029895
-0.029932
-0.029969
-0.030006
-0.030043
-0.030080
-0.030117
-0.030154
-0.030191
-0.030227
-0.030264
-0.030300
-0.030336
-0.030373
-0.030409
-0.030445
-0.030481
-0.030517
-0.030552
-0.030588
-0.030624
-0.030659
-0.030694
-0.030730
-0.030765
-0.030800
-0.030835
-0.030870
-0.030905
-0.030940
-0.030975
-0.031009
-0.031044
-0.031078
-0.031112
-0.031147
-0.031181
-0.031215
-0.031249
-0.031283
-0.031317
-0.031351
-0.031384
-0.031418
-0.031451
-0.031485
-0.031518
-0.031551
-0.031585
-0.031618
-0.031651
-0.031684
-0.031717
-0.031749
-0.031782
-0.031815
-0.031847
-0.031880
-0.031912
-0.031944
-0.031976
-0.032009
-0.032041
-0.032073
-0.032105
-0.032136
-0.032168
-0.032200
-0.032231
-0.032263
-0.032294
-0.032326
-0.032357
-0.032388
-0.032419
-0.032450
-0.032481
-0.032512
-0.032543
-0.032574
-0.032604
-0.032635
-0.032665
-0.032696
-0.032726
-0.032757
-0.032787
-0.032817
-0.032847
-0.032877
-0.032907
-0.032937
-0.032967
-0.032996
-0.033026
-0.033056
-0.033085
-0.033114
-0.033144
-0.033173
-0.033202
-0.033231
-0.033260
-0.033289
-0.033318
-0.033347
-0.033376
-0.033405
-0.033433
-0.033462
-0.033490
-0.033519
-0.033547
-0.033576
-0.033604
-0.033632
-0.033660
-0.033688
-0.033716
-0.033744
-0.033772
-0.033800
-0.033827
-0.033855
-0.033882
-0.033910
-0.033937
-0.033965
-0.033992
-0.034019
-0.034046
-0.034073
-0.034101
-0.034127
-0.034154
-0.034181
-0.034208
-0.034235
-0.034261
-0.034288
-0.034314
-0.034341
-0.034367
-0.034394
-0.034420
-0.034446
-0.034472
-0.034498
-0.034524
-0.034550
-0.034576
-0.034602
-0.034628
-0.034654
-0.034679
-0.034705
-0.034730
-0.034756
-0.034781
-0.034806
-0.034832
-0.034857
-0.034882
-0.034907
-0.034932
-0.034957
-0.034982
-0.035007
-0.035032
-0.035057
-0.035081
-0.035106
-0.035131
-0.035155
-0.035180
-0.035204
-0.035228
-0.035253
-0.035277
-0.035301
-0.035325
-0.035349
-0.035373
-0.035397
-0.035421
-0.035445
-0.035469
-0.035492
-0.035516
-0.035540
-0.035563
-0.035587
-0.035610
-0.035634
-0.035657
-0.035680
-0.035703
-0.035727
-0.035750
-0.035773
-0.035796
-0.035819
-0.035842
-0.035864
-0.035887
-0.035910
-0.035933
-0.035955
-0.035978
-0.036000
-0.036023
-0.036045
-0.036068
-0.036090
-0.036112
-0.036135
-0.036157
-0.036179
-0.036201
-0.036223
-0.036245
-0.036267
-0.036289
-0.036311
-0.036332
-0.036354
-0.036376
-0.036397
-0.036419
-0.036440
-0.036462
-0.036483
-0.036505
-0.036526
-0.036547
-0.036568
-0.036590
-0.036611
-0.036632
-0.036653
-0.036674
-0.036695
-0.036716
-0.036736
-0.036757
-0.036778
-0.036799
-0.036819
-0.036840
-0.036860
-0.036881
-0.036901
-0.036922
-0.036942
-0.036963
-0.036983
-0.037003
-0.037023
-0.037043
-0.037063
-0.037083
-0.037103
-0.037123
-0.037143
-0.037163
-0.037183
-0.037203
-0.037223
-0.037242
-0.037262
-0.037281
-0.037301
-0.037320
-0.037340
-0.037359
-0.037379
-0.037398
-0.037417
-0.037437
-0.037456
-0.037475
-0.037494
-0.037513
-0.037532
-0.037551
-0.037570
-0.037589
-0.037608
-0.037627
-0.037646
-0.037664
-0.037683
-0.037702
-0.037720
-0.037739
-0.037757
-0.037776
-0.037794
-0.037813
-0.037831
-0.037849
-0.037868
-0.037886
-0.037904
-0.037922
-0.037940
-0.037958
-0.037977
-0.037995
-0.038012
-0.038030
-0.038048
-0.038066
-0.038084
-0.038102
-0.038119
-0.038137
-0.038155
-0.038172
-0.038190
-0.038207
-0.038225
-0.038242
-0.038260
-0.038277
-0.038295
-0.038312
-0.038329
-0.038346
-0.038364
-0.038381
-0.038398
-0.038415
-0.038432
-0.038449
-0.038466
-0.038483
-0.038500
-0.038517
-0.038534
-0.038550
-0.038567
-0.038584
-0.038600
-0.038617
-0.038634
-0.038650
-0.038667
-0.038683
-0.038700
-0.038716
-0.038733
-0.038749
-0.038765
-0.038782
-0.038798
-0.038814
-0.038830
-0.038846
-0.038863
-0.038879
-0.038895
-0.038911
-0.038927
-0.038943
-0.038959
-0.038974
-0.038990
-0.039006
-0.039022
-0.039038
-0.039053
-0.039069
-0.039085
-0.039100
-0.039116
-0.039131
-0.039147
-0.039162
-0.039178
-0.039193
-0.039209
-0.039224
-0.039239
-0.039255
-0.039270
-0.039285
-0.039300
-0.039315
-0.039331
-0.039346
-0.039361
-0.039376
-0.039391
-0.039406
-0.039421
-0.039436
-0.039450
-0.039465
-0.039480
-0.039495
-0.039510
-0.039524
-0.039539
-0.039554
-0.039568
-0.039583
-0.039597
-0.039612
-0.039627
-0.039641
-0.039655
-0.039670
-0.039684
-0.039699
-0.039713
-0.039727
-0.039742
-0.039756
-0.039770
-0.039784
-0.039798
-0.039813
-0.039827
-0.039841
-0.039855
-0.039869
-0.039883
-0.039897
-0.039911
-0.039925
-0.039938
-0.039952
-0.039966
-0.039980
-0.039994
-0.040007
-0.040021
-0.040035
-0.040048
-0.040062
-0.040076
-0.040089
-0.040103
-0.040116
-0.040130
-0.040143
-0.040157
-0.040170
-0.040183
-0.040197
-0.040210
-0.040223
-0.040237
-0.040250
-0.040263
-0.040276
-0.040290
-0.040303
-0.040316
-0.040329
-0.040342
-0.040355
-0.040368
-0.040381
-0.040394
-0.040407
-0.040420
-0.040433
-0.040446
-0.040458
-0.040471
-0.040484
-0.040497
-0.040509
-0.040522
-0.040535
-0.040548
-0.040560
-0.040573
-0.040585
-0.040598
-0.040610
-0.040623
-0.040635
-0.040648
-0.040660
-0.040673
-0.040685
-0.040698
-0.040710
-0.040722
-0.040735
-0.040747
-0.040759
-0.040771
-0.040783
-0.040796
-0.040808
-0.040820
-0.040832
-0.040844
-0.040856
-0.040868
-0.040880
-0.040892
-0.040904
-0.040916
-0.040928
-0.040940
-0.040952
-0.040964
-0.040976
-0.040987
-0.040999
-0.041011
-0.041023
-0.041034
-0.041046
-0.041058
-0.041070
-0.041081
-0.041093
-0.041104
-0.041116
-0.041127
-0.041139
-0.041151
-0.041162
-0.041173
-0.041185
-0.041196
-0.041208
-0.041219
-0.041230
-0.041242
-0.041253
-0.041264
-0.041276
-0.041287
-0.041298
-0.041309
-0.041321
-0.041332
-0.041343
-0.041354
-0.041365
-0.041376
-0.041387
-0.041398
-0.041409
-0.041420
-0.041431
-0.041442
-0.041453
-0.041464
-0.041475
-0.041486
-0.041497
-0.041508
-0.041519
-0.041529
-0.041540
-0.041551
-0.041562
-0.041572
-0.041583
-0.041594
-0.041604
-0.041615
-0.041626
-0.041636
-0.041647
-0.041658
-0.041668
-0.041679
-0.041689
-0.041700
-0.041710
-0.041721
-0.041731
-0.041742
-0.041752
-0.041762
-0.041773
-0.041783
-0.041793
-0.041804
-0.041814
-0.041824
-0.041835
-0.041845
-0.041855
-0.041865
-0.041875
-0.041886
-0.041896
-0.041906
-0.041916
-0.041926
-0.041936
-0.041946
-0.041956
-0.041966
-0.041976
-0.041986
-0.041996
-0.042006
-0.042016
-0.042026
-0.042036
-0.042046
-0.042056
-0.042066
-0.042076
-0.042085
-0.042095
-0.042105
-0.042115
-0.042125
-0.042134
-0.042144
-0.042154
-0.042163
-0.042173
-0.042183
-0.042192
-0.042202
-0.042212
-0.042221
-0.042231
-0.042240
-0.042250
-0.042259
-0.042269
-0.042278
-0.042288
-0.042297
-0.042307
-0.042316
-0.042326
-0.042335
-0.042345
-0.042354
-0.042363
-0.042373
-0.042382
-0.042391
-0.042401
-0.042410
-0.042419
-0.042428
-0.042438
-0.042447
-0.042456
-0.042465
-0.042474
-0.042483
-0.042493
-0.042502
-0.042511
-0.042520
-0.042529
-0.042538
-0.042547
-0.042556
-0.042565
-0.042574
-0.042583
-0.042592
-0.042601
-0.042610
-0.042619
-0.042628
-0.042637
-0.042646
-0.042655
-0.042663
-0.042672
-0.042681
-0.042690
-0.042699
-0.042708
-0.042716
-0.042725
-0.042734
-0.042743
-0.042751
-0.042760
-0.042769
-0.042777
-0.042786
-0.042795
-0.042803
-0.042812
-0.042821
-0.042829
-0.042838
-0.042846
-0.042855
-0.042863
-0.042872
-0.042881
-0.042889
-0.042897
-0.042906
-0.042914
-0.042923
-0.042931
-0.042940
-0.042948
-0.042957
-0.042965
-0.042973
-0.042982
-0.042990
-0.042998
-0.043007
-0.043015
-0.043023
-0.043032
-0.043040
-0.043048
-0.043056
-0.043065
-0.043073
-0.043081
-0.043089
-0.043097
-0.043106
-0.043114
-0.043122
-0.043130
-0.043138
-0.043146
-0.043154
-0.043162
-0.043170
-0.043178
-0.043187
-0.043195
-0.043203
-0.043211
-0.043219
-0.043227
-0.043235
-0.043242
-0.043250
-0.043258
-0.043266
-0.043274
-0.043282
-0.043290
-0.043298
-0.043306
-0.043314
-0.043321
-0.043329
-0.043337
-0.043345
-0.043353
-0.043360
-0.043368
-0.043376
-0.043384
-0.043392
-0.043399
-0.043407
-0.043415
-0.043422
-0.043430
-0.043438
-0.043445
-0.043453
-0.043461
-0.043468
-0.043476
-0.043484
-0.043491
-0.043499
-0.043506
-0.043514
-0.043521
-0.043529
-0.043536
-0.043544
-0.043551
-0.043559
-0.043566
-0.043574
-0.043581
-0.043589
-0.043596
-0.043604
-0.043611
-0.043619
-0.043626
-0.043633
-0.043641
-0.043648
-0.043655
-0.043663
-0.043670
-0.043677
-0.043685
-0.043692
-0.043699
-0.043707
-0.043714
-0.043721
-0.043728
-0.043736
-0.043743
-0.043750
-0.043757
-0.043765
-0.043772
-0.043779
-0.043786
-0.043793
-0.043800
-0.043808
-0.043815
-0.043822
-0.043829
-0.043836
-0.043843
-0.043850
-0.043857
-0.043864
-0.043871
-0.043879
-0.043886
-0.043893
-0.043900
-0.043907
-0.043914
-0.043921
-0.043928
-0.043935
-0.043942
-0.043949
-0.043955
-0.043962
-0.043969
-0.043976
-0.043983
-0.043990
-0.043997
-0.044004
-0.044011
-0.044018
-0.044024
-0.044031
-0.044038
-0.044045
-0.044052
-0.044059
-0.044065
-0.044072
-0.044079
-0.044086
-0.044092
-0.044099
-0.044106
-0.044113
-0.044119
-0.044126
-0.044133
-0.044139
-0.044146
-0.044153
-0.044160
-0.044166
-0.044173
-0.044180
-0.044186
-0.044193
-0.044199
-0.044206
-0.044213
-0.044219
-0.044226
-0.044232
-0.044239
-0.044246
-0.044252
-0.044259
-0.044265
-0.044272
-0.044278
-0.044285
-0.044291
-0.044298
-0.044304
-0.044311
-0.044317
-0.044324
-0.044330
-0.044336
-0.044343
-0.044349
-0.044356
-0.044362
-0.044369
-0.044375
-0.044381
-0.044388
-0.044394
-0.044401
-0.044407
-0.044413
-0.044420
-0.044426
-0.044432
-0.044439
-0.044445
-0.044451
-0.044457
-0.044464
-0.044470
-0.044476
-0.044483
-0.044489
-0.044495
-0.044501
-0.044508
-0.044514
-0.044520
-0.044526
-0.044532
-0.044539
-0.044545
-0.044551
-0.044557
-0.044563
-0.044569
-0.044576
-0.044582
-0.044588
-0.044594
-0.044600
-0.044606
-0.044612
-0.044618
-0.044624
-0.044631
-0.044637
-0.044643
-0.044649
-0.044655
-0.044661
-0.044667
-0.044673
-0.044679
-0.044685
-0.044691
-0.044697
-0.044703
-0.044709
-0.044715
-0.044721
-0.044727
-0.044733
-0.044739
-0.044745
-0.044751
-0.044757
-0.044763
-0.044768
-0.044774
-0.044780
-0.044786
-0.044792
-0.044798
-0.044804
-0.044810
-0.044816
-0.044821
-0.044827
-0.044833
-0.044839
-0.044845
-0.044851
-0.044856
-0.044862
-0.044868
-0.044874
-0.044880
-0.044885
-0.044891
-0.044897
-0.044903
-0.044908
-0.044914
-0.044920
-0.044926
-0.044931
-0.044937
-0.044943
-0.044949
-0.044954
-0.044960
-0.044966
-0.044971
-0.044977
-0.044983
-0.044988
-0.044994
-0.045000
-0.045005
-0.045011
-0.045017
-0.045022
-0.045028
-0.045033
-0.045039
-0.045045
-0.045050
-0.045056
-0.045061
-0.045067
-0.045073
-0.045078
-0.045084
-0.045089
-0.045095
-0.045100
-0.045106
-0.045111
-0.045117
-0.045122
-0.045128
-0.045133
-0.045139
-0.045144
-0.045150
-0.045155
-0.045161
-0.045166
-0.045172
-0.045177
-0.045183
-0.045188
-0.045194
-0.045199
-0.045204
-0.045210
-0.045215
-0.045221
-0.045226
-0.045231
-0.045237
-0.045242
-0.045248
-0.045253
-0.045258
-0.045264
-0.045269
-0.045274
-0.045280
-0.045285
-0.045290
-0.045296
-0.045301
-0.045306
-0.045312
-0.045317
-0.045322
-0.045328
-0.045333
-0.045338
-0.045343
-0.045349
-0.045354
-0.045359
-0.045365
-0.045370
-0.045375
-0.045380
-0.045385
-0.045391
-0.045396
-0.045401
-0.045406
-0.045412
-0.045417
-0.045422
-0.045427
-0.045432
-0.045438
-0.045443
-0.045448
-0.045453
-0.045458
-0.045463
-0.045468
-0.045474
-0.045479
-0.045484
-0.045489
-0.045494
-0.045499
-0.045504
-0.045509
-0.045515
-0.045520
-0.045525
-0.045530
-0.045535
-0.045540
-0.045545
-0.045550
-0.045555
-0.045560
-0.045565
-0.045570
-0.045575
-0.045580
-0.045585
-0.045590
-0.045595
-0.045600
-0.045605
-0.045610
-0.045615
-0.045620
-0.045625
-0.045630
-0.045635
-0.045640
-0.045645
-0.045650
-0.045655
-0.045660
-0.045665
-0.045670
-0.045675
-0.045680
-0.045685
-0.045690
-0.045695
-0.045700
-0.045705

