0.000000
0.000000
-0.000026
-0.000052
-0.000077
-0.000103
-0.000128
-0.000153
-0.000177
-0.000201
-0.000224
-0.000247
-0.000270
-0.000293
-0.000315
-0.000337
-0.000359
-0.000380
-0.000402
-0.000423
-0.000444
-0.000465
-0.000485
-0.000506
-0.000526
-0.000547
-0.000567
-0.000587
-0.000607
-0.000627
-0.000647
-0.000667
-0.000687
-0.000707
-0.000726
-0.000746
-0.000766
-0.000785
-0.000805
-0.000824
-0.000844
-0.000863
-0.000883
-0.000902
-0.000922
-0.000941
-0.000961
-0.000980
-0.001000
-0.001019
-0.001038
-0.001058
-0.001077
-0.001097
-0.001116
-0.001135
-0.001155
-0.001174
-0.001194
-0.001213
-0.001233
-0.001252
-0.001271
-0.001291
-0.001310
-0.001330
-0.001349
-0.001369
-0.001388
-0.001408
-0.001428
-0.001447
-0.001467
-0.001486
-0.001506
-0.001525
-0.001545
-0.001565
-0.001584
-0.001604
-0.001624
-0.001644
-0.001663
-0.001683
-0.001703
-0.001723
-0.001743
-0.001762
-0.001782
-0.001802
-0.001822
-0.001842
-0.001862
-0.001882
-0.001902
-0.001922
-0.001942
-0.001962
-0.001982
-0.002002
-0.002022
-0.002042
-0.002063
-0.002083
-0.002103
-0.002123
-0.002143
-0.002164
-0.002184
-0.002204
-0.002225
-0.002245
-0.002265
-0.002286
-0.002306
-0.002326
-0.002347
-0.002367
-0.002388
-0.002408
-0.002429
-0.002449
-0.002470
-0.002491
-0.002511
-0.002532
-0.002553
-0.002573
-0.002594
-0.002615
-0.002635
-0.002656
-0.002677
-0.002698
-0.002719
-0.002739
-0.002760
-0.002781
-0.002802
-0.002823
-0.002844
-0.002865
-0.002886
-0.002907
-0.002928
-0.002949
-0.002970
-0.002991
-0.003012
-0.003033
-0.003054
-0.003075
-0.003097
-0.003118
-0.003139
-0.003160
-0.003181
-0.003203
-0.003224
-0.003245
-0.003266
-0.003288
-0.003309
-0.003330
-0.003352
-0.003373
-0.003395
-0.003416
-0.003437
-0.003459
-0.003480
-0.003502
-0.003523
-0.003545
-0.003566
-0.003588
-0.003610
-0.003631
-0.003653
-0.003674
-0.003696
-0.003718
-0.003739
-0.003761
-0.003783
-0.003804
-0.003826
-0.003848
-0.003869
-0.003891
-0.003913
-0.003935
-0.003956
-0.003978
-0.004000
-0.004022
-0.004044
-0.004066
-0.004088
-0.004109
-0.004131
-0.004153
-0.004175
-0.004197
-0.004219
-0.004241
-0.004263
-0.004285
-0.004307
-0.004329
-0.004351
-0.004373
-0.004395
-0.004417
-0.004439
-0.004461
-0.004483
-0.004505
-0.004527
-0.004550
-0.004572
-0.004594
-0.004616
-0.004638
-0.004660
-0.004683
-0.004705
-0.004727
-0.004749
-0.004771
-0.004794
-0.004816
-0.004838
-0.004860
-0.004883
-0.004905
-0.004927
-0.004949
-0.004972
-0.004994
-0.005016
-0.005039
-0.005061
-0.005083
-0.005106
-0.005128
-0.005150
-0.005173
-0.005195
-0.005218
-0.005240
-0.005262
-0.005285
-0.005307
-0.005330
-0.005352
-0.005375
-0.005397
-0.005419
-0.005442
-0.005464
-0.005487
-0.005509
-0.005532
-0.005554
-0.005577
-0.005599
-0.005622
-0.005644
-0.005667
-0.005690
-0.005712
-0.005735
-0.005757
-0.005780
-0.005802
-0.005825
-0.005847
-0.005870
-0.005893
-0.005915
-0.005938
-0.005960
-0.005983
-0.006006
-0.006028
-0.006051
-0.006073
-0.006096
-0.006119
-0.006141
-0.006164
-0.006187
-0.006209
-0.006232
-0.006255
-0.006277
-0.006300
-0.006323
-0.006345
-0.006368
-0.006391
-0.006413
-0.006436
-0.006459
-0.006482
-0.006504
-0.006527
-0.006550
-0.006572
-0.006595
-0.006618
-0.006641
-0.006663
-0.006686
-0.006709
-0.006731
-0.006754
-0.006777
-0.006800
-0.006822
-0.006845
-0.006868
-0.006891
-0.006913
-0.006936
-0.006959
-0.006982
-0.007004
-0.007027
-0.007050
-0.007073
-0.007095
-0.007118
-0.007141
-0.007164
-0.007187
-0.007209
-0.007232
-0.007255
-0.007278
-0.007300
-0.007323
-0.007346
-0.007369
-0.007392
-0.007414
-0.007437
-0.007460
-0.007483
-0.007505
-0.007528
-0.007551
-0.007574
-0.007597
-0.007619
-0.007642
-0.007665
-0.007688
-0.007711
-0.007733
-0.007756
-0.007779
-0.007802
-0.007825
-0.007847
-0.007870
-0.007893
-0.007916
-0.007939
-0.007961
-0.007984
-0.008007
-0.008030
-0.008052
-0.008075
-0.008098
-0.008121
-0.008144
-0.008166
-0.008189
-0.008212
-0.008235
-0.008258
-0.008280
-0.008303
-0.008326
-0.008349
-0.008371
-0.008394
-0.008417
-0.008440
-0.008462
-0.008485
-0.008508
-0.008531
-0.008554
-0.008576
-0.008599
-0.008622
-0.008645
-0.008667
-0.008690
-0.008713
-0.008736
-0.008758
-0.008781
-0.008804
-0.008827
-0.008849
-0.008872
-0.008895
-0.008917
-0.008940
-0.008963
-0.008986
-0.009008
-0.009031
-0.009054
-0.009077
-0.009099
-0.009122
-0.009145
-0.009167
-0.009190
-0.009213
-0.009235
-0.009258
-0.009281
-0.009304
-0.009326
-0.009349
-0.009372
-0.009394
-0.009417
-0.009440
-0.009462
-0.009485
-0.009508
-0.009530
-0.009553
-0.009576
-0.009598
-0.009621
-0.009643
-0.009666
-0.009689
-0.009711
-0.009734
-0.009757
-0.009779
-0.009802
-0.009824
-0.009847
-0.009870
-0.009892
-0.009915
-0.009937
-0.009960
-0.009983
-0.010005
-0.010028
-0.010050
-0.010073
-0.010095
-0.010118
-0.010141
-0.010163
-0.010186
-0.010208
-0.010231
-0.010253
-0.010276
-0.010298
-0.010321
-0.010343
-0.010366
-0.010388
-0.010411
-0.010433
-0.010456
-0.010478
-0.010501
-0.010523
-0.010546
-0.010568
-0.010591
-0.010613
-0.010636
-0.010658
-0.010680
-0.010703
-0.010725
-0.010748
-0.010770
-0.010793
-0.010815
-0.010837
-0.010860
-0.010882
-0.010905
-0.010927
-0.010949
-0.010972
-0.010994
-0.011017
-0.011039
-0.011061
-0.011084
-0.011106
-0.011128
-0.011151
-0.011173
-0.011195
-0.011218
-0.011240
-0.011262
-0.011285
-0.011307
-0.011329
-0.011351
-0.011374
-0.011396
-0.011418
-0.011440
-0.011463
-0.011485
-0.011507
-0.011529
-0.011552
-0.011574
-0.011596
-0.011618
-0.011641
-0.011663
-0.011685
-0.011707
-0.011729
-0.011752
-0.011774
-0.011796
-0.011818
-0.011840
-0.011862
-0.011884
-0.011907
-0.011929
-0.011951
-0.011973
-0.011995
-0.012017
-0.012039
-0.012061
-0.012083
-0.012106
-0.012128
-0.012150
-0.012172
-0.012194
-0.012216
-0.012238
-0.012260
-0.012282
-0.012304
-0.012326
-0.012348
-0.012370
-0.012392
-0.012414
-0.012436
-0.012458
-0.012480
-0.012502
-0.012524
-0.012546
-0.012568
-0.012590
-0.012612
-0.012634
-0.012655
-0.012677
-0.012699
-0.012721
-0.012743
-0.012765
-0.012787
-0.012809
-0.012831
-0.012852
-0.012874
-0.012896
-0.012918
-0.012940
-0.012962
-0.012983
-0.013005
-0.013027
-0.013049
-0.013070
-0.013092
-0.013114
-0.013136
-0.013158
-0.013179
-0.013201
-0.013223
-0.013244
-0.013266
-0.013288
-0.013310
-0.013331
-0.013353
-0.013375
-0.013396
-0.013418
-0.013440
-0.013461
-0.013483
-0.013505
-0.013526
-0.013548
-0.013569
-0.013591
-0.013613
-0.013634
-0.013656
-0.013677
-0.013699
-0.013721
-0.013742
-0.013764
-0.013785
-0.013807
-0.013828
-0.013850
-0.013871
-0.013893
-0.013914
-0.013936
-0.013957
-0.013979
-0.014000
-0.014022
-0.014043
-0.014065
-0.014086
-0.014107
-0.014129
-0.014150
-0.014172
-0.014193
-0.014214
-0.014236
-0.014257
-0.014278
-0.014300
-0.014321
-0.014343
-0.014364
-0.014385
-0.014406
-0.014428
-0.014449
-0.014470
-0.014492
-0.014513
-0.014534
-0.014555
-0.014577
-0.014598
-0.014619
-0.014640
-0.014662
-0.014683
-0.014704
-0.014725
-0.014746
-0.014768
-0.014789
-0.014810
-0.014831
-0.014852
-0.014873
-0.014894
-0.014916
-0.014937
-0.014958
-0.014979
-0.015000
-0.015021
-0.015042
-0.015063
-0.015084
-0.015105
-0.015126
-0.015147
-0.015168
-0.015189
-0.015210
-0.015231
-0.015252
-0.015273
-0.015294
-0.015315
-0.015336
-0.015357
-0.015378
-0.015399
-0.015420
-0.015441
-0.015462
-0.015483
-0.015504
-0.015524
-0.015545
-0.015566
-0.015587
-0.015608
-0.015629
-0.015650
-0.015670
-0.015691
-0.015712
-0.015733
-0.015754
-0.015774
-0.015795
-0.015816
-0.015837
-0.015857
-0.015878
-0.015899
-0.015920
-0.015940
-0.015961
-0.015982
-0.016002
-0.016023
-0.016044
-0.016064
-0.016085
-0.016106
-0.016126
-0.016147
-0.016168
-0.016188
-0.016209
-0.016229
-0.016250
-0.016271
-0.016291
-0.016312
-0.016332
-0.016353
-0.016373
-0.016394
-0.016414
-0.016435
-0.016455
-0.016476
-0.016496
-0.016517
-0.016537
-0.016558
-0.016578
-0.016599
-0.016619
-0.016639
-0.016660
-0.016680
-0.016701
-0.016721
-0.016741
-0.016762
-0.016782
-0.016802
-0.016823
-0.016843
-0.016863
-0.016884
-0.016904
-0.016924
-0.016945
-0.016965
-0.016985
-0.017005
-0.017026
-0.017046
-0.017066
-0.017086
-0.017107
-0.017127
-0.017147
-0.017167
-0.017187
-0.017207
-0.017228
-0.017248
-0.017268
-0.017288
-0.017308
-0.017328
-0.017348
-0.017369
-0.017389
-0.017409
-0.017429
-0.017449
-0.017469
-0.017489
-0.017509
-0.017529
-0.017549
-0.017569
-0.017589
-0.017609
-0.017629
-0.017649
-0.017669
-0.017689
-0.017709
-0.017729
-0.017749
-0.017769
-0.017789
-0.017808
-0.017828
-0.017848
-0.017868
-0.017888
-0.017908
-0.017928
-0.017948
-0.017967
-0.017987
-0.018007
-0.018027
-0.018047
-0.018066
-0.018086
-0.018106
-0.018126
-0.018145
-0.018165
-0.018185
-0.018205
-0.018224
-0.018244
-0.018264
-0.018284
-0.018303
-0.018323
-0.018343
-0.018362
-0.018382
-0.018401
-0.018421
-0.018441
-0.018460
-0.018480
-0.018500
-0.018519
-0.018539
-0.018558
-0.018578
-0.018597
-0.018617
-0.018636
-0.018656
-0.018675
-0.018695
-0.018714
-0.018734
-0.018753
-0.018773
-0.018792
-0.018812
-0.018831
-0.018851
-0.018870
-0.018889
-0.018909
-0.018928
-0.018948
-0.018967
-0.018986
-0.019006
-0.019025
-0.019044
-0.019064
-0.019083
-0.019102
-0.019122
-0.019141
-0.019160
-0.019179
-0.019199
-0.019218
-0.019237
-0.019256
-0.019276
-0.019295
-0.019314
-0.019333
-0.019353
-0.019372
-0.019391
-0.019410
-0.019429
-0.019448
-0.019468
-0.019487
-0.019506
-0.019525
-0.019544
-0.019563
-0.019582
-0.019601
-0.019620
-0.019639
-0.019658
-0.019677
-0.019696
-0.019715
-0.019734
-0.019753
-0.019772
-0.019791
-0.019810
-0.019829
-0.019848
-0.019867
-0.019886
-0.019905
-0.019924
-0.019943
-0.019962
-0.019981
-0.020000
-0.020019
-0.020037
-0.020056
-0.020075
-0.020094
-0.020113
-0.020132
-0.020150
-0.020169
-0.020188
-0.020207
-0.020226
-0.020244
-0.020263
-0.020282
-0.020301
-0.020319
-0.020338
-0.020357
-0.020375
-0.020394
-0.020413
-0.020432
-0.020450
-0.020469
-0.020488
-0.020506
-0.020525
-0.020543
-0.020562
-0.020581
-0.020599
-0.020618
-0.020636
-0.020655
-0.020674
-0.020692
-0.020711
-0.020729
-0.020748
-0.020766
-0.020785
-0.020803
-0.020822
-0.020840
-0.020859
-0.020877
-0.020895
-0.020914
-0.020932
-0.020951
-0.020969
-0.020988
-0.021006
-0.021024
-0.021043
-0.021061
-0.021079
-0.021098
-0.021116
-0.021135
-0.021153
-0.021171
-0.021189
-0.021208
-0.021226
-0.021244
-0.021263
-0.021281
-0.021299
-0.021317
-0.021336
-0.021354
-0.021372
-0.021390
-0.021408
-0.021427
-0.021445
-0.021463
-0.021481
-0.021499
-0.021517
-0.021536
-0.021554
-0.021572
-0.021590
-0.021608
-0.021626
-0.021644
-0.021662
-0.021680
-0.021698
-0.021716
-0.021734
-0.021752
-0.021770
-0.021788
-0.021806
-0.021824
-0.021842
-0.021860
-0.021878
-0.021896
-0.021914
-0.021932
-0.021950
-0.021968
-0.021986
-0.022004
-0.022022
-0.022040
-0.022058
-0.022075
-0.022093
-0.022111
-0.022129
-0.022147
-0.022165
-0.022182
-0.022200
-0.022218
-0.022236
-0.022254
-0.022271
-0.022289
-0.022307
-0.022325
-0.022342
-0.022360
-0.022378
-0.022395
-0.022413
-0.022431
-0.022448
-0.022466
-0.022484
-0.022501
-0.022519
-0.022537
-0.022554
-0.022572
-0.022590
-0.022607
-0.022625
-0.022642
-0.022660
-0.022677
-0.022695
-0.022713
-0.022730
-0.022748
-0.022765
-0.022783
-0.022800
-0.022818
-0.022835
-0.022853
-0.022870
-0.022887
-0.022905
-0.022922
-0.022940
-0.022957
-0.022975
-0.022992
-0.023009
-0.023027
-0.023044
-0.023062
-0.023079
-0.023096
-0.023114
-0.023131
-0.023148
-0.023166
-0.023183
-0.023200
-0.023217
-0.023235
-0.023252
-0.023269
-0.023286
-0.023304
-0.023321
-0.023338
-0.023355
-0.023373
-0.023390
-0.023407
-0.023424
-0.023441
-0.023458
-0.023476
-0.023493
-0.023510
-0.023527
-0.023544
-0.023561
-0.023578
-0.023595
-0.023613
-0.023630
-0.023647
-0.023664
-0.023681
-0.023698
-0.023715
-0.023732
-0.023749
-0.023766
-0.023783
-0.023800
-0.023817
-0.023834
-0.023851
-0.023868
-0.023885
-0.023902
-0.023919
-0.023935
-0.023952
-0.023969
-0.023986
-0.024003
-0.024020
-0.024037
-0.024054
-0.024070
-0.024087
-0.024104
-0.024121
-0.024138
-0.024155
-0.024171
-0.024188
-0.024205
-0.024222
-0.024238
-0.024255
-0.024272
-0.024289
-0.024305
-0.024322
-0.024339
-0.024356
-0.024372
-0.024389
-0.024406
-0.024422
-0.024439
-0.024456
-0.024472
-0.024489
-0.024505
-0.024522
-0.024539
-0.024555
-0.024572
-0.024588
-0.024605
-0.024622
-0.024638
-0.024655
-0.024671
-0.024688
-0.024704
-0.024721
-0.024737
-0.024754
-0.024770
-0.024787
-0.024803
-0.024820
-0.024836
-0.024852
-0.024869
-0.024885
-0.024902
-0.024918
-0.024935
-0.024951
-0.024967
-0.024984
-0.025000
-0.025016
-0.025033
-0.025049
-0.025065
-0.025082
-0.025098
-0.025114
-0.025131
-0.025147
-0.025163
-0.025179
-0.025196
-0.025212
-0.025228
-0.025244
-0.025261
-0.025277
-0.025293
-0.025309
-0.025326
-0.025342
-0.025358
-0.025374
-0.025390
-0.025406
-0.025423
-0.025439
-0.025455
-0.025471
-0.025487
-0.025503
-0.025519
-0.025535
-0.025551
-0.025567
-0.025583
-0.025600
-0.025616
-0.025632
-0.025648
-0.025664
-0.025680
-0.025696
-0.025712
-0.025728
-0.025744
-0.025760
-0.025775
-0.025791
-0.025807
-0.025823
-0.025839
-0.025855
-0.025871
-0.025887
-0.025903
-0.025919
-0.025935
-0.025950
-0.025966
-0.025982
-0.025998
-0.026014
-0.026030
-0.026045
-0.026061
-0.026077
-0.026093
-0.026109
-0.026124
-0.026140
-0.026156
-0.026172
-0.026187
-0.026203
-0.026219
-0.026235
-0.026250
-0.026266
-0.026282
-0.026297
-0.026313
-0.026329
-0.026344
-0.026360
-0.026376
-0.026391
-0.026407
-0.026422
-0.026438
-0.026454
-0.026469
-0.026485
-0.026500
-0.026516
-0.026532
-0.026547
-0.026563
-0.026578
-0.026594
-0.026609
-0.026625
-0.026640
-0.026656
-0.026671
-0.026687
-0.026702
-0.026718
-0.026733
-0.026748
-0.026764
-0.026779
-0.026795
-0.026810
-0.026825
-0.026841
-0.026856
-0.026872
-0.026887
-0.026902
-0.026918
-0.026933
-0.026948
-0.026964
-0.026979
-0.026994
-0.027010
-0.027025
-0.027040
-0.027055
-0.027071
-0.027086
-0.027101
-0.027116
-0.027132
-0.027147
-0.027162
-0.027177
-0.027193
-0.027208
-0.027223
-0.027238
-0.027253
-0.027268
-0.027284
-0.027299
-0.027314
-0.027329
-0.027344
-0.027359
-0.027374
-0.027389
-0.027405
-0.027420
-0.027435
-0.027450
-0.027465
-0.027480
-0.027495
-0.027510
-0.027525
-0.027540
-0.027555
-0.027570
-0.027585
-0.027600
-0.027615
-0.027630
-0.027645
-0.027660
-0.027675
-0.027690
-0.027705
-0.027720
-0.027734
-0.027749
-0.027764
-0.027779
-0.027794
-0.027809
-0.027824
-0.027839
-0.027853
-0.027868
-0.027883
-0.027898
-0.027913
-0.027928
-0.027942
-0.027957
-0.027972
-0.027987
-0.028001
-0.028016
-0.028031
-0.028046
-0.028060
-0.028075
-0.028090
-0.028105
-0.028119
-0.028134
-0.028149
-0.028163
-0.028178
-0.028193
-0.028207
-0.028222
-0.028237
-0.028251
-0.028266
-0.028281
-0.028295
-0.028310
-0.028324
-0.028339
-0.028353
-0.028368
-0.028383
-0.028397
-0.028412
-0.028426
-0.028441
-0.028455
-0.028470
-0.028484
-0.028499
-0.028513
-0.028528
-0.028542
-0.028557
-0.028571
-0.028586
-0.028600
-0.028614
-0.028629
-0.028643
-0.028658
-0.028672
-0.028687
-0.028701
-0.028715
-0.028730
-0.028744
-0.028758
-0.028773
-0.028787
-0.028801
-0.028816
-0.028830
-0.028844
-0.028859
-0.028873
-0.028887
-0.028902
-0.028916
-0.028930
-0.028944
-0.028959
-0.028973
-0.028987
-0.029001
-0.029015
-0.029030
-0.029044
-0.029058
-0.029072
-0.029086
-0.029101
-0.029115
-0.029129
-0.029143
-0.029157
-0.029171
-0.029185
-0.029200
-0.029214
-0.029228
-0.029242
-0.029256
-0.029270
-0.029284
-0.029298
-0.029312
-0.029326
-0.029340
-0.029354
-0.029368
-0.029382
-0.029396
-0.029410
-0.029424
-0.029438
-0.029452
-0.029466
-0.029480
-0.029494
-0.029508
-0.029522
-0.029536
-0.029550
-0.029564
-0.029578
-0.029592
-0.029606
-0.029620
-0.029633
-0.029647
-0.029661
-0.029675
-0.029689
-0.029703
-0.029717
-0.029730
-0.029744
-0.029758
-0.029772
-0.029786
-0.029799
-0.029813
-0.029827
-0.029841
-0.029854
-0.029868
-0.029882
-0.029896
-0.029909
-0.029923
-0.029937
-0.029951
-0.029964
-0.029978
-0.029992
-0.030005
-0.030019
-0.030033
-0.030046
-0.030060
-0.030074
-0.030087
-0.030101
-0.030114
-0.030128
-0.030142
-0.030155
-0.030169
-0.030182
-0.030196
-0.030209
-0.030223
-0.030237
-0.030250
-0.030264
-0.030277
-0.030291
-0.030304
-0.030318
-0.030331
-0.030345
-0.030358
-0.030372
-0.030385
-0.030399
-0.030412
-0.030425
-0.030439
-0.030452
-0.030466
-0.030479
-0.030493
-0.030506
-0.030519
-0.030533
-0.030546
-0.030559
-0.030573
-0.030586
-0.030600
-0.030613
-0.030626
-0.030640
-0.030653
-0.030666
-0.030679
-0.030693
-0.030706
-0.030719
-0.030733
-0.030746
-0.030759
-0.030772
-0.030786
-0.030799
-0.030812
-0.030825
-0.030839
-0.030852
-0.030865
-0.030878
-0.030891
-0.030905
-0.030918
-0.030931
-0.030944
-0.030957
-0.030970
-0.030983
-0.030997
-0.031010
-0.031023
-0.031036
-0.031049
-0.031062
-0.031075
-0.031088
-0.031101
-0.031114
-0.031127
-0.031140
-0.031154
-0.031167
-0.031180
-0.031193
-0.031206
-0.031219
-0.031232
-0.031245
-0.031258
-0.031271
-0.031284
-0.031296
-0.031309
-0.031322
-0.031335
-0.031348
-0.031361
-0.031374
-0.031387
-0.031400
-0.031413
-0.031426
-0.031439
-0.031451
-0.031464
-0.031477
-0.031490
-0.031503
-0.031516
-0.031529
-0.031541
-0.031554
-0.031567
-0.031580
-0.031593
-0.031605
-0.031618
-0.031631
-0.031644
-0.031656
-0.031669
-0.031682
-0.031695
-0.031707
-0.031720
-0.031733
-0.031746
-0.031758
-0.031771
-0.031784
-0.031796
-0.031809
-0.031822
-0.031834
-0.031847
-0.031860
-0.031872
-0.031885
-0.031898
-0.031910
-0.031923
-0.031935
-0.031948
-0.031961
-0.031973
-0.031986
-0.031998
-0.032011
-0.032023
-0.032036
-0.032049
-0.032061
-0.032074
-0.032086
-0.032099
-0.032111
-0.032124
-0.032136
-0.032149
-0.032161
-0.032174
-0.032186
-0.032199
-0.032211
-0.032223
-0.032236
-0.032248
-0.032261
-0.032273
-0.032286
-0.032298
-0.032310
-0.032323
-0.032335
-0.032347
-0.032360
-0.032372
-0.032385
-0.032397
-0.032409
-0.032422
-0.032434
-0.032446
-0.032459
-0.032471
-0.032483
-0.032495
-0.032508
-0.032520
-0.032532
-0.032545
-0.032557
-0.032569
-0.032581
-0.032594
-0.032606
-0.032618
-0.032630
-0.032642
-0.032655
-0.032667
-0.032679
-0.032691
-0.032703
-0.032716
-0.032728
-0.032740
-0.032752
-0.032764
-0.032776
-0.032788
-0.032800
-0.032813
-0.032825
-0.032837
-0.032849
-0.032861
-0.032873
-0.032885
-0.032897
-0.032909
-0.032921
-0.032933
-0.032945
-0.032957
-0.032969
-0.032981
-0.032993
-0.033005
-0.033017
-0.033029
-0.033041
-0.033053
-0.033065
-0.033077
-0.033089
-0.033101
-0.033113
-0.033125
-0.033137
-0.033149
-0.033161
-0.033173
-0.033185
-0.033197
-0.033209
-0.033220
-0.033232
-0.033244
-0.033256
-0.033268
-0.033280
-0.033292
-0.033303
-0.033315
-0.033327
-0.033339
-0.033351
-0.033362
-0.033374
-0.033386
-0.033398
-0.033410
-0.033421
-0.033433
-0.033445
-0.033457
-0.033468
-0.033480
-0.033492
-0.033504
-0.033515
-0.033527
-0.033539
-0.033550
-0.033562
-0.033574
-0.033585
-0.033597
-0.033609
-0.033620
-0.033632
-0.033644
-0.033655
-0.033667
-0.033679
-0.033690
-0.033702
-0.033713
-0.033725
-0.033737
-0.033748
-0.033760
-0.033771
-0.033783
-0.033795
-0.033806
-0.033818
-0.033829
-0.033841
-0.033852
-0.033864
-0.033875
-0.033887
-0.033898
-0.033910
-0.033921
-0.033933
-0.033944
-0.033956
-0.033967
-0.033979
-0.033990
-0.034001
-0.034013
-0.034024
-0.034036
-0.034047
-0.034059
-0.034070
-0.034081
-0.034093
-0.034104
-0.034116
-0.034127
-0.034138
-0.034150
-0.034161
-0.034172
-0.034184
-0.034195
-0.034206
-0.034218
-0.034229
-0.034240
-0.034252
-0.034263
-0.034274
-0.034285
-0.034297
-0.034308
-0.034319
-0.034330
-0.034342
-0.034353
-0.034364
-0.034375
-0.034387
-0.034398
-0.034409
-0.034420
-0.034431
-0.034443
-0.034454
-0.034465
-0.034476
-0.034487
-0.034498
-0.034510
-0.034521
-0.034532
-0.034543
-0.034554
-0.034565
-0.034576
-0.034588
-0.034599
-0.034610
-0.034621
-0.034632
-0.034643
-0.034654
-0.034665
-0.034676
-0.034687
-0.034698
-0.034709
-0.034720
-0.034731
-0.034742
-0.034753
-0.034764
-0.034775
-0.034786
-0.034797
-0.034808
-0.034819
-0.034830
-0.034841
-0.034852
-0.034863
-0.034874
-0.034885
-0.034896
-0.034907
-0.034918
-0.034929
-0.034940
-0.034950
-0.034961
-0.034972
-0.034983
-0.034994
-0.035005
-0.035016
-0.035027
-0.035037
-0.035048
-0.035059
-0.035070
-0.035081
-0.035092
-0.035102
-0.035113
-0.035124
-0.035135
-0.035146
-0.035156
-0.035167
-0.035178
-0.035189
-0.035199
-0.035210
-0.035221
-0.035232
-0.035242
-0.035253
-0.035264
-0.035275
-0.035285
-0.035296
-0.035307
-0.035317
-0.035328
-0.035339
-0.035349
-0.035360
-0.035371
-0.035381
-0.035392
-0.035403
-0.035413
-0.035424
-0.035435
-0.035445
-0.035456
-0.035466
-0.035477
-0.035488
-0.035498
0.461994
1.240402
2.156859
2.787465
3.230856
3.551811
3.788521
3.964416
4.094587
4.189252
4.251767
4.289259
4.306936
4.308675
4.297463
4.275664
4.245197
4.207625
4.164250
4.116159
4.064275
4.009365
3.952079
3.892978
3.832527
3.771122
3.709108
3.646767
3.584340
3.522040
3.460034
3.398467
3.337469
3.277136
3.217553
3.158794
3.100914
3.043958
2.987963
2.932963
2.878973
2.826009
2.774087
2.723208
2.673374
2.624582
2.576836
2.530123
2.484434
2.439759
2.396092
2.353414
2.311712
2.270970
2.231177
2.192315
2.154365
2.117310
2.081134
2.045822
2.011355
1.977715
1.944884
1.912844
1.881578
1.851073
1.821308
1.792267
1.763932
1.736287
1.709315
1.683003
1.657334
1.632292
1.607861
1.584026
1.560774
1.538088
1.515955
1.494363
1.473298
1.452745
1.432692
1.413126
1.394034
1.375404
1.357224
1.339483
1.322169
1.305272
1.288782
1.272686
1.256975
1.241639
1.226667
1.212051
1.197780
1.183845
1.170238
1.156949
1.651498
2.434638
3.361866
4.016211
4.489644
4.842997
5.112049
5.319004
5.478290
5.599764
5.682187
5.734625
5.763619
5.773901
5.769038
5.751806
5.724422
5.688691
5.646120
5.597942
5.545198
5.488767
5.429424
5.367778
5.304364
5.239672
5.174064
5.107888
5.041418
4.974886
4.908516
4.842466
4.776874
4.711886
4.647585
4.584051
4.521379
4.459605
4.398774
4.338943
4.280124
4.222334
4.165609
4.109943
4.055341
4.001816
3.949361
3.897967
3.847626
3.798345
3.750102
3.702882
3.656672
3.611470
3.567253
3.524001
3.481698
3.440335
3.399892
3.360348
3.321684
3.283882
3.246934
3.210816
3.175509
3.140994
3.107253
3.074268
3.042035
3.010527
2.979725
2.949613
2.920173
2.891390
2.863259
2.835756
2.808864
2.782568
2.756854
2.731706
2.707111
2.683062
2.659541
2.636533
2.614025
2.592004
2.570458
2.549373
2.528739
2.508543
2.488783
2.469440
2.450504
2.431964
2.413809
2.396029
2.378614
2.361555
2.344842
2.328466
2.312423
2.296701
2.281292
2.266186
2.251377
2.236855
2.222614
2.208644
2.194941
2.181495
2.168302
2.155352
2.142641
2.130162
2.117913
2.105885
2.094071
2.082466
2.071065
2.059861
2.048849
2.038025
2.027383
2.016918
2.006626
1.996503
1.986542
1.976741
1.967096
1.957601
1.948253
1.939048
1.929985
1.921059
1.912265
1.903601
1.895062
1.886645
1.878347
1.870165
1.862096
1.854136
1.846284
1.838536
1.830889
1.823341
1.815889
1.808531
1.801264
1.794087
1.786995
1.779989
1.773065
1.766220
1.759454
1.752765
1.746149
1.739607
1.733137
1.726735
1.720401
1.714133
1.707928
1.701786
1.695705
1.689683
1.683719
1.677811
1.671958
1.666159
1.660412
1.654716
1.649070
1.643473
1.637923
1.632419
1.626961
1.621547
1.616176
1.610847
1.605559
1.600312
1.595103
1.589933
1.584801
1.579705
1.574646
1.569621
1.564630
1.559673
1.554749
1.549857
1.544996
1.540167
1.535369
1.530600
1.525860
1.521149
1.516465
1.511809
1.507179
1.502575
1.497997
1.493443
1.488914
1.484409
1.479928
1.475469
1.471034
1.466620
1.462228
1.457858
1.453508
1.449180
1.444871
1.440582
1.436313
1.432063
1.427832
1.423619
1.419424
1.415248
1.411088
1.406947
1.402822
1.398714
1.394623
1.390547
1.386488
1.382444
1.378416
1.374404
1.370406
1.366423
1.362455
1.358501
1.354562
1.350636
1.346724
1.342827
1.338943
1.335073
1.331216
1.327372
1.323542
1.319724
1.315918
1.312125
1.308344
1.304575
1.300818
1.297074
1.293340
1.289619
1.285908
1.282209
1.278522
1.274845
1.271179
1.267525
1.263881
1.260247
1.256624
1.253012
1.249410
1.245818
1.242237
1.238665
1.235104
1.231553
1.228011
1.224479
1.220957
1.217444
1.213941
1.210448
1.206964
1.203489
1.200024
1.196568
1.193121
1.189683
1.186254
1.182834
1.179423
1.176021
1.172627
1.169243
1.165867
1.162500
1.159141
1.155791
1.152450
1.149116
1.145792
1.142476
1.139168
1.135870
1.132579
1.129297
1.126023
1.122758
1.119500
1.116251
1.113009
1.109776
1.106551
1.103333
1.100124
1.096922
1.093729
1.090543
1.087365
1.084194
1.081032
1.077877
1.074729
1.071590
1.068457
1.065333
1.062216
1.059106
1.056004
1.052910
1.049823
1.046743
1.043671
1.040606
1.037549
1.034498
1.031455
1.028420
1.025392
1.022370
1.019356
1.016350
1.013350
1.010358
1.007373
1.004395
1.001424
0.998460
0.995503
0.992553
0.989610
0.986674
0.983746
0.980824
0.977909
0.975001
0.972100
0.969206
0.966319
0.963438
0.960565
0.957698
0.954838
0.951985
0.949139
0.946299
0.943467
0.940641
0.937822
0.935010
0.932205
0.929406
0.926615
0.923830
0.921051
0.918280
0.915514
0.912756
0.910004
0.907259
0.904520
0.901788
0.899063
0.896344
0.893631
0.890925
0.888226
0.885533
0.882846
0.880166
0.877492
0.874825
0.872164
0.869509
0.866861
0.864220
0.861584
0.858955
0.856332
0.853716
0.851106
0.848502
0.845904
0.843313
0.840728
0.838149
0.835576
0.833010
0.830449
0.827895
0.825348
0.822806
0.820270
0.817741
0.815218
0.812701
0.810190
0.807685
0.805186
0.802693
0.800206
0.797726
0.795251
0.792782
0.790320
0.787863
0.785413
0.782968
0.780529
0.778097
0.775670
0.773249
0.770834
0.768425
0.766022
0.763625
0.761234
0.758849
0.756469
0.754095
0.751727
0.749365
0.747009
0.744659
0.742314
0.739975
0.737642
0.735315
0.732994
0.730678
0.728369
0.726065
0.723767
0.721474
0.719187
0.716906
0.714631
0.712361
0.710097
0.707839
0.705586
0.703339
0.701097
0.698861
0.696631
0.694406
0.692187
0.689973
0.687765
0.685562
0.683365
0.681173
0.678987
0.676806
0.674631
0.672461
0.670297
0.668138
0.665984
0.663836
0.661694
0.659556
0.657425
0.655298
0.653177
0.651061
0.648951
0.646845
0.644746
0.642651
0.640562
0.638478
0.636399
0.634326
0.632258
0.630195
0.628137
0.626085
0.624038
0.621996
0.619959
0.617927
0.615901
0.613880
0.611863
0.609852
0.607847
0.605846
0.603850
0.601860
0.599874
0.597894
0.595919
0.593948
0.591983
0.590023
0.588068
0.586118
0.584173
0.582233
0.580298
0.578368
0.576443
0.574522
0.572607
0.570697
0.568792
0.566891
0.564996
0.563105
0.561219
0.559338
0.557462
0.555591
0.553725
0.551864
0.550007
0.548155
0.546308
0.544466
0.542629
0.540796
0.538968
0.537145
0.535327
0.533513
0.531704
0.529900
0.528101
0.526307
0.524517
0.522732
0.520952
0.519176
0.517405
0.515638
0.513877
0.512119
0.510367
0.508619
0.506876
0.505137
0.503403
0.501673
0.499948
0.498228
0.496512
0.494800
0.493093
0.491391
0.489693
0.488000
0.486311
0.484626
0.482946
0.481271
0.479599
0.477933
0.476270
0.474612
0.472959
0.471310
0.469665
0.468025
0.466389
0.464757
0.463130
0.461507
0.459888
0.458274
0.456664
0.455058
0.453457
0.451859
0.450266
0.448678
0.447093
0.445513
0.443937
0.442366
0.440798
0.439235
0.437676
0.436121
0.434570
0.433023
0.431481
0.429943
0.428408
0.426878
0.425352
0.423831
0.422313
0.420799
0.419290
0.417784
0.416283
0.414786
0.413292
0.411803
0.410318
0.408837
0.407359
0.405886
0.404417
0.402952
0.401491
0.400033
0.398580
0.397131
0.395685
0.394244
0.392806
0.391372
0.389943
0.388517
0.387095
0.385677
0.384262
0.382852
0.381446
0.380043
0.378644
0.377249
0.375858
0.374470
0.373087
0.371707
0.370331
0.368959
0.367590
0.366225
0.364864
0.363507
0.362154
0.360804
0.359458
0.358115
0.356777
0.355442
0.354110
0.352783
0.351459
0.350138
0.348822
0.347509
0.346199
0.344893
0.343591
0.342293
0.340998
0.339706
0.338418
0.337134
0.335853
0.334576
0.333303
0.332033
0.330766
0.329503
0.328244
0.326988
0.325735
0.324486
0.323241
0.321999
0.320761
0.319526
0.318294
0.317066
0.315841
0.314620
0.313402
0.312188
0.310977
0.309769
0.308565
0.307364
0.306167
0.304973
0.303782
0.302594
0.301410
0.300230
0.299052
0.297878
0.296707
0.295540
0.294375
0.293214
0.292057
0.290902
0.289751
0.288603
0.287459
0.286317
0.285179
0.284044
0.282912
0.281784
0.280658
0.279536
0.278417
0.277301
0.276189
0.275079
0.273973
0.272869
0.271769
0.270672
0.269579
0.268488
0.267400
0.266316
0.265234
0.264156
0.263081
0.262008
0.260939
0.259873
0.258810
0.257750
0.256693
0.255639
0.254588
0.253540
0.252495
0.251454
0.250415
0.249379
0.248346
0.247316
0.246289
0.245264
0.244243
0.243225
0.242210
0.241197
0.240188
0.239181
0.238178
0.237177
0.236179
0.235184
0.234192
0.233203
0.232217
0.231233
0.230252
0.229275
0.228300
0.227327
0.226358
0.225392
0.224428
0.223467
0.222509
0.221553
0.220601
0.219651
0.218704
0.217760
0.216818
0.215879
0.214943
0.214010
0.213079
0.212152
0.211226
0.210304
0.209384
0.208467
0.207553
0.206641
0.205732
0.204826
0.203922
0.203021
0.202123
0.201227
0.200334
0.199443
0.198555
0.197670
0.196787
0.195907
0.195030
0.194155
0.193283
0.192413
0.191546
0.190681
0.189819
0.188960
0.188103
0.187248
0.186396
0.185547
0.184700
0.183856
0.183014
0.182175
0.181338
0.180504
0.179672
0.178842
0.178015
0.177191
0.176369
0.175549
0.174732
0.173918
0.173105
0.172296
0.171488
0.170683
0.169881
0.169081
0.168283
0.167488
0.166695
0.165904
0.165116
0.164330
0.163547
0.162765
0.161987
0.161210
0.160436
0.159664
0.158895
0.158128
0.157363
0.156601
0.155840
0.155082
0.154327
0.153574
0.152823
0.152074
0.151327
0.150583
0.149841
0.149102
0.148364
0.147629
0.146896
0.146165
0.145437
0.144710
0.143986
0.143265
0.142545
0.141827
0.141112
0.140399
0.139688
0.138979
0.138273
0.137569
0.136866
0.136166
0.135468
0.134773
0.134079
0.133388
0.132698
0.132011
0.131326
0.130643
0.129962
0.129283
0.128606
0.127932
0.127259
0.126589
0.125921
0.125254
0.124590
0.123928
0.123268
0.122610
0.121954
0.121300
0.120648
0.119998
0.119350
0.118705
0.118061
0.117419
0.116779
0.116142
0.115506
0.114872
0.114240
0.113610
0.112983
0.112357
0.111733
0.111111
0.110491
0.109873
0.109257
0.108643
0.108031
0.107421
0.106812
0.106206
0.105601
0.104999
0.104398
0.103799
0.103203
0.102608
0.102015
0.101424
0.100834
0.100247
0.099661
0.099078
0.098496
0.097916
0.097338
0.096762
0.096187
0.095615
0.095044
0.094475
0.093908
0.093343
0.092780
0.092218
0.091658
0.091100
0.090544
0.089990
0.089437
0.088886
0.088337
0.087790
0.087245
0.086701
0.086159
0.085619
0.085081
0.084544
0.084009
0.083476
0.082945
0.082415
0.081887
0.081361
0.080836
0.080314
0.079793
0.079273
0.078756
0.078240
0.077726
0.077213
0.076702
0.076193
0.075686
0.075180
0.074676
0.074174
0.073673
0.073174
0.072676
0.072181
0.071686
0.071194
0.070703
0.070214
0.069726
0.069241
0.068756
0.068274
0.067793
0.067313
0.066835
0.066359
0.065885
0.065412
0.064940
0.064470
0.064002
0.063536
0.063071
0.062607
0.062145
0.061685
0.061226
0.060769
0.060313
0.059859
0.059407
0.058956
0.058506
0.058059
0.057612
0.057167
0.056724
0.056282
0.055842
0.055404
0.054966
0.054531
0.054097
0.053664
0.053233
0.052803
0.052375
0.051948
0.051523
0.051100
0.050677
0.050257
0.049837
0.049420
0.049003
0.048589
0.048175
0.047763
0.047353
0.046944
0.046536
0.046130
0.045726
0.045322
0.044921
0.044520
0.044121
0.043724
0.043328
0.042933
0.042540
0.042148
0.041758
0.041368
0.040981
0.040595
0.040210
0.039826
0.039444
0.039064
0.038684
0.038307
0.037930
0.037555
0.037181
0.036809
0.036438
0.036068
0.035700
0.035333
0.034967
0.034603
0.034240
0.033878
0.033518
0.033159
0.032802
0.032445
0.032091
0.031737
0.031385
0.031034
0.030684
0.030336
0.029989
0.029643
0.029299
0.028956
0.028614
0.028273
0.027934
0.027596
0.027260
0.026924
0.026590
0.026257
0.025926
0.025596
0.025267
0.024939
0.024612
0.024287
0.023963
0.023641
0.023319
0.022999
0.022680
0.022362
0.022046
0.021731
0.021417
0.021104
0.020792
0.020482
0.020173
0.019865
0.019558
0.019253
0.018949
0.018646
0.018344
0.018043
0.017744
0.017446
0.017149
0.016853
0.016558
0.016265
0.015973
0.015682
0.015392
0.015103
0.014815
0.014529
0.014244
0.013960
0.013677
0.013395
0.013115
0.012835
0.012557
0.012280
0.012004
0.011729
0.011455
0.011183
0.010911
0.010641
0.010372
0.010104
0.009837
0.009571
0.009307
0.009043
0.008781
0.008519
0.008259
0.008000
0.007742
0.007485
0.007229
0.006975
0.006721
0.006469
0.006217
0.005967
0.005717
0.005469
0.005222
0.004976
0.004731
0.004487
0.004244
0.004003
0.003762
0.003522
0.003284
0.003046
0.002810
0.002574
0.002340
0.002106
0.001874
0.001643
0.001413
0.001183
0.000955
0.000728
0.000502
0.000277
0.000053
-0.000170
-0.000392
-0.000613
-0.000833
-0.001053
-0.001271
-0.001488
-0.001704
-0.001919
-0.002133
-0.002346
-0.002558
-0.002769
-0.002979
-0.003188
-0.003396
-0.003604
-0.003810
-0.004015
-0.004219
-0.004423
-0.004625
-0.004826
-0.005027
-0.005226
-0.005425
-0.005622
-0.005819
-0.006015
-0.006210
-0.006403
-0.006596
-0.006788
-0.006979
-0.007169
-0.007359
-0.007547
-0.007734
-0.007921
-0.008106
-0.008291
-0.008475
-0.008657
-0.008839
-0.009020
-0.009200
-0.009380
-0.009558
-0.009735
-0.009912
-0.010088
-0.010262
-0.010436
-0.010609
-0.010782
-0.010953
-0.011123
-0.011293
-0.011462
-0.011629
-0.011796
-0.011963
-0.012128
-0.012292
-0.012456
-0.012619
-0.012781
-0.012942
-0.013102
-0.013262
-0.013420
-0.013578
-0.013735
-0.013891
-0.014046
-0.014201
-0.014355
-0.014508
-0.014660
-0.014811
-0.014962
-0.015111
-0.015260
-0.015408
-0.015556
-0.015702
-0.015848
-0.015993
-0.016137
-0.016281
-0.016423
-0.016565
-0.016706
-0.016847
-0.016986
-0.017125
-0.017263
-0.017401
-0.017537
-0.017673
-0.017808
-0.017943
-0.018076
-0.018209
-0.018342
-0.018473
-0.018604
-0.018734
-0.018863
-0.018992
-0.019120
-0.019247
-0.019373
-0.019499
-0.019624
-0.019749
-0.019872
-0.019995
-0.020118
-0.020239
-0.020360
-0.020480
-0.020600
-0.020719
-0.020837
-0.020955
-0.021072
-0.021188
-0.021303
-0.021418
-0.021533
-0.021646
-0.021759
-0.021871
-0.021983
-0.022094
-0.022205
-0.022314
-0.022424
-0.022532
-0.022640
-0.022747
-0.022854
-0.022960
-0.023065
-0.023170
-0.023274
-0.023378
-0.023481
-0.023583
-0.023685
-0.023787
-0.023887
-0.023987
-0.024087
-0.024186
-0.024284
-0.024382
-0.024479
-0.024575
-0.024671
-0.024767
-0.024862
-0.024956
-0.025050
-0.025143
-0.025236
-0.025328
-0.025420
-0.025511
-0.025601
-0.025691
-0.025781
-0.025870
-0.025958
-0.026046
-0.026134
-0.026221
-0.026307
-0.026393
-0.026478
-0.026563
-0.026647
-0.026731
-0.026815
-0.026897
-0.026980
-0.027062
-0.027143
-0.027224
-0.027304
-0.027384
-0.027464
-0.027543
-0.027621
-0.027700
-0.027777
-0.027854
-0.027931
-0.028007
-0.028083
-0.028158
-0.028233
-0.028308
-0.028382
-0.028455
-0.028529
-0.028601
-0.028674
-0.028746
-0.028817
-0.028888
-0.028959
-0.029029
-0.029099
-0.029168
-0.029237
-0.029306
-0.029374
-0.029441
-0.029509
-0.029576
-0.029642
-0.029709
-0.029774
-0.029840
-0.029905
-0.029970
-0.030034
-0.030098
-0.030161
-0.030224
-0.030287
-0.030350
-0.030412
-0.030474
-0.030535
-0.030596
-0.030657
-0.030717
-0.030777
-0.030836
-0.030896
-0.030955
-0.031013
-0.031072
-0.031130
-0.031187
-0.031244
-0.031301
-0.031358
-0.031414
-0.031470
-0.031526
-0.031581
-0.031637
-0.031691
-0.031746
-0.031800
-0.031854
-0.031907
-0.031961
-0.032013
-0.032066
-0.032119
-0.032171
-0.032222
-0.032274
-0.032325
-0.032376
-0.032427
-0.032477
-0.032527
-0.032577
-0.032627
-0.032676
-0.032725
-0.032774
-0.032822
-0.032871
-0.032919
-0.032966
-0.033014
-0.033061
-0.033108
-0.033155
-0.033202
-0.033248
-0.033294
-0.033340
-0.033385
-0.033431
-0.033476
-0.033520
-0.033565
-0.033609
-0.033654
-0.033698
-0.033741
-0.033785
-0.033828
-0.033871
-0.033914
-0.033957
-0.033999
-0.034041
-0.034083
-0.034125
-0.034167
-0.034208
-0.034249
-0.034290
-0.034331
-0.034372
-0.034412
-0.034452
-0.034492
-0.034532
-0.034572
-0.034611
-0.034650
-0.034689
-0.034728
-0.034767
-0.034806
-0.034844
-0.034882
-0.034920
-0.034958
-0.034996
-0.035033
-0.035070
-0.035107
-0.035144
-0.035181
-0.035218
-0.035254
-0.035291
-0.035327
-0.035363
-0.035399
-0.035434
-0.035470
-0.035505
-0.035541
-0.035576
-0.035611
-0.035645
-0.035680
-0.035715
-0.035749
-0.035783
-0.035817
-0.035851
-0.035885
-0.035919
-0.035952
-0.035985
-0.036019
-0.036052
-0.036085
-0.036118
-0.036150
-0.036183
-0.036215
-0.036248
-0.036280
-0.036312
-0.036344
-0.036376
-0.036407
-0.036439
-0.036470
-0.036502
-0.036533
-0.036564
-0.036595
-0.036626
-0.036657
-0.036687
-0.036718
-0.036748
-0.036779
-0.036809
-0.036839
-0.036869
-0.036899
-0.036928
-0.036958
-0.036988
-0.037017
-0.037047
-0.037076
-0.037105
-0.037134
-0.037163
-0.037192
-0.037221
-0.037249
-0.037278
-0.037306
-0.037335
-0.037363
-0.037391
-0.037419
-0.037447
-0.037475
-0.037503
-0.037531
-0.037558
-0.037586
-0.037613
-0.037641
-0.037668
-0.037695
-0.037722
-0.037749
-0.037776
-0.037803
-0.037830
-0.037857
-0.037883
-0.037910
-0.037936
-0.037963
-0.037989
-0.038015
-0.038041
-0.038067
-0.038093
-0.038119
-0.038145
-0.038171
-0.038197
-0.038222
-0.038248
-0.038273
-0.038299
-0.038324
-0.038349
-0.038374
-0.038399
-0.038425
-0.038449
-0.038474
-0.038499
-0.038524
-0.038549
-0.038573
-0.038598
-0.038622
-0.038647
-0.038671
-0.038696
-0.038720
-0.038744
-0.038768
-0.038792
-0.038816
-0.038840
-0.038864
-0.038888
-0.038912
-0.038935
-0.038959
-0.038982
-0.039006
-0.039029
-0.039053
-0.039076
-0.039099
-0.039123
-0.039146
-0.039169
-0.039192
-0.039215
-0.039238
-0.039261
-0.039283
-0.039306
-0.039329
-0.039352
-0.039374
-0.039397
-0.039419
-0.039442
-0.039464
-0.039486
-0.039509
-0.039531
-0.039553
-0.039575
-0.039597
-0.039619
-0.039641
-0.039663
-0.039685
-0.039707
-0.039729
-0.039750
-0.039772
-0.039794
-0.039815
-0.039837
-0.039858
-0.039880
-0.039901
-0.039922
-0.039944
-0.039965
-0.039986
-0.040007
-0.040028
-0.040049
-0.040070
-0.040091
-0.040112
-0.040133
-0.040154
-0.040175
-0.040195
-0.040216
-0.040237
-0.040257
-0.040278
-0.040298
-0.040319
-0.040339
-0.040360
-0.040380
-0.040400
-0.040421
-0.040441
-0.040461
-0.040481
-0.040501
-0.040521
-0.040541
-0.040561
-0.040581
-0.040601
-0.040621
-0.040641
-0.040660
-0.040680
-0.040700
-0.040719
-0.040739
-0.040759
-0.040778
-0.040797
-0.040817
-0.040836
-0.040856
-0.040875
-0.040894
-0.040913
-0.040933
-0.040952
-0.040971
-0.040990
-0.041009
-0.041028
-0.041047
-0.041066
-0.041085
-0.041104
-0.041122
-0.041141
-0.041160
-0.041179
-0.041197
-0.041216
-0.041235
-0.041253
-0.041272
-0.041290
-0.041309
-0.041327
-0.041345
-0.041364
-0.041382
-0.041400
-0.041418
-0.041437
-0.041455
-0.041473
-0.041491
-0.041509
-0.041527
-0.041545
-0.041563
-0.041581
-0.041599
-0.041616
-0.041634
-0.041652
-0.041670
-0.041687
-0.041705
-0.041723
-0.041740
-0.041758
-0.041775
-0.041793
-0.041810
-0.041828
-0.041845
-0.041862
-0.041880
-0.041897
-0.041914
-0.041932
-0.041949
-0.041966
-0.041983
-0.042000
-0.042017
-0.042034
-0.042051
-0.042068
-0.042085
-0.042102
-0.042119
-0.042135
-0.042152
-0.042169
-0.042186
-0.042202
-0.042219
-0.042236
-0.042252
-0.042269
-0.042285
-0.042302
-0.042318
-0.042335
-0.042351
-0.042368
-0.042384
-0.042400
-0.042416
-0.042433
-0.042449
-0.042465
-0.042481
-0.042497
-0.042513
-0.042529
-0.042545
-0.042561
-0.042577
-0.042593
-0.042609
-0.042625
-0.042641
-0.042657
-0.042673
-0.042688
-0.042704
-0.042720
-0.042735
-0.042751
-0.042767
-0.042782
-0.042798
-0.042813
-0.042829
-0.042844
-0.042859
-0.042875
-0.042890
-0.042905
-0.042921
-0.042936
-0.042951
-0.042966
-0.042982
-0.042997
-0.043012
-0.043027
-0.043042
-0.043057
-0.043072
-0.043087
-0.043102
-0.043117
-0.043132
-0.043147
-0.043161
-0.043176
-0.043191
-0.043206
-0.043220
-0.043235
-0.043250
-0.043264
-0.043279
-0.043294
-0.043308
-0.043323
-0.043337
-0.043351
-0.043366
-0.043380
-0.043395
-0.043409
-0.043423
-0.043438
-0.043452
-0.043466
-0.043480
-0.043494
-0.043509
-0.043523
-0.043537
-0.043551
-0.043565
-0.043579
-0.043593
-0.043607
-0.043621
-0.043635
-0.043648
-0.043662
-0.043676
-0.043690
-0.043704
-0.043717
-0.043731
-0.043745
-0.043758
-0.043772
-0.043786
-0.043799
-0.043813
-0.043826
-0.043840
-0.043853
-0.043867
-0.043880
-0.043893
-0.043907
-0.043920
-0.043933
-0.043947
-0.043960
-0.043973
-0.043986
-0.044000
-0.044013
-0.044026
-0.044039
-0.044052
-0.044065
-0.044078
-0.044091
-0.044104
-0.044117
-0.044130
-0.044143
-0.044156
-0.044168
-0.044181
-0.044194
-0.044207
-0.044219
-0.044232
-0.044245
-0.044258
-0.044270
-0.044283
-0.044295
-0.044308
-0.044320
-0.044333
-0.044345
-0.044358
-0.044370
-0.044383
-0.044395
-0.044407
-0.044420
-0.044432
-0.044444
-0.044457
-0.044469
-0.044481
-0.044493
-0.044505
-0.044518
-0.044530
-0.044542
-0.044554
-0.044566
-0.044578
-0.044590
-0.044602
-0.044614
-0.044626
-0.044638
-0.044650
-0.044661
-0.044673
-0.044685
-0.044697
-0.044709
-0.044720
-0.044732
-0.044744
-0.044755
-0.044767
-0.044779
-0.044790
-0.044802
-0.044813
-0.044825
-0.044836
-0.044848
-0.044859
-0.044871
-0.044882
-0.044893
-0.044905
-0.044916
-0.044927
-0.044939
-0.044950
-0.044961
-0.044973
-0.044984
-0.044995
-0.045006
-0.045017
-0.045028
-0.045039
-0.045050
-0.045061
-0.045073
-0.045084
-0.045094
-0.045105
-0.045116
-0.045127
-0.045138
-0.045149
-0.045160
-0.045171
-0.045182
-0.045192
-0.045203
-0.045214
-0.045224
-0.045235
-0.045246
-0.045257
-0.045267
-0.045278
-0.045288
-0.045299
-0.045309
-0.045320
-0.045330
-0.045341
-0.045351
-0.045362
-0.045372
-0.045383
-0.045393
-0.045403
-0.045414
-0.045424
-0.045434
-0.045445
-0.045455
-0.045465
-0.045475
-0.045485
-0.045496
-0.045506
-0.045516
-0.045526
-0.045536
-0.045546
-0.045556
-0.045566
-0.045576
-0.045586
-0.045596
-0.045606
-0.045616
-0.045626
-0.045636
-0.045646
-0.045655
-0.045665
-0.045675
-0.045685
-0.045695
-0.045704
-0.045714
-0.045724
-0.045733
-0.045743
-0.045753
-0.045762
-0.045772
-0.045782
-0.045791
-0.045801
-0.045810
-0.045820
-0.045829
-0.045839
-0.045848
-0.045858
-0.045867
-0.045876
-0.045886
-0.045895
-0.045904
-0.045914
-0.045923
-0.045932
-0.045942
-0.045951
-0.045960
-0.045969
-0.045978
-0.045988
-0.045997
-0.046006
-0.046015
-0.046024
-0.046033
-0.046042
-0.046051
-0.046060
-0.046069
-0.046078
-0.046087
-0.046096
-0.046105
-0.046114
-0.046123
-0.046132
-0.046141
-0.046149
-0.046158
-0.046167
-0.046176
-0.046185
-0.046193
-0.046202
-0.046211
-0.046219
-0.046228
-0.046237
-0.046245
-0.046254
-0.046263
-0.046271
-0.046280
-0.046288
-0.046297
-0.046305
-0.046314
-0.046322
-0.046331
-0.046339
-0.046348
-0.046356
-0.046365
-0.046373
-0.046381
-0.046390
-0.046398
-0.046406
-0.046415
-0.046423
-0.046431
-0.046439
-0.046448
-0.046456
-0.046464
-0.046472
-0.046480
-0.046489
-0.046497
-0.046505
-0.046513
-0.046521
-0.046529
-0.046537
-0.046545
-0.046553
-0.046561
-0.046569
-0.046577
-0.046585
-0.046593
-0.046601
-0.046609
-0.046617
-0.046625
-0.046632
-0.046640
-0.046648
-0.046656
-0.046664
-0.046672
-0.046679
-0.046687
-0.046695
-0.046703
-0.046710
-0.046718
-0.046726
-0.046733
-0.046741
-0.046749
-0.046756
-0.046764
-0.046771
-0.046779
-0.046786
-0.046794
-0.046801
-0.046809
-0.046816
-0.046824
-0.046831
-0.046839
-0.046846
-0.046854
-0.046861
-0.046868
-0.046876
-0.046883
-0.046891
-0.046898
-0.046905
-0.046913
-0.046920
-0.046927
-0.046934
-0.046942
-0.046949
-0.046956
-0.046963
-0.046970
-0.046978
-0.046985
-0.046992
-0.046999
-0.047006
-0.047013
-0.047020
-0.047027
-0.047034
-0.047041
-0.047048
-0.047055
-0.047062
-0.047069
-0.047076
-0.047083
-0.047090
-0.047097
-0.047104
-0.047111
-0.047118
-0.047125
-0.047132
-0.047139
-0.047145
-0.047152
-0.047159
-0.047166
-0.047173
-0.047179
-0.047186
-0.047193
-0.047200
-0.047206
-0.047213
-0.047220
-0.047226
-0.047233
-0.047240
-0.047246
-0.047253
-0.047260
-0.047266
-0.047273
-0.047279
-0.047286
-0.047292
-0.047299
-0.047305
-0.047312
-0.047318
-0.047325
-0.047331
-0.047338
-0.047344
-0.047351
-0.047357
-0.047364
-0.047370
-0.047376
-0.047383
-0.047389
-0.047395
-0.047402
-0.047408
-0.047414
-0.047421
-0.047427
-0.047433
-0.047439
-0.047446
-0.047452
-0.047458
-0.047464
-0.047471
-0.047477
-0.047483
-0.047489
-0.047495
-0.047501
-0.047508
-0.047514
-0.047520
-0.047526
-0.047532
-0.047538
-0.047544
-0.047550
-0.047556
-0.047562
-0.047568
-0.047574
-0.047580
-0.047586
-0.047592
-0.047598
-0.047604
-0.047610
-0.047616
-0.047622
-0.047628
-0.047633
-0.047639
-0.047645
-0.047651
-0.047657
-0.047663
-0.047669
-0.047674
-0.047680
-0.047686
-0.047692
-0.047697
-0.047703
-0.047709
-0.047715
-0.047720
-0.047726
-0.047732
-0.047737
-0.047743
-0.047749
-0.047754
-0.047760
-0.047766
-0.047771
-0.047777
-0.047783
-0.047788
-0.047794
-0.047799
-0.047805
-0.047810
-0.047816
-0.047821
-0.047827
-0.047832
-0.047838
-0.047843
-0.047849
-0.047854
-0.047860
-0.047865
-0.047871
-0.047876
-0.047881
-0.047887

