0.000000
0.000000
-0.000026
-0.000052
-0.000077
-0.000103
-0.000128
-0.000153
-0.000177
-0.000201
-0.000224
-0.000247
-0.000270
-0.000293
-0.000315
-0.000337
-0.000359
-0.000380
-0.000402
-0.000423
-0.000444
-0.000465
-0.000485
-0.000506
-0.000526
-0.000547
-0.000567
-0.000587
-0.000607
-0.000627
-0.000647
-0.000667
-0.000687
-0.000707
-0.000726
-0.000746
-0.000766
-0.000785
-0.000805
-0.000824
-0.000844
-0.000863
-0.000883
-0.000902
-0.000922
-0.000941
-0.000961
-0.000980
-0.001000
-0.001019
-0.001038
-0.001058
-0.001077
-0.001097
-0.001116
-0.001135
-0.001155
-0.001174
-0.001194
-0.001213
-0.001233
-0.001252
-0.001271
-0.001291
-0.001310
-0.001330
-0.001349
-0.001369
-0.001388
-0.001408
-0.001428
-0.001447
-0.001467
-0.001486
-0.001506
-0.001525
-0.001545
-0.001565
-0.001584
-0.001604
-0.001624
-0.001644
-0.001663
-0.001683
-0.001703
-0.001723
-0.001743
-0.001762
-0.001782
-0.001802
-0.001822
-0.001842
-0.001862
-0.001882
-0.001902
-0.001922
-0.001942
-0.001962
-0.001982
-0.002002
-0.002022
-0.002042
-0.002063
-0.002083
-0.002103
-0.002123
-0.002143
-0.002164
-0.002184
-0.002204
-0.002225
-0.002245
-0.002265
-0.002286
-0.002306
-0.002326
-0.002347
-0.002367
-0.002388
-0.002408
-0.002429
-0.002449
-0.002470
-0.002491
-0.002511
-0.002532
-0.002553
-0.002573
-0.002594
-0.002615
-0.002635
-0.002656
-0.002677
-0.002698
-0.002719
-0.002739
-0.002760
-0.002781
-0.002802
-0.002823
-0.002844
-0.002865
-0.002886
-0.002907
-0.002928
-0.002949
-0.002970
-0.002991
-0.003012
-0.003033
-0.003054
-0.003075
-0.003097
-0.003118
-0.003139
-0.003160
-0.003181
-0.003203
-0.003224
-0.003245
-0.003266
-0.003288
-0.003309
-0.003330
-0.003352
-0.003373
-0.003395
-0.003416
-0.003437
-0.003459
-0.003480
-0.003502
-0.003523
-0.003545
-0.003566
-0.003588
-0.003610
-0.003631
-0.003653
-0.003674
-0.003696
-0.003718
-0.003739
-0.003761
-0.003783
-0.003804
-0.003826
-0.003848
-0.003869
-0.003891
-0.003913
-0.003935
-0.003956
-0.003978
-0.004000
-0.004022
-0.004044
-0.004066
-0.004088
-0.004109
-0.004131
-0.004153
-0.004175
-0.004197
-0.004219
-0.004241
-0.004263
-0.004285
-0.004307
-0.004329
-0.004351
-0.004373
-0.004395
-0.004417
-0.004439
-0.004461
-0.004483
-0.004505
-0.004527
-0.004550
-0.004572
-0.004594
-0.004616
-0.004638
-0.004660
-0.004683
-0.004705
-0.004727
-0.004749
-0.004771
-0.004794
-0.004816
-0.004838
-0.004860
-0.004883
-0.004905
-0.004927
-0.004949
-0.004972
-0.004994
-0.005016
-0.005039
-0.005061
-0.005083
-0.005106
-0.005128
-0.005150
-0.005173
-0.005195
-0.005218
-0.005240
-0.005262
-0.005285
-0.005307
-0.005330
-0.005352
-0.005375
-0.005397
-0.005419
-0.005442
-0.005464
-0.005487
-0.005509
-0.005532
-0.005554
-0.005577
-0.005599
-0.005622
-0.005644
-0.005667
-0.005690
-0.005712
-0.005735
-0.005757
-0.005780
-0.005802
-0.005825
-0.005847
-0.005870
-0.005893
-0.005915
-0.005938
-0.005960
-0.005983
-0.006006
-0.006028
-0.006051
-0.006073
-0.006096
-0.006119
-0.006141
-0.006164
-0.006187
-0.006209
-0.006232
-0.006255
-0.006277
-0.006300
-0.006323
-0.006345
-0.006368
-0.006391
-0.006413
-0.006436
-0.006459
-0.006482
-0.006504
-0.006527
-0.006550
-0.006572
-0.006595
-0.006618
-0.006641
-0.006663
-0.006686
-0.006709
-0.006731
-0.006754
-0.006777
-0.006800
-0.006822
-0.006845
-0.006868
-0.006891
-0.006913
-0.006936
-0.006959
-0.006982
-0.007004
-0.007027
-0.007050
-0.007073
-0.007095
-0.007118
-0.007141
-0.007164
-0.007187
-0.007209
-0.007232
-0.007255
-0.007278
-0.007300
-0.007323
-0.007346
-0.007369
-0.007392
-0.007414
-0.007437
-0.007460
-0.007483
-0.007505
-0.007528
-0.007551
-0.007574
-0.007597
-0.007619
-0.007642
-0.007665
-0.007688
-0.007711
-0.007733
-0.007756
-0.007779
-0.007802
-0.007825
-0.007847
-0.007870
-0.007893
-0.007916
-0.007939
-0.007961
-0.007984
-0.008007
-0.008030
-0.008052
-0.008075
-0.008098
-0.008121
-0.008144
-0.008166
-0.008189
-0.008212
-0.008235
-0.008258
-0.008280
-0.008303
-0.008326
-0.008349
-0.008371
-0.008394
-0.008417
-0.008440
-0.008462
-0.008485
-0.008508
-0.008531
-0.008554
-0.008576
-0.008599
-0.008622
-0.008645
-0.008667
-0.008690
-0.008713
-0.008736
-0.008758
-0.008781
-0.008804
-0.008827
-0.008849
-0.008872
-0.008895
-0.008917
-0.008940
-0.008963
-0.008986
-0.009008
-0.009031
-0.009054
-0.009077
-0.009099
-0.009122
-0.009145
-0.009167
-0.009190
-0.009213
-0.009235
-0.009258
-0.009281
-0.009304
-0.009326
-0.009349
-0.009372
-0.009394
-0.009417
-0.009440
-0.009462
-0.009485
-0.009508
-0.009530
-0.009553
-0.009576
-0.009598
-0.009621
-0.009643
-0.009666
-0.009689
-0.009711
-0.009734
-0.009757
-0.009779
-0.009802
-0.009824
-0.009847
-0.009870
-0.009892
-0.009915
-0.009937
-0.009960
-0.009983
-0.010005
-0.010028
-0.010050
-0.010073
-0.010095
-0.010118
-0.010141
-0.010163
-0.010186
-0.010208
-0.010231
-0.010253
-0.010276
-0.010298
-0.010321
-0.010343
-0.010366
-0.010388
-0.010411
-0.010433
-0.010456
-0.010478
-0.010501
-0.010523
-0.010546
-0.010568
-0.010591
-0.010613
-0.010636
-0.010658
-0.010680
-0.010703
-0.010725
-0.010748
-0.010770
-0.010793
-0.010815
-0.010837
-0.010860
-0.010882
-0.010905
-0.010927
-0.010949
-0.010972
-0.010994
-0.011017
-0.011039
-0.011061
-0.011084
-0.011106
-0.011128
-0.011151
-0.011173
-0.011195
-0.011218
-0.011240
-0.011262
-0.011285
-0.011307
-0.011329
-0.011351
-0.011374
-0.011396
-0.011418
-0.011440
-0.011463
-0.011485
-0.011507
-0.011529
-0.011552
-0.011574
-0.011596
-0.011618
-0.011641
-0.011663
-0.011685
-0.011707
-0.011729
-0.011752
-0.011774
-0.011796
-0.011818
-0.011840
-0.011862
-0.011884
-0.011907
-0.011929
-0.011951
-0.011973
-0.011995
-0.012017
-0.012039
-0.012061
-0.012083
-0.012106
-0.012128
-0.012150
-0.012172
-0.012194
-0.012216
-0.012238
-0.012260
-0.012282
-0.012304
-0.012326
-0.012348
-0.012370
-0.012392
-0.012414
-0.012436
-0.012458
-0.012480
-0.012502
-0.012524
-0.012546
-0.012568
-0.012590
-0.012612
-0.012634
-0.012655
-0.012677
-0.012699
-0.012721
-0.012743
-0.012765
-0.012787
-0.012809
-0.012831
-0.012852
-0.012874
-0.012896
-0.012918
-0.012940
-0.012962
-0.012983
-0.013005
-0.013027
-0.013049
-0.013070
-0.013092
-0.013114
-0.013136
-0.013158
-0.013179
-0.013201
-0.013223
-0.013244
-0.013266
-0.013288
-0.013310
-0.013331
-0.013353
-0.013375
-0.013396
-0.013418
-0.013440
-0.013461
-0.013483
-0.013505
-0.013526
-0.013548
-0.013569
-0.013591
-0.013613
-0.013634
-0.013656
-0.013677
-0.013699
-0.013721
-0.013742
-0.013764
-0.013785
-0.013807
-0.013828
-0.013850
-0.013871
-0.013893
-0.013914
-0.013936
-0.013957
-0.013979
-0.014000
-0.014022
-0.014043
-0.014065
-0.014086
-0.014107
-0.014129
-0.014150
-0.014172
-0.014193
-0.014214
-0.014236
-0.014257
-0.014278
-0.014300
-0.014321
-0.014343
-0.014364
-0.014385
-0.014406
-0.014428
-0.014449
-0.014470
-0.014492
-0.014513
-0.014534
-0.014555
-0.014577
-0.014598
-0.014619
-0.014640
-0.014662
-0.014683
-0.014704
-0.014725
-0.014746
-0.014768
-0.014789
-0.014810
-0.014831
-0.014852
-0.014873
-0.014894
-0.014916
-0.014937
-0.014958
-0.014979
-0.015000
-0.015021
-0.015042
-0.015063
-0.015084
-0.015105
-0.015126
-0.015147
-0.015168
-0.015189
-0.015210
-0.015231
-0.015252
-0.015273
-0.015294
-0.015315
-0.015336
-0.015357
-0.015378
-0.015399
-0.015420
-0.015441
-0.015462
-0.015483
-0.015504
-0.015524
-0.015545
-0.015566
-0.015587
-0.015608
-0.015629
-0.015650
-0.015670
-0.015691
-0.015712
-0.015733
-0.015754
-0.015774
-0.015795
-0.015816
-0.015837
-0.015857
-0.015878
-0.015899
-0.015920
-0.015940
-0.015961
-0.015982
-0.016002
-0.016023
-0.016044
-0.016064
-0.016085
-0.016106
-0.016126
-0.016147
-0.016168
-0.016188
-0.016209
-0.016229
-0.016250
-0.016271
-0.016291
-0.016312
-0.016332
-0.016353
-0.016373
-0.016394
-0.016414
-0.016435
-0.016455
-0.016476
-0.016496
-0.016517
-0.016537
-0.016558
-0.016578
-0.016599
-0.016619
-0.016639
-0.016660
-0.016680
-0.016701
-0.016721
-0.016741
-0.016762
-0.016782
-0.016802
-0.016823
-0.016843
-0.016863
-0.016884
-0.016904
-0.016924
-0.016945
-0.016965
-0.016985
-0.017005
-0.017026
-0.017046
-0.017066
-0.017086
-0.017107
-0.017127
-0.017147
-0.017167
-0.017187
-0.017207
-0.017228
-0.017248
-0.017268
-0.017288
-0.017308
-0.017328
-0.017348
-0.017369
-0.017389
-0.017409
-0.017429
-0.017449
-0.017469
-0.017489
-0.017509
-0.017529
-0.017549
-0.017569
-0.017589
-0.017609
-0.017629
-0.017649
-0.017669
-0.017689
-0.017709
-0.017729
-0.017749
-0.017769
-0.017789
-0.017808
-0.017828
-0.017848
-0.017868
-0.017888
-0.017908
-0.017928
-0.017948
-0.017967
-0.017987
-0.018007
-0.018027
-0.018047
-0.018066
-0.018086
-0.018106
-0.018126
-0.018145
-0.018165
-0.018185
-0.018205
-0.018224
-0.018244
-0.018264
-0.018284
-0.018303
-0.018323
-0.018343
-0.018362
-0.018382
-0.018401
-0.018421
-0.018441
-0.018460
-0.018480
-0.018500
-0.018519
-0.018539
-0.018558
-0.018578
-0.018597
-0.018617
-0.018636
-0.018656
-0.018675
-0.018695
-0.018714
-0.018734
-0.018753
-0.018773
-0.018792
-0.018812
-0.018831
-0.018851
-0.018870
-0.018889
-0.018909
-0.018928
-0.018948
-0.018967
-0.018986
-0.019006
-0.019025
-0.019044
-0.019064
-0.019083
-0.019102
-0.019122
-0.019141
-0.019160
-0.019179
-0.019199
-0.019218
-0.019237
-0.019256
-0.019276
-0.019295
-0.019314
-0.019333
-0.019353
-0.019372
-0.019391
-0.019410
-0.019429
-0.019448
-0.019468
-0.019487
-0.019506
-0.019525
-0.019544
-0.019563
-0.019582
-0.019601
-0.019620
-0.019639
-0.019658
-0.019677
-0.019696
-0.019715
-0.019734
-0.019753
-0.019772
-0.019791
-0.019810
-0.019829
-0.019848
-0.019867
-0.019886
-0.019905
-0.019924
-0.019943
-0.019962
-0.019981
-0.020000
-0.020019
-0.020037
-0.020056
-0.020075
-0.020094
-0.020113
-0.020132
-0.020150
-0.020169
-0.020188
-0.020207
-0.020226
-0.020244
-0.020263
-0.020282
-0.020301
-0.020319
-0.020338
-0.020357
-0.020375
-0.020394
-0.020413
-0.020432
-0.020450
-0.020469
-0.020488
-0.020506
-0.020525
-0.020543
-0.020562
-0.020581
-0.020599
-0.020618
-0.020636
-0.020655
-0.020674
-0.020692
-0.020711
-0.020729
-0.020748
-0.020766
-0.020785
-0.020803
-0.020822
-0.020840
-0.020859
-0.020877
-0.020895
-0.020914
-0.020932
-0.020951
-0.020969
-0.020988
-0.021006
-0.021024
-0.021043
-0.021061
-0.021079
-0.021098
-0.021116
-0.021135
-0.021153
-0.021171
-0.021189
-0.021208
-0.021226
-0.021244
-0.021263
-0.021281
-0.021299
-0.021317
-0.021336
-0.021354
-0.021372
-0.021390
-0.021408
-0.021427
-0.021445
-0.021463
-0.021481
-0.021499
-0.021517
-0.021536
-0.021554
-0.021572
-0.021590
-0.021608
-0.021626
-0.021644
-0.021662
-0.021680
-0.021698
-0.021716
-0.021734
-0.021752
-0.021770
-0.021788
-0.021806
-0.021824
-0.021842
-0.021860
-0.021878
-0.021896
-0.021914
-0.021932
-0.021950
-0.021968
-0.021986
-0.022004
-0.022022
-0.022040
-0.022058
-0.022075
-0.022093
-0.022111
-0.022129
-0.022147
-0.022165
-0.022182
-0.022200
-0.022218
-0.022236
-0.022254
-0.022271
-0.022289
-0.022307
-0.022325
-0.022342
-0.022360
-0.022378
-0.022395
-0.022413
-0.022431
-0.022448
-0.022466
-0.022484
-0.022501
-0.022519
-0.022537
-0.022554
-0.022572
-0.022590
-0.022607
-0.022625
-0.022642
-0.022660
-0.022677
-0.022695
-0.022713
-0.022730
-0.022748
-0.022765
-0.022783
-0.022800
-0.022818
-0.022835
-0.022853
-0.022870
-0.022887
-0.022905
-0.022922
-0.022940
-0.022957
-0.022975
-0.022992
-0.023009
-0.023027
-0.023044
-0.023062
-0.023079
-0.023096
-0.023114
-0.023131
-0.023148
-0.023166
-0.023183
-0.023200
-0.023217
-0.023235
-0.023252
-0.023269
-0.023286
-0.023304
-0.023321
-0.023338
-0.023355
-0.023373
-0.023390
-0.023407
-0.023424
-0.023441
-0.023458
-0.023476
-0.023493
-0.023510
-0.023527
-0.023544
-0.023561
-0.023578
-0.023595
-0.023613
-0.023630
-0.023647
-0.023664
-0.023681
-0.023698
-0.023715
-0.023732
-0.023749
-0.023766
-0.023783
-0.023800
-0.023817
-0.023834
-0.023851
-0.023868
-0.023885
-0.023902
-0.023919
-0.023935
-0.023952
-0.023969
-0.023986
-0.024003
-0.024020
-0.024037
-0.024054
-0.024070
-0.024087
-0.024104
-0.024121
-0.024138
-0.024155
-0.024171
-0.024188
-0.024205
-0.024222
-0.024238
-0.024255
-0.024272
-0.024289
-0.024305
-0.024322
-0.024339
-0.024356
-0.024372
-0.024389
-0.024406
-0.024422
-0.024439
-0.024456
-0.024472
-0.024489
-0.024505
-0.024522
-0.024539
-0.024555
-0.024572
-0.024588
-0.024605
-0.024622
-0.024638
-0.024655
-0.024671
-0.024688
-0.024704
-0.024721
-0.024737
-0.024754
-0.024770
-0.024787
-0.024803
-0.024820
-0.024836
-0.024852
-0.024869
-0.024885
-0.024902
-0.024918
-0.024935
-0.024951
-0.024967
-0.024984
-0.025000
-0.025016
-0.025033
-0.025049
-0.025065
-0.025082
-0.025098
-0.025114
-0.025131
-0.025147
-0.025163
-0.025179
-0.025196
-0.025212
-0.025228
-0.025244
-0.025261
-0.025277
-0.025293
-0.025309
-0.025326
-0.025342
-0.025358
-0.025374
-0.025390
-0.025406
-0.025423
-0.025439
-0.025455
-0.025471
-0.025487
-0.025503
-0.025519
-0.025535
-0.025551
-0.025567
-0.025583
-0.025600
-0.025616
-0.025632
-0.025648
-0.025664
-0.025680
-0.025696
-0.025712
-0.025728
-0.025744
-0.025760
-0.025775
-0.025791
-0.025807
-0.025823
-0.025839
-0.025855
-0.025871
-0.025887
-0.025903
-0.025919
-0.025935
-0.025950
-0.025966
-0.025982
-0.025998
-0.026014
-0.026030
-0.026045
-0.026061
-0.026077
-0.026093
-0.026109
-0.026124
-0.026140
-0.026156
-0.026172
-0.026187
-0.026203
-0.026219
-0.026235
-0.026250
-0.026266
-0.026282
-0.026297
-0.026313
-0.026329
-0.026344
-0.026360
-0.026376
-0.026391
-0.026407
-0.026422
-0.026438
-0.026454
-0.026469
-0.026485
-0.026500
-0.026516
-0.026532
-0.026547
-0.026563
-0.026578
-0.026594
-0.026609
-0.026625
-0.026640
-0.026656
-0.026671
-0.026687
-0.026702
-0.026718
-0.026733
-0.026748
-0.026764
-0.026779
-0.026795
-0.026810
-0.026825
-0.026841
-0.026856
-0.026872
-0.026887
-0.026902
-0.026918
-0.026933
-0.026948
-0.026964
-0.026979
-0.026994
-0.027010
-0.027025
-0.027040
-0.027055
-0.027071
-0.027086
-0.027101
-0.027116
-0.027132
-0.027147
-0.027162
-0.027177
-0.027193
-0.027208
-0.027223
-0.027238
-0.027253
-0.027268
-0.027284
-0.027299
-0.027314
-0.027329
-0.027344
-0.027359
-0.027374
-0.027389
-0.027405
-0.027420
-0.027435
-0.027450
-0.027465
-0.027480
-0.027495
-0.027510
-0.027525
-0.027540
-0.027555
-0.027570
-0.027585
-0.027600
-0.027615
-0.027630
-0.027645
-0.027660
-0.027675
-0.027690
-0.027705
-0.027720
-0.027734
-0.027749
-0.027764
-0.027779
-0.027794
-0.027809
-0.027824
-0.027839
-0.027853
-0.027868
-0.027883
-0.027898
-0.027913
-0.027928
-0.027942
-0.027957
-0.027972
-0.027987
-0.028001
-0.028016
-0.028031
-0.028046
-0.028060
-0.028075
-0.028090
-0.028105
-0.028119
-0.028134
-0.028149
-0.028163
-0.028178
-0.028193
-0.028207
-0.028222
-0.028237
-0.028251
-0.028266
-0.028281
-0.028295
-0.028310
-0.028324
-0.028339
-0.028353
-0.028368
-0.028383
-0.028397
-0.028412
-0.028426
-0.028441
-0.028455
-0.028470
-0.028484
-0.028499
-0.028513
-0.028528
-0.028542
-0.028557
-0.028571
-0.028586
-0.028600
-0.028614
-0.028629
-0.028643
-0.028658
-0.028672
-0.028687
-0.028701
-0.028715
-0.028730
-0.028744
-0.028758
-0.028773
-0.028787
-0.028801
-0.028816
-0.028830
-0.028844
-0.028859
-0.028873
-0.028887
-0.028902
-0.028916
-0.028930
-0.028944
-0.028959
-0.028973
-0.028987
-0.029001
-0.029015
-0.029030
-0.029044
-0.029058
-0.029072
-0.029086
-0.029101
-0.029115
-0.029129
-0.029143
-0.029157
-0.029171
-0.029185
-0.029200
-0.029214
-0.029228
-0.029242
-0.029256
-0.029270
-0.029284
-0.029298
-0.029312
-0.029326
-0.029340
-0.029354
-0.029368
-0.029382
-0.029396
-0.029410
-0.029424
-0.029438
-0.029452
-0.029466
-0.029480
-0.029494
-0.029508
-0.029522
-0.029536
-0.029550
-0.029564
-0.029578
-0.029592
-0.029606
-0.029620
-0.029633
-0.029647
-0.029661
-0.029675
-0.029689
-0.029703
-0.029717
-0.029730
-0.029744
-0.029758
-0.029772
-0.029786
-0.029799
-0.029813
-0.029827
-0.029841
-0.029854
-0.029868
-0.029882
-0.029896
-0.029909
-0.029923
-0.029937
-0.029951
-0.029964
-0.029978
-0.029992
-0.030005
-0.030019
-0.030033
-0.030046
-0.030060
-0.030074
-0.030087
-0.030101
-0.030114
-0.030128
-0.030142
-0.030155
-0.030169
-0.030182
-0.030196
-0.030209
-0.030223
-0.030237
-0.030250
-0.030264
-0.030277
-0.030291
-0.030304
-0.030318
-0.030331
-0.030345
-0.030358
-0.030372
-0.030385
-0.030399
-0.030412
-0.030425
-0.030439
-0.030452
-0.030466
-0.030479
-0.030493
-0.030506
-0.030519
-0.030533
-0.030546
-0.030559
-0.030573
-0.030586
-0.030600
-0.030613
-0.030626
-0.030640
-0.030653
-0.030666
-0.030679
-0.030693
-0.030706
-0.030719
-0.030733
-0.030746
-0.030759
-0.030772
-0.030786
-0.030799
-0.030812
-0.030825
-0.030839
-0.030852
-0.030865
-0.030878
-0.030891
-0.030905
-0.030918
-0.030931
-0.030944
-0.030957
-0.030970
-0.030983
-0.030997
-0.031010
-0.031023
-0.031036
-0.031049
-0.031062
-0.031075
-0.031088
-0.031101
-0.031114
-0.031127
-0.031140
-0.031154
-0.031167
-0.031180
-0.031193
-0.031206
-0.031219
-0.031232
-0.031245
-0.031258
-0.031271
-0.031284
-0.031296
-0.031309
-0.031322
-0.031335
-0.031348
-0.031361
-0.031374
-0.031387
-0.031400
-0.031413
-0.031426
-0.031439
-0.031451
-0.031464
-0.031477
-0.031490
-0.031503
-0.031516
-0.031529
-0.031541
-0.031554
-0.031567
-0.031580
-0.031593
-0.031605
-0.031618
-0.031631
-0.031644
-0.031656
-0.031669
-0.031682
-0.031695
-0.031707
-0.031720
-0.031733
-0.031746
-0.031758
-0.031771
-0.031784
-0.031796
-0.031809
-0.031822
-0.031834
-0.031847
-0.031860
-0.031872
-0.031885
-0.031898
-0.031910
-0.031923
-0.031935
-0.031948
-0.031961
-0.031973
-0.031986
-0.031998
-0.032011
-0.032023
-0.032036
-0.032049
-0.032061
-0.032074
-0.032086
-0.032099
-0.032111
-0.032124
-0.032136
-0.032149
-0.032161
-0.032174
-0.032186
-0.032199
-0.032211
-0.032223
-0.032236
-0.032248
-0.032261
-0.032273
-0.032286
-0.032298
-0.032310
-0.032323
-0.032335
-0.032347
-0.032360
-0.032372
-0.032385
-0.032397
-0.032409
-0.032422
-0.032434
-0.032446
-0.032459
-0.032471
-0.032483
-0.032495
-0.032508
-0.032520
-0.032532
-0.032545
-0.032557
-0.032569
-0.032581
-0.032594
-0.032606
-0.032618
-0.032630
-0.032642
-0.032655
-0.032667
-0.032679
-0.032691
-0.032703
-0.032716
-0.032728
-0.032740
-0.032752
-0.032764
-0.032776
-0.032788
-0.032800
-0.032813
-0.032825
-0.032837
-0.032849
-0.032861
-0.032873
-0.032885
-0.032897
-0.032909
-0.032921
-0.032933
-0.032945
-0.032957
-0.032969
-0.032981
-0.032993
-0.033005
-0.033017
-0.033029
-0.033041
-0.033053
-0.033065
-0.033077
-0.033089
-0.033101
-0.033113
-0.033125
-0.033137
-0.033149
-0.033161
-0.033173
-0.033185
-0.033197
-0.033209
-0.033220
-0.033232
-0.033244
-0.033256
-0.033268
-0.033280
-0.033292
-0.033303
-0.033315
-0.033327
-0.033339
-0.033351
-0.033362
-0.033374
-0.033386
-0.033398
-0.033410
-0.033421
-0.033433
-0.033445
-0.033457
-0.033468
-0.033480
-0.033492
-0.033504
-0.033515
-0.033527
-0.033539
-0.033550
-0.033562
-0.033574
-0.033585
-0.033597
-0.033609
-0.033620
-0.033632
-0.033644
-0.033655
-0.033667
-0.033679
-0.033690
-0.033702
-0.033713
-0.033725
-0.033737
-0.033748
-0.033760
-0.033771
-0.033783
-0.033795
-0.033806
-0.033818
-0.033829
-0.033841
-0.033852
-0.033864
-0.033875
-0.033887
-0.033898
-0.033910
-0.033921
-0.033933
-0.033944
-0.033956
-0.033967
-0.033979
-0.033990
-0.034001
-0.034013
-0.034024
-0.034036
-0.034047
-0.034059
-0.034070
-0.034081
-0.034093
-0.034104
-0.034116
-0.034127
-0.034138
-0.034150
-0.034161
-0.034172
-0.034184
-0.034195
-0.034206
-0.034218
-0.034229
-0.034240
-0.034252
-0.034263
-0.034274
-0.034285
-0.034297
-0.034308
-0.034319
-0.034330
-0.034342
-0.034353
-0.034364
-0.034375
-0.034387
-0.034398
-0.034409
-0.034420
-0.034431
-0.034443
-0.034454
-0.034465
-0.034476
-0.034487
-0.034498
-0.034510
-0.034521
-0.034532
-0.034543
-0.034554
-0.034565
-0.034576
-0.034588
-0.034599
-0.034610
-0.034621
-0.034632
-0.034643
-0.034654
-0.034665
-0.034676
-0.034687
-0.034698
-0.034709
-0.034720
-0.034731
-0.034742
-0.034753
-0.034764
-0.034775
-0.034786
-0.034797
-0.034808
-0.034819
-0.034830
-0.034841
-0.034852
-0.034863
-0.034874
-0.034885
-0.034896
-0.034907
-0.034918
-0.034929
-0.034940
-0.034950
-0.034961
-0.034972
-0.034983
-0.034994
-0.035005
-0.035016
-0.035027
-0.035037
-0.035048
-0.035059
-0.035070
-0.035081
-0.035092
-0.035102
-0.035113
-0.035124
-0.035135
-0.035146
-0.035156
-0.035167
-0.035178
-0.035189
-0.035199
-0.035210
-0.035221
-0.035232
-0.035242
-0.035253
-0.035264
-0.035275
-0.035285
-0.035296
-0.035307
-0.035317
-0.035328
-0.035339
-0.035349
-0.035360
-0.035371
-0.035381
-0.035392
-0.035403
-0.035413
-0.035424
-0.035435
-0.035445
-0.035456
-0.035466
-0.035477
-0.035488
0.468185
1.250686
2.169857
2.797739
3.239213
3.558906
3.794710
3.969922
4.099558
4.193768
4.255851
4.292976
4.310337
4.311798
4.300338
4.278317
4.247641
4.209878
4.166325
4.118077
4.066043
4.010991
3.953579
3.894357
3.833793
3.772282
3.710172
3.647741
3.585229
3.522852
3.460773
3.399137
3.338078
3.277686
3.218047
3.159240
3.101313
3.044312
2.988281
2.933242
2.879217
2.826224
2.774271
2.723364
2.673503
2.624692
2.576923
2.530189
2.484481
2.439792
2.396108
2.353416
2.311700
2.270945
2.231142
2.192270
2.154311
2.117248
2.081064
2.045747
2.011275
1.977630
1.944794
1.912750
1.881483
1.850975
1.821208
1.792165
1.763828
1.736181
1.709209
1.682897
1.657228
1.632186
1.607756
1.583922
1.560670
1.537985
1.515853
1.494263
1.473199
1.452648
1.432597
1.413033
1.393943
1.375315
1.357137
1.339397
1.322085
1.305192
1.288704
1.272611
1.256902
1.241568
1.226599
1.211984
1.197715
1.183783
1.170178
1.156892
1.657744
2.445024
3.374760
4.026400
4.497817
4.849672
5.117655
5.323747
5.482294
5.603115
5.684874
5.736766
5.765313
5.775213
5.770015
5.752485
5.724844
5.688890
5.646106
5.597731
5.544821
5.488249
5.428756
5.366970
5.303459
5.238653
5.172939
5.106680
5.040128
4.973538
4.907104
4.840990
4.775361
4.710323
4.645975
4.582419
4.519711
4.457903
4.397060
4.337205
4.278362
4.220568
4.163828
4.108148
4.053532
4.000005
3.947546
3.896147
3.845816
3.796536
3.748293
3.701073
3.654877
3.609682
3.565469
3.522222
3.479928
3.438578
3.398144
3.358609
3.319954
3.282171
3.245236
3.209130
3.173834
3.139330
3.105599
3.072638
3.040418
3.008922
2.978132
2.948032
2.918604
2.889844
2.861727
2.834237
2.807358
2.781075
2.755372
2.730237
2.705662
2.681628
2.658120
2.635125
2.612630
2.590621
2.569086
2.548014
2.527395
2.507218
2.487470
2.468139
2.449215
2.430686
2.412541
2.394772
2.377368
2.360319
2.343616
2.327256
2.311225
2.295514
2.280116
2.265021
2.250222
2.235709
2.221477
2.207517
2.193823
2.180386
2.167201
2.154260
2.141560
2.129094
2.116854
2.104835
2.093029
2.081433
2.070039
2.058843
2.047839
2.037022
2.026387
2.015930
2.005645
1.995528
1.985574
1.975780
1.966141
1.956652
1.947313
1.938117
1.929062
1.920142
1.911355
1.902697
1.894164
1.885753
1.877461
1.869285
1.861221
1.853268
1.845421
1.837678
1.830036
1.822493
1.815046
1.807693
1.800431
1.793258
1.786172
1.779170
1.772250
1.765410
1.758649
1.751965
1.745356
1.738819
1.732354
1.725957
1.719628
1.713364
1.707164
1.701026
1.694949
1.688931
1.682971
1.677067
1.671218
1.665423
1.659680
1.653988
1.648345
1.642751
1.637205
1.631705
1.626250
1.620839
1.615472
1.610146
1.604862
1.599617
1.594412
1.589246
1.584116
1.579024
1.573967
1.568946
1.563958
1.559004
1.554084
1.549196
1.544340
1.539515
1.534720
1.529954
1.525218
1.520510
1.515829
1.511175
1.506548
1.501947
1.497372
1.492821
1.488295
1.483793
1.479314
1.474859
1.470426
1.466015
1.461626
1.457258
1.452911
1.448585
1.444279
1.439992
1.435726
1.431478
1.427249
1.423039
1.418847
1.414672
1.410516
1.406376
1.402254
1.398148
1.394059
1.389986
1.385930
1.381888
1.377863
1.373852
1.369857
1.365876
1.361910
1.357959
1.354021
1.350099
1.346191
1.342296
1.338415
1.334548
1.330693
1.326852
1.323024
1.319208
1.315404
1.311614
1.307835
1.304068
1.300314
1.296571
1.292840
1.289120
1.285412
1.281715
1.278030
1.274355
1.270691
1.267039
1.263397
1.259765
1.256144
1.252534
1.248934
1.245344
1.241765
1.238195
1.234636
1.231086
1.227547
1.224017
1.220496
1.216986
1.213485
1.209993
1.206511
1.203038
1.199574
1.196120
1.192675
1.189239
1.185812
1.182394
1.178984
1.175584
1.172192
1.168810
1.165436
1.162070
1.158713
1.155365
1.152025
1.148695
1.145372
1.142059
1.138754
1.135457
1.132168
1.128888
1.125616
1.122352
1.119097
1.115849
1.112609
1.109378
1.106154
1.102939
1.099731
1.096531
1.093339
1.090155
1.086978
1.083809
1.080648
1.077495
1.074349
1.071211
1.068081
1.064958
1.061842
1.058734
1.055634
1.052541
1.049455
1.046377
1.043307
1.040243
1.037187
1.034139
1.031097
1.028063
1.025036
1.022017
1.019004
1.015999
1.013001
1.010010
1.007026
1.004050
1.001080
0.998118
0.995162
0.992214
0.989273
0.986338
0.983411
0.980490
0.977577
0.974670
0.971771
0.968878
0.965992
0.963113
0.960241
0.957376
0.954517
0.951666
0.948821
0.945983
0.943152
0.940328
0.937511
0.934700
0.931897
0.929100
0.926310
0.923526
0.920749
0.917979
0.915215
0.912458
0.909708
0.906964
0.904226
0.901496
0.898771
0.896054
0.893342
0.890638
0.887939
0.885248
0.882562
0.879883
0.877211
0.874545
0.871885
0.869232
0.866585
0.863944
0.861310
0.858682
0.856061
0.853445
0.850836
0.848234
0.845637
0.843047
0.840463
0.837885
0.835314
0.832749
0.830190
0.827637
0.825090
0.822550
0.820015
0.817487
0.814965
0.812449
0.809939
0.807435
0.804937
0.802446
0.799960
0.797481
0.795007
0.792540
0.790078
0.787623
0.785173
0.782729
0.780292
0.777860
0.775435
0.773015
0.770601
0.768193
0.765791
0.763395
0.761005
0.758621
0.756242
0.753869
0.751503
0.749141
0.746786
0.744437
0.742093
0.739756
0.737424
0.735098
0.732778
0.730464
0.728155
0.725852
0.723555
0.721264
0.718978
0.716698
0.714424
0.712155
0.709892
0.707634
0.705383
0.703136
0.700896
0.698661
0.696431
0.694207
0.691989
0.689776
0.687569
0.685367
0.683171
0.680980
0.678795
0.676615
0.674441
0.672272
0.670108
0.667950
0.665798
0.663650
0.661509
0.659372
0.657241
0.655116
0.652995
0.650880
0.648771
0.646666
0.644568
0.642474
0.640385
0.638302
0.636225
0.634152
0.632085
0.630023
0.627966
0.625914
0.623868
0.621827
0.619791
0.617760
0.615734
0.613714
0.611699
0.609688
0.607683
0.605683
0.603689
0.601699
0.599714
0.597735
0.595760
0.593791
0.591826
0.589867
0.587913
0.585963
0.584019
0.582080
0.580145
0.578216
0.576292
0.574372
0.572458
0.570548
0.568644
0.566744
0.564849
0.562959
0.561074
0.559194
0.557319
0.555448
0.553583
0.551722
0.549866
0.548015
0.546169
0.544327
0.542491
0.540659
0.538832
0.537009
0.535192
0.533379
0.531571
0.529768
0.527969
0.526176
0.524387
0.522602
0.520823
0.519048
0.517277
0.515511
0.513750
0.511994
0.510242
0.508495
0.506752
0.505014
0.503281
0.501552
0.499827
0.498107
0.496392
0.494681
0.492975
0.491273
0.489576
0.487883
0.486195
0.484511
0.482831
0.481156
0.479486
0.477820
0.476158
0.474501
0.472848
0.471199
0.469555
0.467915
0.466280
0.464649
0.463022
0.461400
0.459782
0.458168
0.456558
0.454953
0.453352
0.451756
0.450163
0.448575
0.446991
0.445412
0.443836
0.442265
0.440698
0.439135
0.437577
0.436022
0.434472
0.432926
0.431384
0.429846
0.428313
0.426783
0.425258
0.423737
0.422219
0.420706
0.419197
0.417692
0.416192
0.414695
0.413202
0.411713
0.410228
0.408748
0.407271
0.405798
0.404330
0.402865
0.401404
0.399947
0.398495
0.397046
0.395601
0.394160
0.392723
0.391289
0.389860
0.388435
0.387013
0.385595
0.384182
0.382772
0.381366
0.379963
0.378565
0.377171
0.375780
0.374393
0.373010
0.371630
0.370255
0.368883
0.367515
0.366151
0.364790
0.363433
0.362080
0.360731
0.359385
0.358043
0.356705
0.355370
0.354039
0.352712
0.351389
0.350069
0.348752
0.347440
0.346131
0.344825
0.343523
0.342225
0.340931
0.339640
0.338352
0.337068
0.335788
0.334511
0.333238
0.331968
0.330702
0.329440
0.328181
0.326925
0.325673
0.324425
0.323180
0.321938
0.320700
0.319466
0.318235
0.317007
0.315783
0.314562
0.313344
0.312130
0.310920
0.309713
0.308509
0.307308
0.306111
0.304917
0.303727
0.302540
0.301356
0.300176
0.298999
0.297825
0.296654
0.295487
0.294323
0.293163
0.292005
0.290851
0.289700
0.288553
0.287409
0.286267
0.285130
0.283995
0.282863
0.281735
0.280610
0.279488
0.278370
0.277254
0.276142
0.275033
0.273926
0.272824
0.271724
0.270627
0.269534
0.268443
0.267356
0.266272
0.265191
0.264113
0.263038
0.261966
0.260897
0.259831
0.258768
0.257709
0.256652
0.255598
0.254548
0.253500
0.252455
0.251414
0.250375
0.249339
0.248307
0.247277
0.246250
0.245226
0.244206
0.243188
0.242173
0.241160
0.240151
0.239145
0.238142
0.237141
0.236144
0.235149
0.234157
0.233168
0.232182
0.231199
0.230218
0.229241
0.228266
0.227294
0.226325
0.225359
0.224395
0.223435
0.222477
0.221522
0.220569
0.219620
0.218673
0.217729
0.216788
0.215849
0.214913
0.213980
0.213050
0.212122
0.211197
0.210275
0.209356
0.208439
0.207525
0.206613
0.205705
0.204798
0.203895
0.202994
0.202096
0.201200
0.200307
0.199417
0.198530
0.197644
0.196762
0.195882
0.195005
0.194130
0.193258
0.192389
0.191522
0.190657
0.189796
0.188936
0.188080
0.187225
0.186374
0.185525
0.184678
0.183834
0.182992
0.182153
0.181316
0.180482
0.179651
0.178822
0.177995
0.177171
0.176349
0.175529
0.174713
0.173898
0.173086
0.172277
0.171469
0.170665
0.169862
0.169062
0.168265
0.167470
0.166677
0.165886
0.165098
0.164313
0.163529
0.162749
0.161970
0.161194
0.160420
0.159648
0.158879
0.158112
0.157347
0.156585
0.155825
0.155067
0.154312
0.153559
0.152808
0.152060
0.151313
0.150569
0.149827
0.149088
0.148351
0.147616
0.146883
0.146152
0.145424
0.144698
0.143974
0.143252
0.142533
0.141815
0.141100
0.140387
0.139677
0.138968
0.138262
0.137558
0.136855
0.136156
0.135458
0.134762
0.134069
0.133377
0.132688
0.132001
0.131316
0.130633
0.129953
0.129274
0.128597
0.127923
0.127251
0.126580
0.125912
0.125246
0.124582
0.123920
0.123260
0.122602
0.121946
0.121293
0.120641
0.119991
0.119344
0.118698
0.118054
0.117413
0.116773
0.116135
0.115500
0.114866
0.114234
0.113605
0.112977
0.112351
0.111728
0.111106
0.110486
0.109868
0.109252
0.108638
0.108026
0.107416
0.106808
0.106202
0.105597
0.104995
0.104395
0.103796
0.103199
0.102604
0.102011
0.101420
0.100831
0.100244
0.099659
0.099075
0.098493
0.097914
0.097336
0.096760
0.096185
0.095613
0.095042
0.094474
0.093907
0.093342
0.092778
0.092217
0.091657
0.091099
0.090543
0.089989
0.089437
0.088886
0.088337
0.087790
0.087245
0.086701
0.086159
0.085619
0.085081
0.084544
0.084010
0.083477
0.082945
0.082416
0.081888
0.081362
0.080837
0.080315
0.079794
0.079275
0.078757
0.078241
0.077727
0.077215
0.076704
0.076195
0.075688
0.075182
0.074678
0.074176
0.073675
0.073176
0.072679
0.072183
0.071689
0.071197
0.070706
0.070217
0.069730
0.069244
0.068760
0.068277
0.067796
0.067317
0.066839
0.066363
0.065888
0.065416
0.064944
0.064475
0.064006
0.063540
0.063075
0.062612
0.062150
0.061690
0.061231
0.060774
0.060318
0.059864
0.059412
0.058961
0.058512
0.058064
0.057618
0.057173
0.056730
0.056288
0.055848
0.055409
0.054972
0.054537
0.054103
0.053670
0.053239
0.052810
0.052382
0.051955
0.051530
0.051106
0.050684
0.050264
0.049844
0.049427
0.049010
0.048596
0.048182
0.047771
0.047360
0.046951
0.046544
0.046138
0.045733
0.045330
0.044928
0.044528
0.044129
0.043732
0.043336
0.042941
0.042548
0.042156
0.041766
0.041377
0.040989
0.040603
0.040218
0.039835
0.039453
0.039073
0.038693
0.038315
0.037939
0.037564
0.037190
0.036818
0.036447
0.036077
0.035709
0.035342
0.034977
0.034612
0.034250
0.033888
0.033528
0.033169
0.032812
0.032455
0.032101
0.031747
0.031395
0.031044
0.030694
0.030346
0.029999
0.029654
0.029309
0.028966
0.028624
0.028284
0.027945
0.027607
0.027270
0.026935
0.026601
0.026268
0.025937
0.025607
0.025278
0.024950
0.024624
0.024299
0.023975
0.023652
0.023331
0.023011
0.022692
0.022374
0.022058
0.021742
0.021428
0.021116
0.020804
0.020494
0.020185
0.019877
0.019571
0.019265
0.018961
0.018658
0.018356
0.018056
0.017756
0.017458
0.017161
0.016866
0.016571
0.016278
0.015985
0.015694
0.015405
0.015116
0.014828
0.014542
0.014257
0.013973
0.013690
0.013408
0.013128
0.012848
0.012570
0.012293
0.012017
0.011742
0.011469
0.011196
0.010925
0.010655
0.010386
0.010118
0.009851
0.009585
0.009320
0.009057
0.008795
0.008533
0.008273
0.008014
0.007756
0.007499
0.007244
0.006989
0.006735
0.006483
0.006231
0.005981
0.005732
0.005484
0.005237
0.004991
0.004746
0.004502
0.004259
0.004017
0.003777
0.003537
0.003298
0.003061
0.002825
0.002589
0.002355
0.002121
0.001889
0.001658
0.001428
0.001199
0.000970
0.000743
0.000517
0.000292
0.000068
-0.000155
-0.000377
-0.000598
-0.000818
-0.001037
-0.001255
-0.001472
-0.001688
-0.001903
-0.002117
-0.002330
-0.002542
-0.002753
-0.002963
-0.003173
-0.003381
-0.003588
-0.003794
-0.003999
-0.004203
-0.004407
-0.004609
-0.004810
-0.005011
-0.005210
-0.005409
-0.005606
-0.005803
-0.005999
-0.006193
-0.006387
-0.006580
-0.006772
-0.006963
-0.007153
-0.007342
-0.007531
-0.007718
-0.007904
-0.008090
-0.008274
-0.008458
-0.008641
-0.008823
-0.009004
-0.009184
-0.009363
-0.009541
-0.009719
-0.009895
-0.010071
-0.010246
-0.010420
-0.010593
-0.010765
-0.010936
-0.011107
-0.011276
-0.011445
-0.011613
-0.011780
-0.011946
-0.012111
-0.012275
-0.012439
-0.012602
-0.012764
-0.012925
-0.013085
-0.013245
-0.013403
-0.013561
-0.013718
-0.013874
-0.014029
-0.014184
-0.014338
-0.014490
-0.014643
-0.014794
-0.014944
-0.015094
-0.015243
-0.015391
-0.015538
-0.015685
-0.015831
-0.015976
-0.016120
-0.016263
-0.016406
-0.016548
-0.016689
-0.016829
-0.016969
-0.017108
-0.017246
-0.017383
-0.017520
-0.017656
-0.017791
-0.017925
-0.018059
-0.018192
-0.018324
-0.018456
-0.018586
-0.018716
-0.018846
-0.018974
-0.019102
-0.019229
-0.019356
-0.019482
-0.019607
-0.019731
-0.019855
-0.019978
-0.020100
-0.020222
-0.020343
-0.020463
-0.020582
-0.020701
-0.020820
-0.020937
-0.021054
-0.021170
-0.021286
-0.021401
-0.021515
-0.021629
-0.021742
-0.021854
-0.021966
-0.022077
-0.022187
-0.022297
-0.022406
-0.022514
-0.022622
-0.022730
-0.022836
-0.022942
-0.023048
-0.023153
-0.023257
-0.023360
-0.023463
-0.023566
-0.023668
-0.023769
-0.023870
-0.023970
-0.024069
-0.024168
-0.024266
-0.024364
-0.024461
-0.024558
-0.024654
-0.024749
-0.024844
-0.024939
-0.025033
-0.025126
-0.025218
-0.025311
-0.025402
-0.025493
-0.025584
-0.025674
-0.025763
-0.025852
-0.025941
-0.026029
-0.026116
-0.026203
-0.026289
-0.026375
-0.026461
-0.026546
-0.026630
-0.026714
-0.026797
-0.026880
-0.026962
-0.027044
-0.027126
-0.027207
-0.027287
-0.027367
-0.027447
-0.027526
-0.027604
-0.027682
-0.027760
-0.027837
-0.027914
-0.027990
-0.028066
-0.028141
-0.028216
-0.028291
-0.028365
-0.028438
-0.028512
-0.028584
-0.028657
-0.028729
-0.028800
-0.028871
-0.028942
-0.029012
-0.029082
-0.029151
-0.029220
-0.029289
-0.029357
-0.029425
-0.029492
-0.029559
-0.029626
-0.029692
-0.029758
-0.029823
-0.029888
-0.029953
-0.030017
-0.030081
-0.030145
-0.030208
-0.030271
-0.030333
-0.030395
-0.030457
-0.030518
-0.030579
-0.030640
-0.030700
-0.030760
-0.030820
-0.030879
-0.030938
-0.030997
-0.031055
-0.031113
-0.031171
-0.031228
-0.031285
-0.031342
-0.031398
-0.031454
-0.031510
-0.031565
-0.031620
-0.031675
-0.031730
-0.031784
-0.031838
-0.031891
-0.031945
-0.031997
-0.032050
-0.032103
-0.032155
-0.032207
-0.032258
-0.032309
-0.032360
-0.032411
-0.032461
-0.032512
-0.032561
-0.032611
-0.032660
-0.032709
-0.032758
-0.032807
-0.032855
-0.032903
-0.032951
-0.032998
-0.033046
-0.033093
-0.033140
-0.033186
-0.033232
-0.033278
-0.033324
-0.033370
-0.033415
-0.033460
-0.033505
-0.033550
-0.033594
-0.033638
-0.033682
-0.033726
-0.033770
-0.033813
-0.033856
-0.033899
-0.033942
-0.033984
-0.034026
-0.034068
-0.034110
-0.034152
-0.034193
-0.034234
-0.034275
-0.034316
-0.034357
-0.034397
-0.034438
-0.034478
-0.034517
-0.034557
-0.034597
-0.034636
-0.034675
-0.034714
-0.034753
-0.034791
-0.034830
-0.034868
-0.034906
-0.034944
-0.034981
-0.035019
-0.035056
-0.035093
-0.035130
-0.035167
-0.035204
-0.035240
-0.035277
-0.035313
-0.035349
-0.035385
-0.035421
-0.035456
-0.035492
-0.035527
-0.035562
-0.035597
-0.035632
-0.035666
-0.035701
-0.035735
-0.035769
-0.035804
-0.035837
-0.035871
-0.035905
-0.035939
-0.035972
-0.036005
-0.036038
-0.036071
-0.036104
-0.036137
-0.036170
-0.036202
-0.036234
-0.036267
-0.036299
-0.036331
-0.036362
-0.036394
-0.036426
-0.036457
-0.036489
-0.036520
-0.036551
-0.036582
-0.036613
-0.036644
-0.036674
-0.036705
-0.036735
-0.036766
-0.036796
-0.036826
-0.036856
-0.036886
-0.036916
-0.036946
-0.036975
-0.037005
-0.037034
-0.037063
-0.037092
-0.037122
-0.037150
-0.037179
-0.037208
-0.037237
-0.037265
-0.037294
-0.037322
-0.037351
-0.037379
-0.037407
-0.037435
-0.037463
-0.037491
-0.037519
-0.037546
-0.037574
-0.037601
-0.037629
-0.037656
-0.037683
-0.037710
-0.037737
-0.037764
-0.037791
-0.037818
-0.037845
-0.037871
-0.037898
-0.037925
-0.037951
-0.037977
-0.038004
-0.038030
-0.038056
-0.038082
-0.038108
-0.038134
-0.038159
-0.038185
-0.038211
-0.038236
-0.038262
-0.038287
-0.038313
-0.038338
-0.038363
-0.038388
-0.038413
-0.038438
-0.038463
-0.038488
-0.038513
-0.038538
-0.038562
-0.038587
-0.038611
-0.038636
-0.038660
-0.038685
-0.038709
-0.038733
-0.038757
-0.038781
-0.038805
-0.038829
-0.038853
-0.038877
-0.038901
-0.038925
-0.038948
-0.038972
-0.038995
-0.039019
-0.039042
-0.039066
-0.039089
-0.039112
-0.039135
-0.039158
-0.039181
-0.039204
-0.039227
-0.039250
-0.039273
-0.039296
-0.039319
-0.039341
-0.039364
-0.039387
-0.039409
-0.039431
-0.039454
-0.039476
-0.039499
-0.039521
-0.039543
-0.039565
-0.039587
-0.039609
-0.039631
-0.039653
-0.039675
-0.039697
-0.039719
-0.039741
-0.039762
-0.039784
-0.039805
-0.039827
-0.039848
-0.039870
-0.039891
-0.039913
-0.039934
-0.039955
-0.039976
-0.039998
-0.040019
-0.040040
-0.040061
-0.040082
-0.040103
-0.040124
-0.040145
-0.040165
-0.040186
-0.040207
-0.040227
-0.040248
-0.040269
-0.040289
-0.040310
-0.040330
-0.040351
-0.040371
-0.040391
-0.040411
-0.040432
-0.040452
-0.040472
-0.040492
-0.040512
-0.040532
-0.040552
-0.040572
-0.040592
-0.040612
-0.040632
-0.040651
-0.040671
-0.040691
-0.040711
-0.040730
-0.040750
-0.040769
-0.040789
-0.040808
-0.040828
-0.040847
-0.040866
-0.040886
-0.040905
-0.040924
-0.040943
-0.040962
-0.040981
-0.041001
-0.041020
-0.041039
-0.041057
-0.041076
-0.041095
-0.041114
-0.041133
-0.041152
-0.041170
-0.041189
-0.041208
-0.041226
-0.041245
-0.041263
-0.041282
-0.041300
-0.041319
-0.041337
-0.041355
-0.041374
-0.041392
-0.041410
-0.041428
-0.041447
-0.041465
-0.041483
-0.041501
-0.041519
-0.041537
-0.041555
-0.041573
-0.041591
-0.041609
-0.041626
-0.041644
-0.041662
-0.041680
-0.041697
-0.041715
-0.041733
-0.041750
-0.041768
-0.041785
-0.041803
-0.041820
-0.041837
-0.041855
-0.041872
-0.041889
-0.041907
-0.041924
-0.041941
-0.041958
-0.041975
-0.041992
-0.042010
-0.042027
-0.042044
-0.042061
-0.042077
-0.042094
-0.042111
-0.042128
-0.042145
-0.042162
-0.042178
-0.042195
-0.042212
-0.042228
-0.042245
-0.042262
-0.042278
-0.042295
-0.042311
-0.042328
-0.042344
-0.042360
-0.042377
-0.042393
-0.042409
-0.042426
-0.042442
-0.042458
-0.042474
-0.042490
-0.042506
-0.042522
-0.042538
-0.042554
-0.042570
-0.042586
-0.042602
-0.042618
-0.042634
-0.042650
-0.042666
-0.042681
-0.042697
-0.042713
-0.042728
-0.042744
-0.042760
-0.042775
-0.042791
-0.042806
-0.042822
-0.042837
-0.042853
-0.042868
-0.042883
-0.042899
-0.042914
-0.042929
-0.042945
-0.042960
-0.042975
-0.042990
-0.043005
-0.043020
-0.043035
-0.043050
-0.043065
-0.043080
-0.043095
-0.043110
-0.043125
-0.043140
-0.043155
-0.043170
-0.043185
-0.043199
-0.043214
-0.043229
-0.043243
-0.043258
-0.043273
-0.043287
-0.043302
-0.043316
-0.043331
-0.043345
-0.043360
-0.043374
-0.043388
-0.043403
-0.043417
-0.043431
-0.043446
-0.043460
-0.043474
-0.043488
-0.043502
-0.043517
-0.043531
-0.043545
-0.043559
-0.043573
-0.043587
-0.043601
-0.043615
-0.043629
-0.043642
-0.043656
-0.043670
-0.043684
-0.043698
-0.043711
-0.043725
-0.043739
-0.043752
-0.043766
-0.043780
-0.043793
-0.043807
-0.043820
-0.043834
-0.043847
-0.043861
-0.043874
-0.043888
-0.043901
-0.043914
-0.043928
-0.043941
-0.043954
-0.043967
-0.043981
-0.043994
-0.044007
-0.044020
-0.044033
-0.044046
-0.044059
-0.044072
-0.044085
-0.044098
-0.044111
-0.044124
-0.044137
-0.044150
-0.044163
-0.044176
-0.044188
-0.044201
-0.044214
-0.044227
-0.044239
-0.044252
-0.044265
-0.044277
-0.044290
-0.044302
-0.044315
-0.044327
-0.044340
-0.044352
-0.044365
-0.044377
-0.044390
-0.044402
-0.044414
-0.044427
-0.044439
-0.044451
-0.044464
-0.044476
-0.044488
-0.044500
-0.044512
-0.044524
-0.044537
-0.044549
-0.044561
-0.044573
-0.044585
-0.044597
-0.044609
-0.044621
-0.044632
-0.044644
-0.044656
-0.044668
-0.044680
-0.044692
-0.044703
-0.044715
-0.044727
-0.044739
-0.044750
-0.044762
-0.044773
-0.044785
-0.044797
-0.044808
-0.044820
-0.044831
-0.044843
-0.044854
-0.044866
-0.044877
-0.044888
-0.044900
-0.044911
-0.044922
-0.044934
-0.044945
-0.044956
-0.044968
-0.044979
-0.044990
-0.045001
-0.045012
-0.045023
-0.045034
-0.045046
-0.045057
-0.045068
-0.045079
-0.045090
-0.045101
-0.045112
-0.045122
-0.045133
-0.045144
-0.045155
-0.045166
-0.045177
-0.045188
-0.045198
-0.045209
-0.045220
-0.045230
-0.045241
-0.045252
-0.045262
-0.045273
-0.045284
-0.045294
-0.045305
-0.045315
-0.045326
-0.045336
-0.045347
-0.045357
-0.045368
-0.045378
-0.045388
-0.045399
-0.045409
-0.045419
-0.045430
-0.045440
-0.045450
-0.045460
-0.045471
-0.045481
-0.045491
-0.045501
-0.045511
-0.045521
-0.045532
-0.045542
-0.045552
-0.045562
-0.045572
-0.045582
-0.045592
-0.045602
-0.045611
-0.045621
-0.045631
-0.045641
-0.045651
-0.045661
-0.045671
-0.045680
-0.045690
-0.045700
-0.045710
-0.045719
-0.045729
-0.045739
-0.045748
-0.045758
-0.045768
-0.045777
-0.045787
-0.045796
-0.045806
-0.045815
-0.045825
-0.045834
-0.045844
-0.045853
-0.045863
-0.045872
-0.045881
-0.045891
-0.045900
-0.045909
-0.045919
-0.045928
-0.045937
-0.045947
-0.045956
-0.045965
-0.045974
-0.045983
-0.045993
-0.046002
-0.046011
-0.046020
-0.046029
-0.046038
-0.046047
-0.046056
-0.046065
-0.046074
-0.046083
-0.046092
-0.046101
-0.046110
-0.046119
-0.046128
-0.046136
-0.046145
-0.046154
-0.046163
-0.046172
-0.046180
-0.046189
-0.046198
-0.046207
-0.046215
-0.046224
-0.046233
-0.046241
-0.046250
-0.046259
-0.046267
-0.046276
-0.046284
-0.046293
-0.046301
-0.046310
-0.046318
-0.046327
-0.046335
-0.046344
-0.046352
-0.046361
-0.046369
-0.046377
-0.046386
-0.046394
-0.046402
-0.046411
-0.046419
-0.046427
-0.046436
-0.046444
-0.046452
-0.046460
-0.046468
-0.046477
-0.046485
-0.046493
-0.046501
-0.046509
-0.046517
-0.046525
-0.046533
-0.046541
-0.046549
-0.046557
-0.046565
-0.046573
-0.046581
-0.046589
-0.046597
-0.046605
-0.046613
-0.046621
-0.046629
-0.046637
-0.046644
-0.046652
-0.046660
-0.046668
-0.046676
-0.046683
-0.046691
-0.046699
-0.046707
-0.046714
-0.046722
-0.046730
-0.046737
-0.046745
-0.046753
-0.046760
-0.046768
-0.046775
-0.046783
-0.046790
-0.046798
-0.046805
-0.046813
-0.046820
-0.046828
-0.046835
-0.046843
-0.046850
-0.046858
-0.046865
-0.046872
-0.046880
-0.046887
-0.046894
-0.046902
-0.046909
-0.046916
-0.046924
-0.046931
-0.046938
-0.046945
-0.046953
-0.046960
-0.046967
-0.046974
-0.046981
-0.046988
-0.046996
-0.047003
-0.047010
-0.047017
-0.047024
-0.047031
-0.047038
-0.047045
-0.047052
-0.047059
-0.047066
-0.047073
-0.047080
-0.047087
-0.047094
-0.047101
-0.047108
-0.047115
-0.047121
-0.047128
-0.047135
-0.047142
-0.047149
-0.047156
-0.047162
-0.047169
-0.047176
-0.047183
-0.047190
-0.047196
-0.047203
-0.047210
-0.047216
-0.047223
-0.047230
-0.047236
-0.047243
-0.047250
-0.047256
-0.047263
-0.047269
-0.047276
-0.047283
-0.047289
-0.047296
-0.047302
-0.047309
-0.047315
-0.047322
-0.047328
-0.047335
-0.047341
-0.047348
-0.047354
-0.047360
-0.047367
-0.047373
-0.047380
-0.047386
-0.047392
-0.047399
-0.047405
-0.047411
-0.047418
-0.047424
-0.047430
-0.047436
-0.047443
-0.047449
-0.047455
-0.047461
-0.047467
-0.047474
-0.047480
-0.047486
-0.047492
-0.047498
-0.047504
-0.047511
-0.047517
-0.047523
-0.047529
-0.047535
-0.047541
-0.047547
-0.047553
-0.047559
-0.047565
-0.047571
-0.047577
-0.047583
-0.047589
-0.047595
-0.047601
-0.047607
-0.047613
-0.047619
-0.047625
-0.047630
-0.047636
-0.047642
-0.047648
-0.047654
-0.047660
-0.047666
-0.047671
-0.047677
-0.047683
-0.047689
-0.047694
-0.047700
-0.047706
-0.047712
-0.047717
-0.047723
-0.047729
-0.047734
-0.047740
-0.047746
-0.047751
-0.047757
-0.047763
-0.047768
-0.047774
-0.047780
-0.047785
-0.047791
-0.047796
-0.047802
-0.047807
-0.047813
-0.047818
-0.047824
-0.047830
-0.047835
-0.047840
-0.047846
-0.047851
-0.047857
-0.047862
-0.047868
-0.047873
-0.047879
-0.047884
-0.047889

