0.000000
0.000000
-0.000026
-0.000052
-0.000077
-0.000103
-0.000128
-0.000153
-0.000177
-0.000201
-0.000224
-0.000247
-0.000270
-0.000293
-0.000315
-0.000337
-0.000359
-0.000380
-0.000402
-0.000423
-0.000444
-0.000465
-0.000485
-0.000506
-0.000526
-0.000547
-0.000567
-0.000587
-0.000607
-0.000627
-0.000647
-0.000667
-0.000687
-0.000707
-0.000726
-0.000746
-0.000766
-0.000785
-0.000805
-0.000824
-0.000844
-0.000863
-0.000883
-0.000902
-0.000922
-0.000941
-0.000961
-0.000980
-0.001000
-0.001019
-0.001038
-0.001058
-0.001077
-0.001097
-0.001116
-0.001135
-0.001155
-0.001174
-0.001194
-0.001213
-0.001233
-0.001252
-0.001271
-0.001291
-0.001310
-0.001330
-0.001349
-0.001369
-0.001388
-0.001408
-0.001428
-0.001447
-0.001467
-0.001486
-0.001506
-0.001525
-0.001545
-0.001565
-0.001584
-0.001604
-0.001624
-0.001644
-0.001663
-0.001683
-0.001703
-0.001723
-0.001743
-0.001762
-0.001782
-0.001802
-0.001822
-0.001842
-0.001862
-0.001882
-0.001902
-0.001922
-0.001942
-0.001962
-0.001982
-0.002002
-0.002022
-0.002042
-0.002063
-0.002083
-0.002103
-0.002123
-0.002143
-0.002164
-0.002184
-0.002204
-0.002225
-0.002245
-0.002265
-0.002286
-0.002306
-0.002326
-0.002347
-0.002367
-0.002388
-0.002408
-0.002429
-0.002449
-0.002470
-0.002491
-0.002511
-0.002532
-0.002553
-0.002573
-0.002594
-0.002615
-0.002635
-0.002656
-0.002677
-0.002698
-0.002719
-0.002739
-0.002760
-0.002781
-0.002802
-0.002823
-0.002844
-0.002865
-0.002886
-0.002907
-0.002928
-0.002949
-0.002970
-0.002991
-0.003012
-0.003033
-0.003054
-0.003075
-0.003097
-0.003118
-0.003139
-0.003160
-0.003181
-0.003203
-0.003224
-0.003245
-0.003266
-0.003288
-0.003309
-0.003330
-0.003352
-0.003373
-0.003395
-0.003416
-0.003437
-0.003459
-0.003480
-0.003502
-0.003523
-0.003545
-0.003566
-0.003588
-0.003610
-0.003631
-0.003653
-0.003674
-0.003696
-0.003718
-0.003739
-0.003761
-0.003783
-0.003804
-0.003826
-0.003848
-0.003869
-0.003891
-0.003913
-0.003935
-0.003956
-0.003978
-0.004000
-0.004022
-0.004044
-0.004066
-0.004088
-0.004109
-0.004131
-0.004153
-0.004175
-0.004197
-0.004219
-0.004241
-0.004263
-0.004285
-0.004307
-0.004329
-0.004351
-0.004373
-0.004395
-0.004417
-0.004439
-0.004461
-0.004483
-0.004505
-0.004527
-0.004550
-0.004572
-0.004594
-0.004616
-0.004638
-0.004660
-0.004683
-0.004705
-0.004727
-0.004749
-0.004771
-0.004794
-0.004816
-0.004838
-0.004860
-0.004883
-0.004905
-0.004927
-0.004949
-0.004972
-0.004994
-0.005016
-0.005039
-0.005061
-0.005083
-0.005106
-0.005128
-0.005150
-0.005173
-0.005195
-0.005218
-0.005240
-0.005262
-0.005285
-0.005307
-0.005330
-0.005352
-0.005375
-0.005397
-0.005419
-0.005442
-0.005464
-0.005487
-0.005509
-0.005532
-0.005554
-0.005577
-0.005599
-0.005622
-0.005644
-0.005667
-0.005690
-0.005712
-0.005735
-0.005757
-0.005780
-0.005802
-0.005825
-0.005847
-0.005870
-0.005893
-0.005915
-0.005938
-0.005960
-0.005983
-0.006006
-0.006028
-0.006051
-0.006073
-0.006096
-0.006119
-0.006141
-0.006164
-0.006187
-0.006209
-0.006232
-0.006255
-0.006277
-0.006300
-0.006323
-0.006345
-0.006368
-0.006391
-0.006413
-0.006436
-0.006459
-0.006482
-0.006504
-0.006527
-0.006550
-0.006572
-0.006595
-0.006618
-0.006641
-0.006663
-0.006686
-0.006709
-0.006731
-0.006754
-0.006777
-0.006800
-0.006822
-0.006845
-0.006868
-0.006891
-0.006913
-0.006936
-0.006959
-0.006982
-0.007004
-0.007027
-0.007050
-0.007073
-0.007095
-0.007118
-0.007141
-0.007164
-0.007187
-0.007209
-0.007232
-0.007255
-0.007278
-0.007300
-0.007323
-0.007346
-0.007369
-0.007392
-0.007414
-0.007437
-0.007460
-0.007483
-0.007505
-0.007528
-0.007551
-0.007574
-0.007597
-0.007619
-0.007642
-0.007665
-0.007688
-0.007711
-0.007733
-0.007756
-0.007779
-0.007802
-0.007825
-0.007847
-0.007870
-0.007893
-0.007916
-0.007939
-0.007961
-0.007984
-0.008007
-0.008030
-0.008052
-0.008075
-0.008098
-0.008121
-0.008144
-0.008166
-0.008189
-0.008212
-0.008235
-0.008258
-0.008280
-0.008303
-0.008326
-0.008349
-0.008371
-0.008394
-0.008417
-0.008440
-0.008462
-0.008485
-0.008508
-0.008531
-0.008554
-0.008576
-0.008599
-0.008622
-0.008645
-0.008667
-0.008690
-0.008713
-0.008736
-0.008758
-0.008781
-0.008804
-0.008827
-0.008849
-0.008872
-0.008895
-0.008917
-0.008940
-0.008963
-0.008986
-0.009008
-0.009031
-0.009054
-0.009077
-0.009099
-0.009122
-0.009145
-0.009167
-0.009190
-0.009213
-0.009235
-0.009258
-0.009281
-0.009304
-0.009326
-0.009349
-0.009372
-0.009394
-0.009417
-0.009440
-0.009462
-0.009485
-0.009508
-0.009530
-0.009553
-0.009576
-0.009598
-0.009621
-0.009643
-0.009666
-0.009689
-0.009711
-0.009734
-0.009757
-0.009779
-0.009802
-0.009824
-0.009847
-0.009870
-0.009892
-0.009915
-0.009937
-0.009960
-0.009983
-0.010005
-0.010028
-0.010050
-0.010073
-0.010095
-0.010118
-0.010141
-0.010163
-0.010186
-0.010208
-0.010231
-0.010253
-0.010276
-0.010298
-0.010321
-0.010343
-0.010366
-0.010388
-0.010411
-0.010433
-0.010456
-0.010478
-0.010501
-0.010523
-0.010546
-0.010568
-0.010591
-0.010613
-0.010636
-0.010658
-0.010680
-0.010703
-0.010725
-0.010748
-0.010770
-0.010793
-0.010815
-0.010837
-0.010860
-0.010882
-0.010905
-0.010927
-0.010949
-0.010972
-0.010994
-0.011017
-0.011039
-0.011061
-0.011084
-0.011106
-0.011128
-0.011151
-0.011173
-0.011195
-0.011218
-0.011240
-0.011262
-0.011285
-0.011307
-0.011329
-0.011351
-0.011374
-0.011396
-0.011418
-0.011440
-0.011463
-0.011485
-0.011507
-0.011529
-0.011552
-0.011574
-0.011596
-0.011618
-0.011641
-0.011663
-0.011685
-0.011707
-0.011729
-0.011752
-0.011774
-0.011796
-0.011818
-0.011840
-0.011862
-0.011884
-0.011907
-0.011929
-0.011951
-0.011973
-0.011995
-0.012017
-0.012039
-0.012061
-0.012083
-0.012106
-0.012128
-0.012150
-0.012172
-0.012194
-0.012216
-0.012238
-0.012260
-0.012282
-0.012304
-0.012326
-0.012348
-0.012370
-0.012392
-0.012414
-0.012436
-0.012458
-0.012480
-0.012502
-0.012524
-0.012546
-0.012568
-0.012590
-0.012612
-0.012634
-0.012655
-0.012677
-0.012699
-0.012721
-0.012743
-0.012765
-0.012787
-0.012809
-0.012831
-0.012852
-0.012874
-0.012896
-0.012918
-0.012940
-0.012962
-0.012983
-0.013005
-0.013027
-0.013049
-0.013070
-0.013092
-0.013114
-0.013136
-0.013158
-0.013179
-0.013201
-0.013223
-0.013244
-0.013266
-0.013288
-0.013310
-0.013331
-0.013353
-0.013375
-0.013396
-0.013418
-0.013440
-0.013461
-0.013483
-0.013505
-0.013526
-0.013548
-0.013569
-0.013591
-0.013613
-0.013634
-0.013656
-0.013677
-0.013699
-0.013721
-0.013742
-0.013764
-0.013785
-0.013807
-0.013828
-0.013850
-0.013871
-0.013893
-0.013914
-0.013936
-0.013957
-0.013979
-0.014000
-0.014022
-0.014043
-0.014065
-0.014086
-0.014107
-0.014129
-0.014150
-0.014172
-0.014193
-0.014214
-0.014236
-0.014257
-0.014278
-0.014300
-0.014321
-0.014343
-0.014364
-0.014385
-0.014406
-0.014428
-0.014449
-0.014470
-0.014492
-0.014513
-0.014534
-0.014555
-0.014577
-0.014598
-0.014619
-0.014640
-0.014662
-0.014683
-0.014704
-0.014725
-0.014746
-0.014768
-0.014789
-0.014810
-0.014831
-0.014852
-0.014873
-0.014894
-0.014916
-0.014937
-0.014958
-0.014979
-0.015000
-0.015021
-0.015042
-0.015063
-0.015084
-0.015105
-0.015126
-0.015147
-0.015168
-0.015189
-0.015210
-0.015231
-0.015252
-0.015273
-0.015294
-0.015315
-0.015336
-0.015357
-0.015378
-0.015399
-0.015420
-0.015441
-0.015462
-0.015483
-0.015504
-0.015524
-0.015545
-0.015566
-0.015587
-0.015608
-0.015629
-0.015650
-0.015670
-0.015691
-0.015712
-0.015733
-0.015754
-0.015774
-0.015795
-0.015816
-0.015837
-0.015857
-0.015878
-0.015899
-0.015920
-0.015940
-0.015961
-0.015982
-0.016002
-0.016023
-0.016044
-0.016064
-0.016085
-0.016106
-0.016126
-0.016147
-0.016168
-0.016188
-0.016209
-0.016229
-0.016250
-0.016271
-0.016291
-0.016312
-0.016332
-0.016353
-0.016373
-0.016394
-0.016414
-0.016435
-0.016455
-0.016476
-0.016496
-0.016517
-0.016537
-0.016558
-0.016578
-0.016599
-0.016619
-0.016639
-0.016660
-0.016680
-0.016701
-0.016721
-0.016741
-0.016762
-0.016782
-0.016802
-0.016823
-0.016843
-0.016863
-0.016884
-0.016904
-0.016924
-0.016945
-0.016965
-0.016985
-0.017005
-0.017026
-0.017046
-0.017066
-0.017086
-0.017107
-0.017127
-0.017147
-0.017167
-0.017187
-0.017207
-0.017228
-0.017248
-0.017268
-0.017288
-0.017308
-0.017328
-0.017348
-0.017369
-0.017389
-0.017409
-0.017429
-0.017449
-0.017469
-0.017489
-0.017509
-0.017529
-0.017549
-0.017569
-0.017589
-0.017609
-0.017629
-0.017649
-0.017669
-0.017689
-0.017709
-0.017729
-0.017749
-0.017769
-0.017789
-0.017808
-0.017828
-0.017848
-0.017868
-0.017888
-0.017908
-0.017928
-0.017948
-0.017967
-0.017987
-0.018007
-0.018027
-0.018047
-0.018066
-0.018086
-0.018106
-0.018126
-0.018145
-0.018165
-0.018185
-0.018205
-0.018224
-0.018244
-0.018264
-0.018284
-0.018303
-0.018323
-0.018343
-0.018362
-0.018382
-0.018401
-0.018421
-0.018441
-0.018460
-0.018480
-0.018500
-0.018519
-0.018539
-0.018558
-0.018578
-0.018597
-0.018617
-0.018636
-0.018656
-0.018675
-0.018695
-0.018714
-0.018734
-0.018753
-0.018773
-0.018792
-0.018812
-0.018831
-0.018851
-0.018870
-0.018889
-0.018909
-0.018928
-0.018948
-0.018967
-0.018986
-0.019006
-0.019025
-0.019044
-0.019064
-0.019083
-0.019102
-0.019122
-0.019141
-0.019160
-0.019179
-0.019199
-0.019218
-0.019237
-0.019256
-0.019276
-0.019295
-0.019314
-0.019333
-0.019353
-0.019372
-0.019391
-0.019410
-0.019429
-0.019448
-0.019468
-0.019487
-0.019506
-0.019525
-0.019544
-0.019563
-0.019582
-0.019601
-0.019620
-0.019639
-0.019658
-0.019677
-0.019696
-0.019715
-0.019734
-0.019753
-0.019772
-0.019791
-0.019810
-0.019829
-0.019848
-0.019867
-0.019886
-0.019905
-0.019924
-0.019943
-0.019962
-0.019981
-0.020000
-0.020019
-0.020037
-0.020056
-0.020075
-0.020094
-0.020113
-0.020132
-0.020150
-0.020169
-0.020188
-0.020207
-0.020226
-0.020244
-0.020263
-0.020282
-0.020301
-0.020319
-0.020338
-0.020357
-0.020375
-0.020394
-0.020413
-0.020432
-0.020450
-0.020469
-0.020488
-0.020506
-0.020525
-0.020543
-0.020562
-0.020581
-0.020599
-0.020618
-0.020636
-0.020655
-0.020674
-0.020692
-0.020711
-0.020729
-0.020748
-0.020766
-0.020785
-0.020803
-0.020822
-0.020840
-0.020859
-0.020877
-0.020895
-0.020914
-0.020932
-0.020951
-0.020969
-0.020988
-0.021006
-0.021024
-0.021043
-0.021061
-0.021079
-0.021098
-0.021116
-0.021135
-0.021153
-0.021171
-0.021189
-0.021208
-0.021226
-0.021244
-0.021263
-0.021281
-0.021299
-0.021317
-0.021336
-0.021354
-0.021372
-0.021390
-0.021408
-0.021427
-0.021445
-0.021463
-0.021481
-0.021499
-0.021517
-0.021536
-0.021554
-0.021572
-0.021590
-0.021608
-0.021626
-0.021644
-0.021662
-0.021680
-0.021698
-0.021716
-0.021734
-0.021752
-0.021770
-0.021788
-0.021806
-0.021824
-0.021842
-0.021860
-0.021878
-0.021896
-0.021914
-0.021932
-0.021950
-0.021968
-0.021986
-0.022004
-0.022022
-0.022040
-0.022058
-0.022075
-0.022093
-0.022111
-0.022129
-0.022147
-0.022165
-0.022182
-0.022200
-0.022218
-0.022236
-0.022254
-0.022271
-0.022289
-0.022307
-0.022325
-0.022342
-0.022360
-0.022378
-0.022395
-0.022413
-0.022431
-0.022448
-0.022466
-0.022484
-0.022501
-0.022519
-0.022537
-0.022554
-0.022572
-0.022590
-0.022607
-0.022625
-0.022642
-0.022660
-0.022677
-0.022695
-0.022713
-0.022730
-0.022748
-0.022765
-0.022783
-0.022800
-0.022818
-0.022835
-0.022853
-0.022870
-0.022887
-0.022905
-0.022922
-0.022940
-0.022957
-0.022975
-0.022992
-0.023009
-0.023027
-0.023044
-0.023062
-0.023079
-0.023096
-0.023114
-0.023131
-0.023148
-0.023166
-0.023183
-0.023200
-0.023217
-0.023235
-0.023252
-0.023269
-0.023286
-0.023304
-0.023321
-0.023338
-0.023355
-0.023373
-0.023390
-0.023407
-0.023424
-0.023441
-0.023458
-0.023476
-0.023493
-0.023510
-0.023527
-0.023544
-0.023561
-0.023578
-0.023595
-0.023613
-0.023630
-0.023647
-0.023664
-0.023681
-0.023698
-0.023715
-0.023732
-0.023749
-0.023766
-0.023783
-0.023800
-0.023817
-0.023834
-0.023851
-0.023868
-0.023885
-0.023902
-0.023919
-0.023935
-0.023952
-0.023969
-0.023986
-0.024003
-0.024020
-0.024037
-0.024054
-0.024070
-0.024087
-0.024104
-0.024121
-0.024138
-0.024155
-0.024171
-0.024188
-0.024205
-0.024222
-0.024238
-0.024255
-0.024272
-0.024289
-0.024305
-0.024322
-0.024339
-0.024356
-0.024372
-0.024389
-0.024406
-0.024422
-0.024439
-0.024456
-0.024472
-0.024489
-0.024505
-0.024522
-0.024539
-0.024555
-0.024572
-0.024588
-0.024605
-0.024622
-0.024638
-0.024655
-0.024671
-0.024688
-0.024704
-0.024721
-0.024737
-0.024754
-0.024770
-0.024787
-0.024803
-0.024820
-0.024836
-0.024852
-0.024869
-0.024885
-0.024902
-0.024918
-0.024935
-0.024951
-0.024967
-0.024984
-0.025000
-0.025016
-0.025033
-0.025049
-0.025065
-0.025082
-0.025098
-0.025114
-0.025131
-0.025147
-0.025163
-0.025179
-0.025196
-0.025212
-0.025228
-0.025244
-0.025261
-0.025277
-0.025293
-0.025309
-0.025326
-0.025342
-0.025358
-0.025374
-0.025390
-0.025406
-0.025423
-0.025439
-0.025455
-0.025471
-0.025487
-0.025503
-0.025519
-0.025535
-0.025551
-0.025567
-0.025583
-0.025600
-0.025616
-0.025632
-0.025648
-0.025664
-0.025680
-0.025696
-0.025712
-0.025728
-0.025744
-0.025760
-0.025775
-0.025791
-0.025807
-0.025823
-0.025839
-0.025855
-0.025871
-0.025887
-0.025903
-0.025919
-0.025935
-0.025950
-0.025966
-0.025982
-0.025998
-0.026014
-0.026030
-0.026045
-0.026061
-0.026077
-0.026093
-0.026109
-0.026124
-0.026140
-0.026156
-0.026172
-0.026187
-0.026203
-0.026219
-0.026235
-0.026250
-0.026266
-0.026282
-0.026297
-0.026313
-0.026329
-0.026344
-0.026360
-0.026376
-0.026391
-0.026407
-0.026422
-0.026438
-0.026454
-0.026469
-0.026485
-0.026500
-0.026516
-0.026532
-0.026547
-0.026563
-0.026578
-0.026594
-0.026609
-0.026625
-0.026640
-0.026656
-0.026671
-0.026687
-0.026702
-0.026718
-0.026733
-0.026748
-0.026764
-0.026779
-0.026795
-0.026810
-0.026825
-0.026841
-0.026856
-0.026872
-0.026887
-0.026902
-0.026918
-0.026933
-0.026948
-0.026964
-0.026979
-0.026994
-0.027010
-0.027025
-0.027040
-0.027055
-0.027071
-0.027086
-0.027101
-0.027116
-0.027132
-0.027147
-0.027162
-0.027177
-0.027193
-0.027208
-0.027223
-0.027238
-0.027253
-0.027268
-0.027284
-0.027299
-0.027314
-0.027329
-0.027344
-0.027359
-0.027374
-0.027389
-0.027405
-0.027420
-0.027435
-0.027450
-0.027465
-0.027480
-0.027495
-0.027510
-0.027525
-0.027540
-0.027555
-0.027570
-0.027585
-0.027600
-0.027615
-0.027630
-0.027645
-0.027660
-0.027675
-0.027690
-0.027705
-0.027720
-0.027734
-0.027749
-0.027764
-0.027779
-0.027794
-0.027809
-0.027824
-0.027839
-0.027853
-0.027868
-0.027883
-0.027898
-0.027913
-0.027928
-0.027942
-0.027957
-0.027972
-0.027987
-0.028001
-0.028016
-0.028031
-0.028046
-0.028060
-0.028075
-0.028090
-0.028105
-0.028119
-0.028134
-0.028149
-0.028163
-0.028178
-0.028193
-0.028207
-0.028222
-0.028237
-0.028251
-0.028266
-0.028281
-0.028295
-0.028310
-0.028324
-0.028339
-0.028353
-0.028368
-0.028383
-0.028397
-0.028412
-0.028426
-0.028441
-0.028455
-0.028470
-0.028484
-0.028499
-0.028513
-0.028528
-0.028542
-0.028557
-0.028571
-0.028586
-0.028600
-0.028614
-0.028629
-0.028643
-0.028658
-0.028672
-0.028687
-0.028701
-0.028715
-0.028730
-0.028744
-0.028758
-0.028773
-0.028787
-0.028801
-0.028816
-0.028830
-0.028844
-0.028859
-0.028873
-0.028887
-0.028902
-0.028916
-0.028930
-0.028944
-0.028959
-0.028973
-0.028987
-0.029001
-0.029015
-0.029030
-0.029044
-0.029058
-0.029072
-0.029086
-0.029101
-0.029115
-0.029129
-0.029143
-0.029157
-0.029171
-0.029185
-0.029200
-0.029214
-0.029228
-0.029242
-0.029256
-0.029270
-0.029284
-0.029298
-0.029312
-0.029326
-0.029340
-0.029354
-0.029368
-0.029382
-0.029396
-0.029410
-0.029424
-0.029438
-0.029452
-0.029466
-0.029480
-0.029494
-0.029508
-0.029522
-0.029536
-0.029550
-0.029564
-0.029578
-0.029592
-0.029606
-0.029620
-0.029633
-0.029647
-0.029661
-0.029675
-0.029689
-0.029703
-0.029717
-0.029730
-0.029744
-0.029758
-0.029772
-0.029786
-0.029799
-0.029813
-0.029827
-0.029841
-0.029854
-0.029868
-0.029882
-0.029896
-0.029909
-0.029923
-0.029937
-0.029951
-0.029964
-0.029978
-0.029992
-0.030005
-0.030019
-0.030033
-0.030046
-0.030060
-0.030074
-0.030087
-0.030101
-0.030114
-0.030128
-0.030142
-0.030155
-0.030169
-0.030182
-0.030196
-0.030209
-0.030223
-0.030237
-0.030250
-0.030264
-0.030277
-0.030291
-0.030304
-0.030318
-0.030331
-0.030345
-0.030358
-0.030372
-0.030385
-0.030399
-0.030412
-0.030425
-0.030439
-0.030452
-0.030466
-0.030479
-0.030493
-0.030506
-0.030519
-0.030533
-0.030546
-0.030559
-0.030573
-0.030586
-0.030600
-0.030613
-0.030626
-0.030640
-0.030653
-0.030666
-0.030679
-0.030693
-0.030706
-0.030719
-0.030733
-0.030746
-0.030759
-0.030772
-0.030786
-0.030799
-0.030812
-0.030825
-0.030839
-0.030852
-0.030865
-0.030878
-0.030891
-0.030905
-0.030918
-0.030931
-0.030944
-0.030957
-0.030970
-0.030983
-0.030997
-0.031010
-0.031023
-0.031036
-0.031049
-0.031062
-0.031075
-0.031088
-0.031101
-0.031114
-0.031127
-0.031140
-0.031154
-0.031167
-0.031180
-0.031193
-0.031206
-0.031219
-0.031232
-0.031245
-0.031258
-0.031271
-0.031284
-0.031296
-0.031309
-0.031322
-0.031335
-0.031348
-0.031361
-0.031374
-0.031387
-0.031400
-0.031413
-0.031426
-0.031439
-0.031451
-0.031464
-0.031477
-0.031490
-0.031503
-0.031516
-0.031529
-0.031541
-0.031554
-0.031567
-0.031580
-0.031593
-0.031605
-0.031618
-0.031631
-0.031644
-0.031656
-0.031669
-0.031682
-0.031695
-0.031707
-0.031720
-0.031733
-0.031746
-0.031758
-0.031771
-0.031784
-0.031796
-0.031809
-0.031822
-0.031834
-0.031847
-0.031860
-0.031872
-0.031885
-0.031898
-0.031910
-0.031923
-0.031935
-0.031948
-0.031961
-0.031973
-0.031986
-0.031998
-0.032011
-0.032023
-0.032036
-0.032049
-0.032061
-0.032074
-0.032086
-0.032099
-0.032111
-0.032124
-0.032136
-0.032149
-0.032161
-0.032174
-0.032186
-0.032199
-0.032211
-0.032223
-0.032236
-0.032248
-0.032261
-0.032273
-0.032286
-0.032298
-0.032310
-0.032323
-0.032335
-0.032347
-0.032360
-0.032372
-0.032385
-0.032397
-0.032409
-0.032422
-0.032434
-0.032446
-0.032459
-0.032471
-0.032483
-0.032495
-0.032508
-0.032520
-0.032532
-0.032545
-0.032557
-0.032569
-0.032581
-0.032594
-0.032606
-0.032618
-0.032630
-0.032642
-0.032655
-0.032667
-0.032679
-0.032691
-0.032703
-0.032716
-0.032728
-0.032740
-0.032752
-0.032764
-0.032776
-0.032788
-0.032800
-0.032813
-0.032825
-0.032837
-0.032849
-0.032861
-0.032873
-0.032885
-0.032897
-0.032909
-0.032921
-0.032933
-0.032945
-0.032957
-0.032969
-0.032981
-0.032993
-0.033005
-0.033017
-0.033029
-0.033041
-0.033053
-0.033065
-0.033077
-0.033089
-0.033101
-0.033113
-0.033125
-0.033137
-0.033149
-0.033161
-0.033173
-0.033185
-0.033197
-0.033209
-0.033220
-0.033232
-0.033244
-0.033256
-0.033268
-0.033280
-0.033292
-0.033303
-0.033315
-0.033327
-0.033339
-0.033351
-0.033362
-0.033374
-0.033386
-0.033398
-0.033410
-0.033421
-0.033433
-0.033445
-0.033457
-0.033468
-0.033480
-0.033492
-0.033504
-0.033515
-0.033527
-0.033539
-0.033550
-0.033562
-0.033574
-0.033585
-0.033597
-0.033609
-0.033620
-0.033632
-0.033644
-0.033655
-0.033667
-0.033679
-0.033690
-0.033702
-0.033713
-0.033725
-0.033737
-0.033748
-0.033760
-0.033771
-0.033783
-0.033795
-0.033806
-0.033818
-0.033829
-0.033841
-0.033852
-0.033864
-0.033875
-0.033887
-0.033898
-0.033910
-0.033921
-0.033933
-0.033944
-0.033956
-0.033967
-0.033979
-0.033990
-0.034001
-0.034013
-0.034024
-0.034036
-0.034047
-0.034059
-0.034070
-0.034081
-0.034093
-0.034104
-0.034116
-0.034127
-0.034138
-0.034150
-0.034161
-0.034172
-0.034184
-0.034195
-0.034206
-0.034218
-0.034229
-0.034240
-0.034252
-0.034263
-0.034274
-0.034285
-0.034297
-0.034308
-0.034319
-0.034330
-0.034342
-0.034353
-0.034364
-0.034375
-0.034387
-0.034398
-0.034409
-0.034420
-0.034431
-0.034443
-0.034454
-0.034465
-0.034476
-0.034487
-0.034498
-0.034510
-0.034521
-0.034532
-0.034543
-0.034554
-0.034565
-0.034576
-0.034588
-0.034599
-0.034610
-0.034621
-0.034632
-0.034643
-0.034654
-0.034665
-0.034676
-0.034687
-0.034698
-0.034709
-0.034720
-0.034731
-0.034742
-0.034753
-0.034764
-0.034775
-0.034786
-0.034797
-0.034808
-0.034819
-0.034830
-0.034841
-0.034852
-0.034863
-0.034874
-0.034885
-0.034896
-0.034907
-0.034918
-0.034929
-0.034940
-0.034950
-0.034961
-0.034972
-0.034983
-0.034994
-0.035005
-0.035016
-0.035027
-0.035037
-0.035048
-0.035059
-0.035070
-0.035081
-0.035092
-0.035102
-0.035113
-0.035124
-0.035135
-0.035146
-0.035156
-0.035167
-0.035178
-0.035189
-0.035199
-0.035210
-0.035221
-0.035232
-0.035242
-0.035253
-0.035264
-0.035275
-0.035285
-0.035296
-0.035307
-0.035317
-0.035328
-0.035339
-0.035349
-0.035360
-0.035371
-0.035381
-0.035392
-0.035403
-0.035413
-0.035424
-0.035435
-0.035445
-0.035456
0.545518
1.424182
2.445760
3.124385
3.601364
3.947208
4.202473
4.392163
4.532435
4.634238
4.700806
4.740243
4.758198
4.758860
4.745466
4.720583
4.686292
4.644294
4.596003
4.542600
4.485091
4.424306
4.360956
4.295650
4.228892
4.161115
4.092694
4.023934
3.955098
3.886419
3.818077
3.750229
3.683020
3.616551
3.550914
3.486194
3.422446
3.359718
3.298060
3.237495
3.178044
3.119732
3.062565
3.006548
2.951682
2.897973
2.845410
2.793985
2.743688
2.694516
2.646448
2.599469
2.553563
2.508723
2.464923
2.422145
2.380372
2.339589
2.299774
2.260907
2.222970
2.185941
2.149806
2.114543
2.080133
2.046556
2.013794
1.981826
1.950639
1.920213
1.890528
1.861567
1.833312
1.805747
1.778854
1.752619
1.727026
1.702057
1.677697
1.653930
1.630741
1.608117
1.586041
1.564501
1.543486
1.522980
1.502969
1.483441
1.464384
1.445784
1.427630
1.409911
1.392614
1.375730
1.359248
1.343157
1.327447
1.312108
1.297129
1.282501
1.860367
2.744076
3.777326
4.483254
4.994465
5.376999
5.669014
5.894005
6.067407
6.199749
6.288850
6.345361
6.376383
6.387040
6.381192
6.361864
6.331463
6.291956
6.244964
6.191841
6.133751
6.071638
6.006311
5.938489
5.868741
5.797562
5.725407
5.652616
5.579490
5.506330
5.433322
5.360676
5.288536
5.217032
5.146298
5.076408
5.007434
4.939466
4.872532
4.806668
4.741934
4.678329
4.615869
4.554587
4.494473
4.435524
4.377758
4.321157
4.265713
4.211413
4.158267
4.106244
4.055330
4.005505
3.956776
3.909108
3.862480
3.816873
3.772287
3.728688
3.686056
3.644370
3.603611
3.563777
3.524833
3.486759
3.449536
3.413143
3.377577
3.342807
3.308814
3.275579
3.243085
3.211312
3.180257
3.149893
3.120202
3.091166
3.062770
3.034998
3.007833
2.981273
2.955293
2.929877
2.905012
2.880682
2.856875
2.833577
2.810774
2.788464
2.766626
2.745247
2.724317
2.703822
2.683751
2.664094
2.644839
2.625976
2.607497
2.589394
2.571655
2.554269
2.537226
2.520519
2.504137
2.488073
2.472317
2.456862
2.441699
2.426821
2.412220
2.397895
2.383833
2.370028
2.356473
2.343160
2.330084
2.317239
2.304617
2.292213
2.280021
2.268036
2.256252
2.244664
2.233266
2.222053
2.211021
2.200169
2.189489
2.178976
2.168625
2.158434
2.148396
2.138508
2.128767
2.119167
2.109706
2.100380
2.091185
2.082118
2.073175
2.064354
2.055650
2.047062
2.038585
2.030218
2.021957
2.013799
2.005742
1.997787
1.989927
1.982162
1.974487
1.966902
1.959403
1.951988
1.944656
1.937404
1.930230
1.923132
1.916108
1.909156
1.902275
1.895463
1.888717
1.882037
1.875421
1.868868
1.862374
1.855941
1.849565
1.843245
1.836980
1.830769
1.824611
1.818504
1.812447
1.806439
1.800478
1.794566
1.788700
1.782879
1.777101
1.771366
1.765673
1.760020
1.754408
1.748834
1.743298
1.737799
1.732336
1.726909
1.721517
1.716159
1.710834
1.705542
1.700282
1.695052
1.689854
1.684685
1.679546
1.674436
1.669353
1.664299
1.659271
1.654270
1.649295
1.644345
1.639421
1.634521
1.629645
1.624793
1.619964
1.615158
1.610374
1.605613
1.600873
1.596154
1.591457
1.586781
1.582125
1.577490
1.572874
1.568278
1.563700
1.559141
1.554601
1.550078
1.545574
1.541086
1.536617
1.532164
1.527727
1.523308
1.518904
1.514517
1.510145
1.505789
1.501448
1.497123
1.492812
1.488516
1.484235
1.479968
1.475716
1.471477
1.467253
1.463042
1.458844
1.454660
1.450489
1.446332
1.442187
1.438055
1.433936
1.429829
1.425735
1.421653
1.417584
1.413526
1.409481
1.405447
1.401425
1.397414
1.393415
1.389428
1.385452
1.381488
1.377536
1.373594
1.369664
1.365744
1.361836
1.357938
1.354051
1.350174
1.346308
1.342453
1.338608
1.334773
1.330948
1.327133
1.323329
1.319534
1.315750
1.311975
1.308210
1.304455
1.300709
1.296974
1.293247
1.289531
1.285823
1.282126
1.278437
1.274758
1.271088
1.267427
1.263776
1.260134
1.256500
1.252876
1.249261
1.245655
1.242058
1.238469
1.234890
1.231319
1.227757
1.224204
1.220660
1.217124
1.213597
1.210078
1.206568
1.203067
1.199574
1.196089
1.192613
1.189146
1.185687
1.182236
1.178794
1.175360
1.171935
1.168518
1.165110
1.161710
1.158318
1.154935
1.151559
1.148192
1.144833
1.141482
1.138138
1.134803
1.131476
1.128157
1.124846
1.121543
1.118248
1.114960
1.111681
1.108409
1.105145
1.101889
1.098641
1.095401
1.092168
1.088943
1.085725
1.082516
1.079314
1.076119
1.072932
1.069753
1.066582
1.063418
1.060261
1.057112
1.053971
1.050837
1.047710
1.044592
1.041480
1.038376
1.035279
1.032190
1.029108
1.026034
1.022967
1.019907
1.016854
1.013809
1.010771
1.007741
1.004717
1.001701
0.998692
0.995691
0.992696
0.989709
0.986729
0.983756
0.980790
0.977832
0.974880
0.971936
0.968998
0.966069
0.963146
0.960231
0.957322
0.954421
0.951527
0.948639
0.945759
0.942886
0.940020
0.937160
0.934308
0.931462
0.928624
0.925792
0.922967
0.920150
0.917338
0.914534
0.911737
0.908946
0.906162
0.903385
0.900615
0.897851
0.895095
0.892345
0.889601
0.886865
0.884135
0.881411
0.878695
0.875985
0.873281
0.870584
0.867894
0.865211
0.862534
0.859863
0.857200
0.854542
0.851892
0.849247
0.846610
0.843978
0.841354
0.838735
0.836124
0.833518
0.830919
0.828327
0.825741
0.823161
0.820588
0.818021
0.815460
0.812906
0.810358
0.807816
0.805281
0.802752
0.800229
0.797713
0.795203
0.792699
0.790201
0.787710
0.785225
0.782746
0.780273
0.777806
0.775346
0.772891
0.770443
0.768001
0.765565
0.763135
0.760712
0.758294
0.755883
0.753478
0.751079
0.748686
0.746299
0.743918
0.741544
0.739175
0.736812
0.734455
0.732104
0.729760
0.727421
0.725088
0.722760
0.720439
0.718124
0.715814
0.713511
0.711213
0.708921
0.706635
0.704355
0.702080
0.699812
0.697549
0.695292
0.693040
0.690795
0.688555
0.686321
0.684092
0.681869
0.679652
0.677441
0.675235
0.673035
0.670840
0.668652
0.666468
0.664291
0.662119
0.659952
0.657791
0.655636
0.653486
0.651342
0.649203
0.647070
0.644942
0.642820
0.640704
0.638592
0.636487
0.634386
0.632291
0.630202
0.628118
0.626039
0.623966
0.621898
0.619835
0.617778
0.615726
0.613680
0.611639
0.609603
0.607572
0.605547
0.603527
0.601512
0.599503
0.597498
0.595499
0.593506
0.591517
0.589534
0.587556
0.585583
0.583615
0.581652
0.579695
0.577742
0.575795
0.573853
0.571916
0.569984
0.568057
0.566135
0.564218
0.562307
0.560400
0.558498
0.556602
0.554710
0.552824
0.550942
0.549066
0.547194
0.545328
0.543466
0.541610
0.539758
0.537911
0.536069
0.534233
0.532401
0.530573
0.528751
0.526934
0.525121
0.523314
0.521511
0.519712
0.517919
0.516131
0.514347
0.512568
0.510794
0.509024
0.507259
0.505499
0.503744
0.501993
0.500247
0.498506
0.496769
0.495038
0.493310
0.491588
0.489870
0.488156
0.486447
0.484743
0.483043
0.481348
0.479658
0.477972
0.476290
0.474614
0.472941
0.471273
0.469610
0.467951
0.466297
0.464647
0.463002
0.461361
0.459724
0.458092
0.456464
0.454841
0.453222
0.451608
0.449998
0.448392
0.446791
0.445194
0.443601
0.442013
0.440429
0.438849
0.437274
0.435703
0.434136
0.432573
0.431015
0.429461
0.427911
0.426366
0.424825
0.423288
0.421755
0.420226
0.418702
0.417181
0.415665
0.414153
0.412646
0.411142
0.409642
0.408147
0.406656
0.405168
0.403685
0.402206
0.400731
0.399260
0.397794
0.396331
0.394872
0.393417
0.391967
0.390520
0.389077
0.387639
0.386204
0.384773
0.383346
0.381923
0.380505
0.379090
0.377679
0.376271
0.374868
0.373469
0.372073
0.370682
0.369294
0.367910
0.366530
0.365154
0.363782
0.362413
0.361049
0.359688
0.358331
0.356978
0.355628
0.354282
0.352940
0.351602
0.350268
0.348937
0.347610
0.346287
0.344967
0.343651
0.342339
0.341031
0.339726
0.338425
0.337128
0.335834
0.334544
0.333257
0.331975
0.330695
0.329420
0.328148
0.326879
0.325615
0.324353
0.323096
0.321842
0.320591
0.319344
0.318101
0.316861
0.315624
0.314391
0.313162
0.311936
0.310713
0.309494
0.308278
0.307066
0.305858
0.304652
0.303451
0.302252
0.301057
0.299866
0.298677
0.297492
0.296311
0.295133
0.293958
0.292787
0.291619
0.290454
0.289293
0.288135
0.286980
0.285829
0.284680
0.283536
0.282394
0.281256
0.280121
0.278989
0.277860
0.276735
0.275613
0.274494
0.273379
0.272266
0.271157
0.270051
0.268948
0.267848
0.266752
0.265659
0.264568
0.263481
0.262397
0.261317
0.260239
0.259164
0.258093
0.257025
0.255959
0.254897
0.253838
0.252782
0.251729
0.250679
0.249633
0.248589
0.247548
0.246510
0.245475
0.244444
0.243415
0.242389
0.241367
0.240347
0.239330
0.238316
0.237305
0.236297
0.235292
0.234290
0.233291
0.232295
0.231302
0.230311
0.229324
0.228339
0.227358
0.226379
0.225403
0.224430
0.223459
0.222492
0.221527
0.220566
0.219607
0.218651
0.217698
0.216747
0.215799
0.214855
0.213913
0.212973
0.212037
0.211103
0.210172
0.209244
0.208318
0.207395
0.206475
0.205558
0.204643
0.203732
0.202822
0.201916
0.201012
0.200111
0.199212
0.198317
0.197424
0.196533
0.195645
0.194760
0.193878
0.192998
0.192120
0.191246
0.190374
0.189504
0.188637
0.187773
0.186911
0.186052
0.185196
0.184342
0.183490
0.182642
0.181795
0.180951
0.180110
0.179272
0.178435
0.177602
0.176770
0.175942
0.175116
0.174292
0.173471
0.172652
0.171836
0.171022
0.170210
0.169402
0.168595
0.167791
0.166989
0.166190
0.165394
0.164599
0.163807
0.163018
0.162231
0.161446
0.160663
0.159883
0.159106
0.158331
0.157558
0.156787
0.156019
0.155253
0.154490
0.153728
0.152970
0.152213
0.151459
0.150707
0.149957
0.149210
0.148465
0.147722
0.146982
0.146243
0.145507
0.144774
0.144042
0.143313
0.142586
0.141861
0.141139
0.140419
0.139701
0.138985
0.138271
0.137560
0.136851
0.136144
0.135439
0.134736
0.134036
0.133337
0.132641
0.131947
0.131255
0.130566
0.129878
0.129193
0.128510
0.127829
0.127150
0.126473
0.125798
0.125125
0.124455
0.123786
0.123120
0.122456
0.121794
0.121134
0.120475
0.119820
0.119166
0.118514
0.117864
0.117216
0.116570
0.115927
0.115285
0.114645
0.114008
0.113372
0.112739
0.112107
0.111477
0.110850
0.110224
0.109600
0.108979
0.108359
0.107741
0.107125
0.106512
0.105900
0.105290
0.104682
0.104076
0.103472
0.102870
0.102269
0.101671
0.101075
0.100480
0.099887
0.099297
0.098708
0.098121
0.097536
0.096953
0.096371
0.095792
0.095214
0.094639
0.094065
0.093493
0.092923
0.092355
0.091788
0.091223
0.090661
0.090100
0.089541
0.088983
0.088428
0.087874
0.087322
0.086772
0.086224
0.085677
0.085132
0.084590
0.084048
0.083509
0.082971
0.082435
0.081901
0.081369
0.080838
0.080309
0.079782
0.079257
0.078733
0.078211
0.077691
0.077173
0.076656
0.076141
0.075627
0.075116
0.074606
0.074098
0.073591
0.073086
0.072583
0.072081
0.071582
0.071083
0.070587
0.070092
0.069599
0.069107
0.068617
0.068129
0.067643
0.067158
0.066674
0.066193
0.065713
0.065234
0.064757
0.064282
0.063809
0.063337
0.062866
0.062397
0.061930
0.061465
0.061001
0.060538
0.060077
0.059618
0.059160
0.058704
0.058250
0.057797
0.057345
0.056895
0.056447
0.056000
0.055555
0.055111
0.054669
0.054228
0.053789
0.053352
0.052916
0.052481
0.052048
0.051616
0.051186
0.050758
0.050331
0.049905
0.049481
0.049059
0.048638
0.048218
0.047800
0.047383
0.046968
0.046554
0.046142
0.045731
0.045322
0.044914
0.044508
0.044103
0.043699
0.043297
0.042897
0.042497
0.042100
0.041703
0.041308
0.040915
0.040523
0.040132
0.039743
0.039355
0.038968
0.038583
0.038200
0.037817
0.037437
0.037057
0.036679
0.036302
0.035927
0.035553
0.035180
0.034809
0.034439
0.034071
0.033704
0.033338
0.032973
0.032610
0.032249
0.031888
0.031529
0.031171
0.030815
0.030460
0.030106
0.029754
0.029403
0.029053
0.028705
0.028357
0.028012
0.027667
0.027324
0.026982
0.026641
0.026302
0.025964
0.025627
0.025292
0.024958
0.024625
0.024293
0.023963
0.023634
0.023306
0.022979
0.022654
0.022330
0.022007
0.021686
0.021366
0.021047
0.020729
0.020412
0.020097
0.019783
0.019470
0.019159
0.018848
0.018539
0.018231
0.017925
0.017619
0.017315
0.017012
0.016710
0.016409
0.016110
0.015812
0.015515
0.015219
0.014924
0.014631
0.014339
0.014048
0.013758
0.013469
0.013181
0.012895
0.012610
0.012326
0.012043
0.011761
0.011481
0.011201
0.010923
0.010646
0.010370
0.010095
0.009822
0.009549
0.009278
0.009008
0.008739
0.008471
0.008204
0.007938
0.007674
0.007410
0.007148
0.006886
0.006626
0.006367
0.006109
0.005853
0.005597
0.005342
0.005089
0.004836
0.004585
0.004335
0.004086
0.003838
0.003591
0.003345
0.003100
0.002856
0.002613
0.002372
0.002131
0.001892
0.001653
0.001416
0.001180
0.000944
0.000710
0.000477
0.000245
0.000014
-0.000216
-0.000445
-0.000673
-0.000900
-0.001126
-0.001351
-0.001575
-0.001798
-0.002020
-0.002241
-0.002460
-0.002679
-0.002897
-0.003114
-0.003330
-0.003544
-0.003758
-0.003971
-0.004183
-0.004394
-0.004604
-0.004812
-0.005020
-0.005227
-0.005433
-0.005638
-0.005842
-0.006045
-0.006247
-0.006448
-0.006648
-0.006847
-0.007046
-0.007243
-0.007439
-0.007634
-0.007829
-0.008022
-0.008215
-0.008406
-0.008597
-0.008787
-0.008975
-0.009163
-0.009350
-0.009536
-0.009721
-0.009906
-0.010089
-0.010271
-0.010453
-0.010633
-0.010813
-0.010991
-0.011169
-0.011346
-0.011522
-0.011697
-0.011872
-0.012045
-0.012218
-0.012389
-0.012560
-0.012730
-0.012899
-0.013067
-0.013234
-0.013401
-0.013566
-0.013731
-0.013895
-0.014058
-0.014220
-0.014381
-0.014542
-0.014701
-0.014860
-0.015018
-0.015175
-0.015331
-0.015487
-0.015641
-0.015795
-0.015948
-0.016100
-0.016252
-0.016402
-0.016552
-0.016701
-0.016849
-0.016996
-0.017143
-0.017289
-0.017434
-0.017578
-0.017721
-0.017864
-0.018006
-0.018147
-0.018287
-0.018426
-0.018565
-0.018703
-0.018840
-0.018977
-0.019112
-0.019247
-0.019381
-0.019515
-0.019648
-0.019779
-0.019911
-0.020041
-0.020171
-0.020300
-0.020428
-0.020556
-0.020682
-0.020808
-0.020934
-0.021059
-0.021182
-0.021306
-0.021428
-0.021550
-0.021671
-0.021792
-0.021911
-0.022030
-0.022149
-0.022266
-0.022383
-0.022500
-0.022615
-0.022730
-0.022845
-0.022958
-0.023071
-0.023183
-0.023295
-0.023406
-0.023516
-0.023626
-0.023735
-0.023844
-0.023951
-0.024058
-0.024165
-0.024271
-0.024376
-0.024480
-0.024584
-0.024688
-0.024790
-0.024893
-0.024994
-0.025095
-0.025195
-0.025295
-0.025394
-0.025492
-0.025590
-0.025688
-0.025784
-0.025880
-0.025976
-0.026071
-0.026165
-0.026259
-0.026352
-0.026445
-0.026537
-0.026629
-0.026719
-0.026810
-0.026900
-0.026989
-0.027078
-0.027166
-0.027254
-0.027341
-0.027427
-0.027514
-0.027599
-0.027684
-0.027769
-0.027853
-0.027936
-0.028019
-0.028101
-0.028183
-0.028265
-0.028346
-0.028426
-0.028506
-0.028585
-0.028664
-0.028743
-0.028820
-0.028898
-0.028975
-0.029051
-0.029127
-0.029203
-0.029278
-0.029353
-0.029427
-0.029500
-0.029574
-0.029646
-0.029719
-0.029791
-0.029862
-0.029933
-0.030004
-0.030074
-0.030143
-0.030212
-0.030281
-0.030350
-0.030418
-0.030485
-0.030552
-0.030619
-0.030685
-0.030751
-0.030816
-0.030881
-0.030946
-0.031010
-0.031074
-0.031138
-0.031201
-0.031263
-0.031325
-0.031387
-0.031449
-0.031510
-0.031571
-0.031631
-0.031691
-0.031751
-0.031810
-0.031869
-0.031927
-0.031985
-0.032043
-0.032101
-0.032158
-0.032215
-0.032271
-0.032327
-0.032383
-0.032438
-0.032493
-0.032548
-0.032602
-0.032656
-0.032710
-0.032764
-0.032817
-0.032869
-0.032922
-0.032974
-0.033026
-0.033077
-0.033128
-0.033179
-0.033230
-0.033280
-0.033330
-0.033380
-0.033429
-0.033478
-0.033527
-0.033576
-0.033624
-0.033672
-0.033720
-0.033767
-0.033814
-0.033861
-0.033907
-0.033954
-0.034000
-0.034046
-0.034091
-0.034136
-0.034181
-0.034226
-0.034271
-0.034315
-0.034359
-0.034402
-0.034446
-0.034489
-0.034532
-0.034575
-0.034617
-0.034660
-0.034702
-0.034743
-0.034785
-0.034826
-0.034867
-0.034908
-0.034949
-0.034989
-0.035030
-0.035070
-0.035109
-0.035149
-0.035188
-0.035228
-0.035266
-0.035305
-0.035344
-0.035382
-0.035420
-0.035458
-0.035496
-0.035533
-0.035571
-0.035608
-0.035645
-0.035681
-0.035718
-0.035754
-0.035791
-0.035827
-0.035862
-0.035898
-0.035934
-0.035969
-0.036004
-0.036039
-0.036074
-0.036108
-0.036143
-0.036177
-0.036211
-0.036245
-0.036279
-0.036312
-0.036346
-0.036379
-0.036412
-0.036445
-0.036478
-0.036511
-0.036543
-0.036576
-0.036608
-0.036640
-0.036672
-0.036703
-0.036735
-0.036767
-0.036798
-0.036829
-0.036860
-0.036891
-0.036922
-0.036952
-0.036983
-0.037013
-0.037044
-0.037074
-0.037104
-0.037134
-0.037163
-0.037193
-0.037222
-0.037252
-0.037281
-0.037310
-0.037339
-0.037368
-0.037397
-0.037425
-0.037454
-0.037482
-0.037511
-0.037539
-0.037567
-0.037595
-0.037623
-0.037650
-0.037678
-0.037705
-0.037733
-0.037760
-0.037787
-0.037815
-0.037842
-0.037868
-0.037895
-0.037922
-0.037949
-0.037975
-0.038001
-0.038028
-0.038054
-0.038080
-0.038106
-0.038132
-0.038158
-0.038184
-0.038209
-0.038235
-0.038260
-0.038286
-0.038311
-0.038336
-0.038361
-0.038386
-0.038411
-0.038436
-0.038461
-0.038486
-0.038510
-0.038535
-0.038559
-0.038584
-0.038608
-0.038632
-0.038656
-0.038680
-0.038705
-0.038728
-0.038752
-0.038776
-0.038800
-0.038823
-0.038847
-0.038870
-0.038894
-0.038917
-0.038940
-0.038964
-0.038987
-0.039010
-0.039033
-0.039056
-0.039079
-0.039101
-0.039124
-0.039147
-0.039169
-0.039192
-0.039215
-0.039237
-0.039259
-0.039282
-0.039304
-0.039326
-0.039348
-0.039370
-0.039392
-0.039414
-0.039436
-0.039458
-0.039479
-0.039501
-0.039523
-0.039544
-0.039566
-0.039587
-0.039609
-0.039630
-0.039651
-0.039673
-0.039694
-0.039715
-0.039736
-0.039757
-0.039778
-0.039799
-0.039820
-0.039841
-0.039862
-0.039882
-0.039903
-0.039924
-0.039944
-0.039965
-0.039985
-0.040006
-0.040026
-0.040046
-0.040067
-0.040087
-0.040107
-0.040127
-0.040147
-0.040167
-0.040187
-0.040207
-0.040227
-0.040247
-0.040267
-0.040287
-0.040306
-0.040326
-0.040346
-0.040365
-0.040385
-0.040404
-0.040424
-0.040443
-0.040463
-0.040482
-0.040501
-0.040521
-0.040540
-0.040559
-0.040578
-0.040597
-0.040616
-0.040635
-0.040654
-0.040673
-0.040692
-0.040711
-0.040730
-0.040749
-0.040767
-0.040786
-0.040805
-0.040823
-0.040842
-0.040860
-0.040879
-0.040897
-0.040916
-0.040934
-0.040953
-0.040971
-0.040989
-0.041007
-0.041026
-0.041044
-0.041062
-0.041080
-0.041098
-0.041116
-0.041134
-0.041152
-0.041170
-0.041188
-0.041206
-0.041224
-0.041242
-0.041259
-0.041277
-0.041295
-0.041312
-0.041330
-0.041348
-0.041365
-0.041383
-0.041400
-0.041418
-0.041435
-0.041452
-0.041470
-0.041487
-0.041504
-0.041522
-0.041539
-0.041556
-0.041573
-0.041590
-0.041607
-0.041624
-0.041642
-0.041659
-0.041675
-0.041692
-0.041709
-0.041726
-0.041743
-0.041760
-0.041777
-0.041793
-0.041810
-0.041827
-0.041843
-0.041860
-0.041877
-0.041893
-0.041910
-0.041926
-0.041943
-0.041959
-0.041976
-0.041992
-0.042008
-0.042025
-0.042041
-0.042057
-0.042073
-0.042090
-0.042106
-0.042122
-0.042138
-0.042154
-0.042170
-0.042186
-0.042202
-0.042218
-0.042234
-0.042250
-0.042266
-0.042282
-0.042298
-0.042313
-0.042329
-0.042345
-0.042361
-0.042376
-0.042392
-0.042408
-0.042423
-0.042439
-0.042454
-0.042470
-0.042485
-0.042501
-0.042516
-0.042532
-0.042547
-0.042562
-0.042578
-0.042593
-0.042608
-0.042624
-0.042639
-0.042654
-0.042669
-0.042684
-0.042699
-0.042714
-0.042730
-0.042745
-0.042760
-0.042775
-0.042789
-0.042804
-0.042819
-0.042834
-0.042849
-0.042864
-0.042879
-0.042893
-0.042908
-0.042923
-0.042937
-0.042952
-0.042967
-0.042981
-0.042996
-0.043010
-0.043025
-0.043039
-0.043054
-0.043068
-0.043083
-0.043097
-0.043112
-0.043126
-0.043140
-0.043154
-0.043169
-0.043183
-0.043197
-0.043211
-0.043226
-0.043240
-0.043254
-0.043268
-0.043282
-0.043296
-0.043310
-0.043324
-0.043338
-0.043352
-0.043366
-0.043380
-0.043393
-0.043407
-0.043421
-0.043435
-0.043449
-0.043462
-0.043476
-0.043490
-0.043503
-0.043517
-0.043531
-0.043544
-0.043558
-0.043571
-0.043585
-0.043598
-0.043612
-0.043625
-0.043639
-0.043652
-0.043665
-0.043679
-0.043692
-0.043705
-0.043719
-0.043732
-0.043745
-0.043758
-0.043771
-0.043785
-0.043798
-0.043811
-0.043824
-0.043837
-0.043850
-0.043863
-0.043876
-0.043889
-0.043902
-0.043915
-0.043928
-0.043940
-0.043953
-0.043966
-0.043979
-0.043992
-0.044004
-0.044017
-0.044030
-0.044042
-0.044055
-0.044068
-0.044080
-0.044093
-0.044105
-0.044118
-0.044131
-0.044143
-0.044155
-0.044168
-0.044180
-0.044193
-0.044205
-0.044217
-0.044230
-0.044242
-0.044254
-0.044267
-0.044279
-0.044291
-0.044303
-0.044315
-0.044328
-0.044340
-0.044352
-0.044364
-0.044376
-0.044388
-0.044400
-0.044412
-0.044424
-0.044436
-0.044448
-0.044460
-0.044472
-0.044483
-0.044495
-0.044507
-0.044519
-0.044531
-0.044542
-0.044554
-0.044566
-0.044577
-0.044589
-0.044601
-0.044612
-0.044624
-0.044635
-0.044647
-0.044659
-0.044670
-0.044682
-0.044693
-0.044704
-0.044716
-0.044727
-0.044739
-0.044750
-0.044761
-0.044773
-0.044784
-0.044795
-0.044806
-0.044818
-0.044829
-0.044840
-0.044851
-0.044862
-0.044873
-0.044885
-0.044896
-0.044907
-0.044918
-0.044929
-0.044940
-0.044951
-0.044962
-0.044973
-0.044983
-0.044994
-0.045005
-0.045016
-0.045027
-0.045038
-0.045049
-0.045059
-0.045070
-0.045081
-0.045091
-0.045102
-0.045113
-0.045123
-0.045134
-0.045145
-0.045155
-0.045166
-0.045176
-0.045187
-0.045197
-0.045208
-0.045218
-0.045229
-0.045239
-0.045250
-0.045260
-0.045270
-0.045281
-0.045291
-0.045301
-0.045312
-0.045322
-0.045332
-0.045342
-0.045353
-0.045363
-0.045373
-0.045383
-0.045393
-0.045403
-0.045413
-0.045423
-0.045434
-0.045444
-0.045454
-0.045464
-0.045474
-0.045483
-0.045493
-0.045503
-0.045513
-0.045523
-0.045533
-0.045543
-0.045553
-0.045562
-0.045572
-0.045582
-0.045592
-0.045601
-0.045611
-0.045621
-0.045631
-0.045640
-0.045650
-0.045659
-0.045669
-0.045679
-0.045688
-0.045698
-0.045707
-0.045717
-0.045726
-0.045736
-0.045745
-0.045755
-0.045764
-0.045773
-0.045783
-0.045792
-0.045801
-0.045811
-0.045820
-0.045829
-0.045839
-0.045848
-0.045857
-0.045866
-0.045876
-0.045885
-0.045894
-0.045903
-0.045912
-0.045921
-0.045930
-0.045939
-0.045949
-0.045958
-0.045967
-0.045976
-0.045985
-0.045994
-0.046002
-0.046011
-0.046020
-0.046029
-0.046038
-0.046047
-0.046056
-0.046065
-0.046073
-0.046082
-0.046091
-0.046100
-0.046109
-0.046117
-0.046126
-0.046135
-0.046143
-0.046152
-0.046161
-0.046169
-0.046178
-0.046187
-0.046195
-0.046204
-0.046212
-0.046221
-0.046229
-0.046238
-0.046246
-0.046255
-0.046263
-0.046272
-0.046280
-0.046288
-0.046297
-0.046305
-0.046314
-0.046322
-0.046330
-0.046338
-0.046347
-0.046355
-0.046363
-0.046372
-0.046380
-0.046388
-0.046396
-0.046404
-0.046412
-0.046421
-0.046429
-0.046437
-0.046445
-0.046453
-0.046461
-0.046469
-0.046477
-0.046485
-0.046493
-0.046501
-0.046509
-0.046517
-0.046525
-0.046533
-0.046541
-0.046549
-0.046557
-0.046565
-0.046572
-0.046580
-0.046588
-0.046596
-0.046604
-0.046611
-0.046619
-0.046627
-0.046635
-0.046642
-0.046650
-0.046658
-0.046665
-0.046673
-0.046681
-0.046688
-0.046696
-0.046704
-0.046711
-0.046719
-0.046726
-0.046734
-0.046741
-0.046749
-0.046756
-0.046764
-0.046771
-0.046779
-0.046786
-0.046794
-0.046801
-0.046808
-0.046816
-0.046823
-0.046830
-0.046838
-0.046845
-0.046852
-0.046860
-0.046867
-0.046874
-0.046882
-0.046889
-0.046896
-0.046903
-0.046910
-0.046918
-0.046925
-0.046932
-0.046939
-0.046946
-0.046953
-0.046960
-0.046967
-0.046975
-0.046982
-0.046989
-0.046996
-0.047003
-0.047010
-0.047017
-0.047024
-0.047031
-0.047038
-0.047045
-0.047051
-0.047058
-0.047065
-0.047072
-0.047079
-0.047086
-0.047093
-0.047100
-0.047106
-0.047113
-0.047120
-0.047127
-0.047134
-0.047140
-0.047147
-0.047154
-0.047160
-0.047167
-0.047174
-0.047181
-0.047187
-0.047194
-0.047201
-0.047207
-0.047214
-0.047220
-0.047227
-0.047234
-0.047240
-0.047247
-0.047253
-0.047260
-0.047266
-0.047273
-0.047279
-0.047286
-0.047292
-0.047299
-0.047305
-0.047311
-0.047318
-0.047324
-0.047331
-0.047337
-0.047343
-0.047350
-0.047356
-0.047362
-0.047369
-0.047375
-0.047381
-0.047388
-0.047394
-0.047400
-0.047406
-0.047413
-0.047419
-0.047425
-0.047431
-0.047438
-0.047444
-0.047450
-0.047456
-0.047462
-0.047468
-0.047474
-0.047481
-0.047487
-0.047493
-0.047499
-0.047505
-0.047511
-0.047517
-0.047523
-0.047529
-0.047535
-0.047541
-0.047547
-0.047553
-0.047559
-0.047565
-0.047571
-0.047577
-0.047583
-0.047589
-0.047594
-0.047600
-0.047606
-0.047612
-0.047618
-0.047624
-0.047630
-0.047635
-0.047641
-0.047647
-0.047653
-0.047659
-0.047664
-0.047670
-0.047676
-0.047682
-0.047687
-0.047693
-0.047699
-0.047704
-0.047710
-0.047716
-0.047721
-0.047727
-0.047733
-0.047738
-0.047744
-0.047750
-0.047755
-0.047761
-0.047766
-0.047772
-0.047777
-0.047783
-0.047789
-0.047794
-0.047800

