0.000000
0.000000
-0.000026
-0.000052
-0.000077
-0.000103
-0.000128
-0.000153
-0.000177
-0.000201
-0.000224
-0.000247
-0.000270
-0.000293
-0.000315
-0.000337
-0.000359
-0.000380
-0.000402
-0.000423
-0.000444
-0.000465
-0.000485
-0.000506
-0.000526
-0.000547
-0.000567
-0.000587
-0.000607
-0.000627
-0.000647
-0.000667
-0.000687
-0.000707
-0.000726
-0.000746
-0.000766
-0.000785
-0.000805
-0.000824
-0.000844
-0.000863
-0.000883
-0.000902
-0.000922
-0.000941
-0.000961
-0.000980
-0.001000
-0.001019
-0.001038
-0.001058
-0.001077
-0.001097
-0.001116
-0.001135
-0.001155
-0.001174
-0.001194
-0.001213
-0.001233
-0.001252
-0.001271
-0.001291
-0.001310
-0.001330
-0.001349
-0.001369
-0.001388
-0.001408
-0.001428
-0.001447
-0.001467
-0.001486
-0.001506
-0.001525
-0.001545
-0.001565
-0.001584
-0.001604
-0.001624
-0.001644
-0.001663
-0.001683
-0.001703
-0.001723
-0.001743
-0.001762
-0.001782
-0.001802
-0.001822
-0.001842
-0.001862
-0.001882
-0.001902
-0.001922
-0.001942
-0.001962
-0.001982
-0.002002
-0.002022
-0.002042
-0.002063
-0.002083
-0.002103
-0.002123
-0.002143
-0.002164
-0.002184
-0.002204
-0.002225
-0.002245
-0.002265
-0.002286
-0.002306
-0.002326
-0.002347
-0.002367
-0.002388
-0.002408
-0.002429
-0.002449
-0.002470
-0.002491
-0.002511
-0.002532
-0.002553
-0.002573
-0.002594
-0.002615
-0.002635
-0.002656
-0.002677
-0.002698
-0.002719
-0.002739
-0.002760
-0.002781
-0.002802
-0.002823
-0.002844
-0.002865
-0.002886
-0.002907
-0.002928
-0.002949
-0.002970
-0.002991
-0.003012
-0.003033
-0.003054
-0.003075
-0.003097
-0.003118
-0.003139
-0.003160
-0.003181
-0.003203
-0.003224
-0.003245
-0.003266
-0.003288
-0.003309
-0.003330
-0.003352
-0.003373
-0.003395
-0.003416
-0.003437
-0.003459
-0.003480
-0.003502
-0.003523
-0.003545
-0.003566
-0.003588
-0.003610
-0.003631
-0.003653
-0.003674
-0.003696
-0.003718
-0.003739
-0.003761
-0.003783
-0.003804
-0.003826
-0.003848
-0.003869
-0.003891
-0.003913
-0.003935
-0.003956
-0.003978
-0.004000
-0.004022
-0.004044
-0.004066
-0.004088
-0.004109
-0.004131
-0.004153
-0.004175
-0.004197
-0.004219
-0.004241
-0.004263
-0.004285
-0.004307
-0.004329
-0.004351
-0.004373
-0.004395
-0.004417
-0.004439
-0.004461
-0.004483
-0.004505
-0.004527
-0.004550
-0.004572
-0.004594
-0.004616
-0.004638
-0.004660
-0.004683
-0.004705
-0.004727
-0.004749
-0.004771
-0.004794
-0.004816
-0.004838
-0.004860
-0.004883
-0.004905
-0.004927
-0.004949
-0.004972
-0.004994
-0.005016
-0.005039
-0.005061
-0.005083
-0.005106
-0.005128
-0.005150
-0.005173
-0.005195
-0.005218
-0.005240
-0.005262
-0.005285
-0.005307
-0.005330
-0.005352
-0.005375
-0.005397
-0.005419
-0.005442
-0.005464
-0.005487
-0.005509
-0.005532
-0.005554
-0.005577
-0.005599
-0.005622
-0.005644
-0.005667
-0.005690
-0.005712
-0.005735
-0.005757
-0.005780
-0.005802
-0.005825
-0.005847
-0.005870
-0.005893
-0.005915
-0.005938
-0.005960
-0.005983
-0.006006
-0.006028
-0.006051
-0.006073
-0.006096
-0.006119
-0.006141
-0.006164
-0.006187
-0.006209
-0.006232
-0.006255
-0.006277
-0.006300
-0.006323
-0.006345
-0.006368
-0.006391
-0.006413
-0.006436
-0.006459
-0.006482
-0.006504
-0.006527
-0.006550
-0.006572
-0.006595
-0.006618
-0.006641
-0.006663
-0.006686
-0.006709
-0.006731
-0.006754
-0.006777
-0.006800
-0.006822
-0.006845
-0.006868
-0.006891
-0.006913
-0.006936
-0.006959
-0.006982
-0.007004
-0.007027
-0.007050
-0.007073
-0.007095
-0.007118
-0.007141
-0.007164
-0.007187
-0.007209
-0.007232
-0.007255
-0.007278
-0.007300
-0.007323
-0.007346
-0.007369
-0.007392
-0.007414
-0.007437
-0.007460
-0.007483
-0.007505
-0.007528
-0.007551
-0.007574
-0.007597
-0.007619
-0.007642
-0.007665
-0.007688
-0.007711
-0.007733
-0.007756
-0.007779
-0.007802
-0.007825
-0.007847
-0.007870
-0.007893
-0.007916
-0.007939
-0.007961
-0.007984
-0.008007
-0.008030
-0.008052
-0.008075
-0.008098
-0.008121
-0.008144
-0.008166
-0.008189
-0.008212
-0.008235
-0.008258
-0.008280
-0.008303
-0.008326
-0.008349
-0.008371
-0.008394
-0.008417
-0.008440
-0.008462
-0.008485
-0.008508
-0.008531
-0.008554
-0.008576
-0.008599
-0.008622
-0.008645
-0.008667
-0.008690
-0.008713
-0.008736
-0.008758
-0.008781
-0.008804
-0.008827
-0.008849
-0.008872
-0.008895
-0.008917
-0.008940
-0.008963
-0.008986
-0.009008
-0.009031
-0.009054
-0.009077
-0.009099
-0.009122
-0.009145
-0.009167
-0.009190
-0.009213
-0.009235
-0.009258
-0.009281
-0.009304
-0.009326
-0.009349
-0.009372
-0.009394
-0.009417
-0.009440
-0.009462
-0.009485
-0.009508
-0.009530
-0.009553
-0.009576
-0.009598
-0.009621
-0.009643
-0.009666
-0.009689
-0.009711
-0.009734
-0.009757
-0.009779
-0.009802
-0.009824
-0.009847
-0.009870
-0.009892
-0.009915
-0.009937
-0.009960
-0.009983
-0.010005
-0.010028
-0.010050
-0.010073
-0.010095
-0.010118
-0.010141
-0.010163
-0.010186
-0.010208
-0.010231
-0.010253
-0.010276
-0.010298
-0.010321
-0.010343
-0.010366
-0.010388
-0.010411
-0.010433
-0.010456
-0.010478
-0.010501
-0.010523
-0.010546
-0.010568
-0.010591
-0.010613
-0.010636
-0.010658
-0.010680
-0.010703
-0.010725
-0.010748
-0.010770
-0.010793
-0.010815
-0.010837
-0.010860
-0.010882
-0.010905
-0.010927
-0.010949
-0.010972
-0.010994
-0.011017
-0.011039
-0.011061
-0.011084
-0.011106
-0.011128
-0.011151
-0.011173
-0.011195
-0.011218
-0.011240
-0.011262
-0.011285
-0.011307
-0.011329
-0.011351
-0.011374
-0.011396
-0.011418
-0.011440
-0.011463
-0.011485
-0.011507
-0.011529
-0.011552
-0.011574
-0.011596
-0.011618
-0.011641
-0.011663
-0.011685
-0.011707
-0.011729
-0.011752
-0.011774
-0.011796
-0.011818
-0.011840
-0.011862
-0.011884
-0.011907
-0.011929
-0.011951
-0.011973
-0.011995
-0.012017
-0.012039
-0.012061
-0.012083
-0.012106
-0.012128
-0.012150
-0.012172
-0.012194
-0.012216
-0.012238
-0.012260
-0.012282
-0.012304
-0.012326
-0.012348
-0.012370
-0.012392
-0.012414
-0.012436
-0.012458
-0.012480
-0.012502
-0.012524
-0.012546
-0.012568
-0.012590
-0.012612
-0.012634
-0.012655
-0.012677
-0.012699
-0.012721
-0.012743
-0.012765
-0.012787
-0.012809
-0.012831
-0.012852
-0.012874
-0.012896
-0.012918
-0.012940
-0.012962
-0.012983
-0.013005
-0.013027
-0.013049
-0.013070
-0.013092
-0.013114
-0.013136
-0.013158
-0.013179
-0.013201
-0.013223
-0.013244
-0.013266
-0.013288
-0.013310
-0.013331
-0.013353
-0.013375
-0.013396
-0.013418
-0.013440
-0.013461
-0.013483
-0.013505
-0.013526
-0.013548
-0.013569
-0.013591
-0.013613
-0.013634
-0.013656
-0.013677
-0.013699
-0.013721
-0.013742
-0.013764
-0.013785
-0.013807
-0.013828
-0.013850
-0.013871
-0.013893
-0.013914
-0.013936
-0.013957
-0.013979
-0.014000
-0.014022
-0.014043
-0.014065
-0.014086
-0.014107
-0.014129
-0.014150
-0.014172
-0.014193
-0.014214
-0.014236
-0.014257
-0.014278
-0.014300
-0.014321
-0.014343
-0.014364
-0.014385
-0.014406
-0.014428
-0.014449
-0.014470
-0.014492
-0.014513
-0.014534
-0.014555
-0.014577
-0.014598
-0.014619
-0.014640
-0.014662
-0.014683
-0.014704
-0.014725
-0.014746
-0.014768
-0.014789
-0.014810
-0.014831
-0.014852
-0.014873
-0.014894
-0.014916
-0.014937
-0.014958
-0.014979
-0.015000
-0.015021
-0.015042
-0.015063
-0.015084
-0.015105
-0.015126
-0.015147
-0.015168
-0.015189
-0.015210
-0.015231
-0.015252
-0.015273
-0.015294
-0.015315
-0.015336
-0.015357
-0.015378
-0.015399
-0.015420
-0.015441
-0.015462
-0.015483
-0.015504
-0.015524
-0.015545
-0.015566
-0.015587
-0.015608
-0.015629
-0.015650
-0.015670
-0.015691
-0.015712
-0.015733
-0.015754
-0.015774
-0.015795
-0.015816
-0.015837
-0.015857
-0.015878
-0.015899
-0.015920
-0.015940
-0.015961
-0.015982
-0.016002
-0.016023
-0.016044
-0.016064
-0.016085
-0.016106
-0.016126
-0.016147
-0.016168
-0.016188
-0.016209
-0.016229
-0.016250
-0.016271
-0.016291
-0.016312
-0.016332
-0.016353
-0.016373
-0.016394
-0.016414
-0.016435
-0.016455
-0.016476
-0.016496
-0.016517
-0.016537
-0.016558
-0.016578
-0.016599
-0.016619
-0.016639
-0.016660
-0.016680
-0.016701
-0.016721
-0.016741
-0.016762
-0.016782
-0.016802
-0.016823
-0.016843
-0.016863
-0.016884
-0.016904
-0.016924
-0.016945
-0.016965
-0.016985
-0.017005
-0.017026
-0.017046
-0.017066
-0.017086
-0.017107
-0.017127
-0.017147
-0.017167
-0.017187
-0.017207
-0.017228
-0.017248
-0.017268
-0.017288
-0.017308
-0.017328
-0.017348
-0.017369
-0.017389
-0.017409
-0.017429
-0.017449
-0.017469
-0.017489
-0.017509
-0.017529
-0.017549
-0.017569
-0.017589
-0.017609
-0.017629
-0.017649
-0.017669
-0.017689
-0.017709
-0.017729
-0.017749
-0.017769
-0.017789
-0.017808
-0.017828
-0.017848
-0.017868
-0.017888
-0.017908
-0.017928
-0.017948
-0.017967
-0.017987
-0.018007
-0.018027
-0.018047
-0.018066
-0.018086
-0.018106
-0.018126
-0.018145
-0.018165
-0.018185
-0.018205
-0.018224
-0.018244
-0.018264
-0.018284
-0.018303
-0.018323
-0.018343
-0.018362
-0.018382
-0.018401
-0.018421
-0.018441
-0.018460
-0.018480
-0.018500
-0.018519
-0.018539
-0.018558
-0.018578
-0.018597
-0.018617
-0.018636
-0.018656
-0.018675
-0.018695
-0.018714
-0.018734
-0.018753
-0.018773
-0.018792
-0.018812
-0.018831
-0.018851
-0.018870
-0.018889
-0.018909
-0.018928
-0.018948
-0.018967
-0.018986
-0.019006
-0.019025
-0.019044
-0.019064
-0.019083
-0.019102
-0.019122
-0.019141
-0.019160
-0.019179
-0.019199
-0.019218
-0.019237
-0.019256
-0.019276
-0.019295
-0.019314
-0.019333
-0.019353
-0.019372
-0.019391
-0.019410
-0.019429
-0.019448
-0.019468
-0.019487
-0.019506
-0.019525
-0.019544
-0.019563
-0.019582
-0.019601
-0.019620
-0.019639
-0.019658
-0.019677
-0.019696
-0.019715
-0.019734
-0.019753
-0.019772
-0.019791
-0.019810
-0.019829
-0.019848
-0.019867
-0.019886
-0.019905
-0.019924
-0.019943
-0.019962
-0.019981
-0.020000
-0.020019
-0.020037
-0.020056
-0.020075
-0.020094
-0.020113
-0.020132
-0.020150
-0.020169
-0.020188
-0.020207
-0.020226
-0.020244
-0.020263
-0.020282
-0.020301
-0.020319
-0.020338
-0.020357
-0.020375
-0.020394
-0.020413
-0.020432
-0.020450
-0.020469
-0.020488
-0.020506
-0.020525
-0.020543
-0.020562
-0.020581
-0.020599
-0.020618
-0.020636
-0.020655
-0.020674
-0.020692
-0.020711
-0.020729
-0.020748
-0.020766
-0.020785
-0.020803
-0.020822
-0.020840
-0.020859
-0.020877
-0.020895
-0.020914
-0.020932
-0.020951
-0.020969
-0.020988
-0.021006
-0.021024
-0.021043
-0.021061
-0.021079
-0.021098
-0.021116
-0.021135
-0.021153
-0.021171
-0.021189
-0.021208
-0.021226
-0.021244
-0.021263
-0.021281
-0.021299
-0.021317
-0.021336
-0.021354
-0.021372
-0.021390
-0.021408
-0.021427
-0.021445
-0.021463
-0.021481
-0.021499
-0.021517
-0.021536
-0.021554
-0.021572
-0.021590
-0.021608
-0.021626
-0.021644
-0.021662
-0.021680
-0.021698
-0.021716
-0.021734
-0.021752
-0.021770
-0.021788
-0.021806
-0.021824
-0.021842
-0.021860
-0.021878
-0.021896
-0.021914
-0.021932
-0.021950
-0.021968
-0.021986
-0.022004
-0.022022
-0.022040
-0.022058
-0.022075
-0.022093
-0.022111
-0.022129
-0.022147
-0.022165
-0.022182
-0.022200
-0.022218
-0.022236
-0.022254
-0.022271
-0.022289
-0.022307
-0.022325
-0.022342
-0.022360
-0.022378
-0.022395
-0.022413
-0.022431
-0.022448
-0.022466
-0.022484
-0.022501
-0.022519
-0.022537
-0.022554
-0.022572
-0.022590
-0.022607
-0.022625
-0.022642
-0.022660
-0.022677
-0.022695
-0.022713
-0.022730
-0.022748
-0.022765
-0.022783
-0.022800
-0.022818
-0.022835
-0.022853
-0.022870
-0.022887
-0.022905
-0.022922
-0.022940
-0.022957
-0.022975
-0.022992
-0.023009
-0.023027
-0.023044
-0.023062
-0.023079
-0.023096
-0.023114
-0.023131
-0.023148
-0.023166
-0.023183
-0.023200
-0.023217
-0.023235
-0.023252
-0.023269
-0.023286
-0.023304
-0.023321
-0.023338
-0.023355
-0.023373
-0.023390
-0.023407
-0.023424
-0.023441
-0.023458
-0.023476
-0.023493
-0.023510
-0.023527
-0.023544
-0.023561
-0.023578
-0.023595
-0.023613
-0.023630
-0.023647
-0.023664
-0.023681
-0.023698
-0.023715
-0.023732
-0.023749
-0.023766
-0.023783
-0.023800
-0.023817
-0.023834
-0.023851
-0.023868
-0.023885
-0.023902
-0.023919
-0.023935
-0.023952
-0.023969
-0.023986
-0.024003
-0.024020
-0.024037
-0.024054
-0.024070
-0.024087
-0.024104
-0.024121
-0.024138
-0.024155
-0.024171
-0.024188
-0.024205
-0.024222
-0.024238
-0.024255
-0.024272
-0.024289
-0.024305
-0.024322
-0.024339
-0.024356
-0.024372
-0.024389
-0.024406
-0.024422
-0.024439
-0.024456
-0.024472
-0.024489
-0.024505
-0.024522
-0.024539
-0.024555
-0.024572
-0.024588
-0.024605
-0.024622
-0.024638
-0.024655
-0.024671
-0.024688
-0.024704
-0.024721
-0.024737
-0.024754
-0.024770
-0.024787
-0.024803
-0.024820
-0.024836
-0.024852
-0.024869
-0.024885
-0.024902
-0.024918
-0.024935
-0.024951
-0.024967
-0.024984
-0.025000
-0.025016
-0.025033
-0.025049
-0.025065
-0.025082
-0.025098
-0.025114
-0.025131
-0.025147
-0.025163
-0.025179
-0.025196
-0.025212
-0.025228
-0.025244
-0.025261
-0.025277
-0.025293
-0.025309
-0.025326
-0.025342
-0.025358
-0.025374
-0.025390
-0.025406
-0.025423
-0.025439
-0.025455
-0.025471
-0.025487
-0.025503
-0.025519
-0.025535
-0.025551
-0.025567
-0.025583
-0.025600
-0.025616
-0.025632
-0.025648
-0.025664
-0.025680
-0.025696
-0.025712
-0.025728
-0.025744
-0.025760
-0.025775
-0.025791
-0.025807
-0.025823
-0.025839
-0.025855
-0.025871
-0.025887
-0.025903
-0.025919
-0.025935
-0.025950
-0.025966
-0.025982
-0.025998
-0.026014
-0.026030
-0.026045
-0.026061
-0.026077
-0.026093
-0.026109
-0.026124
-0.026140
-0.026156
-0.026172
-0.026187
-0.026203
-0.026219
-0.026235
-0.026250
-0.026266
-0.026282
-0.026297
-0.026313
-0.026329
-0.026344
-0.026360
-0.026376
-0.026391
-0.026407
-0.026422
-0.026438
-0.026454
-0.026469
-0.026485
-0.026500
-0.026516
-0.026532
-0.026547
-0.026563
-0.026578
-0.026594
-0.026609
-0.026625
-0.026640
-0.026656
-0.026671
-0.026687
-0.026702
-0.026718
-0.026733
-0.026748
-0.026764
-0.026779
-0.026795
-0.026810
-0.026825
-0.026841
-0.026856
-0.026872
-0.026887
-0.026902
-0.026918
-0.026933
-0.026948
-0.026964
-0.026979
-0.026994
-0.027010
-0.027025
-0.027040
-0.027055
-0.027071
-0.027086
-0.027101
-0.027116
-0.027132
-0.027147
-0.027162
-0.027177
-0.027193
-0.027208
-0.027223
-0.027238
-0.027253
-0.027268
-0.027284
-0.027299
-0.027314
-0.027329
-0.027344
-0.027359
-0.027374
-0.027389
-0.027405
-0.027420
-0.027435
-0.027450
-0.027465
-0.027480
-0.027495
-0.027510
-0.027525
-0.027540
-0.027555
-0.027570
-0.027585
-0.027600
-0.027615
-0.027630
-0.027645
-0.027660
-0.027675
-0.027690
-0.027705
-0.027720
-0.027734
-0.027749
-0.027764
-0.027779
-0.027794
-0.027809
-0.027824
-0.027839
-0.027853
-0.027868
-0.027883
-0.027898
-0.027913
-0.027928
-0.027942
-0.027957
-0.027972
-0.027987
-0.028001
-0.028016
-0.028031
-0.028046
-0.028060
-0.028075
-0.028090
-0.028105
-0.028119
-0.028134
-0.028149
-0.028163
-0.028178
-0.028193
-0.028207
-0.028222
-0.028237
-0.028251
-0.028266
-0.028281
-0.028295
-0.028310
-0.028324
-0.028339
-0.028353
-0.028368
-0.028383
-0.028397
-0.028412
-0.028426
-0.028441
-0.028455
-0.028470
-0.028484
-0.028499
-0.028513
-0.028528
-0.028542
-0.028557
-0.028571
-0.028586
-0.028600
-0.028614
-0.028629
-0.028643
-0.028658
-0.028672
-0.028687
-0.028701
-0.028715
-0.028730
-0.028744
-0.028758
-0.028773
-0.028787
-0.028801
-0.028816
-0.028830
-0.028844
-0.028859
-0.028873
-0.028887
-0.028902
-0.028916
-0.028930
-0.028944
-0.028959
-0.028973
-0.028987
-0.029001
-0.029015
-0.029030
-0.029044
-0.029058
-0.029072
-0.029086
-0.029101
-0.029115
-0.029129
-0.029143
-0.029157
-0.029171
-0.029185
-0.029200
-0.029214
-0.029228
-0.029242
-0.029256
-0.029270
-0.029284
-0.029298
-0.029312
-0.029326
-0.029340
-0.029354
-0.029368
-0.029382
-0.029396
-0.029410
-0.029424
-0.029438
-0.029452
-0.029466
-0.029480
-0.029494
-0.029508
-0.029522
-0.029536
-0.029550
-0.029564
-0.029578
-0.029592
-0.029606
-0.029620
-0.029633
-0.029647
-0.029661
-0.029675
-0.029689
-0.029703
-0.029717
-0.029730
-0.029744
-0.029758
-0.029772
-0.029786
-0.029799
-0.029813
-0.029827
-0.029841
-0.029854
-0.029868
-0.029882
-0.029896
-0.029909
-0.029923
-0.029937
-0.029951
-0.029964
-0.029978
-0.029992
-0.030005
-0.030019
-0.030033
-0.030046
-0.030060
-0.030074
-0.030087
-0.030101
-0.030114
-0.030128
-0.030142
-0.030155
-0.030169
-0.030182
-0.030196
-0.030209
-0.030223
-0.030237
-0.030250
-0.030264
-0.030277
-0.030291
-0.030304
-0.030318
-0.030331
-0.030345
-0.030358
-0.030372
-0.030385
-0.030399
-0.030412
-0.030425
-0.030439
-0.030452
-0.030466
-0.030479
-0.030493
-0.030506
-0.030519
-0.030533
-0.030546
-0.030559
-0.030573
-0.030586
-0.030600
-0.030613
-0.030626
-0.030640
-0.030653
-0.030666
-0.030679
-0.030693
-0.030706
-0.030719
-0.030733
-0.030746
-0.030759
-0.030772
-0.030786
-0.030799
-0.030812
-0.030825
-0.030839
-0.030852
-0.030865
-0.030878
-0.030891
-0.030905
-0.030918
-0.030931
-0.030944
-0.030957
-0.030970
-0.030983
-0.030997
-0.031010
-0.031023
-0.031036
-0.031049
-0.031062
-0.031075
-0.031088
-0.031101
-0.031114
-0.031127
-0.031140
-0.031154
-0.031167
-0.031180
-0.031193
-0.031206
-0.031219
-0.031232
-0.031245
-0.031258
-0.031271
-0.031284
-0.031296
-0.031309
-0.031322
-0.031335
-0.031348
-0.031361
-0.031374
-0.031387
-0.031400
-0.031413
-0.031426
-0.031439
-0.031451
-0.031464
-0.031477
-0.031490
-0.031503
-0.031516
-0.031529
-0.031541
-0.031554
-0.031567
-0.031580
-0.031593
-0.031605
-0.031618
-0.031631
-0.031644
-0.031656
-0.031669
-0.031682
-0.031695
-0.031707
-0.031720
-0.031733
-0.031746
-0.031758
-0.031771
-0.031784
-0.031796
-0.031809
-0.031822
-0.031834
-0.031847
-0.031860
-0.031872
-0.031885
-0.031898
-0.031910
-0.031923
-0.031935
-0.031948
-0.031961
-0.031973
-0.031986
-0.031998
-0.032011
-0.032023
-0.032036
-0.032049
-0.032061
-0.032074
-0.032086
-0.032099
-0.032111
-0.032124
-0.032136
-0.032149
-0.032161
-0.032174
-0.032186
-0.032199
-0.032211
-0.032223
-0.032236
-0.032248
-0.032261
-0.032273
-0.032286
-0.032298
-0.032310
-0.032323
-0.032335
-0.032347
-0.032360
-0.032372
-0.032385
-0.032397
-0.032409
-0.032422
-0.032434
-0.032446
-0.032459
-0.032471
-0.032483
-0.032495
-0.032508
-0.032520
-0.032532
-0.032545
-0.032557
-0.032569
-0.032581
-0.032594
-0.032606
-0.032618
-0.032630
-0.032642
-0.032655
-0.032667
-0.032679
-0.032691
-0.032703
-0.032716
-0.032728
-0.032740
-0.032752
-0.032764
-0.032776
-0.032788
-0.032800
-0.032813
-0.032825
-0.032837
-0.032849
-0.032861
-0.032873
-0.032885
-0.032897
-0.032909
-0.032921
-0.032933
-0.032945
-0.032957
-0.032969
-0.032981
-0.032993
-0.033005
-0.033017
-0.033029
-0.033041
-0.033053
-0.033065
-0.033077
-0.033089
-0.033101
-0.033113
-0.033125
-0.033137
-0.033149
-0.033161
-0.033173
-0.033185
-0.033197
-0.033209
-0.033220
-0.033232
-0.033244
-0.033256
-0.033268
-0.033280
-0.033292
-0.033303
-0.033315
-0.033327
-0.033339
-0.033351
-0.033362
-0.033374
-0.033386
-0.033398
-0.033410
-0.033421
-0.033433
-0.033445
-0.033457
-0.033468
-0.033480
-0.033492
-0.033504
-0.033515
-0.033527
-0.033539
-0.033550
-0.033562
-0.033574
-0.033585
-0.033597
-0.033609
-0.033620
-0.033632
-0.033644
-0.033655
-0.033667
-0.033679
-0.033690
-0.033702
-0.033713
-0.033725
-0.033737
-0.033748
-0.033760
-0.033771
-0.033783
-0.033795
-0.033806
-0.033818
-0.033829
-0.033841
-0.033852
-0.033864
-0.033875
-0.033887
-0.033898
-0.033910
-0.033921
-0.033933
-0.033944
-0.033956
-0.033967
-0.033979
-0.033990
-0.034001
-0.034013
-0.034024
-0.034036
-0.034047
-0.034059
-0.034070
-0.034081
-0.034093
-0.034104
-0.034116
-0.034127
-0.034138
-0.034150
-0.034161
-0.034172
-0.034184
-0.034195
-0.034206
-0.034218
-0.034229
-0.034240
-0.034252
-0.034263
-0.034274
-0.034285
-0.034297
-0.034308
-0.034319
-0.034330
-0.034342
-0.034353
-0.034364
-0.034375
-0.034387
-0.034398
-0.034409
-0.034420
-0.034431
-0.034443
-0.034454
-0.034465
-0.034476
-0.034487
-0.034498
-0.034510
-0.034521
-0.034532
-0.034543
-0.034554
-0.034565
-0.034576
-0.034588
-0.034599
-0.034610
-0.034621
-0.034632
-0.034643
-0.034654
-0.034665
-0.034676
-0.034687
-0.034698
-0.034709
-0.034720
-0.034731
-0.034742
-0.034753
-0.034764
-0.034775
-0.034786
-0.034797
-0.034808
-0.034819
-0.034830
-0.034841
-0.034852
-0.034863
-0.034874
-0.034885
-0.034896
-0.034907
-0.034918
-0.034929
-0.034940
-0.034950
-0.034961
-0.034972
-0.034983
-0.034994
-0.035005
-0.035016
-0.035027
-0.035037
-0.035048
-0.035059
-0.035070
-0.035081
-0.035092
-0.035102
-0.035113
-0.035124
-0.035135
-0.035146
-0.035156
-0.035167
-0.035178
-0.035189
-0.035199
-0.035210
-0.035221
-0.035232
-0.035242
-0.035253
-0.035264
-0.035275
-0.035285
-0.035296
-0.035307
-0.035317
-0.035328
-0.035339
-0.035349
-0.035360
-0.035371
-0.035381
-0.035392
0.615164
1.535487
2.582001
3.225628
3.680207
4.011506
4.256704
4.438958
4.573423
4.670483
4.732597
4.768401
4.783305
4.781345
4.765656
4.738740
4.702633
4.659000
4.609233
4.554493
4.495758
4.433866
4.369503
4.303264
4.235657
4.167103
4.097961
4.028545
3.959108
3.889868
3.821009
3.752699
3.685053
3.618183
3.552186
3.487128
3.423068
3.360063
3.298143
3.237338
3.177668
3.119159
3.061811
3.005629
2.950613
2.896770
2.844085
2.792551
2.742157
2.692897
2.644752
2.597706
2.551742
2.506849
2.463005
2.420191
2.378389
2.337578
2.297744
2.258864
2.220918
2.183887
2.147750
2.112487
2.078084
2.044517
2.011768
1.979818
1.948648
1.918239
1.888574
1.859637
1.831408
1.803871
1.777008
1.750803
1.725238
1.700298
1.675967
1.652233
1.629078
1.606488
1.584448
1.562944
1.541962
1.521489
1.501511
1.482016
1.462991
1.444424
1.426305
1.408621
1.391359
1.374510
1.358061
1.342003
1.326325
1.311016
1.296068
1.281471
1.930439
2.856658
3.914856
4.586091
5.074142
5.440840
5.721217
5.937118
6.103044
6.229053
6.311718
6.363100
6.389906
6.397006
6.388106
6.366116
6.333376
6.291799
6.242985
6.188250
6.128706
6.065290
5.998822
5.929963
5.859285
5.787290
5.714397
5.640946
5.567234
5.493558
5.420091
5.347019
5.274534
5.202726
5.131703
5.061592
4.992430
4.924278
4.857216
4.791252
4.726414
4.662752
4.600256
4.538938
4.478815
4.419881
4.362129
4.305552
4.250158
4.195924
4.142837
4.090879
4.040052
3.990328
3.941689
3.894115
3.847586
3.802103
3.757630
3.714147
3.671633
3.630068
3.589449
3.549742
3.510926
3.472982
3.435890
3.399639
3.364205
3.329569
3.295709
3.262609
3.230248
3.198610
3.167689
3.137457
3.107897
3.078993
3.050728
3.023086
2.996051
2.969614
2.943758
2.918466
2.893724
2.869516
2.845830
2.822652
2.799968
2.777766
2.756038
2.734771
2.713950
2.693564
2.673601
2.654051
2.634901
2.616142
2.597764
2.579756
2.562108
2.544811
2.527863
2.511248
2.494958
2.478984
2.463317
2.447950
2.432875
2.418082
2.403566
2.389319
2.375333
2.361601
2.348118
2.334876
2.321872
2.309098
2.296547
2.284214
2.272092
2.260176
2.248460
2.236938
2.225607
2.214459
2.203492
2.192699
2.182077
2.171620
2.161325
2.151187
2.141201
2.131365
2.121674
2.112123
2.102714
2.093439
2.084295
2.075278
2.066385
2.057613
2.048958
2.040418
2.031989
2.023669
2.015454
2.007343
1.999331
1.991417
1.983599
1.975873
1.968238
1.960690
1.953229
1.945851
1.938555
1.931338
1.924199
1.917135
1.910145
1.903226
1.896378
1.889600
1.882889
1.876243
1.869661
1.863141
1.856681
1.850281
1.843938
1.837651
1.831419
1.825240
1.819114
1.813039
1.807013
1.801036
1.795106
1.789223
1.783385
1.777591
1.771840
1.766132
1.760465
1.754838
1.749250
1.743701
1.738190
1.732716
1.727277
1.721874
1.716506
1.711171
1.705869
1.700600
1.695362
1.690155
1.684979
1.679832
1.674715
1.669628
1.664569
1.659538
1.654533
1.649555
1.644604
1.639677
1.634776
1.629899
1.625046
1.620216
1.615410
1.610627
1.605865
1.601126
1.596408
1.591711
1.587035
1.582380
1.577744
1.573128
1.568532
1.563955
1.559396
1.554856
1.550334
1.545830
1.541344
1.536875
1.532423
1.527987
1.523569
1.519167
1.514781
1.510411
1.506056
1.501717
1.497394
1.493085
1.488791
1.484512
1.480247
1.475997
1.471761
1.467539
1.463330
1.459136
1.454955
1.450788
1.446634
1.442494
1.438367
1.434252
1.430150
1.426061
1.421984
1.417920
1.413867
1.409827
1.405798
1.401782
1.397777
1.393783
1.389801
1.385831
1.381871
1.377923
1.373986
1.370060
1.366145
1.362241
1.358347
1.354464
1.350591
1.346729
1.342878
1.339037
1.335206
1.331385
1.327574
1.323774
1.319983
1.316202
1.312431
1.308670
1.304919
1.301178
1.297446
1.293723
1.290010
1.286307
1.282613
1.278928
1.275253
1.271587
1.267930
1.264283
1.260644
1.257015
1.253394
1.249783
1.246181
1.242587
1.239002
1.235427
1.231861
1.228304
1.224755
1.221216
1.217685
1.214163
1.210649
1.207144
1.203648
1.200160
1.196681
1.193210
1.189747
1.186293
1.182847
1.179410
1.175981
1.172560
1.169147
1.165743
1.162347
1.158959
1.155579
1.152207
1.148843
1.145488
1.142140
1.138800
1.135469
1.132145
1.128829
1.125522
1.122222
1.118930
1.115646
1.112369
1.109101
1.105840
1.102587
1.099342
1.096104
1.092875
1.089653
1.086438
1.083232
1.080032
1.076841
1.073657
1.070481
1.067312
1.064151
1.060997
1.057851
1.054713
1.051581
1.048458
1.045341
1.042233
1.039131
1.036037
1.032951
1.029871
1.026800
1.023735
1.020678
1.017628
1.014586
1.011551
1.008523
1.005503
1.002490
0.999485
0.996487
0.993495
0.990511
0.987535
0.984565
0.981603
0.978647
0.975699
0.972758
0.969824
0.966897
0.963977
0.961064
0.958158
0.955259
0.952367
0.949482
0.946604
0.943733
0.940869
0.938012
0.935161
0.932318
0.929481
0.926652
0.923829
0.921013
0.918203
0.915401
0.912605
0.909817
0.907035
0.904259
0.901491
0.898729
0.895974
0.893225
0.890484
0.887749
0.885020
0.882299
0.879583
0.876875
0.874173
0.871478
0.868789
0.866107
0.863432
0.860763
0.858100
0.855445
0.852795
0.850152
0.847516
0.844886
0.842263
0.839646
0.837035
0.834431
0.831833
0.829242
0.826657
0.824079
0.821507
0.818941
0.816381
0.813828
0.811281
0.808741
0.806207
0.803679
0.801157
0.798642
0.796133
0.793631
0.791134
0.788645
0.786161
0.783683
0.781212
0.778747
0.776288
0.773835
0.771389
0.768948
0.766514
0.764085
0.761663
0.759247
0.756837
0.754433
0.752035
0.749643
0.747257
0.744877
0.742503
0.740135
0.737773
0.735417
0.733067
0.730723
0.728384
0.726052
0.723726
0.721405
0.719090
0.716781
0.714478
0.712181
0.709890
0.707604
0.705324
0.703050
0.700782
0.698520
0.696263
0.694012
0.691767
0.689527
0.687294
0.685065
0.682843
0.680626
0.678415
0.676210
0.674010
0.671816
0.669627
0.667444
0.665267
0.663095
0.660929
0.658768
0.656613
0.654464
0.652320
0.650181
0.648048
0.645921
0.643799
0.641682
0.639571
0.637465
0.635365
0.633270
0.631181
0.629097
0.627018
0.624945
0.622877
0.620814
0.618757
0.616705
0.614659
0.612618
0.610582
0.608551
0.606526
0.604506
0.602491
0.600482
0.598477
0.596478
0.594484
0.592496
0.590512
0.588534
0.586561
0.584593
0.582630
0.580672
0.578720
0.576773
0.574831
0.572894
0.570962
0.569035
0.567113
0.565197
0.563285
0.561379
0.559477
0.557581
0.555689
0.553803
0.551921
0.550045
0.548173
0.546307
0.544445
0.542588
0.540736
0.538889
0.537047
0.535210
0.533378
0.531550
0.529728
0.527910
0.526097
0.524289
0.522486
0.520687
0.518893
0.517104
0.515320
0.513541
0.511766
0.509996
0.508231
0.506470
0.504714
0.502963
0.501217
0.499475
0.497738
0.496005
0.494278
0.492554
0.490836
0.489122
0.487412
0.485708
0.484007
0.482312
0.480621
0.478934
0.477252
0.475575
0.473902
0.472233
0.470569
0.468910
0.467255
0.465604
0.463958
0.462317
0.460680
0.459047
0.457418
0.455795
0.454175
0.452560
0.450949
0.449343
0.447741
0.446143
0.444550
0.442961
0.441376
0.439796
0.438219
0.436648
0.435080
0.433517
0.431958
0.430403
0.428853
0.427306
0.425764
0.424227
0.422693
0.421163
0.419638
0.418117
0.416600
0.415087
0.413579
0.412074
0.410574
0.409078
0.407586
0.406098
0.404614
0.403134
0.401658
0.400186
0.398719
0.397255
0.395795
0.394340
0.392888
0.391441
0.389997
0.388557
0.387122
0.385690
0.384262
0.382839
0.381419
0.380003
0.378591
0.377183
0.375779
0.374379
0.372982
0.371590
0.370201
0.368816
0.367436
0.366059
0.364685
0.363316
0.361950
0.360588
0.359230
0.357876
0.356526
0.355179
0.353837
0.352498
0.351162
0.349831
0.348503
0.347179
0.345859
0.344542
0.343229
0.341920
0.340614
0.339312
0.338014
0.336719
0.335428
0.334141
0.332857
0.331577
0.330300
0.329027
0.327758
0.326492
0.325230
0.323971
0.322716
0.321464
0.320216
0.318972
0.317731
0.316493
0.315259
0.314029
0.312801
0.311578
0.310358
0.309141
0.307928
0.306718
0.305512
0.304309
0.303109
0.301913
0.300721
0.299531
0.298345
0.297163
0.295984
0.294808
0.293635
0.292466
0.291301
0.290138
0.288979
0.287823
0.286671
0.285521
0.284375
0.283233
0.282093
0.280957
0.279824
0.278695
0.277568
0.276445
0.275325
0.274208
0.273095
0.271984
0.270877
0.269773
0.268672
0.267575
0.266480
0.265389
0.264301
0.263216
0.262134
0.261055
0.259979
0.258907
0.257837
0.256771
0.255708
0.254647
0.253590
0.252536
0.251485
0.250437
0.249392
0.248350
0.247311
0.246275
0.245243
0.244213
0.243186
0.242162
0.241141
0.240123
0.239108
0.238096
0.237087
0.236081
0.235077
0.234077
0.233080
0.232085
0.231094
0.230105
0.229119
0.228136
0.227156
0.226179
0.225205
0.224234
0.223265
0.222299
0.221336
0.220376
0.219419
0.218465
0.217513
0.216564
0.215618
0.214675
0.213734
0.212797
0.211862
0.210930
0.210000
0.209073
0.208150
0.207228
0.206310
0.205394
0.204481
0.203571
0.202663
0.201758
0.200856
0.199956
0.199059
0.198165
0.197273
0.196384
0.195498
0.194614
0.193733
0.192854
0.191979
0.191105
0.190235
0.189367
0.188501
0.187638
0.186778
0.185920
0.185065
0.184213
0.183362
0.182515
0.181670
0.180828
0.179988
0.179150
0.178315
0.177483
0.176653
0.175826
0.175001
0.174178
0.173358
0.172541
0.171726
0.170913
0.170103
0.169296
0.168490
0.167688
0.166887
0.166089
0.165294
0.164501
0.163710
0.162922
0.162136
0.161352
0.160571
0.159792
0.159016
0.158242
0.157470
0.156701
0.155934
0.155169
0.154407
0.153647
0.152889
0.152133
0.151380
0.150629
0.149881
0.149135
0.148391
0.147649
0.146910
0.146173
0.145438
0.144705
0.143975
0.143247
0.142521
0.141797
0.141076
0.140356
0.139639
0.138925
0.138212
0.137502
0.136794
0.136088
0.135384
0.134682
0.133983
0.133286
0.132591
0.131898
0.131207
0.130518
0.129832
0.129147
0.128465
0.127785
0.127107
0.126431
0.125757
0.125086
0.124416
0.123749
0.123083
0.122420
0.121759
0.121099
0.120442
0.119787
0.119134
0.118483
0.117834
0.117187
0.116543
0.115900
0.115259
0.114620
0.113983
0.113349
0.112716
0.112085
0.111456
0.110830
0.110205
0.109582
0.108961
0.108342
0.107725
0.107110
0.106497
0.105886
0.105277
0.104670
0.104065
0.103461
0.102860
0.102261
0.101663
0.101067
0.100474
0.099882
0.099292
0.098704
0.098118
0.097533
0.096951
0.096370
0.095792
0.095215
0.094640
0.094067
0.093496
0.092926
0.092359
0.091793
0.091229
0.090667
0.090107
0.089548
0.088992
0.088437
0.087884
0.087333
0.086783
0.086236
0.085690
0.085146
0.084603
0.084063
0.083524
0.082987
0.082452
0.081919
0.081387
0.080857
0.080329
0.079802
0.079277
0.078754
0.078233
0.077714
0.077196
0.076680
0.076165
0.075652
0.075141
0.074632
0.074124
0.073618
0.073114
0.072612
0.072111
0.071611
0.071114
0.070618
0.070124
0.069631
0.069140
0.068651
0.068163
0.067677
0.067193
0.066710
0.066229
0.065749
0.065272
0.064795
0.064321
0.063848
0.063376
0.062906
0.062438
0.061971
0.061506
0.061043
0.060581
0.060121
0.059662
0.059205
0.058749
0.058295
0.057843
0.057392
0.056942
0.056495
0.056048
0.055603
0.055160
0.054719
0.054278
0.053840
0.053403
0.052967
0.052533
0.052101
0.051669
0.051240
0.050812
0.050385
0.049960
0.049537
0.049115
0.048694
0.048275
0.047857
0.047441
0.047026
0.046613
0.046201
0.045791
0.045382
0.044975
0.044569
0.044164
0.043761
0.043360
0.042959
0.042561
0.042163
0.041767
0.041373
0.040980
0.040588
0.040198
0.039809
0.039422
0.039036
0.038651
0.038268
0.037886
0.037505
0.037126
0.036749
0.036372
0.035997
0.035624
0.035252
0.034881
0.034511
0.034143
0.033776
0.033411
0.033047
0.032684
0.032323
0.031963
0.031604
0.031247
0.030891
0.030536
0.030183
0.029831
0.029480
0.029131
0.028783
0.028436
0.028091
0.027746
0.027404
0.027062
0.026722
0.026383
0.026045
0.025709
0.025374
0.025040
0.024707
0.024376
0.024046
0.023717
0.023390
0.023064
0.022739
0.022415
0.022093
0.021771
0.021451
0.021133
0.020815
0.020499
0.020184
0.019871
0.019558
0.019247
0.018937
0.018628
0.018320
0.018014
0.017709
0.017405
0.017102
0.016801
0.016500
0.016201
0.015903
0.015607
0.015311
0.015017
0.014724
0.014432
0.014141
0.013851
0.013563
0.013276
0.012990
0.012705
0.012421
0.012138
0.011857
0.011577
0.011298
0.011020
0.010743
0.010467
0.010193
0.009919
0.009647
0.009376
0.009106
0.008837
0.008570
0.008303
0.008038
0.007773
0.007510
0.007248
0.006987
0.006727
0.006468
0.006211
0.005954
0.005699
0.005444
0.005191
0.004939
0.004688
0.004438
0.004189
0.003941
0.003694
0.003449
0.003204
0.002960
0.002718
0.002477
0.002236
0.001997
0.001759
0.001522
0.001286
0.001050
0.000816
0.000583
0.000352
0.000121
-0.000109
-0.000338
-0.000566
-0.000792
-0.001018
-0.001243
-0.001467
-0.001689
-0.001911
-0.002132
-0.002351
-0.002570
-0.002787
-0.003004
-0.003220
-0.003434
-0.003648
-0.003860
-0.004072
-0.004283
-0.004492
-0.004701
-0.004909
-0.005115
-0.005321
-0.005526
-0.005730
-0.005932
-0.006134
-0.006335
-0.006535
-0.006734
-0.006932
-0.007129
-0.007325
-0.007520
-0.007715
-0.007908
-0.008100
-0.008292
-0.008482
-0.008672
-0.008860
-0.009048
-0.009235
-0.009421
-0.009606
-0.009790
-0.009973
-0.010155
-0.010336
-0.010517
-0.010696
-0.010875
-0.011052
-0.011229
-0.011405
-0.011580
-0.011754
-0.011928
-0.012100
-0.012271
-0.012442
-0.012612
-0.012781
-0.012949
-0.013116
-0.013282
-0.013448
-0.013612
-0.013776
-0.013939
-0.014101
-0.014262
-0.014422
-0.014582
-0.014741
-0.014898
-0.015055
-0.015212
-0.015367
-0.015521
-0.015675
-0.015828
-0.015980
-0.016131
-0.016282
-0.016431
-0.016580
-0.016728
-0.016876
-0.017022
-0.017168
-0.017313
-0.017457
-0.017600
-0.017742
-0.017884
-0.018025
-0.018165
-0.018305
-0.018443
-0.018581
-0.018718
-0.018855
-0.018990
-0.019125
-0.019259
-0.019393
-0.019525
-0.019657
-0.019788
-0.019919
-0.020048
-0.020177
-0.020306
-0.020433
-0.020560
-0.020686
-0.020811
-0.020936
-0.021060
-0.021183
-0.021305
-0.021427
-0.021548
-0.021669
-0.021788
-0.021907
-0.022026
-0.022143
-0.022260
-0.022377
-0.022492
-0.022607
-0.022721
-0.022835
-0.022948
-0.023060
-0.023172
-0.023283
-0.023393
-0.023503
-0.023612
-0.023720
-0.023828
-0.023935
-0.024042
-0.024147
-0.024253
-0.024357
-0.024461
-0.024565
-0.024667
-0.024769
-0.024871
-0.024972
-0.025072
-0.025172
-0.025271
-0.025369
-0.025467
-0.025565
-0.025661
-0.025757
-0.025853
-0.025948
-0.026042
-0.026136
-0.026229
-0.026322
-0.026414
-0.026506
-0.026597
-0.026687
-0.026777
-0.026867
-0.026955
-0.027044
-0.027131
-0.027219
-0.027305
-0.027391
-0.027477
-0.027562
-0.027647
-0.027731
-0.027814
-0.027897
-0.027980
-0.028062
-0.028143
-0.028224
-0.028305
-0.028384
-0.028464
-0.028543
-0.028621
-0.028699
-0.028777
-0.028854
-0.028931
-0.029007
-0.029082
-0.029157
-0.029232
-0.029306
-0.029380
-0.029453
-0.029526
-0.029599
-0.029671
-0.029742
-0.029813
-0.029884
-0.029954
-0.030024
-0.030093
-0.030162
-0.030231
-0.030299
-0.030366
-0.030433
-0.030500
-0.030567
-0.030633
-0.030698
-0.030763
-0.030828
-0.030892
-0.030956
-0.031020
-0.031083
-0.031146
-0.031208
-0.031270
-0.031332
-0.031393
-0.031454
-0.031514
-0.031574
-0.031634
-0.031694
-0.031753
-0.031811
-0.031870
-0.031928
-0.031985
-0.032042
-0.032099
-0.032156
-0.032212
-0.032268
-0.032323
-0.032379
-0.032433
-0.032488
-0.032542
-0.032596
-0.032650
-0.032703
-0.032756
-0.032808
-0.032861
-0.032913
-0.032964
-0.033016
-0.033067
-0.033117
-0.033168
-0.033218
-0.033268
-0.033317
-0.033367
-0.033416
-0.033464
-0.033513
-0.033561
-0.033609
-0.033656
-0.033704
-0.033751
-0.033797
-0.033844
-0.033890
-0.033936
-0.033982
-0.034027
-0.034072
-0.034117
-0.034162
-0.034206
-0.034250
-0.034294
-0.034338
-0.034381
-0.034424
-0.034467
-0.034510
-0.034552
-0.034595
-0.034637
-0.034678
-0.034720
-0.034761
-0.034802
-0.034843
-0.034884
-0.034924
-0.034964
-0.035004
-0.035044
-0.035084
-0.035123
-0.035162
-0.035201
-0.035240
-0.035278
-0.035316
-0.035355
-0.035392
-0.035430
-0.035468
-0.035505
-0.035542
-0.035579
-0.035616
-0.035652
-0.035689
-0.035725
-0.035761
-0.035797
-0.035832
-0.035868
-0.035903
-0.035938
-0.035973
-0.036008
-0.036043
-0.036077
-0.036112
-0.036146
-0.036180
-0.036213
-0.036247
-0.036281
-0.036314
-0.036347
-0.036380
-0.036413
-0.036446
-0.036478
-0.036511
-0.036543
-0.036575
-0.036607
-0.036639
-0.036670
-0.036702
-0.036733
-0.036765
-0.036796
-0.036827
-0.036857
-0.036888
-0.036919
-0.036949
-0.036980
-0.037010
-0.037040
-0.037070
-0.037099
-0.037129
-0.037159
-0.037188
-0.037217
-0.037247
-0.037276
-0.037305
-0.037334
-0.037362
-0.037391
-0.037419
-0.037448
-0.037476
-0.037504
-0.037532
-0.037560
-0.037588
-0.037616
-0.037643
-0.037671
-0.037698
-0.037725
-0.037753
-0.037780
-0.037807
-0.037834
-0.037860
-0.037887
-0.037914
-0.037940
-0.037967
-0.037993
-0.038019
-0.038045
-0.038071
-0.038097
-0.038123
-0.038149
-0.038175
-0.038200
-0.038226
-0.038251
-0.038276
-0.038302
-0.038327
-0.038352
-0.038377
-0.038402
-0.038426
-0.038451
-0.038476
-0.038500
-0.038525
-0.038549
-0.038574
-0.038598
-0.038622
-0.038646
-0.038670
-0.038694
-0.038718
-0.038742
-0.038766
-0.038789
-0.038813
-0.038837
-0.038860
-0.038883
-0.038907
-0.038930
-0.038953
-0.038976
-0.038999
-0.039022
-0.039045
-0.039068
-0.039091
-0.039114
-0.039136
-0.039159
-0.039181
-0.039204
-0.039226
-0.039249
-0.039271
-0.039293
-0.039315
-0.039337
-0.039359
-0.039381
-0.039403
-0.039425
-0.039447
-0.039469
-0.039491
-0.039512
-0.039534
-0.039555
-0.039577
-0.039598
-0.039620
-0.039641
-0.039662
-0.039683
-0.039705
-0.039726
-0.039747
-0.039768
-0.039789
-0.039810
-0.039830
-0.039851
-0.039872
-0.039893
-0.039913
-0.039934
-0.039954
-0.039975
-0.039995
-0.040016
-0.040036
-0.040056
-0.040077
-0.040097
-0.040117
-0.040137
-0.040157
-0.040177
-0.040197
-0.040217
-0.040237
-0.040257
-0.040277
-0.040297
-0.040316
-0.040336
-0.040356
-0.040375
-0.040395
-0.040414
-0.040434
-0.040453
-0.040473
-0.040492
-0.040511
-0.040530
-0.040550
-0.040569
-0.040588
-0.040607
-0.040626
-0.040645
-0.040664
-0.040683
-0.040702
-0.040721
-0.040740
-0.040758
-0.040777
-0.040796
-0.040815
-0.040833
-0.040852
-0.040870
-0.040889
-0.040907
-0.040926
-0.040944
-0.040962
-0.040981
-0.040999
-0.041017
-0.041036
-0.041054
-0.041072
-0.041090
-0.041108
-0.041126
-0.041144
-0.041162
-0.041180
-0.041198
-0.041216
-0.041234
-0.041251
-0.041269
-0.041287
-0.041305
-0.041322
-0.041340
-0.041358
-0.041375
-0.041393
-0.041410
-0.041428
-0.041445
-0.041462
-0.041480
-0.041497
-0.041514
-0.041532
-0.041549
-0.041566
-0.041583
-0.041600
-0.041618
-0.041635
-0.041652
-0.041669
-0.041686
-0.041703
-0.041719
-0.041736
-0.041753
-0.041770
-0.041787
-0.041804
-0.041820
-0.041837
-0.041854
-0.041870
-0.041887
-0.041903
-0.041920
-0.041936
-0.041953
-0.041969
-0.041986
-0.042002
-0.042019
-0.042035
-0.042051
-0.042068
-0.042084
-0.042100
-0.042116
-0.042132
-0.042148
-0.042165
-0.042181
-0.042197
-0.042213
-0.042229
-0.042245
-0.042260
-0.042276
-0.042292
-0.042308
-0.042324
-0.042340
-0.042355
-0.042371
-0.042387
-0.042402
-0.042418
-0.042434
-0.042449
-0.042465
-0.042480
-0.042496
-0.042511
-0.042527
-0.042542
-0.042558
-0.042573
-0.042588
-0.042604
-0.042619
-0.042634
-0.042649
-0.042664
-0.042680
-0.042695
-0.042710
-0.042725
-0.042740
-0.042755
-0.042770
-0.042785
-0.042800
-0.042815
-0.042830
-0.042845
-0.042859
-0.042874
-0.042889
-0.042904
-0.042919
-0.042933
-0.042948
-0.042963
-0.042977
-0.042992
-0.043006
-0.043021
-0.043035
-0.043050
-0.043064
-0.043079
-0.043093
-0.043108
-0.043122
-0.043136
-0.043151
-0.043165
-0.043179
-0.043193
-0.043208
-0.043222
-0.043236
-0.043250
-0.043264
-0.043278
-0.043292
-0.043306
-0.043320
-0.043334
-0.043348
-0.043362
-0.043376
-0.043390
-0.043404
-0.043418
-0.043432
-0.043445
-0.043459
-0.043473
-0.043487
-0.043500
-0.043514
-0.043528
-0.043541
-0.043555
-0.043568
-0.043582
-0.043595
-0.043609
-0.043622
-0.043636
-0.043649
-0.043662
-0.043676
-0.043689
-0.043702
-0.043716
-0.043729
-0.043742
-0.043755
-0.043769
-0.043782
-0.043795
-0.043808
-0.043821
-0.043834
-0.043847
-0.043860
-0.043873
-0.043886
-0.043899
-0.043912
-0.043925
-0.043938
-0.043951
-0.043964
-0.043976
-0.043989
-0.044002
-0.044015
-0.044027
-0.044040
-0.044053
-0.044065
-0.044078
-0.044091
-0.044103
-0.044116
-0.044128
-0.044141
-0.044153
-0.044166
-0.044178
-0.044190
-0.044203
-0.044215
-0.044227
-0.044240
-0.044252
-0.044264
-0.044277
-0.044289
-0.044301
-0.044313
-0.044325
-0.044338
-0.044350
-0.044362
-0.044374
-0.044386
-0.044398
-0.044410
-0.044422
-0.044434
-0.044446
-0.044458
-0.044469
-0.044481
-0.044493
-0.044505
-0.044517
-0.044529
-0.044540
-0.044552
-0.044564
-0.044575
-0.044587
-0.044599
-0.044610
-0.044622
-0.044634
-0.044645
-0.044657
-0.044668
-0.044680
-0.044691
-0.044703
-0.044714
-0.044725
-0.044737
-0.044748
-0.044759
-0.044771
-0.044782
-0.044793
-0.044805
-0.044816
-0.044827
-0.044838
-0.044849
-0.044861
-0.044872
-0.044883
-0.044894
-0.044905
-0.044916
-0.044927
-0.044938
-0.044949
-0.044960
-0.044971
-0.044982
-0.044993
-0.045004
-0.045014
-0.045025
-0.045036
-0.045047
-0.045058
-0.045068
-0.045079
-0.045090
-0.045100
-0.045111
-0.045122
-0.045132
-0.045143
-0.045154
-0.045164
-0.045175
-0.045185
-0.045196
-0.045206
-0.045217
-0.045227
-0.045238
-0.045248
-0.045258
-0.045269
-0.045279
-0.045289
-0.045300
-0.045310
-0.045320
-0.045331
-0.045341
-0.045351
-0.045361
-0.045371
-0.045381
-0.045392
-0.045402
-0.045412
-0.045422
-0.045432
-0.045442
-0.045452
-0.045462
-0.045472
-0.045482
-0.045492
-0.045502
-0.045512
-0.045522
-0.045531
-0.045541
-0.045551
-0.045561
-0.045571
-0.045580
-0.045590
-0.045600
-0.045610
-0.045619
-0.045629
-0.045639
-0.045648
-0.045658
-0.045668
-0.045677
-0.045687
-0.045696
-0.045706
-0.045715
-0.045725
-0.045734
-0.045744
-0.045753
-0.045762
-0.045772
-0.045781
-0.045791
-0.045800
-0.045809
-0.045819
-0.045828
-0.045837
-0.045846
-0.045856
-0.045865
-0.045874
-0.045883
-0.045892
-0.045902
-0.045911
-0.045920
-0.045929
-0.045938
-0.045947
-0.045956
-0.045965
-0.045974
-0.045983
-0.045992
-0.046001
-0.046010
-0.046019
-0.046028
-0.046037
-0.046045
-0.046054
-0.046063
-0.046072
-0.046081
-0.046090
-0.046098
-0.046107
-0.046116
-0.046124
-0.046133
-0.046142
-0.046151
-0.046159
-0.046168
-0.046176
-0.046185
-0.046194
-0.046202
-0.046211
-0.046219
-0.046228
-0.046236
-0.046245
-0.046253
-0.046262
-0.046270
-0.046278
-0.046287
-0.046295
-0.046304
-0.046312
-0.046320
-0.046329
-0.046337
-0.046345
-0.046353
-0.046362
-0.046370
-0.046378
-0.046386
-0.046395
-0.046403
-0.046411
-0.046419
-0.046427
-0.046435
-0.046443
-0.046451
-0.046459
-0.046468
-0.046476
-0.046484
-0.046492
-0.046500
-0.046508
-0.046515
-0.046523
-0.046531
-0.046539
-0.046547
-0.046555
-0.046563
-0.046571
-0.046579
-0.046586
-0.046594
-0.046602
-0.046610
-0.046617
-0.046625
-0.046633
-0.046641
-0.046648
-0.046656
-0.046664
-0.046671
-0.046679
-0.046687
-0.046694
-0.046702
-0.046709
-0.046717
-0.046725
-0.046732
-0.046740
-0.046747
-0.046755
-0.046762
-0.046770
-0.046777
-0.046784
-0.046792
-0.046799
-0.046807
-0.046814
-0.046821
-0.046829
-0.046836
-0.046843
-0.046851
-0.046858
-0.046865
-0.046872
-0.046880
-0.046887
-0.046894
-0.046901
-0.046909
-0.046916
-0.046923
-0.046930
-0.046937
-0.046944
-0.046951
-0.046959
-0.046966
-0.046973
-0.046980
-0.046987
-0.046994
-0.047001
-0.047008
-0.047015
-0.047022
-0.047029
-0.047036
-0.047043
-0.047050
-0.047056
-0.047063
-0.047070
-0.047077
-0.047084
-0.047091
-0.047098
-0.047104
-0.047111
-0.047118
-0.047125
-0.047132
-0.047138
-0.047145
-0.047152
-0.047159
-0.047165
-0.047172
-0.047179
-0.047185
-0.047192
-0.047199
-0.047205
-0.047212
-0.047218
-0.047225
-0.047232
-0.047238
-0.047245
-0.047251
-0.047258
-0.047264
-0.047271
-0.047277
-0.047284
-0.047290
-0.047297
-0.047303
-0.047309
-0.047316
-0.047322
-0.047329
-0.047335
-0.047341
-0.047348
-0.047354
-0.047360
-0.047367
-0.047373
-0.047379
-0.047386
-0.047392
-0.047398
-0.047404
-0.047411
-0.047417
-0.047423
-0.047429
-0.047435
-0.047442
-0.047448
-0.047454
-0.047460
-0.047466
-0.047472
-0.047478
-0.047485
-0.047491
-0.047497
-0.047503
-0.047509
-0.047515
-0.047521
-0.047527
-0.047533
-0.047539
-0.047545
-0.047551
-0.047557
-0.047563
-0.047569
-0.047575
-0.047581
-0.047586
-0.047592
-0.047598
-0.047604
-0.047610
-0.047616
-0.047622
-0.047627
-0.047633
-0.047639
-0.047645
-0.047651
-0.047656
-0.047662
-0.047668
-0.047674
-0.047679
-0.047685
-0.047691
-0.047696
-0.047702
-0.047708
-0.047714
-0.047719
-0.047725
-0.047730
-0.047736
-0.047742
-0.047747
-0.047753
-0.047758
-0.047764
-0.047770
-0.047775
-0.047781
-0.047786
-0.047792
-0.047797
-0.047803
-0.047808
-0.047814

