0.000000
0.000000
-0.000025
-0.000051
-0.000077
-0.000102
-0.000127
-0.000152
-0.000176
-0.000200
-0.000224
-0.000247
-0.000270
-0.000292
-0.000315
-0.000337
-0.000358
-0.000380
-0.000401
-0.000422
-0.000443
-0.000464
-0.000485
-0.000505
-0.000526
-0.000546
-0.000566
-0.000586
-0.000606
-0.000626
-0.000646
-0.000666
-0.000686
-0.000706
-0.000726
-0.000745
-0.000765
-0.000785
-0.000804
-0.000824
-0.000843
-0.000863
-0.000882
-0.000902
-0.000921
-0.000941
-0.000960
-0.000979
-0.000999
-0.001018
-0.001038
-0.001057
-0.001077
-0.001096
-0.001115
-0.001135
-0.001154
-0.001174
-0.001193
-0.001212
-0.001232
-0.001251
-0.001271
-0.001290
-0.001310
-0.001329
-0.001349
-0.001368
-0.001388
-0.001407
-0.001427
-0.001446
-0.001466
-0.001486
-0.001505
-0.001525
-0.001544
-0.001564
-0.001584
-0.001603
-0.001623
-0.001643
-0.001663
-0.001682
-0.001702
-0.001722
-0.001742
-0.001762
-0.001782
-0.001801
-0.001821
-0.001841
-0.001861
-0.001881
-0.001901
-0.001921
-0.001941
-0.001961
-0.001981
-0.002001
-0.002022
-0.002042
-0.002062
-0.002082
-0.002102
-0.002122
-0.002143
-0.002163
-0.002183
-0.002203
-0.002224
-0.002244
-0.002265
-0.002285
-0.002305
-0.002326
-0.002346
-0.002367
-0.002387
-0.002408
-0.002428
-0.002449
-0.002469
-0.002490
-0.002511
-0.002531
-0.002552
-0.002572
-0.002593
-0.002614
-0.002635
-0.002655
-0.002676
-0.002697
-0.002718
-0.002739
-0.002759
-0.002780
-0.002801
-0.002822
-0.002843
-0.002864
-0.002885
-0.002906
-0.002927
-0.002948
-0.002969
-0.002990
-0.003011
-0.003032
-0.003053
-0.003075
-0.003096
-0.003117
-0.003138
-0.003159
-0.003181
-0.003202
-0.003223
-0.003244
-0.003266
-0.003287
-0.003308
-0.003330
-0.003351
-0.003372
-0.003394
-0.003415
-0.003437
-0.003458
-0.003480
-0.003501
-0.003523
-0.003544
-0.003566
-0.003587
-0.003609
-0.003630
-0.003652
-0.003674
-0.003695
-0.003717
-0.003738
-0.003760
-0.003782
-0.003803
-0.003825
-0.003847
-0.003869
-0.003890
-0.003912
-0.003934
-0.003956
-0.003978
-0.003999
-0.004021
-0.004043
-0.004065
-0.004087
-0.004109
-0.004131
-0.004152
-0.004174
-0.004196
-0.004218
-0.004240
-0.004262
-0.004284
-0.004306
-0.004328
-0.004350
-0.004372
-0.004394
-0.004416
-0.004438
-0.004460
-0.004482
-0.004505
-0.004527
-0.004549
-0.004571
-0.004593
-0.004615
-0.004637
-0.004660
-0.004682
-0.004704
-0.004726
-0.004748
-0.004771
-0.004793
-0.004815
-0.004837
-0.004860
-0.004882
-0.004904
-0.004926
-0.004949
-0.004971
-0.004993
-0.005016
-0.005038
-0.005060
-0.005083
-0.005105
-0.005127
-0.005150
-0.005172
-0.005194
-0.005217
-0.005239
-0.005262
-0.005284
-0.005306
-0.005329
-0.005351
-0.005374
-0.005396
-0.005419
-0.005441
-0.005464
-0.005486
-0.005509
-0.005531
-0.005554
-0.005576
-0.005599
-0.005621
-0.005644
-0.005666
-0.005689
-0.005711
-0.005734
-0.005756
-0.005779
-0.005801
-0.005824
-0.005847
-0.005869
-0.005892
-0.005914
-0.005937
-0.005960
-0.005982
-0.006005
-0.006027
-0.006050
-0.006073
-0.006095
-0.006118
-0.006141
-0.006163
-0.006186
-0.006209
-0.006231
-0.006254
-0.006277
-0.006299
-0.006322
-0.006345
-0.006367
-0.006390
-0.006413
-0.006435
-0.006458
-0.006481
-0.006503
-0.006526
-0.006549
-0.006572
-0.006594
-0.006617
-0.006640
-0.006662
-0.006685
-0.006708
-0.006731
-0.006753
-0.006776
-0.006799
-0.006822
-0.006844
-0.006867
-0.006890
-0.006913
-0.006935
-0.006958
-0.006981
-0.007004
-0.007026
-0.007049
-0.007072
-0.007095
-0.007117
-0.007140
-0.007163
-0.007186
-0.007208
-0.007231
-0.007254
-0.007277
-0.007300
-0.007322
-0.007345
-0.007368
-0.007391
-0.007414
-0.007436
-0.007459
-0.007482
-0.007505
-0.007527
-0.007550
-0.007573
-0.007596
-0.007619
-0.007641
-0.007664
-0.007687
-0.007710
-0.007733
-0.007755
-0.007778
-0.007801
-0.007824
-0.007847
-0.007869
-0.007892
-0.007915
-0.007938
-0.007960
-0.007983
-0.008006
-0.008029
-0.008052
-0.008074
-0.008097
-0.008120
-0.008143
-0.008166
-0.008188
-0.008211
-0.008234
-0.008257
-0.008279
-0.008302
-0.008325
-0.008348
-0.008371
-0.008393
-0.008416
-0.008439
-0.008462
-0.008484
-0.008507
-0.008530
-0.008553
-0.008575
-0.008598
-0.008621
-0.008644
-0.008666
-0.008689
-0.008712
-0.008735
-0.008757
-0.008780
-0.008803
-0.008826
-0.008848
-0.008871
-0.008894
-0.008917
-0.008939
-0.008962
-0.008985
-0.009008
-0.009030
-0.009053
-0.009076
-0.009098
-0.009121
-0.009144
-0.009167
-0.009189
-0.009212
-0.009235
-0.009257
-0.009280
-0.009303
-0.009325
-0.009348
-0.009371
-0.009393
-0.009416
-0.009439
-0.009461
-0.009484
-0.009507
-0.009529
-0.009552
-0.009575
-0.009597
-0.009620
-0.009643
-0.009665
-0.009688
-0.009710
-0.009733
-0.009756
-0.009778
-0.009801
-0.009824
-0.009846
-0.009869
-0.009891
-0.009914
-0.009937
-0.009959
-0.009982
-0.010004
-0.010027
-0.010049
-0.010072
-0.010095
-0.010117
-0.010140
-0.010162
-0.010185
-0.010207
-0.010230
-0.010252
-0.010275
-0.010297
-0.010320
-0.010342
-0.010365
-0.010387
-0.010410
-0.010432
-0.010455
-0.010477
-0.010500
-0.010522
-0.010545
-0.010567
-0.010590
-0.010612
-0.010635
-0.010657
-0.010680
-0.010702
-0.010724
-0.010747
-0.010769
-0.010792
-0.010814
-0.010837
-0.010859
-0.010881
-0.010904
-0.010926
-0.010949
-0.010971
-0.010993
-0.011016
-0.011038
-0.011060
-0.011083
-0.011105
-0.011127
-0.011150
-0.011172
-0.011194
-0.011217
-0.011239
-0.011261
-0.011284
-0.011306
-0.011328
-0.011351
-0.011373
-0.011395
-0.011417
-0.011440
-0.011462
-0.011484
-0.011506
-0.011529
-0.011551
-0.011573
-0.011595
-0.011617
-0.011640
-0.011662
-0.011684
-0.011706
-0.011728
-0.011751
-0.011773
-0.011795
-0.011817
-0.011839
-0.011861
-0.011884
-0.011906
-0.011928
-0.011950
-0.011972
-0.011994
-0.012016
-0.012038
-0.012061
-0.012083
-0.012105
-0.012127
-0.012149
-0.012171
-0.012193
-0.012215
-0.012237
-0.012259
-0.012281
-0.012303
-0.012325
-0.012347
-0.012369
-0.012391
-0.012413
-0.012435
-0.012457
-0.012479
-0.012501
-0.012523
-0.012545
-0.012567
-0.012589
-0.012611
-0.012633
-0.012655
-0.012676
-0.012698
-0.012720
-0.012742
-0.012764
-0.012786
-0.012808
-0.012830
-0.012851
-0.012873
-0.012895
-0.012917
-0.012939
-0.012961
-0.012982
-0.013004
-0.013026
-0.013048
-0.013070
-0.013091
-0.013113
-0.013135
-0.013157
-0.013178
-0.013200
-0.013222
-0.013244
-0.013265
-0.013287
-0.013309
-0.013330
-0.013352
-0.013374
-0.013395
-0.013417
-0.013439
-0.013460
-0.013482
-0.013504
-0.013525
-0.013547
-0.013569
-0.013590
-0.013612
-0.013633
-0.013655
-0.013677
-0.013698
-0.013720
-0.013741
-0.013763
-0.013784
-0.013806
-0.013827
-0.013849
-0.013870
-0.013892
-0.013913
-0.013935
-0.013956
-0.013978
-0.013999
-0.014021
-0.014042
-0.014064
-0.014085
-0.014106
-0.014128
-0.014149
-0.014171
-0.014192
-0.014213
-0.014235
-0.014256
-0.014278
-0.014299
-0.014320
-0.014342
-0.014363
-0.014384
-0.014406
-0.014427
-0.014448
-0.014469
-0.014491
-0.014512
-0.014533
-0.014555
-0.014576
-0.014597
-0.014618
-0.014640
-0.014661
-0.014682
-0.014703
-0.014724
-0.014746
-0.014767
-0.014788
-0.014809
-0.014830
-0.014851
-0.014872
-0.014894
-0.014915
-0.014936
-0.014957
-0.014978
-0.014999
-0.015020
-0.015041
-0.015062
-0.015083
-0.015104
-0.015125
-0.015146
-0.015168
-0.015189
-0.015210
-0.015231
-0.015252
-0.015272
-0.015293
-0.015314
-0.015335
-0.015356
-0.015377
-0.015398
-0.015419
-0.015440
-0.015461
-0.015482
-0.015503
-0.015524
-0.015544
-0.015565
-0.015586
-0.015607
-0.015628
-0.015649
-0.015670
-0.015690
-0.015711
-0.015732
-0.015753
-0.015774
-0.015794
-0.015815
-0.015836
-0.015857
-0.015877
-0.015898
-0.015919
-0.015939
-0.015960
-0.015981
-0.016002
-0.016022
-0.016043
-0.016064
-0.016084
-0.016105
-0.016125
-0.016146
-0.016167
-0.016187
-0.016208
-0.016228
-0.016249
-0.016270
-0.016290
-0.016311
-0.016331
-0.016352
-0.016372
-0.016393
-0.016413
-0.016434
-0.016454
-0.016475
-0.016495
-0.016516
-0.016536
-0.016557
-0.016577
-0.016598
-0.016618
-0.016638
-0.016659
-0.016679
-0.016700
-0.016720
-0.016740
-0.016761
-0.016781
-0.016801
-0.016822
-0.016842
-0.016862
-0.016883
-0.016903
-0.016923
-0.016944
-0.016964
-0.016984
-0.017004
-0.017025
-0.017045
-0.017065
-0.017085
-0.017106
-0.017126
-0.017146
-0.017166
-0.017186
-0.017207
-0.017227
-0.017247
-0.017267
-0.017287
-0.017307
-0.017327
-0.017348
-0.017368
-0.017388
-0.017408
-0.017428
-0.017448
-0.017468
-0.017488
-0.017508
-0.017528
-0.017548
-0.017568
-0.017588
-0.017608
-0.017628
-0.017648
-0.017668
-0.017688
-0.017708
-0.017728
-0.017748
-0.017768
-0.017788
-0.017808
-0.017828
-0.017847
-0.017867
-0.017887
-0.017907
-0.017927
-0.017947
-0.017967
-0.017986
-0.018006
-0.018026
-0.018046
-0.018066
-0.018085
-0.018105
-0.018125
-0.018145
-0.018164
-0.018184
-0.018204
-0.018224
-0.018243
-0.018263
-0.018283
-0.018302
-0.018322
-0.018342
-0.018361
-0.018381
-0.018401
-0.018420
-0.018440
-0.018459
-0.018479
-0.018499
-0.018518
-0.018538
-0.018557
-0.018577
-0.018596
-0.018616
-0.018636
-0.018655
-0.018675
-0.018694
-0.018714
-0.018733
-0.018752
-0.018772
-0.018791
-0.018811
-0.018830
-0.018850
-0.018869
-0.018889
-0.018908
-0.018927
-0.018947
-0.018966
-0.018985
-0.019005
-0.019024
-0.019043
-0.019063
-0.019082
-0.019101
-0.019121
-0.019140
-0.019159
-0.019179
-0.019198
-0.019217
-0.019236
-0.019256
-0.019275
-0.019294
-0.019313
-0.019332
-0.019352
-0.019371
-0.019390
-0.019409
-0.019428
-0.019447
-0.019467
-0.019486
-0.019505
-0.019524
-0.019543
-0.019562
-0.019581
-0.019600
-0.019619
-0.019638
-0.019658
-0.019677
-0.019696
-0.019715
-0.019734
-0.019753
-0.019772
-0.019791
-0.019810
-0.019829
-0.019847
-0.019866
-0.019885
-0.019904
-0.019923
-0.019942
-0.019961
-0.019980
-0.019999
-0.020018
-0.020037
-0.020055
-0.020074
-0.020093
-0.020112
-0.020131
-0.020150
-0.020168
-0.020187
-0.020206
-0.020225
-0.020243
-0.020262
-0.020281
-0.020300
-0.020318
-0.020337
-0.020356
-0.020375
-0.020393
-0.020412
-0.020431
-0.020449
-0.020468
-0.020487
-0.020505
-0.020524
-0.020543
-0.020561
-0.020580
-0.020598
-0.020617
-0.020635
-0.020654
-0.020673
-0.020691
-0.020710
-0.020728
-0.020747
-0.020765
-0.020784
-0.020802
-0.020821
-0.020839
-0.020858
-0.020876
-0.020895
-0.020913
-0.020931
-0.020950
-0.020968
-0.020987
-0.021005
-0.021024
-0.021042
-0.021060
-0.021079
-0.021097
-0.021115
-0.021134
-0.021152
-0.021170
0.476224
1.254482
2.170764
2.801259
3.244579
3.565489
3.802170
3.978047
4.108217
4.202874
4.265383
4.302873
4.320549
4.322289
4.311079
4.289284
4.258820
4.221253
4.177884
4.129800
4.077922
4.023018
3.965739
3.906644
3.846200
3.784803
3.722795
3.660461
3.598042
3.535748
3.473748
3.412189
3.351196
3.290869
3.231292
3.172539
3.114664
3.057714
3.001722
2.946727
2.892742
2.839783
2.787865
2.736990
2.687160
2.638372
2.590629
2.543920
2.498234
2.453562
2.409896
2.367221
2.325522
2.284782
2.244990
2.206129
2.168180
2.131127
2.094952
2.059641
2.025175
1.991535
1.958704
1.926665
1.895399
1.864893
1.835128
1.806086
1.777751
1.750105
1.723133
1.696818
1.671147
1.646104
1.621672
1.597836
1.574582
1.551895
1.529760
1.508165
1.487097
1.466542
1.446487
1.426919
1.407824
1.389192
1.371010
1.353266
1.335949
1.319048
1.302554
1.286455
1.270741
1.255402
1.240426
1.225806
1.211532
1.197593
1.183982
1.170690
1.157709
1.145029
1.132643
1.120545
1.108726
1.097178
1.085894
1.074867
1.064090
1.053557
1.043260
1.033194
1.023352
1.013729
1.004317
0.995113
0.986109
0.977301
0.968683
0.960251
0.951998
0.943922
0.936015
0.928276
0.920698
0.913278
0.906011
0.898893
0.891920
0.885088
0.878392
0.871831
0.865399
0.859094
0.852912
0.846849
0.840903
0.835070
0.829347
0.823732
0.818221
0.812811
0.807501
0.802287
0.797166
0.792137
0.787196
0.782341
0.777571
0.772883
0.768274
0.763742
0.759286
0.754904
0.750593
0.746352
0.742178
0.738071
0.734028
0.730048
0.726129
0.722269
0.718467
0.714721
0.711030
0.707393
0.703807
0.700272
0.696787
0.693350
0.689959
0.686614
0.683313
0.680056
0.676841
0.673667
0.670533
0.667438
0.664382
0.661362
0.658379
0.655431
0.652517
0.649637
0.646789
0.643973
0.641189
0.638435
0.635710
0.633014
0.630347
0.627707
0.625094
0.622507
0.619945
0.617409
0.614896
0.612408
0.609943
0.607500
0.605080
0.602681
0.600304
0.597947
0.595610
0.593293
0.590995
0.588717
0.586456
0.584214
0.581989
0.579781
0.577590
0.575416
0.573258
0.571115
0.568989
0.566877
0.564780
0.562697
0.560629
0.558574
0.556533
0.554506
0.552491
0.550490
0.548501
0.546524
0.544559
0.542606
0.540665
0.538735
0.536816
0.534909
0.533012
0.531126
0.529250
0.527384
0.525529
0.523683
0.521847
0.520020
0.518203
0.516395
0.514595
0.512805
0.511024
0.509251
0.507486
0.505730
0.503982
0.502242
0.500509
0.498785
0.497068
0.495359
0.493658
0.491963
0.490276
0.488596
0.486924
0.485258
0.483599
0.481946
0.480301
0.478661
0.477029
0.475403
0.473783
0.472169
0.470562
0.468960
0.467365
0.465776
0.464192
0.462615
0.461043
0.459477
0.457916
0.456361
0.454812
0.453268
0.451729
0.450196
0.448668
0.447145
0.445628
0.444115
0.442608
0.441106
0.439608
0.438116
0.436628
0.435146
0.433668
0.432195
0.430727
0.429264
0.427805
0.426351
0.424901
0.423456
0.422015
0.420579
0.419148
0.417721
0.416298
0.414880
0.413466
0.412056
0.410650
0.409249
0.407852
0.406460
0.405071
0.403686
0.402306
0.400930
0.399558
0.398190
0.396825
0.395465
0.394109
0.392757
0.391409
0.390064
0.388724
0.387387
0.386055
0.384726
0.383401
0.382079
0.380762
0.379448
0.378138
0.376832
0.375529
0.374231
0.372935
0.371644
0.370356
0.369072
0.367791
0.366514
0.365241
0.363971
0.362704
0.361442
0.360182
0.358926
0.357674
0.356425
0.355180
0.353938
0.352700
0.351465
0.350233
0.349005
0.347781
0.346559
0.345341
0.344127
0.342915
0.341708
0.340503
0.339302
0.338104
0.336909
0.335718
0.334530
0.333345
0.332163
0.330985
0.329810
0.328638
0.327470
0.326305
0.325142
0.323984
0.322828
0.321675
0.320526
0.319380
0.318237
0.317097
0.315960
0.314826
0.313695
0.312568
0.311443
0.310322
0.309204
0.308089
0.306977
0.305867
0.304761
0.303658
0.302558
0.301461
0.300368
0.299277
0.298189
0.297104
0.296022
0.294943
0.293867
0.292793
0.291723
0.290656
0.289592
0.288530
0.287472
0.286417
0.285364
0.284314
0.283267
0.282223
0.281182
0.280144
0.279109
0.278076
0.277047
0.276020
0.274996
0.273975
0.272957
0.271941
0.270929
0.269919
0.268912
0.267907
0.266906
0.265907
0.264911
0.263918
0.262928
0.261940
0.260955
0.259973
0.258994
0.258017
0.257043
0.256072
0.255103
0.254137
0.253174
0.252213
0.251256
0.250300
0.249348
0.248398
0.247451
0.246507
0.245565
0.244626
0.243689
0.242755
0.241824
0.240895
0.239969
0.239046
0.238125
0.237206
0.236291
0.235378
0.234467
0.233559
0.232654
0.231751
0.230851
0.229953
0.229058
0.228165
0.227275
0.226387
0.225502
0.224620
0.223739
0.222862
0.221987
0.221114
0.220244
0.219377
0.218511
0.217649
0.216789
0.215931
0.215076
0.214223
0.213372
0.212524
0.211679
0.210836
0.209995
0.209157
0.208321
0.207488
0.206657
0.205828
0.205002
0.204178
0.203356
0.202537
0.201720
0.200906
0.200094
0.199284
0.198477
0.197672
0.196869
0.196069
0.195271
0.194475
0.193682
0.192891
0.192102
0.191316
0.190532
0.189750
0.188970
0.188193
0.187418
0.186645
0.185875
0.185106
0.184340
0.183577
0.182815
0.182056
0.181299
0.180544
0.179792
0.179041
0.178293
0.177547
0.176804
0.176062
0.175323
0.174586
0.173851
0.173118
0.172388
0.171659
0.170933
0.170209
0.169487
0.168768
0.168050
0.167335
0.166621
0.165910
0.165201
0.164494
0.163789
0.163087
0.162386
0.161688
0.160991
0.160297
0.159605
0.158915
0.158227
0.157541
0.156857
0.156175
0.155496
0.154818
0.154142
0.153469
0.152797
0.152128
0.151460
0.150795
0.150132
0.149470
0.148811
0.148154
0.147498
0.146845
0.146194
0.145544
0.144897
0.144252
0.143608
0.142967
0.142328
0.141690
0.141055
0.140421
0.139790
0.139160
0.138532
0.137907
0.137283
0.136661
0.136041
0.135423
0.134807
0.134193
0.133581
0.132971
0.132362
0.131756
0.131151
0.130548
0.129948
0.129349
0.128752
0.128156
0.127563
0.126972
0.126382
0.125794
0.125208
0.124624
0.124042
0.123462
0.122883
0.122307
0.121732
0.121159
0.120588
0.120018
0.119451
0.118885
0.118321
0.117759
0.117199
0.116640
0.116083
0.115528
0.114975
0.114424
0.113874
0.113326
0.112780
0.112236
0.111693
0.111152
0.110613
0.110076
0.109540
0.109006
0.108474
0.107943
0.107415
0.106888
0.106362
0.105839
0.105317
0.104797
0.104278
0.103761
0.103246
0.102733
0.102221
0.101711
0.101203
0.100696
0.100191
0.099687
0.099186
0.098686
0.098187
0.097690
0.097195
0.096702
0.096210
0.095720
0.095231
0.094744
0.094259
0.093775
0.093293
0.092812
0.092334
0.091856
0.091381
0.090906
0.090434
0.089963
0.089494
0.089026
0.088560
0.088095
0.087632
0.087171
0.086711
0.086252
0.085795
0.085340
0.084886
0.084434
0.083984
0.083534
0.083087
0.082641
0.082196
0.081753
0.081312
0.080872
0.080433
0.079996
0.079561
0.079127
0.078694
0.078263
0.077834
0.077406
0.076979
0.076554
0.076130
0.075708
0.075288
0.074868
0.074451
0.074034
0.073620
0.073206
0.072794
0.072384
0.071975
0.071567
0.071161
0.070756
0.070352
0.069950
0.069550
0.069151
0.068753
0.068357
0.067962
0.067568
0.067176
0.066785
0.066396
0.066008
0.065621
0.065236
0.064852
0.064470
0.064089
0.063709
0.063330
0.062953
0.062578
0.062203
0.061830
0.061459
0.061088
0.060719
0.060351
0.059985
0.059620
0.059256
0.058894
0.058533
0.058173
0.057815
0.057457
0.057102
0.056747
0.056394
0.056042
0.055691
0.055341
0.054993
0.054646
0.054301
0.053956
0.053613
0.053271
0.052931
0.052591
0.052253
0.051916
0.051581
0.051247
0.050913
0.050581
0.050251
0.049921
0.049593
0.049266
0.048940
0.048616
0.048292
0.047970
0.047649
0.047329
0.047011
0.046694
0.046377
0.046062
0.045748
0.045436
0.045124
0.044814
0.044505
0.044197
0.043890
0.043584
0.043280
0.042976
0.042674
0.042373
0.042073
0.041774
0.041477
0.041180
0.040885
0.040590
0.040297
0.040005
0.039714
0.039424
0.039136
0.038848
0.038561
0.038276
0.037992
0.037708
0.037426
0.037145
0.036865
0.036586
0.036308
0.036031
0.035756
0.035481
0.035207
0.034935
0.034663
0.034393
0.034123
0.033855
0.033588
0.033321
0.033056
0.032792
0.032529
0.032267
0.032005
0.031745
0.031486
0.031228
0.030971
0.030715
0.030459
0.030205
0.029952
0.029700
0.029449
0.029199
0.028949
0.028701
0.028454
0.028208
0.027962
0.027718
0.027474
0.027232
0.026990
0.026750
0.026510
0.026271
0.026034
0.025797
0.025561
0.025326
0.025092
0.024859
0.024627
0.024396
0.024165
0.023936
0.023707
0.023480
0.023253
0.023027
0.022802
0.022578
0.022355
0.022133
0.021911
0.021691
0.021471
0.021252
0.021034
0.020817
0.020601
0.020386
0.020171
0.019958
0.019745
0.019533
0.019322
0.019112
0.018902
0.018694
0.018486
0.018279
0.018073
0.017868
0.017663
0.017459
0.017257
0.017055
0.016853
0.016653
0.016453
0.016254
0.016056
0.015859
0.015663
0.015467
0.015272
0.015078
0.014885
0.014692
0.014500
0.014309
0.014119
0.013929
0.013741
0.013552
0.013365
0.013179
0.012993
0.012808
0.012623
0.012440
0.012257
0.012075
0.011894
0.011713
0.011533
0.011354
0.011175
0.010997
0.010820
0.010644
0.010468
0.010293
0.010119
0.009945
0.009772
0.009600
0.009428
0.009257
0.009087
0.008918
0.008749
0.008581
0.008413
0.008246
0.008080
0.007914
0.007750
0.007585
0.007422
0.007259
0.007096
0.006935
0.006774
0.006613
0.006454
0.006294
0.006136
0.005978
0.005821
0.005664
0.005508
0.005353
0.005198
0.005044
0.004890
0.004737
0.004585
0.004433
0.004282
0.004131
0.003981
0.003832
0.003683
0.003534
0.003387
0.003240
0.003093
0.002947
0.002802
0.002657
0.002513
0.002369
0.002226
0.002083
0.001941
0.001799
0.001658
0.001518
0.001378
0.001239
0.001100
0.000962
0.000824
0.000687
0.000550
0.000414
0.000278
0.000143
0.000009
-0.000125
-0.000259
-0.000392
-0.000525
-0.000657
-0.000788
-0.000919
-0.001050
-0.001180
-0.001310
-0.001439
-0.001567
-0.001695
-0.001823
-0.001950
-0.002077
-0.002203
-0.002329
-0.002454
-0.002579
-0.002703
-0.002827
-0.002950
-0.003073
-0.003195
-0.003317
-0.003439
-0.003560
-0.003681
-0.003801
-0.003921
-0.004040
-0.004159
-0.004277
-0.004395
-0.004513
-0.004630
-0.004746
-0.004863
-0.004978
-0.005094
-0.005209
-0.005323
-0.005437
-0.005551
-0.005664
-0.005777
-0.005890
-0.006002
-0.006114
-0.006225
-0.006336
-0.006446
-0.006556
-0.006666
-0.006775
-0.006884
-0.006992
-0.007101
-0.007208
-0.007316
-0.007422
-0.007529
-0.007635
-0.007741
-0.007846
-0.007951
-0.008056
-0.008160
-0.008264
-0.008368
-0.008471
-0.008574
-0.008676
-0.008778
-0.008880
-0.008982
-0.009083
-0.009183
-0.009284
-0.009384
-0.009483
-0.009583
-0.009682
-0.009780
-0.009878
-0.009976
-0.010074
-0.010171
-0.010268
-0.010365
-0.010461
-0.010557
-0.010652
-0.010748
-0.010843
-0.010937
-0.011031
-0.011125
-0.011219
-0.011312
-0.011405
-0.011498
-0.011590
-0.011683
-0.011774
-0.011866
-0.011957
-0.012048
-0.012138
-0.012229
-0.012318
-0.012408
-0.012497
-0.012586
-0.012675
-0.012764
-0.012852
-0.012940
-0.013027
-0.013115
-0.013202
-0.013288
-0.013375
-0.013461
-0.013547
-0.013632
-0.013718
-0.013803
-0.013887
-0.013972
-0.014056
-0.014140
-0.014223
-0.014307
-0.014390
-0.014473
-0.014555
-0.014638
-0.014720
-0.014802
-0.014883
-0.014964
-0.015045
-0.015126
-0.015206
-0.015287
-0.015367
-0.015446
-0.015526
-0.015605
-0.015684
-0.015763
-0.015841
-0.015919
-0.015997
-0.016075
-0.016153
-0.016230
-0.016307
-0.016384
-0.016460
-0.016536
-0.016612
-0.016688
-0.016764
-0.016839
-0.016914
-0.016989
-0.017064
-0.017138
-0.017212
-0.017286
-0.017360
-0.017433
-0.017507
-0.017580
-0.017653
-0.017725
-0.017798
-0.017870
-0.017942
-0.018013
-0.018085
-0.018156
-0.018227
-0.018298
-0.018369
-0.018439
-0.018509
-0.018579
-0.018649
-0.018719
-0.018788
-0.018857
-0.018926
-0.018995
-0.019064
-0.019132
-0.019200
-0.019268
-0.019336
-0.019403
-0.019471
-0.019538
-0.019605
-0.019671
-0.019738
-0.019804
-0.019871
-0.019937
-0.020002
-0.020068
-0.020133
-0.020198
-0.020263
-0.020328
-0.020393
-0.020457
-0.020522
-0.020586
-0.020650
-0.020713
-0.020777
-0.020840
-0.020903
-0.020966
-0.021029
-0.021092
-0.021154
-0.021216
-0.021278
-0.021340
-0.021402
-0.021463
-0.021525
-0.021586
-0.021647
-0.021708
-0.021768
-0.021829
-0.021889
-0.021949
-0.022009
-0.022069
-0.022129
-0.022188
-0.022247
-0.022307
-0.022366
-0.022424
-0.022483
-0.022541
-0.022600
-0.022658
-0.022716
-0.022774
-0.022831
-0.022889
-0.022946
-0.023003
-0.023060
-0.023117
-0.023174
-0.023230
-0.023287
-0.023343
-0.023399
-0.023455
-0.023511
-0.023566
-0.023622
-0.023677
-0.023732
-0.023787
-0.023842
-0.023897
-0.023951
-0.024005
-0.024060
-0.024114
-0.024168
-0.024221
-0.024275
-0.024329
-0.024382
-0.024435
-0.024488
-0.024541
-0.024594
-0.024646
-0.024699
-0.024751
-0.024803
-0.024856
-0.024907
-0.024959
-0.025011
-0.025062
-0.025114
-0.025165
-0.025216
-0.025267
-0.025318
-0.025368
-0.025419
-0.025469
-0.025519
-0.025570
-0.025620
-0.025669
-0.025719
-0.025769
-0.025818
-0.025867
-0.025917
-0.025966
-0.026015
-0.026063
-0.026112
-0.026161
-0.026209
-0.026257
-0.026305
-0.026353
-0.026401
-0.026449
-0.026497
-0.026544
-0.026591
-0.026639
-0.026686
-0.026733
-0.026780
-0.026826
-0.026873
-0.026920
-0.026966
-0.027012
-0.027058
-0.027104
-0.027150
-0.027196
-0.027242
-0.027287
-0.027333
-0.027378
-0.027423
-0.027468
-0.027513
-0.027558
-0.027603
-0.027647
-0.027692
-0.027736
-0.027780
-0.027824
-0.027868
-0.027912
-0.027956
-0.028000
-0.028043
-0.028087
-0.028130
-0.028173
-0.028216
-0.028259
-0.028302
-0.028345
-0.028387
-0.028430
-0.028472
-0.028515
-0.028557
-0.028599
-0.028641
-0.028683
-0.028725
-0.028766
-0.028808
-0.028849
-0.028891
-0.028932
-0.028973
-0.029014
-0.029055
-0.029096
-0.029136
-0.029177
-0.029217
-0.029258
-0.029298
-0.029338
-0.029378
-0.029418
-0.029458
-0.029498
-0.029538
-0.029577
-0.029617
-0.029656
-0.029695
-0.029734
-0.029773
-0.029812
-0.029851
-0.029890
-0.029929
-0.029967
-0.030006
-0.030044
-0.030082
-0.030121
-0.030159
-0.030197
-0.030234
-0.030272
-0.030310
-0.030347
-0.030385
-0.030422
-0.030460
-0.030497
-0.030534
-0.030571
-0.030608
-0.030645
-0.030681
-0.030718
-0.030755
-0.030791
-0.030827
-0.030864
-0.030900
-0.030936
-0.030972
-0.031008
-0.031044
-0.031079
-0.031115
-0.031151
-0.031186
-0.031221
-0.031257
-0.031292
-0.031327
-0.031362
-0.031397
-0.031432
-0.031467
-0.031501
-0.031536
-0.031570
-0.031605
-0.031639
-0.031673
-0.031707
-0.031741
-0.031775
-0.031809
-0.031843
-0.031877
-0.031910
-0.031944
-0.031977
-0.032011
-0.032044
-0.032077
-0.032110
-0.032143
-0.032176
-0.032209
-0.032242
-0.032275
-0.032307
-0.032340
-0.032372
-0.032405
-0.032437
-0.032469
-0.032501
-0.032533
-0.032565
-0.032597
-0.032629
-0.032661
-0.032693
-0.032724
-0.032756
-0.032787
-0.032818
-0.032850
-0.032881
-0.032912
-0.032943
-0.032974
-0.033005
-0.033036
-0.033067
-0.033097
-0.033128
-0.033158
-0.033189
-0.033219
-0.033249
-0.033280
-0.033310
-0.033340
-0.033370
-0.033400
-0.033429
-0.033459
-0.033489
-0.033519
-0.033548
-0.033578
-0.033607
-0.033636
-0.033666
-0.033695
-0.033724
-0.033753
-0.033782
-0.033811
-0.033840
-0.033868
-0.033897
-0.033926
-0.033954
-0.033983
-0.034011
-0.034039
-0.034068
-0.034096
-0.034124
-0.034152
-0.034180
-0.034208
-0.034236
-0.034264
-0.034291
-0.034319
-0.034347
-0.034374
-0.034402
-0.034429
-0.034456
-0.034483
-0.034511
-0.034538
-0.034565
-0.034592
-0.034619
-0.034646
-0.034672
-0.034699
-0.034726
-0.034752
-0.034779
-0.034805
-0.034832
-0.034858
-0.034884
-0.034911
-0.034937
-0.034963
-0.034989
-0.035015
-0.035041
-0.035066
-0.035092
-0.035118
-0.035144
-0.035169
-0.035195
-0.035220
-0.035246
-0.035271
-0.035296
-0.035321
-0.035347
-0.035372
-0.035397
-0.035422
-0.035447
-0.035471
-0.035496
-0.035521
-0.035546
-0.035570
-0.035595
-0.035619
-0.035644
-0.035668
-0.035692
-0.035717
-0.035741
-0.035765
-0.035789
-0.035813
-0.035837
-0.035861
-0.035885
-0.035909
-0.035932
-0.035956
-0.035980
-0.036003
-0.036027
-0.036050
-0.036074
-0.036097
-0.036120
-0.036144
-0.036167
-0.036190
-0.036213
-0.036236
-0.036259
-0.036282
-0.036305
-0.036328
-0.036350
-0.036373
-0.036396
-0.036418
-0.036441
-0.036463
-0.036486
-0.036508
-0.036531
-0.036553
-0.036575
-0.036597
-0.036619
-0.036641
-0.036663
-0.036685
-0.036707
-0.036729
-0.036751
-0.036773
-0.036794
-0.036816
-0.036838
-0.036859
-0.036881
-0.036902
-0.036924
-0.036945
-0.036966
-0.036988
-0.037009
-0.037030
-0.037051
-0.037072
-0.037093
-0.037114
-0.037135
-0.037156
-0.037177
-0.037197
-0.037218
-0.037239
-0.037259
-0.037280
-0.037301
-0.037321
-0.037341
-0.037362
-0.037382
-0.037402
-0.037423
-0.037443
-0.037463
-0.037483
-0.037503
-0.037523
-0.037543
-0.037563
-0.037583
-0.037603
-0.037623
-0.037642
-0.037662
-0.037682
-0.037701
-0.037721
-0.037740
-0.037760
-0.037779
-0.037799
-0.037818
-0.037837
-0.037857
-0.037876
-0.037895
-0.037914
-0.037933
-0.037952
-0.037971
-0.037990
-0.038009
-0.038028
-0.038047
-0.038065
-0.038084
-0.038103
-0.038121
-0.038140
-0.038159
-0.038177
-0.038196
-0.038214
-0.038232
-0.038251
-0.038269
-0.038287
-0.038306
-0.038324
-0.038342
-0.038360
-0.038378
-0.038396
-0.038414
-0.038432
-0.038450
-0.038468
-0.038486
-0.038503
-0.038521
-0.038539
-0.038556
-0.038574
-0.038592
-0.038609
-0.038627
-0.038644
-0.038662
-0.038679
-0.038696
-0.038714
-0.038731
-0.038748
-0.038765
-0.038782
-0.038800
-0.038817
-0.038834
-0.038851
-0.038868
-0.038885
-0.038901
-0.038918
-0.038935
-0.038952
-0.038969
-0.038985
-0.039002
-0.039019
-0.039035
-0.039052
-0.039068
-0.039085
-0.039101
-0.039118
-0.039134
-0.039150
-0.039167
-0.039183
-0.039199
-0.039215
-0.039232
-0.039248
-0.039264
-0.039280
-0.039296
-0.039312
-0.039328
-0.039344
-0.039360
-0.039376
-0.039391
-0.039407
-0.039423
-0.039439
-0.039454
-0.039470
-0.039486
-0.039501
-0.039517
-0.039532
-0.039548
-0.039563
-0.039579
-0.039594
-0.039609
-0.039625
-0.039640
-0.039655
-0.039670
-0.039686
-0.039701
-0.039716
-0.039731
-0.039746
-0.039761
-0.039776
-0.039791
-0.039806
-0.039821
-0.039836
-0.039850
-0.039865
-0.039880
-0.039895
-0.039909
-0.039924
-0.039939
-0.039953
-0.039968
-0.039982
-0.039997
-0.040011
-0.040026
-0.040040
-0.040055
-0.040069
-0.040083
-0.040098
-0.040112
-0.040126
-0.040141
-0.040155
-0.040169
-0.040183
-0.040197
-0.040211
-0.040225
-0.040239
-0.040253
-0.040267
-0.040281
-0.040295
-0.040309
-0.040323
-0.040336
-0.040350
-0.040364
-0.040378
-0.040391
-0.040405
-0.040419
-0.040432
-0.040446
-0.040459
-0.040473
-0.040486
-0.040500
-0.040513
-0.040527
-0.040540
-0.040554
-0.040567
-0.040580
-0.040593
-0.040607
-0.040620
-0.040633
-0.040646
-0.040659
-0.040673
-0.040686
-0.040699
-0.040712
-0.040725
-0.040738
-0.040751
-0.040764
-0.040777
-0.040789
-0.040802
-0.040815
-0.040828
-0.040841
-0.040853
-0.040866
-0.040879
-0.040892
-0.040904
-0.040917
-0.040929
-0.040942
-0.040955
-0.040967
-0.040980
-0.040992
-0.041004
-0.041017
-0.041029
-0.041042
-0.041054
-0.041066
-0.041079
-0.041091
-0.041103
-0.041115
-0.041128
-0.041140
-0.041152
-0.041164
-0.041176
-0.041188
-0.041200
-0.041212
-0.041224
-0.041236
-0.041248
-0.041260
-0.041272
-0.041284
-0.041296
-0.041308
-0.041320
-0.041331
-0.041343
-0.041355
-0.041367
-0.041378
-0.041390
-0.041402
-0.041413
-0.041425
-0.041437
-0.041448
-0.041460
-0.041471
-0.041483
-0.041494
-0.041506
-0.041517
-0.041529
-0.041540
-0.041551
-0.041563
-0.041574
-0.041585
-0.041597
-0.041608
-0.041619
-0.041630
-0.041642
-0.041653
-0.041664
-0.041675
-0.041686
-0.041697
-0.041708
-0.041719
-0.041730
-0.041741
-0.041752
-0.041763
-0.041774
-0.041785
-0.041796
-0.041807
-0.041818
-0.041829
-0.041840
-0.041850
-0.041861
-0.041872
-0.041883
-0.041893
-0.041904
-0.041915
-0.041926
-0.041936
-0.041947
-0.041957
-0.041968
-0.041979
-0.041989
-0.042000
-0.042010
-0.042021
-0.042031
-0.042042
-0.042052
-0.042062
-0.042073
-0.042083
-0.042094
-0.042104
-0.042114
-0.042125
-0.042135
-0.042145
-0.042155
-0.042166
-0.042176
-0.042186
-0.042196
-0.042206
-0.042216
-0.042227
-0.042237
-0.042247
-0.042257
-0.042267
-0.042277
-0.042287
-0.042297
-0.042307
-0.042317
-0.042327
-0.042337
-0.042347
-0.042356
-0.042366
-0.042376
-0.042386
-0.042396
-0.042406
-0.042415
-0.042425
-0.042435
-0.042445
-0.042454
-0.042464
-0.042474
-0.042483
-0.042493
-0.042503
-0.042512
-0.042522
-0.042531
-0.042541
-0.042550
-0.042560
-0.042569
-0.042579
-0.042588
-0.042598
-0.042607
-0.042617
-0.042626
-0.042636
-0.042645
-0.042654
-0.042664
-0.042673
-0.042682
-0.042691
-0.042701
-0.042710
-0.042719
-0.042729
-0.042738
-0.042747
-0.042756
-0.042765
-0.042774
-0.042784
-0.042793
-0.042802
-0.042811
-0.042820
-0.042829
-0.042838
-0.042847
-0.042856
-0.042865
-0.042874
-0.042883
-0.042892
-0.042901
-0.042910
-0.042919
-0.042928
-0.042936
-0.042945
-0.042954
-0.042963
-0.042972
-0.042981
-0.042989
-0.042998
-0.043007
-0.043016
-0.043024
-0.043033
-0.043042
-0.043050
-0.043059
-0.043068
-0.043076
-0.043085
-0.043094
-0.043102
-0.043111
-0.043119
-0.043128
-0.043137
-0.043145
-0.043154
-0.043162
-0.043171
-0.043179
-0.043188
-0.043196
-0.043204
-0.043213
-0.043221
-0.043230
-0.043238
-0.043246
-0.043255
-0.043263
-0.043271
-0.043280
-0.043288
-0.043296
-0.043304
-0.043313
-0.043321
-0.043329
-0.043337
-0.043346
-0.043354
-0.043362
-0.043370
-0.043378
-0.043386
-0.043395
-0.043403
-0.043411
-0.043419
-0.043427
-0.043435
-0.043443
-0.043451
-0.043459
-0.043467
-0.043475
-0.043483
-0.043491
-0.043499
-0.043507
-0.043515
-0.043523
-0.043531
-0.043539
-0.043547
-0.043554
-0.043562
-0.043570
-0.043578
-0.043586
-0.043594
-0.043601
-0.043609
-0.043617
-0.043625
-0.043632
-0.043640
-0.043648
-0.043656
-0.043663
-0.043671
-0.043679
-0.043686
-0.043694
-0.043702
-0.043709
-0.043717
-0.043725
-0.043732
-0.043740
-0.043747
-0.043755
-0.043762
-0.043770
-0.043778
-0.043785
-0.043793
-0.043800
-0.043808
-0.043815
-0.043822
-0.043830
-0.043837
-0.043845
-0.043852
-0.043860
-0.043867
-0.043874
-0.043882
-0.043889
-0.043897
-0.043904
-0.043911
-0.043919
-0.043926
-0.043933
-0.043940
-0.043948
-0.043955
-0.043962
-0.043969
-0.043977
-0.043984
-0.043991
-0.043998
-0.044006
-0.044013
-0.044020
-0.044027
-0.044034
-0.044041
-0.044048
-0.044056
-0.044063
-0.044070
-0.044077
-0.044084
-0.044091
-0.044098
-0.044105
-0.044112
-0.044119
-0.044126
-0.044133
-0.044140
-0.044147
-0.044154
-0.044161
-0.044168
-0.044175
-0.044182
-0.044189
-0.044196
-0.044203
-0.044210
-0.044217
-0.044223
-0.044230
-0.044237
-0.044244
-0.044251
-0.044258
-0.044265
-0.044271
-0.044278
-0.044285
-0.044292
-0.044298
-0.044305
-0.044312
-0.044319
-0.044325
-0.044332
-0.044339
-0.044346
-0.044352
-0.044359
-0.044366
-0.044372
-0.044379
-0.044386
-0.044392
-0.044399
-0.044406
-0.044412
-0.044419
-0.044425
-0.044432
-0.044439
-0.044445
-0.044452
-0.044458
-0.044465
-0.044471
-0.044478
-0.044484
-0.044491
-0.044497
-0.044504
-0.044510
-0.044517
-0.044523
-0.044530
-0.044536
-0.044543
-0.044549
-0.044556
-0.044562
-0.044568
-0.044575
-0.044581
-0.044588
-0.044594
-0.044600
-0.044607
-0.044613
-0.044619
-0.044626
-0.044632
-0.044638
-0.044645
-0.044651
-0.044657
-0.044664
-0.044670
-0.044676
-0.044682
-0.044689
-0.044695
-0.044701
-0.044707
-0.044714
-0.044720
-0.044726
-0.044732
-0.044738
-0.044744
-0.044751
-0.044757
-0.044763
-0.044769
-0.044775
-0.044781
-0.044788
-0.044794
-0.044800
-0.044806
-0.044812
-0.044818
-0.044824
-0.044830
-0.044836
-0.044842
-0.044848
-0.044854
-0.044860
-0.044866
-0.044872
-0.044878
-0.044884
-0.044890
-0.044896
-0.044902
-0.044908
-0.044914
-0.044920
-0.044926
-0.044932
-0.044938
-0.044944
-0.044950
-0.044956
-0.044962
-0.044968
-0.044973
-0.044979
-0.044985
-0.044991
-0.044997
-0.045003
-0.045009
-0.045015
-0.045020
-0.045026
-0.045032
-0.045038
-0.045044
-0.045049
-0.045055
-0.045061
-0.045067
-0.045072
-0.045078
-0.045084
-0.045090
-0.045095
-0.045101
-0.045107
-0.045113
-0.045118
-0.045124
-0.045130
-0.045135
-0.045141
-0.045147
-0.045152
-0.045158
-0.045164
-0.045169
-0.045175
-0.045181
-0.045186
-0.045192
-0.045198
-0.045203
-0.045209
-0.045214
-0.045220
-0.045226
-0.045231
-0.045237
-0.045242
-0.045248
-0.045253
-0.045259
-0.045264
-0.045270
-0.045276
-0.045281
-0.045287
-0.045292
-0.045298
-0.045303
-0.045309
-0.045314
-0.045320
-0.045325
-0.045330
-0.045336
-0.045341
-0.045347
-0.045352
-0.045358
-0.045363
-0.045368
-0.045374
-0.045379
-0.045385
-0.045390
-0.045395
-0.045401
-0.045406
-0.045412
-0.045417
-0.045422
-0.045428
-0.045433
-0.045438
-0.045444
-0.045449
-0.045454
-0.045460
-0.045465
-0.045470
-0.045476
-0.045481
-0.045486
-0.045491
-0.045497
-0.045502
-0.045507
-0.045512
-0.045518
-0.045523
-0.045528
-0.045533
-0.045539
-0.045544
-0.045549
-0.045554
-0.045559
-0.045565
-0.045570
-0.045575
-0.045580
-0.045585
-0.045591
-0.045596
-0.045601
-0.045606
-0.045611
-0.045616
-0.045621
-0.045627
-0.045632
-0.045637
-0.045642
-0.045647

