0.000000
0.000000
-0.000025
-0.000051
-0.000077
-0.000102
-0.000127
-0.000152
-0.000176
-0.000200
-0.000224
-0.000247
-0.000270
-0.000292
-0.000315
-0.000337
-0.000358
-0.000380
-0.000401
-0.000422
-0.000443
-0.000464
-0.000485
-0.000505
-0.000526
-0.000546
-0.000566
-0.000586
-0.000606
-0.000626
-0.000646
-0.000666
-0.000686
-0.000706
-0.000726
-0.000745
-0.000765
-0.000785
-0.000804
-0.000824
-0.000843
-0.000863
-0.000882
-0.000902
-0.000921
-0.000941
-0.000960
-0.000979
-0.000999
-0.001018
-0.001038
-0.001057
-0.001077
-0.001096
-0.001115
-0.001135
-0.001154
-0.001174
-0.001193
-0.001212
-0.001232
-0.001251
-0.001271
-0.001290
-0.001310
-0.001329
-0.001349
-0.001368
-0.001388
-0.001407
-0.001427
-0.001446
-0.001466
-0.001486
-0.001505
-0.001525
-0.001544
-0.001564
-0.001584
-0.001603
-0.001623
-0.001643
-0.001663
-0.001682
-0.001702
-0.001722
-0.001742
-0.001762
-0.001782
-0.001801
-0.001821
-0.001841
-0.001861
-0.001881
-0.001901
-0.001921
-0.001941
-0.001961
-0.001981
-0.002001
-0.002022
-0.002042
-0.002062
-0.002082
-0.002102
-0.002122
-0.002143
-0.002163
-0.002183
-0.002203
-0.002224
-0.002244
-0.002265
-0.002285
-0.002305
-0.002326
-0.002346
-0.002367
-0.002387
-0.002408
-0.002428
-0.002449
-0.002469
-0.002490
-0.002511
-0.002531
-0.002552
-0.002572
-0.002593
-0.002614
-0.002635
-0.002655
-0.002676
-0.002697
-0.002718
-0.002739
-0.002759
-0.002780
-0.002801
-0.002822
-0.002843
-0.002864
-0.002885
-0.002906
-0.002927
-0.002948
-0.002969
-0.002990
-0.003011
-0.003032
-0.003053
-0.003075
-0.003096
-0.003117
-0.003138
-0.003159
-0.003181
-0.003202
-0.003223
-0.003244
-0.003266
-0.003287
-0.003308
-0.003330
-0.003351
-0.003372
-0.003394
-0.003415
-0.003437
-0.003458
-0.003480
-0.003501
-0.003523
-0.003544
-0.003566
-0.003587
-0.003609
-0.003630
-0.003652
-0.003674
-0.003695
-0.003717
-0.003738
-0.003760
-0.003782
-0.003803
-0.003825
-0.003847
-0.003869
-0.003890
-0.003912
-0.003934
-0.003956
-0.003978
-0.003999
-0.004021
-0.004043
-0.004065
-0.004087
-0.004109
-0.004131
-0.004152
-0.004174
-0.004196
-0.004218
-0.004240
-0.004262
-0.004284
-0.004306
-0.004328
-0.004350
-0.004372
-0.004394
-0.004416
-0.004438
-0.004460
-0.004482
-0.004505
-0.004527
-0.004549
-0.004571
-0.004593
-0.004615
-0.004637
-0.004660
-0.004682
-0.004704
-0.004726
-0.004748
-0.004771
-0.004793
-0.004815
-0.004837
-0.004860
-0.004882
-0.004904
-0.004926
-0.004949
-0.004971
-0.004993
-0.005016
-0.005038
-0.005060
-0.005083
-0.005105
-0.005127
-0.005150
-0.005172
-0.005194
-0.005217
-0.005239
-0.005262
-0.005284
-0.005306
-0.005329
-0.005351
-0.005374
-0.005396
-0.005419
-0.005441
-0.005464
-0.005486
-0.005509
-0.005531
-0.005554
-0.005576
-0.005599
-0.005621
-0.005644
-0.005666
-0.005689
-0.005711
-0.005734
-0.005756
-0.005779
-0.005801
-0.005824
-0.005847
-0.005869
-0.005892
-0.005914
-0.005937
-0.005960
-0.005982
-0.006005
-0.006027
-0.006050
-0.006073
-0.006095
-0.006118
-0.006141
-0.006163
-0.006186
-0.006209
-0.006231
-0.006254
-0.006277
-0.006299
-0.006322
-0.006345
-0.006367
-0.006390
-0.006413
-0.006435
-0.006458
-0.006481
-0.006503
-0.006526
-0.006549
-0.006572
-0.006594
-0.006617
-0.006640
-0.006662
-0.006685
-0.006708
-0.006731
-0.006753
-0.006776
-0.006799
-0.006822
-0.006844
-0.006867
-0.006890
-0.006913
-0.006935
-0.006958
-0.006981
-0.007004
-0.007026
-0.007049
-0.007072
-0.007095
-0.007117
-0.007140
-0.007163
-0.007186
-0.007208
-0.007231
-0.007254
-0.007277
-0.007300
-0.007322
-0.007345
-0.007368
-0.007391
-0.007414
-0.007436
-0.007459
-0.007482
-0.007505
-0.007527
-0.007550
-0.007573
-0.007596
-0.007619
-0.007641
-0.007664
-0.007687
-0.007710
-0.007733
-0.007755
-0.007778
-0.007801
-0.007824
-0.007847
-0.007869
-0.007892
-0.007915
-0.007938
-0.007960
-0.007983
-0.008006
-0.008029
-0.008052
-0.008074
-0.008097
-0.008120
-0.008143
-0.008166
-0.008188
-0.008211
-0.008234
-0.008257
-0.008279
-0.008302
-0.008325
-0.008348
-0.008371
-0.008393
-0.008416
-0.008439
-0.008462
-0.008484
-0.008507
-0.008530
-0.008553
-0.008575
-0.008598
-0.008621
-0.008644
-0.008666
-0.008689
-0.008712
-0.008735
-0.008757
-0.008780
-0.008803
-0.008826
-0.008848
-0.008871
-0.008894
-0.008917
-0.008939
-0.008962
-0.008985
-0.009008
-0.009030
-0.009053
-0.009076
-0.009098
-0.009121
-0.009144
-0.009167
-0.009189
-0.009212
-0.009235
-0.009257
-0.009280
-0.009303
-0.009325
-0.009348
-0.009371
-0.009393
-0.009416
-0.009439
-0.009461
-0.009484
-0.009507
-0.009529
-0.009552
-0.009575
-0.009597
-0.009620
-0.009643
-0.009665
-0.009688
-0.009710
-0.009733
-0.009756
-0.009778
-0.009801
-0.009824
-0.009846
-0.009869
-0.009891
-0.009914
-0.009937
-0.009959
-0.009982
-0.010004
-0.010027
-0.010049
-0.010072
-0.010095
-0.010117
-0.010140
-0.010162
-0.010185
-0.010207
-0.010230
-0.010252
-0.010275
-0.010297
-0.010320
-0.010342
-0.010365
-0.010387
-0.010410
-0.010432
-0.010455
-0.010477
-0.010500
-0.010522
-0.010545
-0.010567
-0.010590
-0.010612
-0.010635
-0.010657
-0.010680
-0.010702
-0.010724
-0.010747
-0.010769
-0.010792
-0.010814
-0.010837
-0.010859
-0.010881
-0.010904
-0.010926
-0.010949
-0.010971
-0.010993
-0.011016
-0.011038
-0.011060
-0.011083
-0.011105
-0.011127
-0.011150
-0.011172
-0.011194
-0.011217
-0.011239
-0.011261
-0.011284
-0.011306
-0.011328
-0.011351
-0.011373
-0.011395
-0.011417
-0.011440
-0.011462
-0.011484
-0.011506
-0.011529
-0.011551
-0.011573
-0.011595
-0.011617
-0.011640
-0.011662
-0.011684
-0.011706
-0.011728
-0.011751
-0.011773
-0.011795
-0.011817
-0.011839
-0.011861
-0.011884
-0.011906
-0.011928
-0.011950
-0.011972
-0.011994
-0.012016
-0.012038
-0.012061
-0.012083
-0.012105
-0.012127
-0.012149
-0.012171
-0.012193
-0.012215
-0.012237
-0.012259
-0.012281
-0.012303
-0.012325
-0.012347
-0.012369
-0.012391
-0.012413
-0.012435
-0.012457
-0.012479
-0.012501
-0.012523
-0.012545
-0.012567
-0.012589
-0.012611
-0.012633
-0.012655
-0.012676
-0.012698
-0.012720
-0.012742
-0.012764
-0.012786
-0.012808
-0.012830
-0.012851
-0.012873
-0.012895
-0.012917
-0.012939
-0.012961
-0.012982
-0.013004
-0.013026
-0.013048
-0.013070
-0.013091
-0.013113
-0.013135
-0.013157
-0.013178
-0.013200
-0.013222
-0.013244
-0.013265
-0.013287
-0.013309
-0.013330
-0.013352
-0.013374
-0.013395
-0.013417
-0.013439
-0.013460
-0.013482
-0.013504
-0.013525
-0.013547
-0.013569
-0.013590
-0.013612
-0.013633
-0.013655
-0.013677
-0.013698
-0.013720
-0.013741
-0.013763
-0.013784
-0.013806
-0.013827
-0.013849
-0.013870
-0.013892
-0.013913
-0.013935
-0.013956
-0.013978
-0.013999
-0.014021
-0.014042
-0.014064
-0.014085
-0.014106
-0.014128
-0.014149
-0.014171
-0.014192
-0.014213
-0.014235
-0.014256
-0.014278
-0.014299
-0.014320
-0.014342
-0.014363
-0.014384
-0.014406
-0.014427
-0.014448
-0.014469
-0.014491
-0.014512
-0.014533
-0.014555
-0.014576
-0.014597
-0.014618
-0.014640
-0.014661
-0.014682
-0.014703
-0.014724
-0.014746
-0.014767
-0.014788
-0.014809
-0.014830
-0.014851
-0.014872
-0.014894
-0.014915
-0.014936
-0.014957
-0.014978
-0.014999
-0.015020
-0.015041
-0.015062
-0.015083
-0.015104
-0.015125
-0.015146
-0.015168
-0.015189
-0.015210
-0.015231
-0.015252
-0.015272
-0.015293
-0.015314
-0.015335
-0.015356
-0.015377
-0.015398
-0.015419
-0.015440
-0.015461
-0.015482
-0.015503
-0.015524
-0.015544
-0.015565
-0.015586
-0.015607
-0.015628
-0.015649
-0.015670
-0.015690
-0.015711
-0.015732
-0.015753
-0.015774
-0.015794
-0.015815
-0.015836
-0.015857
-0.015877
-0.015898
-0.015919
-0.015939
-0.015960
-0.015981
-0.016002
-0.016022
-0.016043
-0.016064
-0.016084
-0.016105
-0.016125
-0.016146
-0.016167
-0.016187
-0.016208
-0.016228
-0.016249
-0.016270
-0.016290
-0.016311
-0.016331
-0.016352
-0.016372
-0.016393
-0.016413
-0.016434
-0.016454
-0.016475
-0.016495
-0.016516
-0.016536
-0.016557
-0.016577
-0.016598
-0.016618
-0.016638
-0.016659
-0.016679
-0.016700
-0.016720
-0.016740
-0.016761
-0.016781
-0.016801
-0.016822
-0.016842
-0.016862
-0.016883
-0.016903
-0.016923
-0.016944
-0.016964
-0.016984
-0.017004
-0.017025
-0.017045
-0.017065
-0.017085
-0.017106
-0.017126
-0.017146
-0.017166
-0.017186
-0.017207
-0.017227
-0.017247
-0.017267
-0.017287
-0.017307
-0.017327
-0.017348
-0.017368
-0.017388
-0.017408
-0.017428
-0.017448
-0.017468
-0.017488
-0.017508
-0.017528
-0.017548
-0.017568
-0.017588
-0.017608
-0.017628
-0.017648
-0.017668
-0.017688
-0.017708
-0.017728
-0.017748
-0.017768
-0.017788
-0.017808
-0.017828
-0.017847
-0.017867
-0.017887
-0.017907
-0.017927
-0.017947
-0.017967
-0.017986
-0.018006
-0.018026
-0.018046
-0.018066
-0.018085
-0.018105
-0.018125
-0.018145
-0.018164
-0.018184
-0.018204
-0.018224
-0.018243
-0.018263
-0.018283
-0.018302
-0.018322
-0.018342
-0.018361
-0.018381
-0.018401
-0.018420
-0.018440
-0.018459
-0.018479
-0.018499
-0.018518
-0.018538
-0.018557
-0.018577
-0.018596
-0.018616
-0.018636
-0.018655
-0.018675
-0.018694
-0.018714
-0.018733
-0.018752
-0.018772
-0.018791
-0.018811
-0.018830
-0.018850
-0.018869
-0.018889
-0.018908
-0.018927
-0.018947
-0.018966
-0.018985
-0.019005
-0.019024
-0.019043
-0.019063
-0.019082
-0.019101
-0.019121
-0.019140
-0.019159
-0.019179
-0.019198
-0.019217
-0.019236
-0.019256
-0.019275
-0.019294
-0.019313
-0.019332
-0.019352
-0.019371
-0.019390
-0.019409
-0.019428
-0.019447
-0.019467
-0.019486
-0.019505
-0.019524
-0.019543
-0.019562
-0.019581
-0.019600
-0.019619
-0.019638
-0.019658
-0.019677
-0.019696
-0.019715
-0.019734
-0.019753
-0.019772
-0.019791
-0.019810
-0.019829
-0.019847
-0.019866
-0.019885
-0.019904
-0.019923
-0.019942
-0.019961
-0.019980
-0.019999
-0.020018
-0.020037
-0.020055
-0.020074
-0.020093
-0.020112
-0.020131
-0.020150
-0.020168
-0.020187
-0.020206
-0.020225
-0.020243
-0.020262
-0.020281
-0.020300
-0.020318
-0.020337
-0.020356
-0.020375
-0.020393
-0.020412
-0.020431
-0.020449
-0.020468
-0.020487
-0.020505
-0.020524
-0.020543
-0.020561
-0.020580
-0.020598
-0.020617
-0.020635
-0.020654
-0.020673
-0.020691
-0.020710
-0.020728
-0.020747
-0.020765
-0.020784
-0.020802
-0.020821
-0.020839
-0.020858
-0.020876
-0.020895
-0.020913
-0.020931
-0.020950
-0.020968
-0.020987
-0.021005
-0.021024
-0.021042
-0.021060
-0.021079
-0.021097
-0.021115
-0.021134
-0.021152
-0.021170
-0.021189
-0.021207
-0.021225
-0.021243
-0.021262
-0.021280
-0.021298
-0.021316
-0.021335
-0.021353
-0.021371
-0.021389
-0.021408
-0.021426
-0.021444
-0.021462
-0.021480
-0.021498
-0.021517
-0.021535
-0.021553
-0.021571
-0.021589
-0.021607
-0.021625
-0.021643
-0.021661
-0.021679
-0.021697
-0.021716
-0.021734
-0.021752
-0.021770
-0.021788
-0.021806
-0.021824
-0.021842
-0.021860
-0.021877
-0.021895
-0.021913
-0.021931
-0.021949
-0.021967
-0.021985
-0.022003
-0.022021
-0.022039
-0.022057
-0.022074
-0.022092
-0.022110
-0.022128
-0.022146
-0.022164
-0.022181
-0.022199
-0.022217
-0.022235
-0.022253
-0.022270
-0.022288
-0.022306
-0.022324
-0.022341
-0.022359
-0.022377
-0.022395
-0.022412
-0.022430
-0.022448
-0.022465
-0.022483
-0.022501
-0.022518
-0.022536
-0.022553
-0.022571
-0.022589
-0.022606
-0.022624
-0.022641
-0.022659
-0.022677
-0.022694
-0.022712
-0.022729
-0.022747
-0.022764
-0.022782
-0.022799
-0.022817
-0.022834
-0.022852
-0.022869
-0.022887
-0.022904
-0.022921
-0.022939
-0.022956
0.463952
1.235074
2.146421
2.781306
3.227778
3.550773
3.788921
3.965926
4.097023
4.192479
4.255753
4.293890
4.312130
4.314373
4.303621
4.282245
4.252165
4.214950
4.171907
4.124134
4.072541
4.017900
3.960874
3.902011
3.841780
3.780590
3.718771
3.656610
3.594360
3.532219
3.470360
3.408940
3.348072
3.287859
3.228396
3.169744
3.111962
3.055104
2.999200
2.944278
2.890367
2.837478
2.785620
2.734803
2.685029
2.636293
2.588593
2.541927
2.496282
2.451649
2.408014
2.365370
2.323700
2.282989
2.243220
2.204377
2.166449
2.129416
2.093260
2.057963
2.023507
1.989881
1.957062
1.925034
1.893779
1.863279
1.833520
1.804484
1.776155
1.748514
1.721546
1.695235
1.669565
1.644523
1.620093
1.596258
1.573005
1.550318
1.528184
1.506588
1.485518
1.464961
1.444904
1.425334
1.406238
1.387604
1.369420
1.351674
1.334355
1.317452
1.300954
1.284852
1.269134
1.253792
1.238814
1.224191
1.209913
1.195972
1.182358
1.169063
1.156079
1.143397
1.131008
1.118906
1.107082
1.095531
1.084245
1.073215
1.062436
1.051900
1.041600
1.031532
1.021687
1.012061
1.002648
0.993441
0.984435
0.975625
0.967005
0.958570
0.950316
0.942237
0.934329
0.926587
0.919007
0.911585
0.904316
0.897196
0.890221
0.883388
0.876691
0.870128
0.863695
0.857389
0.851205
0.845141
0.839194
0.833360
0.827637
0.822020
0.816508
0.811098
0.805787
0.800572
0.795451
0.790421
0.785480
0.780625
0.775854
0.771165
0.766556
0.762024
0.757568
0.753185
0.748874
0.744633
0.740459
0.736351
0.732308
0.728327
0.724408
0.720548
0.716746
0.713000
0.709309
0.705672
0.702087
0.698552
0.695067
0.691629
0.688239
0.684894
0.681594
0.678337
0.675123
0.671949
0.668816
0.665721
0.662665
0.659646
0.656663
0.653715
0.650802
0.647922
0.645075
0.642260
0.639476
0.636723
0.633999
0.631304
0.628637
0.625998
0.623385
0.620799
0.618238
0.615702
0.613191
0.610703
0.608239
0.605797
0.603378
0.600980
0.598603
0.596247
0.593911
0.591595
0.589298
0.587020
0.584761
0.582519
0.580295
0.578088
0.575898
0.573725
0.571568
0.569426
0.567300
0.565189
0.563093
0.561012
0.558944
0.556891
0.554851
0.552824
0.550811
0.548810
0.546822
0.544846
0.542882
0.540930
0.538990
0.537061
0.535143
0.533237
0.531341
0.529455
0.527580
0.525716
0.523861
0.522016
0.520181
0.518355
0.516539
0.514732
0.512934
0.511145
0.509364
0.507592
0.505828
0.504073
0.502326
0.500587
0.498856
0.497133
0.495417
0.493709
0.492008
0.490315
0.488629
0.486950
0.485278
0.483614
0.481955
0.480304
0.478660
0.477022
0.475390
0.473765
0.472146
0.470533
0.468927
0.467327
0.465733
0.464144
0.462562
0.460985
0.459414
0.457849
0.456290
0.454736
0.453188
0.451645
0.450107
0.448575
0.447048
0.445526
0.444010
0.442498
0.440992
0.439491
0.437995
0.436503
0.435017
0.433535
0.432059
0.430587
0.429120
0.427657
0.426199
0.424746
0.423298
0.421854
0.420414
0.418979
0.417549
0.416123
0.414701
0.413284
0.411871
0.410462
0.409058
0.407657
0.406261
0.404870
0.403482
0.402099
0.400719
0.399344
0.397973
0.396606
0.395243
0.393884
0.392529
0.391177
0.389830
0.388487
0.387147
0.385812
0.384480
0.383152
0.381828
0.380508
0.379192
0.377879
0.376570
0.375265
0.373963
0.372665
0.371371
0.370081
0.368794
0.367510
0.366231
0.364955
0.363682
0.362413
0.361148
0.359886
0.358628
0.357373
0.356122
0.354874
0.353630
0.352389
0.351152
0.349918
0.348687
0.347460
0.346236
0.345016
0.343799
0.342585
0.341375
0.340168
0.338965
0.337764
0.336567
0.335374
0.334183
0.332996
0.331812
0.330632
0.329454
0.328280
0.327110
0.325942
0.324778
0.323616
0.322458
0.321304
0.320152
0.319004
0.317858
0.316716
0.315577
0.314441
0.313309
0.312179
0.311052
0.309929
0.308809
0.307691
0.306577
0.305466
0.304358
0.303253
0.302151
0.301052
0.299956
0.298863
0.297773
0.296686
0.295602
0.294521
0.293442
0.292367
0.291295
0.290226
0.289160
0.288096
0.287036
0.285978
0.284924
0.283872
0.282823
0.281778
0.280735
0.279694
0.278657
0.277623
0.276591
0.275563
0.274537
0.273514
0.272494
0.271476
0.270462
0.269450
0.268441
0.267435
0.266432
0.265431
0.264433
0.263438
0.262446
0.261456
0.260470
0.259486
0.258504
0.257526
0.256550
0.255577
0.254607
0.253639
0.252674
0.251712
0.250752
0.249795
0.248841
0.247890
0.246941
0.245994
0.245051
0.244110
0.243172
0.242236
0.241303
0.240373
0.239445
0.238520
0.237597
0.236677
0.235760
0.234845
0.233933
0.233023
0.232116
0.231211
0.230310
0.229410
0.228513
0.227619
0.226727
0.225838
0.224951
0.224067
0.223185
0.222306
0.221430
0.220555
0.219684
0.218814
0.217948
0.217084
0.216222
0.215362
0.214506
0.213651
0.212799
0.211950
0.211103
0.210258
0.209416
0.208576
0.207739
0.206904
0.206071
0.205241
0.204413
0.203588
0.202765
0.201944
0.201126
0.200310
0.199496
0.198685
0.197876
0.197070
0.196266
0.195464
0.194665
0.193867
0.193073
0.192280
0.191490
0.190702
0.189916
0.189133
0.188352
0.187573
0.186797
0.186023
0.185251
0.184481
0.183714
0.182949
0.182186
0.181425
0.180667
0.179911
0.179157
0.178405
0.177656
0.176909
0.176163
0.175421
0.174680
0.173942
0.173205
0.172471
0.171739
0.171010
0.170282
0.169557
0.168834
0.168113
0.167394
0.166677
0.165962
0.165250
0.164540
0.163831
0.163125
0.162421
0.161719
0.161020
0.160322
0.159627
0.158933
0.158242
0.157553
0.156865
0.156180
0.155497
0.154816
0.154137
0.153461
0.152786
0.152113
0.151442
0.150774
0.150107
0.149443
0.148780
0.148119
0.147461
0.146804
0.146150
0.145498
0.144847
0.144199
0.143552
0.142908
0.142265
0.141624
0.140986
0.140349
0.139715
0.139082
0.138451
0.137822
0.137196
0.136571
0.135948
0.135327
0.134708
0.134090
0.133475
0.132862
0.132250
0.131641
0.131033
0.130428
0.129824
0.129222
0.128622
0.128024
0.127427
0.126833
0.126241
0.125650
0.125061
0.124474
0.123889
0.123306
0.122724
0.122145
0.121567
0.120991
0.120417
0.119845
0.119275
0.118706
0.118139
0.117574
0.117011
0.116450
0.115890
0.115333
0.114777
0.114222
0.113670
0.113119
0.112570
0.112023
0.111478
0.110934
0.110393
0.109852
0.109314
0.108777
0.108243
0.107709
0.107178
0.106648
0.106120
0.105594
0.105070
0.104547
0.104026
0.103506
0.102989
0.102472
0.101958
0.101446
0.100935
0.100425
0.099918
0.099412
0.098907
0.098405
0.097904
0.097405
0.096907
0.096411
0.095917
0.095424
0.094933
0.094443
0.093955
0.093469
0.092985
0.092502
0.092020
0.091541
0.091062
0.090586
0.090111
0.089638
0.089166
0.088696
0.088227
0.087760
0.087295
0.086831
0.086368
0.085908
0.085448
0.084991
0.084535
0.084080
0.083627
0.083176
0.082726
0.082278
0.081831
0.081385
0.080942
0.080499
0.080059
0.079619
0.079182
0.078745
0.078311
0.077877
0.077446
0.077015
0.076587
0.076159
0.075734
0.075309
0.074886
0.074465
0.074045
0.073626
0.073209
0.072794
0.072380
0.071967
0.071556
0.071146
0.070738
0.070331
0.069925
0.069521
0.069119
0.068717
0.068318
0.067919
0.067522
0.067127
0.066732
0.066340
0.065948
0.065558
0.065169
0.064782
0.064396
0.064012
0.063629
0.063247
0.062867
0.062487
0.062110
0.061733
0.061358
0.060985
0.060612
0.060242
0.059872
0.059504
0.059137
0.058771
0.058407
0.058044
0.057682
0.057322
0.056963
0.056605
0.056248
0.055893
0.055539
0.055187
0.054835
0.054485
0.054137
0.053789
0.053443
0.053098
0.052754
0.052412
0.052071
0.051731
0.051392
0.051055
0.050719
0.050384
0.050050
0.049718
0.049387
0.049057
0.048728
0.048401
0.048074
0.047749
0.047425
0.047103
0.046781
0.046461
0.046142
0.045824
0.045507
0.045192
0.044878
0.044564
0.044252
0.043942
0.043632
0.043324
0.043016
0.042710
0.042405
0.042101
0.041799
0.041497
0.041197
0.040898
0.040599
0.040302
0.040007
0.039712
0.039418
0.039126
0.038834
0.038544
0.038255
0.037967
0.037680
0.037394
0.037110
0.036826
0.036543
0.036262
0.035981
0.035702
0.035424
0.035147
0.034871
0.034596
0.034322
0.034049
0.033777
0.033506
0.033236
0.032967
0.032700
0.032433
0.032167
0.031903
0.031639
0.031377
0.031115
0.030855
0.030595
0.030337
0.030079
0.029823
0.029568
0.029313
0.029060
0.028807
0.028556
0.028305
0.028056
0.027807
0.027560
0.027313
0.027067
0.026823
0.026579
0.026336
0.026094
0.025854
0.025614
0.025375
0.025137
0.024900
0.024664
0.024428
0.024194
0.023961
0.023728
0.023497
0.023266
0.023037
0.022808
0.022580
0.022353
0.022127
0.021902
0.021678
0.021454
0.021232
0.021010
0.020789
0.020570
0.020351
0.020132
0.019915
0.019699
0.019483
0.019269
0.019055
0.018842
0.018630
0.018419
0.018208
0.017999
0.017790
0.017582
0.017375
0.017169
0.016963
0.016759
0.016555
0.016352
0.016150
0.015948
0.015748
0.015548
0.015349
0.015151
0.014953
0.014757
0.014561
0.014366
0.014172
0.013978
0.013786
0.013594
0.013403
0.013212
0.013023
0.012834
0.012646
0.012458
0.012272
0.012086
0.011901
0.011716
0.011532
0.011350
0.011167
0.010986
0.010805
0.010625
0.010446
0.010267
0.010089
0.009912
0.009736
0.009560
0.009385
0.009211
0.009037
0.008864
0.008692
0.008520
0.008349
0.008179
0.008009
0.007840
0.007672
0.007505
0.007338
0.007172
0.007006
0.006841
0.006677
0.006513
0.006350
0.006188
0.006026
0.005865
0.005705
0.005545
0.005386
0.005228
0.005070
0.004913
0.004756
0.004600
0.004445
0.004290
0.004136
0.003982
0.003829
0.003677
0.003525
0.003374
0.003223
0.003073
0.002924
0.002775
0.002627
0.002479
0.002332
0.002186
0.002040
0.001895
0.001750
0.001606
0.001462
0.001319
0.001176
0.001034
0.000893
0.000752
0.000612
0.000472
0.000333
0.000194
0.000056
-0.000082
-0.000219
-0.000355
-0.000491
-0.000627
-0.000762
-0.000896
-0.001030
-0.001164
-0.001297
-0.001429
-0.001561
-0.001693
-0.001824
-0.001954
-0.002084
-0.002213
-0.002342
-0.002471
-0.002599
-0.002726
-0.002853
-0.002980
-0.003106
-0.003231
-0.003356
-0.003481
-0.003605
-0.003729
-0.003852
-0.003975
-0.004097
-0.004219
-0.004340
-0.004461
-0.004581
-0.004701
-0.004821
-0.004940
-0.005059
-0.005177
-0.005295
-0.005412
-0.005529
-0.005645
-0.005761
-0.005877
-0.005992
-0.006107
-0.006221
-0.006335
-0.006449
-0.006562
-0.006675
-0.006787
-0.006899
-0.007010
-0.007121
-0.007232
-0.007342
-0.007452
-0.007561
-0.007670
-0.007779
-0.007887
-0.007995
-0.008103
-0.008210
-0.008316
-0.008423
-0.008529
-0.008634
-0.008739
-0.008844
-0.008949
-0.009053
-0.009156
-0.009260
-0.009363
-0.009465
-0.009567
-0.009669
-0.009771
-0.009872
-0.009973
-0.010073
-0.010173
-0.010273
-0.010372
-0.010471
-0.010570
-0.010668
-0.010766
-0.010864
-0.010961
-0.011058
-0.011155
-0.011251
-0.011347
-0.011443
-0.011538
-0.011633
-0.011728
-0.011822
-0.011916
-0.012010
-0.012103
-0.012196
-0.012289
-0.012381
-0.012473
-0.012565
-0.012657
-0.012748
-0.012839
-0.012929
-0.013020
-0.013110
-0.013199
-0.013288
-0.013378
-0.013466
-0.013555
-0.013643
-0.013731
-0.013818
-0.013906
-0.013993
-0.014079
-0.014166
-0.014252
-0.014338
-0.014423
-0.014508
-0.014593
-0.014678
-0.014762
-0.014847
-0.014931
-0.015014
-0.015097
-0.015180
-0.015263
-0.015346
-0.015428
-0.015510
-0.015592
-0.015673
-0.015754
-0.015835
-0.015916
-0.015996
-0.016077
-0.016156
-0.016236
-0.016315
-0.016395
-0.016473
-0.016552
-0.016630
-0.016709
-0.016787
-0.016864
-0.016942
-0.017019
-0.017096
-0.017172
-0.017249
-0.017325
-0.017401
-0.017476
-0.017552
-0.017627
-0.017702
-0.017777
-0.017851
-0.017926
-0.018000
-0.018074
-0.018147
-0.018221
-0.018294
-0.018367
-0.018439
-0.018512
-0.018584
-0.018656
-0.018728
-0.018800
-0.018871
-0.018942
-0.019013
-0.019084
-0.019154
-0.019225
-0.019295
-0.019364
-0.019434
-0.019504
-0.019573
-0.019642
-0.019711
-0.019779
-0.019848
-0.019916
-0.019984
-0.020052
-0.020119
-0.020187
-0.020254
-0.020321
-0.020387
-0.020454
-0.020520
-0.020587
-0.020653
-0.020718
-0.020784
-0.020849
-0.020915
-0.020980
-0.021045
-0.021109
-0.021174
-0.021238
-0.021302
-0.021366
-0.021429
-0.021493
-0.021556
-0.021619
-0.021682
-0.021745
-0.021808
-0.021870
-0.021932
-0.021994
-0.022056
-0.022118
-0.022180
-0.022241
-0.022302
-0.022363
-0.022424
-0.022484
-0.022545
-0.022605
-0.022665
-0.022725
-0.022785
-0.022845
-0.022904
-0.022963
-0.023022
-0.023081
-0.023140
-0.023199
-0.023257
-0.023315
-0.023373
-0.023431
-0.023489
-0.023547
-0.023604
-0.023661
-0.023718
-0.023775
-0.023832
-0.023889
-0.023945
-0.024001
-0.024058
-0.024114
-0.024169
-0.024225
-0.024281
-0.024336
-0.024391
-0.024446
-0.024501
-0.024556
-0.024611
-0.024665
-0.024719
-0.024773
-0.024827
-0.024881
-0.024935
-0.024988
-0.025042
-0.025095
-0.025148
-0.025201
-0.025254
-0.025307
-0.025359
-0.025412
-0.025464
-0.025516
-0.025568
-0.025620
-0.025671
-0.025723
-0.025774
-0.025825
-0.025877
-0.025927
-0.025978
-0.026029
-0.026080
-0.026130
-0.026180
-0.026230
-0.026280
-0.026330
-0.026380
-0.026430
-0.026479
-0.026528
-0.026577
-0.026627
-0.026675
-0.026724
-0.026773
-0.026821
-0.026870
-0.026918
-0.026966
-0.027014
-0.027062
-0.027110
-0.027157
-0.027205
-0.027252
-0.027300
-0.027347
-0.027394
-0.027441
-0.027487
-0.027534
-0.027580
-0.027627
-0.027673
-0.027719
-0.027765
-0.027811
-0.027857
-0.027902
-0.027948
-0.027993
-0.028038
-0.028084
-0.028129
-0.028173
-0.028218
-0.028263
-0.028307
-0.028352
-0.028396
-0.028440
-0.028484
-0.028528
-0.028572
-0.028616
-0.028660
-0.028703
-0.028746
-0.028790
-0.028833
-0.028876
-0.028919
-0.028962
-0.029004
-0.029047
-0.029089
-0.029132
-0.029174
-0.029216
-0.029258
-0.029300
-0.029342
-0.029384
-0.029425
-0.029467
-0.029508
-0.029549
-0.029590
-0.029631
-0.029672
-0.029713
-0.029754
-0.029795
-0.029835
-0.029876
-0.029916
-0.029956
-0.029996
-0.030036
-0.030076
-0.030116
-0.030155
-0.030195
-0.030235
-0.030274
-0.030313
-0.030352
-0.030391
-0.030430
-0.030469
-0.030508
-0.030547
-0.030585
-0.030624
-0.030662
-0.030700
-0.030738
-0.030777
-0.030814
-0.030852
-0.030890
-0.030928
-0.030965
-0.031003
-0.031040
-0.031078
-0.031115
-0.031152
-0.031189
-0.031226
-0.031263
-0.031299
-0.031336
-0.031372
-0.031409
-0.031445
-0.031481
-0.031518
-0.031554
-0.031590
-0.031626
-0.031661
-0.031697
-0.031733
-0.031768
-0.031804
-0.031839
-0.031874
-0.031909
-0.031944
-0.031979
-0.032014
-0.032049
-0.032084
-0.032118
-0.032153
-0.032187
-0.032222
-0.032256
-0.032290
-0.032324
-0.032358
-0.032392
-0.032426
-0.032460
-0.032493
-0.032527
-0.032560
-0.032594
-0.032627
-0.032660
-0.032693
-0.032727
-0.032759
-0.032792
-0.032825
-0.032858
-0.032891
-0.032923
-0.032956
-0.032988
-0.033020
-0.033053
-0.033085
-0.033117
-0.033149
-0.033181
-0.033213
-0.033244
-0.033276
-0.033308
-0.033339
-0.033371
-0.033402
-0.033433
-0.033464
-0.033496
-0.033527
-0.033558
-0.033588
-0.033619
-0.033650
-0.033681
-0.033711
-0.033742
-0.033772
-0.033802
-0.033833
-0.033863
-0.033893
-0.033923
-0.033953
-0.033983
-0.034013
-0.034043
-0.034072
-0.034102
-0.034131
-0.034161
-0.034190
-0.034219
-0.034249
-0.034278
-0.034307
-0.034336
-0.034365
-0.034394
-0.034423
-0.034451
-0.034480
-0.034508
-0.034537
-0.034565
-0.034594
-0.034622
-0.034650
-0.034678
-0.034707
-0.034735
-0.034763
-0.034790
-0.034818
-0.034846
-0.034874
-0.034901
-0.034929
-0.034956
-0.034984
-0.035011
-0.035038
-0.035065
-0.035093
-0.035120
-0.035147
-0.035174
-0.035200
-0.035227
-0.035254
-0.035281
-0.035307
-0.035334
-0.035360
-0.035387
-0.035413
-0.035439
-0.035465
-0.035492
-0.035518
-0.035544
-0.035570
-0.035595
-0.035621
-0.035647
-0.035673
-0.035698
-0.035724
-0.035749
-0.035775
-0.035800
-0.035826
-0.035851
-0.035876
-0.035901
-0.035926
-0.035951
-0.035976
-0.036001
-0.036026
-0.036051
-0.036076
-0.036100
-0.036125
-0.036149
-0.036174
-0.036198
-0.036223
-0.036247
-0.036271
-0.036295
-0.036319
-0.036343
-0.036367
-0.036391
-0.036415
-0.036439
-0.036463
-0.036487
-0.036510
-0.036534
-0.036557
-0.036581
-0.036604
-0.036628
-0.036651
-0.036674
-0.036697
-0.036721
-0.036744
-0.036767
-0.036790
-0.036813
-0.036835
-0.036858
-0.036881
-0.036904
-0.036926
-0.036949
-0.036971
-0.036994
-0.037016
-0.037039
-0.037061
-0.037083
-0.037106
-0.037128
-0.037150
-0.037172
-0.037194
-0.037216
-0.037238
-0.037260
-0.037281
-0.037303
-0.037325
-0.037346
-0.037368
-0.037390
-0.037411
-0.037432
-0.037454
-0.037475
-0.037496
-0.037518
-0.037539
-0.037560
-0.037581
-0.037602
-0.037623
-0.037644
-0.037665
-0.037686
-0.037707
-0.037727
-0.037748
-0.037769
-0.037789
-0.037810
-0.037830
-0.037851
-0.037871
-0.037891
-0.037912
-0.037932
-0.037952
-0.037972
-0.037992
-0.038012
-0.038032
-0.038052
-0.038072
-0.038092
-0.038112
-0.038132
-0.038152
-0.038171
-0.038191
-0.038210
-0.038230
-0.038249
-0.038269
-0.038288
-0.038308
-0.038327
-0.038346
-0.038366
-0.038385
-0.038404
-0.038423
-0.038442
-0.038461
-0.038480
-0.038499
-0.038518
-0.038537
-0.038555
-0.038574
-0.038593
-0.038611
-0.038630
-0.038649
-0.038667
-0.038686
-0.038704
-0.038723
-0.038741
-0.038759
-0.038777
-0.038796
-0.038814
-0.038832
-0.038850
-0.038868
-0.038886
-0.038904
-0.038922
-0.038940
-0.038958
-0.038976
-0.038993
-0.039011
-0.039029
-0.039047
-0.039064
-0.039082
-0.039099
-0.039117
-0.039134
-0.039152
-0.039169
-0.039186
-0.039204
-0.039221
-0.039238
-0.039255
-0.039272
-0.039290
-0.039307
-0.039324
-0.039341
-0.039358
-0.039374
-0.039391
-0.039408
-0.039425
-0.039442
-0.039458
-0.039475
-0.039492
-0.039508
-0.039525
-0.039541
-0.039558
-0.039574
-0.039591
-0.039607
-0.039623
-0.039640
-0.039656
-0.039672
-0.039688
-0.039705
-0.039721
-0.039737
-0.039753
-0.039769
-0.039785
-0.039801
-0.039817
-0.039833
-0.039848
-0.039864
-0.039880
-0.039896
-0.039911
-0.039927
-0.039943
-0.039958
-0.039974
-0.039989
-0.040005
-0.040020
-0.040036
-0.040051
-0.040067
-0.040082
-0.040097
-0.040112
-0.040128
-0.040143
-0.040158
-0.040173
-0.040188
-0.040203
-0.040218
-0.040233
-0.040248
-0.040263
-0.040278
-0.040293
-0.040308
-0.040323
-0.040337
-0.040352
-0.040367
-0.040381
-0.040396
-0.040411
-0.040425
-0.040440
-0.040454
-0.040469
-0.040483
-0.040498
-0.040512
-0.040526
-0.040541
-0.040555
-0.040569
-0.040583
-0.040598
-0.040612
-0.040626
-0.040640
-0.040654
-0.040668
-0.040682
-0.040696
-0.040710
-0.040724
-0.040738
-0.040752
-0.040766
-0.040779
-0.040793
-0.040807
-0.040821
-0.040834
-0.040848
-0.040862
-0.040875
-0.040889
-0.040902
-0.040916
-0.040929
-0.040943
-0.040956
-0.040970
-0.040983
-0.040996
-0.041010
-0.041023
-0.041036
-0.041049
-0.041063
-0.041076
-0.041089
-0.041102
-0.041115
-0.041128
-0.041141
-0.041154
-0.041167
-0.041180
-0.041193
-0.041206
-0.041219
-0.041232
-0.041245
-0.041257
-0.041270
-0.041283
-0.041296
-0.041308
-0.041321
-0.041334
-0.041346
-0.041359
-0.041371
-0.041384
-0.041396
-0.041409
-0.041421
-0.041434
-0.041446
-0.041458
-0.041471
-0.041483
-0.041495
-0.041508
-0.041520
-0.041532
-0.041544
-0.041557
-0.041569
-0.041581
-0.041593
-0.041605
-0.041617
-0.041629
-0.041641
-0.041653
-0.041665
-0.041677
-0.041689
-0.041701
-0.041713
-0.041724
-0.041736
-0.041748
-0.041760
-0.041772
-0.041783
-0.041795
-0.041807
-0.041818
-0.041830
-0.041842
-0.041853
-0.041865
-0.041876
-0.041888
-0.041899
-0.041911
-0.041922
-0.041933
-0.041945
-0.041956
-0.041968
-0.041979
-0.041990
-0.042001
-0.042013
-0.042024
-0.042035
-0.042046
-0.042058
-0.042069
-0.042080
-0.042091
-0.042102
-0.042113
-0.042124
-0.042135
-0.042146
-0.042157
-0.042168
-0.042179
-0.042190
-0.042201
-0.042212
-0.042222
-0.042233
-0.042244
-0.042255
-0.042266
-0.042276
-0.042287
-0.042298
-0.042308
-0.042319
-0.042330
-0.042340
-0.042351
-0.042362
-0.042372
-0.042383
-0.042393
-0.042404
-0.042414
-0.042425
-0.042435
-0.042445
-0.042456
-0.042466
-0.042477
-0.042487
-0.042497
-0.042508
-0.042518
-0.042528
-0.042538
-0.042549
-0.042559
-0.042569
-0.042579
-0.042589
-0.042599
-0.042609
-0.042620
-0.042630
-0.042640
-0.042650
-0.042660
-0.042670
-0.042680
-0.042690
-0.042699
-0.042709
-0.042719
-0.042729
-0.042739
-0.042749
-0.042759
-0.042769
-0.042778
-0.042788
-0.042798
-0.042808
-0.042817
-0.042827
-0.042837
-0.042846
-0.042856
-0.042866
-0.042875
-0.042885
-0.042894
-0.042904
-0.042913
-0.042923
-0.042932
-0.042942
-0.042951
-0.042961
-0.042970
-0.042980
-0.042989
-0.042998
-0.043008
-0.043017
-0.043027
-0.043036
-0.043045
-0.043054
-0.043064
-0.043073
-0.043082
-0.043091
-0.043101
-0.043110
-0.043119
-0.043128
-0.043137
-0.043146
-0.043155
-0.043165
-0.043174
-0.043183
-0.043192
-0.043201
-0.043210
-0.043219
-0.043228
-0.043237
-0.043246
-0.043254
-0.043263
-0.043272
-0.043281
-0.043290
-0.043299
-0.043308
-0.043316
-0.043325
-0.043334
-0.043343
-0.043352
-0.043360
-0.043369
-0.043378
-0.043386
-0.043395
-0.043404
-0.043412
-0.043421
-0.043430
-0.043438
-0.043447
-0.043455
-0.043464
-0.043473
-0.043481
-0.043490
-0.043498
-0.043507
-0.043515
-0.043523
-0.043532
-0.043540
-0.043549
-0.043557
-0.043566
-0.043574
-0.043582
-0.043591
-0.043599
-0.043607
-0.043616
-0.043624
-0.043632
-0.043640
-0.043649
-0.043657
-0.043665
-0.043673
-0.043681
-0.043690
-0.043698
-0.043706
-0.043714
-0.043722
-0.043730
-0.043738
-0.043746
-0.043754
-0.043762
-0.043771
-0.043779
-0.043787
-0.043795
-0.043803
-0.043811
-0.043818
-0.043826
-0.043834
-0.043842
-0.043850
-0.043858
-0.043866
-0.043874
-0.043882
-0.043890
-0.043897
-0.043905
-0.043913
-0.043921
-0.043929
-0.043936
-0.043944
-0.043952
-0.043960
-0.043967
-0.043975
-0.043983
-0.043990
-0.043998
-0.044006
-0.044013
-0.044021
-0.044028
-0.044036
-0.044044
-0.044051
-0.044059
-0.044066
-0.044074
-0.044081
-0.044089
-0.044096
-0.044104
-0.044111
-0.044119
-0.044126
-0.044134
-0.044141
-0.044149
-0.044156
-0.044164
-0.044171
-0.044178
-0.044186
-0.044193
-0.044200
-0.044208
-0.044215
-0.044222
-0.044230
-0.044237
-0.044244
-0.044251
-0.044259
-0.044266
-0.044273
-0.044280
-0.044288
-0.044295
-0.044302
-0.044309
-0.044316
-0.044323
-0.044331
-0.044338
-0.044345
-0.044352
-0.044359
-0.044366
-0.044373
-0.044380
-0.044387
-0.044394
-0.044401
-0.044408
-0.044415
-0.044422
-0.044429
-0.044436
-0.044443
-0.044450
-0.044457
-0.044464
-0.044471
-0.044478
-0.044485
-0.044492
-0.044499
-0.044506
-0.044512
-0.044519
-0.044526
-0.044533
-0.044540
-0.044547
-0.044553
-0.044560
-0.044567
-0.044574
-0.044581
-0.044587
-0.044594
-0.044601
-0.044608
-0.044614
-0.044621
-0.044628
-0.044634
-0.044641
-0.044648
-0.044654
-0.044661
-0.044668
-0.044674
-0.044681
-0.044687
-0.044694
-0.044701
-0.044707
-0.044714
-0.044720
-0.044727
-0.044733
-0.044740
-0.044746
-0.044753
-0.044759
-0.044766
-0.044772
-0.044779
-0.044785
-0.044792
-0.044798
-0.044805
-0.044811
-0.044818
-0.044824
-0.044830
-0.044837
-0.044843
-0.044850
-0.044856
-0.044862
-0.044869
-0.044875
-0.044881
-0.044888
-0.044894
-0.044900
-0.044907
-0.044913
-0.044919
-0.044925
-0.044932
-0.044938
-0.044944
-0.044950
-0.044957
-0.044963
-0.044969
-0.044975
-0.044981
-0.044988
-0.044994
-0.045000
-0.045006
-0.045012
-0.045018
-0.045024
-0.045031
-0.045037
-0.045043
-0.045049
-0.045055
-0.045061
-0.045067
-0.045073
-0.045079
-0.045085
-0.045091
-0.045097
-0.045103
-0.045109
-0.045115
-0.045121
-0.045127
-0.045133
-0.045139
-0.045145
-0.045151
-0.045157
-0.045163
-0.045169
-0.045175
-0.045181
-0.045187
-0.045193
-0.045199
-0.045205
-0.045211
-0.045216
-0.045222
-0.045228
-0.045234
-0.045240
-0.045246
-0.045251
-0.045257
-0.045263
-0.045269
-0.045275
-0.045281
-0.045286
-0.045292
-0.045298
-0.045304
-0.045309
-0.045315
-0.045321
-0.045327
-0.045332
-0.045338
-0.045344
-0.045349
-0.045355
-0.045361
-0.045366
-0.045372
-0.045378
-0.045383
-0.045389
-0.045395
-0.045400
-0.045406
-0.045412
-0.045417
-0.045423
-0.045428
-0.045434
-0.045440
-0.045445
-0.045451
-0.045456
-0.045462
-0.045467
-0.045473
-0.045479
-0.045484
-0.045490
-0.045495
-0.045501
-0.045506
-0.045512
-0.045517
-0.045523
-0.045528
-0.045533
-0.045539
-0.045544
-0.045550

