0.000000
0.000000
-0.000025
-0.000051
-0.000077
-0.000102
-0.000127
-0.000152
-0.000176
-0.000200
-0.000224
-0.000247
-0.000270
-0.000292
-0.000315
-0.000337
-0.000358
-0.000380
-0.000401
-0.000422
-0.000443
-0.000464
-0.000485
-0.000505
-0.000526
-0.000546
-0.000566
-0.000586
-0.000606
-0.000626
-0.000646
-0.000666
-0.000686
-0.000706
-0.000726
-0.000745
-0.000765
-0.000785
-0.000804
-0.000824
-0.000843
-0.000863
-0.000882
-0.000902
-0.000921
-0.000941
-0.000960
-0.000979
-0.000999
-0.001018
-0.001038
-0.001057
-0.001077
-0.001096
-0.001115
-0.001135
-0.001154
-0.001174
-0.001193
-0.001212
-0.001232
-0.001251
-0.001271
-0.001290
-0.001310
-0.001329
-0.001349
-0.001368
-0.001388
-0.001407
-0.001427
-0.001446
-0.001466
-0.001486
-0.001505
-0.001525
-0.001544
-0.001564
-0.001584
-0.001603
-0.001623
-0.001643
-0.001663
-0.001682
-0.001702
-0.001722
-0.001742
-0.001762
-0.001782
-0.001801
-0.001821
-0.001841
-0.001861
-0.001881
-0.001901
-0.001921
-0.001941
-0.001961
-0.001981
-0.002001
-0.002022
-0.002042
-0.002062
-0.002082
-0.002102
-0.002122
-0.002143
-0.002163
-0.002183
-0.002203
-0.002224
-0.002244
-0.002265
-0.002285
-0.002305
-0.002326
-0.002346
-0.002367
-0.002387
-0.002408
-0.002428
-0.002449
-0.002469
-0.002490
-0.002511
-0.002531
-0.002552
-0.002572
-0.002593
-0.002614
-0.002635
-0.002655
-0.002676
-0.002697
-0.002718
-0.002739
-0.002759
-0.002780
-0.002801
-0.002822
-0.002843
-0.002864
-0.002885
-0.002906
-0.002927
-0.002948
-0.002969
-0.002990
-0.003011
-0.003032
-0.003053
-0.003075
-0.003096
-0.003117
-0.003138
-0.003159
-0.003181
-0.003202
-0.003223
-0.003244
-0.003266
-0.003287
-0.003308
-0.003330
-0.003351
-0.003372
-0.003394
-0.003415
-0.003437
-0.003458
-0.003480
-0.003501
-0.003523
-0.003544
-0.003566
-0.003587
-0.003609
-0.003630
-0.003652
-0.003674
-0.003695
-0.003717
-0.003738
-0.003760
-0.003782
-0.003803
-0.003825
-0.003847
-0.003869
-0.003890
-0.003912
-0.003934
-0.003956
-0.003978
-0.003999
-0.004021
-0.004043
-0.004065
-0.004087
-0.004109
-0.004131
-0.004152
-0.004174
-0.004196
-0.004218
-0.004240
-0.004262
-0.004284
-0.004306
-0.004328
-0.004350
-0.004372
-0.004394
-0.004416
-0.004438
-0.004460
-0.004482
-0.004505
-0.004527
-0.004549
-0.004571
-0.004593
-0.004615
-0.004637
-0.004660
-0.004682
-0.004704
-0.004726
-0.004748
-0.004771
-0.004793
-0.004815
-0.004837
-0.004860
-0.004882
-0.004904
-0.004926
-0.004949
-0.004971
-0.004993
-0.005016
-0.005038
-0.005060
-0.005083
-0.005105
-0.005127
-0.005150
-0.005172
-0.005194
-0.005217
-0.005239
-0.005262
-0.005284
-0.005306
-0.005329
-0.005351
-0.005374
-0.005396
-0.005419
-0.005441
-0.005464
-0.005486
-0.005509
-0.005531
-0.005554
-0.005576
-0.005599
-0.005621
-0.005644
-0.005666
-0.005689
-0.005711
-0.005734
-0.005756
-0.005779
-0.005801
-0.005824
-0.005847
-0.005869
-0.005892
-0.005914
-0.005937
-0.005960
-0.005982
-0.006005
-0.006027
-0.006050
-0.006073
-0.006095
-0.006118
-0.006141
-0.006163
-0.006186
-0.006209
-0.006231
-0.006254
-0.006277
-0.006299
-0.006322
-0.006345
-0.006367
-0.006390
-0.006413
-0.006435
-0.006458
-0.006481
-0.006503
-0.006526
-0.006549
-0.006572
-0.006594
-0.006617
-0.006640
-0.006662
-0.006685
-0.006708
-0.006731
-0.006753
-0.006776
-0.006799
-0.006822
-0.006844
-0.006867
-0.006890
-0.006913
-0.006935
-0.006958
-0.006981
-0.007004
-0.007026
-0.007049
-0.007072
-0.007095
-0.007117
-0.007140
-0.007163
-0.007186
-0.007208
-0.007231
-0.007254
-0.007277
-0.007300
-0.007322
-0.007345
-0.007368
-0.007391
-0.007414
-0.007436
-0.007459
-0.007482
-0.007505
-0.007527
-0.007550
-0.007573
-0.007596
-0.007619
-0.007641
-0.007664
-0.007687
-0.007710
-0.007733
-0.007755
-0.007778
-0.007801
-0.007824
-0.007847
-0.007869
-0.007892
-0.007915
-0.007938
-0.007960
-0.007983
-0.008006
-0.008029
-0.008052
-0.008074
-0.008097
-0.008120
-0.008143
-0.008166
-0.008188
-0.008211
-0.008234
-0.008257
-0.008279
-0.008302
-0.008325
-0.008348
-0.008371
-0.008393
-0.008416
-0.008439
-0.008462
-0.008484
-0.008507
-0.008530
-0.008553
-0.008575
-0.008598
-0.008621
-0.008644
-0.008666
-0.008689
-0.008712
-0.008735
-0.008757
-0.008780
-0.008803
-0.008826
-0.008848
-0.008871
-0.008894
-0.008917
-0.008939
-0.008962
-0.008985
-0.009008
-0.009030
-0.009053
-0.009076
-0.009098
-0.009121
-0.009144
-0.009167
-0.009189
-0.009212
-0.009235
-0.009257
-0.009280
-0.009303
-0.009325
-0.009348
-0.009371
-0.009393
-0.009416
-0.009439
-0.009461
-0.009484
-0.009507
-0.009529
-0.009552
-0.009575
-0.009597
-0.009620
-0.009643
-0.009665
-0.009688
-0.009710
-0.009733
-0.009756
-0.009778
-0.009801
-0.009824
-0.009846
-0.009869
-0.009891
-0.009914
-0.009937
-0.009959
-0.009982
-0.010004
-0.010027
-0.010049
-0.010072
-0.010095
-0.010117
-0.010140
-0.010162
-0.010185
-0.010207
-0.010230
-0.010252
-0.010275
-0.010297
-0.010320
-0.010342
-0.010365
-0.010387
-0.010410
-0.010432
-0.010455
-0.010477
-0.010500
-0.010522
-0.010545
-0.010567
-0.010590
-0.010612
-0.010635
-0.010657
-0.010680
-0.010702
-0.010724
-0.010747
-0.010769
-0.010792
-0.010814
-0.010837
-0.010859
-0.010881
-0.010904
-0.010926
-0.010949
-0.010971
-0.010993
-0.011016
-0.011038
-0.011060
-0.011083
-0.011105
-0.011127
-0.011150
-0.011172
-0.011194
-0.011217
-0.011239
-0.011261
-0.011284
-0.011306
-0.011328
-0.011351
-0.011373
-0.011395
-0.011417
-0.011440
-0.011462
-0.011484
-0.011506
-0.011529
-0.011551
-0.011573
-0.011595
-0.011617
-0.011640
-0.011662
-0.011684
-0.011706
-0.011728
-0.011751
-0.011773
-0.011795
-0.011817
-0.011839
-0.011861
-0.011884
-0.011906
-0.011928
-0.011950
-0.011972
-0.011994
-0.012016
-0.012038
-0.012061
-0.012083
-0.012105
-0.012127
-0.012149
-0.012171
-0.012193
-0.012215
-0.012237
-0.012259
-0.012281
-0.012303
-0.012325
-0.012347
-0.012369
-0.012391
-0.012413
-0.012435
-0.012457
-0.012479
-0.012501
-0.012523
-0.012545
-0.012567
-0.012589
-0.012611
-0.012633
-0.012655
-0.012676
-0.012698
-0.012720
-0.012742
-0.012764
-0.012786
-0.012808
-0.012830
-0.012851
-0.012873
-0.012895
-0.012917
-0.012939
-0.012961
-0.012982
-0.013004
-0.013026
-0.013048
-0.013070
-0.013091
-0.013113
-0.013135
-0.013157
-0.013178
-0.013200
-0.013222
-0.013244
-0.013265
-0.013287
-0.013309
-0.013330
-0.013352
-0.013374
-0.013395
-0.013417
-0.013439
-0.013460
-0.013482
-0.013504
-0.013525
-0.013547
-0.013569
-0.013590
-0.013612
-0.013633
-0.013655
-0.013677
-0.013698
-0.013720
-0.013741
-0.013763
-0.013784
-0.013806
-0.013827
-0.013849
-0.013870
-0.013892
-0.013913
-0.013935
-0.013956
-0.013978
-0.013999
-0.014021
-0.014042
-0.014064
-0.014085
-0.014106
-0.014128
-0.014149
-0.014171
-0.014192
-0.014213
-0.014235
-0.014256
-0.014278
-0.014299
-0.014320
-0.014342
-0.014363
-0.014384
-0.014406
-0.014427
-0.014448
-0.014469
-0.014491
-0.014512
-0.014533
-0.014555
-0.014576
-0.014597
-0.014618
-0.014640
-0.014661
-0.014682
-0.014703
-0.014724
-0.014746
-0.014767
-0.014788
-0.014809
-0.014830
-0.014851
-0.014872
-0.014894
-0.014915
-0.014936
-0.014957
-0.014978
-0.014999
-0.015020
-0.015041
-0.015062
-0.015083
-0.015104
-0.015125
-0.015146
-0.015168
-0.015189
-0.015210
-0.015231
-0.015252
-0.015272
-0.015293
-0.015314
-0.015335
-0.015356
-0.015377
-0.015398
-0.015419
-0.015440
-0.015461
-0.015482
-0.015503
-0.015524
-0.015544
-0.015565
-0.015586
-0.015607
-0.015628
-0.015649
-0.015670
-0.015690
-0.015711
-0.015732
-0.015753
-0.015774
-0.015794
-0.015815
-0.015836
-0.015857
-0.015877
-0.015898
-0.015919
-0.015939
-0.015960
-0.015981
-0.016002
-0.016022
-0.016043
-0.016064
-0.016084
-0.016105
-0.016125
-0.016146
-0.016167
-0.016187
-0.016208
-0.016228
-0.016249
-0.016270
-0.016290
-0.016311
-0.016331
-0.016352
-0.016372
-0.016393
-0.016413
-0.016434
-0.016454
-0.016475
-0.016495
-0.016516
-0.016536
-0.016557
-0.016577
-0.016598
-0.016618
-0.016638
-0.016659
-0.016679
-0.016700
-0.016720
-0.016740
-0.016761
-0.016781
-0.016801
-0.016822
-0.016842
-0.016862
-0.016883
-0.016903
-0.016923
-0.016944
-0.016964
-0.016984
-0.017004
-0.017025
-0.017045
-0.017065
-0.017085
-0.017106
-0.017126
-0.017146
-0.017166
-0.017186
-0.017207
-0.017227
-0.017247
-0.017267
-0.017287
-0.017307
-0.017327
-0.017348
-0.017368
-0.017388
-0.017408
-0.017428
-0.017448
-0.017468
-0.017488
-0.017508
-0.017528
-0.017548
-0.017568
-0.017588
-0.017608
-0.017628
-0.017648
-0.017668
-0.017688
-0.017708
-0.017728
-0.017748
-0.017768
-0.017788
-0.017808
-0.017828
-0.017847
-0.017867
-0.017887
-0.017907
-0.017927
-0.017947
-0.017967
-0.017986
-0.018006
-0.018026
-0.018046
-0.018066
-0.018085
-0.018105
-0.018125
-0.018145
-0.018164
-0.018184
-0.018204
-0.018224
-0.018243
-0.018263
-0.018283
-0.018302
-0.018322
-0.018342
-0.018361
-0.018381
-0.018401
-0.018420
-0.018440
-0.018459
-0.018479
-0.018499
-0.018518
-0.018538
-0.018557
-0.018577
-0.018596
-0.018616
-0.018636
-0.018655
-0.018675
-0.018694
-0.018714
-0.018733
-0.018752
-0.018772
-0.018791
-0.018811
-0.018830
-0.018850
-0.018869
-0.018889
-0.018908
-0.018927
-0.018947
-0.018966
-0.018985
-0.019005
-0.019024
-0.019043
-0.019063
-0.019082
-0.019101
-0.019121
-0.019140
-0.019159
-0.019179
-0.019198
-0.019217
-0.019236
-0.019256
-0.019275
-0.019294
-0.019313
-0.019332
-0.019352
-0.019371
-0.019390
-0.019409
-0.019428
-0.019447
-0.019467
-0.019486
-0.019505
-0.019524
-0.019543
-0.019562
-0.019581
-0.019600
-0.019619
-0.019638
-0.019658
-0.019677
-0.019696
-0.019715
-0.019734
-0.019753
-0.019772
-0.019791
-0.019810
-0.019829
-0.019847
-0.019866
-0.019885
-0.019904
-0.019923
-0.019942
-0.019961
-0.019980
-0.019999
-0.020018
-0.020037
-0.020055
-0.020074
-0.020093
-0.020112
-0.020131
-0.020150
-0.020168
-0.020187
-0.020206
-0.020225
-0.020243
-0.020262
-0.020281
-0.020300
-0.020318
-0.020337
-0.020356
-0.020375
-0.020393
-0.020412
-0.020431
-0.020449
-0.020468
-0.020487
-0.020505
-0.020524
-0.020543
-0.020561
-0.020580
-0.020598
-0.020617
-0.020635
-0.020654
-0.020673
-0.020691
-0.020710
-0.020728
-0.020747
-0.020765
-0.020784
-0.020802
-0.020821
-0.020839
-0.020858
-0.020876
-0.020895
-0.020913
-0.020931
-0.020950
-0.020968
-0.020987
-0.021005
-0.021024
-0.021042
-0.021060
-0.021079
-0.021097
-0.021115
-0.021134
-0.021152
-0.021170
-0.021189
-0.021207
-0.021225
-0.021243
-0.021262
-0.021280
-0.021298
-0.021316
-0.021335
-0.021353
-0.021371
-0.021389
-0.021408
-0.021426
-0.021444
-0.021462
-0.021480
-0.021498
-0.021517
-0.021535
-0.021553
-0.021571
-0.021589
-0.021607
-0.021625
-0.021643
-0.021661
-0.021679
-0.021697
-0.021716
-0.021734
-0.021752
-0.021770
-0.021788
-0.021806
-0.021824
-0.021842
-0.021860
-0.021877
-0.021895
-0.021913
-0.021931
-0.021949
-0.021967
-0.021985
-0.022003
-0.022021
-0.022039
-0.022057
-0.022074
-0.022092
-0.022110
-0.022128
-0.022146
-0.022164
-0.022181
-0.022199
-0.022217
-0.022235
-0.022253
-0.022270
-0.022288
-0.022306
-0.022324
-0.022341
-0.022359
-0.022377
-0.022395
-0.022412
-0.022430
-0.022448
-0.022465
-0.022483
-0.022501
-0.022518
-0.022536
-0.022553
-0.022571
-0.022589
-0.022606
-0.022624
-0.022641
-0.022659
-0.022677
-0.022694
-0.022712
-0.022729
-0.022747
-0.022764
-0.022782
-0.022799
-0.022817
-0.022834
-0.022852
-0.022869
-0.022887
-0.022904
-0.022921
-0.022939
-0.022956
-0.022974
-0.022991
-0.023009
-0.023026
-0.023043
-0.023061
-0.023078
-0.023095
-0.023113
-0.023130
-0.023147
-0.023165
-0.023182
-0.023199
-0.023217
-0.023234
-0.023251
-0.023268
-0.023286
-0.023303
-0.023320
-0.023337
-0.023354
-0.023372
-0.023389
-0.023406
-0.023423
-0.023440
-0.023458
-0.023475
-0.023492
-0.023509
-0.023526
-0.023543
-0.023560
-0.023577
-0.023595
-0.023612
-0.023629
-0.023646
-0.023663
-0.023680
-0.023697
-0.023714
-0.023731
-0.023748
-0.023765
-0.023782
-0.023799
-0.023816
-0.023833
-0.023850
-0.023867
-0.023884
-0.023901
-0.023918
-0.023935
-0.023951
-0.023968
-0.023985
-0.024002
-0.024019
-0.024036
-0.024053
-0.024070
-0.024086
-0.024103
-0.024120
-0.024137
-0.024154
-0.024170
-0.024187
-0.024204
-0.024221
-0.024238
-0.024254
-0.024271
-0.024288
-0.024305
-0.024321
-0.024338
-0.024355
-0.024371
-0.024388
-0.024405
-0.024421
-0.024438
-0.024455
-0.024471
-0.024488
-0.024505
-0.024521
-0.024538
-0.024554
-0.024571
-0.024588
-0.024604
-0.024621
-0.024637
-0.024654
0.454203
1.219563
2.126646
2.764444
3.213096
3.537585
3.776822
3.954689
4.086509
4.182593
4.246485
4.285160
4.303879
4.306557
4.296203
4.275197
4.245460
4.208574
4.165841
4.118351
4.067028
4.012645
3.955853
3.897215
3.837198
3.776201
3.714570
3.652588
3.590497
3.528513
3.466802
3.405512
3.344774
3.284685
3.225328
3.166785
3.109105
3.052334
2.996518
2.941680
2.887841
2.835024
2.783235
2.732479
2.682762
2.634082
2.586435
2.539812
2.494212
2.449621
2.406026
2.363415
2.321778
2.281098
2.241358
2.202543
2.164636
2.127626
2.091491
2.056214
2.021777
1.988164
1.955360
1.923346
1.892104
1.861616
1.831866
1.802839
1.774518
1.746885
1.719925
1.693620
1.667957
1.642917
1.618491
1.594660
1.571410
1.548726
1.526595
1.505001
1.483933
1.463376
1.443319
1.423750
1.404654
1.386020
1.367836
1.350090
1.332771
1.315868
1.299369
1.283265
1.267546
1.252202
1.237223
1.222598
1.208320
1.194377
1.180762
1.167466
1.154480
1.141796
1.129407
1.117303
1.105478
1.093924
1.082636
1.071604
1.060823
1.050285
1.039985
1.029915
1.020069
1.010441
1.001026
0.991818
0.982811
0.973999
0.965378
0.956943
0.948687
0.940608
0.932699
0.924956
0.917374
0.909950
0.902680
0.895559
0.888583
0.881748
0.875051
0.868487
0.862054
0.855746
0.849562
0.843498
0.837550
0.831716
0.825992
0.820375
0.814863
0.809452
0.804141
0.798925
0.793804
0.788774
0.783832
0.778977
0.774207
0.769518
0.764908
0.760377
0.755921
0.751538
0.747227
0.742985
0.738812
0.734705
0.730661
0.726681
0.722761
0.718901
0.715099
0.711354
0.707663
0.704026
0.700441
0.696907
0.693422
0.689985
0.686595
0.683251
0.679951
0.676695
0.673481
0.670308
0.667175
0.664081
0.661025
0.658007
0.655025
0.652078
0.649165
0.646286
0.643440
0.640626
0.637842
0.635090
0.632367
0.629672
0.627006
0.624368
0.621756
0.619170
0.616610
0.614076
0.611565
0.609078
0.606615
0.604174
0.601755
0.599358
0.596982
0.594627
0.592292
0.589977
0.587681
0.585404
0.583145
0.580905
0.578681
0.576476
0.574287
0.572114
0.569958
0.567817
0.565692
0.563582
0.561487
0.559407
0.557340
0.555288
0.553249
0.551223
0.549211
0.547211
0.545224
0.543249
0.541286
0.539335
0.537396
0.535468
0.533551
0.531646
0.529751
0.527866
0.525992
0.524128
0.522274
0.520431
0.518596
0.516772
0.514956
0.513150
0.511353
0.509565
0.507785
0.506014
0.504252
0.502498
0.500752
0.499014
0.497284
0.495561
0.493847
0.492140
0.490440
0.488748
0.487063
0.485385
0.483714
0.482050
0.480393
0.478743
0.477100
0.475463
0.473832
0.472208
0.470590
0.468979
0.467373
0.465774
0.464181
0.462594
0.461012
0.459437
0.457867
0.456303
0.454744
0.453191
0.451644
0.450102
0.448566
0.447034
0.445508
0.443988
0.442472
0.440962
0.439457
0.437957
0.436461
0.434971
0.433486
0.432005
0.430530
0.429059
0.427593
0.426131
0.424674
0.423222
0.421775
0.420332
0.418893
0.417459
0.416030
0.414605
0.413184
0.411768
0.410356
0.408948
0.407545
0.406146
0.404751
0.403360
0.401973
0.400591
0.399213
0.397838
0.396468
0.395102
0.393740
0.392382
0.391028
0.389678
0.388331
0.386989
0.385651
0.384316
0.382985
0.381659
0.380336
0.379016
0.377701
0.376389
0.375081
0.373777
0.372476
0.371179
0.369886
0.368597
0.367311
0.366028
0.364750
0.363475
0.362203
0.360935
0.359671
0.358410
0.357153
0.355899
0.354649
0.353402
0.352159
0.350919
0.349682
0.348449
0.347220
0.345994
0.344771
0.343551
0.342335
0.341123
0.339913
0.338708
0.337505
0.336306
0.335110
0.333917
0.332727
0.331541
0.330358
0.329179
0.328002
0.326829
0.325659
0.324493
0.323329
0.322169
0.321012
0.319858
0.318707
0.317560
0.316415
0.315274
0.314136
0.313001
0.311869
0.310741
0.309615
0.308493
0.307373
0.306257
0.305143
0.304033
0.302926
0.301822
0.300721
0.299623
0.298527
0.297435
0.296346
0.295260
0.294177
0.293097
0.292020
0.290946
0.289874
0.288806
0.287741
0.286678
0.285619
0.284562
0.283509
0.282458
0.281410
0.280365
0.279323
0.278284
0.277247
0.276214
0.275183
0.274156
0.273131
0.272108
0.271089
0.270073
0.269059
0.268048
0.267040
0.266035
0.265033
0.264033
0.263036
0.262042
0.261051
0.260062
0.259076
0.258093
0.257113
0.256135
0.255160
0.254188
0.253218
0.252252
0.251288
0.250326
0.249367
0.248411
0.247458
0.246507
0.245559
0.244614
0.243671
0.242731
0.241794
0.240859
0.239927
0.238997
0.238071
0.237146
0.236225
0.235305
0.234389
0.233475
0.232564
0.231655
0.230749
0.229845
0.228944
0.228045
0.227149
0.226256
0.225365
0.224477
0.223591
0.222708
0.221827
0.220948
0.220073
0.219199
0.218328
0.217460
0.216594
0.215731
0.214870
0.214011
0.213155
0.212302
0.211451
0.210602
0.209756
0.208912
0.208071
0.207232
0.206395
0.205561
0.204729
0.203900
0.203073
0.202248
0.201426
0.200607
0.199789
0.198974
0.198161
0.197351
0.196543
0.195737
0.194934
0.194133
0.193335
0.192538
0.191744
0.190953
0.190163
0.189376
0.188591
0.187809
0.187029
0.186251
0.185475
0.184702
0.183931
0.183162
0.182395
0.181631
0.180869
0.180109
0.179352
0.178596
0.177843
0.177093
0.176344
0.175597
0.174853
0.174111
0.173371
0.172634
0.171898
0.171165
0.170434
0.169705
0.168978
0.168254
0.167531
0.166811
0.166093
0.165377
0.164663
0.163952
0.163242
0.162535
0.161830
0.161126
0.160425
0.159726
0.159030
0.158335
0.157642
0.156952
0.156263
0.155577
0.154893
0.154210
0.153530
0.152852
0.152176
0.151502
0.150830
0.150160
0.149492
0.148826
0.148163
0.147501
0.146841
0.146183
0.145528
0.144874
0.144222
0.143573
0.142925
0.142279
0.141635
0.140994
0.140354
0.139716
0.139080
0.138446
0.137815
0.137185
0.136557
0.135931
0.135306
0.134684
0.134064
0.133446
0.132829
0.132215
0.131602
0.130992
0.130383
0.129776
0.129171
0.128568
0.127967
0.127368
0.126770
0.126175
0.125581
0.124989
0.124399
0.123811
0.123225
0.122641
0.122058
0.121478
0.120899
0.120322
0.119747
0.119174
0.118602
0.118033
0.117465
0.116899
0.116335
0.115772
0.115212
0.114653
0.114096
0.113541
0.112987
0.112435
0.111885
0.111337
0.110791
0.110246
0.109704
0.109162
0.108623
0.108085
0.107550
0.107015
0.106483
0.105952
0.105423
0.104896
0.104371
0.103847
0.103325
0.102805
0.102286
0.101769
0.101254
0.100740
0.100228
0.099718
0.099209
0.098702
0.098197
0.097694
0.097192
0.096692
0.096193
0.095696
0.095201
0.094707
0.094215
0.093725
0.093236
0.092749
0.092264
0.091780
0.091297
0.090817
0.090338
0.089860
0.089385
0.088910
0.088438
0.087967
0.087497
0.087029
0.086563
0.086098
0.085635
0.085174
0.084714
0.084255
0.083798
0.083343
0.082889
0.082437
0.081986
0.081537
0.081089
0.080643
0.080199
0.079755
0.079314
0.078874
0.078435
0.077998
0.077563
0.077129
0.076696
0.076265
0.075836
0.075408
0.074981
0.074556
0.074132
0.073710
0.073289
0.072870
0.072452
0.072036
0.071621
0.071208
0.070796
0.070385
0.069976
0.069569
0.069162
0.068758
0.068354
0.067952
0.067552
0.067153
0.066755
0.066359
0.065964
0.065570
0.065178
0.064788
0.064398
0.064010
0.063624
0.063239
0.062855
0.062472
0.062091
0.061711
0.061333
0.060956
0.060580
0.060206
0.059833
0.059462
0.059091
0.058722
0.058355
0.057989
0.057624
0.057260
0.056898
0.056537
0.056177
0.055819
0.055462
0.055106
0.054751
0.054398
0.054046
0.053696
0.053346
0.052998
0.052651
0.052306
0.051962
0.051619
0.051277
0.050937
0.050597
0.050259
0.049923
0.049587
0.049253
0.048920
0.048588
0.048258
0.047929
0.047601
0.047274
0.046948
0.046624
0.046301
0.045979
0.045658
0.045338
0.045020
0.044703
0.044387
0.044072
0.043758
0.043446
0.043134
0.042824
0.042515
0.042208
0.041901
0.041596
0.041291
0.040988
0.040686
0.040385
0.040086
0.039787
0.039490
0.039193
0.038898
0.038604
0.038311
0.038019
0.037729
0.037439
0.037151
0.036863
0.036577
0.036292
0.036008
0.035725
0.035443
0.035162
0.034882
0.034604
0.034326
0.034049
0.033774
0.033500
0.033226
0.032954
0.032683
0.032413
0.032144
0.031876
0.031609
0.031343
0.031078
0.030814
0.030551
0.030289
0.030028
0.029768
0.029509
0.029252
0.028995
0.028739
0.028484
0.028230
0.027978
0.027726
0.027475
0.027225
0.026976
0.026728
0.026481
0.026236
0.025991
0.025747
0.025504
0.025261
0.025020
0.024780
0.024541
0.024303
0.024065
0.023829
0.023593
0.023359
0.023125
0.022893
0.022661
0.022430
0.022200
0.021971
0.021743
0.021516
0.021289
0.021064
0.020839
0.020616
0.020393
0.020171
0.019950
0.019730
0.019511
0.019293
0.019075
0.018859
0.018643
0.018428
0.018214
0.018001
0.017789
0.017577
0.017366
0.017157
0.016948
0.016740
0.016532
0.016326
0.016120
0.015916
0.015712
0.015508
0.015306
0.015105
0.014904
0.014704
0.014505
0.014307
0.014109
0.013912
0.013716
0.013521
0.013327
0.013133
0.012940
0.012748
0.012557
0.012366
0.012177
0.011988
0.011799
0.011612
0.011425
0.011239
0.011054
0.010869
0.010686
0.010503
0.010320
0.010139
0.009958
0.009778
0.009599
0.009420
0.009242
0.009065
0.008888
0.008712
0.008537
0.008363
0.008189
0.008016
0.007844
0.007672
0.007501
0.007331
0.007161
0.006992
0.006824
0.006656
0.006489
0.006323
0.006158
0.005993
0.005828
0.005665
0.005502
0.005339
0.005178
0.005017
0.004856
0.004697
0.004537
0.004379
0.004221
0.004064
0.003907
0.003751
0.003596
0.003441
0.003287
0.003133
0.002981
0.002828
0.002676
0.002525
0.002375
0.002225
0.002075
0.001927
0.001779
0.001631
0.001484
0.001337
0.001192
0.001046
0.000902
0.000757
0.000614
0.000471
0.000328
0.000186
0.000045
-0.000096
-0.000236
-0.000376
-0.000515
-0.000654
-0.000792
-0.000929
-0.001066
-0.001203
-0.001339
-0.001474
-0.001609
-0.001743
-0.001877
-0.002011
-0.002143
-0.002276
-0.002408
-0.002539
-0.002670
-0.002800
-0.002930
-0.003059
-0.003188
-0.003316
-0.003444
-0.003572
-0.003698
-0.003825
-0.003951
-0.004076
-0.004201
-0.004326
-0.004450
-0.004573
-0.004696
-0.004819
-0.004941
-0.005063
-0.005184
-0.005305
-0.005425
-0.005545
-0.005664
-0.005783
-0.005902
-0.006020
-0.006137
-0.006254
-0.006371
-0.006488
-0.006603
-0.006719
-0.006834
-0.006949
-0.007063
-0.007176
-0.007290
-0.007403
-0.007515
-0.007627
-0.007739
-0.007850
-0.007961
-0.008072
-0.008182
-0.008291
-0.008400
-0.008509
-0.008618
-0.008726
-0.008833
-0.008941
-0.009048
-0.009154
-0.009260
-0.009366
-0.009471
-0.009576
-0.009681
-0.009785
-0.009889
-0.009992
-0.010096
-0.010198
-0.010301
-0.010403
-0.010504
-0.010606
-0.010706
-0.010807
-0.010907
-0.011007
-0.011107
-0.011206
-0.011305
-0.011403
-0.011501
-0.011599
-0.011696
-0.011793
-0.011890
-0.011986
-0.012083
-0.012178
-0.012274
-0.012369
-0.012463
-0.012558
-0.012652
-0.012746
-0.012839
-0.012932
-0.013025
-0.013118
-0.013210
-0.013302
-0.013393
-0.013484
-0.013575
-0.013666
-0.013756
-0.013846
-0.013936
-0.014025
-0.014114
-0.014203
-0.014291
-0.014380
-0.014467
-0.014555
-0.014642
-0.014729
-0.014816
-0.014902
-0.014989
-0.015074
-0.015160
-0.015245
-0.015330
-0.015415
-0.015499
-0.015583
-0.015667
-0.015751
-0.015834
-0.015917
-0.016000
-0.016083
-0.016165
-0.016247
-0.016328
-0.016410
-0.016491
-0.016572
-0.016653
-0.016733
-0.016813
-0.016893
-0.016973
-0.017052
-0.017131
-0.017210
-0.017288
-0.017367
-0.017445
-0.017523
-0.017600
-0.017678
-0.017755
-0.017831
-0.017908
-0.017984
-0.018060
-0.018136
-0.018212
-0.018287
-0.018363
-0.018437
-0.018512
-0.018587
-0.018661
-0.018735
-0.018808
-0.018882
-0.018955
-0.019028
-0.019101
-0.019174
-0.019246
-0.019318
-0.019390
-0.019462
-0.019533
-0.019605
-0.019676
-0.019747
-0.019817
-0.019888
-0.019958
-0.020028
-0.020098
-0.020167
-0.020236
-0.020305
-0.020374
-0.020443
-0.020512
-0.020580
-0.020648
-0.020716
-0.020783
-0.020851
-0.020918
-0.020985
-0.021052
-0.021119
-0.021185
-0.021251
-0.021317
-0.021383
-0.021449
-0.021514
-0.021580
-0.021645
-0.021710
-0.021774
-0.021839
-0.021903
-0.021967
-0.022031
-0.022095
-0.022158
-0.022222
-0.022285
-0.022348
-0.022411
-0.022473
-0.022536
-0.022598
-0.022660
-0.022722
-0.022784
-0.022845
-0.022907
-0.022968
-0.023029
-0.023089
-0.023150
-0.023211
-0.023271
-0.023331
-0.023391
-0.023451
-0.023510
-0.023570
-0.023629
-0.023688
-0.023747
-0.023806
-0.023864
-0.023923
-0.023981
-0.024039
-0.024097
-0.024154
-0.024212
-0.024269
-0.024327
-0.024384
-0.024441
-0.024497
-0.024554
-0.024610
-0.024667
-0.024723
-0.024779
-0.024835
-0.024890
-0.024946
-0.025001
-0.025056
-0.025111
-0.025166
-0.025221
-0.025275
-0.025330
-0.025384
-0.025438
-0.025492
-0.025546
-0.025599
-0.025653
-0.025706
-0.025759
-0.025812
-0.025865
-0.025918
-0.025971
-0.026023
-0.026075
-0.026128
-0.026180
-0.026231
-0.026283
-0.026335
-0.026386
-0.026438
-0.026489
-0.026540
-0.026591
-0.026641
-0.026692
-0.026742
-0.026793
-0.026843
-0.026893
-0.026943
-0.026993
-0.027042
-0.027092
-0.027141
-0.027190
-0.027239
-0.027288
-0.027337
-0.027386
-0.027434
-0.027483
-0.027531
-0.027579
-0.027627
-0.027675
-0.027723
-0.027771
-0.027818
-0.027866
-0.027913
-0.027960
-0.028007
-0.028054
-0.028101
-0.028147
-0.028194
-0.028240
-0.028286
-0.028332
-0.028378
-0.028424
-0.028470
-0.028516
-0.028561
-0.028607
-0.028652
-0.028697
-0.028742
-0.028787
-0.028832
-0.028876
-0.028921
-0.028965
-0.029009
-0.029054
-0.029098
-0.029142
-0.029185
-0.029229
-0.029273
-0.029316
-0.029360
-0.029403
-0.029446
-0.029489
-0.029532
-0.029575
-0.029617
-0.029660
-0.029702
-0.029745
-0.029787
-0.029829
-0.029871
-0.029913
-0.029955
-0.029996
-0.030038
-0.030079
-0.030121
-0.030162
-0.030203
-0.030244
-0.030285
-0.030326
-0.030366
-0.030407
-0.030447
-0.030488
-0.030528
-0.030568
-0.030608
-0.030648
-0.030688
-0.030728
-0.030767
-0.030807
-0.030846
-0.030886
-0.030925
-0.030964
-0.031003
-0.031042
-0.031081
-0.031119
-0.031158
-0.031196
-0.031235
-0.031273
-0.031311
-0.031349
-0.031387
-0.031425
-0.031463
-0.031501
-0.031538
-0.031576
-0.031613
-0.031651
-0.031688
-0.031725
-0.031762
-0.031799
-0.031836
-0.031872
-0.031909
-0.031946
-0.031982
-0.032018
-0.032055
-0.032091
-0.032127
-0.032163
-0.032199
-0.032234
-0.032270
-0.032306
-0.032341
-0.032377
-0.032412
-0.032447
-0.032482
-0.032517
-0.032552
-0.032587
-0.032622
-0.032657
-0.032691
-0.032726
-0.032760
-0.032795
-0.032829
-0.032863
-0.032897
-0.032931
-0.032965
-0.032999
-0.033033
-0.033066
-0.033100
-0.033133
-0.033167
-0.033200
-0.033233
-0.033266
-0.033299
-0.033332
-0.033365
-0.033398
-0.033431
-0.033463
-0.033496
-0.033528
-0.033561
-0.033593
-0.033625
-0.033657
-0.033689
-0.033721
-0.033753
-0.033785
-0.033816
-0.033848
-0.033880
-0.033911
-0.033943
-0.033974
-0.034005
-0.034036
-0.034067
-0.034098
-0.034129
-0.034160
-0.034191
-0.034221
-0.034252
-0.034283
-0.034313
-0.034343
-0.034374
-0.034404
-0.034434
-0.034464
-0.034494
-0.034524
-0.034554
-0.034584
-0.034613
-0.034643
-0.034672
-0.034702
-0.034731
-0.034761
-0.034790
-0.034819
-0.034848
-0.034877
-0.034906
-0.034935
-0.034964
-0.034992
-0.035021
-0.035050
-0.035078
-0.035106
-0.035135
-0.035163
-0.035191
-0.035219
-0.035248
-0.035276
-0.035303
-0.035331
-0.035359
-0.035387
-0.035415
-0.035442
-0.035470
-0.035497
-0.035524
-0.035552
-0.035579
-0.035606
-0.035633
-0.035660
-0.035687
-0.035714
-0.035741
-0.035768
-0.035795
-0.035821
-0.035848
-0.035874
-0.035901
-0.035927
-0.035953
-0.035980
-0.036006
-0.036032
-0.036058
-0.036084
-0.036110
-0.036136
-0.036161
-0.036187
-0.036213
-0.036238
-0.036264
-0.036289
-0.036315
-0.036340
-0.036365
-0.036391
-0.036416
-0.036441
-0.036466
-0.036491
-0.036516
-0.036541
-0.036565
-0.036590
-0.036615
-0.036639
-0.036664
-0.036688
-0.036713
-0.036737
-0.036761
-0.036786
-0.036810
-0.036834
-0.036858
-0.036882
-0.036906
-0.036930
-0.036954
-0.036977
-0.037001
-0.037025
-0.037048
-0.037072
-0.037095
-0.037119
-0.037142
-0.037165
-0.037189
-0.037212
-0.037235
-0.037258
-0.037281
-0.037304
-0.037327
-0.037350
-0.037372
-0.037395
-0.037418
-0.037440
-0.037463
-0.037485
-0.037508
-0.037530
-0.037553
-0.037575
-0.037597
-0.037619
-0.037642
-0.037664
-0.037686
-0.037708
-0.037730
-0.037751
-0.037773
-0.037795
-0.037817
-0.037838
-0.037860
-0.037881
-0.037903
-0.037924
-0.037946
-0.037967
-0.037988
-0.038010
-0.038031
-0.038052
-0.038073
-0.038094
-0.038115
-0.038136
-0.038157
-0.038178
-0.038198
-0.038219
-0.038240
-0.038260
-0.038281
-0.038302
-0.038322
-0.038342
-0.038363
-0.038383
-0.038403
-0.038424
-0.038444
-0.038464
-0.038484
-0.038504
-0.038524
-0.038544
-0.038564
-0.038584
-0.038604
-0.038623
-0.038643
-0.038663
-0.038682
-0.038702
-0.038721
-0.038741
-0.038760
-0.038780
-0.038799
-0.038818
-0.038838
-0.038857
-0.038876
-0.038895
-0.038914
-0.038933
-0.038952
-0.038971
-0.038990
-0.039009
-0.039027
-0.039046
-0.039065
-0.039084
-0.039102
-0.039121
-0.039139
-0.039158
-0.039176
-0.039195
-0.039213
-0.039231
-0.039250
-0.039268
-0.039286
-0.039304
-0.039322
-0.039340
-0.039358
-0.039376
-0.039394
-0.039412
-0.039430
-0.039448
-0.039465
-0.039483
-0.039501
-0.039518
-0.039536
-0.039554
-0.039571
-0.039589
-0.039606
-0.039623
-0.039641
-0.039658
-0.039675
-0.039693
-0.039710
-0.039727
-0.039744
-0.039761
-0.039778
-0.039795
-0.039812
-0.039829
-0.039846
-0.039863
-0.039879
-0.039896
-0.039913
-0.039930
-0.039946
-0.039963
-0.039979
-0.039996
-0.040012
-0.040029
-0.040045
-0.040062
-0.040078
-0.040094
-0.040110
-0.040127
-0.040143
-0.040159
-0.040175
-0.040191
-0.040207
-0.040223
-0.040239
-0.040255
-0.040271
-0.040287
-0.040303
-0.040319
-0.040334
-0.040350
-0.040366
-0.040381
-0.040397
-0.040412
-0.040428
-0.040443
-0.040459
-0.040474
-0.040490
-0.040505
-0.040520
-0.040536
-0.040551
-0.040566
-0.040581
-0.040597
-0.040612
-0.040627
-0.040642
-0.040657
-0.040672
-0.040687
-0.040702
-0.040717
-0.040731
-0.040746
-0.040761
-0.040776
-0.040790
-0.040805
-0.040820
-0.040834
-0.040849
-0.040864
-0.040878
-0.040893
-0.040907
-0.040921
-0.040936
-0.040950
-0.040965
-0.040979
-0.040993
-0.041007
-0.041022
-0.041036
-0.041050
-0.041064
-0.041078
-0.041092
-0.041106
-0.041120
-0.041134
-0.041148
-0.041162
-0.041176
-0.041190
-0.041203
-0.041217
-0.041231
-0.041245
-0.041258
-0.041272
-0.041285
-0.041299
-0.041313
-0.041326
-0.041340
-0.041353
-0.041367
-0.041380
-0.041393
-0.041407
-0.041420
-0.041433
-0.041447
-0.041460
-0.041473
-0.041486
-0.041499
-0.041513
-0.041526
-0.041539
-0.041552
-0.041565
-0.041578
-0.041591
-0.041604
-0.041617
-0.041629
-0.041642
-0.041655
-0.041668
-0.041681
-0.041693
-0.041706
-0.041719
-0.041731
-0.041744
-0.041757
-0.041769
-0.041782
-0.041794
-0.041807
-0.041819
-0.041832
-0.041844
-0.041856
-0.041869
-0.041881
-0.041893
-0.041906
-0.041918
-0.041930
-0.041942
-0.041955
-0.041967
-0.041979
-0.041991
-0.042003
-0.042015
-0.042027
-0.042039
-0.042051
-0.042063
-0.042075
-0.042087
-0.042099
-0.042111
-0.042122
-0.042134
-0.042146
-0.042158
-0.042170
-0.042181
-0.042193
-0.042205
-0.042216
-0.042228
-0.042239
-0.042251
-0.042262
-0.042274
-0.042285
-0.042297
-0.042308
-0.042320
-0.042331
-0.042343
-0.042354
-0.042365
-0.042377
-0.042388
-0.042399
-0.042410
-0.042422
-0.042433
-0.042444
-0.042455
-0.042466
-0.042477
-0.042488
-0.042499
-0.042510
-0.042521
-0.042532
-0.042543
-0.042554
-0.042565
-0.042576
-0.042587
-0.042598
-0.042609
-0.042619
-0.042630
-0.042641
-0.042652
-0.042662
-0.042673
-0.042684
-0.042694
-0.042705
-0.042716
-0.042726
-0.042737
-0.042747
-0.042758
-0.042768
-0.042779
-0.042789
-0.042800
-0.042810
-0.042821
-0.042831
-0.042841
-0.042852
-0.042862
-0.042872
-0.042883
-0.042893
-0.042903
-0.042913
-0.042924
-0.042934
-0.042944
-0.042954
-0.042964
-0.042974
-0.042984
-0.042994
-0.043004
-0.043014
-0.043024
-0.043034
-0.043044
-0.043054
-0.043064
-0.043074
-0.043084
-0.043094
-0.043104
-0.043114
-0.043123
-0.043133
-0.043143
-0.043153
-0.043163
-0.043172
-0.043182
-0.043192
-0.043201
-0.043211
-0.043221
-0.043230
-0.043240
-0.043249
-0.043259
-0.043268
-0.043278
-0.043287
-0.043297
-0.043306
-0.043316
-0.043325
-0.043335
-0.043344
-0.043353
-0.043363
-0.043372
-0.043381
-0.043391
-0.043400
-0.043409
-0.043418
-0.043428
-0.043437
-0.043446
-0.043455
-0.043464
-0.043474
-0.043483
-0.043492
-0.043501
-0.043510
-0.043519
-0.043528
-0.043537
-0.043546
-0.043555
-0.043564
-0.043573
-0.043582
-0.043591
-0.043600
-0.043609
-0.043618
-0.043626
-0.043635
-0.043644
-0.043653
-0.043662
-0.043670
-0.043679
-0.043688
-0.043697
-0.043705
-0.043714
-0.043723
-0.043731
-0.043740
-0.043749
-0.043757
-0.043766
-0.043775
-0.043783
-0.043792
-0.043800
-0.043809
-0.043817
-0.043826
-0.043834
-0.043843
-0.043851
-0.043860
-0.043868
-0.043876
-0.043885
-0.043893
-0.043902
-0.043910
-0.043918
-0.043927
-0.043935
-0.043943
-0.043951
-0.043960
-0.043968
-0.043976
-0.043984
-0.043993
-0.044001
-0.044009
-0.044017
-0.044025
-0.044033
-0.044041
-0.044050
-0.044058
-0.044066
-0.044074
-0.044082
-0.044090
-0.044098
-0.044106
-0.044114
-0.044122
-0.044130
-0.044138
-0.044146
-0.044154
-0.044161
-0.044169
-0.044177
-0.044185
-0.044193
-0.044201
-0.044209
-0.044216
-0.044224
-0.044232
-0.044240
-0.044248
-0.044255
-0.044263
-0.044271
-0.044278
-0.044286
-0.044294
-0.044301
-0.044309
-0.044317
-0.044324
-0.044332
-0.044340
-0.044347
-0.044355
-0.044362
-0.044370
-0.044377
-0.044385
-0.044392
-0.044400
-0.044407
-0.044415
-0.044422
-0.044430
-0.044437
-0.044445
-0.044452
-0.044459
-0.044467
-0.044474
-0.044482
-0.044489
-0.044496
-0.044504
-0.044511
-0.044518
-0.044526
-0.044533
-0.044540
-0.044547
-0.044555
-0.044562
-0.044569
-0.044576
-0.044583
-0.044591
-0.044598
-0.044605
-0.044612
-0.044619
-0.044626
-0.044633
-0.044641
-0.044648
-0.044655
-0.044662
-0.044669
-0.044676
-0.044683
-0.044690
-0.044697
-0.044704
-0.044711
-0.044718
-0.044725
-0.044732
-0.044739
-0.044746
-0.044753
-0.044760
-0.044766
-0.044773
-0.044780
-0.044787
-0.044794
-0.044801
-0.044808
-0.044814
-0.044821
-0.044828
-0.044835
-0.044842
-0.044848
-0.044855
-0.044862
-0.044869
-0.044875
-0.044882
-0.044889
-0.044896
-0.044902
-0.044909
-0.044916
-0.044922
-0.044929
-0.044936
-0.044942
-0.044949
-0.044955
-0.044962
-0.044969
-0.044975
-0.044982
-0.044988
-0.044995
-0.045001
-0.045008
-0.045014
-0.045021
-0.045027
-0.045034
-0.045040
-0.045047
-0.045053
-0.045060
-0.045066
-0.045073
-0.045079
-0.045085
-0.045092
-0.045098
-0.045105
-0.045111
-0.045117
-0.045124
-0.045130
-0.045136
-0.045143
-0.045149
-0.045155
-0.045162
-0.045168
-0.045174
-0.045180
-0.045187
-0.045193
-0.045199
-0.045205
-0.045212
-0.045218
-0.045224
-0.045230
-0.045236
-0.045243
-0.045249
-0.045255
-0.045261
-0.045267
-0.045273
-0.045279
-0.045286
-0.045292
-0.045298
-0.045304
-0.045310
-0.045316
-0.045322
-0.045328
-0.045334
-0.045340
-0.045346
-0.045352
-0.045358
-0.045364
-0.045370
-0.045376
-0.045382
-0.045388
-0.045394
-0.045400
-0.045406
-0.045412

