0.000000
0.000000
-0.000025
-0.000051
-0.000077
-0.000102
-0.000127
-0.000152
-0.000176
-0.000200
-0.000224
-0.000247
-0.000270
-0.000292
-0.000315
-0.000337
-0.000358
-0.000380
-0.000401
-0.000422
-0.000443
-0.000464
-0.000485
-0.000505
-0.000526
-0.000546
-0.000566
-0.000586
-0.000606
-0.000626
-0.000646
-0.000666
-0.000686
-0.000706
-0.000726
-0.000745
-0.000765
-0.000785
-0.000804
-0.000824
-0.000843
-0.000863
-0.000882
-0.000902
-0.000921
-0.000941
-0.000960
-0.000979
-0.000999
-0.001018
-0.001038
-0.001057
-0.001077
-0.001096
-0.001115
-0.001135
-0.001154
-0.001174
-0.001193
-0.001212
-0.001232
-0.001251
-0.001271
-0.001290
-0.001310
-0.001329
-0.001349
-0.001368
-0.001388
-0.001407
-0.001427
-0.001446
-0.001466
-0.001486
-0.001505
-0.001525
-0.001544
-0.001564
-0.001584
-0.001603
-0.001623
-0.001643
-0.001663
-0.001682
-0.001702
-0.001722
-0.001742
-0.001762
-0.001782
-0.001801
-0.001821
-0.001841
-0.001861
-0.001881
-0.001901
-0.001921
-0.001941
-0.001961
-0.001981
-0.002001
-0.002022
-0.002042
-0.002062
-0.002082
-0.002102
-0.002122
-0.002143
-0.002163
-0.002183
-0.002203
-0.002224
-0.002244
-0.002265
-0.002285
-0.002305
-0.002326
-0.002346
-0.002367
-0.002387
-0.002408
-0.002428
-0.002449
-0.002469
-0.002490
-0.002511
-0.002531
-0.002552
-0.002572
-0.002593
-0.002614
-0.002635
-0.002655
-0.002676
-0.002697
-0.002718
-0.002739
-0.002759
-0.002780
-0.002801
-0.002822
-0.002843
-0.002864
-0.002885
-0.002906
-0.002927
-0.002948
-0.002969
-0.002990
-0.003011
-0.003032
-0.003053
-0.003075
-0.003096
-0.003117
-0.003138
-0.003159
-0.003181
-0.003202
-0.003223
-0.003244
-0.003266
-0.003287
-0.003308
-0.003330
-0.003351
-0.003372
-0.003394
-0.003415
-0.003437
-0.003458
-0.003480
-0.003501
-0.003523
-0.003544
-0.003566
-0.003587
-0.003609
-0.003630
-0.003652
-0.003674
-0.003695
-0.003717
-0.003738
-0.003760
-0.003782
-0.003803
-0.003825
-0.003847
-0.003869
-0.003890
-0.003912
-0.003934
-0.003956
-0.003978
-0.003999
-0.004021
-0.004043
-0.004065
-0.004087
-0.004109
-0.004131
-0.004152
-0.004174
-0.004196
-0.004218
-0.004240
-0.004262
-0.004284
-0.004306
-0.004328
-0.004350
-0.004372
-0.004394
-0.004416
-0.004438
-0.004460
-0.004482
-0.004505
-0.004527
-0.004549
-0.004571
-0.004593
-0.004615
-0.004637
-0.004660
-0.004682
-0.004704
-0.004726
-0.004748
-0.004771
-0.004793
-0.004815
-0.004837
-0.004860
-0.004882
-0.004904
-0.004926
-0.004949
-0.004971
-0.004993
-0.005016
-0.005038
-0.005060
-0.005083
-0.005105
-0.005127
-0.005150
-0.005172
-0.005194
-0.005217
-0.005239
-0.005262
-0.005284
-0.005306
-0.005329
-0.005351
-0.005374
-0.005396
-0.005419
-0.005441
-0.005464
-0.005486
-0.005509
-0.005531
-0.005554
-0.005576
-0.005599
-0.005621
-0.005644
-0.005666
-0.005689
-0.005711
-0.005734
-0.005756
-0.005779
-0.005801
-0.005824
-0.005847
-0.005869
-0.005892
-0.005914
-0.005937
-0.005960
-0.005982
-0.006005
-0.006027
-0.006050
-0.006073
-0.006095
-0.006118
-0.006141
-0.006163
-0.006186
-0.006209
-0.006231
-0.006254
-0.006277
-0.006299
-0.006322
-0.006345
-0.006367
-0.006390
-0.006413
-0.006435
-0.006458
-0.006481
-0.006503
-0.006526
-0.006549
-0.006572
-0.006594
-0.006617
-0.006640
-0.006662
-0.006685
-0.006708
-0.006731
-0.006753
-0.006776
-0.006799
-0.006822
-0.006844
-0.006867
-0.006890
-0.006913
-0.006935
-0.006958
-0.006981
-0.007004
-0.007026
-0.007049
-0.007072
-0.007095
-0.007117
-0.007140
-0.007163
-0.007186
-0.007208
-0.007231
-0.007254
-0.007277
-0.007300
-0.007322
-0.007345
-0.007368
-0.007391
-0.007414
-0.007436
-0.007459
-0.007482
-0.007505
-0.007527
-0.007550
-0.007573
-0.007596
-0.007619
-0.007641
-0.007664
-0.007687
-0.007710
-0.007733
-0.007755
-0.007778
-0.007801
-0.007824
-0.007847
-0.007869
-0.007892
-0.007915
-0.007938
-0.007960
-0.007983
-0.008006
-0.008029
-0.008052
-0.008074
-0.008097
-0.008120
-0.008143
-0.008166
-0.008188
-0.008211
-0.008234
-0.008257
-0.008279
-0.008302
-0.008325
-0.008348
-0.008371
-0.008393
-0.008416
-0.008439
-0.008462
-0.008484
-0.008507
-0.008530
-0.008553
-0.008575
-0.008598
-0.008621
-0.008644
-0.008666
-0.008689
-0.008712
-0.008735
-0.008757
-0.008780
-0.008803
-0.008826
-0.008848
-0.008871
-0.008894
-0.008917
-0.008939
-0.008962
-0.008985
-0.009008
-0.009030
-0.009053
-0.009076
-0.009098
-0.009121
-0.009144
-0.009167
-0.009189
-0.009212
-0.009235
-0.009257
-0.009280
-0.009303
-0.009325
-0.009348
-0.009371
-0.009393
-0.009416
-0.009439
-0.009461
-0.009484
-0.009507
-0.009529
-0.009552
-0.009575
-0.009597
-0.009620
-0.009643
-0.009665
-0.009688
-0.009710
-0.009733
-0.009756
-0.009778
-0.009801
-0.009824
-0.009846
-0.009869
-0.009891
-0.009914
-0.009937
-0.009959
-0.009982
-0.010004
-0.010027
-0.010049
-0.010072
-0.010095
-0.010117
-0.010140
-0.010162
-0.010185
-0.010207
-0.010230
-0.010252
-0.010275
-0.010297
-0.010320
-0.010342
-0.010365
-0.010387
-0.010410
-0.010432
-0.010455
-0.010477
-0.010500
-0.010522
-0.010545
-0.010567
-0.010590
-0.010612
-0.010635
-0.010657
-0.010680
-0.010702
-0.010724
-0.010747
-0.010769
-0.010792
-0.010814
-0.010837
-0.010859
-0.010881
-0.010904
-0.010926
-0.010949
-0.010971
-0.010993
-0.011016
-0.011038
-0.011060
-0.011083
-0.011105
-0.011127
-0.011150
-0.011172
-0.011194
-0.011217
-0.011239
-0.011261
-0.011284
-0.011306
-0.011328
-0.011351
-0.011373
-0.011395
-0.011417
-0.011440
-0.011462
-0.011484
-0.011506
-0.011529
-0.011551
-0.011573
-0.011595
-0.011617
-0.011640
-0.011662
-0.011684
-0.011706
-0.011728
-0.011751
-0.011773
-0.011795
-0.011817
-0.011839
-0.011861
-0.011884
-0.011906
-0.011928
-0.011950
-0.011972
-0.011994
-0.012016
-0.012038
-0.012061
-0.012083
-0.012105
-0.012127
-0.012149
-0.012171
-0.012193
-0.012215
-0.012237
-0.012259
-0.012281
-0.012303
-0.012325
-0.012347
-0.012369
-0.012391
-0.012413
-0.012435
-0.012457
-0.012479
-0.012501
-0.012523
-0.012545
-0.012567
-0.012589
-0.012611
-0.012633
-0.012655
-0.012676
-0.012698
-0.012720
-0.012742
-0.012764
-0.012786
-0.012808
-0.012830
-0.012851
-0.012873
-0.012895
-0.012917
-0.012939
-0.012961
-0.012982
-0.013004
-0.013026
-0.013048
-0.013070
-0.013091
-0.013113
-0.013135
-0.013157
-0.013178
-0.013200
-0.013222
-0.013244
-0.013265
-0.013287
-0.013309
-0.013330
-0.013352
-0.013374
-0.013395
-0.013417
-0.013439
-0.013460
-0.013482
-0.013504
-0.013525
-0.013547
-0.013569
-0.013590
-0.013612
-0.013633
-0.013655
-0.013677
-0.013698
-0.013720
-0.013741
-0.013763
-0.013784
-0.013806
-0.013827
-0.013849
-0.013870
-0.013892
-0.013913
-0.013935
-0.013956
-0.013978
-0.013999
-0.014021
-0.014042
-0.014064
-0.014085
-0.014106
-0.014128
-0.014149
-0.014171
-0.014192
-0.014213
-0.014235
-0.014256
-0.014278
-0.014299
-0.014320
-0.014342
-0.014363
-0.014384
-0.014406
-0.014427
-0.014448
-0.014469
-0.014491
-0.014512
-0.014533
-0.014555
-0.014576
-0.014597
-0.014618
-0.014640
-0.014661
-0.014682
-0.014703
-0.014724
-0.014746
-0.014767
-0.014788
-0.014809
-0.014830
-0.014851
-0.014872
-0.014894
-0.014915
-0.014936
-0.014957
-0.014978
-0.014999
-0.015020
-0.015041
-0.015062
-0.015083
-0.015104
-0.015125
-0.015146
-0.015168
-0.015189
-0.015210
-0.015231
-0.015252
-0.015272
-0.015293
-0.015314
-0.015335
-0.015356
-0.015377
-0.015398
-0.015419
-0.015440
-0.015461
-0.015482
-0.015503
-0.015524
-0.015544
-0.015565
-0.015586
-0.015607
-0.015628
-0.015649
-0.015670
-0.015690
-0.015711
-0.015732
-0.015753
-0.015774
-0.015794
-0.015815
-0.015836
-0.015857
-0.015877
-0.015898
-0.015919
-0.015939
-0.015960
-0.015981
-0.016002
-0.016022
-0.016043
-0.016064
-0.016084
-0.016105
-0.016125
-0.016146
-0.016167
-0.016187
-0.016208
-0.016228
-0.016249
-0.016270
-0.016290
-0.016311
-0.016331
-0.016352
-0.016372
-0.016393
-0.016413
-0.016434
-0.016454
-0.016475
-0.016495
-0.016516
-0.016536
-0.016557
-0.016577
-0.016598
-0.016618
-0.016638
-0.016659
-0.016679
-0.016700
-0.016720
-0.016740
-0.016761
-0.016781
-0.016801
-0.016822
-0.016842
-0.016862
-0.016883
-0.016903
-0.016923
-0.016944
-0.016964
-0.016984
-0.017004
-0.017025
-0.017045
-0.017065
-0.017085
-0.017106
-0.017126
-0.017146
-0.017166
-0.017186
-0.017207
-0.017227
-0.017247
-0.017267
-0.017287
-0.017307
-0.017327
-0.017348
-0.017368
-0.017388
-0.017408
-0.017428
-0.017448
-0.017468
-0.017488
-0.017508
-0.017528
-0.017548
-0.017568
-0.017588
-0.017608
-0.017628
-0.017648
-0.017668
-0.017688
-0.017708
-0.017728
-0.017748
-0.017768
-0.017788
-0.017808
-0.017828
-0.017847
-0.017867
-0.017887
-0.017907
-0.017927
-0.017947
-0.017967
-0.017986
-0.018006
-0.018026
-0.018046
-0.018066
-0.018085
-0.018105
-0.018125
-0.018145
-0.018164
-0.018184
-0.018204
-0.018224
-0.018243
-0.018263
-0.018283
-0.018302
-0.018322
-0.018342
-0.018361
-0.018381
-0.018401
-0.018420
-0.018440
-0.018459
-0.018479
-0.018499
-0.018518
-0.018538
-0.018557
-0.018577
-0.018596
-0.018616
-0.018636
-0.018655
-0.018675
-0.018694
-0.018714
-0.018733
-0.018752
-0.018772
-0.018791
-0.018811
-0.018830
-0.018850
-0.018869
-0.018889
-0.018908
-0.018927
-0.018947
-0.018966
-0.018985
-0.019005
-0.019024
-0.019043
-0.019063
-0.019082
-0.019101
-0.019121
-0.019140
-0.019159
-0.019179
-0.019198
-0.019217
-0.019236
-0.019256
-0.019275
-0.019294
-0.019313
-0.019332
-0.019352
-0.019371
-0.019390
-0.019409
-0.019428
-0.019447
-0.019467
-0.019486
-0.019505
-0.019524
-0.019543
-0.019562
-0.019581
-0.019600
-0.019619
-0.019638
-0.019658
-0.019677
-0.019696
-0.019715
-0.019734
-0.019753
-0.019772
-0.019791
-0.019810
-0.019829
-0.019847
-0.019866
-0.019885
-0.019904
-0.019923
-0.019942
-0.019961
-0.019980
-0.019999
-0.020018
-0.020037
-0.020055
-0.020074
-0.020093
-0.020112
-0.020131
-0.020150
-0.020168
-0.020187
-0.020206
-0.020225
-0.020243
-0.020262
-0.020281
-0.020300
-0.020318
-0.020337
-0.020356
-0.020375
-0.020393
-0.020412
-0.020431
-0.020449
-0.020468
-0.020487
-0.020505
-0.020524
-0.020543
-0.020561
-0.020580
-0.020598
-0.020617
-0.020635
-0.020654
-0.020673
-0.020691
-0.020710
-0.020728
-0.020747
-0.020765
-0.020784
-0.020802
-0.020821
-0.020839
-0.020858
-0.020876
-0.020895
-0.020913
-0.020931
-0.020950
-0.020968
-0.020987
-0.021005
-0.021024
-0.021042
-0.021060
-0.021079
-0.021097
-0.021115
-0.021134
-0.021152
-0.021170
-0.021189
-0.021207
-0.021225
-0.021243
-0.021262
-0.021280
-0.021298
-0.021316
-0.021335
-0.021353
-0.021371
-0.021389
-0.021408
-0.021426
-0.021444
-0.021462
-0.021480
-0.021498
-0.021517
-0.021535
-0.021553
-0.021571
-0.021589
-0.021607
-0.021625
-0.021643
-0.021661
-0.021679
-0.021697
-0.021716
-0.021734
-0.021752
-0.021770
-0.021788
-0.021806
-0.021824
-0.021842
-0.021860
-0.021877
-0.021895
-0.021913
-0.021931
-0.021949
-0.021967
-0.021985
-0.022003
-0.022021
-0.022039
-0.022057
-0.022074
0.469769
1.244288
2.158024
2.790878
3.235883
3.557928
3.795395
3.971874
4.102535
4.197607
4.260520
4.298348
4.316318
4.318320
4.307346
4.285767
4.255496
4.218110
4.174910
4.126984
4.075247
4.020479
3.963328
3.904347
3.844013
3.782720
3.720804
3.658560
3.596225
3.534005
3.472079
3.410588
3.349655
3.289388
3.229867
3.171162
3.113336
3.056431
3.000482
2.945525
2.891576
2.838651
2.786759
2.735913
2.686111
2.637349
2.589628
2.542939
2.497274
2.452620
2.408968
2.366308
2.324623
2.283897
2.244115
2.205264
2.167326
2.130282
2.094116
2.058809
2.024350
1.990716
1.957891
1.925857
1.894596
1.864091
1.834329
1.805290
1.776957
1.749314
1.722343
1.696030
1.670360
1.645317
1.620885
1.597050
1.573796
1.551108
1.528974
1.507378
1.486308
1.465752
1.445696
1.426126
1.407031
1.388397
1.370214
1.352468
1.335150
1.318248
1.301751
1.285651
1.269935
1.254594
1.239617
1.224995
1.210719
1.196779
1.183167
1.169873
1.156890
1.144208
1.131821
1.119720
1.107899
1.096349
1.085064
1.074036
1.063257
1.052723
1.042425
1.032357
1.022514
1.012889
1.003476
0.994270
0.985265
0.976456
0.967837
0.959404
0.951150
0.943072
0.935165
0.927424
0.919845
0.912424
0.905156
0.898037
0.891063
0.884230
0.877534
0.870972
0.864539
0.858233
0.852050
0.845987
0.840040
0.834207
0.828483
0.822867
0.817356
0.811946
0.806635
0.801421
0.796300
0.791270
0.786329
0.781474
0.776704
0.772015
0.767406
0.762874
0.758418
0.754035
0.749724
0.745483
0.741309
0.737202
0.733158
0.729178
0.725259
0.721399
0.717597
0.713851
0.710160
0.706523
0.702937
0.699403
0.695917
0.692480
0.689089
0.685744
0.682444
0.679187
0.675972
0.672798
0.669665
0.666570
0.663513
0.660494
0.657511
0.654563
0.651649
0.648769
0.645922
0.643107
0.640323
0.637569
0.634844
0.632149
0.629482
0.626842
0.624229
0.621643
0.619082
0.616545
0.614034
0.611546
0.609081
0.606639
0.604219
0.601821
0.599443
0.597087
0.594751
0.592434
0.590137
0.587858
0.585598
0.583356
0.581132
0.578924
0.576734
0.574560
0.572403
0.570261
0.568134
0.566023
0.563926
0.561844
0.559776
0.557722
0.555682
0.553655
0.551641
0.549640
0.547651
0.545675
0.543710
0.541758
0.539817
0.537888
0.535969
0.534062
0.532166
0.530280
0.528405
0.526540
0.524685
0.522839
0.521004
0.519177
0.517361
0.515553
0.513754
0.511965
0.510183
0.508411
0.506647
0.504891
0.503144
0.501404
0.499672
0.497949
0.496232
0.494524
0.492823
0.491129
0.489442
0.487763
0.486091
0.484425
0.482767
0.481115
0.479470
0.477831
0.476199
0.474573
0.472954
0.471341
0.469734
0.468133
0.466539
0.464950
0.463367
0.461790
0.460218
0.458653
0.457093
0.455538
0.453989
0.452446
0.450908
0.449375
0.447848
0.446325
0.444808
0.443296
0.441790
0.440288
0.438791
0.437299
0.435812
0.434330
0.432853
0.431381
0.429913
0.428450
0.426992
0.425538
0.424089
0.422645
0.421205
0.419769
0.418338
0.416911
0.415489
0.414071
0.412658
0.411249
0.409844
0.408443
0.407047
0.405654
0.404266
0.402882
0.401503
0.400127
0.398755
0.397388
0.396024
0.394664
0.393309
0.391957
0.390609
0.389265
0.387926
0.386589
0.385257
0.383929
0.382604
0.381284
0.379967
0.378653
0.377344
0.376038
0.374736
0.373438
0.372143
0.370852
0.369565
0.368281
0.367001
0.365724
0.364451
0.363182
0.361916
0.360654
0.359395
0.358140
0.356888
0.355640
0.354395
0.353154
0.351916
0.350681
0.349450
0.348223
0.346998
0.345777
0.344560
0.343346
0.342135
0.340928
0.339724
0.338523
0.337325
0.336131
0.334940
0.333753
0.332569
0.331387
0.330210
0.329035
0.327864
0.326696
0.325531
0.324369
0.323211
0.322056
0.320904
0.319755
0.318609
0.317466
0.316327
0.315191
0.314057
0.312927
0.311800
0.310676
0.309555
0.308438
0.307323
0.306211
0.305103
0.303997
0.302895
0.301795
0.300699
0.299605
0.298515
0.297427
0.296343
0.295261
0.294183
0.293107
0.292034
0.290965
0.289898
0.288834
0.287773
0.286715
0.285660
0.284608
0.283559
0.282513
0.281469
0.280429
0.279391
0.278356
0.277324
0.276295
0.275269
0.274245
0.273224
0.272207
0.271192
0.270179
0.269170
0.268163
0.267160
0.266159
0.265160
0.264165
0.263172
0.262182
0.261195
0.260211
0.259229
0.258250
0.257274
0.256300
0.255329
0.254361
0.253396
0.252433
0.251473
0.250516
0.249561
0.248609
0.247660
0.246713
0.245769
0.244828
0.243889
0.242953
0.242019
0.241088
0.240160
0.239235
0.238312
0.237391
0.236473
0.235558
0.234645
0.233735
0.232828
0.231923
0.231020
0.230121
0.229223
0.228329
0.227436
0.226547
0.225660
0.224775
0.223893
0.223013
0.222136
0.221261
0.220389
0.219520
0.218653
0.217788
0.216926
0.216066
0.215209
0.214354
0.213501
0.212651
0.211804
0.210959
0.210116
0.209276
0.208438
0.207603
0.206770
0.205939
0.205111
0.204285
0.203462
0.202641
0.201822
0.201006
0.200192
0.199380
0.198571
0.197764
0.196959
0.196157
0.195357
0.194560
0.193764
0.192972
0.192181
0.191393
0.190607
0.189823
0.189041
0.188262
0.187485
0.186711
0.185939
0.185168
0.184401
0.183635
0.182872
0.182111
0.181352
0.180595
0.179841
0.179089
0.178339
0.177592
0.176846
0.176103
0.175362
0.174623
0.173886
0.173152
0.172419
0.171689
0.170961
0.170236
0.169512
0.168791
0.168071
0.167354
0.166639
0.165926
0.165215
0.164507
0.163800
0.163096
0.162394
0.161694
0.160996
0.160300
0.159606
0.158914
0.158224
0.157537
0.156851
0.156168
0.155486
0.154807
0.154130
0.153455
0.152782
0.152111
0.151441
0.150774
0.150109
0.149447
0.148786
0.148127
0.147470
0.146815
0.146162
0.145511
0.144862
0.144215
0.143570
0.142927
0.142287
0.141648
0.141011
0.140375
0.139742
0.139111
0.138482
0.137855
0.137230
0.136606
0.135985
0.135365
0.134748
0.134132
0.133518
0.132907
0.132297
0.131689
0.131083
0.130478
0.129876
0.129276
0.128677
0.128080
0.127486
0.126893
0.126302
0.125712
0.125125
0.124540
0.123956
0.123374
0.122794
0.122216
0.121640
0.121066
0.120493
0.119922
0.119353
0.118786
0.118221
0.117657
0.117095
0.116535
0.115977
0.115421
0.114866
0.114314
0.113762
0.113213
0.112666
0.112120
0.111576
0.111034
0.110493
0.109955
0.109418
0.108882
0.108349
0.107817
0.107287
0.106759
0.106232
0.105707
0.105184
0.104662
0.104142
0.103624
0.103108
0.102593
0.102080
0.101569
0.101059
0.100551
0.100045
0.099540
0.099037
0.098536
0.098036
0.097538
0.097042
0.096547
0.096054
0.095562
0.095073
0.094584
0.094098
0.093613
0.093130
0.092648
0.092168
0.091689
0.091212
0.090737
0.090263
0.089791
0.089320
0.088852
0.088384
0.087918
0.087454
0.086991
0.086530
0.086071
0.085613
0.085156
0.084701
0.084248
0.083796
0.083346
0.082897
0.082450
0.082004
0.081560
0.081118
0.080676
0.080237
0.079799
0.079362
0.078927
0.078493
0.078061
0.077631
0.077201
0.076774
0.076348
0.075923
0.075500
0.075078
0.074658
0.074239
0.073821
0.073405
0.072991
0.072578
0.072166
0.071756
0.071347
0.070940
0.070534
0.070130
0.069727
0.069325
0.068925
0.068526
0.068129
0.067733
0.067338
0.066945
0.066553
0.066163
0.065774
0.065386
0.065000
0.064615
0.064232
0.063850
0.063469
0.063090
0.062712
0.062335
0.061959
0.061585
0.061213
0.060841
0.060472
0.060103
0.059736
0.059370
0.059005
0.058641
0.058279
0.057919
0.057559
0.057201
0.056844
0.056489
0.056135
0.055782
0.055430
0.055080
0.054731
0.054383
0.054036
0.053691
0.053347
0.053004
0.052663
0.052322
0.051983
0.051646
0.051309
0.050974
0.050640
0.050307
0.049976
0.049645
0.049316
0.048988
0.048662
0.048336
0.048012
0.047689
0.047367
0.047047
0.046727
0.046409
0.046092
0.045776
0.045462
0.045148
0.044836
0.044525
0.044215
0.043906
0.043598
0.043292
0.042986
0.042682
0.042379
0.042077
0.041777
0.041477
0.041179
0.040881
0.040585
0.040290
0.039996
0.039703
0.039412
0.039121
0.038831
0.038543
0.038256
0.037970
0.037684
0.037400
0.037118
0.036836
0.036555
0.036275
0.035997
0.035719
0.035443
0.035167
0.034893
0.034620
0.034348
0.034076
0.033806
0.033537
0.033269
0.033002
0.032736
0.032471
0.032207
0.031945
0.031683
0.031422
0.031162
0.030903
0.030645
0.030389
0.030133
0.029878
0.029624
0.029371
0.029120
0.028869
0.028619
0.028370
0.028122
0.027875
0.027629
0.027384
0.027140
0.026897
0.026655
0.026414
0.026174
0.025934
0.025696
0.025459
0.025222
0.024987
0.024752
0.024518
0.024286
0.024054
0.023823
0.023593
0.023364
0.023136
0.022908
0.022682
0.022456
0.022232
0.022008
0.021785
0.021563
0.021342
0.021122
0.020903
0.020684
0.020467
0.020250
0.020034
0.019819
0.019605
0.019392
0.019179
0.018968
0.018757
0.018547
0.018338
0.018130
0.017922
0.017716
0.017510
0.017305
0.017101
0.016898
0.016695
0.016494
0.016293
0.016093
0.015893
0.015695
0.015497
0.015300
0.015104
0.014909
0.014714
0.014520
0.014327
0.014135
0.013944
0.013753
0.013563
0.013374
0.013185
0.012997
0.012811
0.012624
0.012439
0.012254
0.012070
0.011887
0.011704
0.011523
0.011342
0.011161
0.010982
0.010803
0.010624
0.010447
0.010270
0.010094
0.009919
0.009744
0.009570
0.009397
0.009224
0.009052
0.008881
0.008710
0.008541
0.008371
0.008203
0.008035
0.007868
0.007701
0.007535
0.007370
0.007205
0.007042
0.006878
0.006716
0.006554
0.006392
0.006232
0.006072
0.005912
0.005753
0.005595
0.005438
0.005281
0.005124
0.004969
0.004814
0.004659
0.004505
0.004352
0.004199
0.004047
0.003896
0.003745
0.003595
0.003445
0.003296
0.003147
0.002999
0.002852
0.002705
0.002559
0.002413
0.002268
0.002124
0.001980
0.001836
0.001693
0.001551
0.001409
0.001268
0.001128
0.000987
0.000848
0.000709
0.000570
0.000432
0.000295
0.000158
0.000022
-0.000114
-0.000249
-0.000384
-0.000518
-0.000652
-0.000785
-0.000918
-0.001050
-0.001182
-0.001313
-0.001444
-0.001574
-0.001704
-0.001833
-0.001962
-0.002090
-0.002218
-0.002345
-0.002472
-0.002599
-0.002724
-0.002850
-0.002975
-0.003099
-0.003223
-0.003347
-0.003470
-0.003592
-0.003714
-0.003836
-0.003957
-0.004078
-0.004198
-0.004318
-0.004438
-0.004557
-0.004675
-0.004793
-0.004911
-0.005028
-0.005145
-0.005261
-0.005377
-0.005493
-0.005608
-0.005722
-0.005837
-0.005951
-0.006064
-0.006177
-0.006289
-0.006402
-0.006513
-0.006625
-0.006736
-0.006846
-0.006956
-0.007066
-0.007175
-0.007284
-0.007393
-0.007501
-0.007609
-0.007716
-0.007823
-0.007930
-0.008036
-0.008142
-0.008247
-0.008353
-0.008457
-0.008562
-0.008666
-0.008769
-0.008873
-0.008975
-0.009078
-0.009180
-0.009282
-0.009383
-0.009484
-0.009585
-0.009686
-0.009786
-0.009885
-0.009985
-0.010084
-0.010182
-0.010280
-0.010378
-0.010476
-0.010573
-0.010670
-0.010767
-0.010863
-0.010959
-0.011055
-0.011150
-0.011245
-0.011340
-0.011434
-0.011528
-0.011621
-0.011715
-0.011808
-0.011901
-0.011993
-0.012085
-0.012177
-0.012268
-0.012359
-0.012450
-0.012541
-0.012631
-0.012721
-0.012811
-0.012900
-0.012989
-0.013078
-0.013166
-0.013254
-0.013342
-0.013430
-0.013517
-0.013604
-0.013691
-0.013777
-0.013863
-0.013949
-0.014035
-0.014120
-0.014205
-0.014290
-0.014374
-0.014458
-0.014542
-0.014626
-0.014709
-0.014792
-0.014875
-0.014957
-0.015040
-0.015122
-0.015203
-0.015285
-0.015366
-0.015447
-0.015528
-0.015608
-0.015688
-0.015768
-0.015848
-0.015927
-0.016007
-0.016086
-0.016164
-0.016243
-0.016321
-0.016399
-0.016476
-0.016554
-0.016631
-0.016708
-0.016785
-0.016861
-0.016937
-0.017013
-0.017089
-0.017165
-0.017240
-0.017315
-0.017390
-0.017464
-0.017539
-0.017613
-0.017687
-0.017760
-0.017834
-0.017907
-0.017980
-0.018053
-0.018125
-0.018198
-0.018270
-0.018341
-0.018413
-0.018485
-0.018556
-0.018627
-0.018698
-0.018768
-0.018838
-0.018909
-0.018979
-0.019048
-0.019118
-0.019187
-0.019256
-0.019325
-0.019394
-0.019462
-0.019531
-0.019599
-0.019666
-0.019734
-0.019802
-0.019869
-0.019936
-0.020003
-0.020069
-0.020136
-0.020202
-0.020268
-0.020334
-0.020400
-0.020465
-0.020531
-0.020596
-0.020661
-0.020725
-0.020790
-0.020854
-0.020918
-0.020982
-0.021046
-0.021110
-0.021173
-0.021236
-0.021299
-0.021362
-0.021425
-0.021487
-0.021550
-0.021612
-0.021674
-0.021736
-0.021797
-0.021859
-0.021920
-0.021981
-0.022042
-0.022103
-0.022163
-0.022223
-0.022284
-0.022344
-0.022404
-0.022463
-0.022523
-0.022582
-0.022641
-0.022700
-0.022759
-0.022818
-0.022876
-0.022935
-0.022993
-0.023051
-0.023109
-0.023166
-0.023224
-0.023281
-0.023339
-0.023396
-0.023453
-0.023509
-0.023566
-0.023622
-0.023679
-0.023735
-0.023791
-0.023846
-0.023902
-0.023957
-0.024013
-0.024068
-0.024123
-0.024178
-0.024233
-0.024287
-0.024341
-0.024396
-0.024450
-0.024504
-0.024558
-0.024611
-0.024665
-0.024718
-0.024771
-0.024824
-0.024877
-0.024930
-0.024983
-0.025035
-0.025088
-0.025140
-0.025192
-0.025244
-0.025296
-0.025347
-0.025399
-0.025450
-0.025501
-0.025552
-0.025603
-0.025654
-0.025705
-0.025755
-0.025806
-0.025856
-0.025906
-0.025956
-0.026006
-0.026056
-0.026105
-0.026155
-0.026204
-0.026253
-0.026302
-0.026351
-0.026400
-0.026449
-0.026497
-0.026545
-0.026594
-0.026642
-0.026690
-0.026738
-0.026786
-0.026833
-0.026881
-0.026928
-0.026975
-0.027022
-0.027069
-0.027116
-0.027163
-0.027210
-0.027256
-0.027302
-0.027349
-0.027395
-0.027441
-0.027487
-0.027532
-0.027578
-0.027624
-0.027669
-0.027714
-0.027759
-0.027804
-0.027849
-0.027894
-0.027939
-0.027983
-0.028028
-0.028072
-0.028116
-0.028160
-0.028204
-0.028248
-0.028292
-0.028336
-0.028379
-0.028422
-0.028466
-0.028509
-0.028552
-0.028595
-0.028638
-0.028680
-0.028723
-0.028766
-0.028808
-0.028850
-0.028892
-0.028934
-0.028976
-0.029018
-0.029060
-0.029102
-0.029143
-0.029185
-0.029226
-0.029267
-0.029308
-0.029349
-0.029390
-0.029431
-0.029471
-0.029512
-0.029552
-0.029593
-0.029633
-0.029673
-0.029713
-0.029753
-0.029793
-0.029833
-0.029872
-0.029912
-0.029951
-0.029990
-0.030030
-0.030069
-0.030108
-0.030147
-0.030185
-0.030224
-0.030263
-0.030301
-0.030340
-0.030378
-0.030416
-0.030454
-0.030492
-0.030530
-0.030568
-0.030606
-0.030643
-0.030681
-0.030718
-0.030756
-0.030793
-0.030830
-0.030867
-0.030904
-0.030941
-0.030978
-0.031014
-0.031051
-0.031087
-0.031124
-0.031160
-0.031196
-0.031233
-0.031269
-0.031304
-0.031340
-0.031376
-0.031412
-0.031447
-0.031483
-0.031518
-0.031553
-0.031589
-0.031624
-0.031659
-0.031694
-0.031729
-0.031763
-0.031798
-0.031833
-0.031867
-0.031902
-0.031936
-0.031970
-0.032004
-0.032038
-0.032072
-0.032106
-0.032140
-0.032174
-0.032207
-0.032241
-0.032274
-0.032308
-0.032341
-0.032374
-0.032407
-0.032440
-0.032473
-0.032506
-0.032539
-0.032572
-0.032604
-0.032637
-0.032670
-0.032702
-0.032734
-0.032766
-0.032799
-0.032831
-0.032863
-0.032895
-0.032926
-0.032958
-0.032990
-0.033021
-0.033053
-0.033084
-0.033116
-0.033147
-0.033178
-0.033209
-0.033240
-0.033271
-0.033302
-0.033333
-0.033364
-0.033394
-0.033425
-0.033455
-0.033486
-0.033516
-0.033546
-0.033577
-0.033607
-0.033637
-0.033667
-0.033697
-0.033727
-0.033756
-0.033786
-0.033816
-0.033845
-0.033875
-0.033904
-0.033933
-0.033962
-0.033992
-0.034021
-0.034050
-0.034079
-0.034108
-0.034136
-0.034165
-0.034194
-0.034222
-0.034251
-0.034279
-0.034308
-0.034336
-0.034364
-0.034392
-0.034421
-0.034449
-0.034477
-0.034504
-0.034532
-0.034560
-0.034588
-0.034615
-0.034643
-0.034670
-0.034698
-0.034725
-0.034752
-0.034780
-0.034807
-0.034834
-0.034861
-0.034888
-0.034915
-0.034942
-0.034968
-0.034995
-0.035022
-0.035048
-0.035075
-0.035101
-0.035128
-0.035154
-0.035180
-0.035206
-0.035232
-0.035258
-0.035284
-0.035310
-0.035336
-0.035362
-0.035388
-0.035413
-0.035439
-0.035465
-0.035490
-0.035515
-0.035541
-0.035566
-0.035591
-0.035616
-0.035642
-0.035667
-0.035692
-0.035717
-0.035741
-0.035766
-0.035791
-0.035816
-0.035840
-0.035865
-0.035889
-0.035914
-0.035938
-0.035963
-0.035987
-0.036011
-0.036035
-0.036059
-0.036083
-0.036107
-0.036131
-0.036155
-0.036179
-0.036203
-0.036226
-0.036250
-0.036274
-0.036297
-0.036321
-0.036344
-0.036367
-0.036391
-0.036414
-0.036437
-0.036460
-0.036483
-0.036506
-0.036529
-0.036552
-0.036575
-0.036598
-0.036621
-0.036643
-0.036666
-0.036689
-0.036711
-0.036734
-0.036756
-0.036778
-0.036801
-0.036823
-0.036845
-0.036867
-0.036890
-0.036912
-0.036934
-0.036956
-0.036977
-0.036999
-0.037021
-0.037043
-0.037065
-0.037086
-0.037108
-0.037129
-0.037151
-0.037172
-0.037194
-0.037215
-0.037236
-0.037258
-0.037279
-0.037300
-0.037321
-0.037342
-0.037363
-0.037384
-0.037405
-0.037426
-0.037446
-0.037467
-0.037488
-0.037509
-0.037529
-0.037550
-0.037570
-0.037591
-0.037611
-0.037631
-0.037652
-0.037672
-0.037692
-0.037712
-0.037733
-0.037753
-0.037773
-0.037793
-0.037813
-0.037832
-0.037852
-0.037872
-0.037892
-0.037912
-0.037931
-0.037951
-0.037970
-0.037990
-0.038009
-0.038029
-0.038048
-0.038068
-0.038087
-0.038106
-0.038125
-0.038145
-0.038164
-0.038183
-0.038202
-0.038221
-0.038240
-0.038259
-0.038277
-0.038296
-0.038315
-0.038334
-0.038352
-0.038371
-0.038390
-0.038408
-0.038427
-0.038445
-0.038464
-0.038482
-0.038500
-0.038519
-0.038537
-0.038555
-0.038573
-0.038592
-0.038610
-0.038628
-0.038646
-0.038664
-0.038682
-0.038700
-0.038717
-0.038735
-0.038753
-0.038771
-0.038788
-0.038806
-0.038824
-0.038841
-0.038859
-0.038876
-0.038894
-0.038911
-0.038929
-0.038946
-0.038963
-0.038980
-0.038998
-0.039015
-0.039032
-0.039049
-0.039066
-0.039083
-0.039100
-0.039117
-0.039134
-0.039151
-0.039168
-0.039185
-0.039201
-0.039218
-0.039235
-0.039251
-0.039268
-0.039285
-0.039301
-0.039318
-0.039334
-0.039351
-0.039367
-0.039383
-0.039400
-0.039416
-0.039432
-0.039448
-0.039465
-0.039481
-0.039497
-0.039513
-0.039529
-0.039545
-0.039561
-0.039577
-0.039593
-0.039609
-0.039624
-0.039640
-0.039656
-0.039672
-0.039687
-0.039703
-0.039719
-0.039734
-0.039750
-0.039765
-0.039781
-0.039796
-0.039812
-0.039827
-0.039842
-0.039858
-0.039873
-0.039888
-0.039903
-0.039919
-0.039934
-0.039949
-0.039964
-0.039979
-0.039994
-0.040009
-0.040024
-0.040039
-0.040054
-0.040069
-0.040083
-0.040098
-0.040113
-0.040128
-0.040142
-0.040157
-0.040172
-0.040186
-0.040201
-0.040215
-0.040230
-0.040244
-0.040259
-0.040273
-0.040288
-0.040302
-0.040316
-0.040331
-0.040345
-0.040359
-0.040373
-0.040387
-0.040402
-0.040416
-0.040430
-0.040444
-0.040458
-0.040472
-0.040486
-0.040500
-0.040514
-0.040528
-0.040541
-0.040555
-0.040569
-0.040583
-0.040596
-0.040610
-0.040624
-0.040637
-0.040651
-0.040665
-0.040678
-0.040692
-0.040705
-0.040719
-0.040732
-0.040746
-0.040759
-0.040772
-0.040786
-0.040799
-0.040812
-0.040826
-0.040839
-0.040852
-0.040865
-0.040878
-0.040891
-0.040904
-0.040918
-0.040931
-0.040944
-0.040957
-0.040969
-0.040982
-0.040995
-0.041008
-0.041021
-0.041034
-0.041047
-0.041059
-0.041072
-0.041085
-0.041098
-0.041110
-0.041123
-0.041135
-0.041148
-0.041161
-0.041173
-0.041186
-0.041198
-0.041211
-0.041223
-0.041235
-0.041248
-0.041260
-0.041273
-0.041285
-0.041297
-0.041309
-0.041322
-0.041334
-0.041346
-0.041358
-0.041370
-0.041382
-0.041395
-0.041407
-0.041419
-0.041431
-0.041443
-0.041455
-0.041467
-0.041478
-0.041490
-0.041502
-0.041514
-0.041526
-0.041538
-0.041549
-0.041561
-0.041573
-0.041585
-0.041596
-0.041608
-0.041620
-0.041631
-0.041643
-0.041654
-0.041666
-0.041678
-0.041689
-0.041701
-0.041712
-0.041723
-0.041735
-0.041746
-0.041758
-0.041769
-0.041780
-0.041792
-0.041803
-0.041814
-0.041825
-0.041837
-0.041848
-0.041859
-0.041870
-0.041881
-0.041892
-0.041903
-0.041914
-0.041926
-0.041937
-0.041948
-0.041959
-0.041969
-0.041980
-0.041991
-0.042002
-0.042013
-0.042024
-0.042035
-0.042046
-0.042056
-0.042067
-0.042078
-0.042089
-0.042099
-0.042110
-0.042121
-0.042131
-0.042142
-0.042153
-0.042163
-0.042174
-0.042184
-0.042195
-0.042205
-0.042216
-0.042226
-0.042237
-0.042247
-0.042258
-0.042268
-0.042278
-0.042289
-0.042299
-0.042309
-0.042320
-0.042330
-0.042340
-0.042350
-0.042361
-0.042371
-0.042381
-0.042391
-0.042401
-0.042411
-0.042422
-0.042432
-0.042442
-0.042452
-0.042462
-0.042472
-0.042482
-0.042492
-0.042502
-0.042512
-0.042522
-0.042531
-0.042541
-0.042551
-0.042561
-0.042571
-0.042581
-0.042591
-0.042600
-0.042610
-0.042620
-0.042630
-0.042639
-0.042649
-0.042659
-0.042668
-0.042678
-0.042688
-0.042697
-0.042707
-0.042716
-0.042726
-0.042735
-0.042745
-0.042754
-0.042764
-0.042773
-0.042783
-0.042792
-0.042802
-0.042811
-0.042820
-0.042830
-0.042839
-0.042848
-0.042858
-0.042867
-0.042876
-0.042886
-0.042895
-0.042904
-0.042913
-0.042923
-0.042932
-0.042941
-0.042950
-0.042959
-0.042968
-0.042977
-0.042986
-0.042996
-0.043005
-0.043014
-0.043023
-0.043032
-0.043041
-0.043050
-0.043059
-0.043068
-0.043076
-0.043085
-0.043094
-0.043103
-0.043112
-0.043121
-0.043130
-0.043139
-0.043147
-0.043156
-0.043165
-0.043174
-0.043182
-0.043191
-0.043200
-0.043209
-0.043217
-0.043226
-0.043235
-0.043243
-0.043252
-0.043261
-0.043269
-0.043278
-0.043286
-0.043295
-0.043303
-0.043312
-0.043320
-0.043329
-0.043337
-0.043346
-0.043354
-0.043363
-0.043371
-0.043380
-0.043388
-0.043397
-0.043405
-0.043413
-0.043422
-0.043430
-0.043438
-0.043447
-0.043455
-0.043463
-0.043471
-0.043480
-0.043488
-0.043496
-0.043504
-0.043513
-0.043521
-0.043529
-0.043537
-0.043545
-0.043553
-0.043561
-0.043570
-0.043578
-0.043586
-0.043594
-0.043602
-0.043610
-0.043618
-0.043626
-0.043634
-0.043642
-0.043650
-0.043658
-0.043666
-0.043674
-0.043682
-0.043690
-0.043697
-0.043705
-0.043713
-0.043721
-0.043729
-0.043737
-0.043745
-0.043752
-0.043760
-0.043768
-0.043776
-0.043783
-0.043791
-0.043799
-0.043807
-0.043814
-0.043822
-0.043830
-0.043837
-0.043845
-0.043853
-0.043860
-0.043868
-0.043876
-0.043883
-0.043891
-0.043898
-0.043906
-0.043914
-0.043921
-0.043929
-0.043936
-0.043944
-0.043951
-0.043959
-0.043966
-0.043974
-0.043981
-0.043988
-0.043996
-0.044003
-0.044011
-0.044018
-0.044025
-0.044033
-0.044040
-0.044048
-0.044055
-0.044062
-0.044070
-0.044077
-0.044084
-0.044091
-0.044099
-0.044106
-0.044113
-0.044120
-0.044128
-0.044135
-0.044142
-0.044149
-0.044156
-0.044164
-0.044171
-0.044178
-0.044185
-0.044192
-0.044199
-0.044206
-0.044214
-0.044221
-0.044228
-0.044235
-0.044242
-0.044249
-0.044256
-0.044263
-0.044270
-0.044277
-0.044284
-0.044291
-0.044298
-0.044305
-0.044312
-0.044319
-0.044326
-0.044333
-0.044340
-0.044347
-0.044353
-0.044360
-0.044367
-0.044374
-0.044381
-0.044388
-0.044395
-0.044401
-0.044408
-0.044415
-0.044422
-0.044429
-0.044435
-0.044442
-0.044449
-0.044456
-0.044462
-0.044469
-0.044476
-0.044483
-0.044489
-0.044496
-0.044503
-0.044509
-0.044516
-0.044523
-0.044529
-0.044536
-0.044542
-0.044549
-0.044556
-0.044562
-0.044569
-0.044575
-0.044582
-0.044589
-0.044595
-0.044602
-0.044608
-0.044615
-0.044621
-0.044628
-0.044634
-0.044641
-0.044647
-0.044654
-0.044660
-0.044667
-0.044673
-0.044679
-0.044686
-0.044692
-0.044699
-0.044705
-0.044711
-0.044718
-0.044724
-0.044731
-0.044737
-0.044743
-0.044750
-0.044756
-0.044762
-0.044769
-0.044775
-0.044781
-0.044787
-0.044794
-0.044800
-0.044806
-0.044813
-0.044819
-0.044825
-0.044831
-0.044837
-0.044844
-0.044850
-0.044856
-0.044862
-0.044868
-0.044875
-0.044881
-0.044887
-0.044893
-0.044899
-0.044905
-0.044911
-0.044918
-0.044924
-0.044930
-0.044936
-0.044942
-0.044948
-0.044954
-0.044960
-0.044966
-0.044972
-0.044978
-0.044984
-0.044990
-0.044996
-0.045002
-0.045008
-0.045014
-0.045020
-0.045026
-0.045032
-0.045038
-0.045044
-0.045050
-0.045056
-0.045062
-0.045068
-0.045074
-0.045080
-0.045085
-0.045091
-0.045097
-0.045103
-0.045109
-0.045115
-0.045121
-0.045126
-0.045132
-0.045138
-0.045144
-0.045150
-0.045156
-0.045161
-0.045167
-0.045173
-0.045179
-0.045184
-0.045190
-0.045196
-0.045202
-0.045207
-0.045213
-0.045219
-0.045225
-0.045230
-0.045236
-0.045242
-0.045247
-0.045253
-0.045259
-0.045264
-0.045270
-0.045276
-0.045281
-0.045287
-0.045293
-0.045298
-0.045304
-0.045310
-0.045315
-0.045321
-0.045326
-0.045332
-0.045337
-0.045343
-0.045349
-0.045354
-0.045360
-0.045365
-0.045371
-0.045376
-0.045382
-0.045387
-0.045393
-0.045398
-0.045404
-0.045409
-0.045415
-0.045420
-0.045426
-0.045431
-0.045437
-0.045442
-0.045448
-0.045453
-0.045458
-0.045464
-0.045469
-0.045475
-0.045480
-0.045486
-0.045491
-0.045496
-0.045502
-0.045507
-0.045512
-0.045518
-0.045523
-0.045528
-0.045534
-0.045539
-0.045544
-0.045550
-0.045555
-0.045560
-0.045566
-0.045571
-0.045576
-0.045582
-0.045587
-0.045592
-0.045597
-0.045603

