0.000000
0.000000
-0.000006
-0.000014
-0.000023
-0.000034
-0.000045
-0.000058
-0.000070
-0.000084
-0.000097
-0.000111
-0.000125
-0.000140
-0.000155
-0.000170
-0.000185
-0.000201
-0.000217
-0.000233
-0.000249
-0.000266
-0.000282
-0.000299
-0.000316
-0.000333
-0.000351
-0.000368
-0.000386
-0.000404
-0.000422
-0.000440
-0.000459
-0.000477
-0.000496
-0.000515
-0.000534
-0.000553
-0.000572
-0.000591
-0.000611
-0.000631
-0.000651
-0.000670
-0.000691
-0.000711
-0.000731
-0.000751
-0.000772
-0.000793
-0.000813
-0.000834
-0.000855
-0.000876
-0.000898
-0.000919
-0.000940
-0.000962
-0.000984
-0.001005
-0.001027
-0.001049
-0.001071
-0.001093
-0.001115
-0.001138
-0.001160
-0.001183
-0.001205
-0.001228
-0.001251
-0.001273
-0.001296
-0.001319
-0.001342
-0.001366
-0.001389
-0.001412
-0.001435
-0.001459
-0.001482
-0.001506
-0.001530
-0.001553
-0.001577
-0.001601
-0.001625
-0.001649
-0.001673
-0.001697
-0.001722
-0.001746
-0.001770
-0.001795
-0.001819
-0.001844
-0.001868
-0.001893
-0.001918
-0.001942
-0.001967
-0.001992
-0.002017
-0.002042
-0.002067
-0.002092
-0.002118
-0.002143
-0.002168
-0.002193
-0.002219
-0.002244
-0.002270
-0.002295
-0.002321
-0.002346
-0.002372
-0.002398
-0.002424
-0.002449
-0.002475
-0.002501
-0.002527
-0.002553
-0.002579
-0.002605
-0.002631
-0.002658
-0.002684
-0.002710
-0.002736
-0.002763
-0.002789
-0.002815
-0.002842
-0.002868
-0.002895
-0.002921
-0.002948
-0.002975
-0.003001
-0.003028
-0.003055
-0.003082
-0.003108
-0.003135
-0.003162
-0.003189
-0.003216
-0.003243
-0.003270
-0.003297
-0.003324
-0.003351
-0.003379
-0.003406
-0.003433
-0.003460
-0.003487
-0.003515
-0.003542
-0.003569
-0.003597
-0.003624
-0.003652
-0.003679
-0.003707
-0.003734
-0.003762
-0.003789
-0.003817
-0.003845
-0.003872
-0.003900
-0.003928
-0.003955
-0.003983
-0.004011
-0.004039
-0.004067
-0.004094
-0.004122
-0.004150
-0.004178
-0.004206
-0.004234
-0.004262
-0.004290
-0.004318
-0.004346
-0.004374
-0.004402
-0.004430
-0.004459
-0.004487
-0.004515
-0.004543
-0.004571
-0.004599
-0.004628
-0.004656
-0.004684
-0.004713
-0.004741
-0.004769
-0.004798
-0.004826
-0.004854
-0.004883
-0.004911
-0.004940
-0.004968
-0.004997
-0.005025
-0.005054
-0.005082
-0.005111
-0.005139
-0.005168
-0.005197
-0.005225
-0.005254
-0.005282
-0.005311
-0.005340
-0.005368
-0.005397
-0.005426
-0.005455
-0.005483
-0.005512
-0.005541
-0.005570
-0.005598
-0.005627
-0.005656
-0.005685
-0.005714
-0.005743
-0.005771
-0.005800
-0.005829
-0.005858
-0.005887
-0.005916
-0.005945
-0.005974
-0.006003
-0.006032
-0.006061
-0.006090
-0.006119
-0.006148
-0.006177
-0.006206
-0.006235
-0.006264
-0.006293
-0.006322
-0.006351
-0.006380
-0.006409
-0.006438
-0.006467
-0.006496
-0.006525
-0.006555
-0.006584
-0.006613
-0.006642
-0.006671
-0.006700
-0.006729
-0.006759
-0.006788
-0.006817
-0.006846
-0.006875
-0.006905
-0.006934
-0.006963
-0.006992
-0.007022
-0.007051
-0.007080
-0.007109
-0.007139
-0.007168
-0.007197
-0.007226
-0.007256
-0.007285
-0.007314
-0.007344
-0.007373
-0.007402
-0.007432
-0.007461
-0.007490
-0.007520
-0.007549
-0.007578
-0.007608
-0.007637
-0.007666
-0.007696
-0.007725
-0.007754
-0.007784
-0.007813
-0.007842
-0.007872
-0.007901
-0.007931
-0.007960
-0.007989
-0.008019
-0.008048
-0.008078
-0.008107
-0.008136
-0.008166
-0.008195
-0.008225
-0.008254
-0.008283
-0.008313
-0.008342
-0.008372
-0.008401
-0.008431
-0.008460
-0.008489
-0.008519
-0.008548
-0.008578
-0.008607
-0.008637
-0.008666
-0.008695
-0.008725
-0.008754
-0.008784
-0.008813
-0.008843
-0.008872
-0.008902
-0.008931
-0.008960
-0.008990
-0.009019
-0.009049
-0.009078
-0.009108
-0.009137
-0.009167
-0.009196
-0.009225
-0.009255
-0.009284
-0.009314
-0.009343
-0.009373
-0.009402
-0.009432
-0.009461
-0.009490
-0.009520
-0.009549
-0.009579
-0.009608
-0.009638
-0.009667
-0.009696
-0.009726
-0.009755
-0.009785
-0.009814
-0.009844
-0.009873
-0.009902
-0.009932
-0.009961
-0.009991
-0.010020
-0.010050
-0.010079
-0.010108
-0.010138
-0.010167
-0.010197
-0.010226
-0.010255
-0.010285
-0.010314
-0.010344
-0.010373
-0.010402
-0.010432
-0.010461
-0.010490
-0.010520
-0.010549
-0.010579
-0.010608
-0.010637
-0.010667
-0.010696
-0.010725
-0.010755
-0.010784
-0.010813
-0.010843
-0.010872
-0.010901
-0.010931
-0.010960
-0.010989
-0.011019
-0.011048
-0.011077
-0.011107
-0.011136
-0.011165
-0.011195
-0.011224
-0.011253
-0.011282
-0.011312
-0.011341
-0.011370
-0.011400
-0.011429
-0.011458
-0.011487
-0.011517
-0.011546
-0.011575
-0.011604
-0.011634
-0.011663
-0.011692
-0.011721
-0.011750
-0.011780
-0.011809
-0.011838
-0.011867
-0.011896
-0.011926
-0.011955
-0.011984
-0.012013
-0.012042
-0.012071
-0.012101
-0.012130
-0.012159
-0.012188
-0.012217
-0.012246
-0.012275
-0.012304
-0.012334
-0.012363
-0.012392
-0.012421
-0.012450
-0.012479
-0.012508
-0.012537
-0.012566
-0.012595
-0.012624
-0.012653
-0.012682
-0.012711
-0.012740
-0.012769
-0.012798
-0.012827
-0.012856
-0.012885
-0.012914
-0.012943
-0.012972
-0.013001
-0.013030
-0.013059
-0.013088
-0.013117
-0.013146
-0.013175
-0.013204
-0.013233
-0.013262
-0.013291
-0.013320
-0.013348
-0.013377
-0.013406
-0.013435
-0.013150
-0.011659
-0.007452
0.001262
0.016195
0.038756
0.069980
0.110528
0.160884
0.222087
0.297206
0.390910
0.507690
0.650684
0.820715
1.017635
1.246710
1.516001
1.832227
2.191603
2.584909
2.996829
3.406158
3.792412
4.140866
4.443361
4.697533
4.905855
5.073723
5.207218
5.311864
5.392399
5.452954
5.497226
5.528536
5.549829
5.563657
5.572174
5.577150
5.580000
5.581825
5.583453
5.585492
5.588365
5.592353
5.597622
5.604252
5.612258
5.621602
5.632210
5.643983
5.656801
5.670534
5.685043
5.700188
5.715829
5.731828
5.748055
5.764385
5.780703
5.796904
5.812894
5.828588
5.843916
5.858818
5.873243
5.887155
5.900524
5.913333
5.925571
5.937234
5.948327
5.958859
5.968841
5.978291
5.987227
5.995669
6.003637
6.011151
6.018230
6.024894
6.031160
6.037041
6.042553
6.047705
6.052509
6.056971
6.061097
6.064892
6.068360
6.071502
6.074319
6.076813
6.078983
6.080829
6.082350
6.083546
6.084417
6.084963
6.085183
6.085077
6.084647
6.083894
6.082819
6.081424
6.079711
6.077683
6.075344
6.072695
6.069741
6.066487
6.062935
6.059091
6.054959
6.050544
6.045850
6.040884
6.035650
6.030153
6.024399
6.018392
6.012140
6.005646
5.998916
5.991956
5.984772
5.977367
5.969749
5.961922
5.953891
5.945661
5.937239
5.928628
5.919835
5.910863
5.901719
5.892406
5.882930
5.873295
5.863507
5.853569
5.843487
5.833266
5.822908
5.812419
5.801804
5.791066
5.780209
5.769239
5.758157
5.746970
5.735680
5.724290
5.712806
5.701230
5.689565
5.677816
5.665985
5.654076
5.642091
5.630034
5.617907
5.605714
5.593457
5.581139
5.568762
5.556329
5.543842
5.531303
5.518716
5.506081
5.493402
5.480680
5.467917
5.455115
5.442276
5.429402
5.416495
5.403556
5.390587
5.377590
5.364566
5.351517
5.338443
5.325348
5.312231
5.299095
5.285940
5.272768
5.259581
5.246379
5.233163
5.219935
5.206696
5.193446
5.180188
5.166921
5.153647
5.140367
5.127082
5.113792
5.100499
5.087203
5.073906
5.060607
5.047308
5.034010
5.020713
5.007418
4.994126
4.980836
4.967551
4.954271
4.940996
4.927727
4.914464
4.901208
4.887960
4.874720
4.861489
4.848267
4.835054
4.821852
4.808660
4.795480
4.782311
4.769154
4.756009
4.742877
4.729758
4.716653
4.703562
4.690485
4.677422
4.664375
4.651343
4.638327
4.625326
4.612342
4.599375
4.586424
4.573491
4.560575
4.547676
4.534796
4.521933
4.509089
4.496264
4.483458
4.470671
4.457903
4.445155
4.432426
4.419718
4.407029
4.394361
4.381713
4.369086
4.356480
4.343895
4.331331
4.318789
4.306268
4.293768
4.281290
4.268835
4.256401
4.243989
4.231600
4.219233
4.206889
4.194567
4.182268
4.169992
4.157739
4.145509
4.133302
4.121118
4.108958
4.096821
4.084707
4.072617
4.060551
4.048509
4.036490
4.024495
4.012525
4.000578
3.988655
3.976757
3.964882
3.953032
3.941206
3.929405
3.917628
3.905875
3.894147
3.882443
3.870764
3.859110
3.847480
3.835875
3.824295
3.812739
3.801208
3.789702
3.778221
3.766765
3.755333
3.743927
3.732545
3.721188
3.709857
3.698550
3.687268
3.676011
3.664780
3.653573
3.642391
3.631235
3.620103
3.608997
3.597915
3.586859
3.575828
3.564822
3.553841
3.542885
3.531954
3.521048
3.510168
3.499312
3.488481
3.477676
3.466896
3.456140
3.445410
3.434705
3.424025
3.413370
3.402739
3.392134
3.381554
3.370999
3.360469
3.349964
3.339483
3.329028
3.318598
3.308192
3.297812
3.287456
3.277125
3.266819
3.256538
3.246281
3.236049
3.225842
3.215660
3.205503
3.195370
3.185261
3.175178
3.165119
3.155085
3.145075
3.135090
3.125129
3.115193
3.105281
3.095394
3.085531
3.075692
3.065878
3.056088
3.046323
3.036582
3.026865
3.017172
3.007503
2.997859
2.988239
2.978643
2.969071
2.959522
2.949998
2.940498
2.931022
2.921570
2.912142
2.902737
2.893357
2.884000
2.874667
2.865358
2.856072
2.846810
2.837572
2.828357
2.819166
2.809998
2.800854
2.791733
2.782635
2.773561
2.764511
2.755483
2.746479
2.737499
2.728541
2.719606
2.710695
2.701807
2.692942
2.684100
2.675280
2.666484
2.657711
2.648960
2.640233
2.631528
2.622846
2.614186
2.605550
2.596936
2.588344
2.579776
2.571229
2.562705
2.554204
2.545725
2.537269
2.528834
2.520422
2.512033
2.503665
2.495320
2.486997
2.478696
2.470417
2.462160
2.453925
2.445712
2.437521
2.429351
2.421204
2.413078
2.404974
2.396892
2.388832
2.380793
2.372775
2.364780
2.356805
2.348853
2.340921
2.333011
2.325123
2.317255
2.309409
2.301584
2.293781
2.285998
2.278237
2.270496
2.262777
2.255078
2.247401
2.239744
2.232109
2.224494
2.216900
2.209326
2.201774
2.194242
2.186730
2.179239
2.171769
2.164319
2.156890
2.149481
2.142092
2.134724
2.127376
2.120048
2.112741
2.105453
2.098186
2.090939
2.083712
2.076504
2.069317
2.062150
2.055002
2.047875
2.040767
2.033679
2.026610
2.019562
2.012533
2.005523
1.998533
1.991563
1.984612
1.977680
1.970768
1.963875
1.957002
1.950148
1.943313
1.936497
1.929700
1.922922
1.916164
1.909424
1.902703
1.896002
1.889319
1.882655
1.876010
1.869384
1.862776
1.856187
1.849617
1.843065
1.836532
1.830018
1.823521
1.817044
1.810585
1.804144
1.797721
1.791317
1.784931
1.778563
1.772213
1.765882
1.759568
1.753273
1.746996
1.740736
1.734495
1.728271
1.722065
1.715877
1.709707
1.703555
1.697420
1.691303
1.685203
1.679121
1.673057
1.667010
1.660980
1.654968
1.648973
1.642996
1.637036
1.631093
1.625167
1.619259
1.613367
1.607493
1.601636
1.595796
1.589972
1.584166
1.578377
1.572604
1.566848
1.561110
1.555387
1.549682
1.543993
1.538321
1.532665
1.527026
1.521404
1.515798
1.510208
1.504635
1.499078
1.493537
1.488013
1.482505
1.477013
1.471538
1.466078
1.460635
1.455208
1.449796
1.444401
1.439021
1.433658
1.428310
1.422978
1.417662
1.412362
1.407078
1.401809
1.396556
1.391318
1.386096
1.380889
1.375698
1.370523
1.365363
1.360218
1.355089
1.349975
1.344876
1.339792
1.334724
1.329671
1.324633
1.319610
1.314602
1.309609
1.304631
1.299668
1.294720
1.289787
1.284869
1.279965
1.275076
1.270202
1.265343
1.260498
1.255668
1.250853
1.246052
1.241266
1.236494
1.231736
1.226993
1.222265
1.217550
1.212850
1.208165
1.203493
1.198836
1.194193
1.189564
1.184949
1.180348
1.175761
1.171189
1.166630
1.162085
1.157554
1.153037
1.148534
1.144044
1.139568
1.135106
1.130658
1.126223
1.121802
1.117395
1.113001
1.108620
1.104253
1.099900
1.095560
1.091233
1.086920
1.082620
1.078333
1.074060
1.069800
1.065553
1.061319
1.057098
1.052890
1.048696
1.044514
1.040345
1.036190
1.032047
1.027917
1.023800
1.019696
1.015605
1.011526
1.007460
1.003407
0.999367
0.995339
0.991323
0.987321
0.983331
0.979353
0.975388
0.971435
0.967495
0.963567
0.959652
0.955748
0.951857
0.947979
0.944112
0.940258
0.936416
0.932586
0.928768
0.924962
0.921169
0.917387
0.913617
0.909859
0.906113
0.902379
0.898657
0.894947
0.891248
0.887562
0.883887
0.880223
0.876572
0.872932
0.869303
0.865687
0.862081
0.858488
0.854905
0.851335
0.847775
0.844228
0.840691
0.837166
0.833652
0.830150
0.826658
0.823178
0.819710
0.816252
0.812806
0.809370
0.805946
0.802533
0.799131
0.795739
0.792359
0.788990
0.785632
0.782284
0.778948
0.775622
0.772307
0.769003
0.765709
0.762427
0.759155
0.755893
0.752643
0.749403
0.746173
0.742954
0.739746
0.736548
0.733360
0.730183
0.727017
0.723861
0.720715
0.717580
0.714454
0.711340
0.708235
0.705141
0.702056
0.698983
0.695919
0.692865
0.689821
0.686788
0.683764
0.680751
0.677747
0.674754
0.671770
0.668797
0.665833
0.662879
0.659935
0.657001
0.654076
0.651161
0.648256
0.645361
0.642475
0.639599
0.636733
0.633876
0.631029
0.628192
0.625364
0.622545
0.619736
0.616936
0.614146
0.611365
0.608594
0.605832
0.603079
0.600336
0.597601
0.594877
0.592161
0.589454
0.586757
0.584069
0.581390
0.578720
0.576059
0.573408
0.570765
0.568131
0.565507
0.562891
0.560284
0.557686
0.555097
0.552517
0.549946
0.547383
0.544830
0.542285
0.539749
0.537221
0.534702
0.532192
0.529691
0.527198
0.524714
0.522239
0.519772
0.517313
0.514863
0.512422
0.509989
0.507564
0.505148
0.502741
0.500341
0.497950
0.495568
0.493193
0.490827
0.488470
0.486120
0.483779
0.481446
0.479121
0.476804
0.474496
0.472195
0.469903
0.467618
0.465342
0.463074
0.460814
0.458562
0.456317
0.454081
0.451852
0.449632
0.447419
0.445215
0.443018
0.440828
0.438647
0.436473
0.434308
0.432150
0.429999
0.427856
0.425721
0.423594
0.421474
0.419362
0.417257
0.415160
0.413071
0.410989
0.408914
0.406847
0.404787
0.402735
0.400691
0.398653
0.396623
0.394601
0.392585
0.390577
0.388577
0.386583
0.384597
0.382618
0.380646
0.378682
0.376724
0.374774
0.372831
0.370895
0.368966
0.367044
0.365130
0.363222
0.361321
0.359427
0.357541
0.355661
0.353788
0.351922
0.350063
0.348211
0.346366
0.344527
0.342695
0.340871
0.339053
0.337241
0.335437
0.333639
0.331848
0.330063
0.328285
0.326514
0.324750
0.322992
0.321241
0.319496
0.317758
0.316026
0.314301
0.312583
0.310870
0.309165
0.307466
0.305773
0.304086
0.302406
0.300733
0.299065
0.297405
0.295750
0.294102
0.292460
0.290824
0.289194
0.287571
0.285954
0.284343
0.282738
0.281139
0.279547
0.277961
0.276380
0.274806
0.273238
0.271676
0.270120
0.268570
0.267026
0.265488
0.263956
0.262430
0.260910
0.259395
0.257887
0.256384
0.254888
0.253397
0.251912
0.250432
0.248959
0.247491
0.246029
0.244573
0.243123
0.241678
0.240239
0.238805
0.237378
0.235955
0.234539
0.233128
0.231723
0.230323
0.228928
0.227540
0.226157
0.224779
0.223407
0.222040
0.220679
0.219323
0.217972
0.216627
0.215288
0.213953
0.212624
0.211301
0.209982
0.208670
0.207362
0.206059
0.204762
0.203470
0.202184
0.200902
0.199626
0.198355
0.197089
0.195828
0.194572
0.193321
0.192076
0.190835
0.189600
0.188370
0.187144
0.185924
0.184709
0.183498
0.182293
0.181093
0.179897
0.178707
0.177521
0.176340
0.175164
0.173993
0.172827
0.171666
0.170509
0.169357
0.168210
0.167068
0.165931
0.164798
0.163670
0.162547
0.161428
0.160314
0.159205
0.158100
0.157000
0.155905
0.154814
0.153728
0.152646
0.151569
0.150497
0.149428
0.148365
0.147306
0.146251
0.145201
0.144156
0.143114
0.142078
0.141045
0.140017
0.138994
0.137974
0.136959
0.135949
0.134943
0.133941
0.132943
0.131950
0.130960
0.129976
0.128995
0.128018
0.127046
0.126078
0.125114
0.124154
0.123199
0.122247
0.121300
0.120357
0.119418
0.118483
0.117552
0.116625
0.115702
0.114783
0.113868
0.112957
0.112050
0.111147
0.110248
0.109353
0.108462
0.107575
0.106691
0.105812
0.104936
0.104064
0.103196
0.102332
0.101472
0.100616
0.099763
0.098914
0.098069
0.097227
0.096390
0.095556
0.094725
0.093899
0.093076
0.092257
0.091441
0.090629
0.089821
0.089016
0.088215
0.087418
0.086624
0.085833
0.085047
0.084263
0.083484
0.082707
0.081935
0.081165
0.080399
0.079637
0.078878
0.078123
0.077371
0.076622
0.075877
0.075135
0.074396
0.073661
0.072930
0.072201
0.071476
0.070754
0.070036
0.069320
0.068608
0.067900
0.067194
0.066492
0.065793
0.065097
0.064405
0.063715
0.063029
0.062346
0.061666
0.060989
0.060315
0.059645
0.058977
0.058313
0.057652
0.056993
0.056338
0.055686
0.055037
0.054391
0.053748
0.053107
0.052470
0.051836
0.051205
0.050577
0.049951
0.049329
0.048710
0.048093
0.047479
0.046869
0.046261
0.045656
0.045053
0.044454
0.043857
0.043264
0.042673
0.042084
0.041499
0.040916
0.040337
0.039759
0.039185
0.038613
0.038044
0.037478
0.036915
0.036354
0.035796
0.035240
0.034687
0.034137
0.033589
0.033044
0.032502
0.031962
0.031425
0.030890
0.030358
0.029828
0.029301
0.028777
0.028255
0.027736
0.027219
0.026704
0.026192
0.025683
0.025176
0.024671
0.024169
0.023669
0.023172
0.022677
0.022185
0.021695
0.021207
0.020722
0.020239
0.019758
0.019280
0.018804
0.018330
0.017859
0.017390
0.016923
0.016459
0.015996
0.015537
0.015079
0.014624
0.014170
0.013719
0.013271
0.012824
0.012380
0.011938
0.011498
0.011060
0.010624
0.010191
0.009760
0.009330
0.008903
0.008478
0.008056
0.007635
0.007216
0.006800
0.006385
0.005973
0.005562
0.005154
0.004748
0.004343
0.003941
0.003541
0.003142
0.002746
0.002352
0.001960
0.001569
0.001181
0.000795
0.000410
0.000027
-0.000353
-0.000732
-0.001109
-0.001484
-0.001857
-0.002228
-0.002597
-0.002964
-0.003330
-0.003694
-0.004055
-0.004415
-0.004774
-0.005130
-0.005485
-0.005837
-0.006188
-0.006537
-0.006885
-0.007230
-0.007574
-0.007916
-0.008257
-0.008595
-0.008932
-0.009267
-0.009601
-0.009933
-0.010263
-0.010591
-0.010918
-0.011243
-0.011566
-0.011888
-0.012207
-0.012526
-0.012843
-0.013158
-0.013471
-0.013783
-0.014093
-0.014402
-0.014709
-0.015014
-0.015318
-0.015620
-0.015921
-0.016220
-0.016517
-0.016813
-0.017108
-0.017401
-0.017692
-0.017982
-0.018270
-0.018557
-0.018842
-0.019126
-0.019409
-0.019689
-0.019969
-0.020247
-0.020523
-0.020798
-0.021072
-0.021344
-0.021615
-0.021884
-0.022152
-0.022418
-0.022683
-0.022947
-0.023209
-0.023470
-0.023729
-0.023987
-0.024244
-0.024499
-0.024753
-0.025006
-0.025257
-0.025507
-0.025756
-0.026003
-0.026249
-0.026494
-0.026737
-0.026979
-0.027220
-0.027459
-0.027697
-0.027934
-0.028170
-0.028404
-0.028637
-0.028869
-0.029100
-0.029329
-0.029557
-0.029784
-0.030009
-0.030234
-0.030457
-0.030679
-0.030900
-0.031119
-0.031338
-0.031555
-0.031771
-0.031986
-0.032199
-0.032412
-0.032623
-0.032833
-0.033042
-0.033250
-0.033457
-0.033662
-0.033867
-0.034070
-0.034272
-0.034474
-0.034674
-0.034872
-0.035070
-0.035267
-0.035463
-0.035657
-0.035851
-0.036043
-0.036234
-0.036424
-0.036614
-0.036802
-0.036989
-0.037175
-0.037360
-0.037544
-0.037727
-0.037909
-0.038090
-0.038270
-0.038448
-0.038626
-0.038803
-0.038979
-0.039154
-0.039328
-0.039501
-0.039673
-0.039844
-0.040014
-0.040183
-0.040351
-0.040518
-0.040684
-0.040849
-0.041014
-0.041177
-0.041340
-0.041501
-0.041662
-0.041821
-0.041980
-0.042138
-0.042295
-0.042451
-0.042606
-0.042760
-0.042914
-0.043066
-0.043218
-0.043369
-0.043518
-0.043667
-0.043816
-0.043963
-0.044109
-0.044255
-0.044399
-0.044543
-0.044686
-0.044829
-0.044970
-0.045111
-0.045250
-0.045389
-0.045527
-0.045665
-0.045801
-0.045937
-0.046072
-0.046206
-0.046339
-0.046471
-0.046603
-0.046734
-0.046864
-0.046994
-0.047122
-0.047250
-0.047377
-0.047503
-0.047629
-0.047754
-0.047878
-0.048001
-0.048124
-0.048246
-0.048367
-0.048487
-0.048607
-0.048726
-0.048844
-0.048962
-0.049078
-0.049195
-0.049310
-0.049425
-0.049539
-0.049652
-0.049765
-0.049877
-0.049988
-0.050098
-0.050208
-0.050317
-0.050426
-0.050534
-0.050641
-0.050748
-0.050853
-0.050959
-0.051063
-0.051167
-0.051270
-0.051373
-0.051475
-0.051576
-0.051677
-0.051777
-0.051877
-0.051976
-0.052074
-0.052172
-0.052269
-0.052365
-0.052461
-0.052556
-0.052650
-0.052744
-0.052838
-0.052931
-0.053023
-0.053114
-0.053205
-0.053296
-0.053386
-0.053475
-0.053564
-0.053652
-0.053740
-0.053827
-0.053913
-0.053999
-0.054084
-0.054169
-0.054253
-0.054337
-0.054420
-0.054503
-0.054585
-0.054666
-0.054747
-0.054828
-0.054908
-0.054987
-0.055066
-0.055144
-0.055222
-0.055299
-0.055376
-0.055453
-0.055528
-0.055604
-0.055678
-0.055753
-0.055826
-0.055900
-0.055973
-0.056045
-0.056117
-0.056188
-0.056259
-0.056329
-0.056399
-0.056468
-0.056537
-0.056606
-0.056674
-0.056741
-0.056808
-0.056875
-0.056941
-0.057007
-0.057072
-0.057137
-0.057201
-0.057265
-0.057329
-0.057392
-0.057454
-0.057516
-0.057578
-0.057639
-0.057700
-0.057760
-0.057820
-0.057880
-0.057939
-0.057998
-0.058056
-0.058114
-0.058171
-0.058228
-0.058285
-0.058341
-0.058397
-0.058452
-0.058507
-0.058562
-0.058616
-0.058670
-0.058723
-0.058776
-0.058829
-0.058881
-0.058933
-0.058984
-0.059035
-0.059086
-0.059136
-0.059186
-0.059236
-0.059285
-0.059334
-0.059382
-0.059430
-0.059478
-0.059525
-0.059572
-0.059619
-0.059665
-0.059711
-0.059757
-0.059802
-0.059847
-0.059891
-0.059936
-0.059980
-0.060023
-0.060066
-0.060109
-0.060151
-0.060194
-0.060235
-0.060277
-0.060318
-0.060359
-0.060399
-0.060440
-0.060479
-0.060519
-0.060558
-0.060597
-0.060636
-0.060674
-0.060712
-0.060749
-0.060787
-0.060824
-0.060861
-0.060897
-0.060933
-0.060969
-0.061004
-0.061040
-0.061074
-0.061109
-0.061143
-0.061177
-0.061211
-0.061245
-0.061278
-0.061311
-0.061343
-0.061376
-0.061408
-0.061439
-0.061471
-0.061502
-0.061533
-0.061564
-0.061594
-0.061624
-0.061654
-0.061684
-0.061713
-0.061742
-0.061771
-0.061799
-0.061828
-0.061856
-0.061883
-0.061911
-0.061938
-0.061965
-0.061992
-0.062018
-0.062044
-0.062070
-0.062096
-0.062122
-0.062147
-0.062172
-0.062197
-0.062221
-0.062245
-0.062270
-0.062293
-0.062317
-0.062340
-0.062363
-0.062386
-0.062409
-0.062431
-0.062454
-0.062476
-0.062497
-0.062519
-0.062540
-0.062561
-0.062582
-0.062603
-0.062623
-0.062643
-0.062663
-0.062683
-0.062703
-0.062722
-0.062741
-0.062760
-0.062779
-0.062798
-0.062816
-0.062834
-0.062852
-0.062870
-0.062887
-0.062905
-0.062922
-0.062939
-0.062956
-0.062972
-0.062988
-0.063005
-0.063021
-0.063036
-0.063052
-0.063067
-0.063083
-0.063098
-0.063113
-0.063127
-0.063142
-0.063156
-0.063170
-0.063184
-0.063198
-0.063211
-0.063225
-0.063238
-0.063251
-0.063264
-0.063277
-0.063289
-0.063302
-0.063314
-0.063326
-0.063338
-0.063350
-0.063361
-0.063373
-0.063384
-0.063395
-0.063406
-0.063417
-0.063427
-0.063438
-0.063448
-0.063458
-0.063468
-0.063478
-0.063487
-0.063497
-0.063506
-0.063516
-0.063525
-0.063533
-0.063542
-0.063551
-0.063559
-0.063568
-0.063576
-0.063584
-0.063592
-0.063599
-0.063607
-0.063615
-0.063622
-0.063629
-0.063636
-0.063643
-0.063650
-0.063656
-0.063663
-0.063669
-0.063676
-0.063682
-0.063688
-0.063694
-0.063699
-0.063705
-0.063710
-0.063716
-0.063721
-0.063726
-0.063731
-0.063736
-0.063741
-0.063745
-0.063750
-0.063754
-0.063758
-0.063763
-0.063767
-0.063770
-0.063774
-0.063778
-0.063781
-0.063785
-0.063788
-0.063791
-0.063795
-0.063798
-0.063800
-0.063803
-0.063806
-0.063808
-0.063811
-0.063813
-0.063815
-0.063818
-0.063820
-0.063822
-0.063823
-0.063825
-0.063827
-0.063828
-0.063830
-0.063831
-0.063832
-0.063833
-0.063834
-0.063835
-0.063836
-0.063837
-0.063837
-0.063838
-0.063838
-0.063839
-0.063839
-0.063839
-0.063839
-0.063839
-0.063839
-0.063839
-0.063839
-0.063838
-0.063838
-0.063837
-0.063837
-0.063836
-0.063835
-0.063834
-0.063833
-0.063832
-0.063831
-0.063830
-0.063829
-0.063827
-0.063826
-0.063824
-0.063823
-0.063821
-0.063819
-0.063817
-0.063815
-0.063813
-0.063811
-0.063809
-0.063807
-0.063805
-0.063802
-0.063800
-0.063797
-0.063795
-0.063792
-0.063789
-0.063786
-0.063784
-0.063781
-0.063778
-0.063775
-0.063771
-0.063768
-0.063765
-0.063762
-0.063758
-0.063755
-0.063751
-0.063748
-0.063744
-0.063740
-0.063736
-0.063733
-0.063729
-0.063725
-0.063721
-0.063717
-0.063712
-0.063708
-0.063704
-0.063700
-0.063695
-0.063691
-0.063686
-0.063682
-0.063677
-0.063672
-0.063668
-0.063663
-0.063658
-0.063653
-0.063648
-0.063643
-0.063638
-0.063633
-0.063628
-0.063623
-0.063617
-0.063612
-0.063607
-0.063601
-0.063596
-0.063590
-0.063585
-0.063579
-0.063574
-0.063568
-0.063562
-0.063556
-0.063551
-0.063545
-0.063539
-0.063533
-0.063527
-0.063521
-0.063515
-0.063509
-0.063502
-0.063496
-0.063490
-0.063484
-0.063477
-0.063471
-0.063465
-0.063458
-0.063452
-0.063445
-0.063438
-0.063432
-0.063425
-0.063419
-0.063412
-0.063405
-0.063398
-0.063391
-0.063385
-0.063378
-0.063371
-0.063364
-0.063357
-0.063350
-0.063343
-0.063336
-0.063328
-0.063321
-0.063314
-0.063307
-0.063300
-0.063292
-0.063285
-0.063278
-0.063270
-0.063263
-0.063255
-0.063248
-0.063240
-0.063233
-0.063225
-0.063218
-0.063210
-0.063202
-0.063195
-0.063187
-0.063179
-0.063171
-0.063164
-0.063156
-0.063148
-0.063140
-0.063132
-0.063124
-0.063117
-0.063109
-0.063101
-0.063093
-0.063085
-0.063077
-0.063068
-0.063060
-0.063052
-0.063044
-0.063036
-0.063028
-0.063020
-0.063011
-0.063003
-0.062995
-0.062987
-0.062978
-0.062970
-0.062962
-0.062953
-0.062945
-0.062937
-0.062928
-0.062920
-0.062911
-0.062903
-0.062895
-0.062886
-0.062878
-0.062869
-0.062860
-0.062852
-0.062843
-0.062835
-0.062826
-0.062818
-0.062809
-0.062800
-0.062792
-0.062783
-0.062774
-0.062766
-0.062757
-0.062748
-0.062740
-0.062731
-0.062722
-0.062713
-0.062705
-0.062696
-0.062687
-0.062678
-0.062669
-0.062661
-0.062652
-0.062643
-0.062634
-0.062625
-0.062616
-0.062607
-0.062599
-0.062590
-0.062581
-0.062572
-0.062563
-0.062554
-0.062545
-0.062536
-0.062527
-0.062518
-0.062509
-0.062500
-0.062491
-0.062482
-0.062473
-0.062464
-0.062455
-0.062446
-0.062437
-0.062428
-0.062419
-0.062410
-0.062401
-0.062392
-0.062383
-0.062374
-0.062365
-0.062356
-0.062347
-0.062338
-0.062329
-0.062320
-0.062311
-0.062301
-0.062292
-0.062283
-0.062274
-0.062265
-0.062256
-0.062247
-0.062238
-0.062229
-0.062220
-0.062211
-0.062202
-0.062192
-0.062183
-0.062174
-0.062165
-0.062156
-0.062147
-0.062138
-0.062129
-0.062120
-0.062111
-0.062102
-0.062092
-0.062083
-0.062074
-0.062065
-0.062056
-0.062047
-0.062038
-0.062029
-0.062020
-0.062011
-0.062002
-0.061993
-0.061984
-0.061974
-0.061965
-0.061956
-0.061947
-0.061938
-0.061929
-0.061920
-0.061911
-0.061902
-0.061893
-0.061884
-0.061875
-0.061866
-0.061857
-0.061848
-0.061839
-0.061830
-0.061821
-0.061812
-0.061803
-0.061794
-0.061785
-0.061776
-0.061767
-0.061758
-0.061749
-0.061740
-0.061731
-0.061722
-0.061713
-0.061705
-0.061696
-0.061687
-0.061678
-0.061669
-0.061660
-0.061651
-0.061642
-0.061633
-0.061625
-0.061616
-0.061607
-0.061598
-0.061589
-0.061580
-0.061572
-0.061563
-0.061554
-0.061545
-0.061536
-0.061528
-0.061519
-0.061510
-0.061501
-0.061493
-0.061484
-0.061475
-0.061467
-0.061458
-0.061449
-0.061441
-0.061432
-0.061423
-0.061415
-0.061406
-0.061397
-0.061389
-0.061380
-0.061371
-0.061363
-0.061354
-0.061346
-0.061337
-0.061329
-0.061320
-0.061312
-0.061303
-0.061295
-0.061286
-0.061278
-0.061269
-0.061261
-0.061252
-0.061244
-0.061235
-0.061227
-0.061219
-0.061210
-0.061202
-0.061193
-0.061185
-0.061177
-0.061168
-0.061160
-0.061152
-0.061143
-0.061135
-0.061127
-0.061119
-0.061110
-0.061102
-0.061094
-0.061086
-0.061078
-0.061069
-0.061061
-0.061053
-0.061045
-0.061037
-0.061029
-0.061020
-0.061012
-0.061004
-0.060996
-0.060988
-0.060980
-0.060972
-0.060964
-0.060956
-0.060948
-0.060940
-0.060932
-0.060924
-0.060916
-0.060908
-0.060901
-0.060893
-0.060885
-0.060877
-0.060869
-0.060861
-0.060853
-0.060846
-0.060838
-0.060830
-0.060822
-0.060815
-0.060807
-0.060799
-0.060791
-0.060784
-0.060776
-0.060768
-0.060761
-0.060753
-0.060745
-0.060738
-0.060730
-0.060723
-0.060715
-0.060708
-0.060700
-0.060693
-0.060685
-0.060678
-0.060670
-0.060663
-0.060655
-0.060648
-0.060640
-0.060633
-0.060626
-0.060618
-0.060611
-0.060604
-0.060596
-0.060589
-0.060582
-0.060575
-0.060567
-0.060560
-0.060553
-0.060546
-0.060538
-0.060531
-0.060524
-0.060517
-0.060510
-0.060503
-0.060496
-0.060489
-0.060482
-0.060474
-0.060467
-0.060460
-0.060453
-0.060446
-0.060440
-0.060433
-0.060426
-0.060419
-0.060412
-0.060405
-0.060398
-0.060391
-0.060384
-0.060378
-0.060371
-0.060364
-0.060357
-0.060351
-0.060344
-0.060337
-0.060330
-0.060324
-0.060317
-0.060310
-0.060304
-0.060297
-0.060291
-0.060284
-0.060277
-0.060271
-0.060264
-0.060258
-0.060251
-0.060245
-0.060238
-0.060232
-0.060226
-0.060219
-0.060213
-0.060206
-0.060200
-0.060194
-0.060187
-0.060181
-0.060175
-0.060168
-0.060162
-0.060156
-0.060150
-0.060144
-0.060137
-0.060131
-0.060125
-0.060119
-0.060113
-0.060107
-0.060101
-0.060094
-0.060088
-0.060082
-0.060076
-0.060070
-0.060064
-0.060058
-0.060052
-0.060047
-0.060041
-0.060035
-0.060029
-0.060023
-0.060017
-0.060011
-0.060005
-0.060000
-0.059994
-0.059988
-0.059982
-0.059977
-0.059971
-0.059965
-0.059960
-0.059954
-0.059948
-0.059943
-0.059937
-0.059931
-0.059926
-0.059920
-0.059915
-0.059909
-0.059904
-0.059898
-0.059893
-0.059887
-0.059882
-0.059877
-0.059871
-0.059866
-0.059860
-0.059855
-0.059850
-0.059844
-0.059839
-0.059834
-0.059829
-0.059823
-0.059818
-0.059813
-0.059808
-0.059803
-0.059797
-0.059792
-0.059787
-0.059782
-0.059777
-0.059772
-0.059767
-0.059762
-0.059757
-0.059752
-0.059747
-0.059742
-0.059737
-0.059732
-0.059727
-0.059722
-0.059717
-0.059712
-0.059708
-0.059703
-0.059698
-0.059693
-0.059688
-0.059684
-0.059679
-0.059674
-0.059669
-0.059665
-0.059660
-0.059655
-0.059651
-0.059646
-0.059642
-0.059637
-0.059632
-0.059628
-0.059623
-0.059619
-0.059614
-0.059610
-0.059605
-0.059601
-0.059596
-0.059592
-0.059588
-0.059583
-0.059579
-0.059575
-0.059570
-0.059566
-0.059562
-0.059557
-0.059553
-0.059549
-0.059545
-0.059540
-0.059536
-0.059532
-0.059528
-0.059524
-0.059520
-0.059515
-0.059511
-0.059507
-0.059503
-0.059499
-0.059495
-0.059491
-0.059487
-0.059483
-0.059479
-0.059475
-0.059471
-0.059467
-0.059463
-0.059460
-0.059456
-0.059452
-0.059448
-0.059444
-0.059440
-0.059437
-0.059433
-0.059429
-0.059425
-0.059422
-0.059418
-0.059414
-0.059411
-0.059407
-0.059403
-0.059400
-0.059396
-0.059393
-0.059389
-0.059386
-0.059382
-0.059378
-0.059375
-0.059372
-0.059368
-0.059365
-0.059361
-0.059358
-0.059354
-0.059351
-0.059348
-0.059344
-0.059341
-0.059338
-0.059334
-0.059331
-0.059328
-0.059324
-0.059321
-0.059318
-0.059315
-0.059312
-0.059308
-0.059305
-0.059302
-0.059299
-0.059296
-0.059293
-0.059290
-0.059287
-0.059284
-0.059281
-0.059278
-0.059275
-0.059272
-0.059269
-0.059266
-0.059263
-0.059260
-0.059257
-0.059254
-0.059251
-0.059248
-0.059245
-0.059243
-0.059240
-0.059237
-0.059234
-0.059231
-0.059229
-0.059226
-0.059223
-0.059221
-0.059218
-0.059215
-0.059212
-0.059210
-0.059207
-0.059205
-0.059202
-0.059199
-0.059197
-0.059194
-0.059192
-0.059189
-0.059187
-0.059184
-0.059182
-0.059179
-0.059177
-0.059174
-0.059172
-0.059170
-0.059167
-0.059165
-0.059163
-0.059160
-0.059158
-0.059156
-0.059153
-0.059151
-0.059149
-0.059146
-0.059144
-0.059142
-0.059140
-0.059138
-0.059135
-0.059133
-0.059131
-0.059129
-0.059127
-0.059125
-0.059123
-0.059121
-0.059119
-0.059116
-0.059114
-0.059112
-0.059110
-0.059108
-0.059106
-0.059104
-0.059103
-0.059101
-0.059099
-0.059097
-0.059095
-0.059093
-0.059091
-0.059089
-0.059087
-0.059086
-0.059084
-0.059082
-0.059080
-0.059079
-0.059077
-0.059075
-0.059073
-0.059072
-0.059070
-0.059068
-0.059067
-0.059065
-0.059063
-0.059062
-0.059060
-0.059058
-0.059057
-0.059055
-0.059054
-0.059052
-0.059051
-0.059049
-0.059048
-0.059046
-0.059045
-0.059043
-0.059042
-0.059040
-0.059039
-0.059038
-0.059036
-0.059035
-0.059033
-0.059032
-0.059031
-0.059029
-0.059028
-0.059027
-0.059026
-0.059024
-0.059023
-0.059022
-0.059021
-0.059019
-0.059018
-0.059017
-0.059016
-0.059015
-0.059013
-0.059012
-0.059011
-0.059010
-0.059009
-0.059008
-0.059007
-0.059006
-0.059005
-0.059004
-0.059003
-0.059002
-0.059001
-0.059000
-0.058999
-0.058998
-0.058997
-0.058996
-0.058995
-0.058994
-0.058993
-0.058992
-0.058991
-0.058990
-0.058990
-0.058989
-0.058988
-0.058987
-0.058986
-0.058986
-0.058985
-0.058984
-0.058983
-0.058982
-0.058982
-0.058981
-0.058980
-0.058980
-0.058979
-0.058978
-0.058978
-0.058977
-0.058976
-0.058976
-0.058975
-0.058975
-0.058974
-0.058973
-0.058973
-0.058972
-0.058972
-0.058971
-0.058971
-0.058970
-0.058970
-0.058969
-0.058969
-0.058968
-0.058968
-0.058967
-0.058967
-0.058967
-0.058966
-0.058966
-0.058966
-0.058965
-0.058965
-0.058964
-0.058964
-0.058964
-0.058964
-0.058963
-0.058963
-0.058963
-0.058962
-0.058962
-0.058962
-0.058962
-0.058962
-0.058961
-0.058961
-0.058961
-0.058961
-0.058961
-0.058960
-0.058960
-0.058960
-0.058960
-0.058960
-0.058960
-0.058960
-0.058960
-0.058960
-0.058960
-0.058960
-0.058960
-0.058960
-0.058960
-0.058960
-0.058960
-0.058960
-0.058960
-0.058960
-0.058960
-0.058960
-0.058960
-0.058960
-0.058960
-0.058960
-0.058960
-0.058960
-0.058961
-0.058961
-0.058961
-0.058961
-0.058961
-0.058961
-0.058962
-0.058962
-0.058962
-0.058962
-0.058963
-0.058963
-0.058963
-0.058963
-0.058964
-0.058964
-0.058964
-0.058964
-0.058965
-0.058965
-0.058965
-0.058966
-0.058966
-0.058967
-0.058967
-0.058967
-0.058968
-0.058968
-0.058969
-0.058969
-0.058969
-0.058970
-0.058970
-0.058971
-0.058971
-0.058972
-0.058972
-0.058973
-0.058973
-0.058974
-0.058974
-0.058975
-0.058975
-0.058976
-0.058977
-0.058977
-0.058978
-0.058978
-0.058979
-0.058980
-0.058980
-0.058981
-0.058982
-0.058982
-0.058983
-0.058984
-0.058984
-0.058985
-0.058986
-0.058986
-0.058987
-0.058988
-0.058988
-0.058989
-0.058990
-0.058991
-0.058992
-0.058992
-0.058993
-0.058994
-0.058995
-0.058996
-0.058996
-0.058997
-0.058998
-0.058999
-0.059000
-0.059001
-0.059001
-0.059002
-0.059003
-0.059004
-0.059005
-0.059006
-0.059007
-0.059008
-0.059009
-0.059010
-0.059011
-0.059012
-0.059013
-0.059014
-0.059015
-0.059016
-0.059017
-0.059018
-0.059019
-0.059020
-0.059021
-0.059022
-0.059023
-0.059024
-0.059025
-0.059026
-0.059027
-0.059028
-0.059029
-0.059031
-0.059032
-0.059033
-0.059034
-0.059035
-0.059036
-0.059037
-0.059039
-0.059040
-0.059041
-0.059042
-0.059043
-0.059045
-0.059046
-0.059047
-0.059048
-0.059049
-0.059051
-0.059052
-0.059053
-0.059054
-0.059056
-0.059057
-0.059058
-0.059060
-0.059061
-0.059062
-0.059064
-0.059065
-0.059066
-0.059068
-0.059069
-0.059070
-0.059072
-0.059073
-0.059074
-0.059076
-0.059077
-0.059079
-0.059080
-0.059081
-0.059083
-0.059084
-0.059086
-0.059087
-0.059089
-0.059090
-0.059092
-0.059093
-0.059095
-0.059096
-0.059097
-0.059099
-0.059101
-0.059102
-0.059104
-0.059105
-0.059107
-0.059108
-0.059110
-0.059111
-0.059113
-0.059114
-0.059116
-0.059118
-0.059119
-0.059121
-0.059122
-0.059124
-0.059126
-0.059127
-0.059129
-0.059130
-0.059132
-0.059134
-0.059135
-0.059137
-0.059139
-0.059140
-0.059142
-0.059144
-0.059145
-0.059147
-0.059149
-0.059151
-0.059152
-0.059154
-0.059156
-0.059157
-0.059159

