0.000000
0.000000
-0.000006
-0.000014
-0.000023
-0.000034
-0.000045
-0.000058
-0.000070
-0.000084
-0.000097
-0.000111
-0.000125
-0.000140
-0.000155
-0.000170
-0.000185
-0.000201
-0.000217
-0.000233
-0.000249
-0.000266
-0.000282
-0.000299
-0.000316
-0.000333
-0.000351
-0.000368
-0.000386
-0.000404
-0.000422
-0.000440
-0.000459
-0.000477
-0.000496
-0.000515
-0.000534
-0.000553
-0.000572
-0.000591
-0.000611
-0.000631
-0.000651
-0.000670
-0.000691
-0.000711
-0.000731
-0.000751
-0.000772
-0.000793
-0.000813
-0.000834
-0.000855
-0.000876
-0.000898
-0.000919
-0.000940
-0.000962
-0.000984
-0.001005
-0.001027
-0.001049
-0.001071
-0.001093
-0.001115
-0.001138
-0.001160
-0.001183
-0.001205
-0.001228
-0.001251
-0.001273
-0.001296
-0.001319
-0.001342
-0.001366
-0.001389
-0.001412
-0.001435
-0.001459
-0.001482
-0.001506
-0.001530
-0.001553
-0.001577
-0.001601
-0.001625
-0.001649
-0.001673
-0.001697
-0.001722
-0.001746
-0.001770
-0.001795
-0.001819
-0.001844
-0.001868
-0.001893
-0.001918
-0.001942
-0.001967
-0.001992
-0.002017
-0.002042
-0.002067
-0.002092
-0.002118
-0.002143
-0.002168
-0.002193
-0.002219
-0.002244
-0.002270
-0.002295
-0.002321
-0.002346
-0.002372
-0.002398
-0.002424
-0.002449
-0.002475
-0.002501
-0.002527
-0.002553
-0.002579
-0.002605
-0.002631
-0.002658
-0.002684
-0.002710
-0.002736
-0.002763
-0.002789
-0.002815
-0.002842
-0.002868
-0.002895
-0.002921
-0.002948
-0.002975
-0.003001
-0.003028
-0.003055
-0.003082
-0.003108
-0.003135
-0.003162
-0.003189
-0.003216
-0.003243
-0.003270
-0.003297
-0.003324
-0.003351
-0.003379
-0.003406
-0.003433
-0.003460
-0.003487
-0.003515
-0.003542
-0.003569
-0.003597
-0.003624
-0.003652
-0.003679
-0.003707
-0.003734
-0.003762
-0.003789
-0.003817
-0.003845
-0.003872
-0.003900
-0.003928
-0.003955
-0.003983
-0.004011
-0.004039
-0.004067
-0.004094
-0.004122
-0.004150
-0.004178
-0.004206
-0.004234
-0.004262
-0.004290
-0.004318
-0.004346
-0.004374
-0.004402
-0.004430
-0.004459
-0.004487
-0.004515
-0.004543
-0.004571
-0.004599
-0.004628
-0.004656
-0.004684
-0.004713
-0.004741
-0.004769
-0.004798
-0.004826
-0.004854
-0.004883
-0.004911
-0.004940
-0.004968
-0.004997
-0.005025
-0.005054
-0.005082
-0.005111
-0.005139
-0.005168
-0.005197
-0.005225
-0.005254
-0.005282
-0.005311
-0.005340
-0.005368
-0.005397
-0.005426
-0.005455
-0.005483
-0.005512
-0.005541
-0.005570
-0.005598
-0.005627
-0.005656
-0.005685
-0.005714
-0.005743
-0.005771
-0.005800
-0.005829
-0.005858
-0.005887
-0.005916
-0.005945
-0.005974
-0.006003
-0.006032
-0.006061
-0.006090
-0.006119
-0.006148
-0.006177
-0.006206
-0.006235
-0.006264
-0.006293
-0.006322
-0.006351
-0.006380
-0.006409
-0.006438
-0.006467
-0.006496
-0.006525
-0.006555
-0.006584
-0.006613
-0.006642
-0.006671
-0.006700
-0.006729
-0.006759
-0.006788
-0.006817
-0.006846
-0.006875
-0.006905
-0.006934
-0.006963
-0.006992
-0.007022
-0.007051
-0.007080
-0.007109
-0.007139
-0.007168
-0.007197
-0.007226
-0.007256
-0.007285
-0.007314
-0.007344
-0.007373
-0.007402
-0.007432
-0.007461
-0.007490
-0.007520
-0.007549
-0.007578
-0.007608
-0.007637
-0.007666
-0.007696
-0.007725
-0.007754
-0.007784
-0.007813
-0.007842
-0.007872
-0.007901
-0.007931
-0.007960
-0.007989
-0.008019
-0.008048
-0.008078
-0.008107
-0.008136
-0.008166
-0.008195
-0.008225
-0.008254
-0.008283
-0.008313
-0.008342
-0.008372
-0.008401
-0.008431
-0.008460
-0.008489
-0.008519
-0.008548
-0.008578
-0.008607
-0.008637
-0.008666
-0.008695
-0.008725
-0.008754
-0.008784
-0.008813
-0.008843
-0.008872
-0.008902
-0.008931
-0.008960
-0.008990
-0.009019
-0.009049
-0.009078
-0.009108
-0.009137
-0.009167
-0.009196
-0.009225
-0.009255
-0.009284
-0.009314
-0.009343
-0.009373
-0.009402
-0.009432
-0.009461
-0.009490
-0.009520
-0.009549
-0.009579
-0.009608
-0.009638
-0.009667
-0.009696
-0.009726
-0.009755
-0.009785
-0.009814
-0.009844
-0.009873
-0.009902
-0.009932
-0.009961
-0.009991
-0.010020
-0.010050
-0.010079
-0.010108
-0.010138
-0.010167
-0.010197
-0.010226
-0.010255
-0.010285
-0.010314
-0.010344
-0.010373
-0.010402
-0.010432
-0.010461
-0.010490
-0.010520
-0.010549
-0.010579
-0.010608
-0.010637
-0.010667
-0.010696
-0.010725
-0.010755
-0.010784
-0.010813
-0.010843
-0.010872
-0.010901
-0.010931
-0.010960
-0.010989
-0.011019
-0.011048
-0.011077
-0.011107
-0.011136
-0.011165
-0.011195
-0.011224
-0.011253
-0.011282
-0.011312
-0.011341
-0.011370
-0.011400
-0.011429
-0.011458
-0.011487
-0.011517
-0.011546
-0.011575
-0.011604
-0.011634
-0.011663
-0.011692
-0.011721
-0.011750
-0.011780
-0.011809
-0.011838
-0.011867
-0.011896
-0.011926
-0.011955
-0.011984
-0.012013
-0.012042
-0.012071
-0.012101
-0.012130
-0.012159
-0.012188
-0.012217
-0.012246
-0.012275
-0.012304
-0.012334
-0.012363
-0.012392
-0.012421
-0.012450
-0.012479
-0.012508
-0.012537
-0.012566
-0.012595
-0.012624
-0.012653
-0.012682
-0.012711
-0.012740
-0.012769
-0.012798
-0.012827
-0.012856
-0.012885
-0.012914
-0.012943
-0.012972
-0.013001
-0.013030
-0.013059
-0.013088
-0.013117
-0.013146
-0.013175
-0.013204
-0.013233
-0.013262
-0.013291
-0.013320
-0.013348
-0.013377
-0.013406
-0.013435
-0.013150
-0.011659
-0.007452
0.001262
0.016195
0.038756
0.069980
0.110528
0.160884
0.222087
0.297206
0.390966
0.507989
0.651595
0.822749
1.021575
1.253772
1.527678
1.849381
2.214695
2.614217
3.031704
3.445110
3.833972
4.184151
4.488161
4.744118
4.954708
5.125398
5.262340
5.371148
5.456638
5.522979
5.573845
5.612487
5.641740
5.664024
5.681350
5.695357
5.707346
5.718328
5.729067
5.740123
5.751892
5.764638
5.778522
5.793625
5.809968
5.827527
5.846243
5.866036
5.886805
5.908444
5.930836
5.953866
5.977417
6.001375
6.025631
6.050081
6.074629
6.099184
6.123663
6.147990
6.172097
6.195921
6.219407
6.242505
6.265171
6.287364
6.309049
6.330192
6.350765
6.370741
6.390095
6.408803
6.426846
6.444204
6.460862
6.476807
6.492029
6.506523
6.520286
6.533323
6.545641
6.557253
6.568177
6.578435
6.588053
6.597060
6.605488
6.613373
6.620748
6.627652
6.634119
6.640185
6.645884
6.651247
6.656303
6.661081
6.665602
6.669890
6.673960
6.677828
6.681506
6.685001
6.688320
6.691465
6.694437
6.697234
6.699853
6.702288
6.704534
6.706582
6.708423
6.710050
6.711451
6.712619
6.713543
6.714216
6.714627
6.714771
6.714640
6.714227
6.713529
6.712540
6.711258
6.709681
6.707807
6.705636
6.703168
6.700405
6.697350
6.694003
6.690370
6.686452
6.682255
6.677783
6.673041
6.668034
6.662766
6.657244
6.651472
6.645457
6.639203
6.632717
6.626003
6.619068
6.611917
6.604554
6.596986
6.589218
6.581255
6.573101
6.564763
6.556244
6.547549
6.538684
6.529652
6.520459
6.511108
6.501603
6.491950
6.482152
6.472212
6.462135
6.451925
6.441585
6.431119
6.420530
6.409822
6.398998
6.388061
6.377015
6.365863
6.354608
6.343252
6.331799
6.320251
6.308612
6.296883
6.285069
6.273171
6.261191
6.249133
6.236999
6.224792
6.212513
6.200165
6.187750
6.175271
6.162729
6.150128
6.137468
6.124752
6.111983
6.099161
6.086289
6.073369
6.060402
6.047391
6.034338
6.021243
6.008109
5.994937
5.981728
5.968486
5.955210
5.941902
5.928565
5.915198
5.901805
5.888385
5.874940
5.861472
5.847982
5.834470
5.820938
5.807388
5.793819
5.780234
5.766633
5.753017
5.739388
5.725746
5.712091
5.698426
5.684750
5.671065
5.657372
5.643671
5.629962
5.616248
5.602528
5.588803
5.575074
5.561341
5.547606
5.533868
5.520129
5.506389
5.492649
5.478909
5.465169
5.451431
5.437695
5.423961
5.410230
5.396503
5.382779
5.369060
5.355345
5.341636
5.327933
5.314235
5.300545
5.286861
5.273184
5.259516
5.245855
5.232203
5.218560
5.204927
5.191302
5.177688
5.164085
5.150491
5.136909
5.123338
5.109779
5.096231
5.082696
5.069173
5.055663
5.042166
5.028683
5.015212
5.001756
4.988314
4.974886
4.961473
4.948074
4.934691
4.921323
4.907970
4.894634
4.881313
4.868008
4.854719
4.841448
4.828193
4.814954
4.801733
4.788530
4.775343
4.762175
4.749024
4.735892
4.722777
4.709681
4.696603
4.683544
4.670504
4.657483
4.644481
4.631498
4.618534
4.605590
4.592666
4.579761
4.566877
4.554012
4.541168
4.528344
4.515540
4.502757
4.489994
4.477252
4.464531
4.451831
4.439151
4.426493
4.413857
4.401241
4.388647
4.376075
4.363524
4.350994
4.338487
4.326001
4.313537
4.301096
4.288676
4.276279
4.263903
4.251550
4.239220
4.226912
4.214626
4.202363
4.190122
4.177904
4.165709
4.153537
4.141388
4.129261
4.117158
4.105077
4.093020
4.080985
4.068974
4.056986
4.045021
4.033080
4.021162
4.009267
3.997396
3.985548
3.973724
3.961923
3.950145
3.938392
3.926662
3.914955
3.903272
3.891613
3.879978
3.868366
3.856779
3.845215
3.833675
3.822158
3.810666
3.799197
3.787753
3.776332
3.764936
3.753563
3.742214
3.730889
3.719589
3.708312
3.697060
3.685831
3.674626
3.663446
3.652290
3.641157
3.630049
3.618965
3.607905
3.596869
3.585858
3.574870
3.563907
3.552967
3.542052
3.531161
3.520294
3.509451
3.498633
3.487838
3.477068
3.466322
3.455599
3.444901
3.434228
3.423578
3.412952
3.402350
3.391773
3.381220
3.370690
3.360185
3.349704
3.339247
3.328813
3.318404
3.308019
3.297658
3.287321
3.277008
3.266719
3.256454
3.246213
3.235995
3.225802
3.215633
3.205487
3.195365
3.185267
3.175193
3.165143
3.155117
3.145114
3.135135
3.125180
3.115249
3.105341
3.095457
3.085597
3.075761
3.065948
3.056158
3.046392
3.036650
3.026931
3.017236
3.007565
2.997916
2.988292
2.978690
2.969113
2.959558
2.950027
2.940519
2.931035
2.921573
2.912135
2.902721
2.893329
2.883961
2.874616
2.865294
2.855995
2.846719
2.837466
2.828236
2.819029
2.809845
2.800685
2.791547
2.782431
2.773339
2.764270
2.755223
2.746199
2.737198
2.728219
2.719264
2.710330
2.701420
2.692532
2.683667
2.674824
2.666003
2.657205
2.648430
2.639677
2.630946
2.622237
2.613551
2.604887
2.596246
2.587626
2.579029
2.570454
2.561901
2.553370
2.544861
2.536374
2.527909
2.519466
2.511045
2.502645
2.494268
2.485912
2.477578
2.469266
2.460976
2.452707
2.444460
2.436234
2.428030
2.419848
2.411687
2.403547
2.395429
2.387332
2.379257
2.371203
2.363170
2.355158
2.347168
2.339199
2.331251
2.323324
2.315418
2.307533
2.299669
2.291826
2.284004
2.276202
2.268422
2.260662
2.252924
2.245206
2.237508
2.229831
2.222175
2.214540
2.206925
2.199330
2.191756
2.184203
2.176670
2.169157
2.161664
2.154192
2.146740
2.139308
2.131897
2.124505
2.117134
2.109783
2.102452
2.095140
2.087849
2.080578
2.073326
2.066094
2.058882
2.051690
2.044518
2.037365
2.030232
2.023118
2.016024
2.008950
2.001895
1.994860
1.987844
1.980847
1.973870
1.966912
1.959973
1.953053
1.946153
1.939272
1.932410
1.925567
1.918743
1.911938
1.905152
1.898385
1.891636
1.884907
1.878196
1.871505
1.864832
1.858177
1.851541
1.844924
1.838326
1.831746
1.825184
1.818641
1.812117
1.805611
1.799123
1.792653
1.786202
1.779769
1.773354
1.766957
1.760579
1.754218
1.747876
1.741552
1.735245
1.728957
1.722686
1.716433
1.710198
1.703981
1.697782
1.691600
1.685436
1.679290
1.673161
1.667049
1.660956
1.654879
1.648821
1.642779
1.636755
1.630748
1.624759
1.618787
1.612832
1.606894
1.600973
1.595070
1.589183
1.583314
1.577461
1.571626
1.565807
1.560006
1.554221
1.548453
1.542701
1.536967
1.531249
1.525548
1.519863
1.514195
1.508544
1.502909
1.497290
1.491688
1.486103
1.480533
1.474980
1.469444
1.463923
1.458419
1.452931
1.447459
1.442004
1.436564
1.431140
1.425733
1.420341
1.414965
1.409605
1.404261
1.398933
1.393621
1.388324
1.383043
1.377778
1.372528
1.367294
1.362076
1.356873
1.351685
1.346513
1.341357
1.336215
1.331090
1.325979
1.320884
1.315804
1.310739
1.305689
1.300655
1.295636
1.290631
1.285642
1.280668
1.275709
1.270764
1.265835
1.260920
1.256020
1.251135
1.246265
1.241410
1.236569
1.231743
1.226931
1.222134
1.217352
1.212584
1.207831
1.203092
1.198367
1.193657
1.188961
1.184280
1.179612
1.174959
1.170321
1.165696
1.161086
1.156489
1.151907
1.147339
1.142785
1.138244
1.133718
1.129206
1.124707
1.120222
1.115752
1.111295
1.106851
1.102422
1.098006
1.093603
1.089215
1.084839
1.080478
1.076130
1.071795
1.067474
1.063166
1.058872
1.054591
1.050323
1.046069
1.041828
1.037600
1.033385
1.029184
1.024995
1.020820
1.016658
1.012509
1.008372
1.004249
1.000139
0.996041
0.991957
0.987885
0.983826
0.979780
0.975746
0.971726
0.967718
0.963722
0.959740
0.955770
0.951812
0.947867
0.943935
0.940015
0.936107
0.932212
0.928329
0.924459
0.920600
0.916754
0.912921
0.909099
0.905290
0.901493
0.897708
0.893936
0.890175
0.886426
0.882690
0.878965
0.875252
0.871551
0.867862
0.864185
0.860520
0.856867
0.853225
0.849595
0.845977
0.842371
0.838776
0.835193
0.831621
0.828061
0.824513
0.820976
0.817451
0.813937
0.810434
0.806943
0.803463
0.799995
0.796538
0.793092
0.789658
0.786234
0.782822
0.779421
0.776032
0.772653
0.769285
0.765929
0.762583
0.759249
0.755926
0.752613
0.749311
0.746021
0.742741
0.739472
0.736214
0.732966
0.729730
0.726504
0.723289
0.720084
0.716890
0.713707
0.710534
0.707372
0.704221
0.701080
0.697949
0.694829
0.691720
0.688621
0.685532
0.682454
0.679385
0.676328
0.673280
0.670243
0.667216
0.664199
0.661192
0.658196
0.655209
0.652233
0.649267
0.646311
0.643365
0.640429
0.637502
0.634586
0.631680
0.628783
0.625897
0.623020
0.620153
0.617296
0.614449
0.611611
0.608783
0.605965
0.603156
0.600357
0.597568
0.594788
0.592018
0.589257
0.586506
0.583765
0.581033
0.578310
0.575597
0.572893
0.570198
0.567513
0.564837
0.562171
0.559513
0.556865
0.554227
0.551597
0.548977
0.546365
0.543763
0.541170
0.538586
0.536011
0.533445
0.530889
0.528341
0.525802
0.523272
0.520751
0.518239
0.515735
0.513241
0.510755
0.508278
0.505810
0.503351
0.500900
0.498458
0.496025
0.493601
0.491185
0.488777
0.486379
0.483989
0.481607
0.479234
0.476869
0.474513
0.472165
0.469826
0.467495
0.465173
0.462859
0.460553
0.458256
0.455967
0.453686
0.451413
0.449149
0.446893
0.444645
0.442405
0.440174
0.437950
0.435735
0.433527
0.431328
0.429137
0.426954
0.424779
0.422611
0.420452
0.418301
0.416157
0.414022
0.411894
0.409774
0.407662
0.405558
0.403461
0.401372
0.399291
0.397218
0.395152
0.393095
0.391044
0.389002
0.386967
0.384939
0.382919
0.380907
0.378902
0.376905
0.374915
0.372932
0.370957
0.368990
0.367030
0.365077
0.363131
0.361193
0.359263
0.357339
0.355423
0.353514
0.351612
0.349718
0.347830
0.345950
0.344077
0.342212
0.340353
0.338501
0.336657
0.334819
0.332989
0.331165
0.329349
0.327539
0.325737
0.323941
0.322152
0.320371
0.318596
0.316828
0.315066
0.313312
0.311564
0.309823
0.308089
0.306362
0.304641
0.302927
0.301220
0.299520
0.297826
0.296138
0.294458
0.292783
0.291116
0.289455
0.287800
0.286152
0.284511
0.282876
0.281247
0.279625
0.278009
0.276399
0.274796
0.273200
0.271609
0.270025
0.268448
0.266876
0.265311
0.263752
0.262199
0.260653
0.259112
0.257578
0.256050
0.254528
0.253012
0.251502
0.249999
0.248501
0.247009
0.245524
0.244044
0.242571
0.241103
0.239641
0.238185
0.236735
0.235291
0.233853
0.232421
0.230995
0.229574
0.228159
0.226750
0.225347
0.223949
0.222557
0.221171
0.219791
0.218416
0.217047
0.215683
0.214325
0.212973
0.211626
0.210285
0.208949
0.207619
0.206295
0.204976
0.203662
0.202354
0.201051
0.199754
0.198462
0.197175
0.195894
0.194619
0.193348
0.192083
0.190823
0.189569
0.188319
0.187075
0.185837
0.184603
0.183375
0.182151
0.180933
0.179720
0.178513
0.177310
0.176112
0.174920
0.173732
0.172550
0.171373
0.170200
0.169033
0.167871
0.166713
0.165561
0.164413
0.163270
0.162133
0.161000
0.159872
0.158749
0.157630
0.156517
0.155408
0.154304
0.153205
0.152110
0.151020
0.149935
0.148855
0.147779
0.146708
0.145642
0.144580
0.143523
0.142470
0.141423
0.140379
0.139340
0.138306
0.137276
0.136251
0.135230
0.134214
0.133202
0.132194
0.131191
0.130193
0.129199
0.128209
0.127223
0.126242
0.125265
0.124293
0.123324
0.122361
0.121401
0.120445
0.119494
0.118547
0.117604
0.116666
0.115732
0.114801
0.113875
0.112953
0.112035
0.111122
0.110212
0.109306
0.108405
0.107507
0.106614
0.105724
0.104839
0.103957
0.103079
0.102206
0.101336
0.100470
0.099608
0.098750
0.097896
0.097046
0.096200
0.095357
0.094518
0.093683
0.092852
0.092025
0.091201
0.090381
0.089565
0.088753
0.087944
0.087139
0.086338
0.085540
0.084746
0.083955
0.083168
0.082385
0.081606
0.080829
0.080057
0.079288
0.078523
0.077761
0.077002
0.076247
0.075496
0.074748
0.074004
0.073263
0.072525
0.071791
0.071060
0.070332
0.069608
0.068888
0.068170
0.067456
0.066746
0.066038
0.065334
0.064633
0.063936
0.063241
0.062550
0.061862
0.061178
0.060496
0.059818
0.059143
0.058471
0.057802
0.057137
0.056474
0.055815
0.055159
0.054505
0.053855
0.053208
0.052564
0.051923
0.051285
0.050650
0.050018
0.049390
0.048764
0.048141
0.047521
0.046903
0.046289
0.045678
0.045070
0.044464
0.043862
0.043262
0.042665
0.042071
0.041480
0.040891
0.040306
0.039723
0.039143
0.038566
0.037992
0.037420
0.036851
0.036285
0.035721
0.035160
0.034602
0.034047
0.033494
0.032944
0.032397
0.031852
0.031310
0.030770
0.030233
0.029699
0.029167
0.028638
0.028111
0.027587
0.027066
0.026546
0.026030
0.025516
0.025004
0.024495
0.023989
0.023485
0.022983
0.022484
0.021987
0.021493
0.021001
0.020512
0.020024
0.019540
0.019057
0.018577
0.018100
0.017624
0.017151
0.016681
0.016212
0.015746
0.015283
0.014821
0.014362
0.013905
0.013450
0.012998
0.012548
0.012100
0.011654
0.011210
0.010769
0.010330
0.009893
0.009458
0.009025
0.008595
0.008166
0.007740
0.007316
0.006894
0.006474
0.006056
0.005640
0.005227
0.004815
0.004405
0.003998
0.003592
0.003189
0.002787
0.002388
0.001990
0.001595
0.001201
0.000810
0.000420
0.000033
-0.000353
-0.000737
-0.001118
-0.001498
-0.001876
-0.002252
-0.002626
-0.002998
-0.003369
-0.003737
-0.004104
-0.004469
-0.004832
-0.005193
-0.005552
-0.005909
-0.006265
-0.006619
-0.006971
-0.007321
-0.007669
-0.008016
-0.008361
-0.008704
-0.009045
-0.009385
-0.009723
-0.010059
-0.010394
-0.010726
-0.011057
-0.011387
-0.011714
-0.012040
-0.012365
-0.012687
-0.013008
-0.013328
-0.013645
-0.013961
-0.014276
-0.014589
-0.014900
-0.015209
-0.015517
-0.015824
-0.016128
-0.016432
-0.016733
-0.017033
-0.017332
-0.017629
-0.017924
-0.018218
-0.018511
-0.018801
-0.019091
-0.019379
-0.019665
-0.019950
-0.020233
-0.020515
-0.020795
-0.021074
-0.021352
-0.021628
-0.021902
-0.022175
-0.022447
-0.022717
-0.022986
-0.023253
-0.023519
-0.023784
-0.024047
-0.024309
-0.024569
-0.024829
-0.025086
-0.025343
-0.025598
-0.025851
-0.026103
-0.026354
-0.026604
-0.026852
-0.027099
-0.027345
-0.027589
-0.027832
-0.028074
-0.028314
-0.028553
-0.028791
-0.029028
-0.029263
-0.029497
-0.029730
-0.029962
-0.030192
-0.030421
-0.030649
-0.030875
-0.031101
-0.031325
-0.031548
-0.031770
-0.031990
-0.032210
-0.032428
-0.032645
-0.032861
-0.033075
-0.033289
-0.033501
-0.033712
-0.033922
-0.034131
-0.034339
-0.034546
-0.034751
-0.034955
-0.035159
-0.035361
-0.035562
-0.035762
-0.035961
-0.036158
-0.036355
-0.036550
-0.036745
-0.036938
-0.037131
-0.037322
-0.037512
-0.037701
-0.037889
-0.038077
-0.038263
-0.038448
-0.038632
-0.038814
-0.038996
-0.039177
-0.039357
-0.039536
-0.039714
-0.039891
-0.040067
-0.040242
-0.040416
-0.040589
-0.040761
-0.040932
-0.041102
-0.041271
-0.041439
-0.041606
-0.041773
-0.041938
-0.042102
-0.042266
-0.042428
-0.042590
-0.042751
-0.042910
-0.043069
-0.043227
-0.043384
-0.043540
-0.043696
-0.043850
-0.044004
-0.044156
-0.044308
-0.044459
-0.044609
-0.044758
-0.044906
-0.045054
-0.045200
-0.045346
-0.045491
-0.045635
-0.045778
-0.045920
-0.046062
-0.046203
-0.046343
-0.046482
-0.046620
-0.046757
-0.046894
-0.047030
-0.047165
-0.047299
-0.047433
-0.047566
-0.047697
-0.047829
-0.047959
-0.048089
-0.048217
-0.048345
-0.048473
-0.048599
-0.048725
-0.048850
-0.048974
-0.049098
-0.049221
-0.049343
-0.049464
-0.049585
-0.049705
-0.049824
-0.049943
-0.050060
-0.050177
-0.050294
-0.050409
-0.050524
-0.050638
-0.050752
-0.050865
-0.050977
-0.051089
-0.051199
-0.051309
-0.051419
-0.051528
-0.051636
-0.051743
-0.051850
-0.051956
-0.052062
-0.052167
-0.052271
-0.052374
-0.052477
-0.052579
-0.052681
-0.052782
-0.052882
-0.052982
-0.053081
-0.053180
-0.053278
-0.053375
-0.053472
-0.053568
-0.053663
-0.053758
-0.053852
-0.053946
-0.054039
-0.054131
-0.054223
-0.054314
-0.054405
-0.054495
-0.054585
-0.054674
-0.054762
-0.054850
-0.054937
-0.055024
-0.055110
-0.055196
-0.055281
-0.055365
-0.055449
-0.055532
-0.055615
-0.055698
-0.055779
-0.055861
-0.055941
-0.056022
-0.056101
-0.056180
-0.056259
-0.056337
-0.056414
-0.056492
-0.056568
-0.056644
-0.056720
-0.056795
-0.056869
-0.056943
-0.057017
-0.057090
-0.057162
-0.057234
-0.057306
-0.057377
-0.057447
-0.057517
-0.057587
-0.057656
-0.057725
-0.057793
-0.057861
-0.057928
-0.057995
-0.058061
-0.058127
-0.058192
-0.058257
-0.058322
-0.058386
-0.058450
-0.058513
-0.058576
-0.058638
-0.058700
-0.058761
-0.058822
-0.058883
-0.058943
-0.059002
-0.059062
-0.059121
-0.059179
-0.059237
-0.059295
-0.059352
-0.059408
-0.059465
-0.059521
-0.059576
-0.059631
-0.059686
-0.059740
-0.059794
-0.059848
-0.059901
-0.059954
-0.060006
-0.060058
-0.060110
-0.060161
-0.060212
-0.060262
-0.060312
-0.060362
-0.060411
-0.060460
-0.060509
-0.060557
-0.060605
-0.060652
-0.060699
-0.060746
-0.060792
-0.060838
-0.060884
-0.060929
-0.060974
-0.061019
-0.061063
-0.061107
-0.061150
-0.061194
-0.061237
-0.061279
-0.061321
-0.061363
-0.061405
-0.061446
-0.061487
-0.061527
-0.061567
-0.061607
-0.061647
-0.061686
-0.061725
-0.061764
-0.061802
-0.061840
-0.061877
-0.061915
-0.061952
-0.061988
-0.062025
-0.062061
-0.062097
-0.062132
-0.062167
-0.062202
-0.062237
-0.062271
-0.062305
-0.062339
-0.062372
-0.062406
-0.062438
-0.062471
-0.062503
-0.062535
-0.062567
-0.062598
-0.062629
-0.062660
-0.062691
-0.062721
-0.062751
-0.062781
-0.062810
-0.062840
-0.062869
-0.062897
-0.062926
-0.062954
-0.062982
-0.063009
-0.063037
-0.063064
-0.063091
-0.063117
-0.063144
-0.063170
-0.063196
-0.063221
-0.063247
-0.063272
-0.063297
-0.063321
-0.063346
-0.063370
-0.063394
-0.063417
-0.063441
-0.063464
-0.063487
-0.063510
-0.063532
-0.063554
-0.063576
-0.063598
-0.063620
-0.063641
-0.063662
-0.063683
-0.063704
-0.063724
-0.063744
-0.063765
-0.063784
-0.063804
-0.063823
-0.063842
-0.063861
-0.063880
-0.063899
-0.063917
-0.063935
-0.063953
-0.063971
-0.063988
-0.064005
-0.064022
-0.064039
-0.064056
-0.064072
-0.064089
-0.064105
-0.064121
-0.064136
-0.064152
-0.064167
-0.064182
-0.064197
-0.064212
-0.064227
-0.064241
-0.064255
-0.064269
-0.064283
-0.064297
-0.064310
-0.064323
-0.064337
-0.064349
-0.064362
-0.064375
-0.064387
-0.064399
-0.064411
-0.064423
-0.064435
-0.064447
-0.064458
-0.064469
-0.064480
-0.064491
-0.064502
-0.064512
-0.064523
-0.064533
-0.064543
-0.064553
-0.064562
-0.064572
-0.064581
-0.064591
-0.064600
-0.064609
-0.064618
-0.064626
-0.064635
-0.064643
-0.064651
-0.064659
-0.064667
-0.064675
-0.064683
-0.064690
-0.064697
-0.064705
-0.064712
-0.064718
-0.064725
-0.064732
-0.064738
-0.064745
-0.064751
-0.064757
-0.064763
-0.064769
-0.064774
-0.064780
-0.064785
-0.064790
-0.064795
-0.064800
-0.064805
-0.064810
-0.064815
-0.064819
-0.064824
-0.064828
-0.064832
-0.064836
-0.064840
-0.064843
-0.064847
-0.064851
-0.064854
-0.064857
-0.064860
-0.064863
-0.064866
-0.064869
-0.064872
-0.064874
-0.064877
-0.064879
-0.064881
-0.064883
-0.064885
-0.064887
-0.064889
-0.064891
-0.064892
-0.064894
-0.064895
-0.064896
-0.064898
-0.064899
-0.064899
-0.064900
-0.064901
-0.064902
-0.064902
-0.064903
-0.064903
-0.064903
-0.064903
-0.064903
-0.064903
-0.064903
-0.064903
-0.064903
-0.064902
-0.064902
-0.064901
-0.064900
-0.064899
-0.064898
-0.064897
-0.064896
-0.064895
-0.064894
-0.064893
-0.064891
-0.064890
-0.064888
-0.064886
-0.064885
-0.064883
-0.064881
-0.064879
-0.064877
-0.064874
-0.064872
-0.064870
-0.064867
-0.064865
-0.064862
-0.064859
-0.064857
-0.064854
-0.064851
-0.064848
-0.064845
-0.064842
-0.064839
-0.064835
-0.064832
-0.064829
-0.064825
-0.064821
-0.064818
-0.064814
-0.064810
-0.064806
-0.064803
-0.064799
-0.064794
-0.064790
-0.064786
-0.064782
-0.064778
-0.064773
-0.064769
-0.064764
-0.064760
-0.064755
-0.064750
-0.064745
-0.064741
-0.064736
-0.064731
-0.064726
-0.064721
-0.064716
-0.064710
-0.064705
-0.064700
-0.064694
-0.064689
-0.064683
-0.064678
-0.064672
-0.064667
-0.064661
-0.064655
-0.064649
-0.064643
-0.064638
-0.064632
-0.064626
-0.064619
-0.064613
-0.064607
-0.064601
-0.064595
-0.064588
-0.064582
-0.064576
-0.064569
-0.064563
-0.064556
-0.064549
-0.064543
-0.064536
-0.064529
-0.064522
-0.064516
-0.064509
-0.064502
-0.064495
-0.064488
-0.064481
-0.064473
-0.064466
-0.064459
-0.064452
-0.064445
-0.064437
-0.064430
-0.064423
-0.064415
-0.064408
-0.064400
-0.064393
-0.064385
-0.064377
-0.064370
-0.064362
-0.064354
-0.064346
-0.064339
-0.064331
-0.064323
-0.064315
-0.064307
-0.064299
-0.064291
-0.064283
-0.064275
-0.064267
-0.064259
-0.064250
-0.064242
-0.064234
-0.064226
-0.064217
-0.064209
-0.064201
-0.064192
-0.064184
-0.064175
-0.064167
-0.064158
-0.064150
-0.064141
-0.064133
-0.064124
-0.064115
-0.064107
-0.064098
-0.064089
-0.064081
-0.064072
-0.064063
-0.064054
-0.064045
-0.064036
-0.064027
-0.064019
-0.064010
-0.064001
-0.063992
-0.063983
-0.063974
-0.063964
-0.063955
-0.063946
-0.063937
-0.063928
-0.063919
-0.063910
-0.063900
-0.063891
-0.063882
-0.063873
-0.063863
-0.063854
-0.063845
-0.063835
-0.063826
-0.063817
-0.063807
-0.063798
-0.063789
-0.063779
-0.063770
-0.063760
-0.063751
-0.063741
-0.063732
-0.063722
-0.063713
-0.063703
-0.063693
-0.063684
-0.063674
-0.063665
-0.063655
-0.063645
-0.063636
-0.063626
-0.063616
-0.063607
-0.063597
-0.063587
-0.063577
-0.063568
-0.063558
-0.063548
-0.063538
-0.063529
-0.063519
-0.063509
-0.063499
-0.063489
-0.063480
-0.063470
-0.063460
-0.063450
-0.063440
-0.063430
-0.063420
-0.063411
-0.063401
-0.063391
-0.063381
-0.063371
-0.063361
-0.063351
-0.063341
-0.063331
-0.063321
-0.063311
-0.063301
-0.063291
-0.063281
-0.063271
-0.063261
-0.063251
-0.063241
-0.063231
-0.063221
-0.063211
-0.063201
-0.063191
-0.063181
-0.063171
-0.063161
-0.063151
-0.063141
-0.063131
-0.063121
-0.063111
-0.063101
-0.063091
-0.063081
-0.063071
-0.063061
-0.063051
-0.063041
-0.063031
-0.063021
-0.063011
-0.063001
-0.062991
-0.062981
-0.062971
-0.062961
-0.062951
-0.062941
-0.062931
-0.062920
-0.062910
-0.062900
-0.062890
-0.062880
-0.062870
-0.062860
-0.062850
-0.062840
-0.062830
-0.062820
-0.062810
-0.062800
-0.062790
-0.062780
-0.062770
-0.062760
-0.062750
-0.062740
-0.062730
-0.062720
-0.062710
-0.062700
-0.062690
-0.062680
-0.062670
-0.062660
-0.062650
-0.062640
-0.062630
-0.062620
-0.062610
-0.062601
-0.062591
-0.062581
-0.062571
-0.062561
-0.062551
-0.062541
-0.062531
-0.062521
-0.062511
-0.062501
-0.062492
-0.062482
-0.062472
-0.062462
-0.062452
-0.062442
-0.062433
-0.062423
-0.062413
-0.062403
-0.062393
-0.062383
-0.062374
-0.062364
-0.062354
-0.062344
-0.062335
-0.062325
-0.062315
-0.062305
-0.062296
-0.062286
-0.062276
-0.062267
-0.062257
-0.062247
-0.062238
-0.062228
-0.062218
-0.062209
-0.062199
-0.062189
-0.062180
-0.062170
-0.062161
-0.062151
-0.062142
-0.062132
-0.062122
-0.062113
-0.062103
-0.062094
-0.062084
-0.062075
-0.062065
-0.062056
-0.062047
-0.062037
-0.062028
-0.062018
-0.062009
-0.061999
-0.061990
-0.061981
-0.061971
-0.061962
-0.061953
-0.061943
-0.061934
-0.061925
-0.061915
-0.061906
-0.061897
-0.061888
-0.061878
-0.061869
-0.061860
-0.061851
-0.061842
-0.061832
-0.061823
-0.061814
-0.061805
-0.061796
-0.061787
-0.061778
-0.061768
-0.061759
-0.061750
-0.061741
-0.061732
-0.061723
-0.061714
-0.061705
-0.061696
-0.061687
-0.061678
-0.061669
-0.061660
-0.061652
-0.061643
-0.061634
-0.061625
-0.061616
-0.061607
-0.061598
-0.061590
-0.061581
-0.061572
-0.061563
-0.061554
-0.061546
-0.061537
-0.061528
-0.061520
-0.061511
-0.061502
-0.061494
-0.061485
-0.061476
-0.061468
-0.061459
-0.061451
-0.061442
-0.061434
-0.061425
-0.061417
-0.061408
-0.061400
-0.061391
-0.061383
-0.061374
-0.061366
-0.061357
-0.061349
-0.061341
-0.061332
-0.061324
-0.061316
-0.061307
-0.061299
-0.061291
-0.061282
-0.061274
-0.061266
-0.061258
-0.061250
-0.061241
-0.061233
-0.061225
-0.061217
-0.061209
-0.061201
-0.061193
-0.061185
-0.061177
-0.061169
-0.061161
-0.061153
-0.061145
-0.061137
-0.061129
-0.061121
-0.061113
-0.061105
-0.061097
-0.061089
-0.061081
-0.061074
-0.061066
-0.061058
-0.061050
-0.061042
-0.061035
-0.061027
-0.061019
-0.061012
-0.061004
-0.060996
-0.060989
-0.060981
-0.060973
-0.060966
-0.060958
-0.060951
-0.060943
-0.060936
-0.060928
-0.060921
-0.060913
-0.060906
-0.060898
-0.060891
-0.060883
-0.060876
-0.060869
-0.060861
-0.060854
-0.060847
-0.060839
-0.060832
-0.060825
-0.060818
-0.060810
-0.060803
-0.060796
-0.060789
-0.060782
-0.060775
-0.060767
-0.060760
-0.060753
-0.060746
-0.060739
-0.060732
-0.060725
-0.060718
-0.060711
-0.060704
-0.060697
-0.060690
-0.060683
-0.060677
-0.060670
-0.060663
-0.060656
-0.060649
-0.060642
-0.060636
-0.060629
-0.060622
-0.060615
-0.060609
-0.060602
-0.060595
-0.060589
-0.060582
-0.060575
-0.060569
-0.060562
-0.060556
-0.060549
-0.060543
-0.060536
-0.060530
-0.060523
-0.060517
-0.060510
-0.060504
-0.060497
-0.060491
-0.060485
-0.060478
-0.060472
-0.060466
-0.060459
-0.060453
-0.060447
-0.060441
-0.060434
-0.060428
-0.060422
-0.060416
-0.060410
-0.060404
-0.060397
-0.060391
-0.060385
-0.060379
-0.060373
-0.060367
-0.060361
-0.060355
-0.060349
-0.060343
-0.060337
-0.060331
-0.060326
-0.060320
-0.060314
-0.060308
-0.060302
-0.060296
-0.060291
-0.060285
-0.060279
-0.060273
-0.060268
-0.060262
-0.060256
-0.060251
-0.060245
-0.060239
-0.060234
-0.060228
-0.060223
-0.060217
-0.060211
-0.060206
-0.060200
-0.060195
-0.060190
-0.060184
-0.060179
-0.060173
-0.060168
-0.060162
-0.060157
-0.060152
-0.060146
-0.060141
-0.060136
-0.060131
-0.060125
-0.060120
-0.060115
-0.060110
-0.060105
-0.060099
-0.060094
-0.060089
-0.060084
-0.060079
-0.060074
-0.060069
-0.060064
-0.060059
-0.060054
-0.060049
-0.060044
-0.060039
-0.060034
-0.060029
-0.060024
-0.060019
-0.060014
-0.060010
-0.060005
-0.060000
-0.059995
-0.059990
-0.059986
-0.059981
-0.059976
-0.059972
-0.059967
-0.059962
-0.059958
-0.059953
-0.059948
-0.059944
-0.059939
-0.059935
-0.059930
-0.059926
-0.059921
-0.059917
-0.059912
-0.059908
-0.059903
-0.059899
-0.059894
-0.059890
-0.059886
-0.059881
-0.059877
-0.059873
-0.059868
-0.059864
-0.059860
-0.059856
-0.059851
-0.059847
-0.059843
-0.059839
-0.059835
-0.059830
-0.059826
-0.059822
-0.059818
-0.059814
-0.059810
-0.059806
-0.059802
-0.059798
-0.059794
-0.059790
-0.059786
-0.059782
-0.059778
-0.059774
-0.059770
-0.059766
-0.059763
-0.059759
-0.059755
-0.059751
-0.059747
-0.059744
-0.059740
-0.059736
-0.059732
-0.059729
-0.059725
-0.059721
-0.059718
-0.059714
-0.059710
-0.059707
-0.059703
-0.059700
-0.059696
-0.059692
-0.059689
-0.059685
-0.059682
-0.059678
-0.059675
-0.059672
-0.059668
-0.059665
-0.059661
-0.059658
-0.059655
-0.059651
-0.059648
-0.059645
-0.059641
-0.059638
-0.059635
-0.059632
-0.059628
-0.059625
-0.059622
-0.059619
-0.059616
-0.059612
-0.059609
-0.059606
-0.059603
-0.059600
-0.059597
-0.059594
-0.059591
-0.059588
-0.059585
-0.059582
-0.059579
-0.059576
-0.059573
-0.059570
-0.059567
-0.059564
-0.059561
-0.059558
-0.059555
-0.059553
-0.059550
-0.059547
-0.059544
-0.059541
-0.059539
-0.059536
-0.059533
-0.059530
-0.059528
-0.059525
-0.059522
-0.059520
-0.059517
-0.059514
-0.059512
-0.059509
-0.059507
-0.059504
-0.059502
-0.059499
-0.059497
-0.059494
-0.059492
-0.059489
-0.059487
-0.059484
-0.059482
-0.059479
-0.059477
-0.059475
-0.059472
-0.059470
-0.059467
-0.059465
-0.059463
-0.059461
-0.059458
-0.059456
-0.059454
-0.059452
-0.059449
-0.059447
-0.059445
-0.059443
-0.059441
-0.059438
-0.059436
-0.059434
-0.059432
-0.059430
-0.059428
-0.059426
-0.059424
-0.059422
-0.059420
-0.059418
-0.059416
-0.059414
-0.059412
-0.059410
-0.059408
-0.059406
-0.059404
-0.059402
-0.059400
-0.059398
-0.059397
-0.059395
-0.059393
-0.059391
-0.059389
-0.059387
-0.059386
-0.059384
-0.059382
-0.059381
-0.059379
-0.059377
-0.059375
-0.059374
-0.059372
-0.059370
-0.059369
-0.059367
-0.059366
-0.059364
-0.059362
-0.059361
-0.059359
-0.059358
-0.059356
-0.059355
-0.059353
-0.059352
-0.059350
-0.059349
-0.059347
-0.059346
-0.059344
-0.059343
-0.059342
-0.059340
-0.059339
-0.059338
-0.059336
-0.059335
-0.059334
-0.059332
-0.059331
-0.059330
-0.059328
-0.059327
-0.059326
-0.059325
-0.059324
-0.059322
-0.059321
-0.059320
-0.059319
-0.059318
-0.059317
-0.059315
-0.059314
-0.059313
-0.059312
-0.059311
-0.059310
-0.059309
-0.059308
-0.059307
-0.059306
-0.059305
-0.059304
-0.059303
-0.059302
-0.059301
-0.059300
-0.059299
-0.059298
-0.059297
-0.059296
-0.059296
-0.059295
-0.059294
-0.059293
-0.059292
-0.059291
-0.059291
-0.059290
-0.059289
-0.059288
-0.059287
-0.059287
-0.059286
-0.059285
-0.059285
-0.059284
-0.059283
-0.059283
-0.059282
-0.059281
-0.059281
-0.059280
-0.059279
-0.059279
-0.059278
-0.059278
-0.059277
-0.059276
-0.059276
-0.059275
-0.059275
-0.059274
-0.059274
-0.059273
-0.059273
-0.059272
-0.059272
-0.059271
-0.059271
-0.059271
-0.059270
-0.059270
-0.059269
-0.059269
-0.059269
-0.059268
-0.059268
-0.059268
-0.059267
-0.059267
-0.059267
-0.059266
-0.059266
-0.059266
-0.059266
-0.059265
-0.059265
-0.059265
-0.059265
-0.059264
-0.059264
-0.059264
-0.059264
-0.059264
-0.059264
-0.059263
-0.059263
-0.059263
-0.059263
-0.059263
-0.059263
-0.059263
-0.059263
-0.059263
-0.059263
-0.059263
-0.059263
-0.059263
-0.059263
-0.059263
-0.059263
-0.059263
-0.059263
-0.059263
-0.059263
-0.059263
-0.059263
-0.059263
-0.059263
-0.059263
-0.059263
-0.059263
-0.059264
-0.059264
-0.059264
-0.059264
-0.059264
-0.059264
-0.059265
-0.059265
-0.059265
-0.059265
-0.059265
-0.059266
-0.059266
-0.059266
-0.059266
-0.059267
-0.059267
-0.059267
-0.059268
-0.059268
-0.059268
-0.059269
-0.059269
-0.059269
-0.059270
-0.059270
-0.059270
-0.059271
-0.059271
-0.059272
-0.059272
-0.059272
-0.059273
-0.059273
-0.059274
-0.059274
-0.059275
-0.059275
-0.059276
-0.059276
-0.059277
-0.059277
-0.059278
-0.059278
-0.059279
-0.059279
-0.059280
-0.059281
-0.059281
-0.059282
-0.059282
-0.059283
-0.059284
-0.059284
-0.059285
-0.059285
-0.059286
-0.059287
-0.059287
-0.059288
-0.059289
-0.059290
-0.059290
-0.059291
-0.059292
-0.059292
-0.059293
-0.059294
-0.059295
-0.059295
-0.059296
-0.059297
-0.059298
-0.059299
-0.059299
-0.059300
-0.059301
-0.059302
-0.059303
-0.059303
-0.059304
-0.059305
-0.059306
-0.059307
-0.059308
-0.059309
-0.059310
-0.059311

