0.000000
0.000000
-0.000025
-0.000051
-0.000077
-0.000102
-0.000127
-0.000152
-0.000176
-0.000200
-0.000224
-0.000247
-0.000270
-0.000292
-0.000315
-0.000337
-0.000358
-0.000380
-0.000401
-0.000422
-0.000443
-0.000464
-0.000485
-0.000505
-0.000526
-0.000546
-0.000566
-0.000586
-0.000606
-0.000626
-0.000646
-0.000666
-0.000686
-0.000706
-0.000726
-0.000745
-0.000765
-0.000785
-0.000804
-0.000824
-0.000843
-0.000863
-0.000882
-0.000902
-0.000921
-0.000941
-0.000960
-0.000979
-0.000999
-0.001018
-0.001038
-0.001057
-0.001077
-0.001096
-0.001115
-0.001135
-0.001154
-0.001174
-0.001193
-0.001212
-0.001232
-0.001251
-0.001271
-0.001290
-0.001310
-0.001329
-0.001349
-0.001368
-0.001388
-0.001407
-0.001427
-0.001446
-0.001466
-0.001486
-0.001505
-0.001525
-0.001544
-0.001564
-0.001584
-0.001603
-0.001623
-0.001643
-0.001663
-0.001682
-0.001702
-0.001722
-0.001742
-0.001762
-0.001782
-0.001801
-0.001821
-0.001841
-0.001861
-0.001881
-0.001901
-0.001921
-0.001941
-0.001961
-0.001981
-0.002001
-0.002022
-0.002042
-0.002062
-0.002082
-0.002102
-0.002122
-0.002143
-0.002163
-0.002183
-0.002203
-0.002224
-0.002244
-0.002265
-0.002285
-0.002305
-0.002326
-0.002346
-0.002367
-0.002387
-0.002408
-0.002428
-0.002449
-0.002469
-0.002490
-0.002511
-0.002531
-0.002552
-0.002572
-0.002593
-0.002614
-0.002635
-0.002655
-0.002676
-0.002697
-0.002718
-0.002739
-0.002759
-0.002780
-0.002801
-0.002822
-0.002843
-0.002864
-0.002885
-0.002906
-0.002927
-0.002948
-0.002969
-0.002990
-0.003011
-0.003032
-0.003053
-0.003075
-0.003096
-0.003117
-0.003138
-0.003159
-0.003181
-0.003202
-0.003223
-0.003244
-0.003266
-0.003287
-0.003308
-0.003330
-0.003351
-0.003372
-0.003394
-0.003415
-0.003437
-0.003458
-0.003480
-0.003501
-0.003523
-0.003544
-0.003566
-0.003587
-0.003609
-0.003630
-0.003652
-0.003674
-0.003695
-0.003717
-0.003738
-0.003760
-0.003782
-0.003803
-0.003825
-0.003847
-0.003869
-0.003890
-0.003912
-0.003934
-0.003956
-0.003978
-0.003999
-0.004021
-0.004043
-0.004065
-0.004087
-0.004109
-0.004131
-0.004152
-0.004174
-0.004196
-0.004218
-0.004240
-0.004262
-0.004284
-0.004306
-0.004328
-0.004350
-0.004372
-0.004394
-0.004416
-0.004438
-0.004460
-0.004482
-0.004505
-0.004527
-0.004549
-0.004571
-0.004593
-0.004615
-0.004637
-0.004660
-0.004682
-0.004704
-0.004726
-0.004748
-0.004771
-0.004793
-0.004815
-0.004837
-0.004860
-0.004882
-0.004904
-0.004926
-0.004949
-0.004971
-0.004993
-0.005016
-0.005038
-0.005060
-0.005083
-0.005105
-0.005127
-0.005150
-0.005172
-0.005194
-0.005217
-0.005239
-0.005262
-0.005284
-0.005306
-0.005329
-0.005351
-0.005374
-0.005396
-0.005419
-0.005441
-0.005464
-0.005486
-0.005509
-0.005531
-0.005554
-0.005576
-0.005599
-0.005621
-0.005644
-0.005666
-0.005689
-0.005711
-0.005734
-0.005756
-0.005779
-0.005801
-0.005824
-0.005847
-0.005869
-0.005892
-0.005914
-0.005937
-0.005960
-0.005982
-0.006005
-0.006027
-0.006050
-0.006073
-0.006095
-0.006118
-0.006141
-0.006163
-0.006186
-0.006209
-0.006231
-0.006254
-0.006277
-0.006299
-0.006322
-0.006345
-0.006367
-0.006390
-0.006413
-0.006435
-0.006458
-0.006481
-0.006503
-0.006526
-0.006549
-0.006572
-0.006594
-0.006617
-0.006640
-0.006662
-0.006685
-0.006708
-0.006731
-0.006753
-0.006776
-0.006799
-0.006822
-0.006844
-0.006867
-0.006890
-0.006913
-0.006935
-0.006958
-0.006981
-0.007004
-0.007026
-0.007049
-0.007072
-0.007095
-0.007117
-0.007140
-0.007163
-0.007186
-0.007208
-0.007231
-0.007254
-0.007277
-0.007300
-0.007322
-0.007345
-0.007368
-0.007391
-0.007414
-0.007436
-0.007459
-0.007482
-0.007505
-0.007527
-0.007550
-0.007573
-0.007596
-0.007619
-0.007641
-0.007664
-0.007687
-0.007710
-0.007733
-0.007755
-0.007778
-0.007801
-0.007824
-0.007847
-0.007869
-0.007892
-0.007915
-0.007938
-0.007960
-0.007983
-0.008006
-0.008029
-0.008052
-0.008074
-0.008097
-0.008120
-0.008143
-0.008166
-0.008188
-0.008211
-0.008234
-0.008257
-0.008279
-0.008302
-0.008325
-0.008348
-0.008371
-0.008393
-0.008416
-0.008439
-0.008462
-0.008484
-0.008507
-0.008530
-0.008553
-0.008575
-0.008598
-0.008621
-0.008644
-0.008666
-0.008689
-0.008712
-0.008735
-0.008757
-0.008780
-0.008803
-0.008826
-0.008848
-0.008871
-0.008894
-0.008917
-0.008939
-0.008962
-0.008985
-0.009008
-0.009030
-0.009053
-0.009076
-0.009098
-0.009121
-0.009144
-0.009167
-0.009189
-0.009212
-0.009235
-0.009257
-0.009280
-0.009303
-0.009325
-0.009348
-0.009371
-0.009393
-0.009416
-0.009439
-0.009461
-0.009484
-0.009507
-0.009529
-0.009552
-0.009575
-0.009597
-0.009620
-0.009643
-0.009665
-0.009688
-0.009710
-0.009733
-0.009756
-0.009778
-0.009801
-0.009824
-0.009846
-0.009869
-0.009891
-0.009914
-0.009937
-0.009959
-0.009982
-0.010004
-0.010027
-0.010049
-0.010072
-0.010095
-0.010117
-0.010140
-0.010162
-0.010185
-0.010207
-0.010230
-0.010252
-0.010275
-0.010297
-0.010320
-0.010342
-0.010365
-0.010387
-0.010410
-0.010432
-0.010455
-0.010477
-0.010500
-0.010522
-0.010545
-0.010567
-0.010590
-0.010612
-0.010635
-0.010657
-0.010680
-0.010702
-0.010724
-0.010747
-0.010769
-0.010792
-0.010814
-0.010837
-0.010859
-0.010881
-0.010904
-0.010926
0.639417
1.559442
2.605616
3.249058
3.703519
4.034744
4.279894
4.462120
4.596570
4.693625
4.755736
4.791539
4.806449
4.804495
4.788815
4.761909
4.725808
4.682189
4.632437
4.577712
4.518994
4.457115
4.392769
4.326546
4.258948
4.190412
4.121288
4.051882
3.982463
3.913240
4.447783
5.243386
6.162515
6.715147
7.088935
7.346627
7.523667
7.641998
7.715988
7.755433
7.761846
7.743802
7.706638
7.654283
7.589762
7.515479
7.433370
7.345008
7.251716
7.154593
7.054550
6.952367
6.848691
6.744078
6.638976
6.533813
6.428884
6.324500
6.220866
6.118207
6.591847
7.325760
8.184470
8.700834
9.043111
9.272508
9.423511
9.517527
9.568507
9.585982
9.570933
9.531876
9.474151
9.401682
9.317474
9.223900
9.122865
9.015952
8.904435
8.789418
8.671787
8.552329
8.431682
8.310380
8.188899
8.067624
7.946870
7.826928
7.708024
7.590338
8.028914
8.729411
9.557246
10.061239
10.393809
10.614778
10.758182
10.845066
10.889169
10.899870
10.877811
10.831467
10.766239
10.686106
10.594085
10.492589
10.383534
10.268533
10.148869
10.025681
9.899881
9.772244
9.643428
9.513991
9.384424
9.255099
9.126377
8.998526
8.871759
8.746307
9.160575
9.839189
10.647860
11.148883
11.480266
11.700784
11.844020
11.930754
11.974515
11.984599
11.961383
11.913293
11.845819
11.762989
11.667893
11.562962
11.450212
11.331224
11.207404
11.079866
10.949571
10.817328
10.683806
10.549634
10.415243
10.281073
10.147468
10.014725
9.883077
9.752728
10.147474
10.809152
11.603728
12.105394
12.439208
12.662782
12.809204
12.898953
12.945384
12.957680
12.935976
12.888628
12.821223
12.737830
12.641635
12.535146
12.420383
12.299067
12.172601
12.042169
11.908764
11.773250
11.636336
11.498634
11.360651
11.222799
11.085475
10.948958
10.813488
10.679298
11.056832
11.703705
12.486550
12.990330
13.328408
13.557038
13.708731
13.803594
13.854704
13.871100
13.852657
13.807629
13.741678
13.658966
13.562740
13.455572
13.339620
13.216611
13.088060
12.955191
12.819075
12.680637
12.540577
12.399565
12.258184
12.116830
11.975892
11.835722
11.696556
11.558620
11.422131
11.287212
11.153988
11.022569
10.893059
10.765479
10.639899
10.516367
10.394882
10.275491
10.158168
10.042951
9.929809
9.818749
9.709762
9.602802
9.497878
9.394961
9.294021
9.195022
9.097970
9.002802
8.909511
8.818056
8.728405
8.640524
8.554386
8.469971
8.387223
8.306127
8.226637
8.148728
8.072375
7.997532
7.924175
7.852278
7.781793
7.712702
7.644975
7.578576
7.513481
7.449661
7.387076
7.325711
7.265540
7.206525
7.148636
7.091860
7.036170
6.981530
6.927921
6.875326
6.823710
6.773051
6.723327
6.674525
6.626613
6.579569
6.533371
6.488004
6.443451
6.399685
6.356687
6.314437
6.272928
6.232133
6.192034
6.152613
6.113854
6.075745
6.038271
6.001409
5.965147
5.929470
5.894365
5.859821
5.825819
5.792347
5.759390
5.726937
5.694974
5.663494
5.632485
5.601931
5.571819
5.542141
5.512886
5.484044
5.455607
5.427566
5.399906
5.372620
5.345699
5.319132
5.292911
5.267031
5.241485
5.216262
5.191353
5.166750
5.142446
5.118435
5.094709
5.071262
5.048088
5.025184
5.002539
4.980147
4.958000
4.936095
4.914426
4.892987
4.871772
4.850778
4.830002
4.809438
4.789078
4.768919
4.748954
4.729180
4.709593
4.690188
4.670963
4.651913
4.633035
4.614327
4.595783
4.577400
4.559172
4.541097
4.523171
4.505393
4.487757
4.470262
4.452905
4.435683
4.418595
4.401639
4.384810
4.368105
4.351522
4.335057
4.318709
4.302475
4.286353
4.270341
4.254437
4.238640
4.222947
4.207357
4.191870
4.176482
4.161190
4.145994
4.130890
4.115877
4.100953
4.086117
4.071367
4.056703
4.042123
4.027625
4.013208
3.998872
3.984616
3.970438
3.956337
3.942310
3.928357
3.914476
3.900665
3.886924
3.873251
3.859647
3.846109
3.832638
3.819231
3.805890
3.792612
3.779397
3.766246
3.753157
3.740127
3.727157
3.714245
3.701390
3.688592
3.675850
3.663162
3.650529
3.637950
3.625424
3.612951
3.600531
3.588162
3.575845
3.563579
3.551366
3.539202
3.527087
3.515020
3.503001
3.491029
3.479104
3.467225
3.455391
3.443602
3.431858
3.420159
3.408503
3.396891
3.385323
3.373798
3.362316
3.350877
3.339482
3.328129
3.316817
3.305546
3.294315
3.283124
3.271973
3.260861
3.249788
3.238754
3.227757
3.216799
3.205879
3.194996
3.184151
3.173343
3.162572
3.151838
3.141142
3.130483
3.119860
3.109274
3.098724
3.088208
3.077728
3.067282
3.056871
3.046494
3.036151
3.025842
3.015566
3.005323
2.995114
2.984938
2.974795
2.964684
2.954607
2.944562
2.934550
2.924571
2.914625
2.904712
2.894830
2.884980
2.875162
2.865374
2.855618
2.845892
2.836197
2.826533
2.816898
2.807294
2.797719
2.788175
2.778660
2.769175
2.759719
2.750293
2.740896
2.731529
2.722191
2.712883
2.703605
2.694356
2.685136
2.675945
2.666783
2.657648
2.648542
2.639464
2.630414
2.621392
2.612397
2.603429
2.594489
2.585576
2.576690
2.567832
2.559000
2.550195
2.541417
2.532666
2.523942
2.515244
2.506574
2.497930
2.489314
2.480725
2.472162
2.463625
2.455114
2.446630
2.438171
2.429738
2.421330
2.412948
2.404591
2.396260
2.387953
2.379672
2.371415
2.363184
2.354977
2.346795
2.338638
2.330505
2.322397
2.314314
2.306255
2.298221
2.290212
2.282227
2.274267
2.266332
2.258421
2.250534
2.242672
2.234833
2.227017
2.219226
2.211458
2.203713
2.195992
2.188294
2.180620
2.172968
2.165339
2.157734
2.150151
2.142591
2.135054
2.127540
2.120048
2.112579
2.105132
2.097709
2.090307
2.082929
2.075573
2.068239
2.060929
2.053641
2.046376
2.039132
2.031911
2.024712
2.017535
2.010379
2.003245
1.996133
1.989042
1.981973
1.974925
1.967899
1.960894
1.953910
1.946947
1.940005
1.933084
1.926184
1.919305
1.912447
1.905610
1.898793
1.891997
1.885222
1.878468
1.871734
1.865021
1.858328
1.851657
1.845007
1.838377
1.831767
1.825178
1.818609
1.812060
1.805532
1.799023
1.792534
1.786065
1.779616
1.773187
1.766777
1.760386
1.754016
1.747664
1.741332
1.735020
1.728727
1.722453
1.716198
1.709962
1.703746
1.697548
1.691370
1.685210
1.679070
1.672948
1.666845
1.660761
1.654696
1.648650
1.642622
1.636614
1.630625
1.624654
1.618702
1.612769
1.606854
1.600957
1.595079
1.589219
1.583377
1.577553
1.571747
1.565959
1.560189
1.554437
1.548703
1.542987
1.537288
1.531607
1.525944
1.520298
1.514670
1.509059
1.503466
1.497890
1.492332
1.486791
1.481267
1.475760
1.470271
1.464798
1.459343
1.453904
1.448483
1.443079
1.437692
1.432322
1.426969
1.421633
1.416315
1.411013
1.405728
1.400460
1.395209
1.389974
1.384756
1.379554
1.374369
1.369200
1.364047
1.358911
1.353791
1.348687
1.343599
1.338527
1.333472
1.328432
1.323409
1.318401
1.313409
1.308433
1.303473
1.298529
1.293600
1.288687
1.283790
1.278908
1.274042
1.269191
1.264356
1.259537
1.254732
1.249943
1.245170
1.240411
1.235668
1.230940
1.226228
1.221531
1.216849
1.212182
1.207530
1.202894
1.198273
1.193667
1.189076
1.184500
1.179939
1.175392
1.170861
1.166344
1.161841
1.157354
1.152881
1.148422
1.143978
1.139549
1.135134
1.130733
1.126346
1.121974
1.117617
1.113273
1.108944
1.104629
1.100327
1.096041
1.091768
1.087509
1.083264
1.079033
1.074816
1.070613
1.066423
1.062248
1.058086
1.053938
1.049804
1.045683
1.041576
1.037483
1.033403
1.029337
1.025284
1.021245
1.017219
1.013207
1.009208
1.005222
1.001250
0.997291
0.993346
0.989414
0.985496
0.981590
0.977698
0.973819
0.969953
0.966101
0.962261
0.958434
0.954620
0.950819
0.947031
0.943256
0.939493
0.935744
0.932007
0.928282
0.924571
0.920872
0.917185
0.913511
0.909850
0.906201
0.902565
0.898941
0.895329
0.891730
0.888143
0.884568
0.881006
0.877456
0.873918
0.870393
0.866879
0.863378
0.859889
0.856412
0.852946
0.849493
0.846052
0.842623
0.839206
0.835800
0.832407
0.829025
0.825655
0.822297
0.818950
0.815616
0.812293
0.808981
0.805682
0.802394
0.799117
0.795852
0.792598
0.789357
0.786126
0.782907
0.779700
0.776504
0.773320
0.770147
0.766985
0.763835
0.760696
0.757568
0.754451
0.751346
0.748251
0.745168
0.742096
0.739035
0.735985
0.732945
0.729917
0.726900
0.723894
0.720898
0.717913
0.714940
0.711976
0.709024
0.706083
0.703152
0.700231
0.697322
0.694423
0.691535
0.688657
0.685789
0.682933
0.680086
0.677251
0.674425
0.671610
0.668806
0.666011
0.663228
0.660454
0.657691
0.654938
0.652195
0.649462
0.646739
0.644027
0.641325
0.638633
0.635950
0.633278
0.630616
0.627964
0.625322
0.622690
0.620068
0.617455
0.614853
0.612260
0.609677
0.607104
0.604541
0.601987
0.599443
0.596909
0.594384
0.591869
0.589364
0.586868
0.584382
0.581905
0.579438
0.576980
0.574532
0.572093
0.569664
0.567244
0.564834
0.562433
0.560041
0.557659
0.555285
0.552922
0.550567
0.548222
0.545886
0.543559
0.541241
0.538932
0.536632
0.534341
0.532059
0.529787
0.527523
0.525268
0.523022
0.520785
0.518557
0.516337
0.514127
0.511925
0.509732
0.507547
0.505372
0.503205
0.501047
0.498897
0.496756
0.494624
0.492500
0.490384
0.488277
0.486179
0.484089
0.482008
0.479935
0.477870
0.475814
0.473766
0.471726
0.469695
0.467672
0.465657
0.463651
0.461652
0.459662
0.457680
0.455706
0.453740
0.451782
0.449833
0.447891
0.445957
0.444032
0.442114
0.440204
0.438302
0.436408
0.434522
0.432644
0.430774
0.428911
0.427056
0.425209
0.423369
0.421538
0.419714
0.417897
0.416088
0.414287
0.412494
0.410708
0.408929
0.407158
0.405394
0.403638
0.401890
0.400148
0.398415
0.396688
0.394969
0.393257
0.391553
0.389855
0.388165
0.386482
0.384807
0.383138
0.381477
0.379823
0.378176
0.376536
0.374903
0.373277
0.371658
0.370046
0.368441
0.366843
0.365252
0.363668
0.362091
0.360520
0.358957
0.357400
0.355850
0.354307
0.352770
0.351240
0.349717
0.348201
0.346691
0.345188
0.343692
0.342202
0.340718
0.339242
0.337771
0.336307
0.334850
0.333399
0.331955
0.330516
0.329085
0.327659
0.326240
0.324827
0.323421
0.322020
0.320626
0.319238
0.317856
0.316481
0.315111
0.313748
0.312391
0.311039
0.309694
0.308355
0.307022
0.305694
0.304373
0.303058
0.301748
0.300444
0.299147
0.297855
0.296568
0.295288
0.294013
0.292744
0.291481
0.290224
0.288972
0.287726
0.286485
0.285250
0.284021
0.282797
0.281579
0.280366
0.279158
0.277957
0.276760
0.275569
0.274384
0.273203
0.272028
0.270859
0.269695
0.268536
0.267382
0.266234
0.265090
0.263952
0.262819
0.261692
0.260569
0.259452
0.258339
0.257232
0.256130
0.255032
0.253940
0.252853
0.251771
0.250693
0.249621
0.248553
0.247490
0.246433
0.245379
0.244331
0.243288
0.242249
0.241215
0.240186
0.239161
0.238142
0.237126
0.236116
0.235110
0.234108
0.233112
0.232119
0.231132
0.230149
0.229170
0.228196
0.227226
0.226260
0.225299
0.224343
0.223391
0.222443
0.221499
0.220560
0.219625
0.218694
0.217768
0.216845
0.215927
0.215013
0.214104
0.213198
0.212297
0.211399
0.210506
0.209617
0.208731
0.207850
0.206973
0.206100
0.205231
0.204365
0.203504
0.202647
0.201793
0.200943
0.200097
0.199255
0.198417
0.197582
0.196752
0.195925
0.195102
0.194282
0.193466
0.192654
0.191846
0.191041
0.190239
0.189442
0.188648
0.187857
0.187070
0.186287
0.185507
0.184730
0.183957
0.183188
0.182422
0.181659
0.180900
0.180144
0.179391
0.178642
0.177896
0.177154
0.176414
0.175678
0.174946
0.174216
0.173490
0.172767
0.172047
0.171330
0.170616
0.169906
0.169199
0.168494
0.167793
0.167095
0.166400
0.165708
0.165019
0.164333
0.163650
0.162970
0.162293
0.161619
0.160948
0.160280
0.159614
0.158952
0.158292
0.157635
0.156981
0.156330
0.155682
0.155036
0.154393
0.153753
0.153116
0.152481
0.151849
0.151220
0.150593
0.149969
0.149348
0.148729
0.148113
0.147500
0.146889
0.146281
0.145675
0.145072
0.144471
0.143873
0.143278
0.142684
0.142094
0.141506
0.140920
0.140336
0.139755
0.139177
0.138601
0.138027
0.137456
0.136887
0.136320
0.135755
0.135193
0.134634
0.134076
0.133521
0.132968
0.132417
0.131869
0.131323
0.130779
0.130237
0.129697
0.129160
0.128624
0.128091
0.127560
0.127031
0.126504
0.125980
0.125457
0.124936
0.124418
0.123901
0.123387
0.122874
0.122364
0.121856
0.121349
0.120845
0.120342
0.119842
0.119343
0.118847
0.118352
0.117859
0.117368
0.116879
0.116392
0.115907
0.115424
0.114942
0.114463
0.113985
0.113509
0.113034
0.112562
0.112091
0.111622
0.111155
0.110690
0.110226
0.109764
0.109304
0.108846
0.108389
0.107934
0.107481
0.107029
0.106579
0.106131
0.105684
0.105239
0.104796
0.104354
0.103914
0.103475
0.103038
0.102603
0.102169
0.101737
0.101306
0.100877
0.100450
0.100024
0.099599
0.099176
0.098755
0.098335
0.097917
0.097500
0.097084
0.096670
0.096258
0.095846
0.095437
0.095029
0.094622
0.094217
0.093813
0.093410
0.093009
0.092609
0.092211
0.091814
0.091418
0.091024
0.090631
0.090240
0.089850
0.089461
0.089073
0.088687
0.088302
0.087919
0.087536
0.087155
0.086776
0.086397
0.086020
0.085644
0.085270
0.084896
0.084524
0.084153
0.083784
0.083415
0.083048
0.082682
0.082318
0.081954
0.081592
0.081231
0.080871
0.080512
0.080154
0.079798
0.079443
0.079089
0.078736
0.078384
0.078033
0.077684
0.077335
0.076988
0.076642
0.076297
0.075953
0.075610
0.075268
0.074928
0.074588
0.074249
0.073912
0.073576
0.073240
0.072906
0.072573
0.072241
0.071910
0.071580
0.071251
0.070923
0.070596
0.070270
0.069945
0.069622
0.069299
0.068977
0.068656
0.068336
0.068017
0.067699
0.067382
0.067067
0.066752
0.066438
0.066125
0.065812
0.065501
0.065191
0.064882
0.064574
0.064266
0.063960
0.063655
0.063350
0.063046
0.062744
0.062442
0.062141
0.061841
0.061542
0.061244
0.060946
0.060650
0.060355
0.060060
0.059766
0.059473
0.059181
0.058890
0.058600
0.058311
0.058022
0.057734
0.057448
0.057162
0.056876
0.056592
0.056309
0.056026
0.055744
0.055463
0.055183
0.054904
0.054625
0.054348
0.054071
0.053795
0.053519
0.053245
0.052971
0.052698
0.052426
0.052155
0.051885
0.051615
0.051346
0.051078
0.050810
0.050544
0.050278
0.050013
0.049749
0.049485
0.049222
0.048960
0.048699
0.048438
0.048179
0.047920
0.047661
0.047404
0.047147
0.046891
0.046635
0.046381
0.046127
0.045874
0.045621
0.045369
0.045118
0.044868
0.044618
0.044369
0.044121
0.043874
0.043627
0.043381
0.043135
0.042891
0.042647
0.042403
0.042161
0.041919
0.041677
0.041437
0.041197
0.040958
0.040719
0.040481
0.040244
0.040007
0.039771
0.039536
0.039302
0.039068
0.038834
0.038602
0.038370
0.038138
0.037908
0.037678
0.037448
0.037219
0.036991
0.036764
0.036537
0.036311
0.036085
0.035860
0.035636
0.035412
0.035189
0.034966
0.034744
0.034523
0.034303
0.034083
0.033863
0.033644
0.033426
0.033208
0.032991
0.032775
0.032559
0.032344
0.032129
0.031915
0.031702
0.031489
0.031277
0.031065
0.030854
0.030644
0.030434
0.030224
0.030016
0.029808
0.029600
0.029393
0.029186
0.028981
0.028775
0.028570
0.028366
0.028163
0.027959
0.027757
0.027555
0.027354
0.027153
0.026952
0.026753
0.026553
0.026355
0.026157
0.025959
0.025762
0.025566
0.025370
0.025174
0.024979
0.024785
0.024591
0.024398
0.024205
0.024013
0.023821
0.023630
0.023440
0.023250
0.023060
0.022871
0.022682
0.022494
0.022307
0.022120
0.021933
0.021747
0.021562
0.021377
0.021193
0.021009
0.020825
0.020642
0.020460
0.020278
0.020096
0.019915
0.019735
0.019555
0.019376
0.019197
0.019018
0.018840
0.018663
0.018486
0.018309
0.018133
0.017958
0.017783
0.017608
0.017434
0.017260
0.017087
0.016914
0.016742
0.016570
0.016399
0.016228
0.016058
0.015888
0.015719
0.015550
0.015381
0.015213
0.015046
0.014879
0.014712
0.014546
0.014380
0.014215
0.014050
0.013886
0.013722
0.013558
0.013395
0.013233
0.013071
0.012909
0.012748
0.012587
0.012427
0.012267
0.012107
0.011948
0.011790
0.011632
0.011474
0.011317
0.011160
0.011003
0.010847
0.010692
0.010537
0.010382
0.010228
0.010074
0.009920
0.009767
0.009615
0.009463
0.009311
0.009160
0.009009
0.008858
0.008708
0.008558
0.008409
0.008260
0.008112
0.007964
0.007816
0.007669
0.007522
0.007376
0.007230
0.007084
0.006939
0.006794
0.006650
0.006506
0.006362
0.006219
0.006076
0.005934
0.005792
0.005650
0.005509
0.005368
0.005228
0.005087
0.004948
0.004808
0.004670
0.004531
0.004393
0.004255
0.004118
0.003981
0.003844
0.003708
0.003572
0.003436
0.003301
0.003167
0.003032
0.002898
0.002765
0.002631
0.002498
0.002366
0.002234
0.002102
0.001970
0.001839
0.001709
0.001578
0.001448
0.001319
0.001189
0.001061
0.000932
0.000804
0.000676
0.000548
0.000421
0.000295
0.000168
0.000042
-0.000084
-0.000209
-0.000334
-0.000459
-0.000583
-0.000707
-0.000831
-0.000954
-0.001077
-0.001200
-0.001322
-0.001444
-0.001565
-0.001687
-0.001808
-0.001928
-0.002048
-0.002168
-0.002288
-0.002407
-0.002526
-0.002645
-0.002763
-0.002881
-0.002998
-0.003116
-0.003233
-0.003349
-0.003466
-0.003582
-0.003697
-0.003812
-0.003927
-0.004042
-0.004157
-0.004271
-0.004384
-0.004498
-0.004611
-0.004724
-0.004836
-0.004948
-0.005060
-0.005172
-0.005283
-0.005394
-0.005504
-0.005615
-0.005724
-0.005834
-0.005944
-0.006053
-0.006161
-0.006270
-0.006378
-0.006486
-0.006593
-0.006701
-0.006807
-0.006914
-0.007020
-0.007127
-0.007232
-0.007338
-0.007443
-0.007548
-0.007652
-0.007757
-0.007861
-0.007964
-0.008068
-0.008171
-0.008274
-0.008376
-0.008478
-0.008580
-0.008682
-0.008783
-0.008885
-0.008985
-0.009086
-0.009186
-0.009286
-0.009386
-0.009485
-0.009584
-0.009683
-0.009782
-0.009880
-0.009978
-0.010076
-0.010174
-0.010271
-0.010368
-0.010464
-0.010561
-0.010657
-0.010753
-0.010848
-0.010944
-0.011039
-0.011133
-0.011228
-0.011322
-0.011416
-0.011510
-0.011603
-0.011697
-0.011790
-0.011882
-0.011975
-0.012067
-0.012159
-0.012250
-0.012342
-0.012433
-0.012524
-0.012614
-0.012705
-0.012795
-0.012885
-0.012974
-0.013064
-0.013153
-0.013242
-0.013330
-0.013419
-0.013507
-0.013595
-0.013682
-0.013769
-0.013857
-0.013943
-0.014030
-0.014116
-0.014203
-0.014288
-0.014374
-0.014460
-0.014545
-0.014630
-0.014714
-0.014799
-0.014883
-0.014967
-0.015051
-0.015134
-0.015218
-0.015301
-0.015383
-0.015466
-0.015548
-0.015630
-0.015712
-0.015794
-0.015875
-0.015957
-0.016037
-0.016118
-0.016199
-0.016279
-0.016359
-0.016439
-0.016518
-0.016598
-0.016677
-0.016756
-0.016835
-0.016913
-0.016991
-0.017069
-0.017147
-0.017225
-0.017302
-0.017379
-0.017456
-0.017533
-0.017610
-0.017686
-0.017762
-0.017838
-0.017914
-0.017989
-0.018064
-0.018139
-0.018214
-0.018289
-0.018363
-0.018437
-0.018511
-0.018585
-0.018659
-0.018732
-0.018805
-0.018878
-0.018951
-0.019023
-0.019096
-0.019168
-0.019240
-0.019311
-0.019383
-0.019454
-0.019525
-0.019596
-0.019667
-0.019737
-0.019808
-0.019878
-0.019948
-0.020017
-0.020087
-0.020156
-0.020225
-0.020294
-0.020363
-0.020432
-0.020500
-0.020568
-0.020636
-0.020704
-0.020771
-0.020839
-0.020906
-0.020973
-0.021040
-0.021106
-0.021173
-0.021239
-0.021305
-0.021371
-0.021437
-0.021502
-0.021568
-0.021633
-0.021698
-0.021763
-0.021827
-0.021892
-0.021956
-0.022020
-0.022084
-0.022148
-0.022211
-0.022274
-0.022338
-0.022401
-0.022463
-0.022526
-0.022589
-0.022651
-0.022713
-0.022775
-0.022837
-0.022898
-0.022960
-0.023021
-0.023082
-0.023143
-0.023204
-0.023264
-0.023324
-0.023385
-0.023445
-0.023505
-0.023564
-0.023624
-0.023683
-0.023742
-0.023801
-0.023860
-0.023919
-0.023978
-0.024036
-0.024094
-0.024152
-0.024210
-0.024268
-0.024325
-0.024383
-0.024440
-0.024497
-0.024554
-0.024611
-0.024667
-0.024724
-0.024780
-0.024836
-0.024892
-0.024948
-0.025004
-0.025059
-0.025115
-0.025170
-0.025225
-0.025280
-0.025334
-0.025389
-0.025443
-0.025498
-0.025552
-0.025606
-0.025660
-0.025713
-0.025767
-0.025820
-0.025873
-0.025926
-0.025979
-0.026032
-0.026085
-0.026137
-0.026190
-0.026242
-0.026294
-0.026346
-0.026397
-0.026449
-0.026501
-0.026552
-0.026603
-0.026654
-0.026705
-0.026756
-0.026806
-0.026857
-0.026907
-0.026957
-0.027007
-0.027057
-0.027107
-0.027157
-0.027206
-0.027255
-0.027305
-0.027354
-0.027403
-0.027451
-0.027500
-0.027549
-0.027597
-0.027645
-0.027693
-0.027741
-0.027789
-0.027837
-0.027885
-0.027932
-0.027979
-0.028027
-0.028074
-0.028121
-0.028167
-0.028214
-0.028261
-0.028307
-0.028353
-0.028399
-0.028445
-0.028491
-0.028537
-0.028583
-0.028628
-0.028674
-0.028719
-0.028764
-0.028809
-0.028854
-0.028899
-0.028943
-0.028988
-0.029032
-0.029077
-0.029121
-0.029165
-0.029209
-0.029252
-0.029296
-0.029340
-0.029383
-0.029426
-0.029470
-0.029513
-0.029556
-0.029598
-0.029641
-0.029684
-0.029726
-0.029769
-0.029811
-0.029853
-0.029895
-0.029937
-0.029979
-0.030020
-0.030062
-0.030103
-0.030144
-0.030186
-0.030227
-0.030268
-0.030309
-0.030349
-0.030390
-0.030431
-0.030471
-0.030511
-0.030551
-0.030592
-0.030632
-0.030671
-0.030711
-0.030751
-0.030790
-0.030830
-0.030869
-0.030908
-0.030947
-0.030986
-0.031025
-0.031064
-0.031103
-0.031141
-0.031180
-0.031218
-0.031256
-0.031295
-0.031333
-0.031371
-0.031408
-0.031446
-0.031484
-0.031521
-0.031559
-0.031596
-0.031633
-0.031670
-0.031707
-0.031744
-0.031781
-0.031818
-0.031854
-0.031891
-0.031927
-0.031964
-0.032000
-0.032036
-0.032072
-0.032108
-0.032144
-0.032180
-0.032215
-0.032251
-0.032286
-0.032322
-0.032357
-0.032392
-0.032427
-0.032462
-0.032497
-0.032532
-0.032566
-0.032601
-0.032635
-0.032670
-0.032704
-0.032738
-0.032772
-0.032806
-0.032840
-0.032874
-0.032908
-0.032942
-0.032975
-0.033009
-0.033042
-0.033075
-0.033109
-0.033142
-0.033175
-0.033208
-0.033241
-0.033273
-0.033306
-0.033339
-0.033371
-0.033403
-0.033436
-0.033468
-0.033500
-0.033532
-0.033564
-0.033596
-0.033628
-0.033660
-0.033691
-0.033723
-0.033754
-0.033786
-0.033817
-0.033848
-0.033879
-0.033910
-0.033941
-0.033972
-0.034003
-0.034034
-0.034064
-0.034095
-0.034126
-0.034156
-0.034186
-0.034216
-0.034247
-0.034277
-0.034307
-0.034337
-0.034366
-0.034396
-0.034426
-0.034455
-0.034485
-0.034514
-0.034544
-0.034573
-0.034602
-0.034631
-0.034660
-0.034689
-0.034718
-0.034747
-0.034776
-0.034805
-0.034833
-0.034862
-0.034890
-0.034918
-0.034947
-0.034975
-0.035003
-0.035031
-0.035059
-0.035087
-0.035115
-0.035143
-0.035170
-0.035198
-0.035226
-0.035253
-0.035281
-0.035308
-0.035335
-0.035362
-0.035389
-0.035417
-0.035444
-0.035470
-0.035497
-0.035524
-0.035551
-0.035577
-0.035604
-0.035630
-0.035657
-0.035683
-0.035710
-0.035736
-0.035762
-0.035788
-0.035814
-0.035840
-0.035866
-0.035892
-0.035917
-0.035943
-0.035969
-0.035994
-0.036020
-0.036045
-0.036070
-0.036096
-0.036121
-0.036146
-0.036171
-0.036196
-0.036221
-0.036246
-0.036271
-0.036296
-0.036320
-0.036345
-0.036370
-0.036394
-0.036418
-0.036443
-0.036467
-0.036491
-0.036516
-0.036540
-0.036564
-0.036588
-0.036612
-0.036636
-0.036659
-0.036683
-0.036707
-0.036731
-0.036754
-0.036778
-0.036801
-0.036825
-0.036848
-0.036871
-0.036894
-0.036918
-0.036941
-0.036964
-0.036987
-0.037010
-0.037032
-0.037055
-0.037078
-0.037101
-0.037123
-0.037146
-0.037168
-0.037191
-0.037213
-0.037236
-0.037258
-0.037280
-0.037302
-0.037325
-0.037347
-0.037369
-0.037391
-0.037412
-0.037434
-0.037456
-0.037478
-0.037500
-0.037521
-0.037543
-0.037564
-0.037586
-0.037607
-0.037628
-0.037650
-0.037671
-0.037692
-0.037713
-0.037734
-0.037756
-0.037777
-0.037797
-0.037818
-0.037839
-0.037860
-0.037881
-0.037901
-0.037922
-0.037943
-0.037963
-0.037984
-0.038004
-0.038024
-0.038045
-0.038065
-0.038085
-0.038105
-0.038125
-0.038145
-0.038165
-0.038185
-0.038205
-0.038225
-0.038245
-0.038265
-0.038285
-0.038304
-0.038324
-0.038343
-0.038363
-0.038382
-0.038402
-0.038421
-0.038441
-0.038460
-0.038479
-0.038498
-0.038517
-0.038537
-0.038556
-0.038575
-0.038594
-0.038613
-0.038631
-0.038650
-0.038669
-0.038688
-0.038706
-0.038725
-0.038744
-0.038762
-0.038781
-0.038799
-0.038818
-0.038836
-0.038854
-0.038873
-0.038891
-0.038909
-0.038927
-0.038945
-0.038963
-0.038981
-0.038999
-0.039017
-0.039035
-0.039053
-0.039071
-0.039089
-0.039106
-0.039124
-0.039142
-0.039159
-0.039177
-0.039194
-0.039212
-0.039229
-0.039247
-0.039264
-0.039281
-0.039298
-0.039316
-0.039333
-0.039350
-0.039367
-0.039384
-0.039401
-0.039418
-0.039435
-0.039452
-0.039469
-0.039486
-0.039502
-0.039519
-0.039536
-0.039552
-0.039569
-0.039586
-0.039602
-0.039619
-0.039635
-0.039652
-0.039668
-0.039684
-0.039701
-0.039717
-0.039733
-0.039749
-0.039765
-0.039782
-0.039798
-0.039814
-0.039830
-0.039846
-0.039862
-0.039877
-0.039893
-0.039909
-0.039925
-0.039941
-0.039956
-0.039972
-0.039988
-0.040003
-0.040019
-0.040034
-0.040050
-0.040065
-0.040081
-0.040096
-0.040111
-0.040127
-0.040142
-0.040157
-0.040172
-0.040188
-0.040203
-0.040218
-0.040233
-0.040248
-0.040263
-0.040278
-0.040293
-0.040308
-0.040323
-0.040337
-0.040352
-0.040367
-0.040382
-0.040396
-0.040411
-0.040426
-0.040440
-0.040455
-0.040469
-0.040484
-0.040498
-0.040513
-0.040527
-0.040542
-0.040556
-0.040570
-0.040584
-0.040599
-0.040613
-0.040627
-0.040641
-0.040655
-0.040669
-0.040683
-0.040697
-0.040711
-0.040725
-0.040739
-0.040753
-0.040767
-0.040781
-0.040795
-0.040808
-0.040822
-0.040836
-0.040850
-0.040863
-0.040877
-0.040890
-0.040904
-0.040917
-0.040931
-0.040944
-0.040958
-0.040971
-0.040985
-0.040998
-0.041011
-0.041025
-0.041038
-0.041051
-0.041064
-0.041077
-0.041091
-0.041104
-0.041117
-0.041130
-0.041143
-0.041156
-0.041169
-0.041182
-0.041195
-0.041208
-0.041221
-0.041233
-0.041246
-0.041259
-0.041272
-0.041284
-0.041297
-0.041310
-0.041322
-0.041335
-0.041348
-0.041360
-0.041373
-0.041385
-0.041398
-0.041410
-0.041423
-0.041435
-0.041447
-0.041460
-0.041472
-0.041484
-0.041497
-0.041509
-0.041521
-0.041533
-0.041545
-0.041557
-0.041570
-0.041582
-0.041594
-0.041606
-0.041618
-0.041630
-0.041642
-0.041654
-0.041666
-0.041677
-0.041689
-0.041701
-0.041713
-0.041725
-0.041737
-0.041748
-0.041760
-0.041772
-0.041783
-0.041795
-0.041807
-0.041818
-0.041830
-0.041841
-0.041853
-0.041864
-0.041876
-0.041887
-0.041899
-0.041910
-0.041921
-0.041933
-0.041944
-0.041955
-0.041967
-0.041978
-0.041989
-0.042000
-0.042012
-0.042023
-0.042034
-0.042045
-0.042056
-0.042067
-0.042078
-0.042089
-0.042100
-0.042111
-0.042122
-0.042133
-0.042144
-0.042155
-0.042166
-0.042177
-0.042187
-0.042198
-0.042209
-0.042220
-0.042231
-0.042241
-0.042252
-0.042263
-0.042273
-0.042284
-0.042295
-0.042305
-0.042316
-0.042326
-0.042337
-0.042347
-0.042358
-0.042368
-0.042379
-0.042389
-0.042400
-0.042410
-0.042420
-0.042431
-0.042441
-0.042451
-0.042462
-0.042472
-0.042482
-0.042492
-0.042503
-0.042513
-0.042523
-0.042533
-0.042543
-0.042553
-0.042563
-0.042573
-0.042583
-0.042593
-0.042603
-0.042613
-0.042623
-0.042633
-0.042643
-0.042653
-0.042663
-0.042673
-0.042683
-0.042693
-0.042702
-0.042712
-0.042722
-0.042732
-0.042742
-0.042751
-0.042761
-0.042771
-0.042780
-0.042790
-0.042800
-0.042809
-0.042819
-0.042828
-0.042838
-0.042847
-0.042857
-0.042866
-0.042876
-0.042885
-0.042895
-0.042904
-0.042914
-0.042923
-0.042932
-0.042942
-0.042951
-0.042960
-0.042970
-0.042979
-0.042988
-0.042998
-0.043007
-0.043016
-0.043025
-0.043034
-0.043044
-0.043053
-0.043062
-0.043071
-0.043080
-0.043089
-0.043098
-0.043107
-0.043116
-0.043125
-0.043134
-0.043143
-0.043152
-0.043161
-0.043170
-0.043179
-0.043188
-0.043197
-0.043206
-0.043215
-0.043223
-0.043232
-0.043241
-0.043250
-0.043259
-0.043267
-0.043276
-0.043285
-0.043293
-0.043302
-0.043311
-0.043320
-0.043328
-0.043337
-0.043345
-0.043354
-0.043363
-0.043371
-0.043380
-0.043388
-0.043397
-0.043405
-0.043414
-0.043422
-0.043431
-0.043439
-0.043448
-0.043456
-0.043464
-0.043473
-0.043481
-0.043490
-0.043498
-0.043506
-0.043515
-0.043523
-0.043531
-0.043539
-0.043548
-0.043556
-0.043564
-0.043572
-0.043581
-0.043589
-0.043597
-0.043605
-0.043613
-0.043621
-0.043629
-0.043637
-0.043646
-0.043654
-0.043662
-0.043670
-0.043678
-0.043686
-0.043694
-0.043702
-0.043710
-0.043718
-0.043726
-0.043734
-0.043742
-0.043749
-0.043757
-0.043765
-0.043773
-0.043781
-0.043789
-0.043797
-0.043804
-0.043812
-0.043820
-0.043828
-0.043836
-0.043843
-0.043851
-0.043859
-0.043866
-0.043874
-0.043882
-0.043889
-0.043897
-0.043905
-0.043912
-0.043920
-0.043928
-0.043935
-0.043943
-0.043950
-0.043958
-0.043965
-0.043973
-0.043981
-0.043988
-0.043996
-0.044003
-0.044010
-0.044018
-0.044025
-0.044033
-0.044040
-0.044048
-0.044055
-0.044062
-0.044070
-0.044077
-0.044084
-0.044092
-0.044099
-0.044106
-0.044114
-0.044121
-0.044128
-0.044136
-0.044143
-0.044150
-0.044157
-0.044165
-0.044172
-0.044179
-0.044186
-0.044193
-0.044200
-0.044208
-0.044215
-0.044222
-0.044229
-0.044236
-0.044243
-0.044250
-0.044257
-0.044264
-0.044271
-0.044278
-0.044286
-0.044293
-0.044300
-0.044307
-0.044313
-0.044320
-0.044327
-0.044334
-0.044341
-0.044348
-0.044355
-0.044362
-0.044369
-0.044376
-0.044383
-0.044390
-0.044396
-0.044403
-0.044410
-0.044417
-0.044424
-0.044431
-0.044437
-0.044444
-0.044451
-0.044458
-0.044464
-0.044471
-0.044478
-0.044485
-0.044491
-0.044498
-0.044505
-0.044511
-0.044518
-0.044525
-0.044531
-0.044538
-0.044545
-0.044551
-0.044558
-0.044564
-0.044571
-0.044578
-0.044584
-0.044591
-0.044597
-0.044604
-0.044610
-0.044617
-0.044623
-0.044630
-0.044636
-0.044643
-0.044649
-0.044656
-0.044662
-0.044669
-0.044675
-0.044681
-0.044688
-0.044694
-0.044701
-0.044707
-0.044713
-0.044720
-0.044726
-0.044732
-0.044739
-0.044745
-0.044751
-0.044758
-0.044764
-0.044770
-0.044777
-0.044783
-0.044789
-0.044795
-0.044802
-0.044808
-0.044814
-0.044820
-0.044827
-0.044833
-0.044839
-0.044845
-0.044851
-0.044857
-0.044864
-0.044870
-0.044876
-0.044882

