0.000000
0.000000
-0.000025
-0.000051
-0.000077
-0.000102
-0.000127
-0.000152
-0.000176
-0.000200
-0.000224
-0.000247
-0.000270
-0.000292
-0.000315
-0.000337
-0.000358
-0.000380
-0.000401
-0.000422
-0.000443
-0.000464
-0.000485
-0.000505
-0.000526
-0.000546
-0.000566
-0.000586
-0.000606
-0.000626
-0.000646
-0.000666
-0.000686
-0.000706
-0.000726
-0.000745
-0.000765
-0.000785
-0.000804
-0.000824
-0.000843
-0.000863
-0.000882
-0.000902
-0.000921
-0.000941
-0.000960
-0.000979
-0.000999
-0.001018
-0.001038
-0.001057
-0.001077
-0.001096
-0.001115
-0.001135
-0.001154
-0.001174
-0.001193
-0.001212
-0.001232
-0.001251
-0.001271
-0.001290
-0.001310
-0.001329
-0.001349
-0.001368
-0.001388
-0.001407
-0.001427
-0.001446
-0.001466
-0.001486
-0.001505
-0.001525
-0.001544
-0.001564
-0.001584
-0.001603
-0.001623
-0.001643
-0.001663
-0.001682
-0.001702
-0.001722
-0.001742
-0.001762
-0.001782
-0.001801
-0.001821
-0.001841
-0.001861
-0.001881
-0.001901
-0.001921
-0.001941
-0.001961
-0.001981
-0.002001
-0.002022
-0.002042
-0.002062
-0.002082
-0.002102
-0.002122
-0.002143
-0.002163
-0.002183
-0.002203
-0.002224
-0.002244
-0.002265
-0.002285
-0.002305
-0.002326
-0.002346
-0.002367
-0.002387
-0.002408
-0.002428
-0.002449
-0.002469
-0.002490
-0.002511
-0.002531
-0.002552
-0.002572
-0.002593
-0.002614
-0.002635
-0.002655
-0.002676
-0.002697
-0.002718
-0.002739
-0.002759
-0.002780
-0.002801
-0.002822
-0.002843
-0.002864
-0.002885
-0.002906
-0.002927
-0.002948
-0.002969
-0.002990
-0.003011
-0.003032
-0.003053
-0.003075
-0.003096
-0.003117
-0.003138
-0.003159
-0.003181
-0.003202
-0.003223
-0.003244
-0.003266
-0.003287
-0.003308
-0.003330
-0.003351
-0.003372
-0.003394
-0.003415
-0.003437
-0.003458
-0.003480
-0.003501
-0.003523
-0.003544
-0.003566
-0.003587
-0.003609
-0.003630
-0.003652
-0.003674
-0.003695
-0.003717
-0.003738
-0.003760
-0.003782
-0.003803
-0.003825
-0.003847
-0.003869
-0.003890
-0.003912
-0.003934
-0.003956
-0.003978
-0.003999
-0.004021
-0.004043
-0.004065
-0.004087
-0.004109
-0.004131
-0.004152
-0.004174
-0.004196
-0.004218
-0.004240
-0.004262
-0.004284
-0.004306
-0.004328
-0.004350
-0.004372
-0.004394
-0.004416
-0.004438
-0.004460
-0.004482
-0.004505
-0.004527
-0.004549
-0.004571
-0.004593
-0.004615
-0.004637
-0.004660
-0.004682
-0.004704
-0.004726
-0.004748
-0.004771
-0.004793
-0.004815
-0.004837
-0.004860
-0.004882
-0.004904
-0.004926
-0.004949
-0.004971
-0.004993
-0.005016
-0.005038
-0.005060
-0.005083
-0.005105
-0.005127
-0.005150
-0.005172
-0.005194
-0.005217
-0.005239
-0.005262
-0.005284
-0.005306
-0.005329
-0.005351
-0.005374
-0.005396
-0.005419
-0.005441
-0.005464
-0.005486
-0.005509
-0.005531
-0.005554
-0.005576
-0.005599
-0.005621
-0.005644
-0.005666
-0.005689
-0.005711
-0.005734
-0.005756
-0.005779
-0.005801
-0.005824
-0.005847
-0.005869
-0.005892
-0.005914
-0.005937
-0.005960
-0.005982
-0.006005
-0.006027
-0.006050
-0.006073
-0.006095
-0.006118
-0.006141
-0.006163
-0.006186
-0.006209
-0.006231
-0.006254
-0.006277
-0.006299
-0.006322
-0.006345
-0.006367
-0.006390
-0.006413
-0.006435
-0.006458
-0.006481
-0.006503
-0.006526
-0.006549
-0.006572
-0.006594
-0.006617
-0.006640
-0.006662
-0.006685
-0.006708
-0.006731
-0.006753
-0.006776
-0.006799
-0.006822
-0.006844
-0.006867
-0.006890
-0.006913
-0.006935
-0.006958
-0.006981
-0.007004
-0.007026
-0.007049
-0.007072
-0.007095
-0.007117
-0.007140
-0.007163
-0.007186
-0.007208
-0.007231
-0.007254
-0.007277
-0.007300
-0.007322
-0.007345
-0.007368
-0.007391
-0.007414
-0.007436
-0.007459
-0.007482
-0.007505
-0.007527
-0.007550
-0.007573
-0.007596
-0.007619
-0.007641
-0.007664
-0.007687
-0.007710
-0.007733
-0.007755
-0.007778
-0.007801
-0.007824
-0.007847
-0.007869
-0.007892
-0.007915
-0.007938
-0.007960
-0.007983
-0.008006
-0.008029
-0.008052
-0.008074
-0.008097
-0.008120
-0.008143
-0.008166
-0.008188
-0.008211
-0.008234
-0.008257
-0.008279
-0.008302
-0.008325
-0.008348
-0.008371
-0.008393
-0.008416
-0.008439
-0.008462
-0.008484
-0.008507
-0.008530
-0.008553
-0.008575
-0.008598
-0.008621
-0.008644
-0.008666
-0.008689
-0.008712
-0.008735
-0.008757
-0.008780
-0.008803
-0.008826
-0.008848
-0.008871
-0.008894
-0.008917
-0.008939
-0.008962
-0.008985
-0.009008
-0.009030
-0.009053
-0.009076
-0.009098
-0.009121
-0.009144
-0.009167
-0.009189
-0.009212
-0.009235
-0.009257
-0.009280
-0.009303
-0.009325
-0.009348
-0.009371
-0.009393
-0.009416
-0.009439
-0.009461
-0.009484
-0.009507
-0.009529
-0.009552
-0.009575
-0.009597
-0.009620
-0.009643
-0.009665
-0.009688
-0.009710
-0.009733
-0.009756
-0.009778
-0.009801
-0.009824
-0.009846
-0.009869
-0.009891
-0.009914
-0.009937
-0.009959
-0.009982
-0.010004
-0.010027
-0.010049
-0.010072
-0.010095
-0.010117
-0.010140
-0.010162
-0.010185
-0.010207
-0.010230
-0.010252
-0.010275
-0.010297
-0.010320
-0.010342
-0.010365
-0.010387
-0.010410
-0.010432
-0.010455
-0.010477
-0.010500
-0.010522
-0.010545
-0.010567
-0.010590
-0.010612
-0.010635
-0.010657
-0.010680
-0.010702
-0.010724
-0.010747
-0.010769
-0.010792
-0.010814
-0.010837
-0.010859
-0.010881
-0.010904
-0.010926
0.639417
1.559442
2.605616
3.249058
3.703519
4.034744
4.279894
4.462120
4.596570
4.693625
4.755736
4.791539
4.806449
4.804495
4.788815
4.761909
4.725808
4.682189
4.632437
4.577712
4.518994
4.457115
4.392769
4.326546
4.258948
4.190412
4.121288
4.051882
3.982463
3.913240
4.447783
5.243386
6.162515
6.715147
7.088935
7.346627
7.523667
7.641998
7.715988
7.755433
7.761846
7.743802
7.706638
7.654283
7.589762
7.515479
7.433370
7.345008
7.251716
7.154593
7.054550
6.952367
6.848691
6.744078
6.638976
6.533813
6.428884
6.324500
6.220866
6.118207
6.591847
7.325760
8.184470
8.700834
9.043111
9.272508
9.423511
9.517527
9.568507
9.585982
9.570933
9.531876
9.474151
9.401682
9.317474
9.223900
9.122865
9.015952
8.904435
8.789418
8.671787
8.552329
8.431682
8.310380
8.188899
8.067624
7.946870
7.826928
7.708024
7.590338
8.028914
8.729411
9.557246
10.061239
10.393809
10.614778
10.758182
10.845066
10.889169
10.899870
10.877811
10.831467
10.766239
10.686106
10.594085
10.492589
10.383534
10.268533
10.148869
10.025681
9.899881
9.772244
9.643428
9.513991
9.384424
9.255099
9.126377
8.998526
8.871759
8.746307
9.160575
9.839189
10.647860
11.148883
11.480266
11.700784
11.844020
11.930754
11.974515
11.984599
11.961383
11.913293
11.845819
11.762989
11.667893
11.562962
11.450212
11.331224
11.207404
11.079866
10.949571
10.817328
10.683806
10.549634
10.415243
10.281073
10.147468
10.014725
9.883077
9.752728
10.147474
10.809152
11.603728
12.105394
12.439208
12.662782
12.809204
12.898953
12.945384
12.957680
12.935976
12.888628
12.821223
12.737830
12.641635
12.535146
12.420383
12.299067
12.172601
12.042169
11.908764
11.773250
11.636336
11.498634
11.360651
11.222799
11.085475
10.948958
10.813488
10.679298
11.056832
11.703705
12.486550
12.990330
13.328408
13.557038
13.708731
13.803594
13.854704
13.871100
13.852657
13.807629
13.741678
13.658966
13.562740
13.455572
13.339620
13.216611
13.088060
12.955191
12.819075
12.680637
12.540577
12.399565
12.258184
12.116830
11.975892
11.835722
11.696556
11.558620
11.873013
12.434419
13.123539
13.571951
13.872206
14.073866
14.205762
14.285794
14.325701
14.333585
14.309268
14.260154
14.191415
14.106932
14.009720
13.902168
13.786285
13.663704
13.535834
13.403869
13.268798
13.131461
12.992630
12.852896
12.712780
12.572746
12.433148
12.294298
12.156483
12.019905
12.327927
12.885870
13.574798
14.032437
14.343179
14.555635
14.698169
14.788417
14.837888
14.854583
14.838173
14.795927
14.733085
14.653580
14.560507
14.456366
14.343235
14.222832
14.096649
13.965947
13.831798
13.695084
13.556586
13.416962
13.276729
13.136393
12.996347
12.856889
12.718322
12.580897
12.879677
13.430571
14.115353
14.579198
14.898492
15.120483
15.272801
15.372543
15.430892
15.455617
15.446150
15.409587
15.351195
15.274998
15.184179
15.081393
14.968815
14.848329
14.721502
14.589701
14.454117
14.315708
14.175279
14.033554
13.891085
13.748355
13.605812
13.463770
13.322563
13.182386
13.470195
14.012049
14.690907
15.159817
15.487741
15.719981
15.883146
15.993610
16.061997
16.095739
16.093923
16.063387
16.009380
15.936010
15.846614
15.743978
15.630502
15.508224
15.378932
15.244138
15.105133
14.963002
14.818690
14.672916
14.526336
14.379457
14.232760
14.086541
13.941156
13.796826
14.072635
14.604508
15.277144
15.751688
16.089883
16.335024
16.512146
16.636576
16.718249
16.764035
16.772511
16.750096
16.701921
16.632153
16.544284
16.441325
16.325943
16.200470
16.066940
15.927134
15.782528
15.634438
15.483896
15.331791
15.178799
15.025551
14.872543
14.720154
14.568724
14.418493
14.681148
15.202088
15.868401
16.350067
16.701997
16.964511
17.160940
17.305237
17.406258
17.470038
17.494362
17.484888
17.446398
17.382969
17.298208
17.195418
17.077597
16.947520
16.807646
16.660145
16.506918
16.349498
16.189242
16.027247
15.864322
15.701228
15.538572
15.376784
15.216244
15.057275
14.900045
14.744796
14.591632
14.440679
14.292011
14.145677
14.001696
13.860126
13.720974
13.584214
13.449869
13.317921
13.188363
13.061179
12.936349
12.813851
12.693646
12.575719
12.460049
12.346600
12.235344
12.126231
12.019244
11.914310
11.811407
11.710474
11.611495
11.514402
11.419170
11.325734
11.234076
11.144126
11.055850
10.969202
10.884160
10.800663
10.718674
10.638162
10.559089
10.481419
10.405108
10.330128
10.256446
10.184028
10.112852
10.042877
9.974072
9.906420
9.839884
9.774434
9.710056
9.646715
9.584383
9.523048
9.462667
9.403228
9.344720
9.287105
9.230361
9.174471
9.119422
9.065185
9.011742
8.959084
8.907177
8.856012
8.805566
8.755833
8.706787
8.658410
8.610690
8.563620
8.517175
8.471337
8.426093
8.381440
8.337358
8.293832
8.250848
8.208395
8.166468
8.125045
8.084118
8.043672
8.003698
7.964193
7.925140
7.886527
7.848342
7.810579
7.773237
7.736298
7.699750
7.663587
7.627799
7.592380
7.557328
7.522629
7.488273
7.454253
7.420562
7.387195
7.354150
7.321415
7.288981
7.256843
7.224993
7.193428
7.162147
7.131138
7.100396
7.069914
7.039689
7.009712
6.979984
6.950503
6.921256
6.892241
6.863453
6.834886
6.806537
6.778405
6.750486
6.722774
6.695265
6.667953
6.640835
6.613909
6.587170
6.560621
6.534252
6.508062
6.482047
6.456202
6.430527
6.405016
6.379669
6.354488
6.329465
6.304596
6.279880
6.255313
6.230892
6.206617
6.182487
6.158499
6.134653
6.110942
6.087366
6.063921
6.040607
6.017421
5.994362
5.971427
5.948620
5.925935
5.903369
5.880921
5.858589
5.836372
5.814266
5.792273
5.770390
5.748619
5.726958
5.705403
5.683954
5.662606
5.641360
5.620215
5.599170
5.578223
5.557374
5.536626
5.515973
5.495416
5.474950
5.454577
5.434295
5.414102
5.393998
5.373982
5.354055
5.334216
5.314465
5.294799
5.275217
5.255718
5.236301
5.216964
5.197708
5.178532
5.159436
5.140419
5.121483
5.102625
5.083844
5.065139
5.046509
5.027953
5.009470
4.991061
4.972724
4.954460
4.936267
4.918149
4.900102
4.882126
4.864219
4.846381
4.828611
4.810909
4.793274
4.775705
4.758203
4.740768
4.723398
4.706097
4.688861
4.671690
4.654582
4.637538
4.620557
4.603638
4.586780
4.569985
4.553251
4.536578
4.519966
4.503417
4.486929
4.470501
4.454132
4.437822
4.421571
4.405378
4.389242
4.373164
4.357143
4.341179
4.325272
4.309421
4.293630
4.277895
4.262215
4.246591
4.231022
4.215508
4.200047
4.184641
4.169288
4.153988
4.138742
4.123548
4.108408
4.093322
4.078290
4.063310
4.048383
4.033507
4.018682
4.003908
3.989185
3.974512
3.959890
3.945317
3.930795
3.916322
3.901899
3.887526
3.873204
3.858932
3.844708
3.830534
3.816407
3.802328
3.788297
3.774313
3.760377
3.746488
3.732645
3.718850
3.705101
3.691400
3.677745
3.664139
3.650578
3.637064
3.623595
3.610172
3.596794
3.583460
3.570172
3.556928
3.543728
3.530573
3.517462
3.504395
3.491373
3.478394
3.465460
3.452571
3.439725
3.426922
3.414162
3.401445
3.388770
3.376138
3.363548
3.351000
3.338494
3.326029
3.313606
3.301225
3.288885
3.276587
3.264331
3.252117
3.239944
3.227812
3.215721
3.203670
3.191659
3.179688
3.167757
3.155865
3.144014
3.132201
3.120429
3.108695
3.097000
3.085345
3.073729
3.062152
3.050614
3.039116
3.027657
3.016236
3.004853
2.993508
2.982201
2.970931
2.959699
2.948504
2.937347
2.926226
2.915143
2.904097
2.893087
2.882115
2.871179
2.860280
2.849418
2.838593
2.827805
2.817054
2.806338
2.795658
2.785014
2.774405
2.763831
2.753293
2.742790
2.732321
2.721888
2.711490
2.701126
2.690797
2.680503
2.670244
2.660019
2.649828
2.639672
2.629551
2.619464
2.609412
2.599393
2.589408
2.579457
2.569538
2.559653
2.549801
2.539982
2.530196
2.520442
2.510722
2.501034
2.491378
2.481755
2.472165
2.462607
2.453081
2.443587
2.434126
2.424698
2.415302
2.405938
2.396606
2.387305
2.378036
2.368798
2.359591
2.350415
2.341270
2.332156
2.323073
2.314020
2.304998
2.296007
2.287046
2.278115
2.269215
2.260344
2.251505
2.242695
2.233915
2.225166
2.216447
2.207759
2.199100
2.190471
2.181872
2.173302
2.164761
2.156249
2.147766
2.139312
2.130887
2.122491
2.114123
2.105783
2.097473
2.089190
2.080936
2.072711
2.064513
2.056344
2.048203
2.040090
2.032005
2.023948
2.015919
2.007919
1.999947
1.992002
1.984085
1.976196
1.968333
1.960498
1.952690
1.944910
1.937156
1.929428
1.921728
1.914054
1.906407
1.898786
1.891191
1.883623
1.876082
1.868566
1.861077
1.853614
1.846177
1.838766
1.831381
1.824022
1.816689
1.809382
1.802101
1.794846
1.787617
1.780413
1.773235
1.766082
1.758955
1.751853
1.744775
1.737723
1.730695
1.723693
1.716715
1.709761
1.702832
1.695928
1.689048
1.682192
1.675361
1.668554
1.661771
1.655013
1.648278
1.641567
1.634881
1.628218
1.621580
1.614965
1.608374
1.601807
1.595263
1.588744
1.582248
1.575777
1.569328
1.562903
1.556501
1.550122
1.543767
1.537434
1.531124
1.524837
1.518573
1.512332
1.506113
1.499916
1.493743
1.487591
1.481462
1.475356
1.469271
1.463209
1.457169
1.451151
1.445154
1.439180
1.433228
1.427298
1.421390
1.415504
1.409639
1.403796
1.397975
1.392175
1.386397
1.380641
1.374907
1.369194
1.363502
1.357832
1.352183
1.346555
1.340948
1.335362
1.329797
1.324253
1.318729
1.313226
1.307744
1.302283
1.296841
1.291421
1.286021
1.280641
1.275281
1.269942
1.264622
1.259323
1.254044
1.248785
1.243546
1.238327
1.233128
1.227948
1.222788
1.217648
1.212528
1.207427
1.202346
1.197285
1.192243
1.187221
1.182218
1.177234
1.172270
1.167326
1.162400
1.157494
1.152607
1.147740
1.142891
1.138061
1.133249
1.128457
1.123683
1.118928
1.114192
1.109474
1.104775
1.100094
1.095431
1.090787
1.086161
1.081553
1.076963
1.072392
1.067838
1.063303
1.058786
1.054286
1.049804
1.045340
1.040894
1.036466
1.032055
1.027662
1.023287
1.018928
1.014588
1.010265
1.005959
1.001671
0.997400
0.993146
0.988909
0.984690
0.980488
0.976303
0.972135
0.967984
0.963850
0.959733
0.955633
0.951550
0.947484
0.943434
0.939401
0.935385
0.931385
0.927402
0.923435
0.919484
0.915550
0.911632
0.907730
0.903844
0.899975
0.896121
0.892284
0.888462
0.884656
0.880867
0.877093
0.873335
0.869592
0.865865
0.862154
0.858458
0.854778
0.851114
0.847464
0.843831
0.840212
0.836609
0.833021
0.829448
0.825890
0.822348
0.818820
0.815308
0.811810
0.808328
0.804860
0.801407
0.797969
0.794546
0.791137
0.787743
0.784363
0.780998
0.777648
0.774312
0.770991
0.767684
0.764391
0.761113
0.757849
0.754599
0.751364
0.748143
0.744936
0.741743
0.738564
0.735399
0.732247
0.729110
0.725986
0.722876
0.719780
0.716698
0.713629
0.710573
0.707531
0.704503
0.701488
0.698486
0.695497
0.692522
0.689560
0.686611
0.683675
0.680753
0.677843
0.674947
0.672063
0.669192
0.666334
0.663489
0.660656
0.657837
0.655029
0.652235
0.649453
0.646684
0.643927
0.641182
0.638450
0.635731
0.633023
0.630328
0.627645
0.624975
0.622316
0.619669
0.617035
0.614412
0.611802
0.609203
0.606616
0.604041
0.601478
0.598927
0.596387
0.593859
0.591342
0.588837
0.586344
0.583862
0.581391
0.578932
0.576484
0.574047
0.571622
0.569208
0.566805
0.564413
0.562033
0.559663
0.557304
0.554957
0.552620
0.550294
0.547979
0.545675
0.543381
0.541099
0.538827
0.536566
0.534315
0.532075
0.529845
0.527626
0.525417
0.523219
0.521030
0.518852
0.516685
0.514527
0.512380
0.510243
0.508115
0.505998
0.503891
0.501793
0.499706
0.497628
0.495560
0.493502
0.491453
0.489415
0.487385
0.485366
0.483356
0.481355
0.479364
0.477382
0.475410
0.473447
0.471493
0.469549
0.467614
0.465687
0.463770
0.461863
0.459964
0.458074
0.456193
0.454321
0.452458
0.450604
0.448758
0.446921
0.445093
0.443274
0.441463
0.439661
0.437868
0.436083
0.434306
0.432538
0.430779
0.429027
0.427284
0.425550
0.423823
0.422105
0.420395
0.418693
0.416999
0.415313
0.413635
0.411966
0.410304
0.408650
0.407004
0.405365
0.403735
0.402112
0.400497
0.398889
0.397290
0.395697
0.394113
0.392536
0.390966
0.389404
0.387849
0.386301
0.384761
0.383228
0.381703
0.380185
0.378673
0.377169
0.375673
0.374183
0.372700
0.371224
0.369755
0.368293
0.366838
0.365390
0.363949
0.362515
0.361087
0.359666
0.358251
0.356844
0.355443
0.354048
0.352660
0.351279
0.349904
0.348535
0.347173
0.345817
0.344468
0.343125
0.341788
0.340458
0.339133
0.337815
0.336503
0.335198
0.333898
0.332604
0.331316
0.330035
0.328759
0.327489
0.326225
0.324967
0.323715
0.322469
0.321228
0.319993
0.318764
0.317540
0.316322
0.315109
0.313903
0.312701
0.311505
0.310315
0.309130
0.307950
0.306776
0.305607
0.304444
0.303286
0.302133
0.300985
0.299842
0.298705
0.297572
0.296445
0.295323
0.294206
0.293094
0.291987
0.290885
0.289788
0.288695
0.287608
0.286525
0.285448
0.284375
0.283307
0.282243
0.281184
0.280130
0.279081
0.278036
0.276996
0.275960
0.274929
0.273903
0.272881
0.271863
0.270850
0.269841
0.268837
0.267837
0.266841
0.265850
0.264863
0.263880
0.262901
0.261927
0.260957
0.259991
0.259029
0.258071
0.257117
0.256168
0.255222
0.254281
0.253343
0.252409
0.251480
0.250554
0.249632
0.248714
0.247800
0.246890
0.245983
0.245080
0.244181
0.243286
0.242394
0.241507
0.240622
0.239742
0.238865
0.237992
0.237122
0.236256
0.235393
0.234534
0.233678
0.232826
0.231978
0.231132
0.230291
0.229452
0.228617
0.227785
0.226957
0.226132
0.225310
0.224492
0.223676
0.222864
0.222055
0.221250
0.220447
0.219648
0.218852
0.218059
0.217269
0.216482
0.215698
0.214918
0.214140
0.213365
0.212594
0.211825
0.211059
0.210296
0.209536
0.208779
0.208025
0.207274
0.206525
0.205780
0.205037
0.204297
0.203560
0.202825
0.202094
0.201365
0.200639
0.199915
0.199194
0.198476
0.197761
0.197048
0.196338
0.195630
0.194925
0.194222
0.193523
0.192825
0.192130
0.191438
0.190748
0.190061
0.189376
0.188694
0.188014
0.187337
0.186662
0.185989
0.185319
0.184651
0.183985
0.183322
0.182661
0.182003
0.181347
0.180693
0.180041
0.179392
0.178745
0.178100
0.177457
0.176817
0.176179
0.175543
0.174909
0.174277
0.173648
0.173021
0.172396
0.171773
0.171152
0.170533
0.169916
0.169301
0.168689
0.168078
0.167470
0.166863
0.166259
0.165656
0.165056
0.164458
0.163861
0.163267
0.162674
0.162084
0.161495
0.160908
0.160323
0.159740
0.159159
0.158580
0.158003
0.157428
0.156854
0.156283
0.155713
0.155145
0.154579
0.154014
0.153452
0.152891
0.152332
0.151775
0.151219
0.150665
0.150113
0.149563
0.149015
0.148468
0.147923
0.147379
0.146838
0.146298
0.145760
0.145223
0.144688
0.144155
0.143623
0.143093
0.142564
0.142038
0.141513
0.140989
0.140467
0.139947
0.139428
0.138911
0.138395
0.137881
0.137368
0.136857
0.136348
0.135840
0.135334
0.134829
0.134325
0.133824
0.133323
0.132824
0.132327
0.131831
0.131337
0.130844
0.130352
0.129862
0.129374
0.128886
0.128401
0.127916
0.127434
0.126952
0.126472
0.125993
0.125516
0.125040
0.124566
0.124093
0.123621
0.123151
0.122682
0.122214
0.121748
0.121283
0.120819
0.120357
0.119896
0.119436
0.118978
0.118521
0.118065
0.117611
0.117158
0.116706
0.116256
0.115807
0.115359
0.114912
0.114466
0.114022
0.113579
0.113138
0.112697
0.112258
0.111820
0.111384
0.110948
0.110514
0.110081
0.109649
0.109218
0.108789
0.108361
0.107934
0.107508
0.107083
0.106660
0.106237
0.105816
0.105396
0.104978
0.104560
0.104144
0.103728
0.103314
0.102901
0.102489
0.102078
0.101669
0.101260
0.100853
0.100447
0.100042
0.099637
0.099235
0.098833
0.098432
0.098032
0.097634
0.097236
0.096840
0.096445
0.096051
0.095658
0.095266
0.094875
0.094485
0.094096
0.093708
0.093321
0.092936
0.092551
0.092167
0.091785
0.091403
0.091023
0.090643
0.090265
0.089888
0.089511
0.089136
0.088761
0.088388
0.088016
0.087644
0.087274
0.086905
0.086536
0.086169
0.085803
0.085437
0.085073
0.084710
0.084347
0.083986
0.083625
0.083266
0.082907
0.082550
0.082193
0.081837
0.081483
0.081129
0.080776
0.080424
0.080073
0.079723
0.079374
0.079026
0.078679
0.078333
0.077987
0.077643
0.077300
0.076957
0.076615
0.076275
0.075935
0.075596
0.075258
0.074921
0.074585
0.074250
0.073915
0.073582
0.073249
0.072917
0.072587
0.072257
0.071928
0.071599
0.071272
0.070946
0.070620
0.070295
0.069972
0.069649
0.069326
0.069005
0.068685
0.068365
0.068047
0.067729
0.067412
0.067096
0.066780
0.066466
0.066152
0.065840
0.065528
0.065217
0.064906
0.064597
0.064288
0.063981
0.063674
0.063368
0.063062
0.062758
0.062454
0.062151
0.061849
0.061548
0.061247
0.060948
0.060649
0.060351
0.060054
0.059757
0.059461
0.059167
0.058872
0.058579
0.058287
0.057995
0.057704
0.057414
0.057124
0.056836
0.056548
0.056261
0.055975
0.055689
0.055404
0.055120
0.054837
0.054554
0.054273
0.053992
0.053712
0.053432
0.053153
0.052875
0.052598
0.052322
0.052046
0.051771
0.051497
0.051223
0.050950
0.050678
0.050407
0.050136
0.049866
0.049597
0.049329
0.049061
0.048794
0.048528
0.048262
0.047998
0.047734
0.047470
0.047207
0.046945
0.046684
0.046424
0.046164
0.045905
0.045646
0.045388
0.045131
0.044875
0.044619
0.044364
0.044110
0.043856
0.043603
0.043351
0.043100
0.042849
0.042598
0.042349
0.042100
0.041852
0.041604
0.041358
0.041111
0.040866
0.040621
0.040377
0.040133
0.039891
0.039648
0.039407
0.039166
0.038926
0.038686
0.038447
0.038209
0.037971
0.037734
0.037498
0.037262
0.037027
0.036793
0.036559
0.036326
0.036094
0.035862
0.035630
0.035400
0.035170
0.034941
0.034712
0.034484
0.034256
0.034029
0.033803
0.033578
0.033353
0.033128
0.032905
0.032681
0.032459
0.032237
0.032016
0.031795
0.031575
0.031355
0.031136
0.030918
0.030700
0.030483
0.030267
0.030051
0.029836
0.029621
0.029407
0.029193
0.028980
0.028768
0.028556
0.028345
0.028134
0.027924
0.027715
0.027506
0.027297
0.027090
0.026882
0.026676
0.026470
0.026264
0.026059
0.025855
0.025651
0.025448
0.025246
0.025043
0.024842
0.024641
0.024441
0.024241
0.024041
0.023843
0.023644
0.023447
0.023250
0.023053
0.022857
0.022662
0.022467
0.022272
0.022078
0.021885
0.021692
0.021500
0.021308
0.021117
0.020927
0.020737
0.020547
0.020358
0.020169
0.019981
0.019794
0.019607
0.019421
0.019235
0.019049
0.018864
0.018680
0.018496
0.018313
0.018130
0.017948
0.017766
0.017584
0.017404
0.017223
0.017044
0.016864
0.016686
0.016507
0.016329
0.016152
0.015975
0.015799
0.015623
0.015448
0.015273
0.015099
0.014925
0.014752
0.014579
0.014406
0.014234
0.014063
0.013892
0.013722
0.013552
0.013382
0.013213
0.013045
0.012877
0.012709
0.012542
0.012375
0.012209
0.012043
0.011878
0.011713
0.011549
0.011385
0.011222
0.011059
0.010896
0.010734
0.010573
0.010411
0.010251
0.010091
0.009931
0.009771
0.009613
0.009454
0.009296
0.009139
0.008982
0.008825
0.008669
0.008513
0.008358
0.008203
0.008049
0.007895
0.007741
0.007588
0.007435
0.007283
0.007131
0.006980
0.006829
0.006678
0.006528
0.006378
0.006229
0.006080
0.005932
0.005784
0.005636
0.005489
0.005343
0.005196
0.005050
0.004905
0.004760
0.004615
0.004471
0.004327
0.004184
0.004041
0.003898
0.003756
0.003614
0.003473
0.003332
0.003191
0.003051
0.002911
0.002772
0.002633
0.002494
0.002356
0.002218
0.002081
0.001944
0.001807
0.001671
0.001535
0.001399
0.001264
0.001130
0.000995
0.000861
0.000728
0.000595
0.000462
0.000329
0.000197
0.000066
-0.000066
-0.000196
-0.000327
-0.000457
-0.000587
-0.000716
-0.000845
-0.000974
-0.001102
-0.001230
-0.001358
-0.001485
-0.001612
-0.001738
-0.001864
-0.001990
-0.002116
-0.002241
-0.002365
-0.002490
-0.002614
-0.002737
-0.002860
-0.002983
-0.003106
-0.003228
-0.003350
-0.003471
-0.003592
-0.003713
-0.003834
-0.003954
-0.004074
-0.004193
-0.004312
-0.004431
-0.004549
-0.004667
-0.004785
-0.004902
-0.005019
-0.005136
-0.005252
-0.005368
-0.005484
-0.005599
-0.005714
-0.005829
-0.005943
-0.006058
-0.006171
-0.006285
-0.006398
-0.006510
-0.006623
-0.006735
-0.006847
-0.006958
-0.007069
-0.007180
-0.007290
-0.007401
-0.007510
-0.007620
-0.007729
-0.007838
-0.007947
-0.008055
-0.008163
-0.008270
-0.008378
-0.008485
-0.008591
-0.008698
-0.008804
-0.008910
-0.009015
-0.009120
-0.009225
-0.009330
-0.009434
-0.009538
-0.009642
-0.009745
-0.009848
-0.009951
-0.010053
-0.010156
-0.010257
-0.010359
-0.010460
-0.010561
-0.010662
-0.010762
-0.010863
-0.010962
-0.011062
-0.011161
-0.011260
-0.011359
-0.011457
-0.011555
-0.011653
-0.011751
-0.011848
-0.011945
-0.012042
-0.012138
-0.012234
-0.012330
-0.012426
-0.012521
-0.012616
-0.012711
-0.012805
-0.012900
-0.012994
-0.013087
-0.013181
-0.013274
-0.013367
-0.013459
-0.013552
-0.013644
-0.013735
-0.013827
-0.013918
-0.014009
-0.014100
-0.014190
-0.014281
-0.014371
-0.014460
-0.014550
-0.014639
-0.014728
-0.014816
-0.014905
-0.014993
-0.015081
-0.015168
-0.015256
-0.015343
-0.015430
-0.015516
-0.015603
-0.015689
-0.015775
-0.015860
-0.015946
-0.016031
-0.016116
-0.016200
-0.016285
-0.016369
-0.016453
-0.016536
-0.016620
-0.016703
-0.016786
-0.016869
-0.016951
-0.017033
-0.017115
-0.017197
-0.017278
-0.017360
-0.017441
-0.017521
-0.017602
-0.017682
-0.017762
-0.017842
-0.017922
-0.018001
-0.018080
-0.018159
-0.018238
-0.018316
-0.018395
-0.018473
-0.018550
-0.018628
-0.018705
-0.018782
-0.018859
-0.018936
-0.019012
-0.019089
-0.019165
-0.019240
-0.019316
-0.019391
-0.019467
-0.019541
-0.019616
-0.019691
-0.019765
-0.019839
-0.019913
-0.019986
-0.020060
-0.020133
-0.020206
-0.020279
-0.020351
-0.020424
-0.020496
-0.020568
-0.020639
-0.020711
-0.020782
-0.020853
-0.020924
-0.020995
-0.021065
-0.021136
-0.021206
-0.021275
-0.021345
-0.021415
-0.021484
-0.021553
-0.021622
-0.021690
-0.021759
-0.021827
-0.021895
-0.021963
-0.022031
-0.022098
-0.022165
-0.022233
-0.022299
-0.022366
-0.022433
-0.022499
-0.022565
-0.022631
-0.022697
-0.022762
-0.022828
-0.022893
-0.022958
-0.023023
-0.023087
-0.023152
-0.023216
-0.023280
-0.023344
-0.023407
-0.023471
-0.023534
-0.023597
-0.023660
-0.023723
-0.023786
-0.023848
-0.023910
-0.023972
-0.024034
-0.024096
-0.024157
-0.024218
-0.024280
-0.024341
-0.024401
-0.024462
-0.024522
-0.024583
-0.024643
-0.024703
-0.024762
-0.024822
-0.024881
-0.024941
-0.025000
-0.025059
-0.025117
-0.025176
-0.025234
-0.025292
-0.025350
-0.025408
-0.025466
-0.025524
-0.025581
-0.025638
-0.025695
-0.025752
-0.025809
-0.025865
-0.025922
-0.025978
-0.026034
-0.026090
-0.026146
-0.026201
-0.026257
-0.026312
-0.026367
-0.026422
-0.026477
-0.026531
-0.026586
-0.026640
-0.026694
-0.026748
-0.026802
-0.026856
-0.026909
-0.026963
-0.027016
-0.027069
-0.027122
-0.027175
-0.027227
-0.027280
-0.027332
-0.027384
-0.027436
-0.027488
-0.027540
-0.027591
-0.027643
-0.027694
-0.027745
-0.027796
-0.027847
-0.027898
-0.027948
-0.027999
-0.028049
-0.028099
-0.028149
-0.028199
-0.028248
-0.028298
-0.028347
-0.028396
-0.028446
-0.028495
-0.028543
-0.028592
-0.028641
-0.028689
-0.028737
-0.028785
-0.028833
-0.028881
-0.028929
-0.028977
-0.029024
-0.029071
-0.029118
-0.029165
-0.029212
-0.029259
-0.029306
-0.029352
-0.029399
-0.029445
-0.029491
-0.029537
-0.029583
-0.029628
-0.029674
-0.029720
-0.029765
-0.029810
-0.029855
-0.029900
-0.029945
-0.029989
-0.030034
-0.030078
-0.030123
-0.030167
-0.030211
-0.030255
-0.030299
-0.030342
-0.030386
-0.030429
-0.030473
-0.030516
-0.030559
-0.030602
-0.030645
-0.030687
-0.030730
-0.030772
-0.030815
-0.030857
-0.030899
-0.030941
-0.030983
-0.031024
-0.031066
-0.031107
-0.031149
-0.031190
-0.031231
-0.031272
-0.031313
-0.031354
-0.031395
-0.031435
-0.031476
-0.031516
-0.031556
-0.031596
-0.031636
-0.031676
-0.031716
-0.031755
-0.031795
-0.031834
-0.031874
-0.031913
-0.031952
-0.031991
-0.032030
-0.032069
-0.032107
-0.032146
-0.032184
-0.032223
-0.032261
-0.032299
-0.032337
-0.032375
-0.032413
-0.032450
-0.032488
-0.032525
-0.032563
-0.032600
-0.032637
-0.032674
-0.032711
-0.032748
-0.032785
-0.032821
-0.032858
-0.032894
-0.032930
-0.032967
-0.033003
-0.033039
-0.033075
-0.033111
-0.033146
-0.033182
-0.033217
-0.033253
-0.033288
-0.033323
-0.033359
-0.033394
-0.033428
-0.033463
-0.033498
-0.033533
-0.033567
-0.033602
-0.033636
-0.033670
-0.033704
-0.033738
-0.033772
-0.033806
-0.033840
-0.033874
-0.033907
-0.033941
-0.033974
-0.034007
-0.034041
-0.034074
-0.034107
-0.034140
-0.034173
-0.034205
-0.034238
-0.034271
-0.034303
-0.034335
-0.034368
-0.034400
-0.034432
-0.034464
-0.034496
-0.034528
-0.034560
-0.034591
-0.034623
-0.034654
-0.034686
-0.034717
-0.034748
-0.034780
-0.034811
-0.034842
-0.034872
-0.034903
-0.034934
-0.034965
-0.034995
-0.035026
-0.035056
-0.035086
-0.035117
-0.035147
-0.035177
-0.035207
-0.035237
-0.035266
-0.035296
-0.035326
-0.035355
-0.035385
-0.035414
-0.035444
-0.035473
-0.035502
-0.035531
-0.035560
-0.035589
-0.035618
-0.035647
-0.035675
-0.035704
-0.035732
-0.035761
-0.035789
-0.035818
-0.035846
-0.035874
-0.035902
-0.035930
-0.035958
-0.035986
-0.036013
-0.036041
-0.036069
-0.036096
-0.036124
-0.036151
-0.036178
-0.036206
-0.036233
-0.036260
-0.036287
-0.036314
-0.036341
-0.036367
-0.036394
-0.036421
-0.036447
-0.036474
-0.036500
-0.036527
-0.036553
-0.036579
-0.036605
-0.036631
-0.036657
-0.036683
-0.036709
-0.036735
-0.036761
-0.036786
-0.036812
-0.036837
-0.036863
-0.036888
-0.036914
-0.036939
-0.036964
-0.036989
-0.037014
-0.037039
-0.037064
-0.037089
-0.037114
-0.037138
-0.037163
-0.037187
-0.037212
-0.037236
-0.037261
-0.037285
-0.037309
-0.037334
-0.037358
-0.037382
-0.037406
-0.037430
-0.037453
-0.037477
-0.037501
-0.037525
-0.037548
-0.037572
-0.037595
-0.037619
-0.037642
-0.037665
-0.037689
-0.037712
-0.037735
-0.037758
-0.037781
-0.037804
-0.037827
-0.037849
-0.037872
-0.037895
-0.037917
-0.037940
-0.037963
-0.037985
-0.038007
-0.038030
-0.038052
-0.038074
-0.038096
-0.038118
-0.038140
-0.038162
-0.038184
-0.038206
-0.038228
-0.038250
-0.038271
-0.038293
-0.038315
-0.038336
-0.038358
-0.038379
-0.038400
-0.038422
-0.038443
-0.038464
-0.038485
-0.038506
-0.038527
-0.038548
-0.038569
-0.038590
-0.038611
-0.038631
-0.038652
-0.038673
-0.038693
-0.038714
-0.038734
-0.038755
-0.038775
-0.038795
-0.038816
-0.038836
-0.038856
-0.038876
-0.038896
-0.038916
-0.038936
-0.038956
-0.038976
-0.038996
-0.039015
-0.039035
-0.039055
-0.039074
-0.039094
-0.039113
-0.039133
-0.039152
-0.039172
-0.039191
-0.039210
-0.039229
-0.039248
-0.039268
-0.039287
-0.039306
-0.039325
-0.039343
-0.039362
-0.039381
-0.039400
-0.039419
-0.039437
-0.039456
-0.039474
-0.039493
-0.039511
-0.039530
-0.039548
-0.039566
-0.039585
-0.039603
-0.039621
-0.039639
-0.039657
-0.039675
-0.039693
-0.039711
-0.039729
-0.039747
-0.039765
-0.039783
-0.039800
-0.039818
-0.039836
-0.039853
-0.039871
-0.039888
-0.039906
-0.039923
-0.039941
-0.039958
-0.039975
-0.039993
-0.040010
-0.040027
-0.040044
-0.040061
-0.040078
-0.040095
-0.040112
-0.040129
-0.040146
-0.040163
-0.040179
-0.040196
-0.040213
-0.040230
-0.040246
-0.040263
-0.040279
-0.040296
-0.040312
-0.040329
-0.040345
-0.040361
-0.040378
-0.040394
-0.040410
-0.040426
-0.040442
-0.040458
-0.040474
-0.040490
-0.040506
-0.040522
-0.040538
-0.040554
-0.040570
-0.040586
-0.040601
-0.040617
-0.040633
-0.040648
-0.040664
-0.040679
-0.040695
-0.040710
-0.040726
-0.040741
-0.040757
-0.040772
-0.040787
-0.040802
-0.040818
-0.040833
-0.040848
-0.040863
-0.040878
-0.040893
-0.040908
-0.040923
-0.040938
-0.040953
-0.040968
-0.040982
-0.040997
-0.041012
-0.041027
-0.041041
-0.041056
-0.041071
-0.041085
-0.041100
-0.041114
-0.041129
-0.041143
-0.041157
-0.041172
-0.041186
-0.041200
-0.041214
-0.041229
-0.041243
-0.041257
-0.041271
-0.041285
-0.041299
-0.041313
-0.041327
-0.041341
-0.041355
-0.041369
-0.041383
-0.041397
-0.041410
-0.041424
-0.041438
-0.041451
-0.041465
-0.041479
-0.041492
-0.041506
-0.041519
-0.041533
-0.041546
-0.041560
-0.041573
-0.041587
-0.041600
-0.041613
-0.041626
-0.041640
-0.041653
-0.041666
-0.041679
-0.041692
-0.041705
-0.041718
-0.041731
-0.041744
-0.041757
-0.041770
-0.041783
-0.041796
-0.041809
-0.041822
-0.041834
-0.041847
-0.041860
-0.041873
-0.041885
-0.041898
-0.041911
-0.041923
-0.041936
-0.041948
-0.041961
-0.041973
-0.041986
-0.041998
-0.042010
-0.042023
-0.042035
-0.042047
-0.042060
-0.042072
-0.042084
-0.042096
-0.042108
-0.042120
-0.042133
-0.042145
-0.042157
-0.042169
-0.042181
-0.042193
-0.042205
-0.042216
-0.042228
-0.042240
-0.042252
-0.042264
-0.042276
-0.042287
-0.042299
-0.042311
-0.042322
-0.042334
-0.042346
-0.042357
-0.042369
-0.042380
-0.042392
-0.042403
-0.042415
-0.042426
-0.042438
-0.042449
-0.042460
-0.042472
-0.042483
-0.042494
-0.042506
-0.042517
-0.042528
-0.042539
-0.042550
-0.042561
-0.042573
-0.042584
-0.042595
-0.042606
-0.042617
-0.042628
-0.042639
-0.042650
-0.042660
-0.042671
-0.042682
-0.042693
-0.042704
-0.042715
-0.042725
-0.042736
-0.042747
-0.042758
-0.042768
-0.042779
-0.042790
-0.042800
-0.042811
-0.042821
-0.042832
-0.042842
-0.042853
-0.042863
-0.042874
-0.042884
-0.042895
-0.042905
-0.042915
-0.042926
-0.042936
-0.042946
-0.042957
-0.042967
-0.042977
-0.042987
-0.042997
-0.043008
-0.043018
-0.043028
-0.043038
-0.043048
-0.043058
-0.043068
-0.043078
-0.043088
-0.043098
-0.043108
-0.043118
-0.043128
-0.043138
-0.043148
-0.043157
-0.043167
-0.043177
-0.043187
-0.043197
-0.043206
-0.043216
-0.043226
-0.043235
-0.043245
-0.043255
-0.043264
-0.043274
-0.043284
-0.043293
-0.043303
-0.043312
-0.043322
-0.043331
-0.043341
-0.043350
-0.043359
-0.043369
-0.043378
-0.043388
-0.043397
-0.043406
-0.043416
-0.043425
-0.043434
-0.043443
-0.043453
-0.043462
-0.043471
-0.043480
-0.043489
-0.043498

