0.000000
0.000000
-0.000025
-0.000051
-0.000077
-0.000102
-0.000127
-0.000152
-0.000176
-0.000200
-0.000224
-0.000247
-0.000270
-0.000292
-0.000315
-0.000337
-0.000358
-0.000380
-0.000401
-0.000422
-0.000443
-0.000464
-0.000485
-0.000505
-0.000526
-0.000546
-0.000566
-0.000586
-0.000606
-0.000626
-0.000646
-0.000666
-0.000686
-0.000706
-0.000726
-0.000745
-0.000765
-0.000785
-0.000804
-0.000824
-0.000843
-0.000863
-0.000882
-0.000902
-0.000921
-0.000941
-0.000960
-0.000979
-0.000999
-0.001018
-0.001038
-0.001057
-0.001077
-0.001096
-0.001115
-0.001135
-0.001154
-0.001174
-0.001193
-0.001212
-0.001232
-0.001251
-0.001271
-0.001290
-0.001310
-0.001329
-0.001349
-0.001368
-0.001388
-0.001407
-0.001427
-0.001446
-0.001466
-0.001486
-0.001505
-0.001525
-0.001544
-0.001564
-0.001584
-0.001603
-0.001623
-0.001643
-0.001663
-0.001682
-0.001702
-0.001722
-0.001742
-0.001762
-0.001782
-0.001801
-0.001821
-0.001841
-0.001861
-0.001881
-0.001901
-0.001921
-0.001941
-0.001961
-0.001981
-0.002001
-0.002022
-0.002042
-0.002062
-0.002082
-0.002102
-0.002122
-0.002143
-0.002163
-0.002183
-0.002203
-0.002224
-0.002244
-0.002265
-0.002285
-0.002305
-0.002326
-0.002346
-0.002367
-0.002387
-0.002408
-0.002428
-0.002449
-0.002469
-0.002490
-0.002511
-0.002531
-0.002552
-0.002572
-0.002593
-0.002614
-0.002635
-0.002655
-0.002676
-0.002697
-0.002718
-0.002739
-0.002759
-0.002780
-0.002801
-0.002822
-0.002843
-0.002864
-0.002885
-0.002906
-0.002927
-0.002948
-0.002969
-0.002990
-0.003011
-0.003032
-0.003053
-0.003075
-0.003096
-0.003117
-0.003138
-0.003159
-0.003181
-0.003202
-0.003223
-0.003244
-0.003266
-0.003287
-0.003308
-0.003330
-0.003351
-0.003372
-0.003394
-0.003415
-0.003437
-0.003458
-0.003480
-0.003501
-0.003523
-0.003544
-0.003566
-0.003587
-0.003609
-0.003630
-0.003652
-0.003674
-0.003695
-0.003717
-0.003738
-0.003760
-0.003782
-0.003803
-0.003825
-0.003847
-0.003869
-0.003890
-0.003912
-0.003934
-0.003956
-0.003978
-0.003999
-0.004021
-0.004043
-0.004065
-0.004087
-0.004109
-0.004131
-0.004152
-0.004174
-0.004196
-0.004218
-0.004240
-0.004262
-0.004284
-0.004306
-0.004328
-0.004350
-0.004372
-0.004394
-0.004416
-0.004438
-0.004460
-0.004482
-0.004505
-0.004527
-0.004549
-0.004571
-0.004593
-0.004615
-0.004637
-0.004660
-0.004682
-0.004704
-0.004726
-0.004748
-0.004771
-0.004793
-0.004815
-0.004837
-0.004860
-0.004882
-0.004904
-0.004926
-0.004949
-0.004971
-0.004993
-0.005016
-0.005038
-0.005060
-0.005083
-0.005105
-0.005127
-0.005150
-0.005172
-0.005194
-0.005217
-0.005239
-0.005262
-0.005284
-0.005306
-0.005329
-0.005351
-0.005374
-0.005396
-0.005419
-0.005441
-0.005464
-0.005486
-0.005509
-0.005531
-0.005554
-0.005576
-0.005599
-0.005621
-0.005644
-0.005666
-0.005689
-0.005711
-0.005734
-0.005756
-0.005779
-0.005801
-0.005824
-0.005847
-0.005869
-0.005892
-0.005914
-0.005937
-0.005960
-0.005982
-0.006005
-0.006027
-0.006050
-0.006073
-0.006095
-0.006118
-0.006141
-0.006163
-0.006186
-0.006209
-0.006231
-0.006254
-0.006277
-0.006299
-0.006322
-0.006345
-0.006367
-0.006390
-0.006413
-0.006435
-0.006458
-0.006481
-0.006503
-0.006526
-0.006549
-0.006572
-0.006594
-0.006617
-0.006640
-0.006662
-0.006685
-0.006708
-0.006731
-0.006753
-0.006776
-0.006799
-0.006822
-0.006844
-0.006867
-0.006890
-0.006913
-0.006935
-0.006958
-0.006981
-0.007004
-0.007026
-0.007049
-0.007072
-0.007095
-0.007117
-0.007140
-0.007163
-0.007186
-0.007208
-0.007231
-0.007254
-0.007277
-0.007300
-0.007322
-0.007345
-0.007368
-0.007391
-0.007414
-0.007436
-0.007459
-0.007482
-0.007505
-0.007527
-0.007550
-0.007573
-0.007596
-0.007619
-0.007641
-0.007664
-0.007687
-0.007710
-0.007733
-0.007755
-0.007778
-0.007801
-0.007824
-0.007847
-0.007869
-0.007892
-0.007915
-0.007938
-0.007960
-0.007983
-0.008006
-0.008029
-0.008052
-0.008074
-0.008097
-0.008120
-0.008143
-0.008166
-0.008188
-0.008211
-0.008234
-0.008257
-0.008279
-0.008302
-0.008325
-0.008348
-0.008371
-0.008393
-0.008416
-0.008439
-0.008462
-0.008484
-0.008507
-0.008530
-0.008553
-0.008575
-0.008598
-0.008621
-0.008644
-0.008666
-0.008689
-0.008712
-0.008735
-0.008757
-0.008780
-0.008803
-0.008826
-0.008848
-0.008871
-0.008894
-0.008917
-0.008939
-0.008962
-0.008985
-0.009008
-0.009030
-0.009053
-0.009076
-0.009098
-0.009121
-0.009144
-0.009167
-0.009189
-0.009212
-0.009235
-0.009257
-0.009280
-0.009303
-0.009325
-0.009348
-0.009371
-0.009393
-0.009416
-0.009439
-0.009461
-0.009484
-0.009507
-0.009529
-0.009552
-0.009575
-0.009597
-0.009620
-0.009643
-0.009665
-0.009688
-0.009710
-0.009733
-0.009756
-0.009778
-0.009801
-0.009824
-0.009846
-0.009869
-0.009891
-0.009914
-0.009937
-0.009959
-0.009982
-0.010004
-0.010027
-0.010049
-0.010072
-0.010095
-0.010117
-0.010140
-0.010162
-0.010185
-0.010207
-0.010230
-0.010252
-0.010275
-0.010297
-0.010320
-0.010342
-0.010365
-0.010387
-0.010410
-0.010432
-0.010455
-0.010477
-0.010500
-0.010522
-0.010545
-0.010567
-0.010590
-0.010612
-0.010635
-0.010657
-0.010680
-0.010702
-0.010724
-0.010747
-0.010769
-0.010792
-0.010814
-0.010837
-0.010859
-0.010881
-0.010904
-0.010926
0.639417
1.559442
2.605616
3.249058
3.703519
4.034744
4.279894
4.462120
4.596570
4.693625
4.755736
4.791539
4.806449
4.804495
4.788815
4.761909
4.725808
4.682189
4.632437
4.577712
4.518994
4.457115
4.392769
4.326546
4.258948
4.190412
4.121288
4.051882
3.982463
3.913240
4.447783
5.243386
6.162515
6.715147
7.088935
7.346627
7.523667
7.641998
7.715988
7.755433
7.761846
7.743802
7.706638
7.654283
7.589762
7.515479
7.433370
7.345008
7.251716
7.154593
7.054550
6.952367
6.848691
6.744078
6.638976
6.533813
6.428884
6.324500
6.220866
6.118207
6.591847
7.325760
8.184470
8.700834
9.043111
9.272508
9.423511
9.517527
9.568507
9.585982
9.570933
9.531876
9.474151
9.401682
9.317474
9.223900
9.122865
9.015952
8.904435
8.789418
8.671787
8.552329
8.431682
8.310380
8.188899
8.067624
7.946870
7.826928
7.708024
7.590338
8.028914
8.729411
9.557246
10.061239
10.393809
10.614778
10.758182
10.845066
10.889169
10.899870
10.877811
10.831467
10.766239
10.686106
10.594085
10.492589
10.383534
10.268533
10.148869
10.025681
9.899881
9.772244
9.643428
9.513991
9.384424
9.255099
9.126377
8.998526
8.871759
8.746307
9.160575
9.839189
10.647860
11.148883
11.480266
11.700784
11.844020
11.930754
11.974515
11.984599
11.961383
11.913293
11.845819
11.762989
11.667893
11.562962
11.450212
11.331224
11.207404
11.079866
10.949571
10.817328
10.683806
10.549634
10.415243
10.281073
10.147468
10.014725
9.883077
9.752728
10.147474
10.809152
11.603728
12.105394
12.439208
12.662782
12.809204
12.898953
12.945384
12.957680
12.935976
12.888628
12.821223
12.737830
12.641635
12.535146
12.420383
12.299067
12.172601
12.042169
11.908764
11.773250
11.636336
11.498634
11.360651
11.222799
11.085475
10.948958
10.813488
10.679298
11.056832
11.703705
12.486550
12.990330
13.328408
13.557038
13.708731
13.803594
13.854704
13.871100
13.852657
13.807629
13.741678
13.658966
13.562740
13.455572
13.339620
13.216611
13.088060
12.955191
12.819075
12.680637
12.540577
12.399565
12.258184
12.116830
11.975892
11.835722
11.696556
11.558620
11.873013
12.434419
13.123539
13.571951
13.872206
14.073866
14.205762
14.285794
14.325701
14.333585
14.309268
14.260154
14.191415
14.106932
14.009720
13.902168
13.786285
13.663704
13.535834
13.403869
13.268798
13.131461
12.992630
12.852896
12.712780
12.572746
12.433148
12.294298
12.156483
12.019905
12.327927
12.885870
13.574798
14.032437
14.343179
14.555635
14.698169
14.788417
14.837888
14.854583
14.838173
14.795927
14.733085
14.653580
14.560507
14.456366
14.343235
14.222832
14.096649
13.965947
13.831798
13.695084
13.556586
13.416962
13.276729
13.136393
12.996347
12.856889
12.718322
12.580897
12.444783
12.310164
12.177195
12.045953
11.916544
11.789048
11.663515
11.539974
11.418471
11.298998
11.181592
11.066228
10.952915
10.841651
10.732397
10.625154
10.519892
10.416584
10.315208
10.215735
10.118129
10.022378
9.928424
9.836271
9.745848
9.657154
9.570139
9.484781
9.401041
9.318882
9.238286
9.159210
9.081625
9.005505
8.930810
8.857526
8.785603
8.715017
8.645748
8.577749
8.511004
8.445491
8.381170
8.318012
8.256008
8.195116
8.135316
8.076582
8.018890
7.962212
7.906528
7.851818
7.798050
7.745204
7.693264
7.642211
7.592013
7.542653
7.494115
7.446383
7.399429
7.353234
7.307780
7.263062
7.219051
7.175728
7.133079
7.091089
7.049748
7.009033
6.968928
6.929416
6.890489
6.852139
6.814343
6.777086
6.740356
6.704140
6.668429
6.633217
6.598484
6.564217
6.530404
6.497036
6.464105
6.431606
6.399519
6.367836
6.336548
6.305644
6.275115
6.244963
6.215170
6.185726
6.156625
6.127857
6.099414
6.071291
6.043484
6.015984
5.988781
5.961869
5.935238
5.908885
5.882803
5.856988
5.831436
5.806137
5.781087
5.756278
5.731705
5.707364
5.683249
5.659355
5.635681
5.612222
5.588970
5.565922
5.543071
5.520415
5.497949
5.475669
5.453572
5.431654
5.409916
5.388349
5.366951
5.345717
5.324644
5.303728
5.282968
5.262359
5.241900
5.221588
5.201422
5.181397
5.161511
5.141760
5.122141
5.102652
5.083291
5.064055
5.044943
5.025952
5.007083
4.988333
4.969697
4.951175
4.932763
4.914460
4.896264
4.878174
4.860187
4.842302
4.824518
4.806834
4.789250
4.771761
4.754367
4.737066
4.719856
4.702736
4.685704
4.668759
4.651900
4.635126
4.618436
4.601829
4.585306
4.568864
4.552502
4.536217
4.520010
4.503878
4.487821
4.471837
4.455927
4.440088
4.424321
4.408625
4.392999
4.377444
4.361958
4.346540
4.331188
4.315901
4.300679
4.285521
4.270427
4.255395
4.240425
4.225516
4.210668
4.195882
4.181155
4.166489
4.151883
4.137335
4.122845
4.108411
4.094033
4.079711
4.065443
4.051231
4.037072
4.022968
4.008916
3.994918
3.980972
3.967079
3.953239
3.939452
3.925716
3.912031
3.898395
3.884808
3.871270
3.857781
3.844340
3.830948
3.817602
3.804305
3.791055
3.777851
3.764695
3.751586
3.738524
3.725508
3.712538
3.699613
3.686733
3.673897
3.661104
3.648355
3.635649
3.622987
3.610368
3.597791
3.585257
3.572766
3.560317
3.547910
3.535546
3.523225
3.510946
3.498707
3.486510
3.474353
3.462236
3.450158
3.438121
3.426123
3.414164
3.402244
3.390363
3.378522
3.366719
3.354955
3.343229
3.331543
3.319895
3.308287
3.296717
3.285184
3.273689
3.262230
3.250809
3.239424
3.228075
3.216763
3.205487
3.194247
3.183043
3.171875
3.160742
3.149646
3.138585
3.127559
3.116570
3.105616
3.094699
3.083817
3.072969
3.062156
3.051377
3.040633
3.029922
3.019245
3.008601
2.997991
2.987414
2.976871
2.966361
2.955884
2.945440
2.935030
2.924652
2.914308
2.903996
2.893718
2.883474
2.873262
2.863082
2.852935
2.842819
2.832735
2.822683
2.812662
2.802672
2.792714
2.782786
2.772890
2.763024
2.753190
2.743386
2.733613
2.723871
2.714159
2.704478
2.694828
2.685209
2.675621
2.666064
2.656537
2.647039
2.637572
2.628134
2.618726
2.609347
2.599997
2.590676
2.581385
2.572122
2.562888
2.553682
2.544506
2.535358
2.526239
2.517149
2.508087
2.499053
2.490048
2.481072
2.472125
2.463206
2.454316
2.445454
2.436620
2.427813
2.419034
2.410283
2.401559
2.392862
2.384192
2.375549
2.366934
2.358345
2.349783
2.341247
2.332738
2.324256
2.315801
2.307372
2.298969
2.290594
2.282244
2.273921
2.265625
2.257355
2.249113
2.240896
2.232705
2.224541
2.216402
2.208288
2.200200
2.192138
2.184101
2.176089
2.168102
2.160140
2.152204
2.144292
2.136405
2.128543
2.120705
2.112892
2.105104
2.097340
2.089601
2.081886
2.074196
2.066531
2.058889
2.051273
2.043681
2.036114
2.028571
2.021052
2.013558
2.006086
1.998639
1.991215
1.983815
1.976438
1.969085
1.961755
1.954448
1.947164
1.939903
1.932666
1.925451
1.918259
1.911090
1.903944
1.896820
1.889719
1.882641
1.875585
1.868552
1.861542
1.854554
1.847589
1.840646
1.833726
1.826828
1.819954
1.813101
1.806270
1.799461
1.792675
1.785910
1.779166
1.772445
1.765745
1.759066
1.752409
1.745774
1.739159
1.732566
1.725994
1.719443
1.712914
1.706405
1.699917
1.693450
1.687004
1.680579
1.674174
1.667791
1.661428
1.655085
1.648764
1.642463
1.636182
1.629922
1.623683
1.617465
1.611267
1.605090
1.598933
1.592796
1.586679
1.580582
1.574505
1.568448
1.562411
1.556394
1.550396
1.544418
1.538459
1.532520
1.526600
1.520700
1.514819
1.508957
1.503115
1.497292
1.491488
1.485703
1.479937
1.474190
1.468461
1.462752
1.457062
1.451390
1.445738
1.440104
1.434488
1.428892
1.423314
1.417755
1.412215
1.406693
1.401191
1.395707
1.390241
1.384793
1.379364
1.373953
1.368560
1.363185
1.357828
1.352489
1.347169
1.341865
1.336580
1.331312
1.326063
1.320830
1.315616
1.310419
1.305239
1.300077
1.294932
1.289805
1.284695
1.279602
1.274527
1.269468
1.264427
1.259403
1.254396
1.249406
1.244433
1.239477
1.234538
1.229615
1.224710
1.219821
1.214950
1.210095
1.205257
1.200435
1.195630
1.190843
1.186072
1.181317
1.176579
1.171857
1.167152
1.162463
1.157790
1.153134
1.148493
1.143869
1.139261
1.134669
1.130092
1.125532
1.120988
1.116459
1.111946
1.107449
1.102968
1.098502
1.094052
1.089618
1.085199
1.080795
1.076408
1.072035
1.067678
1.063336
1.059010
1.054699
1.050403
1.046122
1.041857
1.037606
1.033371
1.029150
1.024945
1.020755
1.016579
1.012419
1.008273
1.004143
1.000027
0.995926
0.991840
0.987768
0.983712
0.979670
0.975643
0.971631
0.967633
0.963650
0.959681
0.955726
0.951786
0.947861
0.943949
0.940052
0.936169
0.932300
0.928446
0.924605
0.920778
0.916966
0.913167
0.909383
0.905612
0.901855
0.898112
0.894383
0.890667
0.886965
0.883277
0.879603
0.875942
0.872295
0.868661
0.865041
0.861434
0.857841
0.854261
0.850694
0.847141
0.843601
0.840074
0.836561
0.833061
0.829573
0.826099
0.822639
0.819191
0.815756
0.812334
0.808925
0.805529
0.802146
0.798776
0.795419
0.792074
0.788743
0.785424
0.782117
0.778824
0.775543
0.772275
0.769020
0.765777
0.762547
0.759329
0.756124
0.752931
0.749751
0.746583
0.743427
0.740284
0.737153
0.734034
0.730927
0.727832
0.724750
0.721679
0.718621
0.715574
0.712540
0.709517
0.706507
0.703508
0.700521
0.697546
0.694582
0.691630
0.688690
0.685762
0.682845
0.679940
0.677047
0.674165
0.671294
0.668435
0.665588
0.662752
0.659927
0.657113
0.654311
0.651520
0.648741
0.645972
0.643215
0.640469
0.637734
0.635011
0.632298
0.629596
0.626905
0.624226
0.621557
0.618899
0.616252
0.613616
0.610990
0.608375
0.605772
0.603178
0.600596
0.598024
0.595463
0.592912
0.590372
0.587843
0.585324
0.582815
0.580317
0.577829
0.575352
0.572885
0.570428
0.567982
0.565546
0.563120
0.560704
0.558299
0.555904
0.553519
0.551144
0.548779
0.546424
0.544080
0.541745
0.539420
0.537105
0.534800
0.532504
0.530219
0.527943
0.525677
0.523421
0.521174
0.518937
0.516709
0.514491
0.512283
0.510084
0.507895
0.505715
0.503544
0.501383
0.499231
0.497089
0.494956
0.492832
0.490717
0.488611
0.486515
0.484428
0.482350
0.480281
0.478221
0.476170
0.474128
0.472094
0.470070
0.468055
0.466049
0.464051
0.462062
0.460082
0.458111
0.456148
0.454195
0.452249
0.450313
0.448385
0.446465
0.444554
0.442652
0.440758
0.438872
0.436995
0.435126
0.433266
0.431414
0.429570
0.427734
0.425907
0.424088
0.422277
0.420474
0.418679
0.416893
0.415114
0.413343
0.411581
0.409826
0.408079
0.406340
0.404609
0.402886
0.401171
0.399463
0.397764
0.396071
0.394387
0.392710
0.391041
0.389379
0.387726
0.386079
0.384440
0.382809
0.381185
0.379568
0.377959
0.376357
0.374763
0.373175
0.371595
0.370023
0.368457
0.366899
0.365348
0.363804
0.362267
0.360737
0.359214
0.357698
0.356190
0.354688
0.353193
0.351705
0.350224
0.348749
0.347282
0.345821
0.344368
0.342920
0.341480
0.340046
0.338619
0.337199
0.335785
0.334378
0.332977
0.331583
0.330195
0.328814
0.327439
0.326070
0.324708
0.323352
0.322002
0.320659
0.319322
0.317991
0.316666
0.315348
0.314035
0.312729
0.311429
0.310135
0.308846
0.307564
0.306288
0.305018
0.303753
0.302495
0.301242
0.299995
0.298754
0.297519
0.296289
0.295065
0.293847
0.292634
0.291427
0.290226
0.289030
0.287840
0.286656
0.285477
0.284303
0.283135
0.281972
0.280814
0.279662
0.278516
0.277374
0.276238
0.275107
0.273982
0.272861
0.271746
0.270636
0.269531
0.268431
0.267337
0.266247
0.265162
0.264083
0.263008
0.261938
0.260873
0.259813
0.258758
0.257708
0.256663
0.255622
0.254587
0.253556
0.252529
0.251508
0.250491
0.249479
0.248471
0.247468
0.246470
0.245476
0.244486
0.243502
0.242521
0.241545
0.240574
0.239607
0.238644
0.237686
0.236732
0.235783
0.234838
0.233897
0.232960
0.232027
0.231099
0.230175
0.229255
0.228339
0.227427
0.226520
0.225616
0.224717
0.223821
0.222930
0.222043
0.221159
0.220279
0.219404
0.218532
0.217664
0.216800
0.215940
0.215084
0.214231
0.213382
0.212537
0.211696
0.210858
0.210024
0.209194
0.208367
0.207544
0.206725
0.205909
0.205097
0.204288
0.203483
0.202681
0.201883
0.201088
0.200297
0.199509
0.198724
0.197943
0.197165
0.196391
0.195620
0.194852
0.194088
0.193326
0.192568
0.191814
0.191062
0.190314
0.189569
0.188827
0.188088
0.187352
0.186619
0.185890
0.185163
0.184440
0.183719
0.183002
0.182288
0.181576
0.180868
0.180162
0.179460
0.178760
0.178063
0.177369
0.176678
0.175990
0.175304
0.174622
0.173942
0.173265
0.172591
0.171919
0.171251
0.170584
0.169921
0.169260
0.168602
0.167947
0.167294
0.166644
0.165997
0.165352
0.164709
0.164070
0.163432
0.162798
0.162165
0.161536
0.160908
0.160284
0.159661
0.159041
0.158424
0.157809
0.157196
0.156586
0.155978
0.155373
0.154769
0.154169
0.153570
0.152974
0.152380
0.151788
0.151199
0.150612
0.150027
0.149444
0.148863
0.148285
0.147709
0.147135
0.146563
0.145994
0.145426
0.144861
0.144298
0.143736
0.143177
0.142620
0.142065
0.141512
0.140962
0.140413
0.139866
0.139321
0.138778
0.138237
0.137699
0.137162
0.136627
0.136094
0.135563
0.135033
0.134506
0.133981
0.133457
0.132936
0.132416
0.131898
0.131382
0.130868
0.130355
0.129845
0.129336
0.128829
0.128324
0.127820
0.127319
0.126819
0.126321
0.125824
0.125329
0.124836
0.124345
0.123855
0.123368
0.122881
0.122397
0.121914
0.121433
0.120953
0.120475
0.119999
0.119524
0.119051
0.118579
0.118109
0.117641
0.117174
0.116709
0.116245
0.115783
0.115322
0.114863
0.114405
0.113949
0.113495
0.113042
0.112590
0.112140
0.111691
0.111244
0.110799
0.110354
0.109912
0.109470
0.109030
0.108592
0.108155
0.107719
0.107285
0.106852
0.106421
0.105991
0.105562
0.105135
0.104709
0.104284
0.103861
0.103439
0.103018
0.102599
0.102181
0.101764
0.101349
0.100935
0.100522
0.100111
0.099701
0.099292
0.098884
0.098478
0.098073
0.097669
0.097266
0.096865
0.096465
0.096066
0.095668
0.095272
0.094877
0.094483
0.094090
0.093698
0.093308
0.092919
0.092531
0.092144
0.091758
0.091374
0.090990
0.090608
0.090227
0.089847
0.089468
0.089091
0.088714
0.088339
0.087965
0.087592
0.087220
0.086849
0.086479
0.086110
0.085742
0.085376
0.085010
0.084646
0.084283
0.083921
0.083559
0.083199
0.082840
0.082482
0.082125
0.081769
0.081415
0.081061
0.080708
0.080356
0.080005
0.079656
0.079307
0.078959
0.078613
0.078267
0.077922
0.077578
0.077236
0.076894
0.076553
0.076213
0.075875
0.075537
0.075200
0.074864
0.074529
0.074195
0.073862
0.073530
0.073199
0.072869
0.072540
0.072211
0.071884
0.071558
0.071232
0.070908
0.070584
0.070261
0.069939
0.069618
0.069298
0.068979
0.068661
0.068344
0.068027
0.067712
0.067397
0.067083
0.066770
0.066458
0.066147
0.065837
0.065528
0.065219
0.064911
0.064604
0.064299
0.063993
0.063689
0.063386
0.063083
0.062781
0.062481
0.062181
0.061881
0.061583
0.061285
0.060989
0.060693
0.060398
0.060103
0.059810
0.059517
0.059226
0.058935
0.058644
0.058355
0.058066
0.057778
0.057491
0.057205
0.056920
0.056635
0.056351
0.056068
0.055786
0.055504
0.055224
0.054944
0.054664
0.054386
0.054108
0.053831
0.053555
0.053280
0.053005
0.052731
0.052458
0.052186
0.051914
0.051643
0.051373
0.051103
0.050835
0.050567
0.050299
0.050033
0.049767
0.049502
0.049238
0.048974
0.048711
0.048449
0.048188
0.047927
0.047667
0.047408
0.047149
0.046891
0.046634
0.046378
0.046122
0.045867
0.045612
0.045359
0.045106
0.044853
0.044602
0.044351
0.044100
0.043851
0.043602
0.043354
0.043106
0.042859
0.042613
0.042368
0.042123
0.041878
0.041635
0.041392
0.041150
0.040908
0.040667
0.040427
0.040188
0.039949
0.039710
0.039473
0.039236
0.038999
0.038764
0.038529
0.038294
0.038060
0.037827
0.037595
0.037363
0.037132
0.036901
0.036671
0.036442
0.036213
0.035985
0.035757
0.035530
0.035304
0.035079
0.034854
0.034629
0.034405
0.034182
0.033960
0.033738
0.033516
0.033295
0.033075
0.032856
0.032637
0.032418
0.032200
0.031983
0.031767
0.031551
0.031335
0.031120
0.030906
0.030693
0.030479
0.030267
0.030055
0.029844
0.029633
0.029423
0.029213
0.029004
0.028796
0.028588
0.028380
0.028174
0.027967
0.027762
0.027557
0.027352
0.027148
0.026945
0.026742
0.026540
0.026338
0.026137
0.025936
0.025736
0.025536
0.025337
0.025139
0.024941
0.024744
0.024547
0.024350
0.024155
0.023959
0.023765
0.023571
0.023377
0.023184
0.022991
0.022799
0.022608
0.022417
0.022226
0.022036
0.021847
0.021658
0.021470
0.021282
0.021095
0.020908
0.020721
0.020536
0.020350
0.020166
0.019981
0.019797
0.019614
0.019431
0.019249
0.019067
0.018886
0.018705
0.018525
0.018345
0.018166
0.017987
0.017809
0.017631
0.017454
0.017277
0.017101
0.016925
0.016750
0.016575
0.016400
0.016226
0.016053
0.015880
0.015708
0.015536
0.015364
0.015193
0.015022
0.014852
0.014683
0.014514
0.014345
0.014177
0.014009
0.013842
0.013675
0.013508
0.013342
0.013177
0.013012
0.012847
0.012683
0.012520
0.012357
0.012194
0.012032
0.011870
0.011708
0.011547
0.011387
0.011227
0.011067
0.010908
0.010749
0.010591
0.010433
0.010276
0.010119
0.009963
0.009806
0.009651
0.009496
0.009341
0.009186
0.009033
0.008879
0.008726
0.008573
0.008421
0.008269
0.008118
0.007967
0.007817
0.007666
0.007517
0.007367
0.007219
0.007070
0.006922
0.006775
0.006627
0.006481
0.006334
0.006188
0.006043
0.005898
0.005753
0.005608
0.005464
0.005321
0.005178
0.005035
0.004893
0.004751
0.004609
0.004468
0.004327
0.004187
0.004047
0.003908
0.003768
0.003630
0.003491
0.003353
0.003216
0.003078
0.002941
0.002805
0.002669
0.002533
0.002398
0.002263
0.002128
0.001994
0.001860
0.001727
0.001594
0.001461
0.001329
0.001197
0.001065
0.000934
0.000803
0.000673
0.000543
0.000413
0.000284
0.000155
0.000026
-0.000102
-0.000230
-0.000358
-0.000485
-0.000612
-0.000738
-0.000864
-0.000990
-0.001116
-0.001241
-0.001365
-0.001490
-0.001614
-0.001737
-0.001861
-0.001984
-0.002106
-0.002228
-0.002350
-0.002472
-0.002593
-0.002714
-0.002835
-0.002955
-0.003075
-0.003194
-0.003313
-0.003432
-0.003551
-0.003669
-0.003787
-0.003904
-0.004021
-0.004138
-0.004255
-0.004371
-0.004487
-0.004602
-0.004718
-0.004832
-0.004947
-0.005061
-0.005175
-0.005289
-0.005402
-0.005515
-0.005628
-0.005740
-0.005852
-0.005963
-0.006075
-0.006186
-0.006297
-0.006407
-0.006517
-0.006627
-0.006736
-0.006845
-0.006954
-0.007063
-0.007171
-0.007279
-0.007387
-0.007494
-0.007601
-0.007708
-0.007814
-0.007920
-0.008026
-0.008131
-0.008237
-0.008341
-0.008446
-0.008550
-0.008654
-0.008758
-0.008861
-0.008965
-0.009067
-0.009170
-0.009272
-0.009374
-0.009476
-0.009577
-0.009678
-0.009779
-0.009879
-0.009980
-0.010080
-0.010179
-0.010279
-0.010378
-0.010476
-0.010575
-0.010673
-0.010771
-0.010869
-0.010966
-0.011063
-0.011160
-0.011257
-0.011353
-0.011449
-0.011545
-0.011640
-0.011735
-0.011830
-0.011925
-0.012019
-0.012114
-0.012207
-0.012301
-0.012394
-0.012487
-0.012580
-0.012673
-0.012765
-0.012857
-0.012949
-0.013040
-0.013131
-0.013222
-0.013313
-0.013403
-0.013494
-0.013583
-0.013673
-0.013762
-0.013852
-0.013941
-0.014029
-0.014118
-0.014206
-0.014294
-0.014381
-0.014469
-0.014556
-0.014643
-0.014729
-0.014816
-0.014902
-0.014988
-0.015073
-0.015159
-0.015244
-0.015329
-0.015413
-0.015498
-0.015582
-0.015666
-0.015750
-0.015833
-0.015916
-0.015999
-0.016082
-0.016165
-0.016247
-0.016329
-0.016411
-0.016492
-0.016574
-0.016655
-0.016736
-0.016816
-0.016897
-0.016977
-0.017057
-0.017137
-0.017216
-0.017295
-0.017374
-0.017453
-0.017532
-0.017610
-0.017688
-0.017766
-0.017844
-0.017921
-0.017999
-0.018076
-0.018152
-0.018229
-0.018305
-0.018382
-0.018458
-0.018533
-0.018609
-0.018684
-0.018759
-0.018834
-0.018909
-0.018983
-0.019057
-0.019131
-0.019205
-0.019279
-0.019352
-0.019425
-0.019498
-0.019571
-0.019643
-0.019716
-0.019788
-0.019860
-0.019932
-0.020003
-0.020074
-0.020145
-0.020216
-0.020287
-0.020358
-0.020428
-0.020498
-0.020568
-0.020637
-0.020707
-0.020776
-0.020845
-0.020914
-0.020983
-0.021051
-0.021120
-0.021188
-0.021256
-0.021323
-0.021391
-0.021458
-0.021525
-0.021592
-0.021659
-0.021726
-0.021792
-0.021858
-0.021924
-0.021990
-0.022056
-0.022121
-0.022186
-0.022252
-0.022316
-0.022381
-0.022446
-0.022510
-0.022574
-0.022638
-0.022702
-0.022765
-0.022829
-0.022892
-0.022955
-0.023018
-0.023081
-0.023143
-0.023205
-0.023268
-0.023330
-0.023391
-0.023453
-0.023514
-0.023576
-0.023637
-0.023698
-0.023759
-0.023819
-0.023880
-0.023940
-0.024000
-0.024060
-0.024119
-0.024179
-0.024238
-0.024298
-0.024357
-0.024415
-0.024474
-0.024533
-0.024591
-0.024649
-0.024707
-0.024765
-0.024823
-0.024880
-0.024938
-0.024995
-0.025052
-0.025109
-0.025166
-0.025222
-0.025279
-0.025335
-0.025391
-0.025447
-0.025503
-0.025558
-0.025614
-0.025669
-0.025724
-0.025779
-0.025834
-0.025889
-0.025943
-0.025998
-0.026052
-0.026106
-0.026160
-0.026214
-0.026267
-0.026321
-0.026374
-0.026427
-0.026480
-0.026533
-0.026585
-0.026638
-0.026690
-0.026743
-0.026795
-0.026847
-0.026898
-0.026950
-0.027002
-0.027053
-0.027104
-0.027155
-0.027206
-0.027257
-0.027308
-0.027358
-0.027408
-0.027459
-0.027509
-0.027559
-0.027608
-0.027658
-0.027708
-0.027757
-0.027806
-0.027855
-0.027904
-0.027953
-0.028002
-0.028050
-0.028099
-0.028147
-0.028195
-0.028243
-0.028291
-0.028338
-0.028386
-0.028433
-0.028481
-0.028528
-0.028575
-0.028622
-0.028669
-0.028715
-0.028762
-0.028808
-0.028855
-0.028901
-0.028947
-0.028993
-0.029038
-0.029084
-0.029129
-0.029175
-0.029220
-0.029265
-0.029310
-0.029355
-0.029400
-0.029444
-0.029489
-0.029533
-0.029577
-0.029621
-0.029665
-0.029709
-0.029753
-0.029796
-0.029840
-0.029883
-0.029926
-0.029970
-0.030013
-0.030055
-0.030098
-0.030141
-0.030183
-0.030226
-0.030268
-0.030310
-0.030352
-0.030394
-0.030436
-0.030478
-0.030519
-0.030561
-0.030602
-0.030643
-0.030684
-0.030725
-0.030766
-0.030807
-0.030848
-0.030888
-0.030928
-0.030969
-0.031009
-0.031049
-0.031089
-0.031129
-0.031169
-0.031208
-0.031248
-0.031287
-0.031327
-0.031366
-0.031405
-0.031444
-0.031483
-0.031521
-0.031560
-0.031599
-0.031637
-0.031675
-0.031714
-0.031752
-0.031790
-0.031828
-0.031866
-0.031903
-0.031941
-0.031978
-0.032016
-0.032053
-0.032090
-0.032127
-0.032164
-0.032201
-0.032238
-0.032275
-0.032311
-0.032348
-0.032384
-0.032420
-0.032456
-0.032493
-0.032528
-0.032564
-0.032600
-0.032636
-0.032671
-0.032707
-0.032742
-0.032777
-0.032813
-0.032848
-0.032883
-0.032918
-0.032952
-0.032987
-0.033022
-0.033056
-0.033091
-0.033125
-0.033159
-0.033193
-0.033227
-0.033261
-0.033295
-0.033329
-0.033363
-0.033396
-0.033430
-0.033463
-0.033496
-0.033530
-0.033563
-0.033596
-0.033629
-0.033662
-0.033694
-0.033727
-0.033760
-0.033792
-0.033824
-0.033857
-0.033889
-0.033921
-0.033953
-0.033985
-0.034017
-0.034049
-0.034080
-0.034112
-0.034144
-0.034175
-0.034206
-0.034238
-0.034269
-0.034300
-0.034331
-0.034362
-0.034393
-0.034424
-0.034454
-0.034485
-0.034515
-0.034546
-0.034576
-0.034606
-0.034637
-0.034667
-0.034697
-0.034727
-0.034757
-0.034786
-0.034816
-0.034846
-0.034875
-0.034905
-0.034934
-0.034963
-0.034993
-0.035022
-0.035051
-0.035080
-0.035109
-0.035137
-0.035166
-0.035195
-0.035224
-0.035252
-0.035281
-0.035309
-0.035337
-0.035365
-0.035394
-0.035422
-0.035450
-0.035478
-0.035505
-0.035533
-0.035561
-0.035588
-0.035616
-0.035643
-0.035671
-0.035698
-0.035725
-0.035753
-0.035780
-0.035807
-0.035834
-0.035861
-0.035887
-0.035914
-0.035941
-0.035967
-0.035994
-0.036020
-0.036047
-0.036073
-0.036099
-0.036126
-0.036152
-0.036178
-0.036204
-0.036230
-0.036256
-0.036281
-0.036307
-0.036333
-0.036358
-0.036384
-0.036409
-0.036435
-0.036460
-0.036485
-0.036510
-0.036535
-0.036560
-0.036585
-0.036610
-0.036635
-0.036660
-0.036685
-0.036709
-0.036734
-0.036758
-0.036783
-0.036807
-0.036831
-0.036856
-0.036880
-0.036904
-0.036928
-0.036952
-0.036976
-0.037000
-0.037024
-0.037047
-0.037071
-0.037095
-0.037118
-0.037142
-0.037165
-0.037189
-0.037212
-0.037235
-0.037258
-0.037282
-0.037305
-0.037328
-0.037351
-0.037374
-0.037396
-0.037419
-0.037442
-0.037465
-0.037487
-0.037510
-0.037532
-0.037555
-0.037577
-0.037599
-0.037622
-0.037644
-0.037666
-0.037688
-0.037710
-0.037732
-0.037754
-0.037776
-0.037798
-0.037819
-0.037841
-0.037863
-0.037884
-0.037906
-0.037927
-0.037949
-0.037970
-0.037991
-0.038013
-0.038034
-0.038055
-0.038076
-0.038097
-0.038118
-0.038139
-0.038160
-0.038181
-0.038202
-0.038222
-0.038243
-0.038264
-0.038284
-0.038305
-0.038325
-0.038346
-0.038366
-0.038386
-0.038406
-0.038427
-0.038447
-0.038467
-0.038487
-0.038507
-0.038527
-0.038547
-0.038567
-0.038586
-0.038606
-0.038626
-0.038645
-0.038665
-0.038685
-0.038704
-0.038724
-0.038743
-0.038762
-0.038782
-0.038801
-0.038820
-0.038839
-0.038858
-0.038877
-0.038896
-0.038915
-0.038934
-0.038953
-0.038972
-0.038991
-0.039010
-0.039028
-0.039047
-0.039065
-0.039084
-0.039102
-0.039121
-0.039139
-0.039158
-0.039176
-0.039194
-0.039213
-0.039231
-0.039249
-0.039267
-0.039285
-0.039303
-0.039321
-0.039339
-0.039357
-0.039375
-0.039392
-0.039410
-0.039428
-0.039445
-0.039463
-0.039481
-0.039498
-0.039516
-0.039533
-0.039550
-0.039568
-0.039585
-0.039602
-0.039620
-0.039637
-0.039654
-0.039671
-0.039688
-0.039705
-0.039722
-0.039739
-0.039756
-0.039773
-0.039790
-0.039806
-0.039823
-0.039840
-0.039856
-0.039873
-0.039890
-0.039906
-0.039923
-0.039939
-0.039956
-0.039972
-0.039988
-0.040005
-0.040021
-0.040037
-0.040053
-0.040069
-0.040085
-0.040101
-0.040118
-0.040133
-0.040149
-0.040165
-0.040181
-0.040197
-0.040213
-0.040229
-0.040244
-0.040260
-0.040276
-0.040291
-0.040307
-0.040322
-0.040338
-0.040353
-0.040369
-0.040384
-0.040399
-0.040415
-0.040430
-0.040445
-0.040461
-0.040476
-0.040491
-0.040506
-0.040521
-0.040536
-0.040551
-0.040566
-0.040581
-0.040596
-0.040611
-0.040625
-0.040640
-0.040655
-0.040670
-0.040684
-0.040699
-0.040714
-0.040728
-0.040743
-0.040757
-0.040772
-0.040786
-0.040801
-0.040815
-0.040829
-0.040844
-0.040858
-0.040872
-0.040886
-0.040901
-0.040915
-0.040929
-0.040943
-0.040957
-0.040971
-0.040985
-0.040999
-0.041013
-0.041027
-0.041041
-0.041054
-0.041068
-0.041082
-0.041096
-0.041109
-0.041123
-0.041137
-0.041150
-0.041164
-0.041177
-0.041191
-0.041204
-0.041218
-0.041231
-0.041245
-0.041258
-0.041271
-0.041285
-0.041298
-0.041311
-0.041324
-0.041338
-0.041351
-0.041364
-0.041377
-0.041390
-0.041403
-0.041416
-0.041429
-0.041442
-0.041455
-0.041468
-0.041481
-0.041493
-0.041506
-0.041519
-0.041532
-0.041544
-0.041557
-0.041570
-0.041582
-0.041595
-0.041608
-0.041620
-0.041633
-0.041645
-0.041658
-0.041670
-0.041683
-0.041695
-0.041707
-0.041720
-0.041732
-0.041744
-0.041756
-0.041769
-0.041781
-0.041793
-0.041805
-0.041817
-0.041829
-0.041841
-0.041853
-0.041865
-0.041877
-0.041889
-0.041901
-0.041913
-0.041925
-0.041937
-0.041949
-0.041961
-0.041972
-0.041984
-0.041996
-0.042008
-0.042019
-0.042031
-0.042043
-0.042054
-0.042066
-0.042077
-0.042089
-0.042100
-0.042112
-0.042123
-0.042135
-0.042146
-0.042157
-0.042169
-0.042180
-0.042191
-0.042203
-0.042214
-0.042225
-0.042236
-0.042248
-0.042259
-0.042270
-0.042281
-0.042292
-0.042303
-0.042314
-0.042325
-0.042336
-0.042347
-0.042358
-0.042369
-0.042380
-0.042391
-0.042402
-0.042413
-0.042423
-0.042434
-0.042445
-0.042456
-0.042466
-0.042477
-0.042488
-0.042499
-0.042509
-0.042520
-0.042530
-0.042541
-0.042552
-0.042562
-0.042573
-0.042583
-0.042594
-0.042604
-0.042614
-0.042625
-0.042635
-0.042646
-0.042656
-0.042666
-0.042676
-0.042687
-0.042697
-0.042707
-0.042717
-0.042728
-0.042738
-0.042748
-0.042758
-0.042768
-0.042778
-0.042788
-0.042798
-0.042808
-0.042818
-0.042828
-0.042838
-0.042848
-0.042858
-0.042868
-0.042878
-0.042888
-0.042898
-0.042908
-0.042917
-0.042927
-0.042937
-0.042947
-0.042956
-0.042966
-0.042976
-0.042985
-0.042995
-0.043005
-0.043014
-0.043024
-0.043034
-0.043043
-0.043053
-0.043062
-0.043072
-0.043081
-0.043091
-0.043100
-0.043109
-0.043119
-0.043128
-0.043138
-0.043147
-0.043156
-0.043166
-0.043175
-0.043184
-0.043193
-0.043203
-0.043212
-0.043221
-0.043230
-0.043240
-0.043249
-0.043258
-0.043267
-0.043276
-0.043285
-0.043294
-0.043303
-0.043312
-0.043321
-0.043330
-0.043339
-0.043348
-0.043357
-0.043366
-0.043375
-0.043384
-0.043393
-0.043402
-0.043411
-0.043419
-0.043428
-0.043437
-0.043446
-0.043454
-0.043463
-0.043472
-0.043481
-0.043489
-0.043498
-0.043507
-0.043515
-0.043524
-0.043533
-0.043541
-0.043550
-0.043558
-0.043567
-0.043575
-0.043584
-0.043592
-0.043601
-0.043609
-0.043618
-0.043626
-0.043635
-0.043643
-0.043652
-0.043660
-0.043668
-0.043677
-0.043685
-0.043693
-0.043702
-0.043710
-0.043718
-0.043726
-0.043735
-0.043743
-0.043751
-0.043759
-0.043767
-0.043776
-0.043784
-0.043792
-0.043800
-0.043808
-0.043816
-0.043824
-0.043832
-0.043840
-0.043848
-0.043856
-0.043864
-0.043872
-0.043880
-0.043888
-0.043896
-0.043904
-0.043912
-0.043920
-0.043928
-0.043936
-0.043944
-0.043952
-0.043959
-0.043967
-0.043975
-0.043983
-0.043991
-0.043998
-0.044006
-0.044014
-0.044022
-0.044029
-0.044037
-0.044045
-0.044052
-0.044060
-0.044068
-0.044075
-0.044083
-0.044090
-0.044098
-0.044106
-0.044113
-0.044121
-0.044128
-0.044136
-0.044143
-0.044151
-0.044158
-0.044166
-0.044173
-0.044181
-0.044188
-0.044196
-0.044203
-0.044210
-0.044218
-0.044225
-0.044232
-0.044240
-0.044247
-0.044254
-0.044262
-0.044269
-0.044276
-0.044284
-0.044291
-0.044298
-0.044305
-0.044313
-0.044320
-0.044327
-0.044334
-0.044341
-0.044349
-0.044356
-0.044363
-0.044370
-0.044377
-0.044384
-0.044391
-0.044398
-0.044405
-0.044412
-0.044420
-0.044427
-0.044434
-0.044441
-0.044448
-0.044455
-0.044462
-0.044468
-0.044475
-0.044482
-0.044489
-0.044496

