0.000000
0.000000
-0.000025
-0.000051
-0.000077
-0.000102
-0.000127
-0.000152
-0.000176
-0.000200
-0.000224
-0.000247
-0.000270
-0.000292
-0.000315
-0.000337
-0.000358
-0.000380
-0.000401
-0.000422
-0.000443
-0.000464
-0.000485
-0.000505
-0.000526
-0.000546
-0.000566
-0.000586
-0.000606
-0.000626
-0.000646
-0.000666
-0.000686
-0.000706
-0.000726
-0.000745
-0.000765
-0.000785
-0.000804
-0.000824
-0.000843
-0.000863
-0.000882
-0.000902
-0.000921
-0.000941
-0.000960
-0.000979
-0.000999
-0.001018
-0.001038
-0.001057
-0.001077
-0.001096
-0.001115
-0.001135
-0.001154
-0.001174
-0.001193
-0.001212
-0.001232
-0.001251
-0.001271
-0.001290
-0.001310
-0.001329
-0.001349
-0.001368
-0.001388
-0.001407
-0.001427
-0.001446
-0.001466
-0.001486
-0.001505
-0.001525
-0.001544
-0.001564
-0.001584
-0.001603
-0.001623
-0.001643
-0.001663
-0.001682
-0.001702
-0.001722
-0.001742
-0.001762
-0.001782
-0.001801
-0.001821
-0.001841
-0.001861
-0.001881
-0.001901
-0.001921
-0.001941
-0.001961
-0.001981
-0.002001
-0.002022
-0.002042
-0.002062
-0.002082
-0.002102
-0.002122
-0.002143
-0.002163
-0.002183
-0.002203
-0.002224
-0.002244
-0.002265
-0.002285
-0.002305
-0.002326
-0.002346
-0.002367
-0.002387
-0.002408
-0.002428
-0.002449
-0.002469
-0.002490
-0.002511
-0.002531
-0.002552
-0.002572
-0.002593
-0.002614
-0.002635
-0.002655
-0.002676
-0.002697
-0.002718
-0.002739
-0.002759
-0.002780
-0.002801
-0.002822
-0.002843
-0.002864
-0.002885
-0.002906
-0.002927
-0.002948
-0.002969
-0.002990
-0.003011
-0.003032
-0.003053
-0.003075
-0.003096
-0.003117
-0.003138
-0.003159
-0.003181
-0.003202
-0.003223
-0.003244
-0.003266
-0.003287
-0.003308
-0.003330
-0.003351
-0.003372
-0.003394
-0.003415
-0.003437
-0.003458
-0.003480
-0.003501
-0.003523
-0.003544
-0.003566
-0.003587
-0.003609
-0.003630
-0.003652
-0.003674
-0.003695
-0.003717
-0.003738
-0.003760
-0.003782
-0.003803
-0.003825
-0.003847
-0.003869
-0.003890
-0.003912
-0.003934
-0.003956
-0.003978
-0.003999
-0.004021
-0.004043
-0.004065
-0.004087
-0.004109
-0.004131
-0.004152
-0.004174
-0.004196
-0.004218
-0.004240
-0.004262
-0.004284
-0.004306
-0.004328
-0.004350
-0.004372
-0.004394
-0.004416
-0.004438
-0.004460
-0.004482
-0.004505
-0.004527
-0.004549
-0.004571
-0.004593
-0.004615
-0.004637
-0.004660
-0.004682
-0.004704
-0.004726
-0.004748
-0.004771
-0.004793
-0.004815
-0.004837
-0.004860
-0.004882
-0.004904
-0.004926
-0.004949
-0.004971
-0.004993
-0.005016
-0.005038
-0.005060
-0.005083
-0.005105
-0.005127
-0.005150
-0.005172
-0.005194
-0.005217
-0.005239
-0.005262
-0.005284
-0.005306
-0.005329
-0.005351
-0.005374
-0.005396
-0.005419
-0.005441
-0.005464
-0.005486
-0.005509
-0.005531
-0.005554
-0.005576
-0.005599
-0.005621
-0.005644
-0.005666
-0.005689
-0.005711
-0.005734
-0.005756
-0.005779
-0.005801
-0.005824
-0.005847
-0.005869
-0.005892
-0.005914
-0.005937
-0.005960
-0.005982
-0.006005
-0.006027
-0.006050
-0.006073
-0.006095
-0.006118
-0.006141
-0.006163
-0.006186
-0.006209
-0.006231
-0.006254
-0.006277
-0.006299
-0.006322
-0.006345
-0.006367
-0.006390
-0.006413
-0.006435
-0.006458
-0.006481
-0.006503
-0.006526
-0.006549
-0.006572
-0.006594
-0.006617
-0.006640
-0.006662
-0.006685
-0.006708
-0.006731
-0.006753
-0.006776
-0.006799
-0.006822
-0.006844
-0.006867
-0.006890
-0.006913
-0.006935
-0.006958
-0.006981
-0.007004
-0.007026
-0.007049
-0.007072
-0.007095
-0.007117
-0.007140
-0.007163
-0.007186
-0.007208
-0.007231
-0.007254
-0.007277
-0.007300
-0.007322
-0.007345
-0.007368
-0.007391
-0.007414
-0.007436
-0.007459
-0.007482
-0.007505
-0.007527
-0.007550
-0.007573
-0.007596
-0.007619
-0.007641
-0.007664
-0.007687
-0.007710
-0.007733
-0.007755
-0.007778
-0.007801
-0.007824
-0.007847
-0.007869
-0.007892
-0.007915
-0.007938
-0.007960
-0.007983
-0.008006
-0.008029
-0.008052
-0.008074
-0.008097
-0.008120
-0.008143
-0.008166
-0.008188
-0.008211
-0.008234
-0.008257
-0.008279
-0.008302
-0.008325
-0.008348
-0.008371
-0.008393
-0.008416
-0.008439
-0.008462
-0.008484
-0.008507
-0.008530
-0.008553
-0.008575
-0.008598
-0.008621
-0.008644
-0.008666
-0.008689
-0.008712
-0.008735
-0.008757
-0.008780
-0.008803
-0.008826
-0.008848
-0.008871
-0.008894
-0.008917
-0.008939
-0.008962
-0.008985
-0.009008
-0.009030
-0.009053
-0.009076
-0.009098
-0.009121
-0.009144
-0.009167
-0.009189
-0.009212
-0.009235
-0.009257
-0.009280
-0.009303
-0.009325
-0.009348
-0.009371
-0.009393
-0.009416
-0.009439
-0.009461
-0.009484
-0.009507
-0.009529
-0.009552
-0.009575
-0.009597
-0.009620
-0.009643
-0.009665
-0.009688
-0.009710
-0.009733
-0.009756
-0.009778
-0.009801
-0.009824
-0.009846
-0.009869
-0.009891
-0.009914
-0.009937
-0.009959
-0.009982
-0.010004
-0.010027
-0.010049
-0.010072
-0.010095
-0.010117
-0.010140
-0.010162
-0.010185
-0.010207
-0.010230
-0.010252
-0.010275
-0.010297
-0.010320
-0.010342
-0.010365
-0.010387
-0.010410
-0.010432
-0.010455
-0.010477
-0.010500
-0.010522
-0.010545
-0.010567
-0.010590
-0.010612
-0.010635
-0.010657
-0.010680
-0.010702
-0.010724
-0.010747
-0.010769
-0.010792
-0.010814
-0.010837
-0.010859
-0.010881
-0.010904
-0.010926
0.639417
1.559442
2.605616
3.249058
3.703519
4.034744
4.279894
4.462120
4.596570
4.693625
4.755736
4.791539
4.806449
4.804495
4.788815
4.761909
4.725808
4.682189
4.632437
4.577712
4.518994
4.457115
4.392769
4.326546
4.258948
4.190412
4.121288
4.051882
3.982463
3.913240
4.447783
5.243386
6.162515
6.715147
7.088935
7.346627
7.523667
7.641998
7.715988
7.755433
7.761846
7.743802
7.706638
7.654283
7.589762
7.515479
7.433370
7.345008
7.251716
7.154593
7.054550
6.952367
6.848691
6.744078
6.638976
6.533813
6.428884
6.324500
6.220866
6.118207
6.591847
7.325760
8.184470
8.700834
9.043111
9.272508
9.423511
9.517527
9.568507
9.585982
9.570933
9.531876
9.474151
9.401682
9.317474
9.223900
9.122865
9.015952
8.904435
8.789418
8.671787
8.552329
8.431682
8.310380
8.188899
8.067624
7.946870
7.826928
7.708024
7.590338
8.028914
8.729411
9.557246
10.061239
10.393809
10.614778
10.758182
10.845066
10.889169
10.899870
10.877811
10.831467
10.766239
10.686106
10.594085
10.492589
10.383534
10.268533
10.148869
10.025681
9.899881
9.772244
9.643428
9.513991
9.384424
9.255099
9.126377
8.998526
8.871759
8.746307
9.160575
9.839189
10.647860
11.148883
11.480266
11.700784
11.844020
11.930754
11.974515
11.984599
11.961383
11.913293
11.845819
11.762989
11.667893
11.562962
11.450212
11.331224
11.207404
11.079866
10.949571
10.817328
10.683806
10.549634
10.415243
10.281073
10.147468
10.014725
9.883077
9.752728
10.147474
10.809152
11.603728
12.105394
12.439208
12.662782
12.809204
12.898953
12.945384
12.957680
12.935976
12.888628
12.821223
12.737830
12.641635
12.535146
12.420383
12.299067
12.172601
12.042169
11.908764
11.773250
11.636336
11.498634
11.360651
11.222799
11.085475
10.948958
10.813488
10.679298
11.056832
11.703705
12.486550
12.990330
13.328408
13.557038
13.708731
13.803594
13.854704
13.871100
13.852657
13.807629
13.741678
13.658966
13.562740
13.455572
13.339620
13.216611
13.088060
12.955191
12.819075
12.680637
12.540577
12.399565
12.258184
12.116830
11.975892
11.835722
11.696556
11.558620
11.873013
12.434419
13.123539
13.571951
13.872206
14.073866
14.205762
14.285794
14.325701
14.333585
14.309268
14.260154
14.191415
14.106932
14.009720
13.902168
13.786285
13.663704
13.535834
13.403869
13.268798
13.131461
12.992630
12.852896
12.712780
12.572746
12.433148
12.294298
12.156483
12.019905
12.327927
12.885870
13.574798
14.032437
14.343179
14.555635
14.698169
14.788417
14.837888
14.854583
14.838173
14.795927
14.733085
14.653580
14.560507
14.456366
14.343235
14.222832
14.096649
13.965947
13.831798
13.695084
13.556586
13.416962
13.276729
13.136393
12.996347
12.856889
12.718322
12.580897
12.879677
13.430571
14.115353
14.579198
14.898492
15.120483
15.272801
15.372543
15.430892
15.455617
15.446150
15.409587
15.351195
15.274998
15.184179
15.081393
14.968815
14.848329
14.721502
14.589701
14.454117
14.315708
14.175279
14.033554
13.891085
13.748355
13.605812
13.463770
13.322563
13.182386
13.470195
14.012049
14.690907
15.159817
15.487741
15.719981
15.883146
15.993610
16.061997
16.095739
16.093923
16.063387
16.009380
15.936010
15.846614
15.743978
15.630502
15.508224
15.378932
15.244138
15.105133
14.963002
14.818690
14.672916
14.526336
14.379457
14.232760
14.086541
13.941156
13.796826
14.072635
14.604508
15.277144
15.751688
16.089883
16.335024
16.512146
16.636576
16.718249
16.764035
16.772511
16.750096
16.701921
16.632153
16.544284
16.441325
16.325943
16.200470
16.066940
15.927134
15.782528
15.634438
15.483896
15.331791
15.178799
15.025551
14.872543
14.720154
14.568724
14.418493
14.681148
15.202088
15.868401
16.350067
16.701997
16.964511
17.160940
17.305237
17.406258
17.470038
17.494362
17.484888
17.446398
17.382969
17.298208
17.195418
17.077597
16.947520
16.807646
16.660145
16.506918
16.349498
16.189242
16.027247
15.864322
15.701228
15.538572
15.376784
15.216244
15.057275
15.304391
15.812778
16.472789
16.964084
17.334579
17.621439
17.845809
18.019882
18.151060
18.244067
18.295401
18.309298
18.289606
18.239827
18.163406
18.063783
17.944371
17.808554
17.659496
17.500118
17.332971
17.160287
16.983904
16.805363
16.625859
16.446386
16.267709
16.090463
15.915102
15.741993
15.968587
16.460937
17.113712
17.617688
18.013821
18.335612
18.601772
18.822675
19.004034
19.148831
19.251528
19.313737
19.336994
19.322798
19.273072
19.190370
19.077883
18.939413
18.779143
18.601353
18.410114
18.209174
18.001809
17.790810
17.578422
17.366435
17.156150
16.948578
16.744444
16.544261
16.348341
16.156871
15.969939
15.787546
15.609644
15.436141
15.266971
15.101970
14.941010
14.783977
14.630671
14.481008
14.334817
14.192010
14.052415
13.915941
13.782495
13.651944
13.524181
13.399151
13.276769
13.156916
13.039544
12.924588
12.811977
12.701658
12.593559
12.487631
12.383802
12.282037
12.182275
12.084461
11.988546
11.894477
11.802202
11.711676
11.622839
11.535662
11.450086
11.366071
11.283561
11.202531
11.122927
11.044715
10.967859
10.892312
10.818053
10.745035
10.673218
10.602592
10.533104
10.464729
10.397452
10.331224
10.266032
10.201850
10.138641
10.076391
10.015072
9.954659
9.895128
9.836465
9.778639
9.721634
9.665440
9.610024
9.555366
9.501455
9.448279
9.395808
9.344026
9.292925
9.242489
9.192692
9.143525
9.094980
9.047035
8.999673
8.952882
8.906657
8.860983
8.815844
8.771225
8.727118
8.683516
8.640401
8.597761
8.555585
8.513872
8.472608
8.431778
8.391373
8.351386
8.311811
8.272639
8.233856
8.195453
8.157424
8.119763
8.082466
8.045519
8.008915
7.972646
7.936707
7.901098
7.865805
7.830820
7.796137
7.761749
7.727656
7.693853
7.660330
7.627081
7.594097
7.561378
7.528920
7.496721
7.464769
7.433061
7.401591
7.370357
7.339352
7.308582
7.278034
7.247704
7.217588
7.187681
7.157980
7.128484
7.099193
7.070100
7.041200
7.012487
6.983961
6.955617
6.927454
6.899475
6.871672
6.844039
6.816575
6.789277
6.762141
6.735169
6.708358
6.681706
6.655210
6.628864
6.602668
6.576618
6.550713
6.524952
6.499336
6.473862
6.448524
6.423323
6.398254
6.373315
6.348508
6.323829
6.299282
6.274861
6.250563
6.226387
6.202332
6.178395
6.154575
6.130872
6.107286
6.083816
6.060459
6.037214
6.014077
5.991049
5.968128
5.945312
5.922602
5.899997
5.877500
5.855104
5.832808
5.810612
5.788515
5.766514
5.744611
5.722802
5.701091
5.679477
5.657957
5.636529
5.615192
5.593945
5.572787
5.551718
5.530738
5.509846
5.489043
5.468329
5.447699
5.427155
5.406694
5.386315
5.366019
5.345805
5.325671
5.305620
5.285650
5.265763
5.245955
5.226225
5.206572
5.186996
5.167496
5.148072
5.128724
5.109451
5.090253
5.071133
5.052087
5.033115
5.014215
4.995386
4.976629
4.957942
4.939326
4.920781
4.902305
4.883900
4.865567
4.847303
4.829108
4.810981
4.792920
4.774927
4.756999
4.739137
4.721341
4.703611
4.685947
4.668349
4.650818
4.633352
4.615949
4.598609
4.581333
4.564118
4.546966
4.529875
4.512846
4.495879
4.478974
4.462131
4.445351
4.428631
4.411972
4.395372
4.378831
4.362349
4.345926
4.329561
4.313254
4.297005
4.280813
4.264681
4.248608
4.232592
4.216634
4.200732
4.184886
4.169096
4.153361
4.137682
4.122057
4.106487
4.090972
4.075512
4.060106
4.044757
4.029462
4.014222
3.999035
3.983900
3.968819
3.953790
3.938813
3.923888
3.909016
3.894194
3.879425
3.864707
3.850041
3.835429
3.820867
3.806357
3.791897
3.777487
3.763127
3.748817
3.734556
3.720344
3.706181
3.692067
3.678002
3.663986
3.650019
3.636102
3.622234
3.608414
3.594643
3.580918
3.567242
3.553612
3.540029
3.526493
3.513003
3.499560
3.486163
3.472812
3.459507
3.446249
3.433037
3.419872
3.406753
3.393680
3.380651
3.367668
3.354729
3.341834
3.328984
3.316178
3.303415
3.290697
3.278022
3.265391
3.252804
3.240260
3.227760
3.215305
3.202893
3.190524
3.178198
3.165913
3.153672
3.141472
3.129314
3.117198
3.105123
3.093090
3.081098
3.069148
3.057239
3.045371
3.033544
3.021758
3.010015
2.998312
2.986650
2.975028
2.963446
2.951904
2.940402
2.928939
2.917516
2.906132
2.894788
2.883482
2.872215
2.860988
2.849799
2.838649
2.827538
2.816465
2.805433
2.794438
2.783482
2.772564
2.761684
2.750841
2.740035
2.729267
2.718537
2.707843
2.697186
2.686567
2.675984
2.665437
2.654928
2.644454
2.634018
2.623617
2.613254
2.602927
2.592637
2.582383
2.572165
2.561982
2.551834
2.541722
2.531645
2.521603
2.511596
2.501624
2.491687
2.481784
2.471916
2.462082
2.452283
2.442518
2.432787
2.423090
2.413428
2.403800
2.394207
2.384647
2.375122
2.365630
2.356171
2.346745
2.337353
2.327993
2.318666
2.309372
2.300111
2.290882
2.281686
2.272522
2.263391
2.254291
2.245224
2.236189
2.227186
2.218215
2.209276
2.200369
2.191494
2.182651
2.173840
2.165060
2.156312
2.147595
2.138908
2.130253
2.121628
2.113034
2.104470
2.095937
2.087434
2.078962
2.070519
2.062107
2.053726
2.045374
2.037052
2.028760
2.020498
2.012265
2.004063
1.995890
1.987747
1.979634
1.971550
1.963496
1.955471
1.947475
1.939508
1.931570
1.923660
1.915779
1.907926
1.900102
1.892306
1.884538
1.876799
1.869087
1.861404
1.853748
1.846121
1.838521
1.830949
1.823405
1.815889
1.808400
1.800938
1.793504
1.786098
1.778719
1.771369
1.764045
1.756748
1.749479
1.742236
1.735020
1.727831
1.720668
1.713531
1.706421
1.699338
1.692280
1.685249
1.678243
1.671264
1.664310
1.657383
1.650481
1.643605
1.636754
1.629930
1.623130
1.616357
1.609608
1.602886
1.596188
1.589516
1.582869
1.576247
1.569651
1.563080
1.556534
1.550013
1.543517
1.537045
1.530598
1.524176
1.517777
1.511404
1.505054
1.498728
1.492427
1.486149
1.479896
1.473666
1.467460
1.461278
1.455119
1.448984
1.442873
1.436785
1.430720
1.424679
1.418661
1.412667
1.406695
1.400747
1.394822
1.388920
1.383042
1.377186
1.371353
1.365543
1.359756
1.353992
1.348250
1.342532
1.336835
1.331161
1.325509
1.319880
1.314272
1.308687
1.303124
1.297582
1.292062
1.286565
1.281088
1.275634
1.270201
1.264790
1.259400
1.254031
1.248684
1.243358
1.238054
1.232770
1.227508
1.222266
1.217046
1.211847
1.206668
1.201511
1.196374
1.191258
1.186162
1.181088
1.176034
1.171000
1.165987
1.160995
1.156023
1.151071
1.146140
1.141229
1.136339
1.131468
1.126617
1.121786
1.116975
1.112184
1.107412
1.102660
1.097927
1.093214
1.088521
1.083846
1.079191
1.074556
1.069939
1.065342
1.060763
1.056204
1.051664
1.047142
1.042640
1.038156
1.033691
1.029244
1.024816
1.020407
1.016016
1.011644
1.007290
1.002954
0.998637
0.994338
0.990057
0.985794
0.981549
0.977323
0.973114
0.968924
0.964751
0.960596
0.956459
0.952340
0.948238
0.944155
0.940089
0.936040
0.932009
0.927995
0.923999
0.920020
0.916057
0.912113
0.908185
0.904274
0.900380
0.896503
0.892642
0.888799
0.884972
0.881162
0.877368
0.873591
0.869831
0.866087
0.862359
0.858648
0.854952
0.851273
0.847611
0.843964
0.840333
0.836718
0.833120
0.829537
0.825970
0.822418
0.818883
0.815363
0.811858
0.808370
0.804896
0.801439
0.797996
0.794569
0.791157
0.787761
0.784380
0.781013
0.777662
0.774326
0.771005
0.767699
0.764408
0.761132
0.757871
0.754624
0.751392
0.748175
0.744972
0.741784
0.738610
0.735451
0.732307
0.729177
0.726061
0.722959
0.719871
0.716798
0.713738
0.710693
0.707661
0.704644
0.701640
0.698650
0.695673
0.692711
0.689762
0.686826
0.683904
0.680995
0.678100
0.675218
0.672350
0.669494
0.666652
0.663823
0.661007
0.658205
0.655415
0.652638
0.649874
0.647123
0.644384
0.641658
0.638945
0.636245
0.633557
0.630882
0.628219
0.625569
0.622931
0.620305
0.617692
0.615091
0.612502
0.609925
0.607360
0.604808
0.602267
0.599738
0.597222
0.594716
0.592223
0.589742
0.587272
0.584814
0.582367
0.579932
0.577509
0.575097
0.572696
0.570307
0.567929
0.565562
0.563206
0.560862
0.558529
0.556207
0.553896
0.551596
0.549306
0.547028
0.544761
0.542504
0.540258
0.538023
0.535799
0.533585
0.531382
0.529189
0.527007
0.524836
0.522674
0.520523
0.518383
0.516252
0.514132
0.512022
0.509921
0.507831
0.505751
0.503681
0.501621
0.499570
0.497530
0.495499
0.493478
0.491466
0.489464
0.487472
0.485489
0.483516
0.481552
0.479597
0.477652
0.475717
0.473790
0.471873
0.469964
0.468065
0.466175
0.464294
0.462422
0.460559
0.458705
0.456860
0.455024
0.453196
0.451377
0.449567
0.447766
0.445973
0.444188
0.442412
0.440645
0.438886
0.437136
0.435393
0.433660
0.431934
0.430217
0.428507
0.426806
0.425114
0.423429
0.421752
0.420083
0.418422
0.416769
0.415124
0.413487
0.411857
0.410235
0.408621
0.407015
0.405416
0.403825
0.402241
0.400665
0.399096
0.397535
0.395981
0.394434
0.392895
0.391363
0.389838
0.388321
0.386810
0.385307
0.383811
0.382322
0.380840
0.379364
0.377896
0.376435
0.374980
0.373532
0.372091
0.370657
0.369230
0.367809
0.366395
0.364987
0.363586
0.362192
0.360804
0.359422
0.358047
0.356678
0.355316
0.353960
0.352610
0.351266
0.349929
0.348598
0.347273
0.345954
0.344641
0.343334
0.342034
0.340739
0.339450
0.338167
0.336890
0.335619
0.334353
0.333094
0.331840
0.330592
0.329349
0.328112
0.326881
0.325656
0.324436
0.323221
0.322012
0.320809
0.319611
0.318418
0.317230
0.316048
0.314872
0.313700
0.312534
0.311373
0.310217
0.309066
0.307921
0.306780
0.305645
0.304514
0.303389
0.302268
0.301153
0.300042
0.298936
0.297835
0.296739
0.295648
0.294561
0.293479
0.292402
0.291330
0.290262
0.289199
0.288140
0.287086
0.286037
0.284992
0.283951
0.282915
0.281884
0.280857
0.279834
0.278816
0.277801
0.276792
0.275786
0.274785
0.273788
0.272795
0.271806
0.270822
0.269842
0.268865
0.267893
0.266925
0.265961
0.265001
0.264045
0.263093
0.262144
0.261200
0.260260
0.259323
0.258390
0.257461
0.256536
0.255615
0.254697
0.253784
0.252873
0.251967
0.251064
0.250165
0.249269
0.248377
0.247489
0.246604
0.245723
0.244845
0.243971
0.243100
0.242233
0.241369
0.240508
0.239651
0.238797
0.237947
0.237099
0.236256
0.235415
0.234578
0.233744
0.232913
0.232085
0.231261
0.230439
0.229621
0.228806
0.227994
0.227186
0.226380
0.225577
0.224778
0.223981
0.223188
0.222397
0.221609
0.220825
0.220043
0.219264
0.218488
0.217715
0.216945
0.216177
0.215413
0.214651
0.213892
0.213136
0.212383
0.211632
0.210884
0.210139
0.209397
0.208657
0.207920
0.207185
0.206453
0.205724
0.204998
0.204274
0.203552
0.202833
0.202117
0.201403
0.200692
0.199983
0.199277
0.198573
0.197872
0.197173
0.196477
0.195783
0.195091
0.194402
0.193715
0.193030
0.192348
0.191669
0.190991
0.190316
0.189643
0.188973
0.188304
0.187638
0.186974
0.186313
0.185654
0.184997
0.184342
0.183689
0.183038
0.182390
0.181744
0.181100
0.180458
0.179818
0.179180
0.178545
0.177911
0.177280
0.176650
0.176023
0.175398
0.174774
0.174153
0.173534
0.172917
0.172301
0.171688
0.171077
0.170468
0.169860
0.169255
0.168651
0.168049
0.167450
0.166852
0.166256
0.165662
0.165070
0.164479
0.163891
0.163304
0.162719
0.162136
0.161555
0.160976
0.160398
0.159823
0.159249
0.158676
0.158106
0.157537
0.156970
0.156405
0.155841
0.155279
0.154719
0.154161
0.153604
0.153049
0.152496
0.151944
0.151394
0.150846
0.150299
0.149754
0.149211
0.148669
0.148129
0.147590
0.147053
0.146518
0.145984
0.145451
0.144921
0.144392
0.143864
0.143338
0.142814
0.142291
0.141769
0.141249
0.140731
0.140214
0.139699
0.139185
0.138673
0.138162
0.137653
0.137145
0.136638
0.136133
0.135630
0.135128
0.134627
0.134128
0.133630
0.133134
0.132639
0.132145
0.131653
0.131162
0.130673
0.130185
0.129698
0.129213
0.128730
0.128247
0.127766
0.127286
0.126808
0.126331
0.125855
0.125381
0.124908
0.124436
0.123966
0.123497
0.123029
0.122563
0.122097
0.121634
0.121171
0.120710
0.120250
0.119791
0.119334
0.118878
0.118423
0.117969
0.117517
0.117066
0.116616
0.116167
0.115720
0.115273
0.114828
0.114385
0.113942
0.113501
0.113061
0.112622
0.112184
0.111748
0.111312
0.110878
0.110445
0.110013
0.109583
0.109153
0.108725
0.108298
0.107872
0.107447
0.107023
0.106601
0.106180
0.105759
0.105340
0.104922
0.104506
0.104090
0.103675
0.103262
0.102850
0.102438
0.102028
0.101619
0.101211
0.100804
0.100399
0.099994
0.099590
0.099188
0.098787
0.098386
0.097987
0.097589
0.097192
0.096796
0.096401
0.096007
0.095614
0.095222
0.094831
0.094441
0.094053
0.093665
0.093278
0.092893
0.092508
0.092125
0.091742
0.091361
0.090980
0.090601
0.090222
0.089845
0.089468
0.089093
0.088718
0.088345
0.087972
0.087601
0.087230
0.086861
0.086492
0.086125
0.085758
0.085392
0.085028
0.084664
0.084301
0.083940
0.083579
0.083219
0.082860
0.082502
0.082145
0.081789
0.081434
0.081080
0.080727
0.080375
0.080023
0.079673
0.079323
0.078975
0.078627
0.078280
0.077935
0.077590
0.077246
0.076903
0.076561
0.076219
0.075879
0.075540
0.075201
0.074864
0.074527
0.074191
0.073856
0.073522
0.073189
0.072856
0.072525
0.072195
0.071865
0.071536
0.071208
0.070881
0.070555
0.070230
0.069905
0.069582
0.069259
0.068937
0.068616
0.068296
0.067977
0.067658
0.067340
0.067024
0.066708
0.066393
0.066078
0.065765
0.065452
0.065141
0.064830
0.064520
0.064210
0.063902
0.063594
0.063287
0.062981
0.062676
0.062372
0.062068
0.061765
0.061464
0.061162
0.060862
0.060562
0.060264
0.059966
0.059669
0.059372
0.059077
0.058782
0.058488
0.058195
0.057902
0.057611
0.057320
0.057030
0.056740
0.056452
0.056164
0.055877
0.055591
0.055305
0.055021
0.054737
0.054453
0.054171
0.053889
0.053608
0.053328
0.053049
0.052770
0.052492
0.052215
0.051939
0.051663
0.051388
0.051114
0.050840
0.050568
0.050296
0.050024
0.049754
0.049484
0.049215
0.048947
0.048679
0.048412
0.048146
0.047880
0.047616
0.047351
0.047088
0.046825
0.046564
0.046302
0.046042
0.045782
0.045523
0.045264
0.045007
0.044750
0.044493
0.044238
0.043983
0.043729
0.043475
0.043222
0.042970
0.042719
0.042468
0.042218
0.041968
0.041719
0.041471
0.041224
0.040977
0.040731
0.040485
0.040241
0.039997
0.039753
0.039510
0.039268
0.039027
0.038786
0.038546
0.038306
0.038068
0.037829
0.037592
0.037355
0.037119
0.036883
0.036648
0.036414
0.036180
0.035947
0.035715
0.035483
0.035252
0.035021
0.034792
0.034562
0.034334
0.034106
0.033878
0.033652
0.033425
0.033200
0.032975
0.032751
0.032527
0.032304
0.032082
0.031860
0.031639
0.031418
0.031198
0.030979
0.030760
0.030542
0.030324
0.030107
0.029891
0.029675
0.029460
0.029245
0.029031
0.028818
0.028605
0.028393
0.028181
0.027970
0.027760
0.027550
0.027340
0.027132
0.026924
0.026716
0.026509
0.026303
0.026097
0.025891
0.025687
0.025482
0.025279
0.025076
0.024873
0.024671
0.024470
0.024269
0.024069
0.023869
0.023670
0.023472
0.023274
0.023076
0.022879
0.022683
0.022487
0.022292
0.022097
0.021903
0.021709
0.021516
0.021323
0.021131
0.020940
0.020749
0.020559
0.020369
0.020179
0.019990
0.019802
0.019614
0.019427
0.019240
0.019054
0.018868
0.018683
0.018498
0.018314
0.018131
0.017948
0.017765
0.017583
0.017401
0.017220
0.017040
0.016860
0.016680
0.016501
0.016322
0.016144
0.015967
0.015790
0.015613
0.015437
0.015261
0.015086
0.014912
0.014738
0.014564
0.014391
0.014218
0.014046
0.013875
0.013703
0.013533
0.013363
0.013193
0.013024
0.012855
0.012686
0.012519
0.012351
0.012184
0.012018
0.011852
0.011687
0.011522
0.011357
0.011193
0.011029
0.010866
0.010704
0.010541
0.010380
0.010218
0.010057
0.009897
0.009737
0.009578
0.009419
0.009260
0.009102
0.008944
0.008787
0.008630
0.008474
0.008318
0.008162
0.008007
0.007853
0.007699
0.007545
0.007392
0.007239
0.007086
0.006935
0.006783
0.006632
0.006481
0.006331
0.006181
0.006032
0.005883
0.005734
0.005586
0.005438
0.005291
0.005144
0.004998
0.004852
0.004706
0.004561
0.004416
0.004272
0.004128
0.003984
0.003841
0.003699
0.003556
0.003414
0.003273
0.003132
0.002991
0.002851
0.002711
0.002571
0.002432
0.002294
0.002155
0.002017
0.001880
0.001743
0.001606
0.001470
0.001334
0.001198
0.001063
0.000928
0.000794
0.000660
0.000526
0.000393
0.000260
0.000128
-0.000004
-0.000136
-0.000267
-0.000398
-0.000529
-0.000659
-0.000789
-0.000919
-0.001048
-0.001176
-0.001305
-0.001433
-0.001560
-0.001688
-0.001814
-0.001941
-0.002067
-0.002193
-0.002318
-0.002443
-0.002568
-0.002692
-0.002816
-0.002940
-0.003063
-0.003186
-0.003309
-0.003431
-0.003553
-0.003675
-0.003796
-0.003916
-0.004037
-0.004157
-0.004277
-0.004396
-0.004515
-0.004634
-0.004753
-0.004871
-0.004988
-0.005106
-0.005223
-0.005339
-0.005456
-0.005572
-0.005688
-0.005803
-0.005918
-0.006033
-0.006147
-0.006261
-0.006375
-0.006488
-0.006601
-0.006714
-0.006826
-0.006938
-0.007050
-0.007162
-0.007273
-0.007384
-0.007494
-0.007604
-0.007714
-0.007823
-0.007933
-0.008042
-0.008150
-0.008258
-0.008366
-0.008474
-0.008581
-0.008688
-0.008795
-0.008901
-0.009007
-0.009113
-0.009219
-0.009324
-0.009429
-0.009533
-0.009637
-0.009741
-0.009845
-0.009948
-0.010051
-0.010154
-0.010257
-0.010359
-0.010461
-0.010562
-0.010663
-0.010764
-0.010865
-0.010965
-0.011066
-0.011165
-0.011265
-0.011364
-0.011463
-0.011562
-0.011660
-0.011758
-0.011856
-0.011953
-0.012051
-0.012148
-0.012244
-0.012341
-0.012437
-0.012533
-0.012628
-0.012723
-0.012818
-0.012913
-0.013008
-0.013102
-0.013196
-0.013289
-0.013383
-0.013476
-0.013569
-0.013661
-0.013753
-0.013845
-0.013937
-0.014029
-0.014120
-0.014211
-0.014301
-0.014392
-0.014482
-0.014572
-0.014662
-0.014751
-0.014840
-0.014929
-0.015017
-0.015106
-0.015194
-0.015282
-0.015369
-0.015457
-0.015544
-0.015630
-0.015717
-0.015803
-0.015889
-0.015975
-0.016061
-0.016146
-0.016231
-0.016316
-0.016400
-0.016485
-0.016569
-0.016653
-0.016736
-0.016820
-0.016903
-0.016986
-0.017068
-0.017151
-0.017233
-0.017315
-0.017396
-0.017478
-0.017559
-0.017640
-0.017720
-0.017801
-0.017881
-0.017961
-0.018041
-0.018121
-0.018200
-0.018279
-0.018358
-0.018436
-0.018515
-0.018593
-0.018671
-0.018749
-0.018826
-0.018903
-0.018980
-0.019057
-0.019134
-0.019210
-0.019286
-0.019362
-0.019438
-0.019513
-0.019589
-0.019664
-0.019739
-0.019813
-0.019888
-0.019962
-0.020036
-0.020109
-0.020183
-0.020256
-0.020329
-0.020402
-0.020475
-0.020547
-0.020620
-0.020692
-0.020764
-0.020835
-0.020907
-0.020978
-0.021049
-0.021120
-0.021190
-0.021261
-0.021331
-0.021401
-0.021471
-0.021540
-0.021610
-0.021679
-0.021748
-0.021816
-0.021885
-0.021953
-0.022022
-0.022090
-0.022157
-0.022225
-0.022292
-0.022359
-0.022426
-0.022493
-0.022560
-0.022626
-0.022693
-0.022759
-0.022824
-0.022890
-0.022955
-0.023021
-0.023086
-0.023151
-0.023215
-0.023280
-0.023344
-0.023408
-0.023472
-0.023536
-0.023600
-0.023663
-0.023726
-0.023789
-0.023852
-0.023915
-0.023977
-0.024040
-0.024102
-0.024164
-0.024225
-0.024287
-0.024348
-0.024410
-0.024471
-0.024532
-0.024592
-0.024653
-0.024713
-0.024773
-0.024833
-0.024893
-0.024953
-0.025012
-0.025071
-0.025131
-0.025190
-0.025248
-0.025307
-0.025365
-0.025424
-0.025482
-0.025540
-0.025597
-0.025655
-0.025713
-0.025770
-0.025827
-0.025884
-0.025941
-0.025997
-0.026054
-0.026110
-0.026166
-0.026222
-0.026278
-0.026334
-0.026389
-0.026444
-0.026499
-0.026554
-0.026609
-0.026664
-0.026718
-0.026773
-0.026827
-0.026881
-0.026935
-0.026989
-0.027042
-0.027096
-0.027149
-0.027202
-0.027255
-0.027308
-0.027361
-0.027413
-0.027465
-0.027518
-0.027570
-0.027622
-0.027673
-0.027725
-0.027777
-0.027828
-0.027879
-0.027930
-0.027981
-0.028032
-0.028082
-0.028133
-0.028183
-0.028233
-0.028283
-0.028333
-0.028383
-0.028432
-0.028482
-0.028531
-0.028580
-0.028629
-0.028678
-0.028727
-0.028775
-0.028824
-0.028872
-0.028920
-0.028968
-0.029016
-0.029064
-0.029111
-0.029159
-0.029206
-0.029253
-0.029300
-0.029347
-0.029394
-0.029441
-0.029487
-0.029534
-0.029580
-0.029626
-0.029672
-0.029718
-0.029764
-0.029809
-0.029855
-0.029900
-0.029945
-0.029990
-0.030035
-0.030080
-0.030125
-0.030170
-0.030214
-0.030258
-0.030302
-0.030347
-0.030390
-0.030434
-0.030478
-0.030522
-0.030565
-0.030608
-0.030651
-0.030695
-0.030738
-0.030780
-0.030823
-0.030866
-0.030908
-0.030950
-0.030993
-0.031035
-0.031077
-0.031119
-0.031160
-0.031202
-0.031243
-0.031285
-0.031326
-0.031367
-0.031408
-0.031449
-0.031490
-0.031531
-0.031571
-0.031612
-0.031652
-0.031692
-0.031732
-0.031772
-0.031812
-0.031852
-0.031892
-0.031931
-0.031970
-0.032010
-0.032049
-0.032088
-0.032127
-0.032166
-0.032205
-0.032243
-0.032282
-0.032320
-0.032359
-0.032397
-0.032435
-0.032473
-0.032511
-0.032549
-0.032586
-0.032624
-0.032661
-0.032699
-0.032736
-0.032773
-0.032810
-0.032847
-0.032884
-0.032921
-0.032957
-0.032994
-0.033030
-0.033067
-0.033103
-0.033139
-0.033175
-0.033211
-0.033247
-0.033282
-0.033318
-0.033353
-0.033389
-0.033424
-0.033459
-0.033494
-0.033529
-0.033564
-0.033599
-0.033634
-0.033669
-0.033703
-0.033738
-0.033772
-0.033806
-0.033840
-0.033874
-0.033908
-0.033942
-0.033976
-0.034009
-0.034043
-0.034077
-0.034110
-0.034143
-0.034176
-0.034209
-0.034242
-0.034275
-0.034308
-0.034341
-0.034374
-0.034406
-0.034439
-0.034471
-0.034503
-0.034535
-0.034568
-0.034600
-0.034631
-0.034663
-0.034695
-0.034727
-0.034758
-0.034790
-0.034821
-0.034852
-0.034884
-0.034915
-0.034946
-0.034977
-0.035008
-0.035038
-0.035069
-0.035100
-0.035130
-0.035161
-0.035191
-0.035221
-0.035252
-0.035282
-0.035312
-0.035342
-0.035372
-0.035401
-0.035431
-0.035461
-0.035490
-0.035520
-0.035549
-0.035578
-0.035608
-0.035637
-0.035666
-0.035695
-0.035724
-0.035752
-0.035781
-0.035810
-0.035838
-0.035867
-0.035895
-0.035924
-0.035952
-0.035980
-0.036008
-0.036036
-0.036064
-0.036092
-0.036120
-0.036147
-0.036175
-0.036203
-0.036230
-0.036258
-0.036285
-0.036312
-0.036339
-0.036367
-0.036394
-0.036421
-0.036447
-0.036474
-0.036501
-0.036528
-0.036554
-0.036581
-0.036607
-0.036634
-0.036660
-0.036686
-0.036712
-0.036739
-0.036765
-0.036791
-0.036816
-0.036842
-0.036868
-0.036894
-0.036919
-0.036945
-0.036970
-0.036996
-0.037021
-0.037046
-0.037072
-0.037097
-0.037122
-0.037147
-0.037172
-0.037197
-0.037221
-0.037246
-0.037271
-0.037295
-0.037320
-0.037344
-0.037369
-0.037393
-0.037417
-0.037441
-0.037466
-0.037490
-0.037514
-0.037538
-0.037561
-0.037585
-0.037609
-0.037633
-0.037656
-0.037680
-0.037703
-0.037727
-0.037750
-0.037774
-0.037797
-0.037820
-0.037843
-0.037866
-0.037889
-0.037912
-0.037935
-0.037958
-0.037980
-0.038003
-0.038026
-0.038048
-0.038071
-0.038093
-0.038116
-0.038138
-0.038160
-0.038183
-0.038205
-0.038227
-0.038249
-0.038271
-0.038293
-0.038315
-0.038336
-0.038358
-0.038380
-0.038401
-0.038423
-0.038445
-0.038466
-0.038487
-0.038509
-0.038530
-0.038551
-0.038572
-0.038594
-0.038615
-0.038636
-0.038657
-0.038678
-0.038698
-0.038719
-0.038740
-0.038761
-0.038781
-0.038802
-0.038822
-0.038843
-0.038863
-0.038884
-0.038904
-0.038924
-0.038944
-0.038964
-0.038985
-0.039005
-0.039025
-0.039045
-0.039064
-0.039084
-0.039104
-0.039124
-0.039143
-0.039163
-0.039183
-0.039202
-0.039222
-0.039241
-0.039260
-0.039280
-0.039299
-0.039318
-0.039337
-0.039357
-0.039376
-0.039395
-0.039414
-0.039433
-0.039452
-0.039470
-0.039489
-0.039508
-0.039527
-0.039545
-0.039564
-0.039582
-0.039601
-0.039619
-0.039638
-0.039656
-0.039674
-0.039693
-0.039711
-0.039729
-0.039747
-0.039765
-0.039783
-0.039801
-0.039819
-0.039837
-0.039855
-0.039873
-0.039890
-0.039908
-0.039926
-0.039943
-0.039961
-0.039979
-0.039996
-0.040013
-0.040031
-0.040048
-0.040065
-0.040083
-0.040100
-0.040117
-0.040134
-0.040151
-0.040168
-0.040185
-0.040202
-0.040219
-0.040236
-0.040253
-0.040270
-0.040287
-0.040303
-0.040320
-0.040337
-0.040353
-0.040370
-0.040386
-0.040403
-0.040419
-0.040435
-0.040452
-0.040468
-0.040484
-0.040501
-0.040517
-0.040533
-0.040549
-0.040565
-0.040581
-0.040597
-0.040613
-0.040629
-0.040645
-0.040660
-0.040676
-0.040692
-0.040708
-0.040723
-0.040739
-0.040755
-0.040770
-0.040786
-0.040801
-0.040816
-0.040832
-0.040847
-0.040863
-0.040878
-0.040893
-0.040908
-0.040923
-0.040939
-0.040954
-0.040969
-0.040984
-0.040999
-0.041014
-0.041029
-0.041043
-0.041058
-0.041073
-0.041088
-0.041102
-0.041117
-0.041132
-0.041146
-0.041161
-0.041176
-0.041190
-0.041205
-0.041219
-0.041233
-0.041248
-0.041262
-0.041276
-0.041291
-0.041305
-0.041319
-0.041333
-0.041347
-0.041361
-0.041376
-0.041390
-0.041404
-0.041418
-0.041431
-0.041445
-0.041459
-0.041473
-0.041487
-0.041501
-0.041514
-0.041528
-0.041542
-0.041555
-0.041569
-0.041582
-0.041596
-0.041610
-0.041623
-0.041636
-0.041650
-0.041663
-0.041677
-0.041690
-0.041703
-0.041716
-0.041730
-0.041743
-0.041756
-0.041769
-0.041782
-0.041795
-0.041808
-0.041821
-0.041834
-0.041847
-0.041860
-0.041873
-0.041886
-0.041899
-0.041911
-0.041924
-0.041937
-0.041950
-0.041962
-0.041975
-0.041987
-0.042000
-0.042013
-0.042025
-0.042038
-0.042050
-0.042062
-0.042075
-0.042087
-0.042100
-0.042112
-0.042124
-0.042136
-0.042149
-0.042161
-0.042173
-0.042185
-0.042197
-0.042209
-0.042221
-0.042234
-0.042246
-0.042257
-0.042269
-0.042281
-0.042293
-0.042305
-0.042317
-0.042329
-0.042341
-0.042352
-0.042364
-0.042376
-0.042387
-0.042399
-0.042411
-0.042422
-0.042434
-0.042445
-0.042457
-0.042469
-0.042480
-0.042491
-0.042503
-0.042514
-0.042526
-0.042537
-0.042548
-0.042560
-0.042571
-0.042582
-0.042593
-0.042604
-0.042616
-0.042627
-0.042638
-0.042649
-0.042660
-0.042671
-0.042682
-0.042693
-0.042704
-0.042715
-0.042726
-0.042737
-0.042748
-0.042759
-0.042769
-0.042780
-0.042791
-0.042802
-0.042812
-0.042823
-0.042834
-0.042844

