0.000000
0.000000
-0.000026
-0.000052
-0.000077
-0.000103
-0.000128
-0.000153
-0.000177
-0.000201
-0.000224
-0.000247
-0.000270
-0.000293
-0.000315
-0.000337
-0.000359
-0.000380
-0.000402
-0.000423
-0.000444
-0.000465
-0.000485
-0.000506
-0.000526
-0.000547
-0.000567
-0.000587
-0.000607
-0.000627
-0.000647
-0.000667
-0.000687
-0.000707
-0.000726
-0.000746
-0.000766
-0.000785
-0.000805
-0.000824
-0.000844
-0.000863
-0.000883
-0.000902
-0.000922
-0.000941
-0.000961
-0.000980
-0.001000
-0.001019
-0.001038
-0.001058
-0.001077
-0.001097
-0.001116
-0.001135
-0.001155
-0.001174
-0.001194
-0.001213
-0.001233
-0.001252
-0.001271
-0.001291
-0.001310
-0.001330
-0.001349
-0.001369
-0.001388
-0.001408
-0.001428
-0.001447
-0.001467
-0.001486
-0.001506
-0.001525
-0.001545
-0.001565
-0.001584
-0.001604
-0.001624
-0.001644
-0.001663
-0.001683
-0.001703
-0.001723
-0.001743
-0.001762
-0.001782
-0.001802
-0.001822
-0.001842
-0.001862
-0.001882
-0.001902
-0.001922
-0.001942
-0.001962
-0.001982
-0.002002
-0.002022
-0.002042
-0.002063
-0.002083
-0.002103
-0.002123
-0.002143
-0.002164
-0.002184
-0.002204
-0.002225
-0.002245
-0.002265
-0.002286
-0.002306
-0.002326
-0.002347
-0.002367
-0.002388
-0.002408
-0.002429
-0.002449
-0.002470
-0.002491
-0.002511
-0.002532
-0.002553
-0.002573
-0.002594
-0.002615
-0.002635
-0.002656
-0.002677
-0.002698
-0.002719
-0.002739
-0.002760
-0.002781
-0.002802
-0.002823
-0.002844
-0.002865
-0.002886
-0.002907
-0.002928
-0.002949
-0.002970
-0.002991
-0.003012
-0.003033
-0.003054
-0.003075
-0.003097
-0.003118
-0.003139
-0.003160
-0.003181
-0.003203
-0.003224
-0.003245
-0.003266
-0.003288
-0.003309
-0.003330
-0.003352
-0.003373
-0.003395
-0.003416
-0.003437
-0.003459
-0.003480
-0.003502
-0.003523
-0.003545
-0.003566
-0.003588
-0.003610
-0.003631
-0.003653
-0.003674
-0.003696
-0.003718
-0.003739
-0.003761
-0.003783
-0.003804
-0.003826
-0.003848
-0.003869
-0.003891
-0.003913
-0.003935
-0.003956
-0.003978
-0.004000
-0.004022
-0.004044
-0.004066
-0.004088
-0.004109
-0.004131
-0.004153
-0.004175
-0.004197
-0.004219
-0.004241
-0.004263
-0.004285
-0.004307
-0.004329
-0.004351
-0.004373
-0.004395
-0.004417
-0.004439
-0.004461
-0.004483
-0.004505
-0.004527
-0.004550
-0.004572
-0.004594
-0.004616
-0.004638
-0.004660
-0.004683
-0.004705
-0.004727
-0.004749
-0.004771
-0.004794
-0.004816
-0.004838
-0.004860
-0.004883
-0.004905
-0.004927
-0.004949
-0.004972
-0.004994
-0.005016
-0.005039
-0.005061
-0.005083
-0.005106
-0.005128
-0.005150
-0.005173
-0.005195
-0.005218
-0.005240
-0.005262
-0.005285
-0.005307
-0.005330
-0.005352
-0.005375
-0.005397
-0.005419
-0.005442
-0.005464
-0.005487
-0.005509
-0.005532
-0.005554
-0.005577
-0.005599
-0.005622
-0.005644
-0.005667
-0.005690
-0.005712
-0.005735
-0.005757
-0.005780
-0.005802
-0.005825
-0.005847
-0.005870
-0.005893
-0.005915
-0.005938
-0.005960
-0.005983
-0.006006
-0.006028
-0.006051
-0.006073
-0.006096
-0.006119
-0.006141
-0.006164
-0.006187
-0.006209
-0.006232
-0.006255
-0.006277
-0.006300
-0.006323
-0.006345
-0.006368
-0.006391
-0.006413
-0.006436
-0.006459
-0.006482
-0.006504
-0.006527
-0.006550
-0.006572
-0.006595
-0.006618
-0.006641
-0.006663
-0.006686
-0.006709
-0.006731
-0.006754
-0.006777
-0.006800
-0.006822
-0.006845
-0.006868
-0.006891
-0.006913
-0.006936
-0.006959
-0.006982
-0.007004
-0.007027
-0.007050
-0.007073
-0.007095
-0.007118
-0.007141
-0.007164
-0.007187
-0.007209
-0.007232
-0.007255
-0.007278
-0.007300
-0.007323
-0.007346
-0.007369
-0.007392
-0.007414
-0.007437
-0.007460
-0.007483
-0.007505
-0.007528
-0.007551
-0.007574
-0.007597
-0.007619
-0.007642
-0.007665
-0.007688
-0.007711
-0.007733
-0.007756
-0.007779
-0.007802
-0.007825
-0.007847
-0.007870
-0.007893
-0.007916
-0.007939
-0.007961
-0.007984
-0.008007
-0.008030
-0.008052
-0.008075
-0.008098
-0.008121
-0.008144
-0.008166
-0.008189
-0.008212
-0.008235
-0.008258
-0.008280
-0.008303
-0.008326
-0.008349
-0.008371
-0.008394
-0.008417
-0.008440
-0.008462
-0.008485
-0.008508
-0.008531
-0.008554
-0.008576
-0.008599
-0.008622
-0.008645
-0.008667
-0.008690
-0.008713
-0.008736
-0.008758
-0.008781
-0.008804
-0.008827
-0.008849
-0.008872
-0.008895
-0.008917
-0.008940
-0.008963
-0.008986
-0.009008
-0.009031
-0.009054
-0.009077
-0.009099
-0.009122
-0.009145
-0.009167
-0.009190
-0.009213
-0.009235
-0.009258
-0.009281
-0.009304
-0.009326
-0.009349
-0.009372
-0.009394
-0.009417
-0.009440
-0.009462
-0.009485
-0.009508
-0.009530
-0.009553
-0.009576
-0.009598
-0.009621
-0.009643
-0.009666
-0.009689
-0.009711
-0.009734
-0.009757
-0.009779
-0.009802
-0.009824
-0.009847
-0.009870
-0.009892
-0.009915
-0.009937
-0.009960
-0.009983
-0.010005
-0.010028
-0.010050
-0.010073
-0.010095
-0.010118
-0.010141
-0.010163
-0.010186
-0.010208
-0.010231
-0.010253
-0.010276
-0.010298
-0.010321
-0.010343
-0.010366
-0.010388
-0.010411
-0.010433
-0.010456
-0.010478
-0.010501
-0.010523
-0.010546
-0.010568
-0.010591
-0.010613
-0.010636
-0.010658
-0.010680
-0.010703
-0.010725
-0.010748
-0.010770
-0.010793
-0.010815
-0.010837
-0.010860
-0.010882
-0.010905
-0.010927
-0.010949
-0.010972
-0.010994
-0.011017
-0.011039
-0.011061
-0.011084
-0.011106
-0.011128
-0.011151
-0.011173
-0.011195
-0.011218
-0.011240
-0.011262
-0.011285
-0.011307
-0.011329
-0.011351
-0.011374
-0.011396
-0.011418
-0.011440
-0.011463
-0.011485
-0.011507
-0.011529
-0.011552
-0.011574
-0.011596
-0.011618
-0.011641
-0.011663
-0.011685
-0.011707
-0.011729
-0.011752
-0.011774
-0.011796
-0.011818
-0.011840
-0.011862
-0.011884
-0.011907
-0.011929
-0.011951
-0.011973
-0.011995
-0.012017
-0.012039
-0.012061
-0.012083
-0.012106
-0.012128
-0.012150
-0.012172
-0.012194
-0.012216
-0.012238
-0.012260
-0.012282
-0.012304
-0.012326
-0.012348
-0.012370
-0.012392
-0.012414
-0.012436
-0.012458
-0.012480
-0.012502
-0.012524
-0.012546
-0.012568
-0.012590
-0.012612
-0.012634
-0.012655
-0.012677
-0.012699
-0.012721
-0.012743
-0.012765
-0.012787
-0.012809
-0.012831
-0.012852
-0.012874
-0.012896
-0.012918
-0.012940
-0.012962
-0.012983
-0.013005
-0.013027
-0.013049
-0.013070
-0.013092
-0.013114
-0.013136
-0.013158
-0.013179
-0.013201
-0.013223
-0.013244
-0.013266
-0.013288
-0.013310
-0.013331
-0.013353
-0.013375
-0.013396
-0.013418
-0.013440
-0.013461
-0.013483
-0.013505
-0.013526
-0.013548
-0.013569
-0.013591
-0.013613
-0.013634
-0.013656
-0.013677
-0.013699
-0.013721
-0.013742
-0.013764
-0.013785
-0.013807
-0.013828
-0.013850
-0.013871
-0.013893
-0.013914
-0.013936
-0.013957
-0.013979
-0.014000
-0.014022
-0.014043
-0.014065
-0.014086
-0.014107
-0.014129
-0.014150
-0.014172
-0.014193
-0.014214
-0.014236
-0.014257
-0.014278
-0.014300
-0.014321
-0.014343
-0.014364
-0.014385
-0.014406
-0.014428
-0.014449
-0.014470
-0.014492
-0.014513
-0.014534
-0.014555
-0.014577
-0.014598
-0.014619
-0.014640
-0.014662
-0.014683
-0.014704
-0.014725
-0.014746
-0.014768
-0.014789
-0.014810
-0.014831
-0.014852
-0.014873
-0.014894
-0.014916
-0.014937
-0.014958
-0.014979
-0.015000
-0.015021
-0.015042
-0.015063
-0.015084
-0.015105
-0.015126
-0.015147
-0.015168
-0.015189
-0.015210
-0.015231
-0.015252
-0.015273
-0.015294
-0.015315
-0.015336
-0.015357
-0.015378
-0.015399
-0.015420
-0.015441
-0.015462
-0.015483
-0.015504
-0.015524
-0.015545
-0.015566
-0.015587
-0.015608
-0.015629
-0.015650
-0.015670
-0.015691
-0.015712
-0.015733
-0.015754
-0.015774
-0.015795
-0.015816
-0.015837
-0.015857
-0.015878
-0.015899
-0.015920
-0.015940
-0.015961
-0.015982
-0.016002
-0.016023
-0.016044
-0.016064
-0.016085
-0.016106
-0.016126
-0.016147
-0.016168
-0.016188
-0.016209
-0.016229
-0.016250
-0.016271
-0.016291
-0.016312
-0.016332
-0.016353
-0.016373
-0.016394
-0.016414
-0.016435
-0.016455
-0.016476
-0.016496
-0.016517
-0.016537
-0.016558
-0.016578
-0.016599
-0.016619
-0.016639
-0.016660
-0.016680
-0.016701
-0.016721
-0.016741
-0.016762
-0.016782
-0.016802
-0.016823
-0.016843
-0.016863
-0.016884
-0.016904
-0.016924
-0.016945
-0.016965
-0.016985
-0.017005
-0.017026
-0.017046
-0.017066
-0.017086
-0.017107
-0.017127
-0.017147
-0.017167
-0.017187
-0.017207
-0.017228
-0.017248
-0.017268
-0.017288
-0.017308
-0.017328
-0.017348
-0.017369
-0.017389
-0.017409
-0.017429
-0.017449
-0.017469
-0.017489
-0.017509
-0.017529
-0.017549
-0.017569
-0.017589
-0.017609
-0.017629
-0.017649
-0.017669
-0.017689
-0.017709
-0.017729
-0.017749
-0.017769
-0.017789
-0.017808
-0.017828
-0.017848
-0.017868
-0.017888
-0.017908
-0.017928
-0.017948
-0.017967
-0.017987
-0.018007
-0.018027
-0.018047
-0.018066
-0.018086
-0.018106
-0.018126
-0.018145
-0.018165
-0.018185
-0.018205
-0.018224
-0.018244
-0.018264
-0.018284
-0.018303
-0.018323
-0.018343
-0.018362
-0.018382
-0.018401
-0.018421
-0.018441
-0.018460
-0.018480
-0.018500
-0.018519
-0.018539
-0.018558
-0.018578
-0.018597
-0.018617
-0.018636
-0.018656
-0.018675
-0.018695
-0.018714
-0.018734
-0.018753
-0.018773
-0.018792
-0.018812
-0.018831
-0.018851
-0.018870
-0.018889
-0.018909
-0.018928
-0.018948
-0.018967
-0.018986
-0.019006
-0.019025
-0.019044
-0.019064
-0.019083
-0.019102
-0.019122
-0.019141
-0.019160
-0.019179
-0.019199
-0.019218
-0.019237
-0.019256
-0.019276
-0.019295
-0.019314
-0.019333
-0.019353
-0.019372
-0.019391
-0.019410
-0.019429
-0.019448
-0.019468
-0.019487
-0.019506
-0.019525
-0.019544
-0.019563
-0.019582
-0.019601
-0.019620
-0.019639
-0.019658
-0.019677
-0.019696
-0.019715
-0.019734
-0.019753
-0.019772
-0.019791
-0.019810
-0.019829
-0.019848
-0.019867
-0.019886
-0.019905
-0.019924
-0.019943
-0.019962
-0.019981
-0.020000
-0.020019
-0.020037
-0.020056
-0.020075
-0.020094
-0.020113
-0.020132
-0.020150
-0.020169
-0.020188
-0.020207
-0.020226
-0.020244
-0.020263
-0.020282
-0.020301
-0.020319
-0.020338
-0.020357
-0.020375
-0.020394
-0.020413
-0.020432
-0.020450
-0.020469
-0.020488
-0.020506
-0.020525
-0.020543
-0.020562
-0.020581
-0.020599
-0.020618
-0.020636
-0.020655
-0.020674
-0.020692
-0.020711
-0.020729
-0.020748
-0.020766
-0.020785
-0.020803
-0.020822
-0.020840
-0.020859
-0.020877
-0.020895
-0.020914
-0.020932
-0.020951
-0.020969
-0.020988
-0.021006
-0.021024
-0.021043
-0.021061
-0.021079
-0.021098
-0.021116
-0.021135
-0.021153
-0.021171
-0.021189
-0.021208
-0.021226
-0.021244
-0.021263
-0.021281
-0.021299
-0.021317
-0.021336
-0.021354
-0.021372
-0.021390
-0.021408
-0.021427
-0.021445
-0.021463
-0.021481
-0.021499
-0.021517
-0.021536
-0.021554
-0.021572
-0.021590
-0.021608
-0.021626
-0.021644
-0.021662
-0.021680
-0.021698
-0.021716
-0.021734
-0.021752
-0.021770
-0.021788
-0.021806
-0.021824
-0.021842
-0.021860
-0.021878
-0.021896
-0.021914
-0.021932
-0.021950
-0.021968
-0.021986
-0.022004
-0.022022
-0.022040
-0.022058
-0.022075
-0.022093
-0.022111
-0.022129
-0.022147
-0.022165
-0.022182
-0.022200
-0.022218
-0.022236
-0.022254
-0.022271
-0.022289
-0.022307
-0.022325
-0.022342
-0.022360
-0.022378
-0.022395
-0.022413
-0.022431
-0.022448
-0.022466
-0.022484
-0.022501
-0.022519
-0.022537
-0.022554
-0.022572
-0.022590
-0.022607
-0.022625
-0.022642
-0.022660
-0.022677
-0.022695
-0.022713
-0.022730
-0.022748
-0.022765
-0.022783
-0.022800
-0.022818
-0.022835
-0.022853
-0.022870
-0.022887
-0.022905
-0.022922
-0.022940
-0.022957
-0.022975
-0.022992
-0.023009
-0.023027
-0.023044
-0.023062
-0.023079
-0.023096
-0.023114
-0.023131
-0.023148
-0.023166
-0.023183
-0.023200
-0.023217
-0.023235
-0.023252
-0.023269
-0.023286
-0.023304
-0.023321
-0.023338
-0.023355
-0.023373
-0.023390
-0.023407
-0.023424
-0.023441
-0.023458
-0.023476
-0.023493
-0.023510
-0.023527
-0.023544
-0.023561
-0.023578
-0.023595
-0.023613
-0.023630
-0.023647
-0.023664
-0.023681
-0.023698
-0.023715
-0.023732
-0.023749
-0.023766
-0.023783
-0.023800
-0.023817
-0.023834
-0.023851
-0.023868
-0.023885
-0.023902
-0.023919
-0.023935
-0.023952
-0.023969
-0.023986
-0.024003
-0.024020
-0.024037
-0.024054
-0.024070
-0.024087
-0.024104
-0.024121
-0.024138
-0.024155
-0.024171
-0.024188
-0.024205
-0.024222
-0.024238
-0.024255
-0.024272
-0.024289
-0.024305
-0.024322
-0.024339
-0.024356
-0.024372
-0.024389
-0.024406
-0.024422
-0.024439
-0.024456
-0.024472
-0.024489
-0.024505
-0.024522
-0.024539
-0.024555
-0.024572
-0.024588
-0.024605
-0.024622
-0.024638
-0.024655
-0.024671
-0.024688
-0.024704
-0.024721
-0.024737
-0.024754
-0.024770
-0.024787
-0.024803
-0.024820
-0.024836
-0.024852
-0.024869
-0.024885
-0.024902
-0.024918
-0.024935
-0.024951
-0.024967
-0.024984
-0.025000
-0.025016
-0.025033
-0.025049
-0.025065
-0.025082
-0.025098
-0.025114
-0.025131
-0.025147
-0.025163
-0.025179
-0.025196
-0.025212
-0.025228
-0.025244
-0.025261
-0.025277
-0.025293
-0.025309
-0.025326
-0.025342
-0.025358
-0.025374
-0.025390
-0.025406
-0.025423
-0.025439
-0.025455
-0.025471
-0.025487
-0.025503
-0.025519
-0.025535
-0.025551
-0.025567
-0.025583
-0.025600
-0.025616
-0.025632
-0.025648
-0.025664
-0.025680
-0.025696
-0.025712
-0.025728
-0.025744
-0.025760
-0.025775
-0.025791
-0.025807
-0.025823
-0.025839
-0.025855
-0.025871
-0.025887
-0.025903
-0.025919
-0.025935
-0.025950
-0.025966
-0.025982
-0.025998
-0.026014
-0.026030
-0.026045
-0.026061
-0.026077
-0.026093
-0.026109
-0.026124
-0.026140
-0.026156
-0.026172
-0.026187
-0.026203
-0.026219
-0.026235
-0.026250
-0.026266
-0.026282
-0.026297
-0.026313
-0.026329
-0.026344
-0.026360
-0.026376
-0.026391
-0.026407
-0.026422
-0.026438
-0.026454
-0.026469
-0.026485
-0.026500
-0.026516
-0.026532
-0.026547
-0.026563
-0.026578
-0.026594
-0.026609
-0.026625
-0.026640
-0.026656
-0.026671
-0.026687
-0.026702
-0.026718
-0.026733
-0.026748
-0.026764
-0.026779
-0.026795
-0.026810
-0.026825
-0.026841
-0.026856
-0.026872
-0.026887
-0.026902
-0.026918
-0.026933
-0.026948
-0.026964
-0.026979
-0.026994
-0.027010
-0.027025
-0.027040
-0.027055
-0.027071
-0.027086
-0.027101
-0.027116
-0.027132
-0.027147
-0.027162
-0.027177
-0.027193
-0.027208
-0.027223
-0.027238
-0.027253
-0.027268
-0.027284
-0.027299
-0.027314
-0.027329
-0.027344
-0.027359
-0.027374
-0.027389
-0.027405
-0.027420
-0.027435
-0.027450
-0.027465
-0.027480
-0.027495
-0.027510
-0.027525
-0.027540
-0.027555
-0.027570
-0.027585
-0.027600
-0.027615
-0.027630
-0.027645
-0.027660
-0.027675
-0.027690
-0.027705
-0.027720
-0.027734
-0.027749
-0.027764
-0.027779
-0.027794
-0.027809
-0.027824
-0.027839
-0.027853
-0.027868
-0.027883
-0.027898
-0.027913
-0.027928
-0.027942
-0.027957
-0.027972
-0.027987
-0.028001
-0.028016
-0.028031
-0.028046
-0.028060
-0.028075
-0.028090
-0.028105
-0.028119
-0.028134
-0.028149
-0.028163
-0.028178
-0.028193
-0.028207
-0.028222
-0.028237
-0.028251
-0.028266
-0.028281
-0.028295
-0.028310
-0.028324
-0.028339
-0.028353
-0.028368
-0.028383
-0.028397
-0.028412
-0.028426
-0.028441
-0.028455
-0.028470
-0.028484
-0.028499
-0.028513
-0.028528
-0.028542
-0.028557
-0.028571
-0.028586
-0.028600
-0.028614
-0.028629
-0.028643
-0.028658
-0.028672
-0.028687
-0.028701
-0.028715
-0.028730
-0.028744
-0.028758
-0.028773
-0.028787
-0.028801
-0.028816
-0.028830
-0.028844
-0.028859
-0.028873
-0.028887
-0.028902
-0.028916
-0.028930
-0.028944
-0.028959
-0.028973
-0.028987
-0.029001
-0.029015
-0.029030
-0.029044
-0.029058
-0.029072
-0.029086
-0.029101
-0.029115
-0.029129
-0.029143
-0.029157
-0.029171
-0.029185
-0.029200
-0.029214
-0.029228
-0.029242
-0.029256
-0.029270
-0.029284
-0.029298
-0.029312
-0.029326
-0.029340
-0.029354
-0.029368
-0.029382
-0.029396
-0.029410
-0.029424
-0.029438
-0.029452
-0.029466
-0.029480
-0.029494
-0.029508
-0.029522
-0.029536
-0.029550
-0.029564
-0.029578
-0.029592
-0.029606
-0.029620
-0.029633
-0.029647
-0.029661
-0.029675
-0.029689
-0.029703
-0.029717
-0.029730
-0.029744
-0.029758
-0.029772
-0.029786
-0.029799
-0.029813
-0.029827
-0.029841
-0.029854
-0.029868
-0.029882
-0.029896
-0.029909
-0.029923
-0.029937
-0.029951
-0.029964
-0.029978
-0.029992
-0.030005
-0.030019
-0.030033
-0.030046
-0.030060
-0.030074
-0.030087
-0.030101
-0.030114
-0.030128
-0.030142
-0.030155
-0.030169
-0.030182
-0.030196
-0.030209
-0.030223
-0.030237
-0.030250
-0.030264
-0.030277
-0.030291
-0.030304
-0.030318
-0.030331
-0.030345
-0.030358
-0.030372
-0.030385
-0.030399
-0.030412
-0.030425
-0.030439
-0.030452
-0.030466
-0.030479
-0.030493
-0.030506
-0.030519
-0.030533
-0.030546
-0.030559
-0.030573
-0.030586
-0.030600
-0.030613
-0.030626
-0.030640
-0.030653
-0.030666
-0.030679
-0.030693
-0.030706
-0.030719
-0.030733
-0.030746
-0.030759
-0.030772
-0.030786
-0.030799
-0.030812
-0.030825
-0.030839
-0.030852
-0.030865
-0.030878
-0.030891
-0.030905
-0.030918
-0.030931
-0.030944
-0.030957
-0.030970
-0.030983
-0.030997
-0.031010
-0.031023
-0.031036
-0.031049
-0.031062
-0.031075
-0.031088
-0.031101
-0.031114
-0.031127
-0.031140
-0.031154
-0.031167
-0.031180
-0.031193
-0.031206
-0.031219
-0.031232
-0.031245
-0.031258
-0.031271
-0.031284
-0.031296
-0.031309
-0.031322
-0.031335
-0.031348
-0.031361
-0.031374
-0.031387
-0.031400
-0.031413
-0.031426
-0.031439
-0.031451
-0.031464
-0.031477
-0.031490
-0.031503
-0.031516
-0.031529
-0.031541
-0.031554
-0.031567
-0.031580
-0.031593
-0.031605
-0.031618
-0.031631
-0.031644
-0.031656
-0.031669
-0.031682
-0.031695
-0.031707
-0.031720
-0.031733
-0.031746
-0.031758
-0.031771
-0.031784
-0.031796
-0.031809
-0.031822
-0.031834
-0.031847
-0.031860
-0.031872
-0.031885
-0.031898
-0.031910
-0.031923
-0.031935
-0.031948
-0.031961
-0.031973
-0.031986
-0.031998
-0.032011
-0.032023
-0.032036
-0.032049
-0.032061
-0.032074
-0.032086
-0.032099
-0.032111
-0.032124
-0.032136
-0.032149
-0.032161
-0.032174
-0.032186
-0.032199
-0.032211
-0.032223
-0.032236
-0.032248
-0.032261
-0.032273
-0.032286
-0.032298
-0.032310
-0.032323
-0.032335
-0.032347
-0.032360
-0.032372
-0.032385
-0.032397
-0.032409
-0.032422
-0.032434
-0.032446
-0.032459
-0.032471
-0.032483
-0.032495
-0.032508
-0.032520
-0.032532
-0.032545
-0.032557
-0.032569
-0.032581
-0.032594
-0.032606
-0.032618
-0.032630
-0.032642
-0.032655
-0.032667
-0.032679
-0.032691
-0.032703
-0.032716
-0.032728
-0.032740
-0.032752
-0.032764
-0.032776
-0.032788
-0.032800
-0.032813
-0.032825
-0.032837
-0.032849
-0.032861
-0.032873
-0.032885
-0.032897
-0.032909
-0.032921
-0.032933
-0.032945
-0.032957
-0.032969
-0.032981
-0.032993
-0.033005
-0.033017
-0.033029
-0.033041
-0.033053
-0.033065
-0.033077
-0.033089
-0.033101
-0.033113
-0.033125
-0.033137
-0.033149
-0.033161
-0.033173
-0.033185
-0.033197
-0.033209
-0.033220
-0.033232
-0.033244
-0.033256
-0.033268
-0.033280
-0.033292
-0.033303
-0.033315
-0.033327
-0.033339
-0.033351
-0.033362
-0.033374
-0.033386
-0.033398
-0.033410
-0.033421
-0.033433
-0.033445
-0.033457
-0.033468
-0.033480
-0.033492
-0.033504
-0.033515
-0.033527
-0.033539
-0.033550
-0.033562
-0.033574
-0.033585
-0.033597
-0.033609
-0.033620
-0.033632
-0.033644
-0.033655
-0.033667
-0.033679
-0.033690
-0.033702
-0.033713
-0.033725
-0.033737
-0.033748
-0.033760
-0.033771
-0.033783
-0.033795
-0.033806
-0.033818
-0.033829
-0.033841
-0.033852
-0.033864
-0.033875
-0.033887
-0.033898
-0.033910
-0.033921
-0.033933
-0.033944
-0.033956
-0.033967
-0.033979
-0.033990
-0.034001
-0.034013
-0.034024
-0.034036
-0.034047
-0.034059
-0.034070
-0.034081
-0.034093
-0.034104
-0.034116
-0.034127
-0.034138
-0.034150
-0.034161
-0.034172
-0.034184
-0.034195
-0.034206
-0.034218
-0.034229
-0.034240
-0.034252
-0.034263
-0.034274
-0.034285
-0.034297
-0.034308
-0.034319
-0.034330
-0.034342
-0.034353
-0.034364
-0.034375
-0.034387
-0.034398
-0.034409
-0.034420
-0.034431
-0.034443
-0.034454
-0.034465
-0.034476
-0.034487
-0.034498
-0.034510
-0.034521
-0.034532
-0.034543
-0.034554
-0.034565
-0.034576
-0.034588
-0.034599
-0.034610
-0.034621
-0.034632
-0.034643
-0.034654
-0.034665
-0.034676
-0.034687
-0.034698
-0.034709
-0.034720
-0.034731
-0.034742
-0.034753
-0.034764
-0.034775
-0.034786
-0.034797
-0.034808
-0.034819
-0.034830
-0.034841
-0.034852
-0.034863
-0.034874
-0.034885
-0.034896
-0.034907
-0.034918
-0.034929
-0.034940
-0.034950
-0.034961
-0.034972
-0.034983
-0.034994
-0.035005
-0.035016
-0.035027
-0.035037
-0.035048
-0.035059
-0.035070
-0.035081
-0.035092
-0.035102
-0.035113
-0.035124
-0.035135
-0.035146
-0.035156
-0.035167
-0.035178
-0.035189
-0.035199
-0.035210
-0.035221
-0.035232
-0.035242
-0.035253
-0.035264
-0.035275
-0.035285
-0.035296
-0.035307
-0.035317
-0.035328
-0.035339
-0.035349
-0.035360
-0.035371
-0.035381
-0.035392
0.615164
2.150610
4.620060
7.540506
10.682592
13.903577
17.119149
20.281819
23.640565
28.396739
36.434171
44.632947
49.824607
52.741281
54.188043
54.702971
55.202360
55.939997
56.731950
57.152981
57.022730
56.355363
55.200914
53.631246
51.741232
49.629068
47.386955
45.102336
42.848212
40.675627
38.620388
36.713166
34.978621
33.431986
32.077877
30.913857
29.931852
29.117216
28.450543
27.908696
27.468366
27.108099
26.809319
26.556651
26.337478
26.141697
25.961253
25.789724
25.622040
25.454358
25.283713
25.108048
24.925948
24.736569
24.539685
24.335478
24.124454
23.907452
23.685505
23.459809
23.231596
23.002178
22.772760
22.544542
22.318558
22.095691
21.876666
21.662059
21.452271
21.247538
21.047937
20.853370
20.663725
20.478714
20.298008
20.121257
19.948111
19.778174
19.611108
19.446597
19.284304
19.123993
18.965427
18.808439
18.652866
18.498580
18.345495
18.193562
18.042710
17.892916
17.744183
17.596523
17.449921
17.304415
17.160037
17.016796
16.874699
16.733823
16.594177
16.455765
16.884678
18.120019
20.270784
23.145143
27.243066
34.482585
44.090045
50.867692
54.826973
57.050784
58.722513
60.246659
61.382763
61.954689
61.929938
61.364190
60.385494
59.130176
57.706874
56.191954
54.642559
53.097994
51.587398
50.132835
48.751362
47.456209
46.259043
45.169078
44.191384
43.324707
42.562120
41.893375
41.307220
40.792885
40.340768
39.942426
39.590526
39.278814
39.001913
38.755057
38.534220
38.335915
38.157159
37.995385
37.848361
37.714266
37.591490
37.478671
37.374608
37.278247
37.188560
37.104489
37.024826
36.948177
36.872695
36.796143
36.715596
36.627584
36.528049
36.412491
36.276382
36.115423
35.926122
35.706251
35.455243
35.174522
34.867388
34.539082
34.196569
33.847498
33.499998
33.161731
32.839302
32.538225
32.262082
32.013171
31.792631
31.600119
31.434435
31.293911
31.176313
31.079090
30.999743
30.935604
30.884199
30.843116
30.810139
30.783259
30.760684
30.740819
30.722305
30.703966
30.684831
30.664087
30.641088
30.615329
30.586441
30.554112
30.518153
30.478406
30.434772
30.387218
30.335695
30.280233
30.220808
30.157498
30.090330
30.019405
29.944840
29.866731
29.785285
29.700699
29.613236
29.523163
29.430776
29.336458
29.240554
29.143499
29.045666
28.947489
28.849351
28.751641
28.654687
28.558837
28.464373
28.371503
28.280489
28.191434
28.104498
28.019726
27.937188
27.856903
27.778805
27.702906
27.629125
27.557378
27.487608
27.419718
27.353593
27.289183
27.226384
27.165082
27.105222
27.046767
26.989592
26.933655
26.878955
26.825430
26.773020
26.721716
26.671552
26.622477
26.574466
26.527527
26.481668
26.436910
26.393207
26.350562
26.308951
26.268385
26.228853
26.190297
26.152691
26.115979
26.080133
26.045098
26.010818
25.977201
25.944184
25.911671
25.879593
25.847862
25.816413
25.785133
25.753937
25.722741
25.691463
25.660039
25.628401
25.596502
25.564271
25.531676
25.498678
25.465254
25.431414
25.397162
25.362504
25.327455
25.292046
25.256311
25.220311
25.184095
25.147728
25.111254
25.074736
25.038227
25.001805
24.965521
24.929433
24.893574
24.857984
24.822693
24.787729
24.753106
24.718829
24.684880
24.651239
24.617873
24.584753
24.551827
24.519038
24.486312
24.453574
24.420740
24.387725
24.354445
24.320805
24.286719
24.252093
24.216832
24.180850
24.144085
24.106464
24.067927
24.028422
23.987899
23.946333
23.903711
23.860028
23.815297
23.769529
23.722760
23.675025
23.626389
23.576907
23.526632
23.475663
23.424054
23.371913
23.319288
23.266282
23.212949
23.159383
23.105620
23.051739
22.997762
22.943752
22.889704
22.835655
22.781582
22.727498
22.673349
22.619126
22.564756
22.510207
22.455381
22.400231
22.344645
22.288559
22.231859
22.174463
22.116257
22.057168
21.997085
21.935909
21.873575
21.809992
21.745113
21.678854
21.611194
21.542097
21.471522
21.399481
21.325983
21.251022
21.174653
21.096924
21.017860
20.937566
20.856097
20.773551
20.690024
20.605570
20.520307
20.434347
20.347769
20.260710
20.173205
20.085386
19.997326
19.909105
19.820842
19.732543
19.644322
19.556235
19.468321
19.380662
19.293273
19.206203
19.119480
19.033153
18.947247
18.861774
18.776762
18.692221
18.608187
18.524664
18.441666
18.359189
18.277240
18.195849
18.114996
18.034688
17.954951
17.875775
17.797168
17.719101
17.641597
17.564660
17.488271
17.412429
17.337154
17.262433
17.188259
17.114630
17.041536
16.968991
16.896969
16.825469
16.754507
16.684054
16.614109
16.544686
16.475757
16.407319
16.339386
16.271931
16.204949
16.138436
16.072399
16.006811
15.941683
15.877018
15.812774
15.748976
15.685617
15.622678
15.560153
15.498050
15.436358
15.375049
15.314155
15.253647
15.193522
15.133783
15.074424
15.015440
14.956808
14.898550
14.840649
14.783109
14.725910
14.669073
14.612569
14.556413
14.500594
14.445118
14.389962
14.335152
14.280665
14.226513
14.172676
14.119159
14.065961
14.013090
13.960520
13.908270
13.856332
13.804711
13.753380
13.702367
13.651658
13.601251
13.551136
13.501321
13.451797
13.402580
13.353646
13.304995
13.256631
13.208556
13.160761
13.113232
13.065980
13.019002
12.972291
12.925842
12.879650
12.833719
12.788048
12.742628
12.697444
12.652506
12.607813
12.563360
12.519140
12.475142
12.431369
12.387828
12.344506
12.301400
12.258499
12.215807
12.173330
12.131056
12.088981
12.047096
12.005405
11.963912
11.922607
11.881487
11.840544
11.799779
11.759193
11.718789
11.678551
11.638480
11.598575
11.558835
11.519270
11.479857
11.440604
11.401502
11.362558
11.323768
11.285133
11.246643
11.208300
11.170098
11.132045
11.094140
11.056371
11.018741
10.981246
10.943888
10.906671
10.869592
10.832639
10.795818
10.759125
10.722566
10.686137
10.649839
10.613664
10.577612
10.541685
10.505882
10.470206
10.434654
10.399220
10.363907
10.328711
10.293636
10.258682
10.223848
10.189128
10.154519
10.120031
10.085656
10.051403
10.017262
9.983233
9.949315
9.915510
9.881819
9.848245
9.814778
9.781423
9.748177
9.715038
9.682011
9.649099
9.616293
9.583595
9.551005
9.518517
9.486139
9.453869
9.421711
9.389656
9.357705
9.325862
9.294120
9.262485
9.230958
9.199537
9.168218
9.136998
9.105884
9.074870
9.043961
9.013159
8.982460
8.951861
8.921359
8.890960
8.860661
8.830464
8.800372
8.770381
8.740486
8.710690
8.680994
8.651395
8.621896
8.592501
8.563204
8.534002
8.504898
8.475888
8.446978
8.418162
8.389448
8.360831
8.332311
8.303885
8.275550
8.247312
8.219168
8.191123
8.163174
8.135320
8.107558
8.079888
8.052311
8.024826
7.997434
7.970138
7.942936
7.915826
7.888805
7.861876
7.835036
7.808287
7.781628
7.755064
7.728591
7.702208
7.675913
7.649706
7.623587
7.597555
7.571613
7.545761
7.520000
7.494326
7.468739
7.443238
7.417820
7.392489
7.367245
7.342089
7.317022
7.292040
7.267143
7.242329
7.217598
7.192951
7.168387
7.143908
7.119516
7.095208
7.070982
7.046839
7.022776
6.998795
6.974894
6.951075
6.927338
6.903685
6.880114
6.856623
6.833211
6.809878
6.786624
6.763448
6.740351
6.717332
6.694397
6.671540
6.648761
6.626060
6.603435
6.580886
6.558413
6.536016
6.513696
6.491454
6.469290
6.447201
6.425187
6.403248
6.381382
6.359591
6.337873
6.316228
6.294657
6.273164
6.251744
6.230397
6.209122
6.187919
6.166786
6.145726
6.124737
6.103819
6.082972
6.062198
6.041496
6.020864
6.000302
5.979809
5.959386
5.939032
5.918746
5.898528
5.878379
5.858299
5.838290
5.818349
5.798475
5.778668
5.758928
5.739254
5.719646
5.700105
5.680629
5.661219
5.641877
5.622600
5.603390
5.584244
5.565163
5.546146
5.527193
5.508303
5.489477
5.470714
5.452015
5.433379
5.414808
5.396300
5.377854
5.359471
5.341148
5.322888
5.304687
5.286548
5.268470
5.250453
5.232497
5.214603
5.196770
5.178996
5.161282
5.143628
5.126032
5.108496
5.091017
5.073597
5.056235
5.038932
5.021687
5.004502
4.987374
4.970304
4.953291
4.936335
4.919435
4.902591
4.885804
4.869073
4.852396
4.835776
4.819212
4.802704
4.786253
4.769856
4.753514
4.737227
4.720993
4.704814
4.688688
4.672616
4.656597
4.640631
4.624718
4.608859
4.593053
4.577302
4.561603
4.545956
4.530361
4.514817
4.499325
4.483884
4.468494
4.453156
4.437868
4.422630
4.407444
4.392308
4.377223
4.362190
4.347206
4.332272
4.317387
4.302552
4.287765
4.273027
4.258337
4.243696
4.229103
4.214559
4.200062
4.185614
4.171214
4.156864
4.142561
4.128305
4.114096
4.099934
4.085817
4.071748
4.057725
4.043748
4.029817
4.015931
4.002092
3.988298
3.974550
3.960848
3.947191
3.933581
3.920015
3.906494
3.893018
3.879585
3.866196
3.852851
3.839549
3.826291
3.813077
3.799906
3.786779
3.773694
3.760653
3.747655
3.734701
3.721790
3.708922
3.696096
3.683311
3.670568
3.657867
3.645207
3.632588
3.620011
3.607475
3.594979
3.582525
3.570111
3.557738
3.545406
3.533115
3.520866
3.508656
3.496487
3.484358
3.472268
3.460217
3.448206
3.436233
3.424299
3.412404
3.400548
3.388731
3.376952
3.365211
3.353509
3.341846
3.330220
3.318633
3.307086
3.295576
3.284104
3.272669
3.261271
3.249910
3.238586
3.227299
3.216048
3.204834
3.193656
3.182514
3.171409
3.160340
3.149306
3.138309
3.127348
3.116423
3.105534
3.094681
3.083865
3.073083
3.062336
3.051625
3.040948
3.030305
3.019697
3.009123
2.998583
2.988077
2.977606
2.967168
2.956764
2.946394
2.936057
2.925755
2.915486
2.905250
2.895049
2.884881
2.874747
2.864645
2.854577
2.844541
2.834538
2.824567
2.814628
2.804721
2.794847
2.785003
2.775192
2.765412
2.755664
2.745948
2.736263
2.726609
2.716987
2.707397
2.697837
2.688309
2.678812
2.669347
2.659913
2.650509
2.641136
2.631793
2.622480
2.613198
2.603945
2.594722
2.585529
2.576366
2.567232
2.558127
2.549052
2.540005
2.530989
2.522001
2.513043
2.504113
2.495213
2.486342
2.477499
2.468686
2.459902
2.451147
2.442420
2.433721
2.425051
2.416408
2.407794
2.399207
2.390648
2.382117
2.373613
2.365136
2.356687
2.348265
2.339869
2.331501
2.323160
2.314846
2.306559
2.298298
2.290065
2.281858
2.273678
2.265525
2.257398
2.249298
2.241225
2.233178
2.225157
2.217162
2.209193
2.201250
2.193332
2.185440
2.177573
2.169732
2.161916
2.154125
2.146359
2.138618
2.130902
2.123211
2.115544
2.107902
2.100285
2.092693
2.085125
2.077582
2.070064
2.062569
2.055100
2.047654
2.040233
2.032837
2.025465
2.018116
2.010792
2.003491
1.996214
1.988960
1.981730
1.974524
1.967340
1.960180
1.953042
1.945928
1.938837
1.931768
1.924722
1.917699
1.910699
1.903721
1.896766
1.889833
1.882922
1.876034
1.869169
1.862325
1.855504
1.848705
1.841929
1.835174
1.828442
1.821732
1.815043
1.808377
1.801732
1.795109
1.788508
1.781928
1.775369
1.768831
1.762314
1.755819
1.749345
1.742891
1.736458
1.730047
1.723655
1.717285
1.710935
1.704606
1.698297
1.692008
1.685740
1.679492
1.673264
1.667057
1.660870
1.654703
1.648556
1.642429
1.636322
1.630235
1.624167
1.618120
1.612093
1.606086
1.600098
1.594130
1.588182
1.582252
1.576342
1.570452
1.564580
1.558728
1.552894
1.547080
1.541284
1.535507
1.529749
1.524010
1.518290
1.512587
1.506904
1.501239
1.495592
1.489964
1.484354
1.478762
1.473188
1.467633
1.462095
1.456576
1.451074
1.445591
1.440126
1.434678
1.429248
1.423836
1.418442
1.413066
1.407707
1.402366
1.397043
1.391738
1.386449
1.381179
1.375925
1.370689
1.365470
1.360268
1.355083
1.349915
1.344764
1.339630
1.334512
1.329411
1.324328
1.319260
1.314210
1.309175
1.304158
1.299156
1.294172
1.289203
1.284251
1.279315
1.274395
1.269491
1.264604
1.259732
1.254876
1.250037
1.245213
1.240405
1.235613
1.230837
1.226076
1.221331
1.216602
1.211889
1.207191
1.202509
1.197842
1.193191
1.188556
1.183936
1.179331
1.174742
1.170168
1.165609
1.161065
1.156536
1.152023
1.147524
1.143040
1.138571
1.134117
1.129678
1.125253
1.120843
1.116447
1.112067
1.107700
1.103348
1.099011
1.094688
1.090380
1.086085
1.081805
1.077540
1.073288
1.069051
1.064827
1.060618
1.056423
1.052241
1.048074
1.043921
1.039781
1.035655
1.031544
1.027445
1.023361
1.019290
1.015233
1.011189
1.007159
1.003143
0.999140
0.995150
0.991174
0.987212
0.983263
0.979327
0.975405
0.971496
0.967600
0.963718
0.959848
0.955992
0.952149
0.948319
0.944501
0.940697
0.936905
0.933127
0.929361
0.925608
0.921867
0.918140
0.914424
0.910722
0.907032
0.903355
0.899690
0.896037
0.892397
0.888769
0.885154
0.881551
0.877960
0.874382
0.870816
0.867261
0.863719
0.860189
0.856672
0.853166
0.849672
0.846190
0.842720
0.839262
0.835816
0.832382
0.828959
0.825549
0.822150
0.818762
0.815387
0.812023
0.808670
0.805329
0.802000
0.798682
0.795376
0.792081
0.788798
0.785526
0.782265
0.779016
0.775778
0.772551
0.769336
0.766132
0.762939
0.759758
0.756588
0.753428
0.750280
0.747143
0.744017
0.740902
0.737798
0.734705
0.731622
0.728551
0.725490
0.722440
0.719400
0.716372
0.713354
0.710347
0.707350
0.704364
0.701389
0.698424
0.695469
0.692525
0.689592
0.686669
0.683756
0.680854
0.677961
0.675080
0.672208
0.669347
0.666496
0.663655
0.660825
0.658004
0.655194
0.652393
0.649603
0.646823
0.644053
0.641292
0.638542
0.635802
0.633071
0.630351
0.627640
0.624939
0.622248
0.619566
0.616894
0.614232
0.611580
0.608937
0.606304
0.603681
0.601067
0.598463
0.595868
0.593283
0.590707
0.588140
0.585583
0.583036
0.580498
0.577969
0.575449
0.572939
0.570438
0.567947
0.565464
0.562991
0.560527
0.558073
0.555627
0.553191
0.550764
0.548345
0.545936
0.543536
0.541145
0.538763
0.536390
0.534026
0.531671
0.529324
0.526987
0.524658
0.522338
0.520027
0.517724
0.515431
0.513146
0.510869
0.508602
0.506343
0.504092
0.501850
0.499617
0.497392
0.495176
0.492968
0.490768
0.488577
0.486395
0.484221
0.482055
0.479897
0.477748
0.475607
0.473475
0.471351
0.469235
0.467127
0.465027
0.462935
0.460852
0.458777
0.456710
0.454651
0.452600
0.450557
0.448521
0.446494
0.444475
0.442464
0.440461
0.438466
0.436478
0.434499
0.432527
0.430563
0.428607
0.426658
0.424718
0.422785
0.420859
0.418942
0.417032
0.415130
0.413235
0.411348
0.409468
0.407596
0.405732
0.403875
0.402025
0.400183
0.398349
0.396521
0.394702
0.392889
0.391084
0.389286
0.387496
0.385713
0.383937
0.382168
0.380407
0.378652
0.376905
0.375165
0.373433
0.371707
0.369988
0.368277
0.366572
0.364875
0.363185
0.361501
0.359825
0.358155
0.356492
0.354837
0.353188
0.351546
0.349911
0.348282
0.346661
0.345046
0.343438
0.341837
0.340243
0.338655
0.337074
0.335500
0.333932
0.332371
0.330816
0.329268
0.327727
0.326192
0.324663
0.323141
0.321626
0.320117
0.318614
0.317118
0.315628
0.314144
0.312667
0.311196
0.309731
0.308273
0.306821
0.305375
0.303935
0.302502
0.301074
0.299653
0.298238
0.296829
0.295425
0.294028
0.292637
0.291253
0.289874
0.288500
0.287133
0.285772
0.284417
0.283068
0.281724
0.280386
0.279054
0.277728
0.276408
0.275093
0.273784
0.272481
0.271184
0.269892
0.268606
0.267325
0.266050
0.264781
0.263517
0.262259
0.261006
0.259759
0.258517
0.257281
0.256050
0.254825
0.253605
0.252390
0.251181
0.249977
0.248778
0.247584
0.246396
0.245213
0.244036
0.242863
0.241696
0.240534
0.239377
0.238225
0.237078
0.235937
0.234800
0.233668
0.232542
0.231420
0.230304
0.229192
0.228085
0.226984
0.225887
0.224795
0.223707
0.222625
0.221548
0.220475
0.219407
0.218344
0.217285
0.216232
0.215183
0.214138
0.213099
0.212063
0.211033
0.210007
0.208986
0.207969
0.206957
0.205949
0.204946
0.203947
0.202953
0.201963
0.200977
0.199996
0.199020
0.198047
0.197079
0.196116
0.195156
0.194201
0.193250
0.192304
0.191361
0.190423
0.189489
0.188559
0.187633
0.186712
0.185794
0.184881
0.183971
0.183066
0.182165
0.181268
0.180374
0.179485
0.178600
0.177718
0.176841
0.175967
0.175097
0.174231
0.173369
0.172511
0.171657
0.170806
0.169959
0.169116
0.168277
0.167441
0.166609
0.165781
0.164956
0.164135
0.163318
0.162504
0.161694
0.160887
0.160084
0.159285
0.158489
0.157696
0.156907
0.156122
0.155340
0.154561
0.153786
0.153014
0.152245
0.151480
0.150718
0.149960
0.149205
0.148453
0.147705
0.146959
0.146217
0.145479
0.144743
0.144011
0.143282
0.142556
0.141833
0.141113
0.140396
0.139683
0.138973
0.138265
0.137561
0.136860
0.136162
0.135466
0.134774
0.134085
0.133399
0.132716
0.132035
0.131358
0.130684
0.130012
0.129343
0.128677
0.128014
0.127354
0.126697
0.126042
0.125391
0.124742
0.124096
0.123452
0.122812
0.122174
0.121538
0.120906
0.120276
0.119649
0.119024
0.118402
0.117783
0.117166
0.116552
0.115941
0.115332
0.114725
0.114121
0.113520
0.112921
0.112325
0.111731
0.111140
0.110551
0.109965
0.109381
0.108799
0.108220
0.107643
0.107069
0.106497
0.105927
0.105360
0.104795
0.104233
0.103673
0.103115
0.102559
0.102006
0.101455
0.100906
0.100359
0.099815
0.099273
0.098733
0.098195
0.097660
0.097127
0.096596
0.096067
0.095540
0.095015
0.094493
0.093972
0.093454
0.092938
0.092424
0.091912
0.091402
0.090894
0.090388
0.089884
0.089382
0.088883
0.088385
0.087889
0.087395
0.086903
0.086414
0.085926
0.085440
0.084956
0.084474
0.083993
0.083515
0.083039
0.082564
0.082092
0.081621
0.081152
0.080685
0.080220
0.079757
0.079295
0.078835
0.078378
0.077921
0.077467
0.077015
0.076564
0.076115
0.075668
0.075222
0.074779
0.074337
0.073896
0.073458
0.073021
0.072586
0.072152
0.071721
0.071291
0.070862
0.070435
0.070010
0.069587
0.069165
0.068745
0.068326
0.067909
0.067494
0.067080
0.066668
0.066257
0.065848
0.065441
0.065035
0.064631
0.064228
0.063827
0.063427
0.063029
0.062632
0.062237
0.061844
0.061452
0.061061
0.060672
0.060284
0.059898
0.059513
0.059130
0.058748
0.058368
0.057989
0.057611
0.057235
0.056861
0.056487
0.056116
0.055745
0.055376
0.055008
0.054642
0.054277
0.053914
0.053552
0.053191
0.052831
0.052473
0.052117
0.051761
0.051407
0.051054
0.050703
0.050353
0.050004
0.049657
0.049310
0.048965
0.048622
0.048279
0.047938
0.047598
0.047260
0.046923
0.046587
0.046252
0.045918
0.045586
0.045255
0.044925
0.044596
0.044269
0.043943
0.043618
0.043294
0.042971
0.042650
0.042330
0.042011
0.041693
0.041376
0.041060
0.040746
0.040433
0.040121
0.039810
0.039500
0.039191
0.038884
0.038578
0.038272
0.037968
0.037665
0.037363
0.037062
0.036763
0.036464
0.036167
0.035870
0.035575
0.035281
0.034987
0.034695
0.034404
0.034114
0.033825
0.033537
0.033251
0.032965
0.032680
0.032396
0.032114
0.031832
0.031551
0.031272
0.030993
0.030716
0.030439
0.030164
0.029889
0.029616
0.029343
0.029071
0.028801
0.028531
0.028263
0.027995
0.027728
0.027463
0.027198
0.026934
0.026671
0.026409
0.026149
0.025889
0.025629
0.025371
0.025114
0.024858
0.024603
0.024348
0.024095
0.023842
0.023591
0.023340
0.023090
0.022841
0.022593
0.022346
0.022100
0.021854
0.021610
0.021366
0.021124
0.020882
0.020641
0.020401
0.020162
0.019923
0.019686
0.019449
0.019213
0.018978
0.018744
0.018511
0.018279
0.018047
0.017816
0.017586
0.017357
0.017129
0.016902
0.016675
0.016449
0.016224
0.016000
0.015777
0.015554
0.015332
0.015112
0.014891
0.014672
0.014453
0.014236
0.014019
0.013802
0.013587
0.013372
0.013158
0.012945
0.012733
0.012521
0.012310
0.012100
0.011891
0.011682
0.011474
0.011267
0.011061
0.010855
0.010651
0.010446
0.010243
0.010040
0.009838
0.009637
0.009437
0.009237
0.009038
0.008839
0.008642
0.008445
0.008249
0.008053
0.007858
0.007664
0.007471
0.007278
0.007086
0.006895
0.006704
0.006514
0.006325
0.006136
0.005948
0.005761
0.005575
0.005389
0.005203
0.005019
0.004835
0.004652
0.004469
0.004287
0.004106
0.003925
0.003745
0.003566
0.003387
0.003209
0.003032
0.002855
0.002679
0.002503
0.002329
0.002154
0.001981
0.001808
0.001635
0.001463
0.001292
0.001122
0.000952
0.000783
0.000614
0.000446
0.000278
0.000111
-0.000055
-0.000221
-0.000386
-0.000550
-0.000714
-0.000877
-0.001040
-0.001202
-0.001364
-0.001525
-0.001685
-0.001845
-0.002004
-0.002163
-0.002321
-0.002479
-0.002636
-0.002792
-0.002948
-0.003103
-0.003258
-0.003412
-0.003566
-0.003719
-0.003871
-0.004023
-0.004175
-0.004326
-0.004476
-0.004626
-0.004775
-0.004924
-0.005072
-0.005220
-0.005367
-0.005513
-0.005659
-0.005805
-0.005950
-0.006094
-0.006238
-0.006382
-0.006525
-0.006667
-0.006809
-0.006951
-0.007091
-0.007232
-0.007372
-0.007511
-0.007650
-0.007788
-0.007926
-0.008064
-0.008201
-0.008337
-0.008473
-0.008608
-0.008743
-0.008878
-0.009012
-0.009145
-0.009278
-0.009411
-0.009543
-0.009674
-0.009805
-0.009936
-0.010066
-0.010196
-0.010325
-0.010454
-0.010582
-0.010710
-0.010837
-0.010964
-0.011091
-0.011217
-0.011342
-0.011467
-0.011592
-0.011716
-0.011840
-0.011963
-0.012086
-0.012208
-0.012330
-0.012452
-0.012573
-0.012693
-0.012814
-0.012933
-0.013053
-0.013172
-0.013290
-0.013408
-0.013526
-0.013643
-0.013760
-0.013876
-0.013992
-0.014108
-0.014223
-0.014338
-0.014452
-0.014566
-0.014679
-0.014792
-0.014905
-0.015017
-0.015129
-0.015240
-0.015351
-0.015462
-0.015572
-0.015682
-0.015791
-0.015900
-0.016009
-0.016117
-0.016225
-0.016333
-0.016440
-0.016546
-0.016653
-0.016759
-0.016864
-0.016969
-0.017074
-0.017179
-0.017283
-0.017386
-0.017489
-0.017592
-0.017695
-0.017797
-0.017899
-0.018000
-0.018101
-0.018202
-0.018302
-0.018402
-0.018502
-0.018601
-0.018700
-0.018799
-0.018897
-0.018995
-0.019092
-0.019189
-0.019286
-0.019382
-0.019478
-0.019574
-0.019669
-0.019764
-0.019859
-0.019953
-0.020047
-0.020141
-0.020234
-0.020327
-0.020420
-0.020512
-0.020604
-0.020696
-0.020787
-0.020878
-0.020969
-0.021059
-0.021149
-0.021239
-0.021328
-0.021417
-0.021506
-0.021594
-0.021682
-0.021770
-0.021858
-0.021945
-0.022032
-0.022118
-0.022204
-0.022290
-0.022376
-0.022461
-0.022546
-0.022630
-0.022715
-0.022799
-0.022882
-0.022966
-0.023049
-0.023132
-0.023214
-0.023296
-0.023378
-0.023460
-0.023541
-0.023622
-0.023703
-0.023783
-0.023864
-0.023943
-0.024023
-0.024102
-0.024181
-0.024260
-0.024338
-0.024417
-0.024494
-0.024572
-0.024649
-0.024726
-0.024803
-0.024880
-0.024956
-0.025032
-0.025107
-0.025183
-0.025258
-0.025333
-0.025407
-0.025481
-0.025555
-0.025629
-0.025703
-0.025776
-0.025849
-0.025922
-0.025994
-0.026066
-0.026138
-0.026210
-0.026281
-0.026352
-0.026423
-0.026494
-0.026564
-0.026634
-0.026704
-0.026774
-0.026843
-0.026912
-0.026981
-0.027049
-0.027118
-0.027186
-0.027254
-0.027321
-0.027389
-0.027456
-0.027523
-0.027589
-0.027656
-0.027722
-0.027788
-0.027853
-0.027919
-0.027984
-0.028049
-0.028114
-0.028178
-0.028243
-0.028307
-0.028370
-0.028434
-0.028497
-0.028560
-0.028623
-0.028686
-0.028748
-0.028811
-0.028873
-0.028934
-0.028996
-0.029057
-0.029118
-0.029179
-0.029240
-0.029300
-0.029361
-0.029421
-0.029480
-0.029540
-0.029599
-0.029659
-0.029717
-0.029776
-0.029835
-0.029893
-0.029951
-0.030009
-0.030067
-0.030124
-0.030181
-0.030238
-0.030295
-0.030352
-0.030408
-0.030465
-0.030521
-0.030576
-0.030632
-0.030688
-0.030743
-0.030798
-0.030853
-0.030907
-0.030962
-0.031016
-0.031070
-0.031124
-0.031177
-0.031231
-0.031284
-0.031337
-0.031390
-0.031443
-0.031495
-0.031548
-0.031600
-0.031652
-0.031704
-0.031755
-0.031807
-0.031858
-0.031909
-0.031960
-0.032010
-0.032061
-0.032111
-0.032161
-0.032211
-0.032261
-0.032311
-0.032360
-0.032409
-0.032458
-0.032507
-0.032556
-0.032604
-0.032653
-0.032701
-0.032749
-0.032797
-0.032844
-0.032892
-0.032939
-0.032986
-0.033033
-0.033080
-0.033127
-0.033173
-0.033219
-0.033266
-0.033312
-0.033357
-0.033403
-0.033449
-0.033494
-0.033539
-0.033584
-0.033629
-0.033674
-0.033718
-0.033762
-0.033807
-0.033851
-0.033895
-0.033938
-0.033982
-0.034025
-0.034069
-0.034112
-0.034155
-0.034198
-0.034240
-0.034283
-0.034325
-0.034367
-0.034409
-0.034451
-0.034493
-0.034535
-0.034576
-0.034617
-0.034658
-0.034699
-0.034740
-0.034781
-0.034822
-0.034862
-0.034902
-0.034943
-0.034983
-0.035022
-0.035062
-0.035102
-0.035141
-0.035180
-0.035220
-0.035259
-0.035298
-0.035336
-0.035375
-0.035413
-0.035452
-0.035490
-0.035528
-0.035566
-0.035604
-0.035641
-0.035679
-0.035716
-0.035753
-0.035791
-0.035828
-0.035864
-0.035901
-0.035938
-0.035974
-0.036011
-0.036047
-0.036083
-0.036119
-0.036155
-0.036190
-0.036226
-0.036262
-0.036297
-0.036332
-0.036367
-0.036402
-0.036437
-0.036472
-0.036506
-0.036541
-0.036575
-0.036609
-0.036643
-0.036677
-0.036711
-0.036745
-0.036779
-0.036812
-0.036846
-0.036879
-0.036912
-0.036945
-0.036978
-0.037011
-0.037044
-0.037076
-0.037109
-0.037141
-0.037173
-0.037205
-0.037237
-0.037269
-0.037301
-0.037333
-0.037364
-0.037396
-0.037427
-0.037458
-0.037489
-0.037520
-0.037551

