0.000000
0.000000
-0.000026
-0.000052
-0.000077
-0.000103
-0.000128
-0.000153
-0.000177
-0.000201
-0.000224
-0.000247
-0.000270
-0.000293
-0.000315
-0.000337
-0.000359
-0.000380
-0.000402
-0.000423
-0.000444
-0.000465
-0.000485
-0.000506
-0.000526
-0.000547
-0.000567
-0.000587
-0.000607
-0.000627
-0.000647
-0.000667
-0.000687
-0.000707
-0.000726
-0.000746
-0.000766
-0.000785
-0.000805
-0.000824
-0.000844
-0.000863
-0.000883
-0.000902
-0.000922
-0.000941
-0.000961
-0.000980
-0.001000
-0.001019
-0.001038
-0.001058
-0.001077
-0.001097
-0.001116
-0.001135
-0.001155
-0.001174
-0.001194
-0.001213
-0.001233
-0.001252
-0.001271
-0.001291
-0.001310
-0.001330
-0.001349
-0.001369
-0.001388
-0.001408
-0.001428
-0.001447
-0.001467
-0.001486
-0.001506
-0.001525
-0.001545
-0.001565
-0.001584
-0.001604
-0.001624
-0.001644
-0.001663
-0.001683
-0.001703
-0.001723
-0.001743
-0.001762
-0.001782
-0.001802
-0.001822
-0.001842
-0.001862
-0.001882
-0.001902
-0.001922
-0.001942
-0.001962
-0.001982
-0.002002
-0.002022
-0.002042
-0.002063
-0.002083
-0.002103
-0.002123
-0.002143
-0.002164
-0.002184
-0.002204
-0.002225
-0.002245
-0.002265
-0.002286
-0.002306
-0.002326
-0.002347
-0.002367
-0.002388
-0.002408
-0.002429
-0.002449
-0.002470
-0.002491
-0.002511
-0.002532
-0.002553
-0.002573
-0.002594
-0.002615
-0.002635
-0.002656
-0.002677
-0.002698
-0.002719
-0.002739
-0.002760
-0.002781
-0.002802
-0.002823
-0.002844
-0.002865
-0.002886
-0.002907
-0.002928
-0.002949
-0.002970
-0.002991
-0.003012
-0.003033
-0.003054
-0.003075
-0.003097
-0.003118
-0.003139
-0.003160
-0.003181
-0.003203
-0.003224
-0.003245
-0.003266
-0.003288
-0.003309
-0.003330
-0.003352
-0.003373
-0.003395
-0.003416
-0.003437
-0.003459
-0.003480
-0.003502
-0.003523
-0.003545
-0.003566
-0.003588
-0.003610
-0.003631
-0.003653
-0.003674
-0.003696
-0.003718
-0.003739
-0.003761
-0.003783
-0.003804
-0.003826
-0.003848
-0.003869
-0.003891
-0.003913
-0.003935
-0.003956
-0.003978
-0.004000
-0.004022
-0.004044
-0.004066
-0.004088
-0.004109
-0.004131
-0.004153
-0.004175
-0.004197
-0.004219
-0.004241
-0.004263
-0.004285
-0.004307
-0.004329
-0.004351
-0.004373
-0.004395
-0.004417
-0.004439
-0.004461
-0.004483
-0.004505
-0.004527
-0.004550
-0.004572
-0.004594
-0.004616
-0.004638
-0.004660
-0.004683
-0.004705
-0.004727
-0.004749
-0.004771
-0.004794
-0.004816
-0.004838
-0.004860
-0.004883
-0.004905
-0.004927
-0.004949
-0.004972
-0.004994
-0.005016
-0.005039
-0.005061
-0.005083
-0.005106
-0.005128
-0.005150
-0.005173
-0.005195
-0.005218
-0.005240
-0.005262
-0.005285
-0.005307
-0.005330
-0.005352
-0.005375
-0.005397
-0.005419
-0.005442
-0.005464
-0.005487
-0.005509
-0.005532
-0.005554
-0.005577
-0.005599
-0.005622
-0.005644
-0.005667
-0.005690
-0.005712
-0.005735
-0.005757
-0.005780
-0.005802
-0.005825
-0.005847
-0.005870
-0.005893
-0.005915
-0.005938
-0.005960
-0.005983
-0.006006
-0.006028
-0.006051
-0.006073
-0.006096
-0.006119
-0.006141
-0.006164
-0.006187
-0.006209
-0.006232
-0.006255
-0.006277
-0.006300
-0.006323
-0.006345
-0.006368
-0.006391
-0.006413
-0.006436
-0.006459
-0.006482
-0.006504
-0.006527
-0.006550
-0.006572
-0.006595
-0.006618
-0.006641
-0.006663
-0.006686
-0.006709
-0.006731
-0.006754
-0.006777
-0.006800
-0.006822
-0.006845
-0.006868
-0.006891
-0.006913
-0.006936
-0.006959
-0.006982
-0.007004
-0.007027
-0.007050
-0.007073
-0.007095
-0.007118
-0.007141
-0.007164
-0.007187
-0.007209
-0.007232
-0.007255
-0.007278
-0.007300
-0.007323
-0.007346
-0.007369
-0.007392
-0.007414
-0.007437
-0.007460
-0.007483
-0.007505
-0.007528
-0.007551
-0.007574
-0.007597
-0.007619
-0.007642
-0.007665
-0.007688
-0.007711
-0.007733
-0.007756
-0.007779
-0.007802
-0.007825
-0.007847
-0.007870
-0.007893
-0.007916
-0.007939
-0.007961
-0.007984
-0.008007
-0.008030
-0.008052
-0.008075
-0.008098
-0.008121
-0.008144
-0.008166
-0.008189
-0.008212
-0.008235
-0.008258
-0.008280
-0.008303
-0.008326
-0.008349
-0.008371
-0.008394
-0.008417
-0.008440
-0.008462
-0.008485
-0.008508
-0.008531
-0.008554
-0.008576
-0.008599
-0.008622
-0.008645
-0.008667
-0.008690
-0.008713
-0.008736
-0.008758
-0.008781
-0.008804
-0.008827
-0.008849
-0.008872
-0.008895
-0.008917
-0.008940
-0.008963
-0.008986
-0.009008
-0.009031
-0.009054
-0.009077
-0.009099
-0.009122
-0.009145
-0.009167
-0.009190
-0.009213
-0.009235
-0.009258
-0.009281
-0.009304
-0.009326
-0.009349
-0.009372
-0.009394
-0.009417
-0.009440
-0.009462
-0.009485
-0.009508
-0.009530
-0.009553
-0.009576
-0.009598
-0.009621
-0.009643
-0.009666
-0.009689
-0.009711
-0.009734
-0.009757
-0.009779
-0.009802
-0.009824
-0.009847
-0.009870
-0.009892
-0.009915
-0.009937
-0.009960
-0.009983
-0.010005
-0.010028
-0.010050
-0.010073
-0.010095
-0.010118
-0.010141
-0.010163
-0.010186
-0.010208
-0.010231
-0.010253
-0.010276
-0.010298
-0.010321
-0.010343
-0.010366
-0.010388
-0.010411
-0.010433
-0.010456
-0.010478
-0.010501
-0.010523
-0.010546
-0.010568
-0.010591
-0.010613
-0.010636
-0.010658
-0.010680
-0.010703
-0.010725
-0.010748
-0.010770
-0.010793
-0.010815
-0.010837
-0.010860
-0.010882
-0.010905
-0.010927
-0.010949
-0.010972
-0.010994
-0.011017
-0.011039
-0.011061
-0.011084
-0.011106
-0.011128
-0.011151
-0.011173
-0.011195
-0.011218
-0.011240
-0.011262
-0.011285
-0.011307
-0.011329
-0.011351
-0.011374
-0.011396
-0.011418
-0.011440
-0.011463
-0.011485
-0.011507
-0.011529
-0.011552
-0.011574
-0.011596
-0.011618
-0.011641
-0.011663
-0.011685
-0.011707
-0.011729
-0.011752
-0.011774
-0.011796
-0.011818
-0.011840
-0.011862
-0.011884
-0.011907
-0.011929
-0.011951
-0.011973
-0.011995
-0.012017
-0.012039
-0.012061
-0.012083
-0.012106
-0.012128
-0.012150
-0.012172
-0.012194
-0.012216
-0.012238
-0.012260
-0.012282
-0.012304
-0.012326
-0.012348
-0.012370
-0.012392
-0.012414
-0.012436
-0.012458
-0.012480
-0.012502
-0.012524
-0.012546
-0.012568
-0.012590
-0.012612
-0.012634
-0.012655
-0.012677
-0.012699
-0.012721
-0.012743
-0.012765
-0.012787
-0.012809
-0.012831
-0.012852
-0.012874
-0.012896
-0.012918
-0.012940
-0.012962
-0.012983
-0.013005
-0.013027
-0.013049
-0.013070
-0.013092
-0.013114
-0.013136
-0.013158
-0.013179
-0.013201
-0.013223
-0.013244
-0.013266
-0.013288
-0.013310
-0.013331
-0.013353
-0.013375
-0.013396
-0.013418
-0.013440
-0.013461
-0.013483
-0.013505
-0.013526
-0.013548
-0.013569
-0.013591
-0.013613
-0.013634
-0.013656
-0.013677
-0.013699
-0.013721
-0.013742
-0.013764
-0.013785
-0.013807
-0.013828
-0.013850
-0.013871
-0.013893
-0.013914
-0.013936
-0.013957
-0.013979
-0.014000
-0.014022
-0.014043
-0.014065
-0.014086
-0.014107
-0.014129
-0.014150
-0.014172
-0.014193
-0.014214
-0.014236
-0.014257
-0.014278
-0.014300
-0.014321
-0.014343
-0.014364
-0.014385
-0.014406
-0.014428
-0.014449
-0.014470
-0.014492
-0.014513
-0.014534
-0.014555
-0.014577
-0.014598
-0.014619
-0.014640
-0.014662
-0.014683
-0.014704
-0.014725
-0.014746
-0.014768
-0.014789
-0.014810
-0.014831
-0.014852
-0.014873
-0.014894
-0.014916
-0.014937
-0.014958
-0.014979
-0.015000
-0.015021
-0.015042
-0.015063
-0.015084
-0.015105
-0.015126
-0.015147
-0.015168
-0.015189
-0.015210
-0.015231
-0.015252
-0.015273
-0.015294
-0.015315
-0.015336
-0.015357
-0.015378
-0.015399
-0.015420
-0.015441
-0.015462
-0.015483
-0.015504
-0.015524
-0.015545
-0.015566
-0.015587
-0.015608
-0.015629
-0.015650
-0.015670
-0.015691
-0.015712
-0.015733
-0.015754
-0.015774
-0.015795
-0.015816
-0.015837
-0.015857
-0.015878
-0.015899
-0.015920
-0.015940
-0.015961
-0.015982
-0.016002
-0.016023
-0.016044
-0.016064
-0.016085
-0.016106
-0.016126
-0.016147
-0.016168
-0.016188
-0.016209
-0.016229
-0.016250
-0.016271
-0.016291
-0.016312
-0.016332
-0.016353
-0.016373
-0.016394
-0.016414
-0.016435
-0.016455
-0.016476
-0.016496
-0.016517
-0.016537
-0.016558
-0.016578
-0.016599
-0.016619
-0.016639
-0.016660
-0.016680
-0.016701
-0.016721
-0.016741
-0.016762
-0.016782
-0.016802
-0.016823
-0.016843
-0.016863
-0.016884
-0.016904
-0.016924
-0.016945
-0.016965
-0.016985
-0.017005
-0.017026
-0.017046
-0.017066
-0.017086
-0.017107
-0.017127
-0.017147
-0.017167
-0.017187
-0.017207
-0.017228
-0.017248
-0.017268
-0.017288
-0.017308
-0.017328
-0.017348
-0.017369
-0.017389
-0.017409
-0.017429
-0.017449
-0.017469
-0.017489
-0.017509
-0.017529
-0.017549
-0.017569
-0.017589
-0.017609
-0.017629
-0.017649
-0.017669
-0.017689
-0.017709
-0.017729
-0.017749
-0.017769
-0.017789
-0.017808
-0.017828
-0.017848
-0.017868
-0.017888
-0.017908
-0.017928
-0.017948
-0.017967
-0.017987
-0.018007
-0.018027
-0.018047
-0.018066
-0.018086
-0.018106
-0.018126
-0.018145
-0.018165
-0.018185
-0.018205
-0.018224
-0.018244
-0.018264
-0.018284
-0.018303
-0.018323
-0.018343
-0.018362
-0.018382
-0.018401
-0.018421
-0.018441
-0.018460
-0.018480
-0.018500
-0.018519
-0.018539
-0.018558
-0.018578
-0.018597
-0.018617
-0.018636
-0.018656
-0.018675
-0.018695
-0.018714
-0.018734
-0.018753
-0.018773
-0.018792
-0.018812
-0.018831
-0.018851
-0.018870
-0.018889
-0.018909
-0.018928
-0.018948
-0.018967
-0.018986
-0.019006
-0.019025
-0.019044
-0.019064
-0.019083
-0.019102
-0.019122
-0.019141
-0.019160
-0.019179
-0.019199
-0.019218
-0.019237
-0.019256
-0.019276
-0.019295
-0.019314
-0.019333
-0.019353
-0.019372
-0.019391
-0.019410
-0.019429
-0.019448
-0.019468
-0.019487
-0.019506
-0.019525
-0.019544
-0.019563
-0.019582
-0.019601
-0.019620
-0.019639
-0.019658
-0.019677
-0.019696
-0.019715
-0.019734
-0.019753
-0.019772
-0.019791
-0.019810
-0.019829
-0.019848
-0.019867
-0.019886
-0.019905
-0.019924
-0.019943
-0.019962
-0.019981
-0.020000
-0.020019
-0.020037
-0.020056
-0.020075
-0.020094
-0.020113
-0.020132
-0.020150
-0.020169
-0.020188
-0.020207
-0.020226
-0.020244
-0.020263
-0.020282
-0.020301
-0.020319
-0.020338
-0.020357
-0.020375
-0.020394
-0.020413
-0.020432
-0.020450
-0.020469
-0.020488
-0.020506
-0.020525
-0.020543
-0.020562
-0.020581
-0.020599
-0.020618
-0.020636
-0.020655
-0.020674
-0.020692
-0.020711
-0.020729
-0.020748
-0.020766
-0.020785
-0.020803
-0.020822
-0.020840
-0.020859
-0.020877
-0.020895
-0.020914
-0.020932
-0.020951
-0.020969
-0.020988
-0.021006
-0.021024
-0.021043
-0.021061
-0.021079
-0.021098
-0.021116
-0.021135
-0.021153
-0.021171
-0.021189
-0.021208
-0.021226
-0.021244
-0.021263
-0.021281
-0.021299
-0.021317
-0.021336
-0.021354
-0.021372
-0.021390
-0.021408
-0.021427
-0.021445
-0.021463
-0.021481
-0.021499
-0.021517
-0.021536
-0.021554
-0.021572
-0.021590
-0.021608
-0.021626
-0.021644
-0.021662
-0.021680
-0.021698
-0.021716
-0.021734
-0.021752
-0.021770
-0.021788
-0.021806
-0.021824
-0.021842
-0.021860
-0.021878
-0.021896
-0.021914
-0.021932
-0.021950
-0.021968
-0.021986
-0.022004
-0.022022
-0.022040
-0.022058
-0.022075
-0.022093
-0.022111
-0.022129
-0.022147
-0.022165
-0.022182
-0.022200
-0.022218
-0.022236
-0.022254
-0.022271
-0.022289
-0.022307
-0.022325
-0.022342
-0.022360
-0.022378
-0.022395
-0.022413
-0.022431
-0.022448
-0.022466
-0.022484
-0.022501
-0.022519
-0.022537
-0.022554
-0.022572
-0.022590
-0.022607
-0.022625
-0.022642
-0.022660
-0.022677
-0.022695
-0.022713
-0.022730
-0.022748
-0.022765
-0.022783
-0.022800
-0.022818
-0.022835
-0.022853
-0.022870
-0.022887
-0.022905
-0.022922
-0.022940
-0.022957
-0.022975
-0.022992
-0.023009
-0.023027
-0.023044
-0.023062
-0.023079
-0.023096
-0.023114
-0.023131
-0.023148
-0.023166
-0.023183
-0.023200
-0.023217
-0.023235
-0.023252
-0.023269
-0.023286
-0.023304
-0.023321
-0.023338
-0.023355
-0.023373
-0.023390
-0.023407
-0.023424
-0.023441
-0.023458
-0.023476
-0.023493
-0.023510
-0.023527
-0.023544
-0.023561
-0.023578
-0.023595
-0.023613
-0.023630
-0.023647
-0.023664
-0.023681
-0.023698
-0.023715
-0.023732
-0.023749
-0.023766
-0.023783
-0.023800
-0.023817
-0.023834
-0.023851
-0.023868
-0.023885
-0.023902
-0.023919
-0.023935
-0.023952
-0.023969
-0.023986
-0.024003
-0.024020
-0.024037
-0.024054
-0.024070
-0.024087
-0.024104
-0.024121
-0.024138
-0.024155
-0.024171
-0.024188
-0.024205
-0.024222
-0.024238
-0.024255
-0.024272
-0.024289
-0.024305
-0.024322
-0.024339
-0.024356
-0.024372
-0.024389
-0.024406
-0.024422
-0.024439
-0.024456
-0.024472
-0.024489
-0.024505
-0.024522
-0.024539
-0.024555
-0.024572
-0.024588
-0.024605
-0.024622
-0.024638
-0.024655
-0.024671
-0.024688
-0.024704
-0.024721
-0.024737
-0.024754
-0.024770
-0.024787
-0.024803
-0.024820
-0.024836
-0.024852
-0.024869
-0.024885
-0.024902
-0.024918
-0.024935
-0.024951
-0.024967
-0.024984
-0.025000
-0.025016
-0.025033
-0.025049
-0.025065
-0.025082
-0.025098
-0.025114
-0.025131
-0.025147
-0.025163
-0.025179
-0.025196
-0.025212
-0.025228
-0.025244
-0.025261
-0.025277
-0.025293
-0.025309
-0.025326
-0.025342
-0.025358
-0.025374
-0.025390
-0.025406
-0.025423
-0.025439
-0.025455
-0.025471
-0.025487
-0.025503
-0.025519
-0.025535
-0.025551
-0.025567
-0.025583
-0.025600
-0.025616
-0.025632
-0.025648
-0.025664
-0.025680
-0.025696
-0.025712
-0.025728
-0.025744
-0.025760
-0.025775
-0.025791
-0.025807
-0.025823
-0.025839
-0.025855
-0.025871
-0.025887
-0.025903
-0.025919
-0.025935
-0.025950
-0.025966
-0.025982
-0.025998
-0.026014
-0.026030
-0.026045
-0.026061
-0.026077
-0.026093
-0.026109
-0.026124
-0.026140
-0.026156
-0.026172
-0.026187
-0.026203
-0.026219
-0.026235
-0.026250
-0.026266
-0.026282
-0.026297
-0.026313
-0.026329
-0.026344
-0.026360
-0.026376
-0.026391
-0.026407
-0.026422
-0.026438
-0.026454
-0.026469
-0.026485
-0.026500
-0.026516
-0.026532
-0.026547
-0.026563
-0.026578
-0.026594
-0.026609
-0.026625
-0.026640
-0.026656
-0.026671
-0.026687
-0.026702
-0.026718
-0.026733
-0.026748
-0.026764
-0.026779
-0.026795
-0.026810
-0.026825
-0.026841
-0.026856
-0.026872
-0.026887
-0.026902
-0.026918
-0.026933
-0.026948
-0.026964
-0.026979
-0.026994
-0.027010
-0.027025
-0.027040
-0.027055
-0.027071
-0.027086
-0.027101
-0.027116
-0.027132
-0.027147
-0.027162
-0.027177
-0.027193
-0.027208
-0.027223
-0.027238
-0.027253
-0.027268
-0.027284
-0.027299
-0.027314
-0.027329
-0.027344
-0.027359
-0.027374
-0.027389
-0.027405
-0.027420
-0.027435
-0.027450
-0.027465
-0.027480
-0.027495
-0.027510
-0.027525
-0.027540
-0.027555
-0.027570
-0.027585
-0.027600
-0.027615
-0.027630
-0.027645
-0.027660
-0.027675
-0.027690
-0.027705
-0.027720
-0.027734
-0.027749
-0.027764
-0.027779
-0.027794
-0.027809
-0.027824
-0.027839
-0.027853
-0.027868
-0.027883
-0.027898
-0.027913
-0.027928
-0.027942
-0.027957
-0.027972
-0.027987
-0.028001
-0.028016
-0.028031
-0.028046
-0.028060
-0.028075
-0.028090
-0.028105
-0.028119
-0.028134
-0.028149
-0.028163
-0.028178
-0.028193
-0.028207
-0.028222
-0.028237
-0.028251
-0.028266
-0.028281
-0.028295
-0.028310
-0.028324
-0.028339
-0.028353
-0.028368
-0.028383
-0.028397
-0.028412
-0.028426
-0.028441
-0.028455
-0.028470
-0.028484
-0.028499
-0.028513
-0.028528
-0.028542
-0.028557
-0.028571
-0.028586
-0.028600
-0.028614
-0.028629
-0.028643
-0.028658
-0.028672
-0.028687
-0.028701
-0.028715
-0.028730
-0.028744
-0.028758
-0.028773
-0.028787
-0.028801
-0.028816
-0.028830
-0.028844
-0.028859
-0.028873
-0.028887
-0.028902
-0.028916
-0.028930
-0.028944
-0.028959
-0.028973
-0.028987
-0.029001
-0.029015
-0.029030
-0.029044
-0.029058
-0.029072
-0.029086
-0.029101
-0.029115
-0.029129
-0.029143
-0.029157
-0.029171
-0.029185
-0.029200
-0.029214
-0.029228
-0.029242
-0.029256
-0.029270
-0.029284
-0.029298
-0.029312
-0.029326
-0.029340
-0.029354
-0.029368
-0.029382
-0.029396
-0.029410
-0.029424
-0.029438
-0.029452
-0.029466
-0.029480
-0.029494
-0.029508
-0.029522
-0.029536
-0.029550
-0.029564
-0.029578
-0.029592
-0.029606
-0.029620
-0.029633
-0.029647
-0.029661
-0.029675
-0.029689
-0.029703
-0.029717
-0.029730
-0.029744
-0.029758
-0.029772
-0.029786
-0.029799
-0.029813
-0.029827
-0.029841
-0.029854
-0.029868
-0.029882
-0.029896
-0.029909
-0.029923
-0.029937
-0.029951
-0.029964
-0.029978
-0.029992
-0.030005
-0.030019
-0.030033
-0.030046
-0.030060
-0.030074
-0.030087
-0.030101
-0.030114
-0.030128
-0.030142
-0.030155
-0.030169
-0.030182
-0.030196
-0.030209
-0.030223
-0.030237
-0.030250
-0.030264
-0.030277
-0.030291
-0.030304
-0.030318
-0.030331
-0.030345
-0.030358
-0.030372
-0.030385
-0.030399
-0.030412
-0.030425
-0.030439
-0.030452
-0.030466
-0.030479
-0.030493
-0.030506
-0.030519
-0.030533
-0.030546
-0.030559
-0.030573
-0.030586
-0.030600
-0.030613
-0.030626
-0.030640
-0.030653
-0.030666
-0.030679
-0.030693
-0.030706
-0.030719
-0.030733
-0.030746
-0.030759
-0.030772
-0.030786
-0.030799
-0.030812
-0.030825
-0.030839
-0.030852
-0.030865
-0.030878
-0.030891
-0.030905
-0.030918
-0.030931
-0.030944
-0.030957
-0.030970
-0.030983
-0.030997
-0.031010
-0.031023
-0.031036
-0.031049
-0.031062
-0.031075
-0.031088
-0.031101
-0.031114
-0.031127
-0.031140
-0.031154
-0.031167
-0.031180
-0.031193
-0.031206
-0.031219
-0.031232
-0.031245
-0.031258
-0.031271
-0.031284
-0.031296
-0.031309
-0.031322
-0.031335
-0.031348
-0.031361
-0.031374
-0.031387
-0.031400
-0.031413
-0.031426
-0.031439
-0.031451
-0.031464
-0.031477
-0.031490
-0.031503
-0.031516
-0.031529
-0.031541
-0.031554
-0.031567
-0.031580
-0.031593
-0.031605
-0.031618
-0.031631
-0.031644
-0.031656
-0.031669
-0.031682
-0.031695
-0.031707
-0.031720
-0.031733
-0.031746
-0.031758
-0.031771
-0.031784
-0.031796
-0.031809
-0.031822
-0.031834
-0.031847
-0.031860
-0.031872
-0.031885
-0.031898
-0.031910
-0.031923
-0.031935
-0.031948
-0.031961
-0.031973
-0.031986
-0.031998
-0.032011
-0.032023
-0.032036
-0.032049
-0.032061
-0.032074
-0.032086
-0.032099
-0.032111
-0.032124
-0.032136
-0.032149
-0.032161
-0.032174
-0.032186
-0.032199
-0.032211
-0.032223
-0.032236
-0.032248
-0.032261
-0.032273
-0.032286
-0.032298
-0.032310
-0.032323
-0.032335
-0.032347
-0.032360
-0.032372
-0.032385
-0.032397
-0.032409
-0.032422
-0.032434
-0.032446
-0.032459
-0.032471
-0.032483
-0.032495
-0.032508
-0.032520
-0.032532
-0.032545
-0.032557
-0.032569
-0.032581
-0.032594
-0.032606
-0.032618
-0.032630
-0.032642
-0.032655
-0.032667
-0.032679
-0.032691
-0.032703
-0.032716
-0.032728
-0.032740
-0.032752
-0.032764
-0.032776
-0.032788
-0.032800
-0.032813
-0.032825
-0.032837
-0.032849
-0.032861
-0.032873
-0.032885
-0.032897
-0.032909
-0.032921
-0.032933
-0.032945
-0.032957
-0.032969
-0.032981
-0.032993
-0.033005
-0.033017
-0.033029
-0.033041
-0.033053
-0.033065
-0.033077
-0.033089
-0.033101
-0.033113
-0.033125
-0.033137
-0.033149
-0.033161
-0.033173
-0.033185
-0.033197
-0.033209
-0.033220
-0.033232
-0.033244
-0.033256
-0.033268
-0.033280
-0.033292
-0.033303
-0.033315
-0.033327
-0.033339
-0.033351
-0.033362
-0.033374
-0.033386
-0.033398
-0.033410
-0.033421
-0.033433
-0.033445
-0.033457
-0.033468
-0.033480
-0.033492
-0.033504
-0.033515
-0.033527
-0.033539
-0.033550
-0.033562
-0.033574
-0.033585
-0.033597
-0.033609
-0.033620
-0.033632
-0.033644
-0.033655
-0.033667
-0.033679
-0.033690
-0.033702
-0.033713
-0.033725
-0.033737
-0.033748
-0.033760
-0.033771
-0.033783
-0.033795
-0.033806
-0.033818
-0.033829
-0.033841
-0.033852
-0.033864
-0.033875
-0.033887
-0.033898
-0.033910
-0.033921
-0.033933
-0.033944
-0.033956
-0.033967
-0.033979
-0.033990
-0.034001
-0.034013
-0.034024
-0.034036
-0.034047
-0.034059
-0.034070
-0.034081
-0.034093
-0.034104
-0.034116
-0.034127
-0.034138
-0.034150
-0.034161
-0.034172
-0.034184
-0.034195
-0.034206
-0.034218
-0.034229
-0.034240
-0.034252
-0.034263
-0.034274
-0.034285
-0.034297
-0.034308
-0.034319
-0.034330
-0.034342
-0.034353
-0.034364
-0.034375
-0.034387
-0.034398
-0.034409
-0.034420
-0.034431
-0.034443
-0.034454
-0.034465
-0.034476
-0.034487
-0.034498
-0.034510
-0.034521
-0.034532
-0.034543
-0.034554
-0.034565
-0.034576
-0.034588
-0.034599
-0.034610
-0.034621
-0.034632
-0.034643
-0.034654
-0.034665
-0.034676
-0.034687
-0.034698
-0.034709
-0.034720
-0.034731
-0.034742
-0.034753
-0.034764
-0.034775
-0.034786
-0.034797
-0.034808
-0.034819
-0.034830
-0.034841
-0.034852
-0.034863
-0.034874
-0.034885
-0.034896
-0.034907
-0.034918
-0.034929
-0.034940
-0.034950
-0.034961
-0.034972
-0.034983
-0.034994
-0.035005
-0.035016
-0.035027
-0.035037
-0.035048
-0.035059
-0.035070
-0.035081
-0.035092
-0.035102
-0.035113
-0.035124
-0.035135
-0.035146
-0.035156
-0.035167
-0.035178
-0.035189
-0.035199
-0.035210
-0.035221
-0.035232
-0.035242
-0.035253
-0.035264
-0.035275
-0.035285
-0.035296
-0.035307
-0.035317
-0.035328
-0.035339
-0.035349
-0.035360
-0.035371
-0.035381
-0.035392
0.615164
2.150610
4.620060
7.540506
10.195912
12.294030
13.718531
14.748874
15.517192
16.100072
16.537773
16.857423
17.077571
17.211432
17.276373
17.284144
17.243981
17.163617
17.049808
16.908578
16.745154
16.564190
16.369513
16.164365
15.951359
15.732610
15.509820
15.284356
15.057322
14.829613
14.601986
14.374999
14.149156
13.924870
13.702493
13.482349
13.264658
13.049643
12.837492
12.628360
12.422376
12.219640
12.020206
11.824141
11.631488
11.442293
11.256553
11.074240
10.895372
10.719919
10.547816
10.379073
10.213670
10.051545
9.892659
9.736964
9.584440
9.435055
9.288724
9.145431
9.005126
8.867746
8.733253
8.601616
8.472767
8.346680
8.223298
8.102553
7.984428
7.868858
7.755800
7.645206
7.537032
7.431229
7.327755
7.226559
7.127601
7.030821
6.936202
6.843672
6.753211
6.664747
6.578259
6.493706
6.411032
6.330216
6.251193
6.173932
6.098414
6.024570
5.952380
5.881809
5.812803
5.745339
5.679386
5.614894
5.551833
5.490185
5.429899
5.370940
5.940734
7.374403
9.736330
12.600090
15.279587
17.491333
19.143775
20.537690
21.867849
23.331399
25.214329
28.092218
32.778062
38.546879
43.222209
46.365836
48.330726
49.416223
50.071637
51.026854
52.234314
53.410958
54.116407
54.202752
53.683647
52.606209
51.048777
49.111820
46.897138
44.501398
42.017379
39.527039
37.097401
34.787862
32.651849
30.728355
29.029305
27.537596
26.220379
25.050564
24.010511
23.089477
22.280197
21.576646
20.971802
20.456635
20.020329
19.651474
19.338870
19.072296
18.842790
18.642939
18.466574
18.308639
18.165002
18.032337
17.908071
17.790037
17.676569
17.566360
17.458293
17.351622
17.245648
17.139961
17.034146
16.928016
16.821344
16.714090
16.606148
16.497570
16.388326
16.278527
16.168183
16.057440
15.946327
15.835008
15.723517
15.612024
15.500560
15.389296
15.278254
15.167599
15.057344
14.947647
14.838511
14.730085
14.622362
14.515483
14.409431
14.304337
14.200179
14.097074
13.995000
13.894054
13.794217
13.695547
13.598057
13.501784
13.406758
13.312965
13.220452
13.129180
13.039184
12.950444
12.862977
12.776784
12.691823
12.608116
12.525629
12.444366
12.364315
12.285433
12.207727
12.131164
12.055718
11.981397
11.908159
11.835981
11.764868
11.694778
11.625688
11.557601
11.490477
11.424293
11.359049
11.294710
11.231242
11.168660
11.106930
11.046032
10.985944
10.926668
10.868156
10.810410
10.753407
10.697153
10.641608
10.586746
10.532581
10.479088
10.426244
10.374028
10.322439
10.271479
10.221104
10.171315
10.122097
10.073452
10.025346
9.977774
9.930724
9.884188
9.838160
9.792613
9.747548
9.702951
9.658815
9.615137
9.571889
9.529074
9.486680
9.444701
9.403133
9.361952
9.321160
9.280745
9.240705
9.201035
9.161716
9.122738
9.084106
9.045810
9.007854
8.970217
8.932889
8.895871
8.859150
8.822730
8.786614
8.750781
8.715223
8.679941
8.644923
8.610173
8.575695
8.541470
8.507491
8.473752
8.440258
8.407002
8.373982
8.341198
8.308636
8.276290
8.244162
8.212243
8.180537
8.149048
8.117761
8.086670
8.055772
8.025068
7.994550
7.964223
7.934089
7.904136
7.874359
7.844755
7.815319
7.786058
7.756965
7.728041
7.699286
7.670690
7.642250
7.613963
7.585830
7.557847
7.530016
7.502342
7.474814
7.447429
7.420183
7.393074
7.366104
7.339268
7.312571
7.286015
7.259591
7.233296
7.207127
7.181083
7.155160
7.129364
7.103693
7.078146
7.052724
7.027420
7.002232
6.977157
6.952194
6.927346
6.902608
6.877984
6.853478
6.829081
6.804791
6.780607
6.756526
6.732547
6.708673
6.684900
6.661232
6.637672
6.614212
6.590851
6.567587
6.544418
6.521343
6.498362
6.475478
6.452689
6.429996
6.407401
6.384897
6.362483
6.340158
6.317921
6.295770
6.273708
6.251733
6.229846
6.208049
6.186343
6.164721
6.143182
6.121726
6.100351
6.079056
6.057844
6.036712
6.015663
5.994697
5.973816
5.953013
5.932289
5.911642
5.891071
5.870576
5.850155
5.829812
5.809543
5.789353
5.769243
5.749208
5.729248
5.709360
5.689544
5.669799
5.650125
5.630521
5.610989
5.591528
5.572140
5.552827
5.533585
5.514413
5.495309
5.476273
5.457304
5.438401
5.419565
5.400795
5.382093
5.363459
5.344893
5.326397
5.307967
5.289602
5.271301
5.253064
5.234890
5.216779
5.198729
5.180744
5.162821
5.144962
5.127168
5.109440
5.091774
5.074170
5.056626
5.039142
5.021718
5.004353
4.987047
4.969800
4.952613
4.935485
4.918418
4.901416
4.884472
4.867586
4.850758
4.833988
4.817274
4.800616
4.784015
4.767468
4.750978
4.734545
4.718167
4.701847
4.685587
4.669383
4.653234
4.637140
4.621100
4.605114
4.589182
4.573302
4.557476
4.541701
4.525979
4.510312
4.494699
4.479140
4.463636
4.448185
4.432786
4.417439
4.402143
4.386898
4.371703
4.356559
4.341464
4.326420
4.311424
4.296481
4.281586
4.266743
4.251954
4.237215
4.222525
4.207885
4.193293
4.178749
4.164253
4.149805
4.135404
4.121051
4.106744
4.092484
4.078273
4.064108
4.049992
4.035927
4.021909
4.007937
3.994012
3.980133
3.966300
3.952512
3.938770
3.925072
3.911419
3.897810
3.884246
3.870725
3.857251
3.843821
3.830437
3.817100
3.803808
3.790559
3.777355
3.764193
3.751075
3.738000
3.724968
3.711978
3.699030
3.686124
3.673260
3.660437
3.647657
3.634919
3.622224
3.609572
3.596964
3.584398
3.571873
3.559389
3.546946
3.534544
3.522182
3.509860
3.497578
3.485337
3.473134
3.460971
3.448848
3.436763
3.424719
3.412714
3.400749
3.388826
3.376942
3.365098
3.353293
3.341526
3.329798
3.318108
3.306456
3.294841
3.283265
3.271725
3.260223
3.248758
3.237330
3.225939
3.214584
3.203267
3.191987
3.180745
3.169542
3.158375
3.147246
3.136153
3.125096
3.114075
3.103090
3.092140
3.081226
3.070347
3.059503
3.048694
3.037920
3.027180
3.016475
3.005805
2.995169
2.984567
2.974001
2.963469
2.952975
2.942514
2.932088
2.921696
2.911338
2.901013
2.890722
2.880464
2.870239
2.860047
2.849888
2.839762
2.829668
2.819607
2.809578
2.799581
2.789617
2.779684
2.769784
2.759916
2.750081
2.740278
2.730509
2.720772
2.711066
2.701393
2.691750
2.682139
2.672559
2.663009
2.653491
2.644003
2.634546
2.625119
2.615722
2.606356
2.597020
2.587714
2.578437
2.569190
2.559973
2.550786
2.541629
2.532502
2.523406
2.514340
2.505304
2.496298
2.487320
2.478372
2.469453
2.460562
2.451700
2.442867
2.434062
2.425286
2.416538
2.407818
2.399126
2.390461
2.381825
2.373216
2.364635
2.356082
2.347556
2.339057
2.330587
2.322143
2.313728
2.305340
2.296981
2.288649
2.280344
2.272066
2.263815
2.255590
2.247393
2.239221
2.231076
2.222957
2.214865
2.206798
2.198757
2.190743
2.182754
2.174790
2.166852
2.158940
2.151053
2.143192
2.135356
2.127544
2.119758
2.111997
2.104262
2.096552
2.088868
2.081209
2.073576
2.065967
2.058383
2.050824
2.043289
2.035778
2.028292
2.020830
2.013392
2.005978
1.998587
1.991221
1.983878
1.976559
1.969264
1.961992
1.954744
1.947518
1.940316
1.933137
1.925982
1.918849
1.911739
1.904652
1.897588
1.890547
1.883529
1.876534
1.869563
1.862615
1.855689
1.848786
1.841905
1.835047
1.828211
1.821397
1.814605
1.807835
1.801087
1.794361
1.787656
1.780973
1.774312
1.767672
1.761054
1.754457
1.747881
1.741326
1.734793
1.728281
1.721789
1.715319
1.708869
1.702441
1.696033
1.689645
1.683279
1.676933
1.670607
1.664303
1.658019
1.651756
1.645514
1.639293
1.633091
1.626910
1.620749
1.614608
1.608487
1.602386
1.596305
1.590243
1.584201
1.578179
1.572176
1.566192
1.560228
1.554283
1.548358
1.542451
1.536564
1.530696
1.524847
1.519017
1.513205
1.507413
1.501639
1.495884
1.490148
1.484430
1.478731
1.473050
1.467387
1.461743
1.456118
1.450510
1.444922
1.439351
1.433800
1.428267
1.422752
1.417255
1.411776
1.406314
1.400871
1.395446
1.390038
1.384648
1.379275
1.373920
1.368582
1.363262
1.357958
1.352673
1.347404
1.342153
1.336918
1.331701
1.326501
1.321317
1.316151
1.311001
1.305868
1.300752
1.295653
1.290570
1.285503
1.280453
1.275420
1.270403
1.265402
1.260418
1.255450
1.250498
1.245563
1.240643
1.235740
1.230852
1.225981
1.221127
1.216288
1.211466
1.206659
1.201868
1.197093
1.192334
1.187590
1.182862
1.178150
1.173453
1.168771
1.164104
1.159453
1.154818
1.150197
1.145592
1.141001
1.136426
1.131866
1.127320
1.122790
1.118275
1.113774
1.109288
1.104817
1.100360
1.095918
1.091491
1.087078
1.082680
1.078296
1.073927
1.069572
1.065231
1.060904
1.056592
1.052294
1.048010
1.043740
1.039485
1.035243
1.031015
1.026801
1.022601
1.018415
1.014243
1.010085
1.005941
1.001810
0.997694
0.993591
0.989502
0.985427
0.981365
0.977316
0.973281
0.969259
0.965251
0.961256
0.957274
0.953305
0.949350
0.945408
0.941478
0.937562
0.933659
0.929768
0.925891
0.922026
0.918175
0.914336
0.910510
0.906696
0.902895
0.899107
0.895331
0.891568
0.887818
0.884080
0.880354
0.876641
0.872940
0.869251
0.865575
0.861911
0.858259
0.854619
0.850992
0.847376
0.843773
0.840181
0.836602
0.833035
0.829479
0.825935
0.822404
0.818884
0.815375
0.811879
0.808394
0.804921
0.801459
0.798009
0.794571
0.791145
0.787730
0.784326
0.780935
0.777554
0.774185
0.770828
0.767482
0.764147
0.760823
0.757511
0.754209
0.750919
0.747640
0.744372
0.741115
0.737869
0.734634
0.731410
0.728197
0.724994
0.721803
0.718622
0.715452
0.712292
0.709144
0.706006
0.702878
0.699761
0.696655
0.693559
0.690474
0.687399
0.684335
0.681281
0.678237
0.675204
0.672181
0.669168
0.666166
0.663173
0.660191
0.657219
0.654257
0.651305
0.648364
0.645432
0.642510
0.639599
0.636697
0.633805
0.630923
0.628051
0.625188
0.622336
0.619493
0.616660
0.613836
0.611023
0.608219
0.605424
0.602639
0.599864
0.597098
0.594342
0.591595
0.588858
0.586130
0.583411
0.580702
0.578002
0.575311
0.572630
0.569958
0.567296
0.564643
0.561999
0.559364
0.556739
0.554122
0.551515
0.548916
0.546327
0.543747
0.541175
0.538613
0.536059
0.533514
0.530979
0.528452
0.525933
0.523424
0.520923
0.518431
0.515948
0.513473
0.511007
0.508550
0.506101
0.503661
0.501230
0.498806
0.496392
0.493986
0.491588
0.489198
0.486818
0.484445
0.482081
0.479725
0.477377
0.475038
0.472707
0.470384
0.468069
0.465763
0.463464
0.461174
0.458892
0.456618
0.454352
0.452094
0.449844
0.447602
0.445368
0.443142
0.440923
0.438713
0.436511
0.434316
0.432129
0.429950
0.427779
0.425616
0.423460
0.421312
0.419172
0.417040
0.414915
0.412797
0.410688
0.408585
0.406491
0.404404
0.402324
0.400252
0.398188
0.396131
0.394081
0.392039
0.390004
0.387977
0.385956
0.383944
0.381938
0.379940
0.377949
0.375965
0.373989
0.372020
0.370058
0.368103
0.366155
0.364214
0.362281
0.360354
0.358435
0.356523
0.354618
0.352719
0.350828
0.348944
0.347067
0.345197
0.343334
0.341478
0.339628
0.337786
0.335950
0.334121
0.332299
0.330483
0.328675
0.326873
0.325078
0.323290
0.321508
0.319733
0.317964
0.316203
0.314447
0.312699
0.310957
0.309221
0.307493
0.305770
0.304054
0.302345
0.300642
0.298945
0.297255
0.295572
0.293894
0.292224
0.290559
0.288901
0.287249
0.285604
0.283964
0.282331
0.280705
0.279084
0.277470
0.275862
0.274260
0.272664
0.271075
0.269492
0.267914
0.266343
0.264778
0.263219
0.261666
0.260119
0.258579
0.257044
0.255515
0.253992
0.252475
0.250964
0.249459
0.247960
0.246467
0.244980
0.243498
0.242023
0.240553
0.239089
0.237631
0.236179
0.234732
0.233291
0.231856
0.230427
0.229004
0.227586
0.226174
0.224767
0.223366
0.221971
0.220582
0.219198
0.217819
0.216447
0.215079
0.213718
0.212362
0.211011
0.209666
0.208326
0.206992
0.205664
0.204341
0.203023
0.201711
0.200404
0.199102
0.197806
0.196516
0.195230
0.193950
0.192676
0.191406
0.190142
0.188884
0.187630
0.186382
0.185139
0.183901
0.182669
0.181442
0.180220
0.179003
0.177791
0.176584
0.175383
0.174187
0.172996
0.171810
0.170629
0.169453
0.168282
0.167116
0.165955
0.164800
0.163649
0.162503
0.161363
0.160227
0.159096
0.157970
0.156850
0.155734
0.154623
0.153517
0.152415
0.151319
0.150228
0.149141
0.148059
0.146982
0.145910
0.144843
0.143780
0.142722
0.141669
0.140621
0.139578
0.138539
0.137505
0.136476
0.135451
0.134431
0.133416
0.132405
0.131399
0.130398
0.129402
0.128410
0.127422
0.126439
0.125461
0.124487
0.123518
0.122554
0.121594
0.120638
0.119687
0.118741
0.117799
0.116861
0.115928
0.114999
0.114075
0.113155
0.112240
0.111329
0.110422
0.109520
0.108622
0.107728
0.106839
0.105954
0.105074
0.104197
0.103326
0.102458
0.101594
0.100735
0.099880
0.099030
0.098183
0.097341
0.096503
0.095669
0.094840
0.094014
0.093193
0.092376
0.091563
0.090754
0.089949
0.089149
0.088352
0.087560
0.086771
0.085987
0.085207
0.084430
0.083658
0.082890
0.082126
0.081365
0.080609
0.079857
0.079108
0.078364
0.077624
0.076887
0.076154
0.075426
0.074701
0.073980
0.073263
0.072550
0.071840
0.071135
0.070433
0.069735
0.069041
0.068350
0.067664
0.066981
0.066302
0.065626
0.064955
0.064287
0.063623
0.062962
0.062305
0.061652
0.061003
0.060357
0.059715
0.059076
0.058441
0.057810
0.057182
0.056558
0.055938
0.055320
0.054707
0.054097
0.053491
0.052888
0.052288
0.051692
0.051100
0.050511
0.049925
0.049343
0.048765
0.048189
0.047617
0.047049
0.046484
0.045922
0.045364
0.044809
0.044257
0.043709
0.043164
0.042622
0.042084
0.041549
0.041017
0.040488
0.039963
0.039441
0.038922
0.038406
0.037894
0.037384
0.036878
0.036375
0.035875
0.035378
0.034885
0.034394
0.033907
0.033423
0.032941
0.032463
0.031988
0.031516
0.031047
0.030581
0.030118
0.029658
0.029201
0.028747
0.028295
0.027847
0.027402
0.026960
0.026520
0.026084
0.025650
0.025219
0.024791
0.024366
0.023944
0.023524
0.023108
0.022694
0.022283
0.021874
0.021469
0.021066
0.020666
0.020269
0.019874
0.019482
0.019093
0.018706
0.018322
0.017941
0.017562
0.017186
0.016813
0.016442
0.016074
0.015708
0.015345
0.014984
0.014626
0.014271
0.013918
0.013567
0.013219
0.012874
0.012531
0.012190
0.011852
0.011516
0.011183
0.010852
0.010523
0.010197
0.009873
0.009552
0.009233
0.008916
0.008601
0.008289
0.007979
0.007671
0.007366
0.007063
0.006762
0.006463
0.006167
0.005872
0.005580
0.005290
0.005002
0.004717
0.004433
0.004152
0.003873
0.003595
0.003320
0.003047
0.002776
0.002507
0.002241
0.001976
0.001713
0.001452
0.001193
0.000936
0.000682
0.000429
0.000178
-0.000071
-0.000319
-0.000564
-0.000807
-0.001049
-0.001288
-0.001526
-0.001762
-0.001996
-0.002228
-0.002459
-0.002687
-0.002914
-0.003139
-0.003363
-0.003584
-0.003804
-0.004022
-0.004239
-0.004453
-0.004666
-0.004878
-0.005088
-0.005296
-0.005502
-0.005707
-0.005910
-0.006111
-0.006311
-0.006510
-0.006706
-0.006902
-0.007095
-0.007287
-0.007478
-0.007667
-0.007855
-0.008041
-0.008225
-0.008408
-0.008590
-0.008770
-0.008949
-0.009126
-0.009302
-0.009477
-0.009650
-0.009822
-0.009992
-0.010161
-0.010329
-0.010495
-0.010660
-0.010823
-0.010986
-0.011147
-0.011307
-0.011465
-0.011622
-0.011778
-0.011933
-0.012086
-0.012238
-0.012389
-0.012539
-0.012688
-0.012835
-0.012981
-0.013126
-0.013270
-0.013413
-0.013554
-0.013695
-0.013834
-0.013972
-0.014110
-0.014246
-0.014381
-0.014514
-0.014647
-0.014779
-0.014910
-0.015039
-0.015168
-0.015296
-0.015422
-0.015548
-0.015672
-0.015796
-0.015919
-0.016040
-0.016161
-0.016281
-0.016400
-0.016518
-0.016635
-0.016751
-0.016866
-0.016980
-0.017094
-0.017206
-0.017318
-0.017429
-0.017539
-0.017648
-0.017756
-0.017863
-0.017970
-0.018076
-0.018181
-0.018285
-0.018388
-0.018491
-0.018593
-0.018694
-0.018794
-0.018894
-0.018992
-0.019090
-0.019188
-0.019284
-0.019380
-0.019475
-0.019570
-0.019664
-0.019757
-0.019849
-0.019941
-0.020032
-0.020122
-0.020212
-0.020301
-0.020390
-0.020477
-0.020565
-0.020651
-0.020737
-0.020822
-0.020907
-0.020991
-0.021075
-0.021158
-0.021240
-0.021322
-0.021403
-0.021484
-0.021564
-0.021643
-0.021722
-0.021801
-0.021879
-0.021956
-0.022033
-0.022110
-0.022185
-0.022261
-0.022336
-0.022410
-0.022484
-0.022557
-0.022630
-0.022703
-0.022775
-0.022846
-0.022917
-0.022988
-0.023058
-0.023128
-0.023197
-0.023266
-0.023334
-0.023402
-0.023470
-0.023537
-0.023604
-0.023670
-0.023736
-0.023802
-0.023867
-0.023932
-0.023996
-0.024060
-0.024124
-0.024187
-0.024250
-0.024313
-0.024375
-0.024437
-0.024498
-0.024559
-0.024620
-0.024681
-0.024741
-0.024800
-0.024860
-0.024919
-0.024978
-0.025036
-0.025095
-0.025152
-0.025210
-0.025267
-0.025324
-0.025381
-0.025437
-0.025493
-0.025549
-0.025605
-0.025660
-0.025715
-0.025770
-0.025824
-0.025878
-0.025932
-0.025986
-0.026039
-0.026092
-0.026145
-0.026198
-0.026250
-0.026303
-0.026354
-0.026406
-0.026458
-0.026509
-0.026560
-0.026610
-0.026661
-0.026711
-0.026761
-0.026811
-0.026861
-0.026910
-0.026959
-0.027008
-0.027057
-0.027106
-0.027154
-0.027203
-0.027251
-0.027298
-0.027346
-0.027393
-0.027441
-0.027488
-0.027535
-0.027581
-0.027628
-0.027674
-0.027720
-0.027766
-0.027812
-0.027858
-0.027903
-0.027949
-0.027994
-0.028039
-0.028084
-0.028128
-0.028173
-0.028217
-0.028261
-0.028305
-0.028349
-0.028393
-0.028437
-0.028480
-0.028523
-0.028566
-0.028610
-0.028652
-0.028695
-0.028738
-0.028780
-0.028823
-0.028865
-0.028907
-0.028949
-0.028991
-0.029032
-0.029074
-0.029115
-0.029157
-0.029198
-0.029239
-0.029280
-0.029321
-0.029361
-0.029402
-0.029442
-0.029483
-0.029523
-0.029563
-0.029603
-0.029643
-0.029683
-0.029723
-0.029762
-0.029802
-0.029841
-0.029880
-0.029920
-0.029959
-0.029998
-0.030037
-0.030075
-0.030114
-0.030153
-0.030191
-0.030229
-0.030268
-0.030306
-0.030344
-0.030382
-0.030420
-0.030458
-0.030496
-0.030533
-0.030571
-0.030608
-0.030646
-0.030683
-0.030720
-0.030757
-0.030794
-0.030831
-0.030868
-0.030905
-0.030942
-0.030978
-0.031015
-0.031051
-0.031088
-0.031124
-0.031160
-0.031196
-0.031232
-0.031268
-0.031304
-0.031340
-0.031376
-0.031411
-0.031447
-0.031483
-0.031518
-0.031553
-0.031589
-0.031624
-0.031659
-0.031694
-0.031729
-0.031764
-0.031799
-0.031834
-0.031869
-0.031903
-0.031938
-0.031973
-0.032007
-0.032041
-0.032076
-0.032110
-0.032144
-0.032178
-0.032212
-0.032246
-0.032280
-0.032314
-0.032348
-0.032382
-0.032416
-0.032449
-0.032483
-0.032516
-0.032550
-0.032583
-0.032616
-0.032650
-0.032683
-0.032716
-0.032749
-0.032782
-0.032815
-0.032848
-0.032881
-0.032913
-0.032946
-0.032979
-0.033011
-0.033044
-0.033076
-0.033109
-0.033141
-0.033173
-0.033206
-0.033238
-0.033270
-0.033302
-0.033334
-0.033366
-0.033398
-0.033430
-0.033462
-0.033493
-0.033525
-0.033557
-0.033588
-0.033620
-0.033651
-0.033682
-0.033714
-0.033745
-0.033776
-0.033808
-0.033839
-0.033870
-0.033901
-0.033932
-0.033963
-0.033993
-0.034024
-0.034055
-0.034086
-0.034116
-0.034147
-0.034177
-0.034208
-0.034238
-0.034269
-0.034299
-0.034329
-0.034360
-0.034390
-0.034420
-0.034450
-0.034480
-0.034510
-0.034540
-0.034570
-0.034599
-0.034629
-0.034659
-0.034689
-0.034718
-0.034748
-0.034777
-0.034807
-0.034836
-0.034865
-0.034895
-0.034924
-0.034953
-0.034982
-0.035011
-0.035040
-0.035069
-0.035098
-0.035127
-0.035156
-0.035185
-0.035214
-0.035242
-0.035271
-0.035300
-0.035328
-0.035357
-0.035385
-0.035413
-0.035442
-0.035470
-0.035498
-0.035526
-0.035555
-0.035583
-0.035611
-0.035639
-0.035667
-0.035695
-0.035723
-0.035750
-0.035778
-0.035806
-0.035833
-0.035861
-0.035889
-0.035916
-0.035944
-0.035971
-0.035998
-0.036026
-0.036053
-0.036080
-0.036107
-0.036135
-0.036162
-0.036189
-0.036216
-0.036243
-0.036270
-0.036296
-0.036323
-0.036350
-0.036377
-0.036403
-0.036430
-0.036456
-0.036483
-0.036509
-0.036536
-0.036562
-0.036589
-0.036615
-0.036641
-0.036667
-0.036693
-0.036719
-0.036746
-0.036772
-0.036797
-0.036823
-0.036849
-0.036875
-0.036901
-0.036927
-0.036952
-0.036978
-0.037003
-0.037029
-0.037054
-0.037080
-0.037105
-0.037131
-0.037156
-0.037181
-0.037206
-0.037232
-0.037257
-0.037282
-0.037307
-0.037332
-0.037357
-0.037382
-0.037406
-0.037431
-0.037456
-0.037481
-0.037505
-0.037530
-0.037555
-0.037579
-0.037604
-0.037628
-0.037652
-0.037677
-0.037701
-0.037725
-0.037749
-0.037774
-0.037798
-0.037822
-0.037846
-0.037870
-0.037894
-0.037918
-0.037941
-0.037965
-0.037989
-0.038013
-0.038036
-0.038060
-0.038084
-0.038107
-0.038131
-0.038154
-0.038178
-0.038201
-0.038224
-0.038247
-0.038271
-0.038294
-0.038317
-0.038340
-0.038363
-0.038386
-0.038409
-0.038432
-0.038455
-0.038478
-0.038501
-0.038523
-0.038546
-0.038569
-0.038591
-0.038614
-0.038636
-0.038659
-0.038681
-0.038704
-0.038726
-0.038748
-0.038771
-0.038793
-0.038815
-0.038837
-0.038859
-0.038881
-0.038903
-0.038925
-0.038947
-0.038969
-0.038991
-0.039013
-0.039035
-0.039056
-0.039078
-0.039100
-0.039121
-0.039143
-0.039164
-0.039186
-0.039207
-0.039229
-0.039250
-0.039271
-0.039292
-0.039314
-0.039335
-0.039356
-0.039377
-0.039398
-0.039419
-0.039440
-0.039461
-0.039482
-0.039503
-0.039524
-0.039544
-0.039565
-0.039586
-0.039606
-0.039627
-0.039647
-0.039668
-0.039688
-0.039709
-0.039729
-0.039750
-0.039770
-0.039790
-0.039810
-0.039831
-0.039851
-0.039871
-0.039891
-0.039911
-0.039931
-0.039951
-0.039971
-0.039991
-0.040011
-0.040030
-0.040050
-0.040070
-0.040090
-0.040109
-0.040129
-0.040148
-0.040168
-0.040187
-0.040207
-0.040226
-0.040246
-0.040265
-0.040284
-0.040303
-0.040323
-0.040342
-0.040361
-0.040380
-0.040399
-0.040418
-0.040437
-0.040456
-0.040475
-0.040494
-0.040513
-0.040531
-0.040550
-0.040569
-0.040587
-0.040606
-0.040625
-0.040643
-0.040662
-0.040680
-0.040699
-0.040717
-0.040735
-0.040754
-0.040772
-0.040790
-0.040809
-0.040827
-0.040845
-0.040863
-0.040881
-0.040899
-0.040917
-0.040935
-0.040953
-0.040971
-0.040989
-0.041007
-0.041024
-0.041042
-0.041060
-0.041077
-0.041095
-0.041113
-0.041130
-0.041148
-0.041165
-0.041183
-0.041200
-0.041217
-0.041235
-0.041252
-0.041269
-0.041287
-0.041304
-0.041321
-0.041338
-0.041355
-0.041372
-0.041389
-0.041406
-0.041423
-0.041440
-0.041457
-0.041474
-0.041491
-0.041508
-0.041524
-0.041541
-0.041558
-0.041574
-0.041591
-0.041608
-0.041624
-0.041641
-0.041657
-0.041674
-0.041690
-0.041706
-0.041723
-0.041739
-0.041755
-0.041772
-0.041788
-0.041804
-0.041820
-0.041836
-0.041852
-0.041868
-0.041884
-0.041900
-0.041916
-0.041932
-0.041948
-0.041964
-0.041980
-0.041995
-0.042011
-0.042027
-0.042042
-0.042058
-0.042074
-0.042089
-0.042105
-0.042120
-0.042136
-0.042151
-0.042167
-0.042182
-0.042197
-0.042213
-0.042228
-0.042243
-0.042259
-0.042274
-0.042289
-0.042304
-0.042319
-0.042334
-0.042349
-0.042364
-0.042379
-0.042394
-0.042409
-0.042424
-0.042439
-0.042454
-0.042469
-0.042483
-0.042498
-0.042513
-0.042527
-0.042542
-0.042557
-0.042571
-0.042586
-0.042600
-0.042615
-0.042629
-0.042644
-0.042658
-0.042672
-0.042687
-0.042701
-0.042715
-0.042730
-0.042744
-0.042758
-0.042772
-0.042786
-0.042800
-0.042814
-0.042828
-0.042842
-0.042856
-0.042870
-0.042884
-0.042898
-0.042912
-0.042926
-0.042940
-0.042954
-0.042967
-0.042981
-0.042995
-0.043008
-0.043022
-0.043036
-0.043049
-0.043063
-0.043076
-0.043090
-0.043103
-0.043117
-0.043130
-0.043143
-0.043157
-0.043170
-0.043183
-0.043197
-0.043210
-0.043223
-0.043236
-0.043249
-0.043263
-0.043276
-0.043289
-0.043302
-0.043315
-0.043328
-0.043341
-0.043354
-0.043367
-0.043380
-0.043392
-0.043405
-0.043418
-0.043431
-0.043444
-0.043456
-0.043469
-0.043482
-0.043494
-0.043507
-0.043520
-0.043532
-0.043545
-0.043557
-0.043570
-0.043582
-0.043595
-0.043607
-0.043620
-0.043632
-0.043644
-0.043657
-0.043669
-0.043681
-0.043693
-0.043706
-0.043718
-0.043730
-0.043742
-0.043754
-0.043766
-0.043778
-0.043790
-0.043802
-0.043814
-0.043826
-0.043838
-0.043850
-0.043862
-0.043874
-0.043886
-0.043897
-0.043909
-0.043921
-0.043933
-0.043944
-0.043956
-0.043968
-0.043979
-0.043991
-0.044003
-0.044014
-0.044026
-0.044037
-0.044049
-0.044060
-0.044072
-0.044083
-0.044095
-0.044106
-0.044117
-0.044129
-0.044140
-0.044151
-0.044163
-0.044174
-0.044185
-0.044196
-0.044207
-0.044218
-0.044230
-0.044241
-0.044252
-0.044263
-0.044274
-0.044285
-0.044296
-0.044307
-0.044318
-0.044329
-0.044340
-0.044350
-0.044361
-0.044372
-0.044383
-0.044394
-0.044404
-0.044415
-0.044426
-0.044437
-0.044447
-0.044458
-0.044469
-0.044479
-0.044490
-0.044500
-0.044511
-0.044521
-0.044532
-0.044542
-0.044553
-0.044563
-0.044574
-0.044584
-0.044594
-0.044605
-0.044615
-0.044625
-0.044636
-0.044646
-0.044656
-0.044666
-0.044677
-0.044687
-0.044697
-0.044707
-0.044717
-0.044727
-0.044737
-0.044747
-0.044758
-0.044768
-0.044778
-0.044787
-0.044797
-0.044807
-0.044817
-0.044827
-0.044837
-0.044847
-0.044857
-0.044867
-0.044876
-0.044886
-0.044896
-0.044906
-0.044915
-0.044925
-0.044935
-0.044944
-0.044954
-0.044964
-0.044973
-0.044983
-0.044992
-0.045002
-0.045011
-0.045021
-0.045030

