0.000000
0.000000
-0.000026
-0.000052
-0.000077
-0.000103
-0.000128
-0.000153
-0.000177
-0.000201
-0.000224
-0.000247
-0.000270
-0.000293
-0.000315
-0.000337
-0.000359
-0.000380
-0.000402
-0.000423
-0.000444
-0.000465
-0.000485
-0.000506
-0.000526
-0.000547
-0.000567
-0.000587
-0.000607
-0.000627
-0.000647
-0.000667
-0.000687
-0.000707
-0.000726
-0.000746
-0.000766
-0.000785
-0.000805
-0.000824
-0.000844
-0.000863
-0.000883
-0.000902
-0.000922
-0.000941
-0.000961
-0.000980
-0.001000
-0.001019
-0.001038
-0.001058
-0.001077
-0.001097
-0.001116
-0.001135
-0.001155
-0.001174
-0.001194
-0.001213
-0.001233
-0.001252
-0.001271
-0.001291
-0.001310
-0.001330
-0.001349
-0.001369
-0.001388
-0.001408
-0.001428
-0.001447
-0.001467
-0.001486
-0.001506
-0.001525
-0.001545
-0.001565
-0.001584
-0.001604
-0.001624
-0.001644
-0.001663
-0.001683
-0.001703
-0.001723
-0.001743
-0.001762
-0.001782
-0.001802
-0.001822
-0.001842
-0.001862
-0.001882
-0.001902
-0.001922
-0.001942
-0.001962
-0.001982
-0.002002
-0.002022
-0.002042
-0.002063
-0.002083
-0.002103
-0.002123
-0.002143
-0.002164
-0.002184
-0.002204
-0.002225
-0.002245
-0.002265
-0.002286
-0.002306
-0.002326
-0.002347
-0.002367
-0.002388
-0.002408
-0.002429
-0.002449
-0.002470
-0.002491
-0.002511
-0.002532
-0.002553
-0.002573
-0.002594
-0.002615
-0.002635
-0.002656
-0.002677
-0.002698
-0.002719
-0.002739
-0.002760
-0.002781
-0.002802
-0.002823
-0.002844
-0.002865
-0.002886
-0.002907
-0.002928
-0.002949
-0.002970
-0.002991
-0.003012
-0.003033
-0.003054
-0.003075
-0.003097
-0.003118
-0.003139
-0.003160
-0.003181
-0.003203
-0.003224
-0.003245
-0.003266
-0.003288
-0.003309
-0.003330
-0.003352
-0.003373
-0.003395
-0.003416
-0.003437
-0.003459
-0.003480
-0.003502
-0.003523
-0.003545
-0.003566
-0.003588
-0.003610
-0.003631
-0.003653
-0.003674
-0.003696
-0.003718
-0.003739
-0.003761
-0.003783
-0.003804
-0.003826
-0.003848
-0.003869
-0.003891
-0.003913
-0.003935
-0.003956
-0.003978
-0.004000
-0.004022
-0.004044
-0.004066
-0.004088
-0.004109
-0.004131
-0.004153
-0.004175
-0.004197
-0.004219
-0.004241
-0.004263
-0.004285
-0.004307
-0.004329
-0.004351
-0.004373
-0.004395
-0.004417
-0.004439
-0.004461
-0.004483
-0.004505
-0.004527
-0.004550
-0.004572
-0.004594
-0.004616
-0.004638
-0.004660
-0.004683
-0.004705
-0.004727
-0.004749
-0.004771
-0.004794
-0.004816
-0.004838
-0.004860
-0.004883
-0.004905
-0.004927
-0.004949
-0.004972
-0.004994
-0.005016
-0.005039
-0.005061
-0.005083
-0.005106
-0.005128
-0.005150
-0.005173
-0.005195
-0.005218
-0.005240
-0.005262
-0.005285
-0.005307
-0.005330
-0.005352
-0.005375
-0.005397
-0.005419
-0.005442
-0.005464
-0.005487
-0.005509
-0.005532
-0.005554
-0.005577
-0.005599
-0.005622
-0.005644
-0.005667
-0.005690
-0.005712
-0.005735
-0.005757
-0.005780
-0.005802
-0.005825
-0.005847
-0.005870
-0.005893
-0.005915
-0.005938
-0.005960
-0.005983
-0.006006
-0.006028
-0.006051
-0.006073
-0.006096
-0.006119
-0.006141
-0.006164
-0.006187
-0.006209
-0.006232
-0.006255
-0.006277
-0.006300
-0.006323
-0.006345
-0.006368
-0.006391
-0.006413
-0.006436
-0.006459
-0.006482
-0.006504
-0.006527
-0.006550
-0.006572
-0.006595
-0.006618
-0.006641
-0.006663
-0.006686
-0.006709
-0.006731
-0.006754
-0.006777
-0.006800
-0.006822
-0.006845
-0.006868
-0.006891
-0.006913
-0.006936
-0.006959
-0.006982
-0.007004
-0.007027
-0.007050
-0.007073
-0.007095
-0.007118
-0.007141
-0.007164
-0.007187
-0.007209
-0.007232
-0.007255
-0.007278
-0.007300
-0.007323
-0.007346
-0.007369
-0.007392
-0.007414
-0.007437
-0.007460
-0.007483
-0.007505
-0.007528
-0.007551
-0.007574
-0.007597
-0.007619
-0.007642
-0.007665
-0.007688
-0.007711
-0.007733
-0.007756
-0.007779
-0.007802
-0.007825
-0.007847
-0.007870
-0.007893
-0.007916
-0.007939
-0.007961
-0.007984
-0.008007
-0.008030
-0.008052
-0.008075
-0.008098
-0.008121
-0.008144
-0.008166
-0.008189
-0.008212
-0.008235
-0.008258
-0.008280
-0.008303
-0.008326
-0.008349
-0.008371
-0.008394
-0.008417
-0.008440
-0.008462
-0.008485
-0.008508
-0.008531
-0.008554
-0.008576
-0.008599
-0.008622
-0.008645
-0.008667
-0.008690
-0.008713
-0.008736
-0.008758
-0.008781
-0.008804
-0.008827
-0.008849
-0.008872
-0.008895
-0.008917
-0.008940
-0.008963
-0.008986
-0.009008
-0.009031
-0.009054
-0.009077
-0.009099
-0.009122
-0.009145
-0.009167
-0.009190
-0.009213
-0.009235
-0.009258
-0.009281
-0.009304
-0.009326
-0.009349
-0.009372
-0.009394
-0.009417
-0.009440
-0.009462
-0.009485
-0.009508
-0.009530
-0.009553
-0.009576
-0.009598
-0.009621
-0.009643
-0.009666
-0.009689
-0.009711
-0.009734
-0.009757
-0.009779
-0.009802
-0.009824
-0.009847
-0.009870
-0.009892
-0.009915
-0.009937
-0.009960
-0.009983
-0.010005
-0.010028
-0.010050
-0.010073
-0.010095
-0.010118
-0.010141
-0.010163
-0.010186
-0.010208
-0.010231
-0.010253
-0.010276
-0.010298
-0.010321
-0.010343
-0.010366
-0.010388
-0.010411
-0.010433
-0.010456
-0.010478
-0.010501
-0.010523
-0.010546
-0.010568
-0.010591
-0.010613
-0.010636
-0.010658
-0.010680
-0.010703
-0.010725
-0.010748
-0.010770
-0.010793
-0.010815
-0.010837
-0.010860
-0.010882
-0.010905
-0.010927
-0.010949
-0.010972
-0.010994
-0.011017
-0.011039
-0.011061
-0.011084
-0.011106
-0.011128
-0.011151
-0.011173
-0.011195
-0.011218
-0.011240
-0.011262
-0.011285
-0.011307
-0.011329
-0.011351
-0.011374
-0.011396
-0.011418
-0.011440
-0.011463
-0.011485
-0.011507
-0.011529
-0.011552
-0.011574
-0.011596
-0.011618
-0.011641
-0.011663
-0.011685
-0.011707
-0.011729
-0.011752
-0.011774
-0.011796
-0.011818
-0.011840
-0.011862
-0.011884
-0.011907
-0.011929
-0.011951
-0.011973
-0.011995
-0.012017
-0.012039
-0.012061
-0.012083
-0.012106
-0.012128
-0.012150
-0.012172
-0.012194
-0.012216
-0.012238
-0.012260
-0.012282
-0.012304
-0.012326
-0.012348
-0.012370
-0.012392
-0.012414
-0.012436
-0.012458
-0.012480
-0.012502
-0.012524
-0.012546
-0.012568
-0.012590
-0.012612
-0.012634
-0.012655
-0.012677
-0.012699
-0.012721
-0.012743
-0.012765
-0.012787
-0.012809
-0.012831
-0.012852
-0.012874
-0.012896
-0.012918
-0.012940
-0.012962
-0.012983
-0.013005
-0.013027
-0.013049
-0.013070
-0.013092
-0.013114
-0.013136
-0.013158
-0.013179
-0.013201
-0.013223
-0.013244
-0.013266
-0.013288
-0.013310
-0.013331
-0.013353
-0.013375
-0.013396
-0.013418
-0.013440
-0.013461
-0.013483
-0.013505
-0.013526
-0.013548
-0.013569
-0.013591
-0.013613
-0.013634
-0.013656
-0.013677
-0.013699
-0.013721
-0.013742
-0.013764
-0.013785
-0.013807
-0.013828
-0.013850
-0.013871
-0.013893
-0.013914
-0.013936
-0.013957
-0.013979
-0.014000
-0.014022
-0.014043
-0.014065
-0.014086
-0.014107
-0.014129
-0.014150
-0.014172
-0.014193
-0.014214
-0.014236
-0.014257
-0.014278
-0.014300
-0.014321
-0.014343
-0.014364
-0.014385
-0.014406
-0.014428
-0.014449
-0.014470
-0.014492
-0.014513
-0.014534
-0.014555
-0.014577
-0.014598
-0.014619
-0.014640
-0.014662
-0.014683
-0.014704
-0.014725
-0.014746
-0.014768
-0.014789
-0.014810
-0.014831
-0.014852
-0.014873
-0.014894
-0.014916
-0.014937
-0.014958
-0.014979
-0.015000
-0.015021
-0.015042
-0.015063
-0.015084
-0.015105
-0.015126
-0.015147
-0.015168
-0.015189
-0.015210
-0.015231
-0.015252
-0.015273
-0.015294
-0.015315
-0.015336
-0.015357
-0.015378
-0.015399
-0.015420
-0.015441
-0.015462
-0.015483
-0.015504
-0.015524
-0.015545
-0.015566
-0.015587
-0.015608
-0.015629
-0.015650
-0.015670
-0.015691
-0.015712
-0.015733
-0.015754
-0.015774
-0.015795
-0.015816
-0.015837
-0.015857
-0.015878
-0.015899
-0.015920
-0.015940
-0.015961
-0.015982
-0.016002
-0.016023
-0.016044
-0.016064
-0.016085
-0.016106
-0.016126
-0.016147
-0.016168
-0.016188
-0.016209
-0.016229
-0.016250
-0.016271
-0.016291
-0.016312
-0.016332
-0.016353
-0.016373
-0.016394
-0.016414
-0.016435
-0.016455
-0.016476
-0.016496
-0.016517
-0.016537
-0.016558
-0.016578
-0.016599
-0.016619
-0.016639
-0.016660
-0.016680
-0.016701
-0.016721
-0.016741
-0.016762
-0.016782
-0.016802
-0.016823
-0.016843
-0.016863
-0.016884
-0.016904
-0.016924
-0.016945
-0.016965
-0.016985
-0.017005
-0.017026
-0.017046
-0.017066
-0.017086
-0.017107
-0.017127
-0.017147
-0.017167
-0.017187
-0.017207
-0.017228
-0.017248
-0.017268
-0.017288
-0.017308
-0.017328
-0.017348
-0.017369
-0.017389
-0.017409
-0.017429
-0.017449
-0.017469
-0.017489
-0.017509
-0.017529
-0.017549
-0.017569
-0.017589
-0.017609
-0.017629
-0.017649
-0.017669
-0.017689
-0.017709
-0.017729
-0.017749
-0.017769
-0.017789
-0.017808
-0.017828
-0.017848
-0.017868
-0.017888
-0.017908
-0.017928
-0.017948
-0.017967
-0.017987
-0.018007
-0.018027
-0.018047
-0.018066
-0.018086
-0.018106
-0.018126
-0.018145
-0.018165
-0.018185
-0.018205
-0.018224
-0.018244
-0.018264
-0.018284
-0.018303
-0.018323
-0.018343
-0.018362
-0.018382
-0.018401
-0.018421
-0.018441
-0.018460
-0.018480
-0.018500
-0.018519
-0.018539
-0.018558
-0.018578
-0.018597
-0.018617
-0.018636
-0.018656
-0.018675
-0.018695
-0.018714
-0.018734
-0.018753
-0.018773
-0.018792
-0.018812
-0.018831
-0.018851
-0.018870
-0.018889
-0.018909
-0.018928
-0.018948
-0.018967
-0.018986
-0.019006
-0.019025
-0.019044
-0.019064
-0.019083
-0.019102
-0.019122
-0.019141
-0.019160
-0.019179
-0.019199
-0.019218
-0.019237
-0.019256
-0.019276
-0.019295
-0.019314
-0.019333
-0.019353
-0.019372
-0.019391
-0.019410
-0.019429
-0.019448
-0.019468
-0.019487
-0.019506
-0.019525
-0.019544
-0.019563
-0.019582
-0.019601
-0.019620
-0.019639
-0.019658
-0.019677
-0.019696
-0.019715
-0.019734
-0.019753
-0.019772
-0.019791
-0.019810
-0.019829
-0.019848
-0.019867
-0.019886
-0.019905
-0.019924
-0.019943
-0.019962
-0.019981
-0.020000
-0.020019
-0.020037
-0.020056
-0.020075
-0.020094
-0.020113
-0.020132
-0.020150
-0.020169
-0.020188
-0.020207
-0.020226
-0.020244
-0.020263
-0.020282
-0.020301
-0.020319
-0.020338
-0.020357
-0.020375
-0.020394
-0.020413
-0.020432
-0.020450
-0.020469
-0.020488
-0.020506
-0.020525
-0.020543
-0.020562
-0.020581
-0.020599
-0.020618
-0.020636
-0.020655
-0.020674
-0.020692
-0.020711
-0.020729
-0.020748
-0.020766
-0.020785
-0.020803
-0.020822
-0.020840
-0.020859
-0.020877
-0.020895
-0.020914
-0.020932
-0.020951
-0.020969
-0.020988
-0.021006
-0.021024
-0.021043
-0.021061
-0.021079
-0.021098
-0.021116
-0.021135
-0.021153
-0.021171
-0.021189
-0.021208
-0.021226
-0.021244
-0.021263
-0.021281
-0.021299
-0.021317
-0.021336
-0.021354
-0.021372
-0.021390
-0.021408
-0.021427
-0.021445
-0.021463
-0.021481
-0.021499
-0.021517
-0.021536
-0.021554
-0.021572
-0.021590
-0.021608
-0.021626
-0.021644
-0.021662
-0.021680
-0.021698
-0.021716
-0.021734
-0.021752
-0.021770
-0.021788
-0.021806
-0.021824
-0.021842
-0.021860
-0.021878
-0.021896
-0.021914
-0.021932
-0.021950
-0.021968
-0.021986
-0.022004
-0.022022
-0.022040
-0.022058
-0.022075
-0.022093
-0.022111
-0.022129
-0.022147
-0.022165
-0.022182
-0.022200
-0.022218
-0.022236
-0.022254
-0.022271
-0.022289
-0.022307
-0.022325
-0.022342
-0.022360
-0.022378
-0.022395
-0.022413
-0.022431
-0.022448
-0.022466
-0.022484
-0.022501
-0.022519
-0.022537
-0.022554
-0.022572
-0.022590
-0.022607
-0.022625
-0.022642
-0.022660
-0.022677
-0.022695
-0.022713
-0.022730
-0.022748
-0.022765
-0.022783
-0.022800
-0.022818
-0.022835
-0.022853
-0.022870
-0.022887
-0.022905
-0.022922
-0.022940
-0.022957
-0.022975
-0.022992
-0.023009
-0.023027
-0.023044
-0.023062
-0.023079
-0.023096
-0.023114
-0.023131
-0.023148
-0.023166
-0.023183
-0.023200
-0.023217
-0.023235
-0.023252
-0.023269
-0.023286
-0.023304
-0.023321
-0.023338
-0.023355
-0.023373
-0.023390
-0.023407
-0.023424
-0.023441
-0.023458
-0.023476
-0.023493
-0.023510
-0.023527
-0.023544
-0.023561
-0.023578
-0.023595
-0.023613
-0.023630
-0.023647
-0.023664
-0.023681
-0.023698
-0.023715
-0.023732
-0.023749
-0.023766
-0.023783
-0.023800
-0.023817
-0.023834
-0.023851
-0.023868
-0.023885
-0.023902
-0.023919
-0.023935
-0.023952
-0.023969
-0.023986
-0.024003
-0.024020
-0.024037
-0.024054
-0.024070
-0.024087
-0.024104
-0.024121
-0.024138
-0.024155
-0.024171
-0.024188
-0.024205
-0.024222
-0.024238
-0.024255
-0.024272
-0.024289
-0.024305
-0.024322
-0.024339
-0.024356
-0.024372
-0.024389
-0.024406
-0.024422
-0.024439
-0.024456
-0.024472
-0.024489
-0.024505
-0.024522
-0.024539
-0.024555
-0.024572
-0.024588
-0.024605
-0.024622
-0.024638
-0.024655
-0.024671
-0.024688
-0.024704
-0.024721
-0.024737
-0.024754
-0.024770
-0.024787
-0.024803
-0.024820
-0.024836
-0.024852
-0.024869
-0.024885
-0.024902
-0.024918
-0.024935
-0.024951
-0.024967
-0.024984
-0.025000
-0.025016
-0.025033
-0.025049
-0.025065
-0.025082
-0.025098
-0.025114
-0.025131
-0.025147
-0.025163
-0.025179
-0.025196
-0.025212
-0.025228
-0.025244
-0.025261
-0.025277
-0.025293
-0.025309
-0.025326
-0.025342
-0.025358
-0.025374
-0.025390
-0.025406
-0.025423
-0.025439
-0.025455
-0.025471
-0.025487
-0.025503
-0.025519
-0.025535
-0.025551
-0.025567
-0.025583
-0.025600
-0.025616
-0.025632
-0.025648
-0.025664
-0.025680
-0.025696
-0.025712
-0.025728
-0.025744
-0.025760
-0.025775
-0.025791
-0.025807
-0.025823
-0.025839
-0.025855
-0.025871
-0.025887
-0.025903
-0.025919
-0.025935
-0.025950
-0.025966
-0.025982
-0.025998
-0.026014
-0.026030
-0.026045
-0.026061
-0.026077
-0.026093
-0.026109
-0.026124
-0.026140
-0.026156
-0.026172
-0.026187
-0.026203
-0.026219
-0.026235
-0.026250
-0.026266
-0.026282
-0.026297
-0.026313
-0.026329
-0.026344
-0.026360
-0.026376
-0.026391
-0.026407
-0.026422
-0.026438
-0.026454
-0.026469
-0.026485
-0.026500
-0.026516
-0.026532
-0.026547
-0.026563
-0.026578
-0.026594
-0.026609
-0.026625
-0.026640
-0.026656
-0.026671
-0.026687
-0.026702
-0.026718
-0.026733
-0.026748
-0.026764
-0.026779
-0.026795
-0.026810
-0.026825
-0.026841
-0.026856
-0.026872
-0.026887
-0.026902
-0.026918
-0.026933
-0.026948
-0.026964
-0.026979
-0.026994
-0.027010
-0.027025
-0.027040
-0.027055
-0.027071
-0.027086
-0.027101
-0.027116
-0.027132
-0.027147
-0.027162
-0.027177
-0.027193
-0.027208
-0.027223
-0.027238
-0.027253
-0.027268
-0.027284
-0.027299
-0.027314
-0.027329
-0.027344
-0.027359
-0.027374
-0.027389
-0.027405
-0.027420
-0.027435
-0.027450
-0.027465
-0.027480
-0.027495
-0.027510
-0.027525
-0.027540
-0.027555
-0.027570
-0.027585
-0.027600
-0.027615
-0.027630
-0.027645
-0.027660
-0.027675
-0.027690
-0.027705
-0.027720
-0.027734
-0.027749
-0.027764
-0.027779
-0.027794
-0.027809
-0.027824
-0.027839
-0.027853
-0.027868
-0.027883
-0.027898
-0.027913
-0.027928
-0.027942
-0.027957
-0.027972
-0.027987
-0.028001
-0.028016
-0.028031
-0.028046
-0.028060
-0.028075
-0.028090
-0.028105
-0.028119
-0.028134
-0.028149
-0.028163
-0.028178
-0.028193
-0.028207
-0.028222
-0.028237
-0.028251
-0.028266
-0.028281
-0.028295
-0.028310
-0.028324
-0.028339
-0.028353
-0.028368
-0.028383
-0.028397
-0.028412
-0.028426
-0.028441
-0.028455
-0.028470
-0.028484
-0.028499
-0.028513
-0.028528
-0.028542
-0.028557
-0.028571
-0.028586
-0.028600
-0.028614
-0.028629
-0.028643
-0.028658
-0.028672
-0.028687
-0.028701
-0.028715
-0.028730
-0.028744
-0.028758
-0.028773
-0.028787
-0.028801
-0.028816
-0.028830
-0.028844
-0.028859
-0.028873
-0.028887
-0.028902
-0.028916
-0.028930
-0.028944
-0.028959
-0.028973
-0.028987
-0.029001
-0.029015
-0.029030
-0.029044
-0.029058
-0.029072
-0.029086
-0.029101
-0.029115
-0.029129
-0.029143
-0.029157
-0.029171
-0.029185
-0.029200
-0.029214
-0.029228
-0.029242
-0.029256
-0.029270
-0.029284
-0.029298
-0.029312
-0.029326
-0.029340
-0.029354
-0.029368
-0.029382
-0.029396
-0.029410
-0.029424
-0.029438
-0.029452
-0.029466
-0.029480
-0.029494
-0.029508
-0.029522
-0.029536
-0.029550
-0.029564
-0.029578
-0.029592
-0.029606
-0.029620
-0.029633
-0.029647
-0.029661
-0.029675
-0.029689
-0.029703
-0.029717
-0.029730
-0.029744
-0.029758
-0.029772
-0.029786
-0.029799
-0.029813
-0.029827
-0.029841
-0.029854
-0.029868
-0.029882
-0.029896
-0.029909
-0.029923
-0.029937
-0.029951
-0.029964
-0.029978
-0.029992
-0.030005
-0.030019
-0.030033
-0.030046
-0.030060
-0.030074
-0.030087
-0.030101
-0.030114
-0.030128
-0.030142
-0.030155
-0.030169
-0.030182
-0.030196
-0.030209
-0.030223
-0.030237
-0.030250
-0.030264
-0.030277
-0.030291
-0.030304
-0.030318
-0.030331
-0.030345
-0.030358
-0.030372
-0.030385
-0.030399
-0.030412
-0.030425
-0.030439
-0.030452
-0.030466
-0.030479
-0.030493
-0.030506
-0.030519
-0.030533
-0.030546
-0.030559
-0.030573
-0.030586
-0.030600
-0.030613
-0.030626
-0.030640
-0.030653
-0.030666
-0.030679
-0.030693
-0.030706
-0.030719
-0.030733
-0.030746
-0.030759
-0.030772
-0.030786
-0.030799
-0.030812
-0.030825
-0.030839
-0.030852
-0.030865
-0.030878
-0.030891
-0.030905
-0.030918
-0.030931
-0.030944
-0.030957
-0.030970
-0.030983
-0.030997
-0.031010
-0.031023
-0.031036
-0.031049
-0.031062
-0.031075
-0.031088
-0.031101
-0.031114
-0.031127
-0.031140
-0.031154
-0.031167
-0.031180
-0.031193
-0.031206
-0.031219
-0.031232
-0.031245
-0.031258
-0.031271
-0.031284
-0.031296
-0.031309
-0.031322
-0.031335
-0.031348
-0.031361
-0.031374
-0.031387
-0.031400
-0.031413
-0.031426
-0.031439
-0.031451
-0.031464
-0.031477
-0.031490
-0.031503
-0.031516
-0.031529
-0.031541
-0.031554
-0.031567
-0.031580
-0.031593
-0.031605
-0.031618
-0.031631
-0.031644
-0.031656
-0.031669
-0.031682
-0.031695
-0.031707
-0.031720
-0.031733
-0.031746
-0.031758
-0.031771
-0.031784
-0.031796
-0.031809
-0.031822
-0.031834
-0.031847
-0.031860
-0.031872
-0.031885
-0.031898
-0.031910
-0.031923
-0.031935
-0.031948
-0.031961
-0.031973
-0.031986
-0.031998
-0.032011
-0.032023
-0.032036
-0.032049
-0.032061
-0.032074
-0.032086
-0.032099
-0.032111
-0.032124
-0.032136
-0.032149
-0.032161
-0.032174
-0.032186
-0.032199
-0.032211
-0.032223
-0.032236
-0.032248
-0.032261
-0.032273
-0.032286
-0.032298
-0.032310
-0.032323
-0.032335
-0.032347
-0.032360
-0.032372
-0.032385
-0.032397
-0.032409
-0.032422
-0.032434
-0.032446
-0.032459
-0.032471
-0.032483
-0.032495
-0.032508
-0.032520
-0.032532
-0.032545
-0.032557
-0.032569
-0.032581
-0.032594
-0.032606
-0.032618
-0.032630
-0.032642
-0.032655
-0.032667
-0.032679
-0.032691
-0.032703
-0.032716
-0.032728
-0.032740
-0.032752
-0.032764
-0.032776
-0.032788
-0.032800
-0.032813
-0.032825
-0.032837
-0.032849
-0.032861
-0.032873
-0.032885
-0.032897
-0.032909
-0.032921
-0.032933
-0.032945
-0.032957
-0.032969
-0.032981
-0.032993
-0.033005
-0.033017
-0.033029
-0.033041
-0.033053
-0.033065
-0.033077
-0.033089
-0.033101
-0.033113
-0.033125
-0.033137
-0.033149
-0.033161
-0.033173
-0.033185
-0.033197
-0.033209
-0.033220
-0.033232
-0.033244
-0.033256
-0.033268
-0.033280
-0.033292
-0.033303
-0.033315
-0.033327
-0.033339
-0.033351
-0.033362
-0.033374
-0.033386
-0.033398
-0.033410
-0.033421
-0.033433
-0.033445
-0.033457
-0.033468
-0.033480
-0.033492
-0.033504
-0.033515
-0.033527
-0.033539
-0.033550
-0.033562
-0.033574
-0.033585
-0.033597
-0.033609
-0.033620
-0.033632
-0.033644
-0.033655
-0.033667
-0.033679
-0.033690
-0.033702
-0.033713
-0.033725
-0.033737
-0.033748
-0.033760
-0.033771
-0.033783
-0.033795
-0.033806
-0.033818
-0.033829
-0.033841
-0.033852
-0.033864
-0.033875
-0.033887
-0.033898
-0.033910
-0.033921
-0.033933
-0.033944
-0.033956
-0.033967
-0.033979
-0.033990
-0.034001
-0.034013
-0.034024
-0.034036
-0.034047
-0.034059
-0.034070
-0.034081
-0.034093
-0.034104
-0.034116
-0.034127
-0.034138
-0.034150
-0.034161
-0.034172
-0.034184
-0.034195
-0.034206
-0.034218
-0.034229
-0.034240
-0.034252
-0.034263
-0.034274
-0.034285
-0.034297
-0.034308
-0.034319
-0.034330
-0.034342
-0.034353
-0.034364
-0.034375
-0.034387
-0.034398
-0.034409
-0.034420
-0.034431
-0.034443
-0.034454
-0.034465
-0.034476
-0.034487
-0.034498
-0.034510
-0.034521
-0.034532
-0.034543
-0.034554
-0.034565
-0.034576
-0.034588
-0.034599
-0.034610
-0.034621
-0.034632
-0.034643
-0.034654
-0.034665
-0.034676
-0.034687
-0.034698
-0.034709
-0.034720
-0.034731
-0.034742
-0.034753
-0.034764
-0.034775
-0.034786
-0.034797
-0.034808
-0.034819
-0.034830
-0.034841
-0.034852
-0.034863
-0.034874
-0.034885
-0.034896
-0.034907
-0.034918
-0.034929
-0.034940
-0.034950
-0.034961
-0.034972
-0.034983
-0.034994
-0.035005
-0.035016
-0.035027
-0.035037
-0.035048
-0.035059
-0.035070
-0.035081
-0.035092
-0.035102
-0.035113
-0.035124
-0.035135
-0.035146
-0.035156
-0.035167
-0.035178
-0.035189
-0.035199
-0.035210
-0.035221
-0.035232
-0.035242
-0.035253
-0.035264
-0.035275
-0.035285
-0.035296
-0.035307
-0.035317
-0.035328
-0.035339
-0.035349
-0.035360
-0.035371
-0.035381
-0.035392
0.615164
2.150610
4.620060
7.540506
10.682592
13.903577
17.119149
20.281819
23.640565
28.396739
36.625135
45.130785
50.578459
53.634163
55.150033
55.745837
56.381946
57.205490
58.001416
58.366682
58.186070
57.500608
56.368088
54.868450
53.097513
51.149275
49.108537
47.051851
45.040919
43.116663
41.305549
39.629167
38.104780
36.741504
35.539982
34.494322
33.595471
32.832383
32.191959
31.659421
31.219178
30.855949
30.555490
30.304846
30.092885
29.910143
29.748696
29.602075
29.465006
29.333306
29.203672
29.073587
28.941104
28.804881
28.663933
28.517599
28.365470
28.207346
28.043161
27.872890
27.696434
27.513881
27.325218
27.130397
26.929323
26.721942
26.508212
26.288174
26.062023
25.830142
25.593110
25.351754
25.107111
24.860455
24.613164
24.366719
24.122589
23.882325
23.647403
23.419113
23.198517
22.986538
22.783807
22.590736
22.407504
22.234129
22.070414
21.915958
21.770217
21.632553
21.502284
21.378540
21.260576
21.147516
21.038560
20.932926
20.829798
20.728510
20.628404
20.528898
20.962901
22.222432
24.565132
28.222327
33.932723
40.685109
46.143565
49.943773
52.476203
54.455762
56.401048
58.158991
59.398846
60.004945
60.007807
59.521807
58.701411
57.673994
56.530905
55.334723
54.127436
52.938065
51.786950
50.694216
49.673346
48.734127
47.883645
47.125695
46.459302
45.878742
45.375168
44.938587
44.559267
44.228511
43.938820
43.683919
43.458575
43.258440
43.079872
42.919795
42.775569
42.644865
42.525553
42.415625
42.313078
42.215849
42.121753
42.028436
41.933385
41.833967
41.727510
41.611434
41.483400
41.341434
41.184096
41.010580
40.820788
40.615459
40.396076
40.164873
39.924719
39.678955
39.431184
39.185001
38.943782
38.710600
38.488036
38.278158
38.082463
37.901947
37.737172
37.588275
37.455130
37.337415
37.234632
37.146225
37.071628
37.010314
36.961864
36.925976
36.902517
36.891548
36.893348
36.908394
36.937345
36.980952
37.039863
37.114306
37.203537
37.305114
37.414020
37.522237
37.618774
37.690979
37.726431
37.714832
37.649043
37.524961
37.340635
37.095607
36.790850
36.429492
36.018150
35.567633
35.092706
34.610481
34.138114
33.690898
33.280933
32.916491
32.602313
32.339922
32.128297
31.964674
31.845048
31.764768
31.718852
31.702248
31.710092
31.737821
31.781256
31.836662
31.900789
31.970927
32.044797
32.120634
32.197188
32.273655
32.349694
32.425393
32.501316
32.578459
32.658282
32.742890
32.835014
32.938243
33.057490
33.199207
33.372432
33.589410
33.866645
34.224424
34.682019
35.244962
35.887414
36.550657
37.174964
37.737060
38.236426
38.627235
38.817703
38.739077
38.378096
37.764345
36.948923
35.989361
34.942468
33.858843
32.782095
31.747323
30.782305
29.909274
29.144020
28.495502
27.965878
27.551953
27.247192
27.043311
26.931354
26.902387
26.947655
27.058450
27.225887
27.440559
27.692516
27.971029
28.264853
28.562543
28.853222
29.127052
29.375924
29.593796
29.776866
29.923487
30.033862
30.109770
30.154200
30.170909
30.164060
30.137884
30.096419
30.043220
29.981251
29.912793
29.839502
29.762280
29.681557
29.597366
29.509373
29.417231
29.320433
29.218768
29.112109
29.000686
28.884948
28.765723
28.643999
28.521119
28.398324
28.277206
28.159098
28.045446
27.937395
27.836103
27.742355
27.656906
27.580113
27.512282
27.453411
27.403292
27.361595
27.327813
27.301281
27.281208
27.266705
27.256809
27.250507
27.246759
27.244522
27.242775
27.240550
27.236946
27.231157
27.222480
27.210338
27.194284
27.174004
27.149317
27.120175
27.086647
27.048898
27.007202
26.961941
26.913530
26.862473
26.809252
26.754425
26.698524
26.642117
26.585689
26.529768
26.474801
26.421230
26.369397
26.319641
26.272206
26.227321
26.185092
26.145617
26.108888
26.074866
26.043461
26.014499
25.987762
25.963001
25.939924
25.918196
25.897464
25.877355
25.857497
25.837518
25.817048
25.795737
25.773263
25.749350
25.723756
25.696281
25.666785
25.635189
25.601471
25.565653
25.527824
25.488121
25.446721
25.403849
25.359784
25.314801
25.269209
25.223322
25.177462
25.131968
25.087148
25.043272
25.000610
24.959407
24.919869
24.882158
24.846383
24.812623
24.780909
24.751223
24.723510
24.697659
24.673518
24.650886
24.629529
24.609176
24.589524
24.570247
24.550995
24.531419
24.511141
24.489804
24.467052
24.442547
24.415973
24.387048
24.355535
24.321236
24.284022
24.243815
24.200581
24.154356
24.105239
24.053395
23.999041
23.942425
23.883853
23.823684
23.762284
23.700039
23.637348
23.574657
23.512328
23.450749
23.390310
23.331316
23.274076
23.218844
23.165871
23.115301
23.067251
23.021799
22.978990
22.938799
22.901150
22.865928
22.832981
22.802110
22.773094
22.745666
22.719519
22.694332
22.669751
22.645402
22.620902
22.595846
22.569833
22.542460
22.513316
22.482003
22.448134
22.411349
22.371302
22.327722
22.280339
22.228938
22.173360
22.113505
22.049341
21.980876
21.908181
21.831443
21.750833
21.666614
21.579091
21.488579
21.395470
21.300142
21.203004
21.104452
21.004869
20.904622
20.804043
20.703464
20.603140
20.503314
20.404185
20.305902
20.208620
20.112378
20.017275
19.923335
19.830557
19.738933
19.648422
19.559006
19.470596
19.383175
19.296653
19.210973
19.126095
19.041941
18.958470
18.875617
18.793347
18.711628
18.630388
18.549631
18.469316
18.389431
18.309965
18.230875
18.152190
18.073880
17.995939
17.918374
17.841188
17.764388
17.687956
17.611906
17.536262
17.461016
17.386165
17.311731
17.237706
17.164109
17.090929
17.018182
16.945880
16.874001
16.802569
16.731600
16.661054
16.590964
16.521343
16.452150
16.383415
16.315137
16.247306
16.179927
16.113002
16.046521
15.980485
15.914890
15.849741
15.785015
15.720738
15.656894
15.593460
15.530456
15.467881
15.405712
15.343958
15.282612
15.221674
15.161129
15.100996
15.041246
14.981884
14.922912
14.864326
14.806119
14.748284
14.690835
14.633743
14.577022
14.520659
14.464672
14.409033
14.353752
14.298827
14.244258
14.190028
14.136149
14.082619
14.029435
13.976586
13.924076
13.871908
13.820079
13.768580
13.717409
13.666574
13.616069
13.565883
13.516017
13.466485
13.417269
13.368364
13.319771
13.271503
13.223541
13.175880
13.128518
13.081457
13.034699
12.988231
12.942052
12.896156
12.850556
12.805230
12.760177
12.715395
12.670876
12.626634
12.582649
12.538913
12.495433
12.452202
12.409217
12.366471
12.323954
12.281673
12.239624
12.197797
12.156191
12.114794
12.073615
12.032645
11.991881
11.951316
11.910947
11.870776
11.830795
11.791003
11.751393
11.711962
11.672702
11.633624
11.594720
11.555985
11.517415
11.479003
11.440752
11.402663
11.364729
11.326944
11.289311
11.251821
11.214484
11.177292
11.140241
11.103321
11.066545
11.029900
10.993398
10.957025
10.920782
10.884663
10.848674
10.812810
10.777076
10.741462
10.705970
10.670593
10.635338
10.600201
10.565185
10.530283
10.495496
10.460817
10.426253
10.391799
10.357464
10.323236
10.289117
10.255102
10.221195
10.187395
10.153706
10.120123
10.086642
10.053264
10.019987
9.986816
9.953752
9.920790
9.887927
9.855166
9.822501
9.789938
9.757478
9.725119
9.692861
9.660698
9.628633
9.596663
9.564794
9.533026
9.501353
9.469777
9.438296
9.406911
9.375621
9.344430
9.313337
9.282337
9.251432
9.220619
9.189902
9.159279
9.128754
9.098324
9.067986
9.037741
9.007587
8.977527
8.947560
8.917689
8.887913
8.858227
8.828633
8.799129
8.769717
8.740397
8.711172
8.682040
8.652997
8.624045
8.595183
8.566411
8.537728
8.509140
8.480641
8.452235
8.423916
8.395688
8.367547
8.339496
8.311533
8.283663
8.255882
8.228188
8.200582
8.173065
8.145634
8.118292
8.091039
8.063875
8.036798
8.009808
7.982904
7.956086
7.929354
7.902710
7.876154
7.849684
7.823300
7.797001
7.770786
7.744656
7.718610
7.692651
7.666778
7.640990
7.615286
7.589664
7.564126
7.538671
7.513299
7.488011
7.462808
7.437688
7.412649
7.387692
7.362818
7.338024
7.313312
7.288680
7.264132
7.239666
7.215281
7.190975
7.166748
7.142602
7.118534
7.094547
7.070638
7.046811
7.023064
6.999396
6.975805
6.952290
6.928854
6.905494
6.882213
6.859009
6.835885
6.812838
6.789867
6.766971
6.744150
6.721405
6.698735
6.676141
6.653621
6.631179
6.608813
6.586522
6.564303
6.542158
6.520086
6.498085
6.476158
6.454305
6.432525
6.410820
6.389188
6.367628
6.346139
6.324720
6.303372
6.282095
6.260888
6.239752
6.218688
6.197696
6.176774
6.155922
6.135138
6.114423
6.093776
6.073197
6.052687
6.032245
6.011872
5.991569
5.971334
5.951166
5.931065
5.911031
5.891062
5.871158
5.851321
5.831550
5.811845
5.792207
5.772636
5.753130
5.733688
5.714311
5.694998
5.675748
5.656561
5.637438
5.618378
5.599383
5.580452
5.561585
5.542781
5.524038
5.505358
5.486739
5.468181
5.449685
5.431249
5.412874
5.394561
5.376309
5.358119
5.339990
5.321921
5.303911
5.285961
5.268070
5.250237
5.232463
5.214747
5.197090
5.179492
5.161954
5.144474
5.127052
5.109688
5.092380
5.075130
5.057936
5.040798
5.023717
5.006692
4.989722
4.972809
4.955953
4.939154
4.922410
4.905721
4.889087
4.872508
4.855983
4.839512
4.823094
4.806731
4.790421
4.774165
4.757962
4.741815
4.725721
4.709680
4.693691
4.677755
4.661871
4.646039
4.630258
4.614529
4.598851
4.583225
4.567650
4.552126
4.536653
4.521233
4.505863
4.490544
4.475274
4.460055
4.444884
4.429764
4.414692
4.399669
4.384696
4.369771
4.354895
4.340069
4.325291
4.310562
4.295882
4.281249
4.266664
4.252126
4.237636
4.223193
4.208796
4.194447
4.180144
4.165887
4.151677
4.137513
4.123396
4.109326
4.095302
4.081324
4.067391
4.053503
4.039660
4.025862
4.012109
3.998400
3.984736
3.971115
3.957539
3.944008
3.930520
3.917076
3.903677
3.890322
3.877010
3.863741
3.850515
3.837332
3.824191
3.811093
3.798037
3.785023
3.772051
3.759121
3.746233
3.733387
3.720582
3.707820
3.695099
3.682420
3.669782
3.657184
3.644628
3.632111
3.619635
3.607200
3.594804
3.582448
3.570132
3.557856
3.545619
3.533421
3.521263
3.509145
3.497066
3.485027
3.473027
3.461065
3.449142
3.437257
3.425411
3.413602
3.401832
3.390099
3.378404
3.366746
3.355126
3.343544
3.331998
3.320490
3.309019
3.297585
3.286188
3.274828
3.263506
3.252220
3.240970
3.229756
3.218577
3.207435
3.196328
3.185257
3.174222
3.163221
3.152256
3.141327
3.130432
3.119572
3.108747
3.097957
3.087202
3.076481
3.065796
3.055145
3.044529
3.033946
3.023398
3.012883
3.002402
2.991954
2.981539
2.971158
2.960810
2.950494
2.940212
2.929963
2.919747
2.909564
2.899413
2.889295
2.879209
2.869156
2.859135
2.849147
2.839192
2.829268
2.819376
2.809515
2.799686
2.789888
2.780122
2.770386
2.760682
2.751008
2.741365
2.731754
2.722172
2.712622
2.703102
2.693612
2.684154
2.674725
2.665327
2.655959
2.646621
2.637314
2.628036
2.618789
2.609571
2.600382
2.591222
2.582092
2.572991
2.563918
2.554874
2.545860
2.536874
2.527916
2.518987
2.510087
2.501215
2.492372
2.483556
2.474770
2.466011
2.457280
2.448578
2.439903
2.431257
2.422639
2.414048
2.405485
2.396949
2.388440
2.379959
2.371504
2.363076
2.354675
2.346301
2.337953
2.329632
2.321337
2.313069
2.304828
2.296612
2.288423
2.280260
2.272123
2.264012
2.255928
2.247869
2.239836
2.231829
2.223848
2.215893
2.207964
2.200059
2.192180
2.184327
2.176498
2.168694
2.160915
2.153161
2.145432
2.137727
2.130046
2.122390
2.114759
2.107152
2.099569
2.092010
2.084475
2.076965
2.069479
2.062016
2.054578
2.047163
2.039773
2.032406
2.025062
2.017743
2.010448
2.003176
1.995927
1.988701
1.981499
1.974320
1.967164
1.960030
1.952920
1.945832
1.938766
1.931724
1.924703
1.917706
1.910730
1.903777
1.896845
1.889937
1.883050
1.876185
1.869342
1.862522
1.855723
1.848946
1.842191
1.835457
1.828746
1.822056
1.815387
1.808741
1.802116
1.795512
1.788930
1.782369
1.775829
1.769310
1.762812
1.756335
1.749879
1.743443
1.737028
1.730634
1.724260
1.717907
1.711574
1.705261
1.698969
1.692696
1.686444
1.680212
1.674000
1.667808
1.661636
1.655484
1.649352
1.643239
1.637147
1.631074
1.625021
1.618987
1.612973
1.606979
1.601004
1.595048
1.589112
1.583196
1.577298
1.571420
1.565561
1.559721
1.553900
1.548097
1.542314
1.536549
1.530802
1.525075
1.519365
1.513675
1.508002
1.502348
1.496713
1.491095
1.485496
1.479915
1.474352
1.468807
1.463280
1.457771
1.452280
1.446807
1.441352
1.435914
1.430494
1.425092
1.419707
1.414341
1.408991
1.403660
1.398345
1.393049
1.387769
1.382508
1.377263
1.372036
1.366826
1.361633
1.356457
1.351298
1.346157
1.341031
1.335923
1.330831
1.325757
1.320698
1.315657
1.310632
1.305623
1.300631
1.295655
1.290696
1.285752
1.280826
1.275915
1.271020
1.266142
1.261280
1.256433
1.251603
1.246789
1.241990
1.237207
1.232441
1.227690
1.222954
1.218235
1.213531
1.208843
1.204170
1.199513
1.194871
1.190245
1.185635
1.181040
1.176460
1.171896
1.167347
1.162814
1.158295
1.153792
1.149304
1.144831
1.140372
1.135929
1.131501
1.127087
1.122688
1.118304
1.113935
1.109580
1.105240
1.100915
1.096604
1.092307
1.088025
1.083758
1.079505
1.075266
1.071041
1.066831
1.062635
1.058453
1.054285
1.050131
1.045992
1.041866
1.037754
1.033657
1.029573
1.025503
1.021447
1.017405
1.013376
1.009362
1.005361
1.001373
0.997400
0.993440
0.989493
0.985561
0.981641
0.977735
0.973843
0.969964
0.966099
0.962247
0.958408
0.954583
0.950771
0.946972
0.943187
0.939414
0.935654
0.931908
0.928175
0.924454
0.920746
0.917052
0.913370
0.909701
0.906044
0.902401
0.898770
0.895152
0.891546
0.887953
0.884373
0.880805
0.877250
0.873707
0.870176
0.866658
0.863153
0.859659
0.856178
0.852710
0.849253
0.845809
0.842377
0.838957
0.835549
0.832153
0.828769
0.825398
0.822038
0.818690
0.815355
0.812031
0.808719
0.805418
0.802130
0.798853
0.795588
0.792335
0.789094
0.785864
0.782646
0.779439
0.776245
0.773061
0.769889
0.766729
0.763580
0.760443
0.757317
0.754203
0.751100
0.748008
0.744928
0.741859
0.738801
0.735754
0.732719
0.729694
0.726681
0.723679
0.720688
0.717708
0.714738
0.711780
0.708833
0.705896
0.702971
0.700056
0.697152
0.694259
0.691377
0.688505
0.685644
0.682793
0.679954
0.677124
0.674306
0.671498
0.668700
0.665913
0.663137
0.660370
0.657615
0.654869
0.652134
0.649409
0.646695
0.643991
0.641297
0.638613
0.635939
0.633276
0.630623
0.627980
0.625346
0.622723
0.620110
0.617507
0.614914
0.612331
0.609758
0.607194
0.604641
0.602097
0.599563
0.597039
0.594524
0.592020
0.589525
0.587039
0.584564
0.582097
0.579641
0.577194
0.574757
0.572329
0.569910
0.567501
0.565102
0.562712
0.560331
0.557960
0.555598
0.553245
0.550902
0.548567
0.546243
0.543927
0.541620
0.539323
0.537035
0.534756
0.532486
0.530225
0.527973
0.525730
0.523496
0.521271
0.519055
0.516847
0.514649
0.512459
0.510278
0.508106
0.505942
0.503788
0.501642
0.499504
0.497375
0.495255
0.493143
0.491040
0.488946
0.486860
0.484782
0.482713
0.480652
0.478599
0.476555
0.474519
0.472492
0.470473
0.468462
0.466459
0.464464
0.462478
0.460500
0.458530
0.456568
0.454614
0.452668
0.450730
0.448800
0.446878
0.444964
0.443057
0.441159
0.439269
0.437386
0.435511
0.433644
0.431785
0.429933
0.428089
0.426253
0.424424
0.422603
0.420789
0.418984
0.417185
0.415394
0.413611
0.411835
0.410066
0.408305
0.406551
0.404805
0.403066
0.401334
0.399609
0.397892
0.396182
0.394479
0.392783
0.391094
0.389413
0.387738
0.386071
0.384410
0.382757
0.381111
0.379471
0.377839
0.376213
0.374594
0.372982
0.371377
0.369779
0.368187
0.366602
0.365024
0.363452
0.361888
0.360329
0.358778
0.357233
0.355694
0.354162
0.352637
0.351118
0.349605
0.348099
0.346600
0.345106
0.343620
0.342139
0.340665
0.339197
0.337735
0.336279
0.334830
0.333387
0.331950
0.330519
0.329094
0.327676
0.326263
0.324856
0.323456
0.322061
0.320672
0.319289
0.317912
0.316541
0.315176
0.313817
0.312463
0.311115
0.309773
0.308436
0.307105
0.305780
0.304461
0.303147
0.301839
0.300536
0.299239
0.297947
0.296661
0.295380
0.294104
0.292834
0.291570
0.290311
0.289057
0.287808
0.286565
0.285327
0.284094
0.282866
0.281644
0.280427
0.279215
0.278008
0.276806
0.275609
0.274418
0.273231
0.272049
0.270872
0.269701
0.268534
0.267372
0.266215
0.265063
0.263915
0.262773
0.261635
0.260502
0.259374
0.258251
0.257132
0.256018
0.254908
0.253804
0.252703
0.251608
0.250517
0.249431
0.248349
0.247271
0.246198
0.245130
0.244066
0.243006
0.241951
0.240900
0.239854
0.238812
0.237774
0.236740
0.235711
0.234686
0.233665
0.232649
0.231637
0.230628
0.229624
0.228624
0.227629
0.226637
0.225649
0.224666
0.223686
0.222711
0.221739
0.220771
0.219808
0.218848
0.217892
0.216940
0.215992
0.215048
0.214108
0.213171
0.212239
0.211310
0.210385
0.209463
0.208545
0.207631
0.206721
0.205814
0.204911
0.204012
0.203116
0.202224
0.201336
0.200451
0.199569
0.198691
0.197817
0.196946
0.196078
0.195214
0.194354
0.193497
0.192643
0.191793
0.190946
0.190102
0.189262
0.188425
0.187591
0.186761
0.185934
0.185110
0.184289
0.183472
0.182658
0.181847
0.181039
0.180234
0.179433
0.178635
0.177839
0.177047
0.176258
0.175472
0.174689
0.173910
0.173133
0.172359
0.171588
0.170820
0.170056
0.169294
0.168535
0.167779
0.167026
0.166275
0.165528
0.164784
0.164042
0.163303
0.162568
0.161834
0.161104
0.160377
0.159652
0.158930
0.158211
0.157494
0.156781
0.156069
0.155361
0.154655
0.153953
0.153252
0.152555
0.151859
0.151167
0.150477
0.149790
0.149105
0.148423
0.147744
0.147067
0.146393
0.145721
0.145051
0.144385
0.143720
0.143058
0.142399
0.141742
0.141088
0.140436
0.139786
0.139139
0.138494
0.137851
0.137211
0.136574
0.135938
0.135305
0.134675
0.134046
0.133421
0.132797
0.132175
0.131556
0.130940
0.130325
0.129713
0.129103
0.128495
0.127889
0.127286
0.126685
0.126086
0.125489
0.124895
0.124302
0.123712
0.123124
0.122538
0.121954
0.121372
0.120793
0.120215
0.119640
0.119066
0.118495
0.117926
0.117359
0.116794
0.116231
0.115670
0.115111
0.114554
0.113999
0.113446
0.112895
0.112346
0.111799
0.111254
0.110711
0.110169
0.109630
0.109093
0.108557
0.108024
0.107492
0.106963
0.106435
0.105909
0.105385
0.104863
0.104343
0.103824
0.103307
0.102793
0.102280
0.101769
0.101259
0.100752
0.100246
0.099742
0.099240
0.098740
0.098241
0.097744
0.097249
0.096756
0.096264
0.095774
0.095286
0.094800
0.094315
0.093832
0.093351
0.092871
0.092393
0.091917
0.091443
0.090970
0.090499
0.090029
0.089561
0.089095
0.088630
0.088167
0.087706
0.087246
0.086788
0.086331
0.085876
0.085423
0.084971
0.084521
0.084072
0.083625
0.083180
0.082736
0.082293
0.081852
0.081413
0.080975
0.080539
0.080104
0.079671
0.079239
0.078809
0.078380
0.077953
0.077527
0.077103
0.076680
0.076259
0.075839
0.075420
0.075003
0.074588
0.074174
0.073761
0.073350
0.072940
0.072532
0.072125
0.071719
0.071315
0.070912
0.070511
0.070111
0.069712
0.069315
0.068919
0.068525
0.068132
0.067740
0.067349
0.066960
0.066573
0.066186
0.065801
0.065418
0.065035
0.064654
0.064274
0.063896
0.063519
0.063143
0.062768
0.062395
0.062023
0.061653
0.061283
0.060915
0.060548
0.060183
0.059818
0.059455
0.059093
0.058733
0.058373
0.058015
0.057658
0.057303
0.056948
0.056595
0.056243
0.055892
0.055543
0.055194
0.054847
0.054501
0.054157
0.053813
0.053471
0.053129
0.052789
0.052450
0.052113
0.051776
0.051441
0.051106
0.050773
0.050441
0.050110
0.049781
0.049452
0.049125
0.048798
0.048473
0.048149
0.047826
0.047504
0.047184
0.046864
0.046545
0.046228
0.045912
0.045596
0.045282
0.044969
0.044657
0.044346
0.044036
0.043727
0.043419
0.043113
0.042807
0.042502
0.042199
0.041896
0.041595
0.041294
0.040995
0.040697
0.040399
0.040103
0.039808
0.039513
0.039220
0.038928
0.038636
0.038346
0.038057
0.037768
0.037481
0.037195
0.036909
0.036625
0.036342
0.036059
0.035778
0.035497
0.035218
0.034939
0.034662
0.034385
0.034109
0.033834
0.033561
0.033288
0.033016
0.032745
0.032475
0.032206
0.031937
0.031670
0.031404
0.031138
0.030874
0.030610
0.030347
0.030085
0.029825
0.029565
0.029305
0.029047
0.028790
0.028533
0.028278
0.028023
0.027769
0.027516
0.027264
0.027013
0.026762
0.026513
0.026264
0.026016
0.025769
0.025523
0.025278
0.025034
0.024790
0.024547
0.024305
0.024064
0.023824
0.023585
0.023346
0.023108
0.022871
0.022635
0.022400
0.022165
0.021932
0.021699
0.021467
0.021235
0.021005
0.020775
0.020546
0.020318
0.020091
0.019864
0.019638
0.019413
0.019189
0.018966
0.018743
0.018521
0.018300
0.018080
0.017860
0.017641
0.017423
0.017206
0.016989
0.016773
0.016558
0.016344
0.016130
0.015917
0.015705
0.015493
0.015283
0.015073
0.014863
0.014655
0.014447
0.014240
0.014033
0.013828
0.013623
0.013418
0.013215
0.013012
0.012810
0.012608
0.012408
0.012208
0.012008
0.011809
0.011611
0.011414
0.011217
0.011021
0.010826
0.010632
0.010438
0.010244
0.010052
0.009860
0.009668
0.009478
0.009288
0.009099
0.008910
0.008722
0.008535
0.008348
0.008162
0.007976
0.007792
0.007607
0.007424
0.007241
0.007059
0.006877
0.006696
0.006516
0.006336
0.006157
0.005979
0.005801
0.005623
0.005447
0.005271
0.005095
0.004921
0.004746
0.004573
0.004400
0.004227
0.004055
0.003884
0.003714
0.003544
0.003374
0.003205
0.003037
0.002869
0.002702
0.002536
0.002370
0.002204
0.002040
0.001875
0.001712
0.001549
0.001386
0.001224
0.001063
0.000902
0.000741
0.000582
0.000422
0.000264
0.000106
-0.000052
-0.000209
-0.000365
-0.000521
-0.000677
-0.000831
-0.000986
-0.001139
-0.001293
-0.001445
-0.001597
-0.001749
-0.001900
-0.002051
-0.002201
-0.002350
-0.002499
-0.002648
-0.002796
-0.002943
-0.003090
-0.003237
-0.003383
-0.003528
-0.003673
-0.003818
-0.003962
-0.004105
-0.004248
-0.004390
-0.004532
-0.004674
-0.004815
-0.004955
-0.005095
-0.005235
-0.005374
-0.005512
-0.005650
-0.005788
-0.005925
-0.006062
-0.006198
-0.006334
-0.006469
-0.006604
-0.006738
-0.006872
-0.007005
-0.007138
-0.007270
-0.007402
-0.007534
-0.007665
-0.007795
-0.007926
-0.008055
-0.008184
-0.008313
-0.008442
-0.008569
-0.008697
-0.008824
-0.008950
-0.009077
-0.009202
-0.009328
-0.009452
-0.009577
-0.009701
-0.009824
-0.009947
-0.010070
-0.010192
-0.010314
-0.010435
-0.010556
-0.010677
-0.010797
-0.010917
-0.011036
-0.011155
-0.011273
-0.011391
-0.011509
-0.011626
-0.011743
-0.011860
-0.011976
-0.012091
-0.012206
-0.012321
-0.012436
-0.012550
-0.012663
-0.012777
-0.012889
-0.013002
-0.013114
-0.013226
-0.013337
-0.013448
-0.013558
-0.013668
-0.013778
-0.013888
-0.013996
-0.014105
-0.014213
-0.014321
-0.014429
-0.014536
-0.014642
-0.014749
-0.014855
-0.014960
-0.015066
-0.015171
-0.015275
-0.015379
-0.015483
-0.015587
-0.015690
-0.015792
-0.015895
-0.015997
-0.016098
-0.016200
-0.016301
-0.016401
-0.016501
-0.016601
-0.016701
-0.016800
-0.016899
-0.016998
-0.017096
-0.017194
-0.017291
-0.017388
-0.017485
-0.017582
-0.017678
-0.017773
-0.017869
-0.017964
-0.018059
-0.018153
-0.018248
-0.018341
-0.018435
-0.018528
-0.018621
-0.018714
-0.018806
-0.018898
-0.018989
-0.019081
-0.019172
-0.019262
-0.019352
-0.019442
-0.019532
-0.019622
-0.019711
-0.019799
-0.019888
-0.019976
-0.020064
-0.020151
-0.020239
-0.020326
-0.020412
-0.020499
-0.020585
-0.020670
-0.020756
-0.020841
-0.020926
-0.021010
-0.021095
-0.021179
-0.021262
-0.021346
-0.021429
-0.021512
-0.021594
-0.021676
-0.021758
-0.021840
-0.021921
-0.022002
-0.022083
-0.022164
-0.022244
-0.022324
-0.022404
-0.022483
-0.022562
-0.022641
-0.022720
-0.022798
-0.022876
-0.022954
-0.023032
-0.023109
-0.023186
-0.023263
-0.023339
-0.023415
-0.023491
-0.023567
-0.023642
-0.023717
-0.023792
-0.023867
-0.023941
-0.024015
-0.024089
-0.024163
-0.024236
-0.024309
-0.024382
-0.024455
-0.024527
-0.024599
-0.024671
-0.024743
-0.024814
-0.024885
-0.024956
-0.025027
-0.025097
-0.025167
-0.025237
-0.025307
-0.025376
-0.025445
-0.025514
-0.025583
-0.025651
-0.025720
-0.025787
-0.025855
-0.025923
-0.025990
-0.026057
-0.026124
-0.026190
-0.026257
-0.026323
-0.026389
-0.026455
-0.026520
-0.026585
-0.026650
-0.026715
-0.026780
-0.026844
-0.026908
-0.026972
-0.027036
-0.027099
-0.027162
-0.027225
-0.027288
-0.027351
-0.027413
-0.027475
-0.027537
-0.027599
-0.027660
-0.027722
-0.027783
-0.027844
-0.027904
-0.027965
-0.028025
-0.028085
-0.028145
-0.028204
-0.028264
-0.028323
-0.028382
-0.028441
-0.028500
-0.028558
-0.028616
-0.028674
-0.028732
-0.028790
-0.028847
-0.028904
-0.028961
-0.029018
-0.029075
-0.029131
-0.029187
-0.029244
-0.029299
-0.029355
-0.029411
-0.029466
-0.029521
-0.029576
-0.029631
-0.029685
-0.029740

