0.000000
0.000000
-0.000006
-0.000014
-0.000023
-0.000034
-0.000045
-0.000058
-0.000070
-0.000084
-0.000097
-0.000111
-0.000125
-0.000140
-0.000155
-0.000170
-0.000185
-0.000201
-0.000217
-0.000233
-0.000249
-0.000266
-0.000282
-0.000299
-0.000316
-0.000333
-0.000351
-0.000368
-0.000386
-0.000404
-0.000422
-0.000440
-0.000459
-0.000477
-0.000496
-0.000515
-0.000534
-0.000553
-0.000572
-0.000591
-0.000611
-0.000631
-0.000651
-0.000670
-0.000691
-0.000711
-0.000731
-0.000751
-0.000772
-0.000793
-0.000813
-0.000834
-0.000855
-0.000876
-0.000898
-0.000919
-0.000940
-0.000962
-0.000984
-0.001005
-0.001027
-0.001049
-0.001071
-0.001093
-0.001115
-0.001138
-0.001160
-0.001183
-0.001205
-0.001228
-0.001251
-0.001273
-0.001296
-0.001319
-0.001342
-0.001366
-0.001389
-0.001412
-0.001435
-0.001459
-0.001482
-0.001506
-0.001530
-0.001553
-0.001577
-0.001601
-0.001625
-0.001649
-0.001673
-0.001697
-0.001722
-0.001746
-0.001770
-0.001795
-0.001819
-0.001844
-0.001868
-0.001893
-0.001918
-0.001942
-0.001967
-0.001992
-0.002017
-0.002042
-0.002067
-0.002092
-0.002118
-0.002143
-0.002168
-0.002193
-0.002219
-0.002244
-0.002270
-0.002295
-0.002321
-0.002346
-0.002372
-0.002398
-0.002424
-0.002449
-0.002475
-0.002501
-0.002527
-0.002553
-0.002579
-0.002605
-0.002631
-0.002658
-0.002684
-0.002710
-0.002736
-0.002763
-0.002789
-0.002815
-0.002842
-0.002868
-0.002895
-0.002921
-0.002948
-0.002975
-0.003001
-0.003028
-0.003055
-0.003082
-0.003108
-0.003135
-0.003162
-0.003189
-0.003216
-0.003243
-0.003270
-0.003297
-0.003324
-0.003351
-0.003379
-0.003406
-0.003433
-0.003460
-0.003487
-0.003515
-0.003542
-0.003569
-0.003597
-0.003624
-0.003652
-0.003679
-0.003707
-0.003734
-0.003762
-0.003789
-0.003817
-0.003845
-0.003872
-0.003900
-0.003928
-0.003955
-0.003983
-0.004011
-0.004039
-0.004067
-0.004094
-0.004122
-0.004150
-0.004178
-0.004206
-0.004234
-0.004262
-0.004290
-0.004318
-0.004346
-0.004374
-0.004402
-0.004430
-0.004459
-0.004487
-0.004515
-0.004543
-0.004571
-0.004599
-0.004628
-0.004656
-0.004684
-0.004713
-0.004741
-0.004769
-0.004798
-0.004826
-0.004854
-0.004883
-0.004911
-0.004940
-0.004968
-0.004997
-0.005025
-0.005054
-0.005082
-0.005111
-0.005139
-0.005168
-0.005197
-0.005225
-0.005254
-0.005282
-0.005311
-0.005340
-0.005368
-0.005397
-0.005426
-0.005455
-0.005483
-0.005512
-0.005541
-0.005570
-0.005598
-0.005627
-0.005656
-0.005685
-0.005714
-0.005743
-0.005771
-0.005800
-0.005829
-0.005858
-0.005887
-0.005916
-0.005945
-0.005974
-0.006003
-0.006032
-0.006061
-0.006090
-0.006119
-0.006148
-0.006177
-0.006206
-0.006235
-0.006264
-0.006293
-0.006322
-0.006351
-0.006380
-0.006409
-0.006438
-0.006467
-0.006496
-0.006525
-0.006555
-0.006584
-0.006613
-0.006642
-0.006671
-0.006700
-0.006729
-0.006759
-0.006788
-0.006817
-0.006846
-0.006875
-0.006905
-0.006934
-0.006963
-0.006992
-0.007022
-0.007051
-0.007080
-0.007109
-0.007139
-0.007168
-0.007197
-0.007226
-0.007256
-0.007285
-0.007314
-0.007344
-0.007373
-0.007402
-0.007432
-0.007461
-0.007490
-0.007520
-0.007549
-0.007578
-0.007608
-0.007637
-0.007666
-0.007696
-0.007725
-0.007754
-0.007784
-0.007813
-0.007842
-0.007872
-0.007901
-0.007931
-0.007960
-0.007989
-0.008019
-0.008048
-0.008078
-0.008107
-0.008136
-0.008166
-0.008195
-0.008225
-0.008254
-0.008283
-0.008313
-0.008342
-0.008372
-0.008401
-0.008431
-0.008460
-0.008489
-0.008519
-0.008548
-0.008578
-0.008607
-0.008637
-0.008666
-0.008695
-0.008725
-0.008754
-0.008784
-0.008813
-0.008843
-0.008872
-0.008902
-0.008931
-0.008960
-0.008990
-0.009019
-0.009049
-0.009078
-0.009108
-0.009137
-0.009167
-0.009196
-0.009225
-0.009255
-0.009284
-0.009314
-0.009343
-0.009373
-0.009402
-0.009432
-0.009461
-0.009490
-0.009520
-0.009549
-0.009579
-0.009608
-0.009638
-0.009667
-0.009696
-0.009726
-0.009755
-0.009785
-0.009814
-0.009844
-0.009873
-0.009902
-0.009932
-0.009961
-0.009991
-0.010020
-0.010050
-0.010079
-0.010108
-0.010138
-0.010167
-0.010197
-0.010226
-0.010255
-0.010285
-0.010314
-0.010344
-0.010373
-0.010402
-0.010432
-0.010461
-0.010490
-0.010520
-0.010549
-0.010579
-0.010608
-0.010637
-0.010667
-0.010696
-0.010725
-0.010755
-0.010784
-0.010813
-0.010843
-0.010872
-0.010901
-0.010931
-0.010960
-0.010989
-0.011019
-0.011048
-0.011077
-0.011107
-0.011136
-0.011165
-0.011195
-0.011224
-0.011253
-0.011282
-0.011312
-0.011341
-0.011370
-0.011400
-0.011429
-0.011458
-0.011487
-0.011517
-0.011546
-0.011575
-0.011604
-0.011634
-0.011663
-0.011692
-0.011721
-0.011750
-0.011780
-0.011809
-0.011838
-0.011867
-0.011896
-0.011926
-0.011955
-0.011984
-0.012013
-0.012042
-0.012071
-0.012101
-0.012130
-0.012159
-0.012188
-0.012217
-0.012246
-0.012275
-0.012304
-0.012334
-0.012363
-0.012392
-0.012421
-0.012450
-0.012479
-0.012508
-0.012537
-0.012566
-0.012595
-0.012624
-0.012653
-0.012682
-0.012711
-0.012740
-0.012769
-0.012798
-0.012827
-0.012856
-0.012885
-0.012914
-0.012943
-0.012972
-0.013001
-0.013030
-0.013059
-0.013088
-0.013117
-0.013146
-0.013175
-0.013204
-0.013233
-0.013262
-0.013291
-0.013320
-0.013348
-0.013377
-0.013406
-0.013435
-0.013464
-0.013493
-0.013522
-0.013551
-0.013579
-0.013608
-0.013637
-0.013666
-0.013695
-0.013723
-0.013752
-0.013781
-0.013810
-0.013839
-0.013867
-0.013896
-0.013925
-0.013954
-0.013982
-0.014011
-0.014040
-0.014068
-0.014097
-0.014126
-0.014155
-0.014183
-0.014212
-0.014241
-0.014269
-0.014298
-0.014326
-0.014355
-0.014384
-0.014412
-0.014441
-0.014470
-0.014498
-0.014527
-0.014555
-0.014584
-0.014612
-0.014641
-0.014670
-0.014698
-0.014727
-0.014755
-0.014784
-0.014812
-0.014841
-0.014869
-0.014898
-0.014926
-0.014955
-0.014983
-0.015011
-0.015040
-0.015068
-0.015097
-0.015125
-0.015154
-0.015182
-0.015210
-0.015239
-0.015267
-0.015295
-0.015324
-0.015352
-0.015380
-0.015409
-0.015437
-0.015465
-0.015494
-0.015522
-0.015550
-0.015579
-0.015607
-0.015635
-0.015663
-0.015692
-0.015720
-0.015748
-0.015776
-0.015804
-0.015833
-0.015861
-0.015889
-0.015917
-0.015945
-0.015974
-0.016002
-0.016030
-0.016058
-0.016086
-0.016114
-0.016142
-0.016170
-0.016198
-0.016226
-0.016255
-0.016283
-0.016311
-0.016339
-0.016367
-0.016395
-0.016423
-0.016451
-0.016479
-0.016507
-0.016535
-0.016563
-0.016590
-0.016618
-0.016646
-0.016674
-0.016702
-0.016730
-0.016758
-0.016786
-0.016814
-0.016842
-0.016869
-0.016897
-0.016925
-0.016953
-0.016981
-0.017009
-0.017036
-0.017064
-0.017092
-0.017120
-0.017147
-0.017175
-0.017203
-0.017231
-0.017258
-0.017286
-0.017314
-0.017341
-0.017369
-0.017397
-0.017424
-0.017452
-0.017480
-0.017507
-0.017535
-0.017563
-0.017590
-0.017618
-0.017645
-0.017673
-0.017700
-0.017728
-0.017756
-0.017783
-0.017811
-0.017838
-0.017866
-0.017893
-0.017921
-0.017948
-0.017975
-0.018003
-0.018030
-0.018058
-0.018085
-0.018113
-0.018140
-0.018167
-0.018195
-0.018222
-0.018249
-0.018277
-0.018304
-0.018331
-0.018359
-0.018386
-0.018413
-0.018441
-0.018468
-0.018495
-0.018522
-0.018550
-0.018577
-0.018604
-0.018631
-0.018658
-0.018686
-0.018713
-0.018740
-0.018767
-0.018794
-0.018821
-0.018849
-0.018876
-0.018903
-0.018930
-0.018957
-0.018984
-0.019011
-0.019038
-0.019065
-0.019092
-0.019119
-0.019146
-0.019173
-0.019200
-0.019227
-0.019254
-0.019281
-0.019308
-0.019335
-0.019362
-0.019389
-0.019416
-0.019443
-0.019469
-0.019496
-0.019523
-0.019550
-0.019577
-0.019604
-0.019631
-0.019657
-0.019684
-0.019711
-0.019738
-0.019764
-0.019791
-0.019818
-0.019845
-0.019871
-0.019898
-0.019925
-0.019951
-0.019978
-0.020005
-0.020031
-0.020058
-0.020085
-0.020111
-0.020138
-0.020165
-0.020191
-0.020218
-0.020244
-0.020271
-0.020297
-0.020324
-0.020350
-0.020377
-0.020403
-0.020430
-0.020456
-0.020483
-0.020509
-0.020536
-0.020562
-0.020589
-0.020615
-0.020641
-0.020668
-0.020694
-0.020721
-0.020747
-0.020773
-0.020800
-0.020826
-0.020852
-0.020879
-0.020905
-0.020931
-0.020957
-0.020984
-0.021010
-0.021036
-0.021062
-0.021089
-0.021115
-0.021141
-0.021167
-0.021193
-0.021219
-0.021246
-0.021272
-0.021298
-0.021324
-0.021350
-0.021376
-0.021402
-0.021428
-0.021454
-0.021480
-0.021506
-0.021532
-0.021558
-0.021584
-0.021610
-0.021636
-0.021662
-0.021688
-0.021714
-0.021740
-0.021766
-0.021792
-0.021818
-0.021844
-0.021870
-0.021895
-0.021921
-0.021947
-0.021973
-0.021999
-0.022025
-0.022050
-0.022076
-0.022102
-0.022128
-0.022153
-0.022179
-0.022205
-0.022231
-0.022256
-0.022282
-0.022308
-0.022333
-0.022359
-0.022385
-0.022410
-0.022436
-0.022462
-0.022487
-0.022513
-0.022538
-0.022564
-0.022589
-0.022615
-0.022641
-0.022666
-0.022692
-0.022717
-0.022743
-0.022768
-0.022794
-0.022819
-0.022844
-0.022870
-0.022895
-0.022921
-0.022946
-0.022971
-0.022997
-0.023022
-0.023048
-0.023073
-0.023098
-0.023124
-0.023149
-0.023174
-0.023199
-0.023225
-0.023250
-0.023275
-0.023300
-0.023326
-0.023351
-0.023376
-0.023401
-0.023426
-0.023452
-0.023477
-0.023502
-0.023527
-0.023552
-0.023577
-0.023602
-0.023627
-0.023653
-0.023678
-0.023703
-0.023728
-0.023753
-0.023778
-0.023803
-0.023828
-0.023853
-0.023878
-0.023903
-0.023928
-0.023953
-0.023977
-0.024002
-0.024027
-0.024052
-0.024077
-0.024102
-0.024127
-0.024152
-0.024176
-0.024201
-0.024226
-0.024251
-0.024276
-0.024300
-0.024325
-0.024350
-0.024375
-0.024399
-0.024424
-0.024449
-0.024474
-0.024498
-0.024523
-0.024548
-0.024572
-0.024597
-0.024622
-0.024646
-0.024671
-0.024695
-0.024720
-0.024745
-0.024769
-0.024794
-0.024818
-0.024843
-0.024867
-0.024892
-0.024916
-0.024941
-0.024965
-0.024990
-0.025014
-0.025038
-0.025063
-0.025087
-0.025112
-0.025136
-0.025160
-0.025185
-0.025209
-0.025233
-0.025258
-0.025282
-0.025306
-0.025331
-0.025355
-0.025379
-0.025404
-0.025428
-0.025452
-0.025476
-0.025500
-0.025525
-0.025549
-0.025573
-0.025597
-0.025621
-0.025645
-0.025670
-0.025694
-0.025718
-0.025742
-0.025766
-0.025790
-0.025814
-0.025838
-0.025862
-0.025886
-0.025910
-0.025934
-0.025958
-0.025982
-0.026006
-0.026030
-0.026054
-0.026078
-0.026102
-0.026126
-0.026150
-0.026174
-0.026198
-0.026221
-0.026245
-0.026269
-0.026293
-0.026317
-0.026341
-0.026364
-0.026388
-0.026412
-0.026436
-0.026460
-0.026483
-0.026507
-0.026531
-0.026554
-0.026578
-0.026602
-0.026625
-0.026649
-0.026673
-0.026696
-0.026720
-0.026744
-0.026767
-0.026791
-0.026814
-0.026838
-0.026862
-0.026885
-0.026909
-0.026932
-0.026956
-0.026979
-0.027003
-0.027026
-0.027050
-0.027073
-0.027096
-0.027120
-0.027143
-0.027167
-0.027190
-0.027214
-0.027237
-0.027260
-0.027284
-0.027307
-0.027330
-0.027354
-0.027377
-0.027400
-0.027423
-0.027447
-0.027470
-0.027493
-0.027516
-0.027540
-0.027563
-0.027586
-0.027609
-0.027632
-0.027656
-0.027679
-0.027702
-0.027725
-0.027748
-0.027771
-0.027794
-0.027818
-0.027841
-0.027864
-0.027887
-0.027910
-0.027933
-0.027956
-0.027979
-0.028002
-0.028025
-0.028048
-0.028071
-0.028094
-0.028117
-0.028140
-0.028162
-0.028185
-0.028208
-0.028231
-0.028254
-0.028277
-0.028300
-0.028323
-0.028345
-0.028368
-0.028391
-0.028414
-0.028437
-0.028459
-0.028482
-0.028505
-0.028528
-0.028550
-0.028573
-0.028596
-0.028618
-0.028641
-0.028664
-0.028686
-0.028709
-0.028732
-0.028754
-0.028777
-0.028799
-0.028822
-0.028845
-0.028867
-0.028890
-0.028912
-0.028935
-0.028957
-0.028980
-0.029002
-0.029025
-0.029047
-0.029070
-0.029092
-0.029115
-0.029137
-0.029160
-0.029182
-0.029204
-0.029227
-0.029249
-0.029271
-0.029294
-0.029316
-0.029338
-0.029361
-0.029383
-0.029405
-0.029428
-0.029450
-0.029472
-0.029494
-0.029517
-0.029539
-0.029561
-0.029583
-0.029606
-0.029628
-0.029650
-0.029672
-0.029694
-0.029716
-0.029738
-0.029761
-0.029783
-0.029805
-0.029827
-0.029849
-0.029871
-0.029893
-0.029915
-0.029937
-0.029959
-0.029981
-0.030003
-0.030025
-0.030047
-0.030069
-0.030091
-0.030113
-0.030135
-0.030157
-0.030179
-0.030200
-0.030222
-0.030244
-0.030266
-0.030288
-0.030310
-0.030332
-0.030353
-0.030375
-0.030397
-0.030419
-0.030441
-0.030462
-0.030484
-0.030506
-0.030528
-0.030549
-0.030571
-0.030593
-0.030614
-0.030636
-0.030658
-0.030679
-0.030701
-0.030723
-0.030744
-0.030766
-0.030787
-0.030809
-0.030830
-0.030852
-0.030874
-0.030895
-0.030917
-0.030938
-0.030960
-0.030981
-0.031003
-0.031024
-0.031046
-0.031067
-0.031088
-0.031110
-0.031131
-0.031153
-0.031174
-0.031195
-0.031217
-0.031238
-0.031260
-0.031281
-0.031302
-0.031324
-0.031345
-0.031366
-0.031387
-0.031409
-0.031430
-0.031451
-0.031472
-0.031494
-0.031515
-0.031536
-0.031557
-0.031578
-0.031600
-0.031621
-0.031642
-0.031663
-0.031684
-0.031705
-0.031726
-0.031748
-0.031769
-0.031790
-0.031811
-0.031832
-0.031853
-0.031874
-0.031895
-0.031916
-0.031937
-0.031958
-0.031979
-0.032000
-0.032021
-0.032042
-0.032063
-0.032084
-0.032104
-0.032125
-0.032146
-0.032167
-0.032188
-0.032209
-0.032230
-0.032251
-0.032271
-0.032292
-0.032313
-0.032334
-0.032355
-0.032375
-0.032396
-0.032417
-0.032438
-0.032458
-0.032479
-0.032500
-0.032520
-0.032541
-0.032562
-0.032582
-0.032603
-0.032624
-0.032644
-0.032665
-0.032686
-0.032706
-0.032727
-0.032747
-0.032768
-0.032788
-0.032809
-0.032830
-0.032850
-0.032871
-0.032891
-0.032912
-0.032932
-0.032953
-0.032973
-0.032993
-0.033014
-0.033034
-0.033055
-0.033075
-0.033095
-0.033116
-0.033136
-0.033157
-0.033177
-0.033197
-0.033218
-0.033238
-0.033258
-0.033279
-0.033299
-0.033319
-0.033339
-0.033360
-0.033380
-0.033400
-0.033420
-0.033441
-0.033461
-0.033481
-0.033501
-0.033521
-0.033541
-0.033562
-0.033582
-0.033602
-0.033622
-0.033642
-0.033662
-0.033682
-0.033702
-0.033722
-0.033742
-0.033762
-0.033783
-0.033803
-0.033823
-0.033843
-0.033863
-0.033883
-0.033902
-0.033922
-0.033942
-0.033962
-0.033982
-0.034002
-0.034022
-0.034042
-0.034062
-0.034082
-0.034102
-0.034121
-0.034141
-0.034161
-0.034181
-0.034201
-0.034221
-0.034240
-0.034260
-0.034280
-0.034300
-0.034319
-0.034339
-0.034359
-0.034379
-0.034398
-0.034418
-0.034438
-0.034457
-0.034477
-0.034497
-0.034516
-0.034536
-0.034556
-0.034575
-0.034595
-0.034614
-0.034634
-0.034654
-0.034673
-0.034693
-0.034712
-0.034732
-0.034751
-0.034771
-0.034790
-0.034810
-0.034829
-0.034849
-0.034868
-0.034888
-0.034907
-0.034926
-0.034946
-0.034965
-0.034985
-0.035004
-0.035023
-0.035043
-0.035062
-0.035081
-0.035101
-0.035120
-0.035139
-0.035159
-0.035178
-0.035197
-0.035217
-0.035236
-0.035255
-0.035274
-0.035294
-0.035313
-0.035332
-0.035351
-0.035370
-0.035390
-0.035409
-0.035428
-0.035447
-0.035466
-0.035485
-0.035504
-0.035523
-0.035543
-0.035562
-0.035581
-0.035600
-0.035619
-0.035638
-0.035657
-0.035676
-0.035695
-0.035714
-0.035733
-0.035752
-0.035771
-0.035790
-0.035809
-0.035828
-0.035847
-0.035866
-0.035885
-0.035903
-0.035922
-0.035941
-0.035960
-0.035979
-0.035998
-0.036017
-0.036035
-0.036054
-0.036073
-0.036092
-0.036111
-0.036130
-0.036148
-0.036167
-0.036186
-0.036205
-0.036223
-0.036242
-0.036261
-0.036279
-0.036298
-0.036317
-0.036335
-0.036354
-0.036373
-0.036391
-0.036410
-0.036429
-0.036447
-0.036466
-0.036484
-0.036503
-0.036522
-0.036540
-0.036559
-0.036577
-0.036596
-0.036614
-0.036633
-0.036651
-0.036670
-0.036688
-0.036707
-0.036725
-0.036744
-0.036762
-0.036781
-0.036799
-0.036817
-0.036836
-0.036854
-0.036873
-0.036891
-0.036909
-0.036928
-0.036946
-0.036964
-0.036983
-0.037001
-0.037019
-0.037037
-0.037056
-0.037074
-0.037092
-0.037111
-0.037129
-0.037147
-0.037165
-0.037183
-0.037202
-0.037220
-0.037238
-0.037256
-0.037274
-0.037293
-0.037311
-0.037329
-0.037347
-0.037365
-0.037383
-0.037401
-0.037419
-0.037437
-0.037455
-0.037474
-0.037492
-0.037510
-0.037528
-0.037546
-0.037564
-0.037582
-0.037600
-0.037618
-0.037636
-0.037654
-0.037671
-0.037689
-0.037707
-0.037725
-0.037743
-0.037761
-0.037779
-0.037797
-0.037815
-0.037833
-0.037850
-0.037868
-0.037886
-0.037904
-0.037922
-0.037939
-0.037957
-0.037975
-0.037993
-0.038011
-0.038028
-0.038046
-0.038064
-0.038082
-0.038099
-0.038117
-0.038135
-0.038152
-0.038170
-0.038188
-0.038205
-0.038223
-0.038241
-0.038258
-0.038276
-0.038293
-0.038311
-0.038329
-0.038346
-0.038364
-0.038381
-0.038399
-0.038416
-0.038434
-0.038452
-0.038469
-0.038487
-0.038504
-0.038521
-0.038539
-0.038556
-0.038574
-0.038591
-0.038609
-0.038626
-0.038644
-0.038661
-0.038678
-0.038696
-0.038713
-0.038731
-0.038748
-0.038765
-0.038783
-0.038800
-0.038817
-0.038835
-0.038852
-0.038869
-0.038886
-0.038904
-0.038921
-0.038938
-0.038955
-0.038973
-0.038990
-0.039007
-0.039024
-0.039042
-0.039059
-0.039076
-0.039093
-0.039110
-0.039127
-0.039145
-0.039162
-0.039179
-0.039196
-0.039213
-0.039230
-0.039247
-0.039264
-0.039281
-0.039298
-0.039315
-0.039332
-0.039349
-0.039367
-0.039384
-0.039401
-0.039418
-0.039434
-0.039451
-0.039468
-0.039485
-0.039502
-0.039519
-0.039536
-0.039553
-0.039570
-0.039587
-0.039604
-0.039621
-0.039638
-0.039654
-0.039671
-0.039688
-0.039705
-0.039722
-0.039739
-0.039755
-0.039772
-0.039789
-0.039806
-0.039822
-0.039839
-0.039856
-0.039873
-0.039889
-0.039906
-0.039923
-0.039940
-0.039956
-0.039973
-0.039990
-0.040006
-0.040023
-0.040040
-0.040056
-0.040073
-0.040089
-0.040106
-0.040123
-0.040139
-0.040156
-0.040172
-0.040189
-0.040206
-0.040222
-0.040239
-0.040255
-0.040272
-0.040288
-0.040305
-0.040321
-0.040338
-0.040354
-0.040371
-0.040387
-0.040403
-0.040420
-0.040436
-0.040453
-0.040469
-0.040486
-0.040502
-0.040518
-0.040535
-0.040551
-0.040567
-0.040584
-0.040600
-0.040616
-0.040633
-0.040649
-0.040665
-0.040682
-0.040698
-0.040714
-0.040730
-0.040747
-0.040763
-0.040779
-0.040795
-0.040812
-0.040828
-0.040844
-0.040860
-0.040876
-0.040893
-0.040909
-0.040925
-0.040941
-0.040957
-0.040973
-0.040989
-0.041006
-0.041022
-0.041038
-0.041054
-0.041070
-0.041086
-0.041102
-0.041118
-0.041134
-0.041150
-0.041166
-0.041182
-0.041198
-0.041214
-0.041230
-0.041246
-0.041262
-0.041278
-0.041294
-0.041310
-0.041326
-0.041342
-0.041358
-0.041374
-0.041390
-0.041405
-0.041421
-0.041437
-0.041453
-0.041469
-0.041485
-0.041501
-0.041516
-0.041532
-0.041548
-0.041564
-0.041580
-0.041595
-0.041611
-0.041627
-0.041643
-0.041658
-0.041674
-0.041690
-0.041706
-0.041721
-0.041737
-0.041753
-0.041768
-0.041784
-0.041800
-0.041815
-0.041831
-0.041847
-0.041862
-0.041878
-0.041894
-0.041909
-0.041925
-0.041940
-0.041956
-0.041971
-0.041987
-0.042003
-0.042018
-0.042034
-0.042049
-0.042065
-0.042080
-0.042096
-0.042111
-0.042127
-0.042142
-0.042158
-0.042173
-0.042188
-0.042204
-0.042219
-0.042235
-0.042250
-0.042266
-0.042281
-0.042296
-0.042312
-0.042327
-0.042342
-0.042358
-0.042373
-0.042389
-0.042404
-0.042419
-0.042434
-0.042450
-0.042465
-0.042480
-0.042496
-0.042511
-0.042526
-0.042541
-0.042557
-0.042572
-0.042587
-0.042602
-0.042618
-0.042633
-0.042648
-0.042663
-0.042678
-0.042693
-0.042709
-0.042724
-0.042739
-0.042754
-0.042769
-0.042784
-0.042799
-0.042814
-0.042829
-0.042845
-0.042860
-0.042875
-0.042890
-0.042905
-0.042920
-0.042935
-0.042950
-0.042965
-0.042980
-0.042995
-0.043010
-0.043025
-0.043040
-0.043055
-0.043070
-0.043085
-0.043100
-0.043115
-0.043129
-0.043144
-0.043159
-0.043174
-0.043189
-0.043204
-0.043219
-0.043234
-0.043248
-0.043263
-0.043278
-0.043293
-0.043308
-0.043323
-0.043337
-0.043352
-0.043367
-0.043382
-0.043396
-0.043411
-0.043426
-0.043441
-0.043455
-0.043470
-0.043485
-0.043500
-0.043514
-0.043529
-0.043544
-0.043558
-0.043573
-0.043588
-0.043602
-0.043617
-0.043632
-0.043646
-0.043661
-0.043675
-0.043690
-0.043705
-0.043719
-0.043734
-0.043748
-0.043763
-0.043777
-0.043792
-0.043807
-0.043821
-0.043836
-0.043850
-0.043865
-0.043879
-0.043894
-0.043908
-0.043923
-0.043937
-0.043951
-0.043966
-0.043980
-0.043995
-0.044009
-0.044024
-0.044038
-0.044052
-0.044067
-0.044081
-0.044095
-0.044110
-0.044124
-0.044139
-0.044153
-0.044167
-0.044182
-0.044196
-0.044210
-0.044224
-0.044239
-0.044253
-0.044267
-0.044282
-0.044296
-0.044310
-0.044324
-0.044338
-0.044353
-0.044367
-0.044381
-0.044395
-0.044409
-0.044424
-0.044438
-0.044452
-0.044466
-0.044480
-0.044494
-0.044509
-0.044523
-0.044537
-0.044551
-0.044565
-0.044579
-0.044593
-0.044607
-0.044621
-0.044635
-0.044649
-0.044664
-0.044678
-0.044692
-0.044706
-0.044720
-0.044734
-0.044748
-0.044762
-0.044776
-0.044790
-0.044804
-0.044817
-0.044831
-0.044845
-0.044859
-0.044873
-0.044887
-0.044901
-0.044915
-0.044929
-0.044943
-0.044957
-0.044970
-0.044984
-0.044998
-0.045012
-0.045026
-0.045040
-0.045053
-0.045067
-0.045081
-0.044787
-0.043598
-0.040835
-0.036096
-0.029308
-0.020625
-0.010306
0.001354
0.014067
0.027572
0.041638
0.056063
0.070680
0.085348
0.099953
0.114403
0.128627
0.142568
0.156182
0.169439
0.182316
0.194797
0.206874
0.218542
0.229802
0.240655
0.251108
0.261167
0.270842
0.280140
0.289073
0.297652
0.305888
0.313792
0.321375
0.328649
0.335624
0.342312
0.348722
0.354866
0.360754
0.366394
0.371796
0.376970
0.381923
0.386664
0.391202
0.395543
0.399695
0.403664
0.407459
0.411084
0.414547
0.417853
0.421008
0.424016
0.426885
0.429617
0.432219
0.434694
0.437048
0.439284
0.441406
0.443419
0.445325
0.447130
0.448835
0.450444
0.451961
0.453389
0.454730
0.455988
0.457165
0.458264
0.459287
0.460236
0.461115
0.461926
0.462670
0.463350
0.463968
0.464525
0.465025
0.465468
0.465856
0.466192
0.466476
0.466711
0.466898
0.467038
0.467134
0.467186
0.467195
0.467164
0.467093
0.466984
0.466838
0.466656
0.466439
0.466188
0.466213
0.467101
0.469535
0.473929
0.480369
0.488721
0.498740
0.510141
0.522644
0.535991
0.549951
0.564317
0.578916
0.593599
0.608245
0.622756
0.637054
0.651076
0.664777
0.678119
0.691077
0.703634
0.715778
0.727503
0.738807
0.749692
0.760161
0.770223
0.779884
0.789153
0.798041
0.806559
0.814717
0.822528
0.830001
0.837149
0.843983
0.850513
0.856752
0.862709
0.868394
0.873818
0.878989
0.883919
0.888614
0.893084
0.897337
0.901382
0.905225
0.908874
0.912335
0.915617
0.918724
0.921664
0.924442
0.927063
0.929534
0.931860
0.934045
0.936094
0.938013
0.939804
0.941473
0.943024
0.944461
0.945787
0.947006
0.948122
0.949138
0.950057
0.950882
0.951617
0.952264
0.952826
0.953305
0.953705
0.954028
0.954277
0.954453
0.954558
0.954596
0.954569
0.954477
0.954324
0.954111
0.953840
0.953513
0.953131
0.952696
0.952211
0.951676
0.951092
0.950463
0.949788
0.949069
0.948308
0.947505
0.946663
0.945782
0.944864
0.943909
0.942920
0.941896
0.940839
0.939750
0.938629
0.937479
0.936300
0.935092
0.933857
0.932595
0.931308
0.929996
0.928659
0.927299
0.925917
0.924512
0.923086
0.921640
0.920173
0.918688
0.917183
0.915661
0.914120
0.912563
0.910990
0.909401
0.907796
0.906176
0.904542
0.902894
0.901233
0.899558
0.897871
0.896172
0.894461
0.892739
0.891006
0.889262
0.887508
0.885744
0.883971
0.882188
0.880397
0.878597
0.876789
0.874973
0.873149
0.871318
0.869480
0.867635
0.865784
0.863926
0.862062
0.860193
0.858317
0.856437
0.854551
0.852661
0.850766
0.848866
0.846962
0.845054
0.843142
0.841226
0.839307
0.837384
0.835459
0.833530
0.831598
0.829663
0.827726
0.825787
0.823845
0.821901
0.819955
0.818007
0.816058
0.814106
0.812154
0.810199
0.808244
0.806287
0.804330
0.802371
0.800412
0.798452
0.796491
0.794529
0.792567
0.790605
0.788643
0.786680
0.784717
0.782754
0.780792
0.778829
0.776866
0.774904
0.772942
0.770981
0.769020
0.767060
0.765100
0.763141
0.761182
0.759225
0.757268
0.755312
0.753357
0.751403
0.749451
0.747499
0.745549
0.743599
0.741651
0.739705
0.737759
0.735816
0.733873
0.731932
0.729993
0.728055
0.726119
0.724184
0.722251
0.720320
0.718391
0.716463
0.714537
0.712613
0.710691
0.708771
0.706853
0.704937
0.703022
0.701110
0.699200
0.697292
0.695386
0.693482
0.691581
0.689681
0.687784
0.685889
0.683996
0.682106
0.680217
0.678331
0.676448
0.674567
0.672688
0.670812
0.668938
0.667066
0.665197
0.663330
0.661466
0.659604
0.657745
0.655889
0.654035
0.652183
0.650334
0.648488
0.646644
0.644803
0.642965
0.641129
0.639296
0.637465
0.635637
0.633812
0.631990
0.630170
0.628353
0.626539
0.624728
0.622919
0.621113
0.619310
0.617510
0.615712
0.613917
0.612125
0.610336
0.608550
0.606767
0.604986
0.603208
0.601434
0.599662
0.597893
0.596126
0.594363
0.592603
0.590845
0.589091
0.587339
0.585590
0.583844
0.582102
0.580362
0.578625
0.576891
0.575160
0.573431
0.571706
0.569984
0.568265
0.566549
0.564836
0.563125
0.561418
0.559714
0.558013
0.556314
0.554619
0.552927
0.551238
0.549552
0.547868
0.546188
0.544511
0.542837
0.541166
0.539498
0.537833
0.536171
0.534512
0.532857
0.531204
0.529554
0.527908
0.526264
0.524624
0.522986
0.521352
0.519720
0.518092
0.516467
0.514845
0.513226
0.511610
0.509997
0.508387
0.506781
0.505177
0.503576
0.501979
0.500385
0.498793
0.497205
0.495620
0.494038
0.492459
0.490883
0.489310
0.487741
0.486174
0.484611
0.483050
0.481493
0.479939
0.478387
0.476839
0.475294
0.473753
0.472214
0.470678
0.469145
0.467616
0.466090
0.464566
0.463046
0.461529
0.460015
0.458504
0.456996
0.455491
0.453989
0.452491
0.450995
0.449502
0.448013
0.446527
0.445043
0.443563
0.442086
0.440612
0.439141
0.437673
0.436209
0.434747
0.433288
0.431833
0.430380
0.428931
0.427484
0.426041
0.424601
0.423164
0.421730
0.420298
0.418870
0.417446
0.416024
0.414605
0.413189
0.411776
0.410367
0.408960
0.407556
0.406156
0.404758
0.403364
0.401972
0.400584
0.399199
0.397816
0.396437
0.395061
0.393688
0.392317
0.390950
0.389586
0.388225
0.386867
0.385512
0.384159
0.382810
0.381464
0.380121
0.378781
0.377444
0.376110
0.374779
0.373450
0.372125
0.370803
0.369484
0.368168
0.366855
0.365544
0.364237
0.362933
0.361631
0.360333
0.359038
0.357745
0.356456
0.355169
0.353886
0.352605
0.351327
0.350053
0.348781
0.347512
0.346246
0.344983
0.343723
0.342466
0.341211
0.339960
0.338712
0.337466
0.336224
0.334984
0.333747
0.332513
0.331282
0.330054
0.328829
0.327607
0.326387
0.325171
0.323957
0.322746
0.321538
0.320333
0.319131
0.317932
0.316735
0.315542
0.314351
0.313163
0.311978
0.310795
0.309616
0.308439
0.307266
0.306095
0.304927
0.303761
0.302599
0.301439
0.300282
0.299128
0.297977
0.296829
0.295683
0.294540
0.293400
0.292263
0.291128
0.289996
0.288867
0.287741
0.286618
0.285497
0.284379
0.283264
0.282151
0.281042
0.279935
0.278831
0.277729
0.276630
0.275534
0.274441
0.273351
0.272263
0.271178
0.270095
0.269015
0.267938
0.266864
0.265792
0.264723
0.263657
0.262594
0.261533
0.260474
0.259419
0.258366
0.257316
0.256268
0.255223
0.254181
0.253141
0.252104
0.251070
0.250038
0.249009
0.247982
0.246959
0.245937
0.244919
0.243903
0.242889
0.241878
0.240870
0.239865
0.238861
0.237861
0.236863
0.235868
0.234875
0.233885
0.232897
0.231912
0.230930
0.229950
0.228972
0.227997
0.227025
0.226055
0.225088
0.224123
0.223161
0.222201
0.221244
0.220289
0.219337
0.218387
0.217440
0.216495
0.215553
0.214613
0.213676
0.212741
0.211809
0.210879
0.209952
0.209027
0.208104
0.207184
0.206267
0.205351
0.204439
0.203528
0.202620
0.201715
0.200812
0.199911
0.199013
0.198117
0.197224
0.196333
0.195444
0.194558
0.193674
0.192793
0.191914
0.191037
0.190162
0.189290
0.188421
0.187553
0.186689
0.185826
0.184966
0.184108
0.183252
0.182399
0.181548
0.180699
0.179853
0.179009
0.178167
0.177328
0.176491
0.175656
0.174823
0.173993
0.173165
0.172339
0.171516
0.170695
0.169876
0.169059
0.168245
0.167433
0.166623
0.165815
0.165010
0.164206
0.163405
0.162607
0.161810
0.161016
0.160224
0.159434
0.158646
0.157861
0.157077
0.156296
0.155517
0.154740
0.153966
0.153193
0.152423
0.151655
0.150889
0.150125
0.149364
0.148604
0.147847
0.147092
0.146339
0.145588
0.144839
0.144092
0.143347
0.142605
0.141864
0.141126
0.140390
0.139656
0.138924
0.138194
0.137466
0.136740
0.136016
0.135295
0.134575
0.133858
0.133142
0.132429
0.131717
0.131008
0.130301
0.129595
0.128892
0.128191
0.127492
0.126795
0.126099
0.125406
0.124715
0.124026
0.123339
0.122653
0.121970
0.121289
0.120610
0.119932
0.119257
0.118584
0.117912
0.117243
0.116575
0.115910
0.115246
0.114584
0.113925
0.113267
0.112611
0.111957
0.111305
0.110655
0.110007
0.109360
0.108716
0.108073
0.107433
0.106794
0.106157
0.105522
0.104889
0.104258
0.103628
0.103001
0.102375
0.101751
0.101129
0.100509
0.099891
0.099274
0.098660
0.098047
0.097436
0.096827
0.096220
0.095614
0.095010
0.094408
0.093808
0.093210
0.092614
0.092019
0.091426
0.090835
0.090245
0.089658
0.089072
0.088488
0.087905
0.087325
0.086746
0.086169
0.085594
0.085020
0.084448
0.083878
0.083310
0.082743
0.082178
0.081615
0.081053
0.080493
0.079935
0.079379
0.078824
0.078271
0.077720
0.077170
0.076622
0.076076
0.075531
0.074988
0.074447
0.073907
0.073369
0.072833
0.072298
0.071765
0.071233
0.070704
0.070175
0.069649
0.069124
0.068601
0.068079
0.067559
0.067040
0.066524
0.066008
0.065495
0.064983
0.064472
0.063963
0.063456
0.062950
0.062446
0.061943
0.061442
0.060943
0.060445
0.059949
0.059454
0.058961
0.058469
0.057979
0.057490
0.057003
0.056517
0.056033
0.055551
0.055070
0.054590
0.054112
0.053636
0.053161
0.052687
0.052215
0.051745
0.051276
0.050808
0.050342
0.049878
0.049415
0.048953
0.048493
0.048034
0.047577
0.047121
0.046667
0.046214
0.045763
0.045313
0.044864
0.044417
0.043971
0.043527
0.043084
0.042643
0.042203
0.041764
0.041327
0.040891
0.040457
0.040024
0.039592
0.039162
0.038733
0.038305
0.037879
0.037455
0.037031
0.036609
0.036189
0.035770
0.035352
0.034935
0.034520
0.034106
0.033694
0.033283
0.032873
0.032464
0.032057
0.031651
0.031247
0.030844
0.030442
0.030042
0.029642
0.029244
0.028848
0.028453
0.028059
0.027666
0.027274
0.026884
0.026495
0.026108
0.025722
0.025337
0.024953
0.024570
0.024189
0.023809
0.023431
0.023053
0.022677
0.022302
0.021928
0.021556
0.021185
0.020815
0.020446
0.020079
0.019712
0.019347
0.018983
0.018621
0.018259
0.017899
0.017540
0.017182
0.016826
0.016470
0.016116
0.015763
0.015411
0.015061
0.014711
0.014363
0.014016
0.013670
0.013325
0.012982
0.012639
0.012298
0.011958
0.011619
0.011281
0.010945
0.010609
0.010275
0.009941
0.009609
0.009278
0.008948
0.008620
0.008292
0.007966
0.007640
0.007316
0.006993
0.006671
0.006350
0.006030
0.005712
0.005394
0.005077
0.004762
0.004448
0.004134
0.003822
0.003511
0.003201
0.002892
0.002584
0.002278
0.001972
0.001667
0.001363
0.001061
0.000759
0.000459
0.000160
-0.000139
-0.000436
-0.000732
-0.001028
-0.001322
-0.001615
-0.001907
-0.002198
-0.002488
-0.002778
-0.003066
-0.003353
-0.003639
-0.003924
-0.004208
-0.004491
-0.004773
-0.005054
-0.005334
-0.005613
-0.005891
-0.006168
-0.006444
-0.006719
-0.006993
-0.007266
-0.007538
-0.007810
-0.008080
-0.008349
-0.008617
-0.008885
-0.009151
-0.009417
-0.009681
-0.009944
-0.010207
-0.010469
-0.010729
-0.010989
-0.011248
-0.011506
-0.011763
-0.012019
-0.012274
-0.012528
-0.012781
-0.013033
-0.013285
-0.013535
-0.013785
-0.014033
-0.014281
-0.014528
-0.014774
-0.015019
-0.015263
-0.015506
-0.015749
-0.015990
-0.016231
-0.016470
-0.016709
-0.016947
-0.017184
-0.017420
-0.017656
-0.017890
-0.018123
-0.018356
-0.018588
-0.018819
-0.019049
-0.019278
-0.019507
-0.019734
-0.019961
-0.020187
-0.020412
-0.020636
-0.020859
-0.021082
-0.021303
-0.021524
-0.021744
-0.021963
-0.022181
-0.022399
-0.022616
-0.022831
-0.023046
-0.023261
-0.023474
-0.023687
-0.023898
-0.024109
-0.024320
-0.024529
-0.024737
-0.024945
-0.025152
-0.025358
-0.025564
-0.025768
-0.025972
-0.026175
-0.026377
-0.026579
-0.026780
-0.026979
-0.027179
-0.027377
-0.027575
-0.027771
-0.027967
-0.028163
-0.028357
-0.028551
-0.028744
-0.028936
-0.029128
-0.029319
-0.029509
-0.029698
-0.029886
-0.030074
-0.030261
-0.030447
-0.030633
-0.030818
-0.031002
-0.031185
-0.031368
-0.031550
-0.031731
-0.031912
-0.032091
-0.032270
-0.032449
-0.032626
-0.032803
-0.032979
-0.033155
-0.033329
-0.033504
-0.033677
-0.033850
-0.034021
-0.034193
-0.034363
-0.034533
-0.034702
-0.034871
-0.035039
-0.035206
-0.035372
-0.035538
-0.035703
-0.035867
-0.036031
-0.036194
-0.036356
-0.036518
-0.036679
-0.036840
-0.036999
-0.037158
-0.037317
-0.037474
-0.037631
-0.037788
-0.037944
-0.038099
-0.038253
-0.038407
-0.038560
-0.038713
-0.038864
-0.039016
-0.039166
-0.039316
-0.039465
-0.039614
-0.039762
-0.039910
-0.040056
-0.040203
-0.040348
-0.040493
-0.040637
-0.040781
-0.040924
-0.041066
-0.041208
-0.041350
-0.041490
-0.041630
-0.041769
-0.041908
-0.042046
-0.042184
-0.042321
-0.042457
-0.042593
-0.042728
-0.042863
-0.042997
-0.043130
-0.043263
-0.043395
-0.043527
-0.043658
-0.043788
-0.043918
-0.044048
-0.044176
-0.044304
-0.044432
-0.044559
-0.044686
-0.044811
-0.044937
-0.045061
-0.045186
-0.045309
-0.045432
-0.045555
-0.045677
-0.045798
-0.045919
-0.046039
-0.046159
-0.046278
-0.046397
-0.046515
-0.046632
-0.046749
-0.046866
-0.046981
-0.047097
-0.047212
-0.047326
-0.047440
-0.047553
-0.047666
-0.047778
-0.047889
-0.048000
-0.048111
-0.048221
-0.048331
-0.048440
-0.048548
-0.048656
-0.048763
-0.048870
-0.048977
-0.049083
-0.049188
-0.049293
-0.049397
-0.049501
-0.049605
-0.049708
-0.049810
-0.049912
-0.050013
-0.050114
-0.050214
-0.050314
-0.050414
-0.050513
-0.050611
-0.050709
-0.050806
-0.050903
-0.051000
-0.051096
-0.051191
-0.051286
-0.051381
-0.051475
-0.051569
-0.051662
-0.051755
-0.051847
-0.051938
-0.052030
-0.052120
-0.052211
-0.052301
-0.052390
-0.052479
-0.052568
-0.052656
-0.052743
-0.052830
-0.052917
-0.053003
-0.053089
-0.053174
-0.053259
-0.053343
-0.053427
-0.053511
-0.053594
-0.053677
-0.053759
-0.053841
-0.053922
-0.054003
-0.054083
-0.054163
-0.054243
-0.054322
-0.054401
-0.054479
-0.054557
-0.054635
-0.054712
-0.054788
-0.054865
-0.054940
-0.055016
-0.055091
-0.055165
-0.055239
-0.055313
-0.055386
-0.055459
-0.055532
-0.055604
-0.055676
-0.055747
-0.055818
-0.055888
-0.055958
-0.056028
-0.056097
-0.056166
-0.056235
-0.056303
-0.056371
-0.056438
-0.056505
-0.056571
-0.056638
-0.056703
-0.056769
-0.056834
-0.056899
-0.056963
-0.057027
-0.057090
-0.057153
-0.057216
-0.057278
-0.057341
-0.057402
-0.057463
-0.057524
-0.057585
-0.057645
-0.057705
-0.057764
-0.057824
-0.057882
-0.057941
-0.057999
-0.058056
-0.058114
-0.058171
-0.058227
-0.058284
-0.058339
-0.058395
-0.058450
-0.058505
-0.058560
-0.058614
-0.058668
-0.058721
-0.058774
-0.058827
-0.058880
-0.058932
-0.058984
-0.059035
-0.059087
-0.059137
-0.059188
-0.059238
-0.059288
-0.059338
-0.059387
-0.059436
-0.059484
-0.059533
-0.059581
-0.059628
-0.059675
-0.059722
-0.059769
-0.059816
-0.059862
-0.059907
-0.059953
-0.059998
-0.060043
-0.060087
-0.060132
-0.060176
-0.060219
-0.060263
-0.060306
-0.060348
-0.060391
-0.060433
-0.060475
-0.060517
-0.060558
-0.060599
-0.060640
-0.060680
-0.060720
-0.060760
-0.060800
-0.060839
-0.060878
-0.060917
-0.060955
-0.060993
-0.061031
-0.061069
-0.061106
-0.061143
-0.061180
-0.061217
-0.061253
-0.061289
-0.061325
-0.061360
-0.061396
-0.061431
-0.061465
-0.061500
-0.061534
-0.061568
-0.061602
-0.061635
-0.061668
-0.061701
-0.061734
-0.061766
-0.061799
-0.061830
-0.061862
-0.061894
-0.061925
-0.061956
-0.061987
-0.062017
-0.062047
-0.062077
-0.062107
-0.062137
-0.062166
-0.062195
-0.062224
-0.062252
-0.062281
-0.062309
-0.062337
-0.062365
-0.062392
-0.062419
-0.062446
-0.062473
-0.062500
-0.062526
-0.062552
-0.062578
-0.062604
-0.062629
-0.062655
-0.062680
-0.062705
-0.062729
-0.062754
-0.062778
-0.062802
-0.062826
-0.062849
-0.062873
-0.062896
-0.062919
-0.062942
-0.062964
-0.062987
-0.063009
-0.063031
-0.063053
-0.063075
-0.063096
-0.063117
-0.063138
-0.063159
-0.063180
-0.063200
-0.063221
-0.063241
-0.063261
-0.063280
-0.063300
-0.063319
-0.063339
-0.063358
-0.063377
-0.063395
-0.063414
-0.063432
-0.063450
-0.063468
-0.063486
-0.063504
-0.063521
-0.063538
-0.063555
-0.063572
-0.063589
-0.063606
-0.063622
-0.063639
-0.063655
-0.063671
-0.063687
-0.063702
-0.063718
-0.063733
-0.063748
-0.063763
-0.063778
-0.063793
-0.063808
-0.063822
-0.063836
-0.063850
-0.063864
-0.063878
-0.063892
-0.063905
-0.063919
-0.063932
-0.063945
-0.063958
-0.063971
-0.063984
-0.063996
-0.064009
-0.064021
-0.064033
-0.064045
-0.064057
-0.064069
-0.064080
-0.064092
-0.064103
-0.064114
-0.064125
-0.064136
-0.064147
-0.064158
-0.064168
-0.064179
-0.064189
-0.064199
-0.064209
-0.064219
-0.064229
-0.064239
-0.064248
-0.064258
-0.064267
-0.064276
-0.064285
-0.064294
-0.064303
-0.064312
-0.064321
-0.064329
-0.064338
-0.064346
-0.064354
-0.064362
-0.064370
-0.064378
-0.064386
-0.064394
-0.064401
-0.064409
-0.064416
-0.064423
-0.064430
-0.064437
-0.064444
-0.064451
-0.064458
-0.064465
-0.064471
-0.064478
-0.064484
-0.064490
-0.064497
-0.064503
-0.064509
-0.064514
-0.064520
-0.064526
-0.064532
-0.064537
-0.064543
-0.064548
-0.064553
-0.064558
-0.064563
-0.064568
-0.064573
-0.064578
-0.064583
-0.064588
-0.064592
-0.064597
-0.064601
-0.064605
-0.064610
-0.064614
-0.064618
-0.064622
-0.064626
-0.064630
-0.064634
-0.064637
-0.064641
-0.064645
-0.064648
-0.064651
-0.064655
-0.064658
-0.064661
-0.064664
-0.064668
-0.064670
-0.064673
-0.064676
-0.064679
-0.064682
-0.064684
-0.064687
-0.064690
-0.064692
-0.064694
-0.064697
-0.064699
-0.064701
-0.064703
-0.064705
-0.064707
-0.064709
-0.064711
-0.064713
-0.064715
-0.064717
-0.064718
-0.064720
-0.064721
-0.064723
-0.064724
-0.064726
-0.064727
-0.064728
-0.064730
-0.064731
-0.064732
-0.064733
-0.064734
-0.064735
-0.064736
-0.064737
-0.064737
-0.064738
-0.064739
-0.064740
-0.064740
-0.064741
-0.064741
-0.064742
-0.064742
-0.064743
-0.064743
-0.064743
-0.064743
-0.064744
-0.064744
-0.064744
-0.064744
-0.064744
-0.064744
-0.064744
-0.064744
-0.064744
-0.064743
-0.064743
-0.064743
-0.064743
-0.064742
-0.064742
-0.064741
-0.064741
-0.064741
-0.064740
-0.064739
-0.064739
-0.064738
-0.064738
-0.064737
-0.064736
-0.064735
-0.064734
-0.064734
-0.064733
-0.064732
-0.064731
-0.064730
-0.064729
-0.064728
-0.064727
-0.064726
-0.064725
-0.064723
-0.064722
-0.064721
-0.064720
-0.064719
-0.064717
-0.064716
-0.064715
-0.064713
-0.064712
-0.064710
-0.064709
-0.064707
-0.064706
-0.064704
-0.064703
-0.064701
-0.064700
-0.064698
-0.064696
-0.064695
-0.064693
-0.064691
-0.064689
-0.064688
-0.064686
-0.064684
-0.064682
-0.064680
-0.064678
-0.064676
-0.064675
-0.064673
-0.064671
-0.064669
-0.064667
-0.064665
-0.064663
-0.064660
-0.064658
-0.064656
-0.064654
-0.064652
-0.064650
-0.064648
-0.064646
-0.064643
-0.064641
-0.064639
-0.064637
-0.064634
-0.064632
-0.064630
-0.064627
-0.064625
-0.064623
-0.064620
-0.064618
-0.064616
-0.064613
-0.064611
-0.064609
-0.064606
-0.064604
-0.064601
-0.064599
-0.064596
-0.064594
-0.064591
-0.064589
-0.064586
-0.064584
-0.064581
-0.064579
-0.064576
-0.064573
-0.064571
-0.064568
-0.064566
-0.064563
-0.064560
-0.064558
-0.064555
-0.064552
-0.064550
-0.064547
-0.064544
-0.064542
-0.064539
-0.064536
-0.064534
-0.064531
-0.064528
-0.064525
-0.064523
-0.064520
-0.064517
-0.064514
-0.064512
-0.064509
-0.064506
-0.064503
-0.064500
-0.064498
-0.064495
-0.064492
-0.064489
-0.064486
-0.064484
-0.064481
-0.064478
-0.064475
-0.064472
-0.064469
-0.064467
-0.064464
-0.064461
-0.064458
-0.064455
-0.064452
-0.064449
-0.064447
-0.064444
-0.064441
-0.064438
-0.064435
-0.064432
-0.064429
-0.064426
-0.064424
-0.064421
-0.064418
-0.064415
-0.064412
-0.064409
-0.064406
-0.064403
-0.064400
-0.064398
-0.064395
-0.064392
-0.064389
-0.064386
-0.064383
-0.064380
-0.064377
-0.064374
-0.064371
-0.064369
-0.064366
-0.064363
-0.064360
-0.064357
-0.064354
-0.064351
-0.064348
-0.064345
-0.064343
-0.064340
-0.064337
-0.064334
-0.064331
-0.064328
-0.064325
-0.064322
-0.064319
-0.064317
-0.064314
-0.064311
-0.064308
-0.064305
-0.064302
-0.064299
-0.064297
-0.064294
-0.064291
-0.064288
-0.064285
-0.064282
-0.064279
-0.064277
-0.064274
-0.064271
-0.064268
-0.064265
-0.064262
-0.064260
-0.064257
-0.064254
-0.064251
-0.064248
-0.064246
-0.064243
-0.064240
-0.064237
-0.064234
-0.064232
-0.064229
-0.064226
-0.064223
-0.064221
-0.064218
-0.064215
-0.064212
-0.064210
-0.064207
-0.064204
-0.064201
-0.064199
-0.064196
-0.064193
-0.064191
-0.064188
-0.064185
-0.064182
-0.064180
-0.064177
-0.064174
-0.064172
-0.064169
-0.064166
-0.064164
-0.064161
-0.064158
-0.064156
-0.064153
-0.064150
-0.064148
-0.064145
-0.064143
-0.064140
-0.064137
-0.064135
-0.064132
-0.064130
-0.064127
-0.064125
-0.064122
-0.064119
-0.064117
-0.064114
-0.064112
-0.064109
-0.064107
-0.064104
-0.064102
-0.064099
-0.064097
-0.064094
-0.064092
-0.064089
-0.064087
-0.064084
-0.064082
-0.064079
-0.064077
-0.064074
-0.064072
-0.064070
-0.064067
-0.064065
-0.064062
-0.064060
-0.064058
-0.064055
-0.064053
-0.064050
-0.064048
-0.064046
-0.064043
-0.064041
-0.064039
-0.064036
-0.064034
-0.064032
-0.064029
-0.064027
-0.064025
-0.064023
-0.064020
-0.064018
-0.064016
-0.064014
-0.064011
-0.064009
-0.064007
-0.064005
-0.064002
-0.064000
-0.063998
-0.063996
-0.063994
-0.063991
-0.063989
-0.063987
-0.063985
-0.063983
-0.063981
-0.063979
-0.063976
-0.063974
-0.063972
-0.063970
-0.063968
-0.063966
-0.063964
-0.063962
-0.063960
-0.063958
-0.063956
-0.063954
-0.063952
-0.063949
-0.063947
-0.063945
-0.063943
-0.063941
-0.063939
-0.063938
-0.063936
-0.063934
-0.063932
-0.063930
-0.063928
-0.063926
-0.063924
-0.063922
-0.063920
-0.063918
-0.063916
-0.063914
-0.063913
-0.063911
-0.063909
-0.063907
-0.063905
-0.063903
-0.063901
-0.063900
-0.063898
-0.063896
-0.063894
-0.063892
-0.063891
-0.063889
-0.063887
-0.063885
-0.063884
-0.063882
-0.063880
-0.063878
-0.063877
-0.063875
-0.063873
-0.063872
-0.063870
-0.063868
-0.063867
-0.063865
-0.063863
-0.063862
-0.063860
-0.063858
-0.063857
-0.063855
-0.063854
-0.063852
-0.063850
-0.063849
-0.063847
-0.063846
-0.063844
-0.063843
-0.063841
-0.063840
-0.063838
-0.063837
-0.063835
-0.063834
-0.063832
-0.063831
-0.063829
-0.063828
-0.063826
-0.063825
-0.063823
-0.063822
-0.063820
-0.063819
-0.063818
-0.063816
-0.063815
-0.063813
-0.063812
-0.063811
-0.063809
-0.063808
-0.063807
-0.063805
-0.063804
-0.063803
-0.063801
-0.063800
-0.063799
-0.063797
-0.063796
-0.063795
-0.063794
-0.063792
-0.063791
-0.063790
-0.063789
-0.063787
-0.063786
-0.063785
-0.063784
-0.063782
-0.063781
-0.063780
-0.063779
-0.063778
-0.063777
-0.063775
-0.063774
-0.063773
-0.063772
-0.063771
-0.063770
-0.063769
-0.063768
-0.063766
-0.063765
-0.063764
-0.063763
-0.063762
-0.063761
-0.063760
-0.063759
-0.063758
-0.063757
-0.063756
-0.063755
-0.063754
-0.063753
-0.063752
-0.063751
-0.063750
-0.063749
-0.063748
-0.063747
-0.063746
-0.063745
-0.063744
-0.063743
-0.063743
-0.063742
-0.063741
-0.063740
-0.063739
-0.063738
-0.063737
-0.063736
-0.063735
-0.063735
-0.063734
-0.063733
-0.063732
-0.063731
-0.063731
-0.063730
-0.063729
-0.063728
-0.063727
-0.063727
-0.063726
-0.063725
-0.063724
-0.063724
-0.063723
-0.063722
-0.063721
-0.063721
-0.063720
-0.063719
-0.063719
-0.063718
-0.063717
-0.063716
-0.063716
-0.063715
-0.063714
-0.063714
-0.063713
-0.063713
-0.063712
-0.063711
-0.063711
-0.063710
-0.063709
-0.063709
-0.063708
-0.063708
-0.063707
-0.063707
-0.063706
-0.063705
-0.063705
-0.063704
-0.063704
-0.063703
-0.063703
-0.063702
-0.063702
-0.063701
-0.063701
-0.063700
-0.063700
-0.063699
-0.063699
-0.063698
-0.063698
-0.063698
-0.063697
-0.063697
-0.063696
-0.063696
-0.063695
-0.063695
-0.063695
-0.063694
-0.063694
-0.063693
-0.063693
-0.063693
-0.063692
-0.063692
-0.063692
-0.063691
-0.063691
-0.063691
-0.063690
-0.063690
-0.063690
-0.063689
-0.063689
-0.063689
-0.063688
-0.063688
-0.063688
-0.063688
-0.063687
-0.063687
-0.063687
-0.063687
-0.063686
-0.063686
-0.063686
-0.063686
-0.063685
-0.063685
-0.063685
-0.063685
-0.063685
-0.063684
-0.063684
-0.063684
-0.063684
-0.063684
-0.063684
-0.063683
-0.063683
-0.063683
-0.063683
-0.063683
-0.063683
-0.063683
-0.063683
-0.063682
-0.063682
-0.063682
-0.063682
-0.063682
-0.063682
-0.063682
-0.063682
-0.063682
-0.063682
-0.063682
-0.063682
-0.063682
-0.063682
-0.063682
-0.063682
-0.063682
-0.063682
-0.063682
-0.063682
-0.063682
-0.063682
-0.063682
-0.063682
-0.063682
-0.063682
-0.063682
-0.063682
-0.063682
-0.063682
-0.063682
-0.063682
-0.063682
-0.063682
-0.063682
-0.063682
-0.063682
-0.063682
-0.063683
-0.063683
-0.063683
-0.063683
-0.063683
-0.063683
-0.063683
-0.063683
-0.063684
-0.063684
-0.063684
-0.063684
-0.063684
-0.063684
-0.063685
-0.063685
-0.063685
-0.063685
-0.063685
-0.063686
-0.063686
-0.063686
-0.063686
-0.063686
-0.063687
-0.063687
-0.063687
-0.063687
-0.063688
-0.063688
-0.063688
-0.063688
-0.063689
-0.063689
-0.063689
-0.063689
-0.063690
-0.063690
-0.063690
-0.063691
-0.063691
-0.063691
-0.063691
-0.063692
-0.063692
-0.063692
-0.063693
-0.063693
-0.063693
-0.063694
-0.063694
-0.063694
-0.063695
-0.063695
-0.063696
-0.063696
-0.063696
-0.063697
-0.063697
-0.063697
-0.063698
-0.063698
-0.063699
-0.063699
-0.063699
-0.063700
-0.063700
-0.063701
-0.063701
-0.063702
-0.063702
-0.063702
-0.063703
-0.063703
-0.063704
-0.063704
-0.063705
-0.063705
-0.063706
-0.063706
-0.063707
-0.063707
-0.063708
-0.063708
-0.063709
-0.063709
-0.063710
-0.063710
-0.063711
-0.063711
-0.063712
-0.063712

