0.000000
0.000000
-0.000026
-0.000052
-0.000077
-0.000103
-0.000128
-0.000153
-0.000177
-0.000201
-0.000224
-0.000247
-0.000270
-0.000293
-0.000315
-0.000337
-0.000359
-0.000380
-0.000402
-0.000423
-0.000444
-0.000465
-0.000485
-0.000506
-0.000526
-0.000547
-0.000567
-0.000587
-0.000607
-0.000627
-0.000647
-0.000667
-0.000687
-0.000707
-0.000726
-0.000746
-0.000766
-0.000785
-0.000805
-0.000824
-0.000844
-0.000863
-0.000883
-0.000902
-0.000922
-0.000941
-0.000961
-0.000980
-0.001000
-0.001019
-0.001038
-0.001058
-0.001077
-0.001097
-0.001116
-0.001135
-0.001155
-0.001174
-0.001194
-0.001213
-0.001233
-0.001252
-0.001271
-0.001291
-0.001310
-0.001330
-0.001349
-0.001369
-0.001388
-0.001408
-0.001428
-0.001447
-0.001467
-0.001486
-0.001506
-0.001525
-0.001545
-0.001565
-0.001584
-0.001604
-0.001624
-0.001644
-0.001663
-0.001683
-0.001703
-0.001723
-0.001743
-0.001762
-0.001782
-0.001802
-0.001822
-0.001842
-0.001862
-0.001882
-0.001902
-0.001922
-0.001942
-0.001962
-0.001982
-0.002002
-0.002022
-0.002042
-0.002063
-0.002083
-0.002103
-0.002123
-0.002143
-0.002164
-0.002184
-0.002204
-0.002225
-0.002245
-0.002265
-0.002286
-0.002306
-0.002326
-0.002347
-0.002367
-0.002388
-0.002408
-0.002429
-0.002449
-0.002470
-0.002491
-0.002511
-0.002532
-0.002553
-0.002573
-0.002594
-0.002615
-0.002635
-0.002656
-0.002677
-0.002698
-0.002719
-0.002739
-0.002760
-0.002781
-0.002802
-0.002823
-0.002844
-0.002865
-0.002886
-0.002907
-0.002928
-0.002949
-0.002970
-0.002991
-0.003012
-0.003033
-0.003054
-0.003075
-0.003097
-0.003118
-0.003139
-0.003160
-0.003181
-0.003203
-0.003224
-0.003245
-0.003266
-0.003288
-0.003309
-0.003330
-0.003352
-0.003373
-0.003395
-0.003416
-0.003437
-0.003459
-0.003480
-0.003502
-0.003523
-0.003545
-0.003566
-0.003588
-0.003610
-0.003631
-0.003653
-0.003674
-0.003696
-0.003718
-0.003739
-0.003761
-0.003783
-0.003804
-0.003826
-0.003848
-0.003869
-0.003891
-0.003913
-0.003935
-0.003956
-0.003978
-0.004000
-0.004022
-0.004044
-0.004066
-0.004088
-0.004109
-0.004131
-0.004153
-0.004175
-0.004197
-0.004219
-0.004241
-0.004263
-0.004285
-0.004307
-0.004329
-0.004351
-0.004373
-0.004395
-0.004417
-0.004439
-0.004461
-0.004483
-0.004505
-0.004527
-0.004550
-0.004572
-0.004594
-0.004616
-0.004638
-0.004660
-0.004683
-0.004705
-0.004727
-0.004749
-0.004771
-0.004794
-0.004816
-0.004838
-0.004860
-0.004883
-0.004905
-0.004927
-0.004949
-0.004972
-0.004994
-0.005016
-0.005039
-0.005061
-0.005083
-0.005106
-0.005128
-0.005150
-0.005173
-0.005195
-0.005218
-0.005240
-0.005262
-0.005285
-0.005307
-0.005330
-0.005352
-0.005375
-0.005397
-0.005419
-0.005442
-0.005464
-0.005487
-0.005509
-0.005532
-0.005554
-0.005577
-0.005599
-0.005622
-0.005644
-0.005667
-0.005690
-0.005712
-0.005735
-0.005757
-0.005780
-0.005802
-0.005825
-0.005847
-0.005870
-0.005893
-0.005915
-0.005938
-0.005960
-0.005983
-0.006006
-0.006028
-0.006051
-0.006073
-0.006096
-0.006119
-0.006141
-0.006164
-0.006187
-0.006209
-0.006232
-0.006255
-0.006277
-0.006300
-0.006323
-0.006345
-0.006368
-0.006391
-0.006413
-0.006436
-0.006459
-0.006482
-0.006504
-0.006527
-0.006550
-0.006572
-0.006595
-0.006618
-0.006641
-0.006663
-0.006686
-0.006709
-0.006731
-0.006754
-0.006777
-0.006800
-0.006822
-0.006845
-0.006868
-0.006891
-0.006913
-0.006936
-0.006959
-0.006982
-0.007004
-0.007027
-0.007050
-0.007073
-0.007095
-0.007118
-0.007141
-0.007164
-0.007187
-0.007209
-0.007232
-0.007255
-0.007278
-0.007300
-0.007323
-0.007346
-0.007369
-0.007392
-0.007414
-0.007437
-0.007460
-0.007483
-0.007505
-0.007528
-0.007551
-0.007574
-0.007597
-0.007619
-0.007642
-0.007665
-0.007688
-0.007711
-0.007733
-0.007756
-0.007779
-0.007802
-0.007825
-0.007847
-0.007870
-0.007893
-0.007916
-0.007939
-0.007961
-0.007984
-0.008007
-0.008030
-0.008052
-0.008075
-0.008098
-0.008121
-0.008144
-0.008166
-0.008189
-0.008212
-0.008235
-0.008258
-0.008280
-0.008303
-0.008326
-0.008349
-0.008371
-0.008394
-0.008417
-0.008440
-0.008462
-0.008485
-0.008508
-0.008531
-0.008554
-0.008576
-0.008599
-0.008622
-0.008645
-0.008667
-0.008690
-0.008713
-0.008736
-0.008758
-0.008781
-0.008804
-0.008827
-0.008849
-0.008872
-0.008895
-0.008917
-0.008940
-0.008963
-0.008986
-0.009008
-0.009031
-0.009054
-0.009077
-0.009099
-0.009122
-0.009145
-0.009167
-0.009190
-0.009213
-0.009235
-0.009258
-0.009281
-0.009304
-0.009326
-0.009349
-0.009372
-0.009394
-0.009417
-0.009440
-0.009462
-0.009485
-0.009508
-0.009530
-0.009553
-0.009576
-0.009598
-0.009621
-0.009643
-0.009666
-0.009689
-0.009711
-0.009734
-0.009757
-0.009779
-0.009802
-0.009824
-0.009847
-0.009870
-0.009892
-0.009915
-0.009937
-0.009960
-0.009983
-0.010005
-0.010028
-0.010050
-0.010073
-0.010095
-0.010118
-0.010141
-0.010163
-0.010186
-0.010208
-0.010231
-0.010253
-0.010276
-0.010298
-0.010321
-0.010343
-0.010366
-0.010388
-0.010411
-0.010433
-0.010456
-0.010478
-0.010501
-0.010523
-0.010546
-0.010568
-0.010591
-0.010613
-0.010636
-0.010658
-0.010680
-0.010703
-0.010725
-0.010748
-0.010770
-0.010793
-0.010815
-0.010837
-0.010860
-0.010882
-0.010905
-0.010927
-0.010949
-0.010972
-0.010994
-0.011017
-0.011039
-0.011061
-0.011084
-0.011106
-0.011128
-0.011151
-0.011173
-0.011195
-0.011218
-0.011240
-0.011262
-0.011285
-0.011307
-0.011329
-0.011351
-0.011374
-0.011396
-0.011418
-0.011440
-0.011463
-0.011485
-0.011507
-0.011529
-0.011552
-0.011574
-0.011596
-0.011618
-0.011641
-0.011663
-0.011685
-0.011707
-0.011729
-0.011752
-0.011774
-0.011796
-0.011818
-0.011840
-0.011862
-0.011884
-0.011907
-0.011929
-0.011951
-0.011973
-0.011995
-0.012017
-0.012039
-0.012061
-0.012083
-0.012106
-0.012128
-0.012150
-0.012172
-0.012194
-0.012216
-0.012238
-0.012260
-0.012282
-0.012304
-0.012326
-0.012348
-0.012370
-0.012392
-0.012414
-0.012436
-0.012458
-0.012480
-0.012502
-0.012524
-0.012546
-0.012568
-0.012590
-0.012612
-0.012634
-0.012655
-0.012677
-0.012699
-0.012721
-0.012743
-0.012765
-0.012787
-0.012809
-0.012831
-0.012852
-0.012874
-0.012896
-0.012918
-0.012940
-0.012962
-0.012983
-0.013005
-0.013027
-0.013049
-0.013070
-0.013092
-0.013114
-0.013136
-0.013158
-0.013179
-0.013201
-0.013223
-0.013244
-0.013266
-0.013288
-0.013310
-0.013331
-0.013353
-0.013375
-0.013396
-0.013418
-0.013440
-0.013461
-0.013483
-0.013505
-0.013526
-0.013548
-0.013569
-0.013591
-0.013613
-0.013634
-0.013656
-0.013677
-0.013699
-0.013721
-0.013742
-0.013764
-0.013785
-0.013807
-0.013828
-0.013850
-0.013871
-0.013893
-0.013914
-0.013936
-0.013957
-0.013979
-0.014000
-0.014022
-0.014043
-0.014065
-0.014086
-0.014107
-0.014129
-0.014150
-0.014172
-0.014193
-0.014214
-0.014236
-0.014257
-0.014278
-0.014300
-0.014321
-0.014343
-0.014364
-0.014385
-0.014406
-0.014428
-0.014449
-0.014470
-0.014492
-0.014513
-0.014534
-0.014555
-0.014577
-0.014598
-0.014619
-0.014640
-0.014662
-0.014683
-0.014704
-0.014725
-0.014746
-0.014768
-0.014789
-0.014810
-0.014831
-0.014852
-0.014873
-0.014894
-0.014916
-0.014937
-0.014958
-0.014979
-0.015000
-0.015021
-0.015042
-0.015063
-0.015084
-0.015105
-0.015126
-0.015147
-0.015168
-0.015189
-0.015210
-0.015231
-0.015252
-0.015273
-0.015294
-0.015315
-0.015336
-0.015357
-0.015378
-0.015399
-0.015420
-0.015441
-0.015462
-0.015483
-0.015504
-0.015524
-0.015545
-0.015566
-0.015587
-0.015608
-0.015629
-0.015650
-0.015670
-0.015691
-0.015712
-0.015733
-0.015754
-0.015774
-0.015795
-0.015816
-0.015837
-0.015857
-0.015878
-0.015899
-0.015920
-0.015940
-0.015961
-0.015982
-0.016002
-0.016023
-0.016044
-0.016064
-0.016085
-0.016106
-0.016126
-0.016147
-0.016168
-0.016188
-0.016209
-0.016229
-0.016250
-0.016271
-0.016291
-0.016312
-0.016332
-0.016353
-0.016373
-0.016394
-0.016414
-0.016435
-0.016455
-0.016476
-0.016496
-0.016517
-0.016537
-0.016558
-0.016578
-0.016599
-0.016619
-0.016639
-0.016660
-0.016680
-0.016701
-0.016721
-0.016741
-0.016762
-0.016782
-0.016802
-0.016823
-0.016843
-0.016863
-0.016884
-0.016904
-0.016924
-0.016945
-0.016965
-0.016985
-0.017005
-0.017026
-0.017046
-0.017066
-0.017086
-0.017107
-0.017127
-0.017147
-0.017167
-0.017187
-0.017207
-0.017228
-0.017248
-0.017268
-0.017288
-0.017308
-0.017328
-0.017348
-0.017369
-0.017389
-0.017409
-0.017429
-0.017449
-0.017469
-0.017489
-0.017509
-0.017529
-0.017549
-0.017569
-0.017589
-0.017609
-0.017629
-0.017649
-0.017669
-0.017689
-0.017709
-0.017729
-0.017749
-0.017769
-0.017789
-0.017808
-0.017828
-0.017848
-0.017868
-0.017888
-0.017908
-0.017928
-0.017948
-0.017967
-0.017987
-0.018007
-0.018027
-0.018047
-0.018066
-0.018086
-0.018106
-0.018126
-0.018145
-0.018165
-0.018185
-0.018205
-0.018224
-0.018244
-0.018264
-0.018284
-0.018303
-0.018323
-0.018343
-0.018362
-0.018382
-0.018401
-0.018421
-0.018441
-0.018460
-0.018480
-0.018500
-0.018519
-0.018539
-0.018558
-0.018578
-0.018597
-0.018617
-0.018636
-0.018656
-0.018675
-0.018695
-0.018714
-0.018734
-0.018753
-0.018773
-0.018792
-0.018812
-0.018831
-0.018851
-0.018870
-0.018889
-0.018909
-0.018928
-0.018948
-0.018967
-0.018986
-0.019006
-0.019025
-0.019044
-0.019064
-0.019083
-0.019102
-0.019122
-0.019141
-0.019160
-0.019179
-0.019199
-0.019218
-0.019237
-0.019256
-0.019276
-0.019295
-0.019314
-0.019333
-0.019353
-0.019372
-0.019391
-0.019410
-0.019429
-0.019448
-0.019468
-0.019487
-0.019506
-0.019525
-0.019544
-0.019563
-0.019582
-0.019601
-0.019620
-0.019639
-0.019658
-0.019677
-0.019696
-0.019715
-0.019734
-0.019753
-0.019772
-0.019791
-0.019810
-0.019829
-0.019848
-0.019867
-0.019886
-0.019905
-0.019924
-0.019943
-0.019962
-0.019981
-0.020000
-0.020019
-0.020037
-0.020056
-0.020075
-0.020094
-0.020113
-0.020132
-0.020150
-0.020169
-0.020188
-0.020207
-0.020226
-0.020244
-0.020263
-0.020282
-0.020301
-0.020319
-0.020338
-0.020357
-0.020375
-0.020394
-0.020413
-0.020432
-0.020450
-0.020469
-0.020488
-0.020506
-0.020525
-0.020543
-0.020562
-0.020581
-0.020599
-0.020618
-0.020636
-0.020655
-0.020674
-0.020692
-0.020711
-0.020729
-0.020748
-0.020766
-0.020785
-0.020803
-0.020822
-0.020840
-0.020859
-0.020877
-0.020895
-0.020914
-0.020932
-0.020951
-0.020969
-0.020988
-0.021006
-0.021024
-0.021043
-0.021061
-0.021079
-0.021098
-0.021116
-0.021135
-0.021153
-0.021171
-0.021189
-0.021208
-0.021226
-0.021244
-0.021263
-0.021281
-0.021299
-0.021317
-0.021336
-0.021354
-0.021372
-0.021390
-0.021408
-0.021427
-0.021445
-0.021463
-0.021481
-0.021499
-0.021517
-0.021536
-0.021554
-0.021572
-0.021590
-0.021608
-0.021626
-0.021644
-0.021662
-0.021680
-0.021698
-0.021716
-0.021734
-0.021752
-0.021770
-0.021788
-0.021806
-0.021824
-0.021842
-0.021860
-0.021878
-0.021896
-0.021914
-0.021932
-0.021950
-0.021968
-0.021986
-0.022004
-0.022022
-0.022040
-0.022058
-0.022075
-0.022093
-0.022111
-0.022129
-0.022147
-0.022165
-0.022182
-0.022200
-0.022218
-0.022236
-0.022254
-0.022271
-0.022289
-0.022307
-0.022325
-0.022342
-0.022360
-0.022378
-0.022395
-0.022413
-0.022431
-0.022448
-0.022466
-0.022484
-0.022501
-0.022519
-0.022537
-0.022554
-0.022572
-0.022590
-0.022607
-0.022625
-0.022642
-0.022660
-0.022677
-0.022695
-0.022713
-0.022730
-0.022748
-0.022765
-0.022783
-0.022800
-0.022818
-0.022835
-0.022853
-0.022870
-0.022887
-0.022905
-0.022922
-0.022940
-0.022957
-0.022975
-0.022992
-0.023009
-0.023027
-0.023044
-0.023062
-0.023079
-0.023096
-0.023114
-0.023131
-0.023148
-0.023166
-0.023183
-0.023200
-0.023217
-0.023235
-0.023252
-0.023269
-0.023286
-0.023304
-0.023321
-0.023338
-0.023355
-0.023373
-0.023390
-0.023407
-0.023424
-0.023441
-0.023458
-0.023476
-0.023493
-0.023510
-0.023527
-0.023544
-0.023561
-0.023578
-0.023595
-0.023613
-0.023630
-0.023647
-0.023664
-0.023681
-0.023698
-0.023715
-0.023732
-0.023749
-0.023766
-0.023783
-0.023800
-0.023817
-0.023834
-0.023851
-0.023868
-0.023885
-0.023902
-0.023919
-0.023935
-0.023952
-0.023969
-0.023986
-0.024003
-0.024020
-0.024037
-0.024054
-0.024070
-0.024087
-0.024104
-0.024121
-0.024138
-0.024155
-0.024171
-0.024188
-0.024205
-0.024222
-0.024238
-0.024255
-0.024272
-0.024289
-0.024305
-0.024322
-0.024339
-0.024356
-0.024372
-0.024389
-0.024406
-0.024422
-0.024439
-0.024456
-0.024472
-0.024489
-0.024505
-0.024522
-0.024539
-0.024555
-0.024572
-0.024588
-0.024605
-0.024622
-0.024638
-0.024655
-0.024671
-0.024688
-0.024704
-0.024721
-0.024737
-0.024754
-0.024770
-0.024787
-0.024803
-0.024820
-0.024836
-0.024852
-0.024869
-0.024885
-0.024902
-0.024918
-0.024935
-0.024951
-0.024967
-0.024984
-0.025000
-0.025016
-0.025033
-0.025049
-0.025065
-0.025082
-0.025098
-0.025114
-0.025131
-0.025147
-0.025163
-0.025179
-0.025196
-0.025212
-0.025228
-0.025244
-0.025261
-0.025277
-0.025293
-0.025309
-0.025326
-0.025342
-0.025358
-0.025374
-0.025390
-0.025406
-0.025423
-0.025439
-0.025455
-0.025471
-0.025487
-0.025503
-0.025519
-0.025535
-0.025551
-0.025567
-0.025583
-0.025600
-0.025616
-0.025632
-0.025648
-0.025664
-0.025680
-0.025696
-0.025712
-0.025728
-0.025744
-0.025760
-0.025775
-0.025791
-0.025807
-0.025823
-0.025839
-0.025855
-0.025871
-0.025887
-0.025903
-0.025919
-0.025935
-0.025950
-0.025966
-0.025982
-0.025998
-0.026014
-0.026030
-0.026045
-0.026061
-0.026077
-0.026093
-0.026109
-0.026124
-0.026140
-0.026156
-0.026172
-0.026187
-0.026203
-0.026219
-0.026235
-0.026250
-0.026266
-0.026282
-0.026297
-0.026313
-0.026329
-0.026344
-0.026360
-0.026376
-0.026391
-0.026407
-0.026422
-0.026438
-0.026454
-0.026469
-0.026485
-0.026500
-0.026516
-0.026532
-0.026547
-0.026563
-0.026578
-0.026594
-0.026609
-0.026625
-0.026640
-0.026656
-0.026671
-0.026687
-0.026702
-0.026718
-0.026733
-0.026748
-0.026764
-0.026779
-0.026795
-0.026810
-0.026825
-0.026841
-0.026856
-0.026872
-0.026887
-0.026902
-0.026918
-0.026933
-0.026948
-0.026964
-0.026979
-0.026994
-0.027010
-0.027025
-0.027040
-0.027055
-0.027071
-0.027086
-0.027101
-0.027116
-0.027132
-0.027147
-0.027162
-0.027177
-0.027193
-0.027208
-0.027223
-0.027238
-0.027253
-0.027268
-0.027284
-0.027299
-0.027314
-0.027329
-0.027344
-0.027359
-0.027374
-0.027389
-0.027405
-0.027420
-0.027435
-0.027450
-0.027465
-0.027480
-0.027495
-0.027510
-0.027525
-0.027540
-0.027555
-0.027570
-0.027585
-0.027600
-0.027615
-0.027630
-0.027645
-0.027660
-0.027675
-0.027690
-0.027705
-0.027720
-0.027734
-0.027749
-0.027764
-0.027779
-0.027794
-0.027809
-0.027824
-0.027839
-0.027853
-0.027868
-0.027883
-0.027898
-0.027913
-0.027928
-0.027942
-0.027957
-0.027972
-0.027987
-0.028001
-0.028016
-0.028031
-0.028046
-0.028060
-0.028075
-0.028090
-0.028105
-0.028119
-0.028134
-0.028149
-0.028163
-0.028178
-0.028193
-0.028207
-0.028222
-0.028237
-0.028251
-0.028266
-0.028281
-0.028295
-0.028310
-0.028324
-0.028339
-0.028353
-0.028368
-0.028383
-0.028397
-0.028412
-0.028426
-0.028441
-0.028455
-0.028470
-0.028484
-0.028499
-0.028513
-0.028528
-0.028542
-0.028557
-0.028571
-0.028586
-0.028600
-0.028614
-0.028629
-0.028643
-0.028658
-0.028672
-0.028687
-0.028701
-0.028715
-0.028730
-0.028744
-0.028758
-0.028773
-0.028787
-0.028801
-0.028816
-0.028830
-0.028844
-0.028859
-0.028873
-0.028887
-0.028902
-0.028916
-0.028930
-0.028944
-0.028959
-0.028973
-0.028987
-0.029001
-0.029015
-0.029030
-0.029044
-0.029058
-0.029072
-0.029086
-0.029101
-0.029115
-0.029129
-0.029143
-0.029157
-0.029171
-0.029185
-0.029200
-0.029214
-0.029228
-0.029242
-0.029256
-0.029270
-0.029284
-0.029298
-0.029312
-0.029326
-0.029340
-0.029354
-0.029368
-0.029382
-0.029396
-0.029410
-0.029424
-0.029438
-0.029452
-0.029466
-0.029480
-0.029494
-0.029508
-0.029522
-0.029536
-0.029550
-0.029564
-0.029578
-0.029592
-0.029606
-0.029620
-0.029633
-0.029647
-0.029661
-0.029675
-0.029689
-0.029703
-0.029717
-0.029730
-0.029744
-0.029758
-0.029772
-0.029786
-0.029799
-0.029813
-0.029827
-0.029841
-0.029854
-0.029868
-0.029882
-0.029896
-0.029909
-0.029923
-0.029937
-0.029951
-0.029964
-0.029978
-0.029992
-0.030005
-0.030019
-0.030033
-0.030046
-0.030060
-0.030074
-0.030087
-0.030101
-0.030114
-0.030128
-0.030142
-0.030155
-0.030169
-0.030182
-0.030196
-0.030209
-0.030223
-0.030237
-0.030250
-0.030264
-0.030277
-0.030291
-0.030304
-0.030318
-0.030331
-0.030345
-0.030358
-0.030372
-0.030385
-0.030399
-0.030412
-0.030425
-0.030439
-0.030452
-0.030466
-0.030479
-0.030493
-0.030506
-0.030519
-0.030533
-0.030546
-0.030559
-0.030573
-0.030586
-0.030600
-0.030613
-0.030626
-0.030640
-0.030653
-0.030666
-0.030679
-0.030693
-0.030706
-0.030719
-0.030733
-0.030746
-0.030759
-0.030772
-0.030786
-0.030799
-0.030812
-0.030825
-0.030839
-0.030852
-0.030865
-0.030878
-0.030891
-0.030905
-0.030918
-0.030931
-0.030944
-0.030957
-0.030970
-0.030983
-0.030997
-0.031010
-0.031023
-0.031036
-0.031049
-0.031062
-0.031075
-0.031088
-0.031101
-0.031114
-0.031127
-0.031140
-0.031154
-0.031167
-0.031180
-0.031193
-0.031206
-0.031219
-0.031232
-0.031245
-0.031258
-0.031271
-0.031284
-0.031296
-0.031309
-0.031322
-0.031335
-0.031348
-0.031361
-0.031374
-0.031387
-0.031400
-0.031413
-0.031426
-0.031439
-0.031451
-0.031464
-0.031477
-0.031490
-0.031503
-0.031516
-0.031529
-0.031541
-0.031554
-0.031567
-0.031580
-0.031593
-0.031605
-0.031618
-0.031631
-0.031644
-0.031656
-0.031669
-0.031682
-0.031695
-0.031707
-0.031720
-0.031733
-0.031746
-0.031758
-0.031771
-0.031784
-0.031796
-0.031809
-0.031822
-0.031834
-0.031847
-0.031860
-0.031872
-0.031885
-0.031898
-0.031910
-0.031923
-0.031935
-0.031948
-0.031961
-0.031973
-0.031986
-0.031998
-0.032011
-0.032023
-0.032036
-0.032049
-0.032061
-0.032074
-0.032086
-0.032099
-0.032111
-0.032124
-0.032136
-0.032149
-0.032161
-0.032174
-0.032186
-0.032199
-0.032211
-0.032223
-0.032236
-0.032248
-0.032261
-0.032273
-0.032286
-0.032298
-0.032310
-0.032323
-0.032335
-0.032347
-0.032360
-0.032372
-0.032385
-0.032397
-0.032409
-0.032422
-0.032434
-0.032446
-0.032459
-0.032471
-0.032483
-0.032495
-0.032508
-0.032520
-0.032532
-0.032545
-0.032557
-0.032569
-0.032581
-0.032594
-0.032606
-0.032618
-0.032630
-0.032642
-0.032655
-0.032667
-0.032679
-0.032691
-0.032703
-0.032716
-0.032728
-0.032740
-0.032752
-0.032764
-0.032776
-0.032788
-0.032800
-0.032813
-0.032825
-0.032837
-0.032849
-0.032861
-0.032873
-0.032885
-0.032897
-0.032909
-0.032921
-0.032933
-0.032945
-0.032957
-0.032969
-0.032981
-0.032993
-0.033005
-0.033017
-0.033029
-0.033041
-0.033053
-0.033065
-0.033077
-0.033089
-0.033101
-0.033113
-0.033125
-0.033137
-0.033149
-0.033161
-0.033173
-0.033185
-0.033197
-0.033209
-0.033220
-0.033232
-0.033244
-0.033256
-0.033268
-0.033280
-0.033292
-0.033303
-0.033315
-0.033327
-0.033339
-0.033351
-0.033362
-0.033374
-0.033386
-0.033398
-0.033410
-0.033421
-0.033433
-0.033445
-0.033457
-0.033468
-0.033480
-0.033492
-0.033504
-0.033515
-0.033527
-0.033539
-0.033550
-0.033562
-0.033574
-0.033585
-0.033597
-0.033609
-0.033620
-0.033632
-0.033644
-0.033655
-0.033667
-0.033679
-0.033690
-0.033702
-0.033713
-0.033725
-0.033737
-0.033748
-0.033760
-0.033771
-0.033783
-0.033795
-0.033806
-0.033818
-0.033829
-0.033841
-0.033852
-0.033864
-0.033875
-0.033887
-0.033898
-0.033910
-0.033921
-0.033933
-0.033944
-0.033956
-0.033967
-0.033979
-0.033990
-0.034001
-0.034013
-0.034024
-0.034036
-0.034047
-0.034059
-0.034070
-0.034081
-0.034093
-0.034104
-0.034116
-0.034127
-0.034138
-0.034150
-0.034161
-0.034172
-0.034184
-0.034195
-0.034206
-0.034218
-0.034229
-0.034240
-0.034252
-0.034263
-0.034274
-0.034285
-0.034297
-0.034308
-0.034319
-0.034330
-0.034342
-0.034353
-0.034364
-0.034375
-0.034387
-0.034398
-0.034409
-0.034420
-0.034431
-0.034443
-0.034454
-0.034465
-0.034476
-0.034487
-0.034498
-0.034510
-0.034521
-0.034532
-0.034543
-0.034554
-0.034565
-0.034576
-0.034588
-0.034599
-0.034610
-0.034621
-0.034632
-0.034643
-0.034654
-0.034665
-0.034676
-0.034687
-0.034698
-0.034709
-0.034720
-0.034731
-0.034742
-0.034753
-0.034764
-0.034775
-0.034786
-0.034797
-0.034808
-0.034819
-0.034830
-0.034841
-0.034852
-0.034863
-0.034874
-0.034885
-0.034896
-0.034907
-0.034918
-0.034929
-0.034940
-0.034950
-0.034961
-0.034972
-0.034983
-0.034994
-0.035005
-0.035016
-0.035027
-0.035037
-0.035048
-0.035059
-0.035070
-0.035081
-0.035092
-0.035102
-0.035113
-0.035124
-0.035135
-0.035146
-0.035156
-0.035167
-0.035178
-0.035189
-0.035199
-0.035210
-0.035221
-0.035232
-0.035242
-0.035253
-0.035264
-0.035275
-0.035285
-0.035296
-0.035307
-0.035317
-0.035328
-0.035339
-0.035349
-0.035360
-0.035371
-0.035381
-0.035392
0.615164
1.535487
2.582001
3.225628
3.680207
4.011506
4.256704
4.438958
4.573423
4.670483
4.732597
4.768401
4.783305
4.781345
4.765656
4.738740
4.702633
4.659000
4.609233
4.554493
4.495758
4.433866
4.369503
4.303264
4.235657
4.167103
4.097961
4.028545
3.959108
3.889868
3.821009
3.752699
3.685053
3.618183
3.552186
3.487128
3.423068
3.360063
3.298143
3.237338
3.177668
3.119159
3.061811
3.005629
2.950613
2.896770
2.844085
2.792551
2.742157
2.692897
2.644752
2.597706
2.551742
2.506849
2.463005
2.420191
2.378389
2.337578
2.297744
2.258864
2.220918
2.183887
2.147750
2.112487
2.078084
2.044517
2.011768
1.979818
1.948648
1.918239
1.888574
1.859637
1.831408
1.803871
1.777008
1.750803
1.725238
1.700298
1.675967
1.652233
1.629078
1.606488
1.584448
1.562944
1.541962
1.521489
1.501511
1.482016
1.462991
1.444424
1.426305
1.408621
1.391359
1.374510
1.358061
1.342003
1.326325
1.311016
1.296068
1.281471
1.917625
2.825572
3.862575
4.511228
4.976755
5.321648
5.581349
5.777911
5.925938
6.035507
6.105479
6.146470
6.164609
6.164391
6.149265
6.121953
6.084651
6.039159
5.986994
5.929383
5.867378
5.801863
5.733621
5.663259
5.591318
5.518286
5.444527
5.370371
5.296128
5.222009
5.148213
5.074940
5.002302
4.930419
4.859416
4.789350
4.720286
4.652303
4.585420
4.519671
4.455100
4.391709
4.329508
4.268504
4.208723
4.150139
4.092750
4.036560
3.981550
3.927708
4.485187
5.310706
6.265505
6.854273
7.263156
7.554325
7.763018
7.911229
8.013371
8.079348
8.110643
8.115956
8.100743
8.069046
8.023996
7.968098
7.903361
7.831441
7.753734
7.671397
7.585396
7.496579
7.405639
7.313154
7.219677
7.125590
7.031287
6.937068
6.843197
6.749895
6.657327
6.565697
6.475086
6.385631
6.297412
6.210500
6.124955
6.040806
5.958109
5.876885
5.797131
5.718899
5.642156
5.566903
5.493174
5.420923
5.350138
5.280844
5.212987
5.146552
5.081550
5.017931
4.955673
4.894771
4.835197
4.776916
4.719904
4.664160
4.609638
4.556314
4.504160
4.453174
4.403312
4.354550
4.306862
4.260235
4.214643
4.170056
4.126451
4.083802
4.042099
4.001317
3.961427
3.922409
3.884240
3.846899
3.810383
3.774656
3.739701
3.705496
3.672023
3.639264
3.607212
3.575841
3.545133
3.515070
3.485636
3.456815
3.428591
3.400955
3.373892
3.347382
3.321412
3.295967
3.271033
3.246597
3.222646
3.199168
3.176159
3.153600
3.760893
4.645991
5.665999
6.321009
6.794776
7.148384
7.416582
7.621141
7.776403
7.892340
7.967215
8.011749
8.032296
8.033508
8.018952
7.991447
7.953272
7.906313
7.852115
7.791978
7.727022
7.658186
7.586241
7.511878
7.435683
7.358122
7.279631
7.200578
7.121238
7.041889
6.962766
6.884017
6.805847
6.728349
6.651646
6.575842
6.500992
6.427169
6.354437
6.282812
6.212337
6.143048
6.074939
6.008032
5.942343
5.877857
5.814569
5.752489
5.691622
5.631929
5.573410
5.516063
5.459857
5.404775
5.350807
5.297946
5.246159
5.195424
5.145728
5.097063
5.049395
5.002703
4.956966
4.912173
4.868312
4.825349
4.783263
4.742034
4.701650
4.662100
4.623353
4.585389
4.548190
4.511736
4.476020
4.441029
4.406733
4.373116
4.340161
4.307851
4.276177
4.245127
4.214679
4.184818
4.155527
4.126793
4.098601
4.070941
4.043805
4.017174
3.991035
3.965376
3.940182
3.915443
3.891146
3.867281
3.843839
3.820815
3.798192
3.775960
3.754107
3.732624
3.711502
3.690731
3.670301
3.650205
3.630437
3.610991
3.591855
3.573021
3.554480
3.536226
3.518250
3.500545
3.483104
3.465921
3.448988
3.432300
3.415853
3.399642
3.383659
3.367898
3.352353
3.337018
3.321887
3.306957
3.292220
3.277673
3.263310
3.249127
3.235120
3.221284
3.207614
3.194110
3.180768
3.167582
3.154548
3.141662
3.128919
3.116318
3.103853
3.091522
3.079321
3.067247
3.055297
3.043468
3.031757
3.020161
3.008678
2.997305
2.986040
2.974881
2.963828
2.952875
2.942021
2.931262
2.920598
2.910024
2.899540
2.889143
2.878831
2.868603
2.858456
2.848388
2.838398
2.828484
2.818645
2.808878
2.799182
2.789557
2.779999
2.770508
2.761084
2.751727
2.742433
2.733201
2.724029
2.714917
2.705863
2.696866
2.687924
2.679037
2.670204
2.661422
2.652692
2.644013
2.635383
2.626801
2.618267
2.609779
2.601338
2.592941
2.584589
2.576280
2.568013
2.559789
2.551605
2.543464
2.535364
2.527304
2.519283
2.511301
2.503356
2.495448
2.487576
2.479740
2.471939
2.464172
2.456440
2.448741
2.441075
2.433442
2.425841
2.418271
2.410732
2.403225
2.395747
2.388299
2.380881
2.373492
2.366131
2.358799
2.351495
2.344218
2.336969
2.329748
2.322553
2.315387
2.308247
2.301133
2.294045
2.286983
2.279945
2.272932
2.265944
2.258980
2.252040
2.245124
2.238231
2.231362
2.224515
2.217691
2.210890
2.204110
2.197354
2.190618
2.183905
2.177213
2.170543
2.163893
2.157265
2.150658
2.144071
2.137504
2.130958
2.124432
2.117926
2.111440
2.104975
2.098531
2.092106
2.085701
2.079315
2.072949
2.066602
2.060273
2.053964
2.047673
2.041400
2.035146
2.028910
2.022693
2.016493
2.010312
2.004148
1.998001
1.991873
1.985762
1.979668
1.973592
1.967533
1.961491
1.955466
1.949458
1.943466
1.937492
1.931534
1.925593
1.919669
1.913760
1.907869
1.901993
1.896134
1.890292
1.884466
1.878658
1.872865
1.867089
1.861328
1.855584
1.849855
1.844142
1.838445
1.832764
1.827098
1.821447
1.815812
1.810192
1.804587
1.798998
1.793424
1.787864
1.782320
1.776791
1.771277
1.765777
1.760293
1.754823
1.749368
1.743927
1.738501
1.733090
1.727693
1.722311
1.716943
1.711589
1.706250
1.700925
1.695614
1.690318
1.685035
1.679767
1.674513
1.669273
1.664049
1.658838
1.653642
1.648460
1.643291
1.638137
1.632996
1.627869
1.622756
1.617657
1.612571
1.607499
1.602440
1.597395
1.592364
1.587345
1.582341
1.577349
1.572371
1.567406
1.562455
1.557516
1.552591
1.547679
1.542780
1.537894
1.533021
1.528161
1.523313
1.518479
1.513658
1.508850
1.504054
1.499271
1.494501
1.489744
1.484999
1.480267
1.475548
1.470841
1.466147
1.461465
1.456796
1.452140
1.447497
1.442866
1.438248
1.433643
1.429050
1.424469
1.419901
1.415345
1.410801
1.406269
1.401750
1.397243
1.392748
1.388265
1.383794
1.379335
1.374888
1.370453
1.366030
1.361619
1.357219
1.352832
1.348456
1.344092
1.339740
1.335399
1.331070
1.326753
1.322448
1.318154
1.313871
1.309600
1.305341
1.301093
1.296857
1.292632
1.288418
1.284216
1.280025
1.275845
1.271677
1.267520
1.263375
1.259240
1.255117
1.251005
1.246904
1.242814
1.238735
1.234667
1.230611
1.226566
1.222532
1.218510
1.214498
1.210498
1.206508
1.202529
1.198561
1.194604
1.190658
1.186723
1.182798
1.178884
1.174981
1.171088
1.167206
1.163335
1.159474
1.155624
1.151784
1.147955
1.144136
1.140328
1.136530
1.132742
1.128965
1.125198
1.121442
1.117696
1.113960
1.110234
1.106519
1.102814
1.099119
1.095434
1.091759
1.088094
1.084440
1.080795
1.077161
1.073536
1.069922
1.066317
1.062722
1.059138
1.055563
1.051998
1.048443
1.044898
1.041362
1.037836
1.034320
1.030814
1.027317
1.023831
1.020353
1.016886
1.013428
1.009980
1.006542
1.003114
0.999695
0.996285
0.992886
0.989495
0.986114
0.982743
0.979381
0.976028
0.972685
0.969351
0.966027
0.962711
0.959405
0.956108
0.952820
0.949542
0.946273
0.943012
0.939761
0.936519
0.933286
0.930062
0.926848
0.923642
0.920445
0.917257
0.914078
0.910908
0.907747
0.904594
0.901451
0.898316
0.895190
0.892073
0.888965
0.885865
0.882775
0.879692
0.876619
0.873554
0.870498
0.867450
0.864411
0.861381
0.858359
0.855346
0.852341
0.849345
0.846357
0.843377
0.840406
0.837444
0.834490
0.831544
0.828606
0.825677
0.822756
0.819844
0.816939
0.814043
0.811155
0.808276
0.805404
0.802541
0.799686
0.796839
0.794000
0.791169
0.788347
0.785533
0.782727
0.779929
0.777139
0.774357
0.771582
0.768816
0.766058
0.763308
0.760565
0.757830
0.755104
0.752385
0.749673
0.746970
0.744274
0.741586
0.738906
0.736233
0.733568
0.730911
0.728262
0.725620
0.722985
0.720358
0.717739
0.715127
0.712523
0.709926
0.707337
0.704755
0.702181
0.699614
0.697054
0.694502
0.691957
0.689420
0.686890
0.684367
0.681852
0.679343
0.676842
0.674349
0.671862
0.669383
0.666911
0.664446
0.661988
0.659537
0.657094
0.654657
0.652228
0.649805
0.647390
0.644982
0.642581
0.640186
0.637799
0.635419
0.633045
0.630679
0.628319
0.625966
0.623620
0.621281
0.618949
0.616624
0.614305
0.611993
0.609688
0.607390
0.605099
0.602814
0.600536
0.598264
0.595999
0.593741
0.591489
0.589244
0.587006
0.584774
0.582549
0.580330
0.578118
0.575913
0.573714
0.571521
0.569336
0.567156
0.564983
0.562817
0.560657
0.558503
0.556356
0.554215
0.552080
0.549952
0.547830
0.545714
0.543604
0.541501
0.539404
0.537313
0.535229
0.533150
0.531078
0.529012
0.526952
0.524898
0.522851
0.520809
0.518774
0.516744
0.514721
0.512703
0.510692
0.508687
0.506687
0.504694
0.502706
0.500725
0.498749
0.496779
0.494816
0.492858
0.490906
0.488959
0.487019
0.485084
0.483156
0.481233
0.479315
0.477404
0.475498
0.473598
0.471704
0.469815
0.467932
0.466055
0.464183
0.462317
0.460457
0.458602
0.456753
0.454909
0.453071
0.451239
0.449412
0.447591
0.445775
0.443964
0.442160
0.440360
0.438566
0.436778
0.434994
0.433217
0.431444
0.429678
0.427916
0.426160
0.424409
0.422663
0.420923
0.419188
0.417459
0.415734
0.414015
0.412301
0.410593
0.408889
0.407191
0.405498
0.403810
0.402128
0.400450
0.398778
0.397111
0.395449
0.393792
0.392140
0.390493
0.388851
0.387214
0.385583
0.383956
0.382334
0.380717
0.379106
0.377499
0.375897
0.374300
0.372709
0.371122
0.369540
0.367962
0.366390
0.364823
0.363260
0.361702
0.360149
0.358601
0.357058
0.355520
0.353986
0.352458
0.350934
0.349414
0.347900
0.346390
0.344885
0.343385
0.341889
0.340398
0.338912
0.337430
0.335953
0.334481
0.333013
0.331550
0.330092
0.328638
0.327188
0.325743
0.324303
0.322867
0.321436
0.320009
0.318587
0.317169
0.315756
0.314347
0.312943
0.311543
0.310147
0.308756
0.307369
0.305987
0.304609
0.303236
0.301866
0.300501
0.299141
0.297785
0.296433
0.295085
0.293742
0.292403
0.291068
0.289738
0.288412
0.287090
0.285772
0.284458
0.283149
0.281844
0.280543
0.279246
0.277953
0.276665
0.275381
0.274101
0.272824
0.271552
0.270285
0.269021
0.267761
0.266506
0.265254
0.264006
0.262763
0.261524
0.260288
0.259057
0.257829
0.256606
0.255386
0.254171
0.252959
0.251752
0.250548
0.249348
0.248153
0.246961
0.245773
0.244589
0.243408
0.242232
0.241059
0.239891
0.238726
0.237565
0.236408
0.235254
0.234105
0.232959
0.231817
0.230679
0.229544
0.228414
0.227287
0.226164
0.225044
0.223928
0.222816
0.221708
0.220603
0.219502
0.218405
0.217311
0.216221
0.215135
0.214052
0.212973
0.211897
0.210825
0.209757
0.208692
0.207631
0.206573
0.205519
0.204469
0.203422
0.202379
0.201339
0.200302
0.199269
0.198240
0.197214
0.196192
0.195173
0.194158
0.193146
0.192137
0.191132
0.190130
0.189132
0.188137
0.187146
0.186158
0.185173
0.184192
0.183214
0.182239
0.181268
0.180300
0.179336
0.178375
0.177417
0.176462
0.175511
0.174563
0.173619
0.172677
0.171739
0.170804
0.169873
0.168944
0.168019
0.167097
0.166179
0.165263
0.164351
0.163442
0.162537
0.161634
0.160735
0.159838
0.158945
0.158055
0.157168
0.156285
0.155404
0.154527
0.153653
0.152781
0.151913
0.151048
0.150187
0.149328
0.148472
0.147619
0.146770
0.145923
0.145080
0.144239
0.143402
0.142567
0.141736
0.140907
0.140082
0.139259
0.138440
0.137624
0.136810
0.136000
0.135192
0.134387
0.133586
0.132787
0.131991
0.131198
0.130408
0.129621
0.128837
0.128056
0.127278
0.126502
0.125729
0.124960
0.124193
0.123429
0.122668
0.121909
0.121154
0.120401
0.119651
0.118904
0.118159
0.117418
0.116679
0.115943
0.115210
0.114480
0.113752
0.113027
0.112305
0.111585
0.110869
0.110155
0.109443
0.108735
0.108029
0.107326
0.106625
0.105928
0.105233
0.104540
0.103850
0.103163
0.102479
0.101797
0.101118
0.100442
0.099768
0.099096
0.098428
0.097762
0.097098
0.096437
0.095779
0.095124
0.094470
0.093820
0.093172
0.092527
0.091884
0.091243
0.090606
0.089970
0.089338
0.088707
0.088080
0.087455
0.086832
0.086212
0.085594
0.084979
0.084366
0.083756
0.083148
0.082543
0.081940
0.081339
0.080741
0.080146
0.079553
0.078962
0.078374
0.077788
0.077204
0.076623
0.076045
0.075468
0.074894
0.074323
0.073754
0.073187
0.072622
0.072060
0.071500
0.070943
0.070388
0.069835
0.069284
0.068736
0.068190
0.067647
0.067106
0.066567
0.066030
0.065495
0.064963
0.064433
0.063906
0.063380
0.062857
0.062336
0.061818
0.061301
0.060787
0.060275
0.059765
0.059258
0.058752
0.058249
0.057748
0.057249
0.056753
0.056258
0.055766
0.055276
0.054788
0.054302
0.053818
0.053337
0.052857
0.052380
0.051905
0.051432
0.050961
0.050492
0.050025
0.049561
0.049098
0.048638
0.048179
0.047723
0.047268
0.046816
0.046366
0.045918
0.045472
0.045028
0.044586
0.044145
0.043707
0.043271
0.042837
0.042405
0.041975
0.041547
0.041121
0.040697
0.040275
0.039855
0.039436
0.039020
0.038606
0.038193
0.037783
0.037375
0.036968
0.036563
0.036160
0.035760
0.035361
0.034963
0.034568
0.034175
0.033784
0.033394
0.033006
0.032620
0.032236
0.031854
0.031474
0.031095
0.030719
0.030344
0.029971
0.029600
0.029230
0.028863
0.028497
0.028133
0.027771
0.027410
0.027052
0.026695
0.026340
0.025986
0.025635
0.025285
0.024936
0.024590
0.024245
0.023902
0.023561
0.023221
0.022884
0.022547
0.022213
0.021880
0.021549
0.021220
0.020892
0.020566
0.020241
0.019918
0.019597
0.019278
0.018960
0.018644
0.018329
0.018016
0.017705
0.017395
0.017087
0.016780
0.016475
0.016171
0.015870
0.015569
0.015270
0.014973
0.014678
0.014384
0.014091
0.013800
0.013511
0.013223
0.012936
0.012651
0.012368
0.012086
0.011805
0.011527
0.011249
0.010973
0.010699
0.010426
0.010154
0.009884
0.009615
0.009348
0.009082
0.008818
0.008555
0.008293
0.008033
0.007775
0.007517
0.007261
0.007007
0.006754
0.006502
0.006252
0.006003
0.005755
0.005509
0.005264
0.005020
0.004778
0.004537
0.004298
0.004060
0.003823
0.003587
0.003353
0.003120
0.002888
0.002658
0.002429
0.002201
0.001974
0.001749
0.001525
0.001302
0.001080
0.000860
0.000641
0.000423
0.000207
-0.000009
-0.000223
-0.000436
-0.000648
-0.000858
-0.001067
-0.001276
-0.001483
-0.001688
-0.001893
-0.002096
-0.002299
-0.002500
-0.002700
-0.002899
-0.003096
-0.003293
-0.003489
-0.003683
-0.003876
-0.004068
-0.004259
-0.004449
-0.004638
-0.004825
-0.005012
-0.005198
-0.005382
-0.005566
-0.005748
-0.005929
-0.006109
-0.006289
-0.006467
-0.006644
-0.006820
-0.006995
-0.007169
-0.007342
-0.007514
-0.007685
-0.007855
-0.008024
-0.008192
-0.008359
-0.008525
-0.008690
-0.008854
-0.009017
-0.009180
-0.009341
-0.009501
-0.009660
-0.009819
-0.009976
-0.010133
-0.010289
-0.010443
-0.010597
-0.010750
-0.010902
-0.011053
-0.011203
-0.011353
-0.011501
-0.011649
-0.011795
-0.011941
-0.012086
-0.012230
-0.012374
-0.012516
-0.012658
-0.012798
-0.012938
-0.013077
-0.013216
-0.013353
-0.013490
-0.013626
-0.013761
-0.013895
-0.014028
-0.014161
-0.014293
-0.014424
-0.014554
-0.014684
-0.014813
-0.014941
-0.015068
-0.015195
-0.015321
-0.015446
-0.015570
-0.015693
-0.015816
-0.015938
-0.016060
-0.016181
-0.016301
-0.016420
-0.016539
-0.016656
-0.016774
-0.016890
-0.017006
-0.017121
-0.017236
-0.017350
-0.017463
-0.017575
-0.017687
-0.017798
-0.017909
-0.018019
-0.018128
-0.018237
-0.018345
-0.018452
-0.018559
-0.018665
-0.018771
-0.018875
-0.018980
-0.019084
-0.019187
-0.019289
-0.019391
-0.019493
-0.019593
-0.019694
-0.019793
-0.019892
-0.019991
-0.020089
-0.020186
-0.020283
-0.020379
-0.020475
-0.020570
-0.020665
-0.020759
-0.020853
-0.020946
-0.021038
-0.021130
-0.021222
-0.021313
-0.021403
-0.021493
-0.021583
-0.021672
-0.021760
-0.021848
-0.021936
-0.022023
-0.022110
-0.022196
-0.022281
-0.022366
-0.022451
-0.022535
-0.022619
-0.022703
-0.022785
-0.022868
-0.022950
-0.023031
-0.023113
-0.023193
-0.023273
-0.023353
-0.023433
-0.023512
-0.023590
-0.023668
-0.023746
-0.023823
-0.023900
-0.023977
-0.024053
-0.024129
-0.024204
-0.024279
-0.024354
-0.024428
-0.024502
-0.024575
-0.024648
-0.024721
-0.024793
-0.024865
-0.024937
-0.025008
-0.025079
-0.025149
-0.025219
-0.025289
-0.025358
-0.025428
-0.025496
-0.025565
-0.025633
-0.025701
-0.025768
-0.025835
-0.025902
-0.025968
-0.026034
-0.026100
-0.026166
-0.026231
-0.026296
-0.026360
-0.026425
-0.026489
-0.026552
-0.026616
-0.026679
-0.026742
-0.026804
-0.026866
-0.026928
-0.026990
-0.027051
-0.027112
-0.027173
-0.027233
-0.027294
-0.027354
-0.027413
-0.027473
-0.027532
-0.027591
-0.027650
-0.027708
-0.027766
-0.027824
-0.027882
-0.027939
-0.027996
-0.028053
-0.028110
-0.028166
-0.028222
-0.028278
-0.028334
-0.028389
-0.028445
-0.028500
-0.028554
-0.028609
-0.028663
-0.028717
-0.028771
-0.028825
-0.028878
-0.028931
-0.028984
-0.029037
-0.029090
-0.029142
-0.029194
-0.029246
-0.029298
-0.029350
-0.029401
-0.029452
-0.029503
-0.029554
-0.029604
-0.029655
-0.029705
-0.029755
-0.029805
-0.029854
-0.029904
-0.029953
-0.030002
-0.030051
-0.030100
-0.030148
-0.030197
-0.030245
-0.030293
-0.030341
-0.030388
-0.030436
-0.030483
-0.030530
-0.030577
-0.030624
-0.030671
-0.030717
-0.030764
-0.030810
-0.030856
-0.030902
-0.030947
-0.030993
-0.031038
-0.031084
-0.031129
-0.031174
-0.031218
-0.031263
-0.031308
-0.031352
-0.031396
-0.031440
-0.031484
-0.031528
-0.031571
-0.031615
-0.031658
-0.031701
-0.031745
-0.031788
-0.031830
-0.031873
-0.031916
-0.031958
-0.032000
-0.032042
-0.032084
-0.032126
-0.032168
-0.032210
-0.032251
-0.032293
-0.032334
-0.032375
-0.032416
-0.032457
-0.032498
-0.032538
-0.032579
-0.032619
-0.032660
-0.032700
-0.032740
-0.032780
-0.032820
-0.032859
-0.032899
-0.032938
-0.032978
-0.033017
-0.033056
-0.033095
-0.033134
-0.033173
-0.033212
-0.033250
-0.033289
-0.033327
-0.033366
-0.033404
-0.033442
-0.033480
-0.033518
-0.033556
-0.033593
-0.033631
-0.033668
-0.033706
-0.033743
-0.033780
-0.033817
-0.033854
-0.033891
-0.033928
-0.033965
-0.034002
-0.034038
-0.034074
-0.034111
-0.034147
-0.034183
-0.034219
-0.034255
-0.034291
-0.034327
-0.034363
-0.034398
-0.034434
-0.034469
-0.034505
-0.034540
-0.034575
-0.034610
-0.034645
-0.034680
-0.034715
-0.034750
-0.034784
-0.034819
-0.034853
-0.034888
-0.034922
-0.034956
-0.034990
-0.035025
-0.035059
-0.035092
-0.035126
-0.035160
-0.035194
-0.035227
-0.035261
-0.035294
-0.035328
-0.035361
-0.035394
-0.035427
-0.035460
-0.035493
-0.035526
-0.035559
-0.035592
-0.035624
-0.035657
-0.035690
-0.035722
-0.035754
-0.035787
-0.035819
-0.035851
-0.035883
-0.035915
-0.035947
-0.035979
-0.036011
-0.036042
-0.036074
-0.036106
-0.036137
-0.036169
-0.036200
-0.036231
-0.036263
-0.036294
-0.036325
-0.036356
-0.036387
-0.036418
-0.036448
-0.036479
-0.036510
-0.036541
-0.036571
-0.036602
-0.036632
-0.036662
-0.036693
-0.036723
-0.036753
-0.036783
-0.036813
-0.036843
-0.036873
-0.036903
-0.036932
-0.036962
-0.036992
-0.037021
-0.037051
-0.037080
-0.037110
-0.037139
-0.037168
-0.037197
-0.037226
-0.037255
-0.037284
-0.037313
-0.037342
-0.037371
-0.037400
-0.037429
-0.037457
-0.037486
-0.037514
-0.037543
-0.037571
-0.037599
-0.037628
-0.037656
-0.037684
-0.037712
-0.037740
-0.037768
-0.037796
-0.037824
-0.037851
-0.037879
-0.037907
-0.037934
-0.037962
-0.037989
-0.038017
-0.038044
-0.038072
-0.038099
-0.038126
-0.038153
-0.038180
-0.038207
-0.038234
-0.038261
-0.038288
-0.038315
-0.038342
-0.038368
-0.038395
-0.038421
-0.038448
-0.038474
-0.038501
-0.038527
-0.038553
-0.038580
-0.038606
-0.038632
-0.038658
-0.038684
-0.038710
-0.038736
-0.038762
-0.038788
-0.038813
-0.038839
-0.038865
-0.038890
-0.038916
-0.038941
-0.038967
-0.038992
-0.039017
-0.039043
-0.039068
-0.039093
-0.039118
-0.039143
-0.039168
-0.039193
-0.039218
-0.039243
-0.039267
-0.039292
-0.039317
-0.039341
-0.039366
-0.039391
-0.039415
-0.039439
-0.039464
-0.039488
-0.039512
-0.039537
-0.039561
-0.039585
-0.039609
-0.039633
-0.039657
-0.039681
-0.039705
-0.039728
-0.039752
-0.039776
-0.039800
-0.039823
-0.039847
-0.039870
-0.039894
-0.039917
-0.039940
-0.039964
-0.039987
-0.040010
-0.040033
-0.040056
-0.040080
-0.040103
-0.040125
-0.040148
-0.040171
-0.040194
-0.040217
-0.040240
-0.040262
-0.040285
-0.040307
-0.040330
-0.040352
-0.040375
-0.040397
-0.040420
-0.040442
-0.040464
-0.040486
-0.040508
-0.040531
-0.040553
-0.040575
-0.040597
-0.040618
-0.040640
-0.040662
-0.040684
-0.040706
-0.040727
-0.040749
-0.040770
-0.040792
-0.040813
-0.040835
-0.040856
-0.040878
-0.040899
-0.040920
-0.040941
-0.040963
-0.040984
-0.041005
-0.041026
-0.041047
-0.041068
-0.041089
-0.041110
-0.041130
-0.041151
-0.041172
-0.041193
-0.041213
-0.041234
-0.041254
-0.041275
-0.041295
-0.041316
-0.041336
-0.041356
-0.041377
-0.041397
-0.041417
-0.041437
-0.041457
-0.041477
-0.041497
-0.041517
-0.041537
-0.041557
-0.041577
-0.041597
-0.041616
-0.041636
-0.041656
-0.041675
-0.041695
-0.041715
-0.041734
-0.041754
-0.041773
-0.041792
-0.041812
-0.041831
-0.041850
-0.041869
-0.041889
-0.041908
-0.041927
-0.041946
-0.041965
-0.041984
-0.042003
-0.042021
-0.042040
-0.042059
-0.042078
-0.042097
-0.042115
-0.042134
-0.042152
-0.042171
-0.042189
-0.042208
-0.042226
-0.042245
-0.042263
-0.042281
-0.042300
-0.042318
-0.042336
-0.042354
-0.042372
-0.042390
-0.042408
-0.042426
-0.042444
-0.042462
-0.042480
-0.042498
-0.042516
-0.042533
-0.042551
-0.042569
-0.042586
-0.042604
-0.042622
-0.042639
-0.042657
-0.042674
-0.042691
-0.042709
-0.042726
-0.042743
-0.042761
-0.042778
-0.042795
-0.042812
-0.042829
-0.042846
-0.042863
-0.042880
-0.042897
-0.042914
-0.042931
-0.042948
-0.042965
-0.042981
-0.042998
-0.043015
-0.043031
-0.043048
-0.043064
-0.043081
-0.043097
-0.043114
-0.043130
-0.043147
-0.043163
-0.043179
-0.043196
-0.043212
-0.043228
-0.043244
-0.043260
-0.043277
-0.043293
-0.043309
-0.043325
-0.043341
-0.043356
-0.043372
-0.043388
-0.043404
-0.043420
-0.043436
-0.043451
-0.043467
-0.043483
-0.043498
-0.043514
-0.043529
-0.043545
-0.043560
-0.043576
-0.043591
-0.043606
-0.043622
-0.043637
-0.043652
-0.043667
-0.043683
-0.043698
-0.043713
-0.043728
-0.043743
-0.043758
-0.043773
-0.043788
-0.043803
-0.043818
-0.043833
-0.043848
-0.043862
-0.043877
-0.043892
-0.043906
-0.043921
-0.043936
-0.043950
-0.043965
-0.043979
-0.043994
-0.044008
-0.044023
-0.044037
-0.044052
-0.044066
-0.044080
-0.044094
-0.044109
-0.044123
-0.044137
-0.044151
-0.044165
-0.044179
-0.044193
-0.044207
-0.044221
-0.044235
-0.044249
-0.044263
-0.044277
-0.044291
-0.044305
-0.044318
-0.044332
-0.044346
-0.044360
-0.044373
-0.044387
-0.044400
-0.044414
-0.044427
-0.044441
-0.044454
-0.044468
-0.044481
-0.044495
-0.044508
-0.044521
-0.044534
-0.044548
-0.044561
-0.044574
-0.044587
-0.044600
-0.044613
-0.044627
-0.044640
-0.044653
-0.044666
-0.044679
-0.044691
-0.044704
-0.044717
-0.044730
-0.044743
-0.044756
-0.044768
-0.044781
-0.044794
-0.044806
-0.044819
-0.044832
-0.044844
-0.044857
-0.044869
-0.044882
-0.044894
-0.044907
-0.044919
-0.044932
-0.044944
-0.044956
-0.044969
-0.044981
-0.044993
-0.045005
-0.045017
-0.045030
-0.045042
-0.045054
-0.045066
-0.045078
-0.045090
-0.045102
-0.045114
-0.045126
-0.045138
-0.045150
-0.045162
-0.045173
-0.045185
-0.045197
-0.045209
-0.045220
-0.045232
-0.045244
-0.045256
-0.045267
-0.045279
-0.045290
-0.045302
-0.045313
-0.045325
-0.045336
-0.045348
-0.045359
-0.045371
-0.045382
-0.045393
-0.045405
-0.045416
-0.045427
-0.045438
-0.045450
-0.045461
-0.045472
-0.045483
-0.045494
-0.045505
-0.045516
-0.045527
-0.045538
-0.045549
-0.045560
-0.045571
-0.045582
-0.045593
-0.045604
-0.045615
-0.045626
-0.045636
-0.045647
-0.045658
-0.045669
-0.045679
-0.045690
-0.045701
-0.045711
-0.045722
-0.045733
-0.045743
-0.045754
-0.045764
-0.045775
-0.045785
-0.045796
-0.045806
-0.045816
-0.045827
-0.045837
-0.045847
-0.045858
-0.045868
-0.045878
-0.045888
-0.045899
-0.045909
-0.045919
-0.045929
-0.045939
-0.045949
-0.045959
-0.045969
-0.045979
-0.045989
-0.045999
-0.046009
-0.046019
-0.046029
-0.046039
-0.046049
-0.046059
-0.046069
-0.046079
-0.046088
-0.046098
-0.046108
-0.046118
-0.046127
-0.046137
-0.046147
-0.046156
-0.046166
-0.046175
-0.046185
-0.046194
-0.046204
-0.046214
-0.046223
-0.046232
-0.046242
-0.046251
-0.046261
-0.046270
-0.046279
-0.046289
-0.046298
-0.046307
-0.046317
-0.046326
-0.046335
-0.046344
-0.046354
-0.046363
-0.046372
-0.046381
-0.046390
-0.046399
-0.046408
-0.046417

