0.000000
0.000000
-0.000026
-0.000052
-0.000077
-0.000103
-0.000128
-0.000153
-0.000177
-0.000201
-0.000224
-0.000247
-0.000270
-0.000293
-0.000315
-0.000337
-0.000359
-0.000380
-0.000402
-0.000423
-0.000444
-0.000465
-0.000485
-0.000506
-0.000526
-0.000547
-0.000567
-0.000587
-0.000607
-0.000627
-0.000647
-0.000667
-0.000687
-0.000707
-0.000726
-0.000746
-0.000766
-0.000785
-0.000805
-0.000824
-0.000844
-0.000863
-0.000883
-0.000902
-0.000922
-0.000941
-0.000961
-0.000980
-0.001000
-0.001019
-0.001038
-0.001058
-0.001077
-0.001097
-0.001116
-0.001135
-0.001155
-0.001174
-0.001194
-0.001213
-0.001233
-0.001252
-0.001271
-0.001291
-0.001310
-0.001330
-0.001349
-0.001369
-0.001388
-0.001408
-0.001428
-0.001447
-0.001467
-0.001486
-0.001506
-0.001525
-0.001545
-0.001565
-0.001584
-0.001604
-0.001624
-0.001644
-0.001663
-0.001683
-0.001703
-0.001723
-0.001743
-0.001762
-0.001782
-0.001802
-0.001822
-0.001842
-0.001862
-0.001882
-0.001902
-0.001922
-0.001942
-0.001962
-0.001982
-0.002002
-0.002022
-0.002042
-0.002063
-0.002083
-0.002103
-0.002123
-0.002143
-0.002164
-0.002184
-0.002204
-0.002225
-0.002245
-0.002265
-0.002286
-0.002306
-0.002326
-0.002347
-0.002367
-0.002388
-0.002408
-0.002429
-0.002449
-0.002470
-0.002491
-0.002511
-0.002532
-0.002553
-0.002573
-0.002594
-0.002615
-0.002635
-0.002656
-0.002677
-0.002698
-0.002719
-0.002739
-0.002760
-0.002781
-0.002802
-0.002823
-0.002844
-0.002865
-0.002886
-0.002907
-0.002928
-0.002949
-0.002970
-0.002991
-0.003012
-0.003033
-0.003054
-0.003075
-0.003097
-0.003118
-0.003139
-0.003160
-0.003181
-0.003203
-0.003224
-0.003245
-0.003266
-0.003288
-0.003309
-0.003330
-0.003352
-0.003373
-0.003395
-0.003416
-0.003437
-0.003459
-0.003480
-0.003502
-0.003523
-0.003545
-0.003566
-0.003588
-0.003610
-0.003631
-0.003653
-0.003674
-0.003696
-0.003718
-0.003739
-0.003761
-0.003783
-0.003804
-0.003826
-0.003848
-0.003869
-0.003891
-0.003913
-0.003935
-0.003956
-0.003978
-0.004000
-0.004022
-0.004044
-0.004066
-0.004088
-0.004109
-0.004131
-0.004153
-0.004175
-0.004197
-0.004219
-0.004241
-0.004263
-0.004285
-0.004307
-0.004329
-0.004351
-0.004373
-0.004395
-0.004417
-0.004439
-0.004461
-0.004483
-0.004505
-0.004527
-0.004550
-0.004572
-0.004594
-0.004616
-0.004638
-0.004660
-0.004683
-0.004705
-0.004727
-0.004749
-0.004771
-0.004794
-0.004816
-0.004838
-0.004860
-0.004883
-0.004905
-0.004927
-0.004949
-0.004972
-0.004994
-0.005016
-0.005039
-0.005061
-0.005083
-0.005106
-0.005128
-0.005150
-0.005173
-0.005195
-0.005218
-0.005240
-0.005262
-0.005285
-0.005307
-0.005330
-0.005352
-0.005375
-0.005397
-0.005419
-0.005442
-0.005464
-0.005487
-0.005509
-0.005532
-0.005554
-0.005577
-0.005599
-0.005622
-0.005644
-0.005667
-0.005690
-0.005712
-0.005735
-0.005757
-0.005780
-0.005802
-0.005825
-0.005847
-0.005870
-0.005893
-0.005915
-0.005938
-0.005960
-0.005983
-0.006006
-0.006028
-0.006051
-0.006073
-0.006096
-0.006119
-0.006141
-0.006164
-0.006187
-0.006209
-0.006232
-0.006255
-0.006277
-0.006300
-0.006323
-0.006345
-0.006368
-0.006391
-0.006413
-0.006436
-0.006459
-0.006482
-0.006504
-0.006527
-0.006550
-0.006572
-0.006595
-0.006618
-0.006641
-0.006663
-0.006686
-0.006709
-0.006731
-0.006754
-0.006777
-0.006800
-0.006822
-0.006845
-0.006868
-0.006891
-0.006913
-0.006936
-0.006959
-0.006982
-0.007004
-0.007027
-0.007050
-0.007073
-0.007095
-0.007118
-0.007141
-0.007164
-0.007187
-0.007209
-0.007232
-0.007255
-0.007278
-0.007300
-0.007323
-0.007346
-0.007369
-0.007392
-0.007414
-0.007437
-0.007460
-0.007483
-0.007505
-0.007528
-0.007551
-0.007574
-0.007597
-0.007619
-0.007642
-0.007665
-0.007688
-0.007711
-0.007733
-0.007756
-0.007779
-0.007802
-0.007825
-0.007847
-0.007870
-0.007893
-0.007916
-0.007939
-0.007961
-0.007984
-0.008007
-0.008030
-0.008052
-0.008075
-0.008098
-0.008121
-0.008144
-0.008166
-0.008189
-0.008212
-0.008235
-0.008258
-0.008280
-0.008303
-0.008326
-0.008349
-0.008371
-0.008394
-0.008417
-0.008440
-0.008462
-0.008485
-0.008508
-0.008531
-0.008554
-0.008576
-0.008599
-0.008622
-0.008645
-0.008667
-0.008690
-0.008713
-0.008736
-0.008758
-0.008781
-0.008804
-0.008827
-0.008849
-0.008872
-0.008895
-0.008917
-0.008940
-0.008963
-0.008986
-0.009008
-0.009031
-0.009054
-0.009077
-0.009099
-0.009122
-0.009145
-0.009167
-0.009190
-0.009213
-0.009235
-0.009258
-0.009281
-0.009304
-0.009326
-0.009349
-0.009372
-0.009394
-0.009417
-0.009440
-0.009462
-0.009485
-0.009508
-0.009530
-0.009553
-0.009576
-0.009598
-0.009621
-0.009643
-0.009666
-0.009689
-0.009711
-0.009734
-0.009757
-0.009779
-0.009802
-0.009824
-0.009847
-0.009870
-0.009892
-0.009915
-0.009937
-0.009960
-0.009983
-0.010005
-0.010028
-0.010050
-0.010073
-0.010095
-0.010118
-0.010141
-0.010163
-0.010186
-0.010208
-0.010231
-0.010253
-0.010276
-0.010298
-0.010321
-0.010343
-0.010366
-0.010388
-0.010411
-0.010433
-0.010456
-0.010478
-0.010501
-0.010523
-0.010546
-0.010568
-0.010591
-0.010613
-0.010636
-0.010658
-0.010680
-0.010703
-0.010725
-0.010748
-0.010770
-0.010793
-0.010815
-0.010837
-0.010860
-0.010882
-0.010905
-0.010927
-0.010949
-0.010972
-0.010994
-0.011017
-0.011039
-0.011061
-0.011084
-0.011106
-0.011128
-0.011151
-0.011173
-0.011195
-0.011218
-0.011240
-0.011262
-0.011285
-0.011307
-0.011329
-0.011351
-0.011374
-0.011396
-0.011418
-0.011440
-0.011463
-0.011485
-0.011507
-0.011529
-0.011552
-0.011574
-0.011596
-0.011618
-0.011641
-0.011663
-0.011685
-0.011707
-0.011729
-0.011752
-0.011774
-0.011796
-0.011818
-0.011840
-0.011862
-0.011884
-0.011907
-0.011929
-0.011951
-0.011973
-0.011995
-0.012017
-0.012039
-0.012061
-0.012083
-0.012106
-0.012128
-0.012150
-0.012172
-0.012194
-0.012216
-0.012238
-0.012260
-0.012282
-0.012304
-0.012326
-0.012348
-0.012370
-0.012392
-0.012414
-0.012436
-0.012458
-0.012480
-0.012502
-0.012524
-0.012546
-0.012568
-0.012590
-0.012612
-0.012634
-0.012655
-0.012677
-0.012699
-0.012721
-0.012743
-0.012765
-0.012787
-0.012809
-0.012831
-0.012852
-0.012874
-0.012896
-0.012918
-0.012940
-0.012962
-0.012983
-0.013005
-0.013027
-0.013049
-0.013070
-0.013092
-0.013114
-0.013136
-0.013158
-0.013179
-0.013201
-0.013223
-0.013244
-0.013266
-0.013288
-0.013310
-0.013331
-0.013353
-0.013375
-0.013396
-0.013418
-0.013440
-0.013461
-0.013483
-0.013505
-0.013526
-0.013548
-0.013569
-0.013591
-0.013613
-0.013634
-0.013656
-0.013677
-0.013699
-0.013721
-0.013742
-0.013764
-0.013785
-0.013807
-0.013828
-0.013850
-0.013871
-0.013893
-0.013914
-0.013936
-0.013957
-0.013979
-0.014000
-0.014022
-0.014043
-0.014065
-0.014086
-0.014107
-0.014129
-0.014150
-0.014172
-0.014193
-0.014214
-0.014236
-0.014257
-0.014278
-0.014300
-0.014321
-0.014343
-0.014364
-0.014385
-0.014406
-0.014428
-0.014449
-0.014470
-0.014492
-0.014513
-0.014534
-0.014555
-0.014577
-0.014598
-0.014619
-0.014640
-0.014662
-0.014683
-0.014704
-0.014725
-0.014746
-0.014768
-0.014789
-0.014810
-0.014831
-0.014852
-0.014873
-0.014894
-0.014916
-0.014937
-0.014958
-0.014979
-0.015000
-0.015021
-0.015042
-0.015063
-0.015084
-0.015105
-0.015126
-0.015147
-0.015168
-0.015189
-0.015210
-0.015231
-0.015252
-0.015273
-0.015294
-0.015315
-0.015336
-0.015357
-0.015378
-0.015399
-0.015420
-0.015441
-0.015462
-0.015483
-0.015504
-0.015524
-0.015545
-0.015566
-0.015587
-0.015608
-0.015629
-0.015650
-0.015670
-0.015691
-0.015712
-0.015733
-0.015754
-0.015774
-0.015795
-0.015816
-0.015837
-0.015857
-0.015878
-0.015899
-0.015920
-0.015940
-0.015961
-0.015982
-0.016002
-0.016023
-0.016044
-0.016064
-0.016085
-0.016106
-0.016126
-0.016147
-0.016168
-0.016188
-0.016209
-0.016229
-0.016250
-0.016271
-0.016291
-0.016312
-0.016332
-0.016353
-0.016373
-0.016394
-0.016414
-0.016435
-0.016455
-0.016476
-0.016496
-0.016517
-0.016537
-0.016558
-0.016578
-0.016599
-0.016619
-0.016639
-0.016660
-0.016680
-0.016701
-0.016721
-0.016741
-0.016762
-0.016782
-0.016802
-0.016823
-0.016843
-0.016863
-0.016884
-0.016904
-0.016924
-0.016945
-0.016965
-0.016985
-0.017005
-0.017026
-0.017046
-0.017066
-0.017086
-0.017107
-0.017127
-0.017147
-0.017167
-0.017187
-0.017207
-0.017228
-0.017248
-0.017268
-0.017288
-0.017308
-0.017328
-0.017348
-0.017369
-0.017389
-0.017409
-0.017429
-0.017449
-0.017469
-0.017489
-0.017509
-0.017529
-0.017549
-0.017569
-0.017589
-0.017609
-0.017629
-0.017649
-0.017669
-0.017689
-0.017709
-0.017729
-0.017749
-0.017769
-0.017789
-0.017808
-0.017828
-0.017848
-0.017868
-0.017888
-0.017908
-0.017928
-0.017948
-0.017967
-0.017987
-0.018007
-0.018027
-0.018047
-0.018066
-0.018086
-0.018106
-0.018126
-0.018145
-0.018165
-0.018185
-0.018205
-0.018224
-0.018244
-0.018264
-0.018284
-0.018303
-0.018323
-0.018343
-0.018362
-0.018382
-0.018401
-0.018421
-0.018441
-0.018460
-0.018480
-0.018500
-0.018519
-0.018539
-0.018558
-0.018578
-0.018597
-0.018617
-0.018636
-0.018656
-0.018675
-0.018695
-0.018714
-0.018734
-0.018753
-0.018773
-0.018792
-0.018812
-0.018831
-0.018851
-0.018870
-0.018889
-0.018909
-0.018928
-0.018948
-0.018967
-0.018986
-0.019006
-0.019025
-0.019044
-0.019064
-0.019083
-0.019102
-0.019122
-0.019141
-0.019160
-0.019179
-0.019199
-0.019218
-0.019237
-0.019256
-0.019276
-0.019295
-0.019314
-0.019333
-0.019353
-0.019372
-0.019391
-0.019410
-0.019429
-0.019448
-0.019468
-0.019487
-0.019506
-0.019525
-0.019544
-0.019563
-0.019582
-0.019601
-0.019620
-0.019639
-0.019658
-0.019677
-0.019696
-0.019715
-0.019734
-0.019753
-0.019772
-0.019791
-0.019810
-0.019829
-0.019848
-0.019867
-0.019886
-0.019905
-0.019924
-0.019943
-0.019962
-0.019981
-0.020000
-0.020019
-0.020037
-0.020056
-0.020075
-0.020094
-0.020113
-0.020132
-0.020150
-0.020169
-0.020188
-0.020207
-0.020226
-0.020244
-0.020263
-0.020282
-0.020301
-0.020319
-0.020338
-0.020357
-0.020375
-0.020394
-0.020413
-0.020432
-0.020450
-0.020469
-0.020488
-0.020506
-0.020525
-0.020543
-0.020562
-0.020581
-0.020599
-0.020618
-0.020636
-0.020655
-0.020674
-0.020692
-0.020711
-0.020729
-0.020748
-0.020766
-0.020785
-0.020803
-0.020822
-0.020840
-0.020859
-0.020877
-0.020895
-0.020914
-0.020932
-0.020951
-0.020969
-0.020988
-0.021006
-0.021024
-0.021043
-0.021061
-0.021079
-0.021098
-0.021116
-0.021135
-0.021153
-0.021171
-0.021189
-0.021208
-0.021226
-0.021244
-0.021263
-0.021281
-0.021299
-0.021317
-0.021336
-0.021354
-0.021372
-0.021390
-0.021408
-0.021427
-0.021445
-0.021463
-0.021481
-0.021499
-0.021517
-0.021536
-0.021554
-0.021572
-0.021590
-0.021608
-0.021626
-0.021644
-0.021662
-0.021680
-0.021698
-0.021716
-0.021734
-0.021752
-0.021770
-0.021788
-0.021806
-0.021824
-0.021842
-0.021860
-0.021878
-0.021896
-0.021914
-0.021932
-0.021950
-0.021968
-0.021986
-0.022004
-0.022022
-0.022040
-0.022058
-0.022075
-0.022093
-0.022111
-0.022129
-0.022147
-0.022165
-0.022182
-0.022200
-0.022218
-0.022236
-0.022254
-0.022271
-0.022289
-0.022307
-0.022325
-0.022342
-0.022360
-0.022378
-0.022395
-0.022413
-0.022431
-0.022448
-0.022466
-0.022484
-0.022501
-0.022519
-0.022537
-0.022554
-0.022572
-0.022590
-0.022607
-0.022625
-0.022642
-0.022660
-0.022677
-0.022695
-0.022713
-0.022730
-0.022748
-0.022765
-0.022783
-0.022800
-0.022818
-0.022835
-0.022853
-0.022870
-0.022887
-0.022905
-0.022922
-0.022940
-0.022957
-0.022975
-0.022992
-0.023009
-0.023027
-0.023044
-0.023062
-0.023079
-0.023096
-0.023114
-0.023131
-0.023148
-0.023166
-0.023183
-0.023200
-0.023217
-0.023235
-0.023252
-0.023269
-0.023286
-0.023304
-0.023321
-0.023338
-0.023355
-0.023373
-0.023390
-0.023407
-0.023424
-0.023441
-0.023458
-0.023476
-0.023493
-0.023510
-0.023527
-0.023544
-0.023561
-0.023578
-0.023595
-0.023613
-0.023630
-0.023647
-0.023664
-0.023681
-0.023698
-0.023715
-0.023732
-0.023749
-0.023766
-0.023783
-0.023800
-0.023817
-0.023834
-0.023851
-0.023868
-0.023885
-0.023902
-0.023919
-0.023935
-0.023952
-0.023969
-0.023986
-0.024003
-0.024020
-0.024037
-0.024054
-0.024070
-0.024087
-0.024104
-0.024121
-0.024138
-0.024155
-0.024171
-0.024188
-0.024205
-0.024222
-0.024238
-0.024255
-0.024272
-0.024289
-0.024305
-0.024322
-0.024339
-0.024356
-0.024372
-0.024389
-0.024406
-0.024422
-0.024439
-0.024456
-0.024472
-0.024489
-0.024505
-0.024522
-0.024539
-0.024555
-0.024572
-0.024588
-0.024605
-0.024622
-0.024638
-0.024655
-0.024671
-0.024688
-0.024704
-0.024721
-0.024737
-0.024754
-0.024770
-0.024787
-0.024803
-0.024820
-0.024836
-0.024852
-0.024869
-0.024885
-0.024902
-0.024918
-0.024935
-0.024951
-0.024967
-0.024984
-0.025000
-0.025016
-0.025033
-0.025049
-0.025065
-0.025082
-0.025098
-0.025114
-0.025131
-0.025147
-0.025163
-0.025179
-0.025196
-0.025212
-0.025228
-0.025244
-0.025261
-0.025277
-0.025293
-0.025309
-0.025326
-0.025342
-0.025358
-0.025374
-0.025390
-0.025406
-0.025423
-0.025439
-0.025455
-0.025471
-0.025487
-0.025503
-0.025519
-0.025535
-0.025551
-0.025567
-0.025583
-0.025600
-0.025616
-0.025632
-0.025648
-0.025664
-0.025680
-0.025696
-0.025712
-0.025728
-0.025744
-0.025760
-0.025775
-0.025791
-0.025807
-0.025823
-0.025839
-0.025855
-0.025871
-0.025887
-0.025903
-0.025919
-0.025935
-0.025950
-0.025966
-0.025982
-0.025998
-0.026014
-0.026030
-0.026045
-0.026061
-0.026077
-0.026093
-0.026109
-0.026124
-0.026140
-0.026156
-0.026172
-0.026187
-0.026203
-0.026219
-0.026235
-0.026250
-0.026266
-0.026282
-0.026297
-0.026313
-0.026329
-0.026344
-0.026360
-0.026376
-0.026391
-0.026407
-0.026422
-0.026438
-0.026454
-0.026469
-0.026485
-0.026500
-0.026516
-0.026532
-0.026547
-0.026563
-0.026578
-0.026594
-0.026609
-0.026625
-0.026640
-0.026656
-0.026671
-0.026687
-0.026702
-0.026718
-0.026733
-0.026748
-0.026764
-0.026779
-0.026795
-0.026810
-0.026825
-0.026841
-0.026856
-0.026872
-0.026887
-0.026902
-0.026918
-0.026933
-0.026948
-0.026964
-0.026979
-0.026994
-0.027010
-0.027025
-0.027040
-0.027055
-0.027071
-0.027086
-0.027101
-0.027116
-0.027132
-0.027147
-0.027162
-0.027177
-0.027193
-0.027208
-0.027223
-0.027238
-0.027253
-0.027268
-0.027284
-0.027299
-0.027314
-0.027329
-0.027344
-0.027359
-0.027374
-0.027389
-0.027405
-0.027420
-0.027435
-0.027450
-0.027465
-0.027480
-0.027495
-0.027510
-0.027525
-0.027540
-0.027555
-0.027570
-0.027585
-0.027600
-0.027615
-0.027630
-0.027645
-0.027660
-0.027675
-0.027690
-0.027705
-0.027720
-0.027734
-0.027749
-0.027764
-0.027779
-0.027794
-0.027809
-0.027824
-0.027839
-0.027853
-0.027868
-0.027883
-0.027898
-0.027913
-0.027928
-0.027942
-0.027957
-0.027972
-0.027987
-0.028001
-0.028016
-0.028031
-0.028046
-0.028060
-0.028075
-0.028090
-0.028105
-0.028119
-0.028134
-0.028149
-0.028163
-0.028178
-0.028193
-0.028207
-0.028222
-0.028237
-0.028251
-0.028266
-0.028281
-0.028295
-0.028310
-0.028324
-0.028339
-0.028353
-0.028368
-0.028383
-0.028397
-0.028412
-0.028426
-0.028441
-0.028455
-0.028470
-0.028484
-0.028499
-0.028513
-0.028528
-0.028542
-0.028557
-0.028571
-0.028586
-0.028600
-0.028614
-0.028629
-0.028643
-0.028658
-0.028672
-0.028687
-0.028701
-0.028715
-0.028730
-0.028744
-0.028758
-0.028773
-0.028787
-0.028801
-0.028816
-0.028830
-0.028844
-0.028859
-0.028873
-0.028887
-0.028902
-0.028916
-0.028930
-0.028944
-0.028959
-0.028973
-0.028987
-0.029001
-0.029015
-0.029030
-0.029044
-0.029058
-0.029072
-0.029086
-0.029101
-0.029115
-0.029129
-0.029143
-0.029157
-0.029171
-0.029185
-0.029200
-0.029214
-0.029228
-0.029242
-0.029256
-0.029270
-0.029284
-0.029298
-0.029312
-0.029326
-0.029340
-0.029354
-0.029368
-0.029382
-0.029396
-0.029410
-0.029424
-0.029438
-0.029452
-0.029466
-0.029480
-0.029494
-0.029508
-0.029522
-0.029536
-0.029550
-0.029564
-0.029578
-0.029592
-0.029606
-0.029620
-0.029633
-0.029647
-0.029661
-0.029675
-0.029689
-0.029703
-0.029717
-0.029730
-0.029744
-0.029758
-0.029772
-0.029786
-0.029799
-0.029813
-0.029827
-0.029841
-0.029854
-0.029868
-0.029882
-0.029896
-0.029909
-0.029923
-0.029937
-0.029951
-0.029964
-0.029978
-0.029992
-0.030005
-0.030019
-0.030033
-0.030046
-0.030060
-0.030074
-0.030087
-0.030101
-0.030114
-0.030128
-0.030142
-0.030155
-0.030169
-0.030182
-0.030196
-0.030209
-0.030223
-0.030237
-0.030250
-0.030264
-0.030277
-0.030291
-0.030304
-0.030318
-0.030331
-0.030345
-0.030358
-0.030372
-0.030385
-0.030399
-0.030412
-0.030425
-0.030439
-0.030452
-0.030466
-0.030479
-0.030493
-0.030506
-0.030519
-0.030533
-0.030546
-0.030559
-0.030573
-0.030586
-0.030600
-0.030613
-0.030626
-0.030640
-0.030653
-0.030666
-0.030679
-0.030693
-0.030706
-0.030719
-0.030733
-0.030746
-0.030759
-0.030772
-0.030786
-0.030799
-0.030812
-0.030825
-0.030839
-0.030852
-0.030865
-0.030878
-0.030891
-0.030905
-0.030918
-0.030931
-0.030944
-0.030957
-0.030970
-0.030983
-0.030997
-0.031010
-0.031023
-0.031036
-0.031049
-0.031062
-0.031075
-0.031088
-0.031101
-0.031114
-0.031127
-0.031140
-0.031154
-0.031167
-0.031180
-0.031193
-0.031206
-0.031219
-0.031232
-0.031245
-0.031258
-0.031271
-0.031284
-0.031296
-0.031309
-0.031322
-0.031335
-0.031348
-0.031361
-0.031374
-0.031387
-0.031400
-0.031413
-0.031426
-0.031439
-0.031451
-0.031464
-0.031477
-0.031490
-0.031503
-0.031516
-0.031529
-0.031541
-0.031554
-0.031567
-0.031580
-0.031593
-0.031605
-0.031618
-0.031631
-0.031644
-0.031656
-0.031669
-0.031682
-0.031695
-0.031707
-0.031720
-0.031733
-0.031746
-0.031758
-0.031771
-0.031784
-0.031796
-0.031809
-0.031822
-0.031834
-0.031847
-0.031860
-0.031872
-0.031885
-0.031898
-0.031910
-0.031923
-0.031935
-0.031948
-0.031961
-0.031973
-0.031986
-0.031998
-0.032011
-0.032023
-0.032036
-0.032049
-0.032061
-0.032074
-0.032086
-0.032099
-0.032111
-0.032124
-0.032136
-0.032149
-0.032161
-0.032174
-0.032186
-0.032199
-0.032211
-0.032223
-0.032236
-0.032248
-0.032261
-0.032273
-0.032286
-0.032298
-0.032310
-0.032323
-0.032335
-0.032347
-0.032360
-0.032372
-0.032385
-0.032397
-0.032409
-0.032422
-0.032434
-0.032446
-0.032459
-0.032471
-0.032483
-0.032495
-0.032508
-0.032520
-0.032532
-0.032545
-0.032557
-0.032569
-0.032581
-0.032594
-0.032606
-0.032618
-0.032630
-0.032642
-0.032655
-0.032667
-0.032679
-0.032691
-0.032703
-0.032716
-0.032728
-0.032740
-0.032752
-0.032764
-0.032776
-0.032788
-0.032800
-0.032813
-0.032825
-0.032837
-0.032849
-0.032861
-0.032873
-0.032885
-0.032897
-0.032909
-0.032921
-0.032933
-0.032945
-0.032957
-0.032969
-0.032981
-0.032993
-0.033005
-0.033017
-0.033029
-0.033041
-0.033053
-0.033065
-0.033077
-0.033089
-0.033101
-0.033113
-0.033125
-0.033137
-0.033149
-0.033161
-0.033173
-0.033185
-0.033197
-0.033209
-0.033220
-0.033232
-0.033244
-0.033256
-0.033268
-0.033280
-0.033292
-0.033303
-0.033315
-0.033327
-0.033339
-0.033351
-0.033362
-0.033374
-0.033386
-0.033398
-0.033410
-0.033421
-0.033433
-0.033445
-0.033457
-0.033468
-0.033480
-0.033492
-0.033504
-0.033515
-0.033527
-0.033539
-0.033550
-0.033562
-0.033574
-0.033585
-0.033597
-0.033609
-0.033620
-0.033632
-0.033644
-0.033655
-0.033667
-0.033679
-0.033690
-0.033702
-0.033713
-0.033725
-0.033737
-0.033748
-0.033760
-0.033771
-0.033783
-0.033795
-0.033806
-0.033818
-0.033829
-0.033841
-0.033852
-0.033864
-0.033875
-0.033887
-0.033898
-0.033910
-0.033921
-0.033933
-0.033944
-0.033956
-0.033967
-0.033979
-0.033990
-0.034001
-0.034013
-0.034024
-0.034036
-0.034047
-0.034059
-0.034070
-0.034081
-0.034093
-0.034104
-0.034116
-0.034127
-0.034138
-0.034150
-0.034161
-0.034172
-0.034184
-0.034195
-0.034206
-0.034218
-0.034229
-0.034240
-0.034252
-0.034263
-0.034274
-0.034285
-0.034297
-0.034308
-0.034319
-0.034330
-0.034342
-0.034353
-0.034364
-0.034375
-0.034387
-0.034398
-0.034409
-0.034420
-0.034431
-0.034443
-0.034454
-0.034465
-0.034476
-0.034487
-0.034498
-0.034510
-0.034521
-0.034532
-0.034543
-0.034554
-0.034565
-0.034576
-0.034588
-0.034599
-0.034610
-0.034621
-0.034632
-0.034643
-0.034654
-0.034665
-0.034676
-0.034687
-0.034698
-0.034709
-0.034720
-0.034731
-0.034742
-0.034753
-0.034764
-0.034775
-0.034786
-0.034797
-0.034808
-0.034819
-0.034830
-0.034841
-0.034852
-0.034863
-0.034874
-0.034885
-0.034896
-0.034907
-0.034918
-0.034929
-0.034940
-0.034950
-0.034961
-0.034972
-0.034983
-0.034994
-0.035005
-0.035016
-0.035027
-0.035037
-0.035048
-0.035059
-0.035070
-0.035081
-0.035092
-0.035102
-0.035113
-0.035124
-0.035135
-0.035146
-0.035156
-0.035167
-0.035178
-0.035189
-0.035199
-0.035210
-0.035221
-0.035232
-0.035242
-0.035253
-0.035264
-0.035275
-0.035285
-0.035296
-0.035307
-0.035317
-0.035328
-0.035339
-0.035349
-0.035360
-0.035371
-0.035381
-0.035392
0.615164
1.535487
2.582001
3.225628
3.680207
4.011506
4.256704
4.438958
4.573423
4.670483
4.732597
4.768401
4.783305
4.781345
4.765656
4.738740
4.702633
4.659000
4.609233
4.554493
4.495758
4.433866
4.369503
4.303264
4.235657
4.167103
4.097961
4.028545
3.959108
3.889868
3.821009
3.752699
3.685053
3.618183
3.552186
3.487128
3.423068
3.360063
3.298143
3.237338
3.177668
3.119159
3.061811
3.005629
2.950613
2.896770
2.844085
2.792551
2.742157
2.692897
2.644752
2.597706
2.551742
2.506849
2.463005
2.420191
2.378389
2.337578
2.297744
2.258864
2.220918
2.183887
2.147750
2.112487
2.078084
2.044517
2.011768
1.979818
1.948648
1.918239
1.888574
1.859637
1.831408
1.803871
1.777008
1.750803
1.725238
1.700298
1.675967
1.652233
1.629078
1.606488
1.584448
1.562944
1.541962
1.521489
1.501511
1.482016
1.462991
1.444424
1.426305
1.408621
1.391359
1.374510
1.358061
1.342003
1.326325
1.311016
1.296068
1.281471
1.917625
2.825572
3.862575
4.511228
4.976755
5.321648
5.581349
5.777911
5.925938
6.035507
6.105479
6.146470
6.164609
6.164391
6.149265
6.121953
6.084651
6.039159
5.986994
5.929383
5.867378
5.801863
5.733621
5.663259
5.591318
5.518286
5.444527
5.370371
5.296128
5.222009
5.148213
5.074940
5.002302
4.930419
4.859416
4.789350
4.720286
4.652303
4.585420
4.519671
4.455100
4.391709
4.329508
4.268504
4.208723
4.150139
4.092750
4.036560
3.981550
3.927708
4.485187
5.310706
6.265505
6.854273
7.263156
7.554325
7.763018
7.911229
8.013371
8.079348
8.110643
8.115956
8.100743
8.069046
8.023996
7.968098
7.903361
7.831441
7.753734
7.671397
7.585396
7.496579
7.405639
7.313154
7.219677
7.125590
7.031287
6.937068
6.843197
6.749895
6.657327
6.565697
6.475086
6.385631
6.297412
6.210500
6.124955
6.040806
5.958109
5.876885
5.797131
5.718899
5.642156
5.566903
5.493174
5.420923
5.350138
5.280844
5.212987
5.146552
5.081550
5.017931
4.955673
4.894771
4.835197
4.776916
4.719904
4.664160
4.609638
4.556314
4.504160
4.453174
4.403312
4.354550
4.306862
4.260235
4.214643
4.170056
4.126451
4.083802
4.042099
4.001317
3.961427
3.922409
3.884240
3.846899
3.810383
3.774656
3.739701
3.705496
3.672023
3.639264
3.607212
3.575841
3.545133
3.515070
3.485636
3.456815
3.428591
3.400955
3.373892
3.347382
3.321412
3.295967
3.271033
3.246597
3.222646
3.199168
3.176159
3.153600
3.760893
4.645991
5.665999
6.321009
6.794776
7.148384
7.416582
7.621141
7.776403
7.892340
7.967215
8.011749
8.032296
8.033508
8.018952
7.991447
7.953272
7.906313
7.852115
7.791978
7.727022
7.658186
7.586241
7.511878
7.435683
7.358122
7.279631
7.200578
7.121238
7.041889
6.962766
6.884017
6.805847
6.728349
6.651646
6.575842
6.500992
6.427169
6.354437
6.282812
6.212337
6.143048
6.074939
6.008032
5.942343
5.877857
5.814569
5.752489
5.691622
5.631929
6.163596
6.968047
7.906814
8.500442
8.916137
9.214525
9.430323
9.585134
9.693185
9.764325
9.799635
9.807865
9.794613
9.764031
9.719329
9.663066
9.597347
9.523893
9.444122
9.359270
9.270367
9.178276
9.083737
8.987388
8.889793
8.791386
8.692584
8.593699
8.495025
8.396809
8.299246
8.202501
8.106719
8.012047
7.918550
7.826337
7.735446
7.645941
7.557857
7.471223
7.386088
7.302435
7.220287
7.139641
7.060492
6.982858
6.906695
6.832007
6.758801
6.687024
6.616674
6.547751
6.480201
6.414015
6.349189
6.285672
6.223448
6.162502
6.102807
6.044325
5.987042
5.930949
5.875998
5.822164
5.769433
5.717795
5.667203
5.617635
5.569073
5.521507
5.474899
5.429225
5.384462
5.340597
5.297620
5.255493
5.214195
5.173704
5.134009
5.095100
5.056944
5.019523
4.982816
4.946806
4.911484
4.876841
4.842846
4.809483
4.776736
4.744588
4.713031
4.682052
4.651635
4.621763
4.592420
4.563593
4.535267
4.507435
4.480086
4.453208
5.038845
5.907809
6.916671
7.579249
8.061705
8.424124
8.700831
8.913282
9.075797
9.198300
9.278586
9.327393
9.351253
9.354948
9.342147
9.315748
9.278095
9.231115
9.176430
9.115394
9.049148
8.978660
8.904767
8.828172
8.749477
8.669211
8.587806
8.505642
8.423056
8.340308
8.257663
8.175292
8.093370
8.012054
7.931451
7.851667
7.772802
7.694905
7.618064
7.542297
7.467644
7.394147
7.321814
7.250664
7.180717
7.111957
7.044408
6.978064
6.912905
6.848928
6.786146
6.724521
6.664045
6.604705
6.546498
6.489387
6.433361
6.378406
6.324514
6.271646
6.219788
6.168926
6.119051
6.070122
6.022127
5.975048
5.928875
5.883576
5.839130
5.795523
5.752738
5.710766
5.669574
5.629144
5.589461
5.550511
5.512284
5.474752
5.437899
5.401706
5.366162
5.331254
5.296972
5.263293
5.230199
5.197677
5.165714
5.134295
5.103416
5.073064
5.043217
5.013863
4.984989
4.956583
4.928637
4.901141
4.874090
4.847463
4.821251
4.795443
4.770027
4.744993
4.720337
4.696048
4.672121
4.648544
4.625307
4.602399
4.579814
4.557542
4.535575
4.513909
4.492533
4.471445
4.450641
4.430109
4.409840
4.389829
4.370069
4.350553
4.331275
4.312229
4.293412
4.274816
4.256440
4.238282
4.220330
4.202580
4.185027
4.167665
4.150490
4.133497
4.116682
4.100041
4.083568
4.067264
4.051124
4.035146
4.019324
4.003655
3.988133
3.972756
3.957520
3.942422
3.927458
3.912625
3.897921
3.883342
3.868885
3.854550
3.840332
3.826233
3.812250
3.798377
3.784613
3.770955
3.757400
3.743947
3.730592
3.717333
3.704170
3.691098
3.678118
3.665226
3.652421
3.639703
3.627069
3.614518
3.602052
3.589666
3.577358
3.565126
3.552969
3.540886
3.528874
3.516933
3.505061
3.493256
3.481519
3.469846
3.458238
3.446692
3.435208
3.423787
3.412425
3.401124
3.389883
3.378700
3.367575
3.356505
3.345489
3.334528
3.323619
3.312762
3.301956
3.291200
3.280494
3.269836
3.259226
3.248664
3.238147
3.227677
3.217252
3.206872
3.196536
3.186246
3.175999
3.165797
3.155637
3.145520
3.135443
3.125407
3.115411
3.105454
3.095536
3.085657
3.075815
3.066011
3.056244
3.046513
3.036819
3.027161
3.017537
3.007949
2.998395
2.988877
2.979392
2.969942
2.960526
2.951146
2.941799
2.932485
2.923203
2.913953
2.904735
2.895549
2.886393
2.877269
2.868175
2.859111
2.850077
2.841072
2.832097
2.823152
2.814235
2.805347
2.796487
2.787656
2.778853
2.770078
2.761331
2.752613
2.743922
2.735261
2.726628
2.718021
2.709442
2.700889
2.692363
2.683864
2.675390
2.666942
2.658520
2.650123
2.641752
2.633406
2.625086
2.616790
2.608519
2.600272
2.592050
2.583853
2.575679
2.567530
2.559405
2.551304
2.543227
2.535174
2.527145
2.519142
2.511163
2.503207
2.495275
2.487365
2.479480
2.471616
2.463776
2.455959
2.448164
2.440391
2.432641
2.424914
2.417208
2.409524
2.401863
2.394223
2.386605
2.379008
2.371433
2.363880
2.356348
2.348838
2.341348
2.333880
2.326434
2.319008
2.311605
2.304224
2.296864
2.289526
2.282208
2.274911
2.267635
2.260379
2.253144
2.245930
2.238736
2.231562
2.224408
2.217274
2.210160
2.203067
2.195993
2.188939
2.181904
2.174890
2.167895
2.160919
2.153963
2.147026
2.140109
2.133211
2.126332
2.119472
2.112632
2.105811
2.099010
2.092228
2.085466
2.078723
2.072000
2.065295
2.058609
2.051943
2.045294
2.038665
2.032054
2.025461
2.018887
2.012332
2.005794
1.999275
1.992774
1.986291
1.979826
1.973380
1.966951
1.960540
1.954147
1.947771
1.941414
1.935074
1.928752
1.922447
1.916160
1.909891
1.903639
1.897404
1.891187
1.884988
1.878806
1.872643
1.866497
1.860368
1.854257
1.848164
1.842087
1.836027
1.829985
1.823959
1.817951
1.811959
1.805984
1.800026
1.794084
1.788159
1.782251
1.776359
1.770484
1.764625
1.758782
1.752956
1.747146
1.741353
1.735575
1.729814
1.724069
1.718340
1.712627
1.706930
1.701250
1.695585
1.689936
1.684302
1.678685
1.673084
1.667498
1.661928
1.656375
1.650838
1.645317
1.639811
1.634321
1.628847
1.623388
1.617945
1.612517
1.607104
1.601707
1.596325
1.590958
1.585607
1.580270
1.574949
1.569642
1.564351
1.559074
1.553813
1.548566
1.543334
1.538117
1.532915
1.527727
1.522554
1.517396
1.512252
1.507123
1.502009
1.496908
1.491823
1.486751
1.481695
1.476652
1.471624
1.466610
1.461610
1.456625
1.451653
1.446696
1.441754
1.436826
1.431913
1.427014
1.422128
1.417257
1.412400
1.407556
1.402727
1.397911
1.393110
1.388321
1.383547
1.378786
1.374039
1.369305
1.364585
1.359879
1.355186
1.350506
1.345840
1.341187
1.336548
1.331921
1.327308
1.322708
1.318122
1.313548
1.308988
1.304441
1.299906
1.295385
1.290877
1.286382
1.281899
1.277430
1.272973
1.268529
1.264098
1.259680
1.255274
1.250881
1.246501
1.242133
1.237778
1.233436
1.229106
1.224789
1.220485
1.216194
1.211915
1.207649
1.203395
1.199153
1.194924
1.190707
1.186502
1.182309
1.178129
1.173961
1.169805
1.165661
1.161529
1.157409
1.153301
1.149205
1.145121
1.141048
1.136988
1.132939
1.128902
1.124877
1.120864
1.116862
1.112872
1.108893
1.104926
1.100971
1.097027
1.093095
1.089174
1.085265
1.081367
1.077480
1.073605
1.069741
1.065888
1.062047
1.058217
1.054398
1.050590
1.046793
1.043008
1.039234
1.035470
1.031718
1.027977
1.024246
1.020527
1.016819
1.013121
1.009435
1.005760
1.002095
0.998442
0.994800
0.991168
0.987547
0.983937
0.980337
0.976749
0.973170
0.969603
0.966046
0.962499
0.958963
0.955437
0.951922
0.948417
0.944923
0.941439
0.937965
0.934502
0.931049
0.927606
0.924173
0.920750
0.917338
0.913936
0.910544
0.907162
0.903790
0.900428
0.897076
0.893734
0.890401
0.887079
0.883767
0.880465
0.877172
0.873889
0.870616
0.867353
0.864100
0.860856
0.857622
0.854397
0.851183
0.847977
0.844782
0.841596
0.838419
0.835253
0.832095
0.828947
0.825809
0.822679
0.819560
0.816449
0.813348
0.810257
0.807174
0.804101
0.801037
0.797982
0.794937
0.791901
0.788874
0.785856
0.782848
0.779849
0.776859
0.773878
0.770906
0.767943
0.764989
0.762044
0.759108
0.756181
0.753263
0.750353
0.747453
0.744561
0.741678
0.738804
0.735938
0.733081
0.730233
0.727394
0.724563
0.721741
0.718927
0.716122
0.713326
0.710538
0.707758
0.704987
0.702225
0.699470
0.696725
0.693988
0.691259
0.688538
0.685826
0.683122
0.680426
0.677739
0.675060
0.672389
0.669726
0.667071
0.664425
0.661787
0.659157
0.656535
0.653921
0.651315
0.648717
0.646127
0.643545
0.640971
0.638405
0.635847
0.633296
0.630754
0.628220
0.625693
0.623174
0.620663
0.618160
0.615665
0.613177
0.610697
0.608225
0.605760
0.603303
0.600854
0.598412
0.595978
0.593551
0.591132
0.588721
0.586317
0.583921
0.581532
0.579150
0.576776
0.574410
0.572051
0.569699
0.567355
0.565019
0.562689
0.560367
0.558053
0.555745
0.553445
0.551153
0.548867
0.546589
0.544317
0.542053
0.539796
0.537547
0.535304
0.533068
0.530840
0.528618
0.526404
0.524196
0.521996
0.519803
0.517616
0.515437
0.513264
0.511098
0.508939
0.506787
0.504642
0.502504
0.500372
0.498248
0.496130
0.494019
0.491914
0.489817
0.487726
0.485641
0.483564
0.481493
0.479428
0.477371
0.475320
0.473275
0.471237
0.469206
0.467181
0.465163
0.463151
0.461145
0.459147
0.457154
0.455168
0.453189
0.451216
0.449249
0.447288
0.445334
0.443387
0.441445
0.439510
0.437581
0.435659
0.433743
0.431833
0.429929
0.428031
0.426140
0.424255
0.422376
0.420503
0.418636
0.416775
0.414921
0.413072
0.411230
0.409394
0.407563
0.405739
0.403921
0.402109
0.400302
0.398502
0.396708
0.394919
0.393136
0.391360
0.389589
0.387824
0.386065
0.384312
0.382564
0.380823
0.379087
0.377357
0.375633
0.373914
0.372202
0.370495
0.368793
0.367098
0.365408
0.363724
0.362045
0.360372
0.358705
0.357043
0.355387
0.353736
0.352091
0.350452
0.348818
0.347190
0.345568
0.343950
0.342339
0.340733
0.339132
0.337536
0.335947
0.334362
0.332783
0.331209
0.329641
0.328078
0.326521
0.324968
0.323421
0.321880
0.320344
0.318812
0.317287
0.315766
0.314251
0.312741
0.311236
0.309736
0.308242
0.306752
0.305268
0.303789
0.302315
0.300846
0.299383
0.297924
0.296470
0.295022
0.293579
0.292140
0.290707
0.289279
0.287855
0.286437
0.285023
0.283615
0.282212
0.280813
0.279420
0.278031
0.276647
0.275268
0.273894
0.272525
0.271161
0.269801
0.268447
0.267097
0.265752
0.264412
0.263076
0.261746
0.260420
0.259099
0.257782
0.256471
0.255164
0.253861
0.252564
0.251271
0.249982
0.248699
0.247420
0.246145
0.244876
0.243610
0.242350
0.241094
0.239842
0.238596
0.237353
0.236115
0.234882
0.233653
0.232429
0.231209
0.229994
0.228783
0.227577
0.226375
0.225177
0.223984
0.222795
0.221611
0.220431
0.219256
0.218084
0.216918
0.215755
0.214597
0.213443
0.212294
0.211148
0.210007
0.208871
0.207738
0.206610
0.205486
0.204366
0.203251
0.202140
0.201033
0.199930
0.198831
0.197736
0.196646
0.195560
0.194478
0.193400
0.192326
0.191256
0.190190
0.189129
0.188071
0.187018
0.185968
0.184923
0.183881
0.182844
0.181811
0.180781
0.179756
0.178734
0.177717
0.176704
0.175694
0.174688
0.173687
0.172689
0.171695
0.170705
0.169719
0.168737
0.167758
0.166784
0.165813
0.164846
0.163883
0.162924
0.161969
0.161017
0.160069
0.159125
0.158185
0.157248
0.156315
0.155386
0.154461
0.153539
0.152621
0.151707
0.150797
0.149890
0.148986
0.148087
0.147191
0.146298
0.145410
0.144525
0.143643
0.142765
0.141891
0.141020
0.140153
0.139289
0.138429
0.137572
0.136719
0.135870
0.135024
0.134181
0.133342
0.132507
0.131675
0.130846
0.130021
0.129199
0.128381
0.127566
0.126755
0.125947
0.125142
0.124341
0.123543
0.122748
0.121957
0.121169
0.120384
0.119603
0.118825
0.118050
0.117279
0.116511
0.115746
0.114985
0.114226
0.113471
0.112720
0.111971
0.111226
0.110483
0.109744
0.109009
0.108276
0.107547
0.106820
0.106097
0.105377
0.104660
0.103947
0.103236
0.102529
0.101824
0.101123
0.100425
0.099729
0.099037
0.098348
0.097662
0.096979
0.096299
0.095622
0.094948
0.094277
0.093609
0.092944
0.092282
0.091623
0.090967
0.090313
0.089663
0.089016
0.088371
0.087729
0.087091
0.086455
0.085822
0.085192
0.084565
0.083940
0.083319
0.082700
0.082084
0.081471
0.080861
0.080253
0.079649
0.079047
0.078448
0.077851
0.077258
0.076667
0.076079
0.075493
0.074910
0.074330
0.073753
0.073178
0.072606
0.072037
0.071470
0.070906
0.070345
0.069786
0.069230
0.068677
0.068126
0.067578
0.067032
0.066489
0.065948
0.065410
0.064875
0.064342
0.063812
0.063284
0.062759
0.062236
0.061715
0.061198
0.060682
0.060170
0.059659
0.059151
0.058646
0.058143
0.057642
0.057144
0.056648
0.056155
0.055664
0.055176
0.054690
0.054206
0.053724
0.053245
0.052769
0.052294
0.051822
0.051353
0.050885
0.050420
0.049957
0.049497
0.049039
0.048583
0.048129
0.047678
0.047228
0.046782
0.046337
0.045894
0.045454
0.045016
0.044580
0.044147
0.043715
0.043286
0.042859
0.042434
0.042011
0.041590
0.041172
0.040755
0.040341
0.039929
0.039518
0.039110
0.038704
0.038301
0.037899
0.037499
0.037101
0.036706
0.036312
0.035921
0.035531
0.035143
0.034758
0.034374
0.033993
0.033613
0.033236
0.032860
0.032486
0.032115
0.031745
0.031377
0.031011
0.030647
0.030285
0.029925
0.029566
0.029210
0.028855
0.028503
0.028152
0.027803
0.027456
0.027110
0.026767
0.026425
0.026085
0.025747
0.025411
0.025077
0.024744
0.024413
0.024084
0.023757
0.023431
0.023107
0.022785
0.022465
0.022146
0.021829
0.021514
0.021201
0.020889
0.020579
0.020270
0.019963
0.019658
0.019355
0.019053
0.018753
0.018454
0.018157
0.017862
0.017569
0.017276
0.016986
0.016697
0.016410
0.016124
0.015840
0.015557
0.015276
0.014997
0.014719
0.014443
0.014168
0.013894
0.013622
0.013352
0.013083
0.012816
0.012550
0.012286
0.012023
0.011761
0.011501
0.011243
0.010986
0.010730
0.010476
0.010223
0.009971
0.009721
0.009473
0.009225
0.008980
0.008735
0.008492
0.008250
0.008010
0.007771
0.007533
0.007297
0.007062
0.006828
0.006596
0.006365
0.006135
0.005907
0.005680
0.005454
0.005229
0.005006
0.004784
0.004563
0.004344
0.004125
0.003908
0.003692
0.003478
0.003264
0.003052
0.002841
0.002632
0.002423
0.002216
0.002009
0.001804
0.001601
0.001398
0.001196
0.000996
0.000797
0.000599
0.000402
0.000206
0.000011
-0.000182
-0.000375
-0.000566
-0.000757
-0.000946
-0.001134
-0.001321
-0.001507
-0.001692
-0.001876
-0.002058
-0.002240
-0.002421
-0.002601
-0.002779
-0.002957
-0.003134
-0.003309
-0.003484
-0.003657
-0.003830
-0.004002
-0.004172
-0.004342
-0.004511
-0.004678
-0.004845
-0.005011
-0.005176
-0.005340
-0.005503
-0.005665
-0.005826
-0.005986
-0.006145
-0.006304
-0.006461
-0.006618
-0.006774
-0.006928
-0.007082
-0.007235
-0.007388
-0.007539
-0.007689
-0.007839
-0.007988
-0.008136
-0.008283
-0.008429
-0.008574
-0.008719
-0.008863
-0.009006
-0.009148
-0.009289
-0.009430
-0.009569
-0.009708
-0.009847
-0.009984
-0.010121
-0.010257
-0.010392
-0.010526
-0.010660
-0.010792
-0.010925
-0.011056
-0.011187
-0.011317
-0.011446
-0.011574
-0.011702
-0.011829
-0.011955
-0.012081
-0.012206
-0.012330
-0.012454
-0.012577
-0.012699
-0.012821
-0.012941
-0.013062
-0.013181
-0.013300
-0.013418
-0.013536
-0.013653
-0.013769
-0.013885
-0.014000
-0.014115
-0.014228
-0.014342
-0.014454
-0.014566
-0.014678
-0.014789
-0.014899
-0.015008
-0.015118
-0.015226
-0.015334
-0.015441
-0.015548
-0.015654
-0.015760
-0.015865
-0.015969
-0.016073
-0.016177
-0.016280
-0.016382
-0.016484
-0.016585
-0.016686
-0.016786
-0.016886
-0.016985
-0.017084
-0.017182
-0.017280
-0.017377
-0.017474
-0.017570
-0.017666
-0.017761
-0.017856
-0.017950
-0.018044
-0.018137
-0.018230
-0.018323
-0.018414
-0.018506
-0.018597
-0.018688
-0.018778
-0.018868
-0.018957
-0.019046
-0.019134
-0.019222
-0.019310
-0.019397
-0.019483
-0.019570
-0.019656
-0.019741
-0.019826
-0.019911
-0.019995
-0.020079
-0.020162
-0.020245
-0.020328
-0.020410
-0.020492
-0.020574
-0.020655
-0.020736
-0.020816
-0.020896
-0.020976
-0.021055
-0.021134
-0.021213
-0.021291
-0.021369
-0.021447
-0.021524
-0.021601
-0.021677
-0.021753
-0.021829
-0.021905
-0.021980
-0.022055
-0.022129
-0.022204
-0.022277
-0.022351
-0.022424
-0.022497
-0.022570
-0.022642
-0.022714
-0.022786
-0.022857
-0.022928
-0.022999
-0.023070
-0.023140
-0.023210
-0.023280
-0.023349
-0.023418
-0.023487
-0.023555
-0.023624
-0.023692
-0.023759
-0.023827
-0.023894
-0.023961
-0.024027
-0.024094
-0.024160
-0.024226
-0.024291
-0.024357
-0.024422
-0.024487
-0.024551
-0.024616
-0.024680
-0.024744
-0.024807
-0.024871
-0.024934
-0.024997
-0.025059
-0.025122
-0.025184
-0.025246
-0.025308
-0.025369
-0.025431
-0.025492
-0.025553
-0.025613
-0.025674
-0.025734
-0.025794
-0.025854
-0.025913
-0.025973
-0.026032
-0.026091
-0.026150
-0.026208
-0.026267
-0.026325
-0.026383
-0.026440
-0.026498
-0.026555
-0.026613
-0.026670
-0.026726
-0.026783
-0.026839
-0.026896
-0.026952
-0.027008
-0.027063
-0.027119
-0.027174
-0.027229
-0.027284
-0.027339
-0.027394
-0.027448
-0.027503
-0.027557
-0.027611
-0.027664
-0.027718
-0.027772
-0.027825
-0.027878
-0.027931
-0.027984
-0.028036
-0.028089
-0.028141
-0.028193
-0.028245
-0.028297
-0.028349
-0.028400
-0.028452
-0.028503
-0.028554
-0.028605
-0.028656
-0.028707
-0.028757
-0.028807
-0.028858
-0.028908
-0.028958
-0.029007
-0.029057
-0.029107
-0.029156
-0.029205
-0.029254
-0.029303
-0.029352
-0.029401
-0.029449
-0.029498
-0.029546
-0.029594
-0.029642
-0.029690
-0.029738
-0.029785
-0.029833
-0.029880
-0.029928
-0.029975
-0.030022
-0.030069
-0.030115
-0.030162
-0.030209
-0.030255
-0.030301
-0.030347
-0.030393
-0.030439
-0.030485
-0.030531
-0.030576
-0.030622
-0.030667
-0.030712
-0.030757
-0.030802
-0.030847
-0.030892
-0.030937
-0.030981
-0.031026
-0.031070
-0.031114
-0.031158
-0.031202
-0.031246
-0.031290
-0.031333
-0.031377
-0.031420
-0.031464
-0.031507
-0.031550
-0.031593
-0.031636
-0.031679
-0.031722
-0.031764
-0.031807
-0.031849
-0.031891
-0.031934
-0.031976
-0.032018
-0.032060
-0.032101
-0.032143
-0.032185
-0.032226
-0.032268
-0.032309
-0.032350
-0.032391
-0.032432
-0.032473
-0.032514
-0.032555
-0.032595
-0.032636
-0.032676
-0.032717
-0.032757
-0.032797
-0.032837
-0.032877
-0.032917
-0.032957
-0.032997
-0.033036
-0.033076
-0.033115
-0.033155
-0.033194
-0.033233
-0.033272
-0.033311
-0.033350
-0.033389
-0.033428
-0.033467
-0.033505
-0.033544
-0.033582
-0.033620
-0.033659
-0.033697
-0.033735
-0.033773
-0.033811
-0.033848
-0.033886
-0.033924
-0.033961
-0.033999
-0.034036
-0.034073
-0.034111
-0.034148
-0.034185
-0.034222
-0.034259
-0.034296
-0.034332
-0.034369
-0.034406
-0.034442
-0.034478
-0.034515
-0.034551
-0.034587
-0.034623
-0.034659
-0.034695
-0.034731
-0.034767
-0.034803
-0.034838
-0.034874
-0.034909
-0.034945
-0.034980
-0.035015
-0.035050
-0.035086
-0.035121
-0.035155
-0.035190
-0.035225
-0.035260
-0.035294
-0.035329
-0.035363
-0.035398
-0.035432
-0.035466
-0.035501
-0.035535
-0.035569
-0.035603
-0.035637
-0.035670
-0.035704
-0.035738
-0.035772
-0.035805
-0.035838
-0.035872
-0.035905
-0.035938
-0.035972
-0.036005
-0.036038
-0.036071
-0.036104
-0.036136
-0.036169
-0.036202
-0.036234
-0.036267
-0.036299
-0.036332
-0.036364
-0.036396
-0.036428
-0.036461
-0.036493
-0.036525
-0.036557
-0.036588
-0.036620
-0.036652
-0.036683
-0.036715
-0.036746
-0.036778
-0.036809
-0.036841
-0.036872
-0.036903
-0.036934
-0.036965
-0.036996
-0.037027
-0.037058
-0.037088
-0.037119
-0.037150
-0.037180
-0.037211
-0.037241
-0.037272
-0.037302
-0.037332
-0.037362
-0.037392
-0.037422
-0.037452
-0.037482
-0.037512
-0.037542
-0.037571
-0.037601
-0.037631
-0.037660
-0.037690
-0.037719
-0.037748
-0.037778
-0.037807
-0.037836
-0.037865
-0.037894
-0.037923
-0.037952
-0.037981
-0.038009
-0.038038
-0.038067
-0.038095
-0.038124
-0.038152
-0.038181
-0.038209
-0.038237
-0.038265
-0.038293
-0.038321
-0.038350
-0.038377
-0.038405
-0.038433
-0.038461
-0.038489
-0.038516
-0.038544
-0.038571
-0.038599
-0.038626
-0.038654
-0.038681
-0.038708
-0.038735
-0.038762
-0.038789
-0.038816
-0.038843
-0.038870
-0.038897
-0.038924
-0.038950
-0.038977
-0.039004
-0.039030
-0.039056
-0.039083
-0.039109
-0.039135
-0.039162
-0.039188
-0.039214
-0.039240
-0.039266
-0.039292
-0.039318
-0.039344
-0.039369
-0.039395
-0.039421
-0.039446
-0.039472
-0.039497
-0.039523
-0.039548
-0.039573
-0.039599
-0.039624
-0.039649
-0.039674
-0.039699
-0.039724
-0.039749
-0.039774
-0.039799
-0.039823
-0.039848
-0.039873
-0.039897
-0.039922
-0.039946
-0.039971
-0.039995
-0.040019
-0.040044
-0.040068
-0.040092
-0.040116
-0.040140
-0.040164
-0.040188
-0.040212
-0.040236
-0.040259
-0.040283
-0.040307
-0.040330
-0.040354
-0.040377
-0.040401
-0.040424
-0.040448
-0.040471
-0.040494
-0.040517
-0.040540
-0.040564
-0.040587
-0.040610
-0.040632
-0.040655
-0.040678
-0.040701
-0.040724
-0.040746
-0.040769
-0.040792
-0.040814
-0.040837
-0.040859
-0.040881
-0.040904
-0.040926
-0.040948
-0.040970
-0.040992
-0.041014
-0.041036
-0.041058
-0.041080
-0.041102
-0.041124
-0.041146
-0.041167
-0.041189
-0.041211
-0.041232
-0.041254
-0.041275
-0.041297
-0.041318
-0.041339
-0.041361
-0.041382
-0.041403
-0.041424
-0.041445
-0.041466
-0.041487
-0.041508
-0.041529
-0.041550
-0.041571
-0.041591
-0.041612
-0.041633
-0.041653
-0.041674
-0.041694
-0.041715
-0.041735
-0.041756
-0.041776
-0.041796
-0.041816
-0.041837
-0.041857
-0.041877
-0.041897
-0.041917
-0.041937
-0.041957
-0.041977
-0.041996
-0.042016
-0.042036
-0.042056
-0.042075
-0.042095
-0.042114
-0.042134
-0.042153
-0.042173
-0.042192
-0.042211
-0.042231
-0.042250
-0.042269
-0.042288
-0.042307
-0.042326
-0.042345
-0.042364
-0.042383
-0.042402
-0.042421
-0.042440
-0.042458
-0.042477
-0.042496
-0.042514
-0.042533
-0.042552
-0.042570
-0.042588
-0.042607
-0.042625
-0.042644
-0.042662
-0.042680
-0.042698
-0.042716
-0.042735
-0.042753
-0.042771
-0.042789
-0.042807
-0.042824
-0.042842
-0.042860
-0.042878
-0.042896
-0.042913
-0.042931
-0.042949
-0.042966
-0.042984
-0.043001
-0.043019
-0.043036
-0.043053
-0.043071
-0.043088
-0.043105
-0.043122
-0.043139
-0.043157
-0.043174
-0.043191
-0.043208
-0.043225
-0.043242
-0.043259
-0.043275
-0.043292
-0.043309
-0.043326
-0.043342
-0.043359
-0.043376
-0.043392
-0.043409
-0.043425
-0.043442
-0.043458
-0.043474
-0.043491
-0.043507
-0.043523
-0.043540
-0.043556
-0.043572
-0.043588
-0.043604
-0.043620
-0.043636
-0.043652
-0.043668
-0.043684
-0.043700
-0.043716
-0.043731
-0.043747
-0.043763
-0.043778
-0.043794
-0.043810
-0.043825
-0.043841
-0.043856
-0.043872
-0.043887
-0.043903
-0.043918
-0.043933
-0.043948
-0.043964
-0.043979
-0.043994
-0.044009
-0.044024
-0.044039
-0.044054

