0.000000
0.000000
-0.000026
-0.000052
-0.000077
-0.000103
-0.000128
-0.000153
-0.000177
-0.000201
-0.000224
-0.000247
-0.000270
-0.000293
-0.000315
-0.000337
-0.000359
-0.000380
-0.000402
-0.000423
-0.000444
-0.000465
-0.000485
-0.000506
-0.000526
-0.000547
-0.000567
-0.000587
-0.000607
-0.000627
-0.000647
-0.000667
-0.000687
-0.000707
-0.000726
-0.000746
-0.000766
-0.000785
-0.000805
-0.000824
-0.000844
-0.000863
-0.000883
-0.000902
-0.000922
-0.000941
-0.000961
-0.000980
-0.001000
-0.001019
-0.001038
-0.001058
-0.001077
-0.001097
-0.001116
-0.001135
-0.001155
-0.001174
-0.001194
-0.001213
-0.001233
-0.001252
-0.001271
-0.001291
-0.001310
-0.001330
-0.001349
-0.001369
-0.001388
-0.001408
-0.001428
-0.001447
-0.001467
-0.001486
-0.001506
-0.001525
-0.001545
-0.001565
-0.001584
-0.001604
-0.001624
-0.001644
-0.001663
-0.001683
-0.001703
-0.001723
-0.001743
-0.001762
-0.001782
-0.001802
-0.001822
-0.001842
-0.001862
-0.001882
-0.001902
-0.001922
-0.001942
-0.001962
-0.001982
-0.002002
-0.002022
-0.002042
-0.002063
-0.002083
-0.002103
-0.002123
-0.002143
-0.002164
-0.002184
-0.002204
-0.002225
-0.002245
-0.002265
-0.002286
-0.002306
-0.002326
-0.002347
-0.002367
-0.002388
-0.002408
-0.002429
-0.002449
-0.002470
-0.002491
-0.002511
-0.002532
-0.002553
-0.002573
-0.002594
-0.002615
-0.002635
-0.002656
-0.002677
-0.002698
-0.002719
-0.002739
-0.002760
-0.002781
-0.002802
-0.002823
-0.002844
-0.002865
-0.002886
-0.002907
-0.002928
-0.002949
-0.002970
-0.002991
-0.003012
-0.003033
-0.003054
-0.003075
-0.003097
-0.003118
-0.003139
-0.003160
-0.003181
-0.003203
-0.003224
-0.003245
-0.003266
-0.003288
-0.003309
-0.003330
-0.003352
-0.003373
-0.003395
-0.003416
-0.003437
-0.003459
-0.003480
-0.003502
-0.003523
-0.003545
-0.003566
-0.003588
-0.003610
-0.003631
-0.003653
-0.003674
-0.003696
-0.003718
-0.003739
-0.003761
-0.003783
-0.003804
-0.003826
-0.003848
-0.003869
-0.003891
-0.003913
-0.003935
-0.003956
-0.003978
-0.004000
-0.004022
-0.004044
-0.004066
-0.004088
-0.004109
-0.004131
-0.004153
-0.004175
-0.004197
-0.004219
-0.004241
-0.004263
-0.004285
-0.004307
-0.004329
-0.004351
-0.004373
-0.004395
-0.004417
-0.004439
-0.004461
-0.004483
-0.004505
-0.004527
-0.004550
-0.004572
-0.004594
-0.004616
-0.004638
-0.004660
-0.004683
-0.004705
-0.004727
-0.004749
-0.004771
-0.004794
-0.004816
-0.004838
-0.004860
-0.004883
-0.004905
-0.004927
-0.004949
-0.004972
-0.004994
-0.005016
-0.005039
-0.005061
-0.005083
-0.005106
-0.005128
-0.005150
-0.005173
-0.005195
-0.005218
-0.005240
-0.005262
-0.005285
-0.005307
-0.005330
-0.005352
-0.005375
-0.005397
-0.005419
-0.005442
-0.005464
-0.005487
-0.005509
-0.005532
-0.005554
-0.005577
-0.005599
-0.005622
-0.005644
-0.005667
-0.005690
-0.005712
-0.005735
-0.005757
-0.005780
-0.005802
-0.005825
-0.005847
-0.005870
-0.005893
-0.005915
-0.005938
-0.005960
-0.005983
-0.006006
-0.006028
-0.006051
-0.006073
-0.006096
-0.006119
-0.006141
-0.006164
-0.006187
-0.006209
-0.006232
-0.006255
-0.006277
-0.006300
-0.006323
-0.006345
-0.006368
-0.006391
-0.006413
-0.006436
-0.006459
-0.006482
-0.006504
-0.006527
-0.006550
-0.006572
-0.006595
-0.006618
-0.006641
-0.006663
-0.006686
-0.006709
-0.006731
-0.006754
-0.006777
-0.006800
-0.006822
-0.006845
-0.006868
-0.006891
-0.006913
-0.006936
-0.006959
-0.006982
-0.007004
-0.007027
-0.007050
-0.007073
-0.007095
-0.007118
-0.007141
-0.007164
-0.007187
-0.007209
-0.007232
-0.007255
-0.007278
-0.007300
-0.007323
-0.007346
-0.007369
-0.007392
-0.007414
-0.007437
-0.007460
-0.007483
-0.007505
-0.007528
-0.007551
-0.007574
-0.007597
-0.007619
-0.007642
-0.007665
-0.007688
-0.007711
-0.007733
-0.007756
-0.007779
-0.007802
-0.007825
-0.007847
-0.007870
-0.007893
-0.007916
-0.007939
-0.007961
-0.007984
-0.008007
-0.008030
-0.008052
-0.008075
-0.008098
-0.008121
-0.008144
-0.008166
-0.008189
-0.008212
-0.008235
-0.008258
-0.008280
-0.008303
-0.008326
-0.008349
-0.008371
-0.008394
-0.008417
-0.008440
-0.008462
-0.008485
-0.008508
-0.008531
-0.008554
-0.008576
-0.008599
-0.008622
-0.008645
-0.008667
-0.008690
-0.008713
-0.008736
-0.008758
-0.008781
-0.008804
-0.008827
-0.008849
-0.008872
-0.008895
-0.008917
-0.008940
-0.008963
-0.008986
-0.009008
-0.009031
-0.009054
-0.009077
-0.009099
-0.009122
-0.009145
-0.009167
-0.009190
-0.009213
-0.009235
-0.009258
-0.009281
-0.009304
-0.009326
-0.009349
-0.009372
-0.009394
-0.009417
-0.009440
-0.009462
-0.009485
-0.009508
-0.009530
-0.009553
-0.009576
-0.009598
-0.009621
-0.009643
-0.009666
-0.009689
-0.009711
-0.009734
-0.009757
-0.009779
-0.009802
-0.009824
-0.009847
-0.009870
-0.009892
-0.009915
-0.009937
-0.009960
-0.009983
-0.010005
-0.010028
-0.010050
-0.010073
-0.010095
-0.010118
-0.010141
-0.010163
-0.010186
-0.010208
-0.010231
-0.010253
-0.010276
-0.010298
-0.010321
-0.010343
-0.010366
-0.010388
-0.010411
-0.010433
-0.010456
-0.010478
-0.010501
-0.010523
-0.010546
-0.010568
-0.010591
-0.010613
-0.010636
-0.010658
-0.010680
-0.010703
-0.010725
-0.010748
-0.010770
-0.010793
-0.010815
-0.010837
-0.010860
-0.010882
-0.010905
-0.010927
-0.010949
-0.010972
-0.010994
-0.011017
-0.011039
-0.011061
-0.011084
-0.011106
-0.011128
-0.011151
-0.011173
-0.011195
-0.011218
-0.011240
-0.011262
-0.011285
-0.011307
-0.011329
-0.011351
-0.011374
-0.011396
-0.011418
-0.011440
-0.011463
-0.011485
-0.011507
-0.011529
-0.011552
-0.011574
-0.011596
-0.011618
-0.011641
-0.011663
-0.011685
-0.011707
-0.011729
-0.011752
-0.011774
-0.011796
-0.011818
-0.011840
-0.011862
-0.011884
-0.011907
-0.011929
-0.011951
-0.011973
-0.011995
-0.012017
-0.012039
-0.012061
-0.012083
-0.012106
-0.012128
-0.012150
-0.012172
-0.012194
-0.012216
-0.012238
-0.012260
-0.012282
-0.012304
-0.012326
-0.012348
-0.012370
-0.012392
-0.012414
-0.012436
-0.012458
-0.012480
-0.012502
-0.012524
-0.012546
-0.012568
-0.012590
-0.012612
-0.012634
-0.012655
-0.012677
-0.012699
-0.012721
-0.012743
-0.012765
-0.012787
-0.012809
-0.012831
-0.012852
-0.012874
-0.012896
-0.012918
-0.012940
-0.012962
-0.012983
-0.013005
-0.013027
-0.013049
-0.013070
-0.013092
-0.013114
-0.013136
-0.013158
-0.013179
-0.013201
-0.013223
-0.013244
-0.013266
-0.013288
-0.013310
-0.013331
-0.013353
-0.013375
-0.013396
-0.013418
-0.013440
-0.013461
-0.013483
-0.013505
-0.013526
-0.013548
-0.013569
-0.013591
-0.013613
-0.013634
-0.013656
-0.013677
-0.013699
-0.013721
-0.013742
-0.013764
-0.013785
-0.013807
-0.013828
-0.013850
-0.013871
-0.013893
-0.013914
-0.013936
-0.013957
-0.013979
-0.014000
-0.014022
-0.014043
-0.014065
-0.014086
-0.014107
-0.014129
-0.014150
-0.014172
-0.014193
-0.014214
-0.014236
-0.014257
-0.014278
-0.014300
-0.014321
-0.014343
-0.014364
-0.014385
-0.014406
-0.014428
-0.014449
-0.014470
-0.014492
-0.014513
-0.014534
-0.014555
-0.014577
-0.014598
-0.014619
-0.014640
-0.014662
-0.014683
-0.014704
-0.014725
-0.014746
-0.014768
-0.014789
-0.014810
-0.014831
-0.014852
-0.014873
-0.014894
-0.014916
-0.014937
-0.014958
-0.014979
-0.015000
-0.015021
-0.015042
-0.015063
-0.015084
-0.015105
-0.015126
-0.015147
-0.015168
-0.015189
-0.015210
-0.015231
-0.015252
-0.015273
-0.015294
-0.015315
-0.015336
-0.015357
-0.015378
-0.015399
-0.015420
-0.015441
-0.015462
-0.015483
-0.015504
-0.015524
-0.015545
-0.015566
-0.015587
-0.015608
-0.015629
-0.015650
-0.015670
-0.015691
-0.015712
-0.015733
-0.015754
-0.015774
-0.015795
-0.015816
-0.015837
-0.015857
-0.015878
-0.015899
-0.015920
-0.015940
-0.015961
-0.015982
-0.016002
-0.016023
-0.016044
-0.016064
-0.016085
-0.016106
-0.016126
-0.016147
-0.016168
-0.016188
-0.016209
-0.016229
-0.016250
-0.016271
-0.016291
-0.016312
-0.016332
-0.016353
-0.016373
-0.016394
-0.016414
-0.016435
-0.016455
-0.016476
-0.016496
-0.016517
-0.016537
-0.016558
-0.016578
-0.016599
-0.016619
-0.016639
-0.016660
-0.016680
-0.016701
-0.016721
-0.016741
-0.016762
-0.016782
-0.016802
-0.016823
-0.016843
-0.016863
-0.016884
-0.016904
-0.016924
-0.016945
-0.016965
-0.016985
-0.017005
-0.017026
-0.017046
-0.017066
-0.017086
-0.017107
-0.017127
-0.017147
-0.017167
-0.017187
-0.017207
-0.017228
-0.017248
-0.017268
-0.017288
-0.017308
-0.017328
-0.017348
-0.017369
-0.017389
-0.017409
-0.017429
-0.017449
-0.017469
-0.017489
-0.017509
-0.017529
-0.017549
-0.017569
-0.017589
-0.017609
-0.017629
-0.017649
-0.017669
-0.017689
-0.017709
-0.017729
-0.017749
-0.017769
-0.017789
-0.017808
-0.017828
-0.017848
-0.017868
-0.017888
-0.017908
-0.017928
-0.017948
-0.017967
-0.017987
-0.018007
-0.018027
-0.018047
-0.018066
-0.018086
-0.018106
-0.018126
-0.018145
-0.018165
-0.018185
-0.018205
-0.018224
-0.018244
-0.018264
-0.018284
-0.018303
-0.018323
-0.018343
-0.018362
-0.018382
-0.018401
-0.018421
-0.018441
-0.018460
-0.018480
-0.018500
-0.018519
-0.018539
-0.018558
-0.018578
-0.018597
-0.018617
-0.018636
-0.018656
-0.018675
-0.018695
-0.018714
-0.018734
-0.018753
-0.018773
-0.018792
-0.018812
-0.018831
-0.018851
-0.018870
-0.018889
-0.018909
-0.018928
-0.018948
-0.018967
-0.018986
-0.019006
-0.019025
-0.019044
-0.019064
-0.019083
-0.019102
-0.019122
-0.019141
-0.019160
-0.019179
-0.019199
-0.019218
-0.019237
-0.019256
-0.019276
-0.019295
-0.019314
-0.019333
-0.019353
-0.019372
-0.019391
-0.019410
-0.019429
-0.019448
-0.019468
-0.019487
-0.019506
-0.019525
-0.019544
-0.019563
-0.019582
-0.019601
-0.019620
-0.019639
-0.019658
-0.019677
-0.019696
-0.019715
-0.019734
-0.019753
-0.019772
-0.019791
-0.019810
-0.019829
-0.019848
-0.019867
-0.019886
-0.019905
-0.019924
-0.019943
-0.019962
-0.019981
-0.020000
-0.020019
-0.020037
-0.020056
-0.020075
-0.020094
-0.020113
-0.020132
-0.020150
-0.020169
-0.020188
-0.020207
-0.020226
-0.020244
-0.020263
-0.020282
-0.020301
-0.020319
-0.020338
-0.020357
-0.020375
-0.020394
-0.020413
-0.020432
-0.020450
-0.020469
-0.020488
-0.020506
-0.020525
-0.020543
-0.020562
-0.020581
-0.020599
-0.020618
-0.020636
-0.020655
-0.020674
-0.020692
-0.020711
-0.020729
-0.020748
-0.020766
-0.020785
-0.020803
-0.020822
-0.020840
-0.020859
-0.020877
-0.020895
-0.020914
-0.020932
-0.020951
-0.020969
-0.020988
-0.021006
-0.021024
-0.021043
-0.021061
-0.021079
-0.021098
-0.021116
-0.021135
-0.021153
-0.021171
-0.021189
-0.021208
-0.021226
-0.021244
-0.021263
-0.021281
-0.021299
-0.021317
-0.021336
-0.021354
-0.021372
-0.021390
-0.021408
-0.021427
-0.021445
-0.021463
-0.021481
-0.021499
-0.021517
-0.021536
-0.021554
-0.021572
-0.021590
-0.021608
-0.021626
-0.021644
-0.021662
-0.021680
-0.021698
-0.021716
-0.021734
-0.021752
-0.021770
-0.021788
-0.021806
-0.021824
-0.021842
-0.021860
-0.021878
-0.021896
-0.021914
-0.021932
-0.021950
-0.021968
-0.021986
-0.022004
-0.022022
-0.022040
-0.022058
-0.022075
-0.022093
-0.022111
-0.022129
-0.022147
-0.022165
-0.022182
-0.022200
-0.022218
-0.022236
-0.022254
-0.022271
-0.022289
-0.022307
-0.022325
-0.022342
-0.022360
-0.022378
-0.022395
-0.022413
-0.022431
-0.022448
-0.022466
-0.022484
-0.022501
-0.022519
-0.022537
-0.022554
-0.022572
-0.022590
-0.022607
-0.022625
-0.022642
-0.022660
-0.022677
-0.022695
-0.022713
-0.022730
-0.022748
-0.022765
-0.022783
-0.022800
-0.022818
-0.022835
-0.022853
-0.022870
-0.022887
-0.022905
-0.022922
-0.022940
-0.022957
-0.022975
-0.022992
-0.023009
-0.023027
-0.023044
-0.023062
-0.023079
-0.023096
-0.023114
-0.023131
-0.023148
-0.023166
-0.023183
-0.023200
-0.023217
-0.023235
-0.023252
-0.023269
-0.023286
-0.023304
-0.023321
-0.023338
-0.023355
-0.023373
-0.023390
-0.023407
-0.023424
-0.023441
-0.023458
-0.023476
-0.023493
-0.023510
-0.023527
-0.023544
-0.023561
-0.023578
-0.023595
-0.023613
-0.023630
-0.023647
-0.023664
-0.023681
-0.023698
-0.023715
-0.023732
-0.023749
-0.023766
-0.023783
-0.023800
-0.023817
-0.023834
-0.023851
-0.023868
-0.023885
-0.023902
-0.023919
-0.023935
-0.023952
-0.023969
-0.023986
-0.024003
-0.024020
-0.024037
-0.024054
-0.024070
-0.024087
-0.024104
-0.024121
-0.024138
-0.024155
-0.024171
-0.024188
-0.024205
-0.024222
-0.024238
-0.024255
-0.024272
-0.024289
-0.024305
-0.024322
-0.024339
-0.024356
-0.024372
-0.024389
-0.024406
-0.024422
-0.024439
-0.024456
-0.024472
-0.024489
-0.024505
-0.024522
-0.024539
-0.024555
-0.024572
-0.024588
-0.024605
-0.024622
-0.024638
-0.024655
-0.024671
-0.024688
-0.024704
-0.024721
-0.024737
-0.024754
-0.024770
-0.024787
-0.024803
-0.024820
-0.024836
-0.024852
-0.024869
-0.024885
-0.024902
-0.024918
-0.024935
-0.024951
-0.024967
-0.024984
-0.025000
-0.025016
-0.025033
-0.025049
-0.025065
-0.025082
-0.025098
-0.025114
-0.025131
-0.025147
-0.025163
-0.025179
-0.025196
-0.025212
-0.025228
-0.025244
-0.025261
-0.025277
-0.025293
-0.025309
-0.025326
-0.025342
-0.025358
-0.025374
-0.025390
-0.025406
-0.025423
-0.025439
-0.025455
-0.025471
-0.025487
-0.025503
-0.025519
-0.025535
-0.025551
-0.025567
-0.025583
-0.025600
-0.025616
-0.025632
-0.025648
-0.025664
-0.025680
-0.025696
-0.025712
-0.025728
-0.025744
-0.025760
-0.025775
-0.025791
-0.025807
-0.025823
-0.025839
-0.025855
-0.025871
-0.025887
-0.025903
-0.025919
-0.025935
-0.025950
-0.025966
-0.025982
-0.025998
-0.026014
-0.026030
-0.026045
-0.026061
-0.026077
-0.026093
-0.026109
-0.026124
-0.026140
-0.026156
-0.026172
-0.026187
-0.026203
-0.026219
-0.026235
-0.026250
-0.026266
-0.026282
-0.026297
-0.026313
-0.026329
-0.026344
-0.026360
-0.026376
-0.026391
-0.026407
-0.026422
-0.026438
-0.026454
-0.026469
-0.026485
-0.026500
-0.026516
-0.026532
-0.026547
-0.026563
-0.026578
-0.026594
-0.026609
-0.026625
-0.026640
-0.026656
-0.026671
-0.026687
-0.026702
-0.026718
-0.026733
-0.026748
-0.026764
-0.026779
-0.026795
-0.026810
-0.026825
-0.026841
-0.026856
-0.026872
-0.026887
-0.026902
-0.026918
-0.026933
-0.026948
-0.026964
-0.026979
-0.026994
-0.027010
-0.027025
-0.027040
-0.027055
-0.027071
-0.027086
-0.027101
-0.027116
-0.027132
-0.027147
-0.027162
-0.027177
-0.027193
-0.027208
-0.027223
-0.027238
-0.027253
-0.027268
-0.027284
-0.027299
-0.027314
-0.027329
-0.027344
-0.027359
-0.027374
-0.027389
-0.027405
-0.027420
-0.027435
-0.027450
-0.027465
-0.027480
-0.027495
-0.027510
-0.027525
-0.027540
-0.027555
-0.027570
-0.027585
-0.027600
-0.027615
-0.027630
-0.027645
-0.027660
-0.027675
-0.027690
-0.027705
-0.027720
-0.027734
-0.027749
-0.027764
-0.027779
-0.027794
-0.027809
-0.027824
-0.027839
-0.027853
-0.027868
-0.027883
-0.027898
-0.027913
-0.027928
-0.027942
-0.027957
-0.027972
-0.027987
-0.028001
-0.028016
-0.028031
-0.028046
-0.028060
-0.028075
-0.028090
-0.028105
-0.028119
-0.028134
-0.028149
-0.028163
-0.028178
-0.028193
-0.028207
-0.028222
-0.028237
-0.028251
-0.028266
-0.028281
-0.028295
-0.028310
-0.028324
-0.028339
-0.028353
-0.028368
-0.028383
-0.028397
-0.028412
-0.028426
-0.028441
-0.028455
-0.028470
-0.028484
-0.028499
-0.028513
-0.028528
-0.028542
-0.028557
-0.028571
-0.028586
-0.028600
-0.028614
-0.028629
-0.028643
-0.028658
-0.028672
-0.028687
-0.028701
-0.028715
-0.028730
-0.028744
-0.028758
-0.028773
-0.028787
-0.028801
-0.028816
-0.028830
-0.028844
-0.028859
-0.028873
-0.028887
-0.028902
-0.028916
-0.028930
-0.028944
-0.028959
-0.028973
-0.028987
-0.029001
-0.029015
-0.029030
-0.029044
-0.029058
-0.029072
-0.029086
-0.029101
-0.029115
-0.029129
-0.029143
-0.029157
-0.029171
-0.029185
-0.029200
-0.029214
-0.029228
-0.029242
-0.029256
-0.029270
-0.029284
-0.029298
-0.029312
-0.029326
-0.029340
-0.029354
-0.029368
-0.029382
-0.029396
-0.029410
-0.029424
-0.029438
-0.029452
-0.029466
-0.029480
-0.029494
-0.029508
-0.029522
-0.029536
-0.029550
-0.029564
-0.029578
-0.029592
-0.029606
-0.029620
-0.029633
-0.029647
-0.029661
-0.029675
-0.029689
-0.029703
-0.029717
-0.029730
-0.029744
-0.029758
-0.029772
-0.029786
-0.029799
-0.029813
-0.029827
-0.029841
-0.029854
-0.029868
-0.029882
-0.029896
-0.029909
-0.029923
-0.029937
-0.029951
-0.029964
-0.029978
-0.029992
-0.030005
-0.030019
-0.030033
-0.030046
-0.030060
-0.030074
-0.030087
-0.030101
-0.030114
-0.030128
-0.030142
-0.030155
-0.030169
-0.030182
-0.030196
-0.030209
-0.030223
-0.030237
-0.030250
-0.030264
-0.030277
-0.030291
-0.030304
-0.030318
-0.030331
-0.030345
-0.030358
-0.030372
-0.030385
-0.030399
-0.030412
-0.030425
-0.030439
-0.030452
-0.030466
-0.030479
-0.030493
-0.030506
-0.030519
-0.030533
-0.030546
-0.030559
-0.030573
-0.030586
-0.030600
-0.030613
-0.030626
-0.030640
-0.030653
-0.030666
-0.030679
-0.030693
-0.030706
-0.030719
-0.030733
-0.030746
-0.030759
-0.030772
-0.030786
-0.030799
-0.030812
-0.030825
-0.030839
-0.030852
-0.030865
-0.030878
-0.030891
-0.030905
-0.030918
-0.030931
-0.030944
-0.030957
-0.030970
-0.030983
-0.030997
-0.031010
-0.031023
-0.031036
-0.031049
-0.031062
-0.031075
-0.031088
-0.031101
-0.031114
-0.031127
-0.031140
-0.031154
-0.031167
-0.031180
-0.031193
-0.031206
-0.031219
-0.031232
-0.031245
-0.031258
-0.031271
-0.031284
-0.031296
-0.031309
-0.031322
-0.031335
-0.031348
-0.031361
-0.031374
-0.031387
-0.031400
-0.031413
-0.031426
-0.031439
-0.031451
-0.031464
-0.031477
-0.031490
-0.031503
-0.031516
-0.031529
-0.031541
-0.031554
-0.031567
-0.031580
-0.031593
-0.031605
-0.031618
-0.031631
-0.031644
-0.031656
-0.031669
-0.031682
-0.031695
-0.031707
-0.031720
-0.031733
-0.031746
-0.031758
-0.031771
-0.031784
-0.031796
-0.031809
-0.031822
-0.031834
-0.031847
-0.031860
-0.031872
-0.031885
-0.031898
-0.031910
-0.031923
-0.031935
-0.031948
-0.031961
-0.031973
-0.031986
-0.031998
-0.032011
-0.032023
-0.032036
-0.032049
-0.032061
-0.032074
-0.032086
-0.032099
-0.032111
-0.032124
-0.032136
-0.032149
-0.032161
-0.032174
-0.032186
-0.032199
-0.032211
-0.032223
-0.032236
-0.032248
-0.032261
-0.032273
-0.032286
-0.032298
-0.032310
-0.032323
-0.032335
-0.032347
-0.032360
-0.032372
-0.032385
-0.032397
-0.032409
-0.032422
-0.032434
-0.032446
-0.032459
-0.032471
-0.032483
-0.032495
-0.032508
-0.032520
-0.032532
-0.032545
-0.032557
-0.032569
-0.032581
-0.032594
-0.032606
-0.032618
-0.032630
-0.032642
-0.032655
-0.032667
-0.032679
-0.032691
-0.032703
-0.032716
-0.032728
-0.032740
-0.032752
-0.032764
-0.032776
-0.032788
-0.032800
-0.032813
-0.032825
-0.032837
-0.032849
-0.032861
-0.032873
-0.032885
-0.032897
-0.032909
-0.032921
-0.032933
-0.032945
-0.032957
-0.032969
-0.032981
-0.032993
-0.033005
-0.033017
-0.033029
-0.033041
-0.033053
-0.033065
-0.033077
-0.033089
-0.033101
-0.033113
-0.033125
-0.033137
-0.033149
-0.033161
-0.033173
-0.033185
-0.033197
-0.033209
-0.033220
-0.033232
-0.033244
-0.033256
-0.033268
-0.033280
-0.033292
-0.033303
-0.033315
-0.033327
-0.033339
-0.033351
-0.033362
-0.033374
-0.033386
-0.033398
-0.033410
-0.033421
-0.033433
-0.033445
-0.033457
-0.033468
-0.033480
-0.033492
-0.033504
-0.033515
-0.033527
-0.033539
-0.033550
-0.033562
-0.033574
-0.033585
-0.033597
-0.033609
-0.033620
-0.033632
-0.033644
-0.033655
-0.033667
-0.033679
-0.033690
-0.033702
-0.033713
-0.033725
-0.033737
-0.033748
-0.033760
-0.033771
-0.033783
-0.033795
-0.033806
-0.033818
-0.033829
-0.033841
-0.033852
-0.033864
-0.033875
-0.033887
-0.033898
-0.033910
-0.033921
-0.033933
-0.033944
-0.033956
-0.033967
-0.033979
-0.033990
-0.034001
-0.034013
-0.034024
-0.034036
-0.034047
-0.034059
-0.034070
-0.034081
-0.034093
-0.034104
-0.034116
-0.034127
-0.034138
-0.034150
-0.034161
-0.034172
-0.034184
-0.034195
-0.034206
-0.034218
-0.034229
-0.034240
-0.034252
-0.034263
-0.034274
-0.034285
-0.034297
-0.034308
-0.034319
-0.034330
-0.034342
-0.034353
-0.034364
-0.034375
-0.034387
-0.034398
-0.034409
-0.034420
-0.034431
-0.034443
-0.034454
-0.034465
-0.034476
-0.034487
-0.034498
-0.034510
-0.034521
-0.034532
-0.034543
-0.034554
-0.034565
-0.034576
-0.034588
-0.034599
-0.034610
-0.034621
-0.034632
-0.034643
-0.034654
-0.034665
-0.034676
-0.034687
-0.034698
-0.034709
-0.034720
-0.034731
-0.034742
-0.034753
-0.034764
-0.034775
-0.034786
-0.034797
-0.034808
-0.034819
-0.034830
-0.034841
-0.034852
-0.034863
-0.034874
-0.034885
-0.034896
-0.034907
-0.034918
-0.034929
-0.034940
-0.034950
-0.034961
-0.034972
-0.034983
-0.034994
-0.035005
-0.035016
-0.035027
-0.035037
-0.035048
-0.035059
-0.035070
-0.035081
-0.035092
-0.035102
-0.035113
-0.035124
-0.035135
-0.035146
-0.035156
-0.035167
-0.035178
-0.035189
-0.035199
-0.035210
-0.035221
-0.035232
-0.035242
-0.035253
-0.035264
-0.035275
-0.035285
-0.035296
-0.035307
-0.035317
-0.035328
-0.035339
-0.035349
-0.035360
-0.035371
-0.035381
-0.035392
0.615164
1.535487
2.582001
3.225628
3.680207
4.011506
4.256704
4.438958
4.573423
4.670483
4.732597
4.768401
4.783305
4.781345
4.765656
4.738740
4.702633
4.659000
4.609233
4.554493
4.495758
4.433866
4.369503
4.303264
4.235657
4.167103
4.097961
4.028545
3.959108
3.889868
3.821009
3.752699
3.685053
3.618183
3.552186
3.487128
3.423068
3.360063
3.298143
3.237338
3.177668
3.119159
3.061811
3.005629
2.950613
2.896770
2.844085
2.792551
2.742157
2.692897
2.644752
2.597706
2.551742
2.506849
2.463005
2.420191
2.378389
2.337578
2.297744
2.258864
2.220918
2.183887
2.147750
2.112487
2.078084
2.044517
2.011768
1.979818
1.948648
1.918239
1.888574
1.859637
1.831408
1.803871
1.777008
1.750803
1.725238
1.700298
1.675967
1.652233
1.629078
1.606488
1.584448
1.562944
1.541962
1.521489
1.501511
1.482016
1.462991
1.444424
1.426305
1.408621
1.391359
1.374510
1.358061
1.342003
1.326325
1.311016
1.296068
1.281471
1.917625
2.825572
3.862575
4.511228
4.976755
5.321648
5.581349
5.777911
5.925938
6.035507
6.105479
6.146470
6.164609
6.164391
6.149265
6.121953
6.084651
6.039159
5.986994
5.929383
5.867378
5.801863
5.733621
5.663259
5.591318
5.518286
5.444527
5.370371
5.296128
5.222009
5.148213
5.074940
5.002302
4.930419
4.859416
4.789350
4.720286
4.652303
4.585420
4.519671
4.455100
4.391709
4.329508
4.268504
4.208723
4.150139
4.092750
4.036560
3.981550
3.927708
4.485187
5.310706
6.265505
6.854273
7.263156
7.554325
7.763018
7.911229
8.013371
8.079348
8.110643
8.115956
8.100743
8.069046
8.023996
7.968098
7.903361
7.831441
7.753734
7.671397
7.585396
7.496579
7.405639
7.313154
7.219677
7.125590
7.031287
6.937068
6.843197
6.749895
6.657327
6.565697
6.475086
6.385631
6.297412
6.210500
6.124955
6.040806
5.958109
5.876885
5.797131
5.718899
5.642156
5.566903
5.493174
5.420923
5.350138
5.280844
5.212987
5.146552
5.081550
5.017931
4.955673
4.894771
4.835197
4.776916
4.719904
4.664160
4.609638
4.556314
4.504160
4.453174
4.403312
4.354550
4.306862
4.260235
4.214643
4.170056
4.126451
4.083802
4.042099
4.001317
3.961427
3.922409
3.884240
3.846899
3.810383
3.774656
3.739701
3.705496
3.672023
3.639264
3.607212
3.575841
3.545133
3.515070
3.485636
3.456815
3.428591
3.400955
3.373892
3.347382
3.321412
3.295967
3.271033
3.246597
3.222646
3.199168
3.176159
3.153600
3.760893
4.645991
5.665999
6.321009
6.794776
7.148384
7.416582
7.621141
7.776403
7.892340
7.967215
8.011749
8.032296
8.033508
8.018952
7.991447
7.953272
7.906313
7.852115
7.791978
7.727022
7.658186
7.586241
7.511878
7.435683
7.358122
7.279631
7.200578
7.121238
7.041889
6.962766
6.884017
6.805847
6.728349
6.651646
6.575842
6.500992
6.427169
6.354437
6.282812
6.212337
6.143048
6.074939
6.008032
5.942343
5.877857
5.814569
5.752489
5.691622
5.631929
6.163596
6.968047
7.906814
8.500442
8.916137
9.214525
9.430323
9.585134
9.693185
9.764325
9.799635
9.807865
9.794613
9.764031
9.719329
9.663066
9.597347
9.523893
9.444122
9.359270
9.270367
9.178276
9.083737
8.987388
8.889793
8.791386
8.692584
8.593699
8.495025
8.396809
8.299246
8.202501
8.106719
8.012047
7.918550
7.826337
7.735446
7.645941
7.557857
7.471223
7.386088
7.302435
7.220287
7.139641
7.060492
6.982858
6.906695
6.832007
6.758801
6.687024
6.616674
6.547751
6.480201
6.414015
6.349189
6.285672
6.223448
6.162502
6.102807
6.044325
5.987042
5.930949
5.875998
5.822164
5.769433
5.717795
5.667203
5.617635
5.569073
5.521507
5.474899
5.429225
5.384462
5.340597
5.297620
5.255493
5.214195
5.173704
5.134009
5.095100
5.056944
5.019523
4.982816
4.946806
4.911484
4.876841
4.842846
4.809483
4.776736
4.744588
4.713031
4.682052
4.651635
4.621763
4.592420
4.563593
4.535267
4.507435
4.480086
4.453208
5.038845
5.907809
6.916671
7.579249
8.061705
8.424124
8.700831
8.913282
9.075797
9.198300
9.278586
9.327393
9.351253
9.354948
9.342147
9.315748
9.278095
9.231115
9.176430
9.115394
9.049148
8.978660
8.904767
8.828172
8.749477
8.669211
8.587806
8.505642
8.423056
8.340308
8.257663
8.175292
8.093370
8.012054
7.931451
7.851667
7.772802
7.694905
7.618064
7.542297
7.467644
7.394147
7.321814
7.250664
7.180717
7.111957
7.044408
6.978064
6.912905
6.848928
7.359358
8.146868
9.072703
9.670860
10.092295
10.396744
10.618400
10.778677
10.891675
10.967186
11.005984
11.016828
11.005413
10.975973
10.931785
10.875463
10.809172
10.734666
10.653438
10.566763
10.475704
10.381175
10.283943
10.184676
10.083986
9.982312
9.880112
9.777698
9.675411
9.573467
9.472119
9.371513
9.271836
9.173184
9.075672
8.979394
8.884431
8.790825
8.698611
8.607864
8.518567
8.430763
8.344442
8.259635
8.176330
8.094514
8.014201
7.935360
7.857981
7.782072
7.707590
7.634537
7.562877
7.492589
7.423668
7.356077
7.289791
7.224788
7.161064
7.098572
7.037290
6.977211
6.918289
6.860505
6.803839
6.748282
6.693786
6.640333
6.587906
6.536493
6.486050
6.436561
6.388006
6.340377
6.293633
6.247757
6.202731
6.158540
6.115163
6.072573
6.030754
5.989688
5.949362
5.909759
5.870853
5.832626
5.795066
5.758158
5.721895
5.686249
5.651205
5.616746
5.582861
5.549539
5.516771
5.484536
5.452820
5.421609
5.390889
5.360651
5.928031
6.783489
7.783080
8.452054
8.941430
9.310691
9.593843
9.812345
9.980384
10.107839
10.192274
10.244386
10.270821
10.276458
10.265037
10.239517
10.202304
10.155360
10.100350
10.038654
9.971450
9.899721
9.824367
9.746082
9.665517
9.583190
9.499571
9.415061
9.329983
9.244668
9.159321
9.074165
8.989395
8.905141
8.821575
8.738766
8.656809
8.575807
8.495793
8.416855
8.338998
8.262267
8.186700
8.112297
8.039072
7.967055
7.896226
7.826588
7.758159
7.690909
8.183755
8.957140
9.872559
10.474555
10.900755
11.209998
11.436293
11.600871
11.717755
11.796692
11.838305
11.851275
11.841368
11.812882
11.769142
11.712823
11.646108
11.570820
11.488482
11.400392
11.307673
11.211273
11.111994
11.010536
10.907485
10.803354
10.698560
10.593497
10.488447
10.383686
10.279462
10.175936
10.073293
9.971642
9.871118
9.771789
9.673753
9.577050
9.481726
9.387852
9.295415
9.204471
9.115012
9.027052
8.940591
8.855616
8.772157
8.690179
8.609675
8.530632
8.453021
8.376855
8.302085
8.228692
8.156689
8.086017
8.016661
7.948623
7.881849
7.816320
7.752038
7.688950
7.627037
7.566290
7.506670
7.448153
7.390729
7.334370
7.279044
7.224730
7.171413
7.119071
7.067670
7.017193
6.967633
6.918960
6.871148
6.824177
6.778031
6.732702
6.688157
6.644374
6.601338
6.559035
6.517461
6.476580
6.436374
6.396830
6.357936
6.319685
6.282048
6.245012
6.208562
6.172680
6.137367
6.102603
6.068369
6.034654
6.001442
5.968725
6.520545
7.364803
8.356900
9.031287
9.526373
9.900875
10.189020
10.412092
10.584312
10.715573
10.803267
10.857954
10.886400
10.893569
10.883260
10.858483
10.821669
10.774818
10.719623
10.657476
10.589624
10.517051
10.440633
10.361154
10.279228
10.195416
10.110188
10.023955
9.937095
9.849867
9.762560
9.675369
9.588522
9.502141
9.416362
9.331329
9.247127
9.163841
9.081516
9.000219
8.920015
8.840912
8.762974
8.686185
8.610569
8.536153
8.462918
8.390875
8.320041
8.250384
8.728453
9.490442
10.397412
11.003188
11.433413
11.746563
11.976540
12.144545
12.264579
12.346299
12.390239
12.404989
12.396374
12.368729
12.325430
12.269194
12.202247
12.126414
12.043292
11.954210
11.860304
11.762548
11.661770
11.558680
11.453906
11.347951
11.241283
11.134251
11.027210
10.920415
10.814085
10.708441
10.603622
10.499791
10.397040
10.295487
10.195190
10.096218
9.998637
9.902471
9.807763
9.714525
9.622761
9.532515
9.443757
9.356512
9.270749
9.186489
9.103704
9.022375
8.942512
8.864067
8.787048
8.711422
8.637161
8.564269
8.492701
8.422443
8.353472
8.285761
8.219286
8.154029
8.089966
8.027059
7.965307
7.904676
7.845134
7.786660
7.729249
7.672860
7.617469
7.563060
7.509624
7.457122
7.405532
7.354836
7.305032
7.256080
7.207959
7.160652
7.114155
7.068435
7.023469
6.979243
6.935744
6.892966
6.850875
6.809453
6.768688
6.728567
6.689086
6.650213
6.611936
6.574240
6.537113
6.500550
6.464530
6.429038
6.394057
6.359581
6.898110
7.732969
8.718757
9.398180
9.897890
10.276745
10.568729
10.795398
10.970853
11.105001
11.195207
11.251904
11.281938
11.290329
11.280922
11.256759
11.220301
11.173594
11.118334
11.055938
10.987647
10.914514
10.837387
10.757081
10.674217
10.589367
10.503019
10.415597
10.327462
10.238904
10.150196
10.061590
9.973241
9.885348
9.798023
9.711428
9.625622
9.540689
9.456744
9.373803
9.291938
9.211159
9.131515
9.053036
8.975731
8.899616
8.824684
8.750941
8.678403
8.607046
9.072639
9.825200
10.725333
11.334650
11.768493
12.084977
12.318024
12.488831
12.611372
12.695345
12.741211
12.757459
12.749958
12.723090
12.680255
12.624179
12.557143
12.481023
12.397379
12.307630
12.212896
12.114202
12.012367
11.908158
11.802159
11.694939
11.586915
11.478512
11.370018
11.261755
11.153943
11.046764
10.940410
10.835001
10.730680
10.627521
10.525630
10.425049
10.325854
10.228065
10.131736
10.036871
9.943497
9.851620
9.761230
9.672363
9.584993
9.499125
9.414726
9.331807
9.250343
9.170309
9.091708
9.014499
8.938663
8.864209
8.791079
8.719275
8.648765
8.579512
8.511519
8.444748
8.379167
8.314772
8.251530
8.189408
8.128388
8.068465
8.009587
7.951748
7.894925
7.839096
7.784231
7.730309
7.677327
7.625245
7.574042
7.523702
7.474221
7.425560
7.377701
7.330628
7.284332
7.238785
7.193969
7.149866
7.106462
7.063753
7.021706
6.980308
6.939541
6.899395
6.859867
6.820926
6.782560
6.744754
6.707497
6.670785
6.634597
6.598918
7.125995
7.953023
8.933453
9.617368
10.121098
10.503404
10.798547
11.027908
11.205876
11.342217
11.434403
11.492683
11.523978
11.533347
11.524675
11.501030
11.464914
11.418375
11.363115
11.300603
11.232086
11.158573
11.080994
11.000143
10.916657
10.831114
10.743999
10.655772
10.566764
10.477293
10.387652
10.298045
10.208695
10.119756
10.031390
9.943693
9.856798
9.770764
9.685670
9.601595
9.518562
9.436649
9.355851
9.276197
9.197728
9.120424
9.044332
8.969422
8.895709
8.823197
9.228385
9.897178
10.703654
11.254429
11.645730
11.929970
12.137912
12.288988
12.395973
12.467652
12.504670
12.514633
12.502906
12.473510
12.429547
12.373537
12.307506
12.233194
12.152045
12.065281
11.973964
11.878997
11.781197
11.681188
11.579585
11.476842
11.373419
11.269635
11.165837
11.062243
10.959119
10.856631
10.754923
10.654144
10.554390
10.455768
10.358338
10.262152
10.167298
10.073774
9.981645
9.890898
9.801577
9.713674
9.627204
9.542144
9.458511
9.376296
9.295474
9.216054
9.137999
9.061298
8.985960
8.911933
8.839221
8.767792
8.697626
8.628708
8.561002
8.494492
8.429168
8.364989
8.301931
8.239995
8.179146
8.119352
8.060595
8.002873
7.946136
7.890376
7.835578
7.781711
7.728750
7.676679
7.625491
7.575151
7.525641
7.476942
7.429048
7.381926
7.335560
7.289931
7.245035
7.200850
7.157352
7.114525
7.072355
7.030831
6.989940
6.949659
6.909974
6.870865
6.832339
6.794373
6.756946
6.720048
6.683666
6.647789
6.612417
6.577526
7.044480
7.787125
8.672521
9.295376
9.753666
10.100672
10.367706
10.574485
10.734134
10.855754
10.937322
10.987962
11.013996
11.020046
11.009658
10.985635
10.950263
10.905415
10.852641
10.793286
10.728470
10.659149
10.586148
10.510174
10.431828
10.351661
10.270090
10.187496
10.104243
10.020605
9.936831
9.853111
9.769643
9.686586
9.604054
9.522177
9.441026
9.360713
9.281273
9.202765
9.125247
9.048736
8.973287
8.898894
8.825572
8.753368
8.682252
8.612244
8.543343
8.475539
8.880247
9.551645
10.362280
10.921687
11.319655
11.609174
11.821593
11.976589
12.087105
12.162084
12.202349
12.215420
12.206702
12.180226
12.139140
12.085946
12.022706
11.951114
11.872665
11.788563
11.699877
11.607514
11.512249
11.414755
11.315590
11.215269
11.114194
11.012747
10.911211
10.809865
10.708925
10.608572
10.508972
10.410248
10.312522
10.215875
10.120394
10.026115
9.933122
9.841434
9.751092
9.662108
9.574488
9.488282
9.403453
9.320026
9.237974
9.157316
9.078029
9.000093
8.923516
8.848260
8.774328
8.701689
8.630319
8.560219
8.491354
8.423706
8.357260
8.291980
8.227843
8.164849
8.102964
8.042156
7.982421
7.923729
7.866050
7.809366
7.753671
7.698928
7.645113
7.592212
7.540220
7.489096
7.438822
7.389382
7.340774
7.292957
7.245917
7.199636
7.154111
7.109308
7.065211
7.021804
6.979083
6.937027
6.895614
6.854825
6.814650
6.775085
6.736111
6.697706
6.659857
6.622553
6.585783
6.549544
6.513812
6.478573
6.443814
6.409527
6.870274
7.609141
8.492550
9.118703
9.579069
9.927124
10.194719
10.401848
10.561669
10.683324
10.765064
10.815845
10.841988
10.848149
10.837887
10.814017
10.778814
10.734145
10.681594
10.622482
10.557929
10.488891
10.416197
10.340543
10.262537
10.182713
10.101501
10.019303
9.936430
9.853195
9.769811
9.686495
9.603447
9.520807
9.438710
9.357248
9.276542
9.196644
9.117634
9.039571
8.962479
8.886419
8.811395
8.737436
8.664566
8.592788
8.522104
8.452532
8.384054
8.316671
8.250391
8.185190
8.121057
8.057999
7.995988
7.935014
7.875074
7.816136
7.758185
7.701228
7.645225
7.590160
7.536021
7.482801
7.430467
7.379004
7.328397
7.278642
7.229704
7.181568
7.134219
7.087653
7.041835
6.996752
6.952395
6.908751
6.865796
6.823514
6.781888
6.740908
6.700567
6.660840
6.621713
6.583171
6.545205
6.507808
6.470958
6.434639
6.398842
6.363555
6.328775
6.294483
6.260666
6.227310
6.194407
6.161946
6.129921
6.098327
6.067143
6.036361
6.005971
5.975965
5.946336
5.917079
5.888181
5.859631
5.831423
5.803547
5.775994
5.748761
5.721848
5.695239
5.668928
5.642906
5.617165
5.591702
5.566509
5.541581
5.516919
5.492510
5.468350
5.444429
5.420745
5.397290
5.374061
5.351054
5.328266
5.305695
5.283331
5.261170
5.239206
5.217436
5.195853
5.174457
5.153243
5.132209
5.111354
5.090671
5.070155
5.049804
5.029612
5.009577
4.989695
4.969964
4.950382
4.930944
4.911655
4.892507
4.873497
4.854620
4.835876
4.817260
4.798770
4.780404
4.762161
4.744036
4.726031
4.708143
4.690375
4.672718
4.655171
4.637731
4.620398
4.603167
4.586039
4.569011
4.552082
4.535250
4.518515
4.501876
4.485334
4.468884
4.452524
4.436253
4.420068
4.403969
4.387954
4.372022
4.356171
4.340402
4.324713
4.309103
4.293574
4.278124
4.262749
4.247449
4.232223
4.217069
4.201986
4.186973
4.172030
4.157155
4.142348
4.127609
4.112936
4.098330
4.083791
4.069318
4.054908
4.040562
4.026277
4.012054
3.997891
3.983787
3.969742
3.955756
3.941827
3.927956
3.914142
3.900384
3.886684
3.873041
3.859455
3.845922
3.832444
3.819018
3.805645
3.792325
3.779055
3.765837
3.752669
3.739552
3.726484
3.713466
3.700496
3.687577
3.674707
3.661888
3.649117
3.636394
3.623718
3.611088
3.598505
3.585967
3.573474
3.561027
3.548624
3.536265
3.523951
3.511680
3.499453
3.487271
3.475131
3.463037
3.450987
3.438980
3.427015
3.415091
3.403210
3.391369
3.379570
3.367811
3.356092
3.344414
3.332775
3.321176
3.309617
3.298097
3.286616
3.275175
3.263774
3.252413
3.241092
3.229809
3.218564
3.207358
3.196189
3.185057
3.173962
3.162905
3.151884
3.140899
3.129951
3.119039
3.108164
3.097324
3.086520
3.075752
3.065020
3.054324
3.043665
3.033042
3.022455
3.011902
3.001384
2.990901
2.980452
2.970036
2.959655
2.949308
2.938994
2.928714
2.918467
2.908253
2.898072
2.887924
2.877810
2.867728
2.857679
2.847664
2.837682
2.827734
2.817818
2.807935
2.798083
2.788264
2.778476
2.768720
2.758995
2.749301
2.739638
2.730007
2.720406
2.710836
2.701297
2.691788
2.682309
2.672862
2.663444
2.654057
2.644700
2.635375
2.626080
2.616816
2.607582
2.598378
2.589203
2.580058
2.570942
2.561856
2.552798
2.543769
2.534769
2.525798
2.516855
2.507940
2.499054
2.490197
2.481367
2.472566
2.463793
2.455048
2.446331
2.437642
2.428981
2.420350
2.411746
2.403171
2.394623
2.386102
2.377609
2.369143
2.360704
2.352292
2.343907
2.335548
2.327216
2.318910
2.310631
2.302378
2.294151
2.285951
2.277777
2.269628
2.261506
2.253409
2.245339
2.237294
2.229276
2.221283
2.213317
2.205377
2.197462
2.189574
2.181710
2.173872
2.166059
2.158271
2.150507
2.142769
2.135055
2.127365
2.119701
2.112060
2.104444
2.096852
2.089285
2.081741
2.074221
2.066726
2.059254
2.051807
2.044383
2.036982
2.029606
2.022253
2.014925
2.007620
2.000339
1.993083
1.985849
1.978639
1.971453
1.964289
1.957148
1.950031
1.942936
1.935863
1.928814
1.921787
1.914782
1.907800
1.900840
1.893902
1.886987
1.880094
1.873222
1.866373
1.859546
1.852740
1.845956
1.839195
1.832454
1.825736
1.819039
1.812364
1.805711
1.799079
1.792470
1.785882
1.779315
1.772770
1.766246
1.759744
1.753262
1.746801
1.740361
1.733941
1.727543
1.721164
1.714807
1.708470
1.702153
1.695857
1.689580
1.683324
1.677089
1.670873
1.664677
1.658501
1.652345
1.646209
1.640093
1.633996
1.627920
1.621862
1.615825
1.609807
1.603809
1.597830
1.591871
1.585932
1.580012
1.574112
1.568231
1.562370
1.556527
1.550704
1.544899
1.539114
1.533347
1.527598
1.521869
1.516158
1.510465
1.504792
1.499136
1.493499
1.487880
1.482279
1.476697
1.471132
1.465586
1.460058
1.454547
1.449055
1.443580
1.438124
1.432685
1.427263
1.421860
1.416474
1.411105
1.405755
1.400421
1.395106
1.389807
1.384526
1.379263
1.374018
1.368790
1.363579
1.358385
1.353209
1.348049
1.342907
1.337781
1.332672
1.327580
1.322505
1.317446
1.312404
1.307378
1.302369
1.297377
1.292400
1.287440
1.282497
1.277569
1.272658
1.267763
1.262884
1.258021
1.253173
1.248342
1.243527
1.238728
1.233944
1.229176
1.224424
1.219688
1.214967
1.210261
1.205572
1.200898
1.196239
1.191596
1.186968
1.182355
1.177758
1.173176
1.168610
1.164059
1.159524
1.155004
1.150498
1.146008
1.141533
1.137073
1.132627
1.128196
1.123780
1.119379
1.114992
1.110620
1.106263
1.101920
1.097591
1.093277
1.088977
1.084691
1.080420
1.076163
1.071920
1.067692
1.063477
1.059277
1.055090
1.050918
1.046759
1.042615
1.038484
1.034367
1.030263
1.026174
1.022098
1.018036
1.013987
1.009952
1.005931
1.001923
0.997928
0.993947
0.989979
0.986025
0.982084
0.978156
0.974242
0.970341
0.966453
0.962578
0.958717
0.954869
0.951034
0.947212
0.943402
0.939606
0.935823
0.932053
0.928295
0.924550
0.920818
0.917098
0.913392
0.909697
0.906015
0.902346
0.898689
0.895044
0.891412
0.887792
0.884185
0.880590
0.877007
0.873436
0.869877
0.866330
0.862796
0.859273
0.855763
0.852264
0.848778
0.845303
0.841840
0.838389
0.834950
0.831522
0.828107
0.824703
0.821310
0.817929
0.814560
0.811202
0.807856
0.804521
0.801198
0.797886
0.794586
0.791296
0.788018
0.784752
0.781497
0.778252
0.775019
0.771798
0.768587
0.765387
0.762199
0.759022
0.755855
0.752700
0.749556
0.746423
0.743300
0.740189
0.737089
0.733999
0.730920
0.727851
0.724794
0.721747
0.718710
0.715685
0.712669
0.709665
0.706670
0.703686
0.700713
0.697750
0.694797
0.691854
0.688922
0.686000
0.683088
0.680187
0.677295
0.674414
0.671542
0.668681
0.665830
0.662989
0.660158
0.657336
0.654525
0.651723
0.648932
0.646150
0.643378
0.640615
0.637863
0.635120
0.632386
0.629663
0.626949
0.624244
0.621549
0.618864
0.616188
0.613522
0.610865
0.608217
0.605579
0.602950
0.600331
0.597720
0.595119
0.592528
0.589945
0.587372
0.584808
0.582253
0.579707
0.577170
0.574642
0.572123
0.569614
0.567113
0.564621
0.562138
0.559664
0.557199
0.554742
0.552295
0.549856
0.547426
0.545005
0.542593
0.540189
0.537794
0.535408
0.533031
0.530662
0.528302
0.525950
0.523606
0.521272
0.518945
0.516627
0.514318
0.512016
0.509724
0.507439
0.505163
0.502895
0.500635
0.498384
0.496140
0.493905
0.491678
0.489459
0.487248
0.485045
0.482851
0.480664
0.478485
0.476314
0.474151
0.471996
0.469849
0.467710
0.465579
0.463455
0.461339
0.459231
0.457131
0.455039
0.452954
0.450877
0.448807
0.446745
0.444691
0.442645
0.440605
0.438574
0.436550
0.434533
0.432524
0.430523
0.428528
0.426541
0.424562
0.422590
0.420625
0.418668
0.416718
0.414775
0.412839
0.410911
0.408989
0.407075
0.405168
0.403269
0.401376
0.399490
0.397612
0.395740
0.393876
0.392019
0.390168
0.388325
0.386488
0.384658
0.382836
0.381020
0.379211
0.377409
0.375613
0.373825
0.372043
0.370268
0.368499
0.366738
0.364983
0.363235
0.361493
0.359758
0.358030
0.356308
0.354593
0.352884
0.351182
0.349486
0.347797
0.346114
0.344438
0.342768
0.341105
0.339448
0.337797
0.336153
0.334515
0.332884
0.331258
0.329639
0.328027
0.326420
0.324820
0.323226
0.321639
0.320057
0.318482
0.316912
0.315349
0.313792
0.312241
0.310695
0.309156
0.307623
0.306096
0.304575
0.303060
0.301551
0.300047
0.298550
0.297058
0.295573
0.294093
0.292618
0.291150
0.289688
0.288231
0.286780
0.285335
0.283895
0.282461
0.281033
0.279610
0.278193
0.276782
0.275376
0.273976
0.272581
0.271192
0.269809
0.268431
0.267058
0.265691
0.264330
0.262973
0.261623
0.260277
0.258937
0.257603
0.256274
0.254950
0.253631
0.252318
0.251010
0.249707
0.248410
0.247118
0.245831
0.244549
0.243273
0.242001
0.240735
0.239474
0.238218
0.236967
0.235721
0.234480
0.233245
0.232014
0.230789
0.229568
0.228353
0.227142
0.225936
0.224736
0.223540
0.222349
0.221163
0.219982
0.218806
0.217634
0.216468
0.215306
0.214149
0.212997
0.211850
0.210707
0.209570
0.208436
0.207308
0.206184
0.205065
0.203951
0.202841
0.201736
0.200636
0.199540
0.198449
0.197362
0.196280
0.195203
0.194130
0.193061
0.191997
0.190938
0.189883
0.188832
0.187786
0.186744
0.185707
0.184674
0.183646
0.182621
0.181602
0.180586
0.179575
0.178568
0.177566
0.176568
0.175574
0.174584
0.173599
0.172618
0.171641
0.170668
0.169699
0.168735
0.167775
0.166818
0.165866
0.164919
0.163975
0.163035
0.162100
0.161168
0.160241
0.159317
0.158398
0.157482
0.156571
0.155663
0.154760
0.153860
0.152965
0.152073
0.151185
0.150302
0.149422
0.148546
0.147673
0.146805
0.145940
0.145080
0.144223
0.143370
0.142520
0.141675
0.140833
0.139995
0.139161
0.138330
0.137503
0.136680
0.135861
0.135045
0.134232
0.133424
0.132619
0.131818
0.131020
0.130226
0.129435
0.128648
0.127865
0.127085
0.126309
0.125536
0.124767
0.124001
0.123239
0.122480
0.121725
0.120973
0.120224
0.119479
0.118738
0.117999
0.117264
0.116533
0.115805
0.115080
0.114359
0.113640
0.112926
0.112214
0.111506
0.110801
0.110099
0.109401
0.108705
0.108013
0.107325
0.106639
0.105957
0.105277
0.104601
0.103928
0.103259
0.102592
0.101929
0.101268
0.100611
0.099957
0.099305
0.098657
0.098012
0.097370
0.096731
0.096095
0.095463
0.094833
0.094206
0.093582
0.092961
0.092343
0.091727
0.091115
0.090506
0.089899
0.089296
0.088695
0.088098
0.087503
0.086911
0.086321
0.085735
0.085152
0.084571
0.083993
0.083418
0.082845
0.082276
0.081709
0.081145
0.080583
0.080024
0.079469
0.078915
0.078365
0.077817
0.077271
0.076729
0.076189
0.075652
0.075117
0.074585
0.074055
0.073528
0.073004
0.072482
0.071963
0.071447
0.070932
0.070421
0.069912
0.069405
0.068901
0.068400
0.067901
0.067404
0.066910
0.066418
0.065929
0.065442
0.064958
0.064476
0.063996
0.063519
0.063044
0.062572
0.062102
0.061634
0.061168
0.060705
0.060244
0.059786
0.059330
0.058876
0.058424
0.057975
0.057528
0.057083
0.056640
0.056200
0.055762
0.055326
0.054892
0.054461
0.054031
0.053604
0.053179
0.052756
0.052336
0.051917
0.051501
0.051086
0.050674
0.050264
0.049856
0.049450
0.049046
0.048644
0.048244
0.047847
0.047451
0.047057
0.046666
0.046276
0.045888
0.045503
0.045119
0.044737
0.044357
0.043979
0.043604
0.043230
0.042858
0.042487
0.042119
0.041753
0.041389
0.041026
0.040665
0.040306
0.039949
0.039594
0.039241
0.038890
0.038540
0.038192
0.037846
0.037502
0.037159
0.036819
0.036480
0.036143
0.035807
0.035474
0.035142
0.034811
0.034483
0.034156
0.033831
0.033508
0.033186
0.032866
0.032548
0.032231
0.031916
0.031602
0.031290
0.030980
0.030672
0.030365
0.030059

