0.000000
0.000000
-0.000006
-0.000014
-0.000023
-0.000034
-0.000045
-0.000058
-0.000070
-0.000084
-0.000097
-0.000111
-0.000125
-0.000140
-0.000155
-0.000170
-0.000185
-0.000201
-0.000217
-0.000233
-0.000249
-0.000266
-0.000282
-0.000299
-0.000316
-0.000333
-0.000351
-0.000368
-0.000386
-0.000404
-0.000422
-0.000440
-0.000459
-0.000477
-0.000496
-0.000515
-0.000534
-0.000553
-0.000572
-0.000591
-0.000611
-0.000631
-0.000651
-0.000670
-0.000691
-0.000711
-0.000731
-0.000751
-0.000772
-0.000793
-0.000813
-0.000834
-0.000855
-0.000876
-0.000898
-0.000919
-0.000940
-0.000962
-0.000984
-0.001005
-0.001027
-0.001049
-0.001071
-0.001093
-0.001115
-0.001138
-0.001160
-0.001183
-0.001205
-0.001228
-0.001251
-0.001273
-0.001296
-0.001319
-0.001342
-0.001366
-0.001389
-0.001412
-0.001435
-0.001459
-0.001482
-0.001506
-0.001530
-0.001553
-0.001577
-0.001601
-0.001625
-0.001649
-0.001673
-0.001697
-0.001722
-0.001746
-0.001770
-0.001795
-0.001819
-0.001844
-0.001868
-0.001893
-0.001918
-0.001942
-0.001967
-0.001992
-0.002017
-0.002042
-0.002067
-0.002092
-0.002118
-0.002143
-0.002168
-0.002193
-0.002219
-0.002244
-0.002270
-0.002295
-0.002321
-0.002346
-0.002372
-0.002398
-0.002424
-0.002449
-0.002475
-0.002501
-0.002527
-0.002553
-0.002579
-0.002605
-0.002631
-0.002658
-0.002684
-0.002710
-0.002736
-0.002763
-0.002789
-0.002815
-0.002842
-0.002868
-0.002895
-0.002921
-0.002948
-0.002975
-0.003001
-0.003028
-0.003055
-0.003082
-0.003108
-0.003135
-0.003162
-0.003189
-0.003216
-0.003243
-0.003270
-0.003297
-0.003324
-0.003351
-0.003379
-0.003406
-0.003433
-0.003460
-0.003487
-0.003515
-0.003542
-0.003569
-0.003597
-0.003624
-0.003652
-0.003679
-0.003707
-0.003734
-0.003762
-0.003789
-0.003817
-0.003845
-0.003872
-0.003900
-0.003928
-0.003955
-0.003983
-0.004011
-0.004039
-0.004067
-0.004094
-0.004122
-0.004150
-0.004178
-0.004206
-0.004234
-0.004262
-0.004290
-0.004318
-0.004346
-0.004374
-0.004402
-0.004430
-0.004459
-0.004487
-0.004515
-0.004543
-0.004571
-0.004599
-0.004628
-0.004656
-0.004684
-0.004713
-0.004741
-0.004769
-0.004798
-0.004826
-0.004854
-0.004883
-0.004911
-0.004940
-0.004968
-0.004997
-0.005025
-0.005054
-0.005082
-0.005111
-0.005139
-0.005168
-0.005197
-0.005225
-0.005254
-0.005282
-0.005311
-0.005340
-0.005368
-0.005397
-0.005426
-0.005455
-0.005483
-0.005512
-0.005541
-0.005570
-0.005598
-0.005627
-0.005656
-0.005685
-0.005714
-0.005743
-0.005771
-0.005800
-0.005829
-0.005858
-0.005887
-0.005916
-0.005945
-0.005974
-0.006003
-0.006032
-0.006061
-0.006090
-0.006119
-0.006148
-0.006177
-0.006206
-0.006235
-0.006264
-0.006293
-0.006322
-0.006351
-0.006380
-0.006409
-0.006438
-0.006467
-0.006496
-0.006525
-0.006555
-0.006584
-0.006613
-0.006642
-0.006671
-0.006700
-0.006729
-0.006759
-0.006788
-0.006817
-0.006846
-0.006875
-0.006905
-0.006934
-0.006963
-0.006992
-0.007022
-0.007051
-0.007080
-0.007109
-0.007139
-0.007168
-0.007197
-0.007226
-0.007256
-0.007285
-0.007314
-0.007344
-0.007373
-0.007402
-0.007432
-0.007461
-0.007490
-0.007520
-0.007549
-0.007578
-0.007608
-0.007637
-0.007666
-0.007696
-0.007725
-0.007754
-0.007784
-0.007813
-0.007842
-0.007872
-0.007901
-0.007931
-0.007960
-0.007989
-0.008019
-0.008048
-0.008078
-0.008107
-0.008136
-0.008166
-0.008195
-0.008225
-0.008254
-0.008283
-0.008313
-0.008342
-0.008372
-0.008401
-0.008431
-0.008460
-0.008489
-0.008519
-0.008548
-0.008578
-0.008607
-0.008637
-0.008666
-0.008695
-0.008725
-0.008754
-0.008784
-0.008813
-0.008843
-0.008872
-0.008902
-0.008931
-0.008960
-0.008990
-0.009019
-0.009049
-0.009078
-0.009108
-0.009137
-0.009167
-0.009196
-0.009225
-0.009255
-0.009284
-0.009314
-0.009343
-0.009373
-0.009402
-0.009432
-0.009461
-0.009490
-0.009520
-0.009549
-0.009579
-0.009608
-0.009638
-0.009667
-0.009696
-0.009726
-0.009755
-0.009785
-0.009814
-0.009844
-0.009873
-0.009902
-0.009932
-0.009961
-0.009991
-0.010020
-0.010050
-0.010079
-0.010108
-0.010138
-0.010167
-0.010197
-0.010226
-0.010255
-0.010285
-0.010314
-0.010344
-0.010373
-0.010402
-0.010432
-0.010461
-0.010490
-0.010520
-0.010549
-0.010579
-0.010608
-0.010637
-0.010667
-0.010696
-0.010725
-0.010755
-0.010784
-0.010813
-0.010843
-0.010872
-0.010901
-0.010931
-0.010960
-0.010989
-0.011019
-0.011048
-0.011077
-0.011107
-0.011136
-0.011165
-0.011195
-0.011224
-0.011253
-0.011282
-0.011312
-0.011341
-0.011370
-0.011400
-0.011429
-0.011458
-0.011487
-0.011517
-0.011546
-0.011575
-0.011604
-0.011634
-0.011663
-0.011692
-0.011721
-0.011750
-0.011780
-0.011809
-0.011838
-0.011867
-0.011896
-0.011926
-0.011955
-0.011984
-0.012013
-0.012042
-0.012071
-0.012101
-0.012130
-0.012159
-0.012188
-0.012217
-0.012246
-0.012275
-0.012304
-0.012334
-0.012363
-0.012392
-0.012421
-0.012450
-0.012479
-0.012508
-0.012537
-0.012566
-0.012595
-0.012624
-0.012653
-0.012682
-0.012711
-0.012740
-0.012769
-0.012798
-0.012827
-0.012856
-0.012885
-0.012914
-0.012943
-0.012972
-0.013001
-0.013030
-0.013059
-0.013088
-0.013117
-0.013146
-0.013175
-0.013204
-0.013233
-0.013262
-0.013291
-0.013320
-0.013348
-0.013377
-0.013406
-0.013435
-0.013464
-0.013493
-0.013522
-0.013551
-0.013579
-0.013608
-0.013637
-0.013666
-0.013695
-0.013723
-0.013752
-0.013781
-0.013810
-0.013839
-0.013867
-0.013896
-0.013925
-0.013954
-0.013982
-0.014011
-0.014040
-0.014068
-0.014097
-0.014126
-0.014155
-0.014183
-0.014212
-0.014241
-0.014269
-0.014298
-0.014326
-0.014355
-0.014384
-0.014412
-0.014441
-0.014470
-0.014498
-0.014527
-0.014555
-0.014584
-0.014612
-0.014641
-0.014670
-0.014698
-0.014727
-0.014755
-0.014784
-0.014812
-0.014841
-0.014869
-0.014898
-0.014926
-0.014955
-0.014983
-0.015011
-0.015040
-0.015068
-0.015097
-0.015125
-0.015154
-0.015182
-0.015210
-0.015239
-0.015267
-0.015295
-0.015324
-0.015352
-0.015380
-0.015409
-0.015437
-0.015465
-0.015494
-0.015522
-0.015550
-0.015579
-0.015607
-0.015635
-0.015663
-0.015692
-0.015720
-0.015748
-0.015776
-0.015804
-0.015833
-0.015861
-0.015889
-0.015917
-0.015945
-0.015974
-0.016002
-0.016030
-0.016058
-0.016086
-0.016114
-0.016142
-0.016170
-0.016198
-0.016226
-0.016255
-0.016283
-0.016311
-0.016339
-0.016367
-0.016395
-0.016423
-0.016451
-0.016479
-0.016507
-0.016535
-0.016563
-0.016590
-0.016618
-0.016646
-0.016674
-0.016702
-0.016730
-0.016758
-0.016786
-0.016814
-0.016842
-0.016869
-0.016897
-0.016925
-0.016953
-0.016981
-0.017009
-0.017036
-0.017064
-0.017092
-0.017120
-0.017147
-0.017175
-0.017203
-0.017231
-0.017258
-0.017286
-0.017314
-0.017341
-0.017369
-0.017397
-0.017424
-0.017452
-0.017480
-0.017507
-0.017535
-0.017563
-0.017590
-0.017618
-0.017645
-0.017673
-0.017700
-0.017728
-0.017756
-0.017783
-0.017811
-0.017838
-0.017866
-0.017893
-0.017921
-0.017948
-0.017975
-0.018003
-0.018030
-0.018058
-0.018085
-0.018113
-0.018140
-0.018167
-0.018195
-0.018222
-0.018249
-0.018277
-0.018304
-0.018331
-0.018359
-0.018386
-0.018413
-0.018441
-0.018468
-0.018495
-0.018522
-0.018550
-0.018577
-0.018604
-0.018631
-0.018658
-0.018686
-0.018713
-0.018740
-0.018767
-0.018794
-0.018821
-0.018849
-0.018876
-0.018903
-0.018930
-0.018957
-0.018984
-0.019011
-0.019038
-0.019065
-0.019092
-0.019119
-0.019146
-0.019173
-0.019200
-0.019227
-0.019254
-0.019281
-0.019308
-0.019335
-0.019362
-0.019389
-0.019416
-0.019443
-0.019469
-0.019496
-0.019523
-0.019550
-0.019577
-0.019604
-0.019631
-0.019657
-0.019684
-0.019711
-0.019738
-0.019764
-0.019791
-0.019818
-0.019845
-0.019871
-0.019898
-0.019925
-0.019951
-0.019978
-0.020005
-0.020031
-0.020058
-0.020085
-0.020111
-0.020138
-0.020165
-0.020191
-0.020218
-0.020244
-0.020271
-0.020297
-0.020324
-0.020350
-0.020377
-0.020403
-0.020430
-0.020456
-0.020483
-0.020509
-0.020536
-0.020562
-0.020589
-0.020615
-0.020641
-0.020668
-0.020694
-0.020721
-0.020747
-0.020773
-0.020800
-0.020826
-0.020852
-0.020879
-0.020905
-0.020931
-0.020957
-0.020984
-0.021010
-0.021036
-0.021062
-0.021089
-0.021115
-0.021141
-0.021167
-0.021193
-0.021219
-0.021246
-0.021272
-0.021298
-0.021324
-0.021350
-0.021376
-0.021402
-0.021428
-0.021454
-0.021480
-0.021506
-0.021532
-0.021558
-0.021584
-0.021610
-0.021636
-0.021662
-0.021688
-0.021714
-0.021740
-0.021766
-0.021792
-0.021818
-0.021844
-0.021870
-0.021895
-0.021921
-0.021947
-0.021973
-0.021999
-0.022025
-0.022050
-0.022076
-0.022102
-0.022128
-0.022153
-0.022179
-0.022205
-0.022231
-0.022256
-0.022282
-0.022308
-0.022333
-0.022359
-0.022385
-0.022410
-0.022436
-0.022462
-0.022487
-0.022513
-0.022538
-0.022564
-0.022589
-0.022615
-0.022641
-0.022666
-0.022692
-0.022717
-0.022743
-0.022768
-0.022794
-0.022819
-0.022844
-0.022870
-0.022895
-0.022921
-0.022946
-0.022971
-0.022997
-0.023022
-0.023048
-0.023073
-0.023098
-0.023124
-0.023149
-0.023174
-0.023199
-0.023225
-0.023250
-0.023275
-0.023300
-0.023326
-0.023351
-0.023376
-0.023401
-0.023426
-0.023452
-0.023477
-0.023502
-0.023527
-0.023552
-0.023577
-0.023602
-0.023627
-0.023653
-0.023678
-0.023703
-0.023728
-0.023753
-0.023778
-0.023803
-0.023828
-0.023853
-0.023878
-0.023903
-0.023928
-0.023953
-0.023977
-0.024002
-0.024027
-0.024052
-0.024077
-0.024102
-0.024127
-0.024152
-0.024176
-0.024201
-0.024226
-0.024251
-0.024276
-0.024300
-0.024325
-0.024350
-0.024375
-0.024399
-0.024424
-0.024449
-0.024474
-0.024498
-0.024523
-0.024548
-0.024572
-0.024597
-0.024622
-0.024646
-0.024671
-0.024695
-0.024720
-0.024745
-0.024769
-0.024794
-0.024818
-0.024843
-0.024867
-0.024892
-0.024916
-0.024941
-0.024965
-0.024990
-0.025014
-0.025038
-0.025063
-0.025087
-0.025112
-0.025136
-0.025160
-0.025185
-0.025209
-0.025233
-0.025258
-0.025282
-0.025306
-0.025331
-0.025355
-0.025379
-0.025404
-0.025428
-0.025452
-0.025476
-0.025500
-0.025525
-0.025549
-0.025573
-0.025597
-0.025621
-0.025645
-0.025670
-0.025694
-0.025718
-0.025742
-0.025766
-0.025790
-0.025814
-0.025838
-0.025862
-0.025886
-0.025910
-0.025934
-0.025958
-0.025982
-0.026006
-0.026030
-0.026054
-0.026078
-0.026102
-0.026126
-0.026150
-0.026174
-0.026198
-0.026221
-0.026245
-0.026269
-0.026293
-0.026317
-0.026341
-0.026364
-0.026388
-0.026412
-0.026436
-0.026460
-0.026483
-0.026507
-0.026531
-0.026554
-0.026578
-0.026602
-0.026625
-0.026649
-0.026673
-0.026696
-0.026720
-0.026744
-0.026767
-0.026791
-0.026814
-0.026838
-0.026862
-0.026885
-0.026909
-0.026932
-0.026956
-0.026979
-0.027003
-0.027026
-0.027050
-0.027073
-0.027096
-0.027120
-0.027143
-0.027167
-0.027190
-0.027214
-0.027237
-0.027260
-0.027284
-0.027307
-0.027330
-0.027354
-0.027377
-0.027400
-0.027423
-0.027447
-0.027470
-0.027493
-0.027516
-0.027540
-0.027563
-0.027586
-0.027609
-0.027632
-0.027656
-0.027679
-0.027702
-0.027725
-0.027748
-0.027771
-0.027794
-0.027818
-0.027841
-0.027864
-0.027887
-0.027910
-0.027933
-0.027956
-0.027979
-0.028002
-0.028025
-0.028048
-0.028071
-0.028094
-0.028117
-0.028140
-0.028162
-0.028185
-0.028208
-0.028231
-0.028254
-0.028277
-0.028300
-0.028323
-0.028345
-0.028368
-0.028391
-0.028414
-0.028437
-0.028459
-0.028482
-0.028505
-0.028528
-0.028550
-0.028573
-0.028596
-0.028618
-0.028641
-0.028664
-0.028686
-0.028709
-0.028732
-0.028754
-0.028777
-0.028799
-0.028822
-0.028845
-0.028867
-0.028890
-0.028912
-0.028935
-0.028957
-0.028980
-0.029002
-0.029025
-0.029047
-0.029070
-0.029092
-0.029115
-0.029137
-0.029160
-0.029182
-0.029204
-0.029227
-0.029249
-0.029271
-0.029294
-0.029316
-0.029338
-0.029361
-0.029383
-0.029405
-0.029428
-0.029450
-0.029472
-0.029494
-0.029517
-0.029539
-0.029561
-0.029583
-0.029606
-0.029628
-0.029650
-0.029672
-0.029694
-0.029716
-0.029738
-0.029761
-0.029783
-0.029805
-0.029827
-0.029849
-0.029871
-0.029893
-0.029915
-0.029937
-0.029959
-0.029981
-0.030003
-0.030025
-0.030047
-0.030069
-0.030091
-0.030113
-0.030135
-0.030157
-0.030179
-0.030200
-0.030222
-0.030244
-0.030266
-0.030288
-0.030310
-0.030332
-0.030353
-0.030375
-0.030397
-0.030419
-0.030441
-0.030462
-0.030484
-0.030506
-0.030528
-0.030549
-0.030571
-0.030593
-0.030614
-0.030636
-0.030658
-0.030679
-0.030701
-0.030723
-0.030744
-0.030766
-0.030787
-0.030809
-0.030830
-0.030852
-0.030874
-0.030895
-0.030917
-0.030938
-0.030960
-0.030981
-0.031003
-0.031024
-0.031046
-0.031067
-0.031088
-0.031110
-0.031131
-0.031153
-0.031174
-0.031195
-0.031217
-0.031238
-0.031260
-0.031281
-0.031302
-0.031324
-0.031345
-0.031366
-0.031387
-0.031409
-0.031430
-0.031451
-0.031472
-0.031494
-0.031515
-0.031536
-0.031557
-0.031578
-0.031600
-0.031621
-0.031642
-0.031663
-0.031684
-0.031705
-0.031726
-0.031748
-0.031769
-0.031790
-0.031811
-0.031832
-0.031853
-0.031874
-0.031895
-0.031916
-0.031937
-0.031958
-0.031979
-0.032000
-0.032021
-0.032042
-0.032063
-0.032084
-0.032104
-0.032125
-0.032146
-0.032167
-0.032188
-0.032209
-0.032230
-0.032251
-0.032271
-0.032292
-0.032313
-0.032334
-0.032355
-0.032375
-0.032396
-0.032417
-0.032438
-0.032458
-0.032479
-0.032500
-0.032520
-0.032541
-0.032562
-0.032582
-0.032603
-0.032624
-0.032644
-0.032665
-0.032686
-0.032706
-0.032727
-0.032747
-0.032768
-0.032788
-0.032809
-0.032830
-0.032850
-0.032871
-0.032891
-0.032912
-0.032932
-0.032953
-0.032973
-0.032993
-0.033014
-0.033034
-0.033055
-0.033075
-0.033095
-0.033116
-0.033136
-0.033157
-0.033177
-0.033197
-0.033218
-0.033238
-0.033258
-0.033279
-0.033299
-0.033319
-0.033339
-0.033360
-0.033380
-0.033400
-0.033420
-0.033441
-0.033461
-0.033481
-0.033501
-0.033521
-0.033541
-0.033562
-0.033582
-0.033602
-0.033622
-0.033642
-0.033662
-0.033682
-0.033702
-0.033722
-0.033742
-0.033762
-0.033783
-0.033803
-0.033823
-0.033843
-0.033863
-0.033883
-0.033902
-0.033922
-0.033942
-0.033962
-0.033982
-0.034002
-0.034022
-0.034042
-0.034062
-0.034082
-0.034102
-0.034121
-0.034141
-0.034161
-0.034181
-0.034201
-0.034221
-0.034240
-0.034260
-0.034280
-0.034300
-0.034319
-0.034339
-0.034359
-0.034379
-0.034398
-0.034418
-0.034438
-0.034457
-0.034477
-0.034497
-0.034516
-0.034536
-0.034556
-0.034575
-0.034595
-0.034614
-0.034634
-0.034654
-0.034673
-0.034693
-0.034712
-0.034732
-0.034751
-0.034771
-0.034790
-0.034810
-0.034829
-0.034849
-0.034868
-0.034888
-0.034907
-0.034926
-0.034946
-0.034965
-0.034985
-0.035004
-0.035023
-0.035043
-0.035062
-0.035081
-0.035101
-0.035120
-0.035139
-0.035159
-0.035178
-0.035197
-0.035217
-0.035236
-0.035255
-0.035274
-0.035294
-0.035313
-0.035332
-0.035351
-0.035370
-0.035390
-0.035409
-0.035428
-0.035447
-0.035466
-0.035485
-0.035504
-0.035523
-0.035543
-0.035562
-0.035581
-0.035600
-0.035619
-0.035638
-0.035657
-0.035676
-0.035695
-0.035714
-0.035733
-0.035752
-0.035771
-0.035790
-0.035809
-0.035828
-0.035847
-0.035866
-0.035885
-0.035903
-0.035922
-0.035941
-0.035960
-0.035979
-0.035998
-0.036017
-0.036035
-0.036054
-0.036073
-0.036092
-0.036111
-0.036130
-0.036148
-0.036167
-0.036186
-0.036205
-0.036223
-0.036242
-0.036261
-0.036279
-0.036298
-0.036317
-0.036335
-0.036354
-0.036373
-0.036391
-0.036410
-0.036429
-0.036447
-0.036466
-0.036484
-0.036503
-0.036522
-0.036540
-0.036559
-0.036577
-0.036596
-0.036614
-0.036633
-0.036651
-0.036670
-0.036688
-0.036707
-0.036725
-0.036744
-0.036762
-0.036781
-0.036799
-0.036817
-0.036836
-0.036854
-0.036873
-0.036891
-0.036909
-0.036928
-0.036946
-0.036964
-0.036983
-0.037001
-0.037019
-0.037037
-0.037056
-0.037074
-0.037092
-0.037111
-0.037129
-0.037147
-0.037165
-0.037183
-0.037202
-0.037220
-0.037238
-0.037256
-0.037274
-0.037293
-0.037311
-0.037329
-0.037347
-0.037365
-0.037383
-0.037401
-0.037419
-0.037437
-0.037455
-0.037474
-0.037492
-0.037510
-0.037528
-0.037546
-0.037564
-0.037582
-0.037600
-0.037618
-0.037636
-0.037654
-0.037671
-0.037689
-0.037707
-0.037725
-0.037743
-0.037761
-0.037779
-0.037797
-0.037815
-0.037833
-0.037850
-0.037868
-0.037886
-0.037904
-0.037922
-0.037939
-0.037957
-0.037975
-0.037993
-0.038011
-0.038028
-0.038046
-0.038064
-0.038082
-0.038099
-0.038117
-0.038135
-0.038152
-0.038170
-0.038188
-0.038205
-0.038223
-0.038241
-0.038258
-0.038276
-0.038293
-0.038311
-0.038329
-0.038346
-0.038364
-0.038381
-0.038399
-0.038416
-0.038434
-0.038452
-0.038469
-0.038487
-0.038504
-0.038521
-0.038539
-0.038556
-0.038574
-0.038591
-0.038609
-0.038626
-0.038644
-0.038661
-0.038678
-0.038696
-0.038713
-0.038731
-0.038748
-0.038765
-0.038783
-0.038800
-0.038817
-0.038835
-0.038852
-0.038869
-0.038886
-0.038904
-0.038921
-0.038938
-0.038955
-0.038973
-0.038990
-0.039007
-0.039024
-0.039042
-0.039059
-0.039076
-0.039093
-0.039110
-0.039127
-0.039145
-0.039162
-0.039179
-0.039196
-0.039213
-0.039230
-0.039247
-0.039264
-0.039281
-0.039298
-0.039315
-0.039332
-0.039349
-0.039367
-0.039384
-0.039401
-0.039418
-0.039434
-0.039451
-0.039468
-0.039485
-0.039502
-0.039519
-0.039536
-0.039553
-0.039570
-0.039587
-0.039604
-0.039621
-0.039638
-0.039654
-0.039671
-0.039688
-0.039705
-0.039722
-0.039739
-0.039755
-0.039772
-0.039789
-0.039806
-0.039822
-0.039839
-0.039856
-0.039873
-0.039889
-0.039906
-0.039923
-0.039940
-0.039956
-0.039973
-0.039990
-0.040006
-0.040023
-0.040040
-0.040056
-0.040073
-0.040089
-0.040106
-0.040123
-0.040139
-0.040156
-0.040172
-0.040189
-0.040206
-0.040222
-0.040239
-0.040255
-0.040272
-0.040288
-0.040305
-0.040321
-0.040338
-0.040354
-0.040371
-0.040387
-0.040403
-0.040420
-0.040436
-0.040453
-0.040469
-0.040486
-0.040502
-0.040518
-0.040535
-0.040551
-0.040567
-0.040584
-0.040600
-0.040616
-0.040633
-0.040649
-0.040665
-0.040682
-0.040698
-0.040714
-0.040730
-0.040747
-0.040763
-0.040779
-0.040795
-0.040812
-0.040828
-0.040844
-0.040860
-0.040876
-0.040893
-0.040909
-0.040925
-0.040941
-0.040957
-0.040973
-0.040989
-0.041006
-0.041022
-0.041038
-0.041054
-0.041070
-0.041086
-0.041102
-0.041118
-0.041134
-0.041150
-0.041166
-0.041182
-0.041198
-0.041214
-0.041230
-0.041246
-0.041262
-0.041278
-0.041294
-0.041310
-0.041326
-0.041342
-0.041358
-0.041374
-0.041390
-0.041405
-0.041421
-0.041437
-0.041453
-0.041469
-0.041485
-0.041501
-0.041516
-0.041532
-0.041548
-0.041564
-0.041580
-0.041595
-0.041611
-0.041627
-0.041643
-0.041658
-0.041674
-0.041690
-0.041706
-0.041721
-0.041737
-0.041753
-0.041768
-0.041784
-0.041800
-0.041815
-0.041831
-0.041847
-0.041862
-0.041878
-0.041894
-0.041909
-0.041925
-0.041940
-0.041956
-0.041971
-0.041987
-0.042003
-0.042018
-0.042034
-0.042049
-0.042065
-0.042080
-0.042096
-0.042111
-0.042127
-0.042142
-0.042158
-0.042173
-0.042188
-0.042204
-0.042219
-0.042235
-0.042250
-0.042266
-0.042281
-0.042296
-0.042312
-0.042327
-0.042342
-0.042358
-0.042373
-0.042389
-0.042404
-0.042419
-0.042434
-0.042450
-0.042465
-0.042480
-0.042496
-0.042511
-0.042526
-0.042541
-0.042557
-0.042572
-0.042587
-0.042602
-0.042618
-0.042633
-0.042648
-0.042663
-0.042678
-0.042693
-0.042709
-0.042724
-0.042739
-0.042754
-0.042769
-0.042784
-0.042799
-0.042814
-0.042829
-0.042845
-0.042860
-0.042875
-0.042890
-0.042905
-0.042920
-0.042935
-0.042950
-0.042965
-0.042980
-0.042995
-0.043010
-0.043025
-0.043040
-0.043055
-0.043070
-0.043085
-0.043100
-0.043115
-0.043129
-0.043144
-0.043159
-0.043174
-0.043189
-0.043204
-0.043219
-0.043234
-0.043248
-0.043263
-0.043278
-0.043293
-0.043308
-0.043323
-0.043337
-0.043352
-0.043367
-0.043382
-0.043396
-0.043411
-0.043426
-0.043441
-0.043455
-0.043470
-0.043485
-0.043500
-0.043514
-0.043529
-0.043544
-0.043558
-0.043573
-0.043588
-0.043602
-0.043617
-0.043632
-0.043646
-0.043661
-0.043675
-0.043690
-0.043705
-0.043719
-0.043734
-0.043748
-0.043763
-0.043777
-0.043792
-0.043807
-0.043821
-0.043836
-0.043850
-0.043865
-0.043879
-0.043894
-0.043908
-0.043923
-0.043937
-0.043951
-0.043966
-0.043980
-0.043995
-0.044009
-0.044024
-0.044038
-0.044052
-0.044067
-0.044081
-0.044095
-0.044110
-0.044124
-0.044139
-0.044153
-0.044167
-0.044182
-0.044196
-0.044210
-0.044224
-0.044239
-0.044253
-0.044267
-0.044282
-0.044296
-0.044310
-0.044324
-0.044338
-0.044353
-0.044367
-0.044381
-0.044395
-0.044409
-0.044424
-0.044438
-0.044452
-0.044466
-0.044480
-0.044494
-0.044509
-0.044523
-0.044537
-0.044551
-0.044565
-0.044579
-0.044593
-0.044607
-0.044621
-0.044635
-0.044649
-0.044664
-0.044678
-0.044692
-0.044706
-0.044720
-0.044734
-0.044748
-0.044762
-0.044776
-0.044790
-0.044804
-0.044817
-0.044831
-0.044845
-0.044859
-0.044873
-0.044887
-0.044901
-0.044915
-0.044929
-0.044943
-0.044957
-0.044970
-0.044984
-0.044998
-0.045012
-0.045026
-0.045040
-0.045053
-0.045067
-0.045081
-0.045095
-0.045109
-0.045122
-0.045136
-0.045150
-0.045164
-0.045178
-0.045191
-0.045205
-0.045219
-0.045232
-0.045246
-0.045260
-0.045274
-0.045287
-0.045301
-0.045315
-0.045328
-0.045342
-0.045356
-0.045369
-0.045383
-0.045396
-0.045410
-0.045424
-0.045437
-0.045451
-0.045464
-0.045478
-0.045492
-0.045505
-0.045519
-0.045532
-0.045546
-0.045559
-0.045573
-0.045586
-0.045600
-0.045613
-0.045627
-0.045640
-0.045654
-0.045667
-0.045681
-0.045694
-0.045708
-0.045721
-0.045734
-0.045748
-0.045761
-0.045775
-0.045788
-0.045802
-0.045815
-0.045828
-0.045842
-0.045855
-0.045868
-0.045882
-0.045895
-0.045908
-0.045922
-0.045935
-0.045948
-0.045962
-0.045975
-0.045988
-0.046001
-0.046015
-0.046028
-0.046041
-0.046054
-0.046068
-0.046081
-0.046094
-0.046107
-0.046121
-0.046134
-0.046147
-0.046160
-0.046173
-0.046186
-0.046200
-0.046213
-0.046226
-0.046239
-0.046252
-0.046265
-0.046278
-0.046292
-0.046305
-0.046318
-0.046331
-0.046344
-0.046357
-0.046370
-0.046383
-0.046396
-0.046409
-0.046422
-0.046435
-0.046448
-0.046461
-0.046474
-0.046487
-0.046500
-0.046513
-0.046526
-0.046539
-0.046552
-0.046565
-0.046578
-0.046591
-0.046604
-0.046617
-0.046630
-0.046643
-0.046655
-0.046668
-0.046681
-0.046694
-0.046707
-0.046720
-0.046733
-0.046746
-0.046758
-0.046771
-0.046784
-0.046797
-0.046810
-0.046822
-0.046835
-0.046848
-0.046861
-0.046874
-0.046886
-0.046899
-0.046912
-0.046925
-0.046937
-0.046950
-0.046963
-0.046975
-0.046988
-0.047001
-0.047014
-0.047026
-0.047039
-0.047052
-0.047064
-0.047077
-0.047090
-0.047102
-0.047115
-0.047127
-0.047140
-0.047153
-0.047165
-0.047178
-0.047190
-0.047203
-0.047216
-0.047228
-0.047241
-0.047253
-0.047266
-0.047278
-0.047291
-0.047303
-0.047316
-0.047328
-0.047341
-0.047353
-0.047366
-0.047378
-0.047391
-0.047403
-0.047416
-0.047428
-0.047441
-0.047453
-0.047465
-0.047478
-0.047490
-0.047503
-0.047515
-0.047527
-0.047540
-0.047552
-0.047565
-0.047577
-0.047589
-0.047602
-0.047614
-0.047626
-0.047639
-0.047651
-0.047663
-0.047676
-0.047688
-0.047700
-0.047712
-0.047725
-0.047737
-0.047749
-0.047761
-0.047774
-0.047786
-0.047798
-0.047810
-0.047823
-0.047835
-0.047847
-0.047859
-0.047871
-0.047884
-0.047896
-0.047908
-0.047920
-0.047932
-0.047944
-0.047957
-0.047969
-0.047981
-0.047993
-0.048005
-0.048017
-0.048029
-0.048041
-0.048053
-0.048065
-0.048077
-0.048090
-0.048102
-0.048114
-0.048126
-0.048138
-0.048150
-0.048162
-0.048174
-0.048186
-0.048198
-0.048210
-0.048222
-0.048234
-0.048246
-0.048258
-0.048270
-0.048282
-0.048293
-0.048305
-0.048317
-0.048329
-0.048341
-0.048353
-0.048365
-0.048377
-0.048389
-0.048401
-0.048413
-0.048424
-0.048436
-0.048448
-0.048460
-0.048472
-0.048484
-0.048495
-0.048507
-0.048519
-0.048531
-0.048543
-0.048554
-0.048566
-0.048578
-0.048590
-0.048601
-0.048613
-0.048625
-0.048637
-0.048648
-0.048660
-0.048672
-0.048684
-0.048695
-0.048707
-0.048719
-0.048730
-0.048742
-0.048754
-0.048765
-0.048777
-0.048789
-0.048800
-0.048812
-0.048824
-0.048835
-0.048847
-0.048858
-0.048870
-0.048574
-0.047383
-0.044618
-0.039876
-0.033086
-0.024400
-0.014079
-0.002417
0.010299
0.023806
0.037873
0.052301
0.066920
0.081589
0.096197
0.110649
0.124875
0.138817
0.152434
0.165692
0.178571
0.191054
0.203132
0.214802
0.226064
0.236919
0.247373
0.257434
0.267110
0.276410
0.285345
0.293925
0.302163
0.310068
0.317653
0.324928
0.331905
0.338594
0.345006
0.351152
0.357041
0.362682
0.368086
0.373261
0.378216
0.382959
0.387498
0.391840
0.395994
0.399965
0.403761
0.407388
0.410852
0.414160
0.417316
0.420326
0.423196
0.425930
0.428534
0.431011
0.433366
0.435603
0.437727
0.439741
0.441650
0.443455
0.445162
0.446773
0.448292
0.449721
0.451064
0.452323
0.453502
0.454602
0.455626
0.456578
0.457458
0.458270
0.459016
0.459698
0.460317
0.460876
0.461377
0.461822
0.462212
0.462549
0.462835
0.463072
0.463260
0.463402
0.463499
0.463553
0.463564
0.463535
0.463466
0.463358
0.463214
0.463033
0.462818
0.462569
0.462590
0.463461
0.465851
0.470165
0.476481
0.484660
0.494451
0.505572
0.517743
0.530708
0.544239
0.558138
0.572235
0.586389
0.600484
0.614427
0.628144
0.641577
0.654681
0.667424
0.679783
0.691740
0.703286
0.714417
0.725131
0.735431
0.745322
0.754810
0.763905
0.772614
0.780949
0.788921
0.796540
0.803818
0.810766
0.817396
0.823719
0.829745
0.835485
0.840950
0.846150
0.851095
0.855794
0.860256
0.864491
0.868506
0.872309
0.875910
0.879314
0.882529
0.885563
0.888421
0.891110
0.893636
0.896005
0.898223
0.900294
0.902225
0.904019
0.905682
0.907218
0.908632
0.909928
0.911109
0.912180
0.913144
0.914005
0.914767
0.915432
0.916004
0.916486
0.916882
0.917192
0.917422
0.917573
0.917647
0.917648
0.917577
0.917438
0.917231
0.916960
0.916627
0.916233
0.915780
0.915270
0.914706
0.914089
0.913420
0.912701
0.911934
0.911120
0.910261
0.909359
0.908414
0.907428
0.906403
0.905339
0.904238
0.903102
0.901930
0.900725
0.899487
0.898218
0.896918
0.895589
0.894232
0.892847
0.891435
0.889997
0.888535
0.887048
0.885538
0.884006
0.882452
0.880877
0.879281
0.877666
0.876033
0.874380
0.872710
0.871024
0.869320
0.867601
0.865867
0.864117
0.862354
0.860577
0.858787
0.856984
0.855168
0.853341
0.851503
0.849654
0.847794
0.845924
0.844044
0.842156
0.840258
0.838351
0.836437
0.834514
0.832584
0.830647
0.828703
0.826752
0.824795
0.822832
0.820864
0.818889
0.816910
0.814926
0.812937
0.810943
0.808945
0.806944
0.804938
0.802929
0.800917
0.798901
0.796882
0.794861
0.792837
0.790811
0.788783
0.786752
0.784720
0.782686
0.780650
0.778613
0.776574
0.774535
0.772494
0.770453
0.768411
0.766369
0.764325
0.762282
0.760238
0.758195
0.756151
0.754107
0.752064
0.750021
0.747978
0.745936
0.743895
0.741854
0.739814
0.737775
0.735737
0.733699
0.731663
0.729628
0.727595
0.725563
0.723532
0.721502
0.719475
0.717448
0.715424
0.713401
0.711380
0.709361
0.707343
0.705328
0.703314
0.701303
0.699294
0.697287
0.695282
0.693279
0.691279
0.689281
0.687285
0.685292
0.683301
0.681313
0.679327
0.677344
0.675363
0.673385
0.671409
0.669437
0.667467
0.665500
0.663535
0.661573
0.659615
0.657659
0.655706
0.653756
0.651808
0.649864
0.647923
0.645985
0.644049
0.642117
0.640188
0.638262
0.636339
0.634419
0.632502
0.630589
0.628679
0.626771
0.624867
0.622967
0.621069
0.619175
0.617284
0.615396
0.613512
0.611631
0.609753
0.607878
0.606007
0.604139
0.602275
0.600413
0.598556
0.596701
0.594850
0.593003
0.591158
0.589318
0.587480
0.585646
0.583816
0.581989
0.580165
0.578345
0.576528
0.574715
0.572905
0.571099
0.569296
0.567497
0.565701
0.563909
0.562120
0.560335
0.558553
0.556774
0.555000
0.553228
0.551461
0.549696
0.547936
0.546179
0.544425
0.542675
0.540928
0.539185
0.537446
0.535710
0.533977
0.532249
0.530523
0.528802
0.527083
0.525369
0.523658
0.521950
0.520246
0.518546
0.516849
0.515155
0.513466
0.511779
0.510097
0.508418
0.506742
0.505070
0.503402
0.501737
0.500075
0.498417
0.496763
0.495112
0.493465
0.491821
0.490181
0.488545
0.486912
0.485282
0.483656
0.482034
0.480415
0.478800
0.477188
0.475579
0.473975
0.472373
0.470776
0.469181
0.467591
0.466004
0.464420
0.462840
0.461263
0.459690
0.458120
0.456554
0.454992
0.453432
0.451877
0.450325
0.448776
0.447231
0.445689
0.444151
0.442616
0.441085
0.439557
0.438033
0.436512
0.434994
0.433480
0.431970
0.430463
0.428959
0.427459
0.425963
0.424469
0.422979
0.421493
0.420010
0.418531
0.417055
0.415582
0.414113
0.412647
0.411184
0.409725
0.408270
0.406817
0.405369
0.403923
0.402481
0.401042
0.399607
0.398175
0.396747
0.395322
0.393900
0.392481
0.391066
0.389655
0.388246
0.386841
0.385439
0.384041
0.382646
0.381254
0.379866
0.378481
0.377099
0.375721
0.374346
0.372974
0.371605
0.370240
0.368878
0.367520
0.366164
0.364812
0.363464
0.362118
0.360776
0.359437
0.358101
0.356769
0.355439
0.354113
0.352791
0.351471
0.350155
0.348842
0.347532
0.346225
0.344922
0.343622
0.342325
0.341031
0.339740
0.338453
0.337169
0.335888
0.334610
0.333335
0.332064
0.330795
0.329530
0.328268
0.327009
0.325753
0.324501
0.323251
0.322005
0.320762
0.319521
0.318284
0.317051
0.315820
0.314592
0.313368
0.312146
0.310928
0.309712
0.308500
0.307291
0.306085
0.304882
0.303682
0.302485
0.301291
0.300100
0.298912
0.297728
0.296546
0.295367
0.294192
0.293019
0.291849
0.290683
0.289519
0.288358
0.287201
0.286046
0.284894
0.283746
0.282600
0.281457
0.280317
0.279181
0.278047
0.276916
0.275788
0.274663
0.273541
0.272421
0.271305
0.270192
0.269081
0.267974
0.266869
0.265767
0.264668
0.263572
0.262479
0.261389
0.260302
0.259217
0.258136
0.257057
0.255981
0.254908
0.253838
0.252770
0.251706
0.250644
0.249585
0.248529
0.247476
0.246425
0.245378
0.244333
0.243291
0.242251
0.241215
0.240181
0.239150
0.238122
0.237097
0.236074
0.235054
0.234037
0.233022
0.232011
0.231002
0.229995
0.228992
0.227991
0.226993
0.225997
0.225005
0.224015
0.223027
0.222043
0.221061
0.220081
0.219105
0.218131
0.217159
0.216191
0.215225
0.214261
0.213301
0.212343
0.211387
0.210434
0.209484
0.208536
0.207591
0.206649
0.205709
0.204772
0.203837
0.202905
0.201976
0.201049
0.200125
0.199203
0.198284
0.197367
0.196453
0.195541
0.194632
0.193726
0.192822
0.191920
0.191021
0.190125
0.189231
0.188340
0.187451
0.186564
0.185680
0.184799
0.183920
0.183043
0.182169
0.181298
0.180428
0.179562
0.178698
0.177836
0.176976
0.176119
0.175265
0.174413
0.173563
0.172716
0.171871
0.171028
0.170188
0.169351
0.168515
0.167682
0.166852
0.166024
0.165198
0.164374
0.163553
0.162735
0.161918
0.161104
0.160292
0.159483
0.158676
0.157871
0.157069
0.156268
0.155471
0.154675
0.153882
0.153091
0.152302
0.151516
0.150732
0.149950
0.149170
0.148393
0.147618
0.146845
0.146075
0.145306
0.144540
0.143776
0.143015
0.142255
0.141498
0.140743
0.139991
0.139240
0.138492
0.137745
0.137001
0.136260
0.135520
0.134783
0.134047
0.133314
0.132583
0.131854
0.131128
0.130403
0.129681
0.128961
0.128242
0.127526
0.126813
0.126101
0.125391
0.124684
0.123978
0.123275
0.122573
0.121874
0.121177
0.120482
0.119789
0.119098
0.118410
0.117723
0.117038
0.116355
0.115675
0.114996
0.114320
0.113645
0.112973
0.112302
0.111634
0.110967
0.110303
0.109640
0.108980
0.108322
0.107665
0.107011
0.106358
0.105708
0.105059
0.104412
0.103768
0.103125
0.102484
0.101845
0.101209
0.100574
0.099941
0.099310
0.098681
0.098053
0.097428
0.096805
0.096183
0.095564
0.094946
0.094330
0.093716
0.093104
0.092494
0.091886
0.091279
0.090675
0.090072
0.089471
0.088872
0.088275
0.087680
0.087086
0.086495
0.085905
0.085317
0.084731
0.084146
0.083564
0.082983
0.082404
0.081827
0.081252
0.080678
0.080106
0.079536
0.078968
0.078402
0.077837
0.077274
0.076713
0.076154
0.075596
0.075040
0.074486
0.073933
0.073383
0.072834
0.072287
0.071741
0.071197
0.070655
0.070115
0.069576
0.069039
0.068504
0.067970
0.067438
0.066908
0.066379
0.065852
0.065327
0.064804
0.064282
0.063762
0.063243
0.062726
0.062211
0.061697
0.061185
0.060675
0.060166
0.059659
0.059153
0.058649
0.058147
0.057646
0.057147
0.056650
0.056154
0.055660
0.055167
0.054676
0.054186
0.053698
0.053212
0.052727
0.052244
0.051762
0.051282
0.050803
0.050326
0.049851
0.049377
0.048904
0.048433
0.047964
0.047496
0.047030
0.046565
0.046101
0.045640
0.045179
0.044720
0.044263
0.043807
0.043353
0.042900
0.042449
0.041999
0.041550
0.041103
0.040658
0.040214
0.039771
0.039330
0.038890
0.038452
0.038015
0.037580
0.037146
0.036714
0.036283
0.035853
0.035425
0.034998
0.034573
0.034149
0.033726
0.033305
0.032885
0.032467
0.032050
0.031634
0.031220
0.030807
0.030396
0.029986
0.029577
0.029169
0.028763
0.028359
0.027956
0.027554
0.027153
0.026754
0.026356
0.025959
0.025564
0.025170
0.024778
0.024386
0.023996
0.023608
0.023220
0.022834
0.022450
0.022066
0.021684
0.021303
0.020924
0.020546
0.020169
0.019793
0.019419
0.019046
0.018674
0.018303
0.017934
0.017566
0.017199
0.016833
0.016469
0.016106
0.015744
0.015384
0.015024
0.014666
0.014309
0.013954
0.013599
0.013246
0.012894
0.012543
0.012194
0.011845
0.011498
0.011152
0.010808
0.010464
0.010122
0.009780
0.009440
0.009102
0.008764
0.008428
0.008092
0.007758
0.007425
0.007093
0.006763
0.006433
0.006105
0.005778
0.005452
0.005127
0.004803
0.004480
0.004159
0.003839
0.003519
0.003201
0.002884
0.002568
0.002254
0.001940
0.001627
0.001316
0.001006
0.000697
0.000388
0.000081
-0.000225
-0.000529
-0.000833
-0.001136
-0.001438
-0.001738
-0.002038
-0.002336
-0.002633
-0.002929
-0.003225
-0.003519
-0.003812
-0.004104
-0.004395
-0.004685
-0.004974
-0.005262
-0.005548
-0.005834
-0.006119
-0.006403
-0.006685
-0.006967
-0.007248
-0.007527
-0.007806
-0.008083
-0.008360
-0.008636
-0.008910
-0.009184
-0.009456
-0.009728
-0.009999
-0.010268
-0.010537
-0.010804
-0.011071
-0.011337
-0.011601
-0.011865
-0.012128
-0.012390
-0.012650
-0.012910
-0.013169
-0.013427
-0.013684
-0.013940
-0.014195
-0.014449
-0.014703
-0.014955
-0.015206
-0.015456
-0.015706
-0.015954
-0.016202
-0.016449
-0.016694
-0.016939
-0.017183
-0.017426
-0.017668
-0.017909
-0.018149
-0.018389
-0.018627
-0.018865
-0.019101
-0.019337
-0.019572
-0.019806
-0.020039
-0.020271
-0.020502
-0.020733
-0.020962
-0.021191
-0.021419
-0.021646
-0.021872
-0.022097
-0.022321
-0.022545
-0.022767
-0.022989
-0.023210
-0.023430
-0.023649
-0.023867
-0.024085
-0.024301
-0.024517
-0.024732
-0.024946
-0.025160
-0.025372
-0.025584
-0.025795
-0.026005
-0.026214
-0.026422
-0.026630
-0.026836
-0.027042
-0.027247
-0.027452
-0.027655
-0.027858
-0.028060
-0.028261
-0.028461
-0.028661
-0.028859
-0.029057
-0.029254
-0.029451
-0.029646
-0.029841
-0.030035
-0.030228
-0.030421
-0.030612
-0.030803
-0.030994
-0.031183
-0.031372
-0.031559
-0.031746
-0.031933
-0.032118
-0.032303
-0.032487
-0.032671
-0.032853
-0.033035
-0.033216
-0.033397
-0.033576
-0.033755
-0.033933
-0.034111
-0.034287
-0.034463
-0.034639
-0.034813
-0.034987
-0.035160
-0.035332
-0.035504
-0.035675
-0.035845
-0.036015
-0.036184
-0.036352
-0.036519
-0.036686
-0.036852
-0.037017
-0.037182
-0.037346
-0.037509
-0.037671
-0.037833
-0.037994
-0.038155
-0.038315
-0.038474
-0.038632
-0.038790
-0.038947
-0.039104
-0.039259
-0.039414
-0.039569
-0.039723
-0.039876
-0.040028
-0.040180
-0.040331
-0.040482
-0.040631
-0.040781
-0.040929
-0.041077
-0.041224
-0.041371
-0.041517
-0.041662
-0.041807
-0.041951
-0.042094
-0.042237
-0.042379
-0.042521
-0.042661
-0.042802
-0.042941
-0.043080
-0.043219
-0.043357
-0.043494
-0.043630
-0.043766
-0.043902
-0.044036
-0.044170
-0.044304
-0.044437
-0.044569
-0.044701
-0.044832
-0.044962
-0.045092
-0.045222
-0.045350
-0.045479
-0.045606
-0.045733
-0.045859
-0.045985
-0.046111
-0.046235
-0.046359
-0.046483
-0.046606
-0.046728
-0.046850
-0.046971
-0.047092
-0.047212
-0.047331
-0.047450
-0.047569
-0.047686
-0.047804
-0.047920
-0.048037
-0.048152
-0.048267
-0.048382
-0.048496
-0.048609
-0.048722
-0.048834
-0.048946
-0.049057
-0.049168
-0.049278
-0.049388
-0.049497
-0.049606
-0.049714
-0.049821
-0.049928
-0.050035
-0.050141
-0.050246
-0.050351
-0.050456
-0.050559
-0.050663
-0.050766
-0.050868
-0.050970
-0.051071
-0.051172
-0.051272
-0.051372
-0.051472
-0.051570
-0.051669
-0.051766
-0.051864
-0.051961
-0.052057
-0.052153
-0.052248
-0.052343
-0.052437
-0.052531
-0.052625
-0.052718
-0.052810
-0.052902
-0.052994
-0.053085
-0.053175
-0.053265
-0.053355
-0.053444
-0.053533
-0.053621
-0.053709
-0.053796
-0.053883
-0.053969
-0.054055
-0.054140
-0.054225
-0.054310
-0.054394
-0.054478
-0.054561
-0.054644
-0.054726
-0.054808
-0.054889
-0.054970
-0.055051
-0.055131
-0.055210
-0.055290
-0.055368
-0.055447
-0.055525
-0.055602
-0.055679
-0.055756
-0.055832
-0.055908
-0.055983
-0.056058
-0.056132
-0.056206
-0.056280
-0.056353
-0.056426
-0.056499
-0.056571
-0.056642
-0.056713
-0.056784
-0.056855
-0.056925
-0.056994
-0.057063
-0.057132
-0.057200
-0.057268
-0.057336
-0.057403
-0.057470
-0.057536
-0.057602
-0.057668
-0.057733
-0.057798
-0.057863
-0.057927
-0.057990
-0.058054
-0.058117
-0.058179
-0.058241
-0.058303
-0.058365
-0.058426
-0.058487
-0.058547
-0.058607
-0.058666
-0.058726
-0.058785
-0.058843
-0.058901
-0.058959
-0.059016
-0.059074
-0.059130
-0.059187
-0.059243
-0.059298
-0.059354
-0.059409
-0.059463
-0.059518
-0.059571
-0.059625
-0.059678
-0.059731
-0.059784
-0.059836
-0.059888
-0.059940
-0.059991
-0.060042
-0.060092
-0.060143
-0.060192
-0.060242
-0.060291
-0.060340
-0.060389
-0.060437
-0.060485
-0.060533
-0.060580
-0.060627
-0.060674
-0.060720
-0.060766
-0.060812
-0.060858
-0.060903
-0.060948
-0.060992
-0.061037
-0.061081
-0.061124
-0.061168
-0.061211
-0.061253
-0.061296
-0.061338
-0.061380
-0.061421
-0.061463
-0.061504
-0.061544
-0.061585
-0.061625
-0.061665
-0.061705
-0.061744
-0.061783
-0.061822
-0.061860
-0.061898
-0.061936
-0.061974
-0.062011
-0.062048
-0.062085
-0.062122
-0.062158
-0.062194
-0.062230
-0.062265
-0.062300
-0.062335
-0.062370
-0.062404
-0.062439
-0.062473
-0.062506
-0.062540
-0.062573
-0.062606
-0.062638
-0.062671
-0.062703
-0.062735
-0.062767
-0.062798
-0.062829
-0.062860
-0.062891
-0.062921
-0.062952
-0.062982
-0.063011
-0.063041
-0.063070
-0.063099
-0.063128
-0.063157
-0.063185
-0.063213
-0.063241
-0.063269
-0.063296
-0.063324
-0.063351
-0.063377
-0.063404
-0.063430
-0.063457
-0.063482
-0.063508
-0.063534
-0.063559
-0.063584
-0.063609
-0.063634
-0.063658
-0.063682
-0.063706
-0.063730
-0.063754
-0.063777
-0.063800
-0.063823
-0.063846
-0.063869
-0.063891
-0.063914
-0.063936
-0.063958
-0.063979
-0.064001
-0.064022
-0.064043
-0.064064
-0.064085
-0.064105
-0.064125
-0.064146
-0.064166
-0.064185
-0.064205
-0.064224
-0.064244
-0.064263
-0.064282
-0.064300
-0.064319
-0.064337
-0.064355
-0.064374
-0.064391
-0.064409
-0.064427
-0.064444
-0.064461
-0.064478
-0.064495
-0.064512
-0.064528
-0.064545
-0.064561
-0.064577
-0.064593
-0.064608
-0.064624
-0.064639
-0.064655
-0.064670
-0.064685
-0.064700
-0.064714
-0.064729
-0.064743
-0.064757
-0.064771
-0.064785
-0.064799
-0.064813
-0.064826
-0.064839
-0.064853
-0.064866
-0.064879
-0.064891
-0.064904
-0.064916
-0.064929
-0.064941
-0.064953
-0.064965
-0.064977
-0.064989
-0.065000
-0.065012
-0.065023
-0.065034
-0.065045
-0.065056
-0.065067
-0.065077
-0.065088
-0.065098
-0.065109
-0.065119
-0.065129
-0.065139
-0.065149
-0.065158
-0.065168
-0.065177
-0.065187
-0.065196
-0.065205
-0.065214
-0.065223
-0.065232
-0.065240
-0.065249
-0.065257
-0.065266
-0.065274
-0.065282
-0.065290
-0.065298
-0.065306
-0.065313
-0.065321
-0.065328
-0.065336
-0.065343
-0.065350
-0.065357
-0.065364
-0.065371
-0.065378
-0.065385
-0.065391
-0.065398
-0.065404
-0.065410
-0.065416
-0.065423
-0.065429
-0.065435
-0.065440
-0.065446
-0.065452
-0.065457
-0.065463
-0.065468
-0.065474
-0.065479
-0.065484
-0.065489
-0.065494
-0.065499
-0.065504
-0.065508
-0.065513
-0.065517
-0.065522
-0.065526
-0.065531
-0.065535
-0.065539
-0.065543
-0.065547
-0.065551
-0.065555
-0.065559
-0.065562
-0.065566
-0.065569
-0.065573
-0.065576
-0.065580
-0.065583
-0.065586
-0.065589
-0.065592
-0.065595
-0.065598
-0.065601
-0.065604
-0.065607
-0.065609
-0.065612
-0.065614
-0.065617
-0.065619
-0.065622
-0.065624
-0.065626
-0.065628
-0.065630
-0.065632
-0.065634
-0.065636
-0.065638
-0.065640
-0.065641
-0.065643
-0.065645
-0.065646
-0.065648
-0.065649
-0.065651
-0.065652
-0.065653
-0.065654
-0.065656
-0.065657
-0.065658
-0.065659
-0.065660
-0.065661
-0.065662
-0.065662
-0.065663
-0.065664
-0.065665
-0.065665
-0.065666
-0.065666
-0.065667
-0.065667
-0.065668
-0.065668
-0.065668
-0.065668
-0.065669
-0.065669
-0.065669
-0.065669
-0.065669
-0.065669
-0.065669
-0.065669
-0.065669
-0.065669
-0.065668
-0.065668
-0.065668
-0.065668
-0.065667
-0.065667
-0.065666
-0.065666
-0.065665
-0.065665
-0.065664
-0.065664
-0.065663
-0.065662
-0.065661
-0.065661
-0.065660
-0.065659
-0.065658
-0.065657
-0.065656
-0.065655
-0.065654
-0.065653
-0.065652
-0.065651
-0.065650
-0.065649
-0.065648
-0.065647
-0.065645
-0.065644
-0.065643
-0.065641
-0.065640
-0.065639
-0.065637
-0.065636
-0.065634
-0.065633
-0.065631
-0.065630
-0.065628
-0.065627
-0.065625
-0.065623
-0.065622
-0.065620
-0.065618
-0.065616
-0.065615
-0.065613
-0.065611
-0.065609
-0.065607
-0.065606
-0.065604
-0.065602
-0.065600
-0.065598
-0.065596
-0.065594
-0.065592
-0.065590
-0.065588
-0.065586
-0.065583
-0.065581
-0.065579
-0.065577
-0.065575
-0.065573
-0.065570
-0.065568
-0.065566
-0.065564
-0.065561
-0.065559
-0.065557
-0.065554
-0.065552
-0.065550
-0.065547
-0.065545
-0.065543
-0.065540
-0.065538
-0.065535
-0.065533
-0.065530
-0.065528
-0.065525
-0.065523
-0.065520
-0.065518
-0.065515
-0.065513
-0.065510
-0.065507
-0.065505
-0.065502
-0.065499
-0.065497
-0.065494
-0.065492
-0.065489
-0.065486
-0.065483
-0.065481
-0.065478
-0.065475
-0.065473
-0.065470
-0.065467
-0.065464
-0.065462
-0.065459
-0.065456
-0.065453
-0.065450
-0.065447
-0.065445
-0.065442
-0.065439
-0.065436
-0.065433
-0.065430
-0.065428
-0.065425
-0.065422
-0.065419
-0.065416
-0.065413
-0.065410
-0.065407
-0.065404
-0.065401
-0.065398
-0.065396
-0.065393
-0.065390
-0.065387
-0.065384
-0.065381
-0.065378
-0.065375
-0.065372
-0.065369
-0.065366
-0.065363
-0.065360
-0.065357
-0.065354
-0.065351
-0.065348
-0.065345
-0.065342
-0.065339
-0.065336
-0.065333
-0.065330
-0.065327
-0.065324
-0.065321
-0.065318
-0.065315
-0.065312
-0.065308
-0.065305
-0.065302
-0.065299
-0.065296
-0.065293
-0.065290
-0.065287
-0.065284
-0.065281
-0.065278
-0.065275
-0.065272
-0.065269
-0.065266
-0.065263
-0.065260
-0.065257
-0.065254
-0.065251
-0.065247
-0.065244
-0.065241
-0.065238
-0.065235
-0.065232
-0.065229
-0.065226
-0.065223
-0.065220
-0.065217
-0.065214
-0.065211
-0.065208
-0.065205
-0.065202
-0.065199
-0.065196
-0.065193
-0.065190
-0.065186
-0.065183
-0.065180
-0.065177
-0.065174
-0.065171
-0.065168
-0.065165
-0.065162
-0.065159
-0.065156
-0.065153
-0.065150
-0.065147
-0.065144
-0.065141
-0.065138
-0.065135
-0.065132
-0.065129
-0.065126
-0.065123
-0.065120
-0.065117
-0.065114
-0.065111
-0.065108
-0.065106
-0.065103
-0.065100
-0.065097
-0.065094
-0.065091
-0.065088
-0.065085
-0.065082
-0.065079
-0.065076
-0.065073
-0.065070
-0.065067
-0.065064
-0.065062
-0.065059
-0.065056
-0.065053
-0.065050
-0.065047
-0.065044
-0.065041
-0.065039
-0.065036
-0.065033
-0.065030
-0.065027
-0.065024
-0.065021
-0.065019
-0.065016
-0.065013
-0.065010
-0.065007
-0.065005
-0.065002
-0.064999
-0.064996
-0.064993
-0.064991
-0.064988
-0.064985
-0.064982
-0.064980
-0.064977
-0.064974
-0.064971
-0.064969
-0.064966
-0.064963
-0.064961
-0.064958
-0.064955
-0.064952
-0.064950
-0.064947
-0.064944
-0.064942
-0.064939
-0.064936
-0.064934
-0.064931
-0.064928
-0.064926
-0.064923
-0.064921
-0.064918
-0.064915
-0.064913
-0.064910
-0.064908
-0.064905
-0.064902
-0.064900
-0.064897
-0.064895
-0.064892
-0.064890
-0.064887
-0.064884
-0.064882
-0.064879
-0.064877
-0.064874
-0.064872
-0.064869
-0.064867
-0.064864
-0.064862
-0.064860
-0.064857
-0.064855
-0.064852
-0.064850
-0.064847
-0.064845
-0.064842
-0.064840
-0.064838
-0.064835
-0.064833
-0.064830
-0.064828
-0.064826
-0.064823
-0.064821
-0.064819
-0.064816
-0.064814
-0.064812
-0.064809
-0.064807
-0.064805
-0.064802
-0.064800
-0.064798
-0.064796
-0.064793
-0.064791
-0.064789
-0.064786
-0.064784
-0.064782
-0.064780
-0.064778
-0.064775
-0.064773
-0.064771
-0.064769
-0.064767
-0.064764
-0.064762
-0.064760
-0.064758
-0.064756
-0.064754
-0.064751
-0.064749
-0.064747
-0.064745
-0.064743
-0.064741
-0.064739
-0.064737
-0.064735
-0.064733
-0.064731
-0.064728
-0.064726
-0.064724
-0.064722
-0.064720
-0.064718
-0.064716
-0.064714
-0.064712
-0.064710
-0.064708
-0.064706
-0.064704
-0.064702
-0.064700
-0.064698
-0.064697
-0.064695
-0.064693
-0.064691
-0.064689
-0.064687
-0.064685
-0.064683
-0.064681
-0.064679
-0.064678
-0.064676
-0.064674
-0.064672
-0.064670
-0.064668
-0.064667
-0.064665
-0.064663
-0.064661
-0.064659
-0.064658
-0.064656
-0.064654
-0.064652
-0.064650
-0.064649
-0.064647
-0.064645
-0.064644
-0.064642
-0.064640
-0.064638
-0.064637
-0.064635
-0.064633
-0.064632
-0.064630
-0.064628
-0.064627
-0.064625
-0.064623
-0.064622
-0.064620
-0.064619
-0.064617
-0.064615
-0.064614
-0.064612
-0.064611
-0.064609
-0.064607
-0.064606
-0.064604
-0.064603
-0.064601
-0.064600
-0.064598
-0.064597
-0.064595
-0.064594
-0.064592
-0.064591
-0.064589
-0.064588
-0.064586
-0.064585
-0.064583
-0.064582
-0.064580
-0.064579
-0.064578
-0.064576
-0.064575
-0.064573
-0.064572
-0.064571
-0.064569
-0.064568
-0.064566
-0.064565
-0.064564
-0.064562
-0.064561
-0.064560
-0.064558
-0.064557

