0.000000
0.000000
-0.000006
-0.000014
-0.000023
-0.000034
-0.000045
-0.000058
-0.000070
-0.000084
-0.000097
-0.000111
-0.000125
-0.000140
-0.000155
-0.000170
-0.000185
-0.000201
-0.000217
-0.000233
-0.000249
-0.000266
-0.000282
-0.000299
-0.000316
-0.000333
-0.000351
-0.000368
-0.000386
-0.000404
-0.000422
-0.000440
-0.000459
-0.000477
-0.000496
-0.000515
-0.000534
-0.000553
-0.000572
-0.000591
-0.000611
-0.000631
-0.000651
-0.000670
-0.000691
-0.000711
-0.000731
-0.000751
-0.000772
-0.000793
-0.000813
-0.000834
-0.000855
-0.000876
-0.000898
-0.000919
-0.000940
-0.000962
-0.000984
-0.001005
-0.001027
-0.001049
-0.001071
-0.001093
-0.001115
-0.001138
-0.001160
-0.001183
-0.001205
-0.001228
-0.001251
-0.001273
-0.001296
-0.001319
-0.001342
-0.001366
-0.001389
-0.001412
-0.001435
-0.001459
-0.001482
-0.001506
-0.001530
-0.001553
-0.001577
-0.001601
-0.001625
-0.001649
-0.001673
-0.001697
-0.001722
-0.001746
-0.001770
-0.001795
-0.001819
-0.001844
-0.001868
-0.001893
-0.001918
-0.001942
-0.001967
-0.001992
-0.002017
-0.002042
-0.002067
-0.002092
-0.002118
-0.002143
-0.002168
-0.002193
-0.002219
-0.002244
-0.002270
-0.002295
-0.002321
-0.002346
-0.002372
-0.002398
-0.002424
-0.002449
-0.002475
-0.002501
-0.002527
-0.002553
-0.002579
-0.002605
-0.002631
-0.002658
-0.002684
-0.002710
-0.002736
-0.002763
-0.002789
-0.002815
-0.002842
-0.002868
-0.002895
-0.002921
-0.002948
-0.002975
-0.003001
-0.003028
-0.003055
-0.003082
-0.003108
-0.003135
-0.003162
-0.003189
-0.003216
-0.003243
-0.003270
-0.003297
-0.003324
-0.003351
-0.003379
-0.003406
-0.003433
-0.003460
-0.003487
-0.003515
-0.003542
-0.003569
-0.003597
-0.003624
-0.003652
-0.003679
-0.003707
-0.003734
-0.003762
-0.003789
-0.003817
-0.003845
-0.003872
-0.003900
-0.003928
-0.003955
-0.003983
-0.004011
-0.004039
-0.004067
-0.004094
-0.004122
-0.004150
-0.004178
-0.004206
-0.004234
-0.004262
-0.004290
-0.004318
-0.004346
-0.004374
-0.004402
-0.004430
-0.004459
-0.004487
-0.004515
-0.004543
-0.004571
-0.004599
-0.004628
-0.004656
-0.004684
-0.004713
-0.004741
-0.004769
-0.004798
-0.004826
-0.004854
-0.004883
-0.004911
-0.004940
-0.004968
-0.004997
-0.005025
-0.005054
-0.005082
-0.005111
-0.005139
-0.005168
-0.005197
-0.005225
-0.005254
-0.005282
-0.005311
-0.005340
-0.005368
-0.005397
-0.005426
-0.005455
-0.005483
-0.005512
-0.005541
-0.005570
-0.005598
-0.005627
-0.005656
-0.005685
-0.005714
-0.005743
-0.005771
-0.005800
-0.005829
-0.005858
-0.005887
-0.005916
-0.005945
-0.005974
-0.006003
-0.006032
-0.006061
-0.006090
-0.006119
-0.006148
-0.006177
-0.006206
-0.006235
-0.006264
-0.006293
-0.006322
-0.006351
-0.006380
-0.006409
-0.006438
-0.006467
-0.006496
-0.006525
-0.006555
-0.006584
-0.006613
-0.006642
-0.006671
-0.006700
-0.006729
-0.006759
-0.006788
-0.006817
-0.006846
-0.006875
-0.006905
-0.006934
-0.006963
-0.006992
-0.007022
-0.007051
-0.007080
-0.007109
-0.007139
-0.007168
-0.007197
-0.007226
-0.007256
-0.007285
-0.007314
-0.007344
-0.007373
-0.007402
-0.007432
-0.007461
-0.007490
-0.007520
-0.007549
-0.007578
-0.007608
-0.007637
-0.007666
-0.007696
-0.007725
-0.007754
-0.007784
-0.007813
-0.007842
-0.007872
-0.007901
-0.007931
-0.007960
-0.007989
-0.008019
-0.008048
-0.008078
-0.008107
-0.008136
-0.008166
-0.008195
-0.008225
-0.008254
-0.008283
-0.008313
-0.008342
-0.008372
-0.008401
-0.008431
-0.008460
-0.008489
-0.008519
-0.008548
-0.008578
-0.008607
-0.008637
-0.008666
-0.008695
-0.008725
-0.008754
-0.008784
-0.008813
-0.008843
-0.008872
-0.008902
-0.008931
-0.008960
-0.008990
-0.009019
-0.009049
-0.009078
-0.009108
-0.009137
-0.009167
-0.009196
-0.009225
-0.009255
-0.009284
-0.009314
-0.009343
-0.009373
-0.009402
-0.009432
-0.009461
-0.009490
-0.009520
-0.009549
-0.009579
-0.009608
-0.009638
-0.009667
-0.009696
-0.009726
-0.009755
-0.009785
-0.009814
-0.009844
-0.009873
-0.009902
-0.009932
-0.009961
-0.009991
-0.010020
-0.010050
-0.010079
-0.010108
-0.010138
-0.010167
-0.010197
-0.010226
-0.010255
-0.010285
-0.010314
-0.010344
-0.010373
-0.010402
-0.010432
-0.010461
-0.010490
-0.010520
-0.010549
-0.010579
-0.010608
-0.010637
-0.010667
-0.010696
-0.010725
-0.010755
-0.010784
-0.010813
-0.010843
-0.010872
-0.010901
-0.010931
-0.010960
-0.010989
-0.011019
-0.011048
-0.011077
-0.011107
-0.011136
-0.011165
-0.011195
-0.011224
-0.011253
-0.011282
-0.011312
-0.011341
-0.011370
-0.011400
-0.011429
-0.011458
-0.011487
-0.011517
-0.011546
-0.011575
-0.011604
-0.011634
-0.011663
-0.011692
-0.011721
-0.011750
-0.011780
-0.011809
-0.011838
-0.011867
-0.011896
-0.011926
-0.011955
-0.011984
-0.012013
-0.012042
-0.012071
-0.012101
-0.012130
-0.012159
-0.012188
-0.012217
-0.012246
-0.012275
-0.012304
-0.012334
-0.012363
-0.012392
-0.012421
-0.012450
-0.012479
-0.012508
-0.012537
-0.012566
-0.012595
-0.012624
-0.012653
-0.012682
-0.012711
-0.012740
-0.012769
-0.012798
-0.012827
-0.012856
-0.012885
-0.012914
-0.012943
-0.012972
-0.013001
-0.013030
-0.013059
-0.013088
-0.013117
-0.013146
-0.013175
-0.013204
-0.013233
-0.013262
-0.013291
-0.013320
-0.013348
-0.013377
-0.013406
-0.013435
-0.013464
-0.013493
-0.013522
-0.013551
-0.013579
-0.013608
-0.013637
-0.013666
-0.013695
-0.013480
-0.012529
-0.010243
-0.006232
-0.000390
0.007178
0.016253
0.026576
0.037889
0.049953
0.062555
0.075511
0.088665
0.101886
0.115068
0.128125
0.140989
0.153606
0.165937
0.177951
0.189626
0.200947
0.211906
0.222497
0.232720
0.242576
0.252071
0.261210
0.270000
0.278450
0.286570
0.294368
0.301854
0.309040
0.315934
0.322548
0.328890
0.334971
0.340801
0.346388
0.351742
0.356871
0.361784
0.366489
0.370993
0.375305
0.379431
0.383378
0.387154
0.390763
0.394214
0.397510
0.400658
0.403664
0.406531
0.409266
0.411874
0.414357
0.416722
0.418971
0.421109
0.423141
0.425069
0.426897
0.428628
0.430266
0.431814
0.433275
0.434651
0.435946
0.437163
0.438303
0.439370
0.440365
0.441291
0.442151
0.442946
0.443679
0.444351
0.444965
0.445522
0.446024
0.446473
0.446871
0.447219
0.447519
0.447772
0.447980
0.448145
0.448267
0.448347
0.448389
0.448391
0.448357
0.448286
0.448181
0.448041
0.447869
0.447665
0.447430
0.447166
0.446873
0.446551
0.446203
0.445829
0.445429
0.445005
0.444557
0.444086
0.443592
0.443078
0.442542
0.441986
0.441411
0.440817
0.440204
0.439574
0.438927
0.438263
0.437583
0.436888
0.436177
0.435453
0.434714
0.433962
0.433197
0.432419
0.431629
0.430827
0.430013
0.429189
0.428355
0.427510
0.426655
0.425790
0.424917
0.424034
0.423143
0.422244
0.421337
0.420422
0.419500
0.418571
0.417635
0.416693
0.415744
0.414789
0.413829
0.412862
0.411891
0.410914
0.409933
0.408946
0.407955
0.406960
0.405961
0.404958
0.403951
0.402940
0.401926
0.400908
0.399888
0.398865
0.397838
0.396809
0.395778
0.394744
0.393708
0.392670
0.391629
0.390587
0.389543
0.388498
0.387450
0.386402
0.385352
0.384301
0.383249
0.382195
0.381141
0.380086
0.379030
0.377974
0.376916
0.375859
0.374801
0.373742
0.372683
0.371624
0.370565
0.369506
0.368447
0.367388
0.366329
0.365270
0.364211
0.363153
0.362095
0.361037
0.359980
0.358923
0.357867
0.356811
0.355756
0.354702
0.353648
0.352596
0.351544
0.350492
0.349442
0.348393
0.347344
0.346297
0.345250
0.344205
0.343161
0.342117
0.341075
0.340034
0.338995
0.337956
0.336919
0.335883
0.334848
0.333815
0.332783
0.331753
0.330723
0.329696
0.328669
0.327644
0.326621
0.325599
0.324579
0.323560
0.322542
0.321527
0.320512
0.319500
0.318489
0.317479
0.316472
0.315466
0.314461
0.313458
0.312457
0.311458
0.310460
0.309464
0.308470
0.307477
0.306487
0.305498
0.304511
0.303525
0.302541
0.301560
0.300580
0.299601
0.298625
0.297650
0.296677
0.295707
0.294737
0.293770
0.292805
0.291841
0.290880
0.289920
0.288962
0.288006
0.287051
0.286099
0.285149
0.284200
0.283254
0.282309
0.281366
0.280425
0.279486
0.278549
0.277614
0.276681
0.275749
0.274820
0.273892
0.272967
0.272043
0.271122
0.270202
0.269284
0.268368
0.267454
0.266542
0.265632
0.264724
0.263818
0.262913
0.262011
0.261111
0.260212
0.259316
0.258421
0.257528
0.256638
0.255749
0.254862
0.253977
0.253094
0.252213
0.251334
0.250457
0.249582
0.248709
0.247838
0.246968
0.246101
0.245235
0.244372
0.243510
0.242651
0.241793
0.240937
0.240083
0.239231
0.238381
0.237533
0.236687
0.235843
0.235000
0.234160
0.233322
0.232485
0.231650
0.230818
0.229987
0.229158
0.228331
0.227506
0.226683
0.225861
0.225042
0.224225
0.223409
0.222596
0.221784
0.220974
0.220166
0.219360
0.218556
0.217753
0.216953
0.216154
0.215358
0.214563
0.213770
0.212979
0.212190
0.211403
0.210617
0.209834
0.209052
0.208272
0.207494
0.206718
0.205944
0.205172
0.204401
0.203633
0.202866
0.202101
0.201338
0.200576
0.199817
0.199059
0.198303
0.197549
0.196797
0.196047
0.195298
0.194552
0.193807
0.193064
0.192322
0.191583
0.190845
0.190110
0.189376
0.188643
0.187913
0.187184
0.186457
0.185732
0.185009
0.184288
0.183568
0.182850
0.182134
0.181420
0.180707
0.179996
0.179287
0.178580
0.177874
0.177170
0.176468
0.175768
0.175070
0.174373
0.173678
0.172984
0.172293
0.171603
0.170915
0.170229
0.169544
0.168861
0.168180
0.167501
0.166823
0.166147
0.165472
0.164800
0.164129
0.163460
0.162792
0.162126
0.161462
0.160800
0.160139
0.159480
0.158823
0.158167
0.157513
0.156861
0.156210
0.155561
0.154914
0.154268
0.153624
0.152982
0.152341
0.151702
0.151065
0.150429
0.149795
0.149163
0.148532
0.147903
0.147275
0.146649
0.146025
0.145403
0.144782
0.144162
0.143544
0.142928
0.142314
0.141701
0.141089
0.140480
0.139872
0.139265
0.138660
0.138057
0.137455
0.136855
0.136256
0.135659
0.135064
0.134470
0.133878
0.133287
0.132698
0.132110
0.131524
0.130940
0.130357
0.129776
0.129196
0.128617
0.128041
0.127466
0.126892
0.126320
0.125749
0.125180
0.124613
0.124047
0.123482
0.122919
0.122358
0.121798
0.121239
0.120682
0.120127
0.119573
0.119021
0.118470
0.117920
0.117372
0.116826
0.116281
0.115738
0.115196
0.114655
0.114116
0.113578
0.113042
0.112508
0.111974
0.111443
0.110912
0.110384
0.109856
0.109330
0.108806
0.108283
0.107761
0.107241
0.106722
0.106205
0.105689
0.105175
0.104662
0.104150
0.103640
0.103131
0.102624
0.102118
0.101613
0.101110
0.100608
0.100108
0.099609
0.099111
0.098615
0.098120
0.097627
0.097135
0.096644
0.096155
0.095667
0.095180
0.094695
0.094212
0.093729
0.093248
0.092768
0.092290
0.091813
0.091337
0.090863
0.090390
0.089918
0.089448
0.088979
0.088511
0.088045
0.087580
0.087116
0.086654
0.086193
0.085733
0.085275
0.084818
0.084362
0.083907
0.083454
0.083002
0.082552
0.082102
0.081654
0.081208
0.080762
0.080318
0.079875
0.079434
0.078993
0.078554
0.078116
0.077680
0.077245
0.076811
0.076378
0.075946
0.075516
0.075087
0.074659
0.074233
0.073808
0.073384
0.072961
0.072539
0.072119
0.071700
0.071282
0.070866
0.070450
0.070036
0.069623
0.069211
0.068801
0.068391
0.067983
0.067576
0.067171
0.066766
0.066363
0.065961
0.065560
0.065160
0.064761
0.064364
0.063968
0.063573
0.063179
0.062786
0.062395
0.062004
0.061615
0.061227
0.060840
0.060454
0.060070
0.059687
0.059304
0.058923
0.058543
0.058164
0.057787
0.057410
0.057035
0.056660
0.056287
0.055915
0.055544
0.055175
0.054806
0.054438
0.054072
0.053707
0.053342
0.052979
0.052617
0.052256
0.051896
0.051538
0.051180
0.050824
0.050468
0.050114
0.049761
0.049408
0.049057
0.048707
0.048358
0.048010
0.047664
0.047318
0.046973
0.046630
0.046287
0.045946
0.045605
0.045266
0.044927
0.044590
0.044254
0.043919
0.043584
0.043251
0.042919
0.042588
0.042258
0.041929
0.041601
0.041274
0.040948
0.040623
0.040299
0.039977
0.039655
0.039334
0.039014
0.038695
0.038377
0.038060
0.037745
0.037430
0.037116
0.036803
0.036491
0.036180
0.035870
0.035561
0.035253
0.034946
0.034640
0.034335
0.034031
0.033728
0.033426
0.033125
0.032825
0.032526
0.032227
0.031930
0.031634
0.031338
0.031044
0.030750
0.030458
0.030166
0.029875
0.029585
0.029297
0.029009
0.028722
0.028436
0.028150
0.027866
0.027583
0.027301
0.027019
0.026739
0.026459
0.026180
0.025902
0.025626
0.025350
0.025074
0.024800
0.024527
0.024255
0.023983
0.023712
0.023443
0.023174
0.022906
0.022639
0.022372
0.022107
0.021843
0.021579
0.021316
0.021054
0.020793
0.020533
0.020274
0.020016
0.019758
0.019501
0.019246
0.018991
0.018736
0.018483
0.018231
0.017979
0.017728
0.017478
0.017229
0.016981
0.016733
0.016487
0.016241
0.015996
0.015752
0.015509
0.015266
0.015025
0.014784
0.014544
0.014304
0.014066
0.013828
0.013592
0.013356
0.013120
0.012886
0.012652
0.012420
0.012188
0.011956
0.011726
0.011496
0.011267
0.011039
0.010812
0.010585
0.010360
0.010135
0.009910
0.009687
0.009464
0.009242
0.009021
0.008801
0.008581
0.008362
0.008144
0.007927
0.007710
0.007495
0.007279
0.007065
0.006852
0.006639
0.006427
0.006215
0.006005
0.005795
0.005585
0.005377
0.005169
0.004962
0.004756
0.004550
0.004346
0.004142
0.003938
0.003735
0.003534
0.003332
0.003132
0.002932
0.002733
0.002534
0.002337
0.002140
0.001943
0.001748
0.001553
0.001358
0.001165
0.000972
0.000780
0.000588
0.000398
0.000207
0.000018
-0.000171
-0.000359
-0.000546
-0.000733
-0.000919
-0.001105
-0.001289
-0.001473
-0.001657
-0.001840
-0.002022
-0.002203
-0.002384
-0.002564
-0.002743
-0.002922
-0.003100
-0.003278
-0.003455
-0.003631
-0.003807
-0.003982
-0.004156
-0.004330
-0.004503
-0.004675
-0.004847
-0.005018
-0.005189
-0.005359
-0.005528
-0.005697
-0.005865
-0.006032
-0.006199
-0.006366
-0.006531
-0.006696
-0.006861
-0.007024
-0.007188
-0.007350
-0.007512
-0.007674
-0.007834
-0.007995
-0.008154
-0.008313
-0.008472
-0.008629
-0.008787
-0.008943
-0.009099
-0.009255
-0.009410
-0.009564
-0.009718
-0.009871
-0.010024
-0.010176
-0.010327
-0.010478
-0.010629
-0.010778
-0.010928
-0.011076
-0.011225
-0.011372
-0.011519
-0.011666
-0.011811
-0.011957
-0.012102
-0.012246
-0.012390
-0.012533
-0.012675
-0.012817
-0.012959
-0.013100
-0.013240
-0.013380
-0.013520
-0.013659
-0.013797
-0.013935
-0.014072
-0.014209
-0.014345
-0.014481
-0.014616
-0.014751
-0.014885
-0.015019
-0.015152
-0.015285
-0.015417
-0.015548
-0.015679
-0.015810
-0.015940
-0.016070
-0.016199
-0.016328
-0.016456
-0.016583
-0.016711
-0.016837
-0.016963
-0.017089
-0.017214
-0.017339
-0.017463
-0.017587
-0.017710
-0.017833
-0.017955
-0.018077
-0.018199
-0.018320
-0.018440
-0.018560
-0.018680
-0.018799
-0.018917
-0.019035
-0.019153
-0.019270
-0.019387
-0.019503
-0.019619
-0.019734
-0.019849
-0.019964
-0.020078
-0.020192
-0.020305
-0.020417
-0.020530
-0.020642
-0.020753
-0.020864
-0.020974
-0.021084
-0.021194
-0.021303
-0.021412
-0.021521
-0.021628
-0.021736
-0.021843
-0.021950
-0.022056
-0.022162
-0.022267
-0.022372
-0.022477
-0.022581
-0.022685
-0.022788
-0.022891
-0.022994
-0.023096
-0.023198
-0.023299
-0.023400
-0.023500
-0.023601
-0.023700
-0.023800
-0.023899
-0.023997
-0.024095
-0.024193
-0.024291
-0.024388
-0.024484
-0.024580
-0.024676
-0.024772
-0.024867
-0.024962
-0.025056
-0.025150
-0.025243
-0.025337
-0.025430
-0.025522
-0.025614
-0.025706
-0.025797
-0.025888
-0.025979
-0.026069
-0.026159
-0.026249
-0.026338
-0.026427
-0.026516
-0.026604
-0.026691
-0.026779
-0.026866
-0.026953
-0.027039
-0.027125
-0.027211
-0.027297
-0.027382
-0.027466
-0.027551
-0.027635
-0.027718
-0.027802
-0.027885
-0.027968
-0.028050
-0.028132
-0.028214
-0.028295
-0.028376
-0.028457
-0.028537
-0.028618
-0.028697
-0.028777
-0.028856
-0.028935
-0.029013
-0.029092
-0.029169
-0.029247
-0.029324
-0.029401
-0.029478
-0.029554
-0.029630
-0.029706
-0.029782
-0.029857
-0.029932
-0.030006
-0.030080
-0.030154
-0.030228
-0.030301
-0.030374
-0.030447
-0.030520
-0.030592
-0.030664
-0.030735
-0.030807
-0.030878
-0.030949
-0.031019
-0.031089
-0.031159
-0.031229
-0.031298
-0.031368
-0.031436
-0.031505
-0.031573
-0.031641
-0.031709
-0.031776
-0.031844
-0.031911
-0.031977
-0.032044
-0.032110
-0.032176
-0.032241
-0.032307
-0.032372
-0.032437
-0.032501
-0.032566
-0.032630
-0.032694
-0.032757
-0.032821
-0.032884
-0.032946
-0.033009
-0.033071
-0.033134
-0.033195
-0.033257
-0.033318
-0.033379
-0.033440
-0.033501
-0.033561
-0.033622
-0.033681
-0.033741
-0.033801
-0.033860
-0.033919
-0.033978
-0.034036
-0.034094
-0.034153
-0.034210
-0.034268
-0.034325
-0.034383
-0.034440
-0.034496
-0.034553
-0.034609
-0.034665
-0.034721
-0.034777
-0.034832
-0.034887
-0.034942
-0.034997
-0.035052
-0.035106
-0.035160
-0.035214
-0.035268
-0.035321
-0.035374
-0.035428
-0.035480
-0.035533
-0.035586
-0.035638
-0.035690
-0.035742
-0.035794
-0.035845
-0.035896
-0.035947
-0.035998
-0.036049
-0.036099
-0.036150
-0.036200
-0.036250
-0.036300
-0.036349
-0.036398
-0.036448
-0.036497
-0.036545
-0.036594
-0.036642
-0.036691
-0.036739
-0.036787
-0.036834
-0.036882
-0.036929
-0.036976
-0.037023
-0.037070
-0.037117
-0.037163
-0.037209
-0.037255
-0.037301
-0.037347
-0.037393
-0.037438
-0.037483
-0.037528
-0.037573
-0.037618
-0.037662
-0.037707
-0.037751
-0.037795
-0.037839
-0.037883
-0.037926
-0.037970
-0.038013
-0.038056
-0.038099
-0.038142
-0.038184
-0.038227
-0.038269
-0.038311
-0.038353
-0.038395
-0.038437
-0.038478
-0.038520
-0.038561
-0.038602
-0.038643
-0.038684
-0.038724
-0.038765
-0.038805
-0.038845
-0.038885
-0.038925
-0.038965
-0.039004
-0.039044
-0.039083
-0.039122
-0.039161
-0.039200
-0.039239
-0.039278
-0.039316
-0.039354
-0.039393
-0.039431
-0.039469
-0.039506
-0.039544
-0.039582
-0.039619
-0.039656
-0.039693
-0.039730
-0.039767
-0.039804
-0.039841
-0.039877
-0.039913
-0.039950
-0.039986
-0.040022
-0.040057
-0.040093
-0.040129
-0.040164
-0.040199
-0.040235
-0.040270
-0.040305
-0.040340
-0.040374
-0.040409
-0.040443
-0.040478
-0.040512
-0.040546
-0.040580
-0.040614
-0.040648
-0.040681
-0.040715
-0.040748
-0.040782
-0.040815
-0.040848
-0.040881
-0.040914
-0.040946
-0.040979
-0.041012
-0.041044
-0.041076
-0.041108
-0.041141
-0.041173
-0.041204
-0.041236
-0.041268
-0.041299
-0.041331
-0.041362
-0.041393
-0.041425
-0.041456
-0.041486
-0.041517
-0.041548
-0.041579
-0.041609
-0.041640
-0.041670
-0.041700
-0.041730
-0.041760
-0.041790
-0.041820
-0.041850
-0.041879
-0.041909
-0.041938
-0.041968
-0.041997
-0.042026
-0.042055
-0.042084
-0.042113
-0.042142
-0.042170
-0.042199
-0.042227
-0.042256
-0.042284
-0.042312
-0.042340
-0.042369
-0.042396
-0.042424
-0.042452
-0.042480
-0.042507
-0.042535
-0.042562
-0.042590
-0.042617
-0.042644
-0.042671
-0.042698
-0.042725
-0.042752
-0.042779
-0.042805
-0.042832
-0.042859
-0.042885
-0.042911
-0.042938
-0.042964
-0.042990
-0.043016
-0.043042
-0.043068
-0.043094
-0.043119
-0.043145
-0.043170
-0.043196
-0.043221
-0.043247
-0.043272
-0.043297
-0.043322
-0.043347
-0.043372
-0.043397
-0.043422
-0.043446
-0.043471
-0.043496
-0.043520
-0.043545
-0.043569
-0.043593
-0.043617
-0.043642
-0.043666
-0.043690
-0.043714
-0.043738
-0.043761
-0.043785
-0.043809
-0.043832
-0.043856
-0.043879
-0.043903
-0.043926
-0.043949
-0.043972
-0.043996
-0.044019
-0.044042
-0.044064
-0.044087
-0.044110
-0.044133
-0.044156
-0.044178
-0.044201
-0.044223
-0.044246
-0.044268
-0.044290
-0.044312
-0.044335
-0.044357
-0.044379
-0.044401
-0.044423
-0.044445
-0.044466
-0.044488
-0.044510
-0.044531
-0.044553
-0.044574
-0.044596
-0.044617
-0.044639
-0.044660
-0.044681
-0.044702
-0.044723
-0.044744
-0.044765
-0.044786
-0.044807
-0.044828
-0.044849
-0.044869
-0.044890
-0.044911
-0.044931
-0.044952
-0.044972
-0.044993
-0.045013
-0.045033
-0.045053
-0.045074
-0.045094
-0.045114
-0.045134
-0.045154
-0.045174
-0.045194
-0.045213
-0.045233
-0.045253
-0.045273
-0.045292
-0.045312
-0.045331
-0.045351
-0.045370
-0.045390
-0.045409
-0.045428
-0.045447
-0.045467
-0.045486
-0.045505
-0.045524
-0.045543
-0.045562
-0.045581
-0.045599
-0.045618
-0.045637
-0.045656
-0.045674
-0.045693
-0.045712
-0.045730
-0.045749
-0.045767
-0.045785
-0.045804
-0.045822
-0.045840
-0.045859
-0.045877
-0.045895
-0.045913
-0.045931
-0.045949
-0.045967
-0.045985
-0.046003
-0.046021
-0.046038
-0.046056
-0.046074
-0.046092
-0.046109
-0.046127
-0.046144
-0.046162
-0.046179
-0.046197
-0.046214
-0.046232
-0.046249
-0.046266
-0.046283
-0.046301
-0.046318
-0.046335
-0.046352
-0.046369
-0.046386
-0.046403
-0.046420
-0.046437
-0.046454
-0.046470
-0.046487
-0.046504
-0.046521
-0.046537
-0.046554
-0.046571
-0.046587
-0.046604
-0.046620
-0.046637
-0.046653
-0.046669
-0.046686
-0.046702
-0.046718
-0.046735
-0.046751
-0.046767
-0.046783
-0.046799
-0.046815
-0.046831
-0.046847
-0.046863
-0.046879
-0.046895
-0.046911
-0.046927
-0.046943
-0.046958
-0.046974
-0.046990
-0.047005
-0.047021
-0.047037
-0.047052
-0.047068
-0.047083
-0.047099
-0.047114
-0.047130
-0.047145
-0.047160
-0.047176
-0.047191
-0.047206
-0.047222
-0.047237
-0.047252
-0.047267
-0.047282
-0.047297
-0.047312
-0.047327
-0.047342
-0.047357
-0.047372
-0.047387
-0.047402
-0.047417
-0.047432
-0.047447
-0.047461
-0.047476
-0.047491
-0.047506
-0.047520
-0.047535
-0.047550
-0.047564
-0.047579
-0.047593
-0.047608
-0.047622
-0.047637
-0.047651
-0.047665
-0.047680
-0.047694
-0.047708
-0.047723
-0.047737
-0.047751
-0.047765
-0.047780
-0.047794
-0.047808
-0.047822
-0.047836
-0.047850
-0.047864
-0.047878
-0.047892
-0.047906
-0.047920
-0.047934
-0.047948
-0.047962
-0.047975
-0.047989
-0.048003
-0.048017
-0.048031
-0.048044
-0.048058
-0.048072
-0.048085
-0.048099
-0.048112
-0.048126
-0.048140
-0.048153
-0.048167
-0.048180
-0.048194
-0.048207
-0.048220
-0.048234
-0.048247
-0.048261
-0.048274
-0.048287
-0.048300
-0.048314
-0.048327
-0.048340
-0.048353
-0.048366
-0.048380
-0.048393
-0.048406
-0.048419
-0.048432
-0.048445
-0.048458
-0.048471
-0.048484
-0.048497
-0.048510
-0.048523
-0.048536
-0.048549
-0.048562
-0.048574
-0.048587
-0.048600
-0.048613
-0.048625
-0.048638
-0.048651
-0.048664
-0.048676
-0.048689
-0.048702
-0.048714
-0.048727
-0.048739
-0.048752
-0.048765
-0.048777
-0.048790
-0.048802
-0.048815
-0.048827
-0.048839
-0.048852
-0.048864
-0.048877
-0.048889
-0.048901
-0.048914
-0.048926
-0.048938
-0.048950
-0.048963
-0.048975
-0.048987
-0.048999
-0.049012
-0.049024
-0.049036
-0.049048
-0.049060
-0.049072
-0.049084
-0.049096
-0.049108
-0.049120
-0.049132
-0.049144
-0.049156
-0.049168
-0.049180
-0.049192
-0.049204
-0.049216
-0.049228
-0.049240
-0.049252
-0.049263
-0.049275
-0.049287
-0.049299
-0.049311
-0.049322
-0.049334
-0.049346
-0.049357
-0.049369
-0.049381
-0.049392
-0.049404
-0.049416
-0.049427
-0.049439
-0.049450
-0.049462
-0.049474
-0.049485
-0.049497
-0.049508
-0.049520
-0.049531
-0.049542
-0.049554
-0.049565
-0.049577
-0.049588
-0.049600
-0.049611
-0.049622
-0.049634
-0.049645
-0.049656
-0.049668
-0.049679
-0.049690
-0.049701
-0.049713
-0.049724
-0.049735
-0.049746
-0.049757
-0.049769
-0.049780
-0.049791
-0.049802
-0.049813
-0.049824
-0.049835
-0.049846
-0.049857
-0.049869
-0.049880
-0.049891
-0.049902
-0.049913
-0.049924
-0.049935
-0.049945
-0.049956
-0.049967
-0.049978
-0.049989
-0.050000
-0.050011
-0.050022
-0.050033
-0.050044
-0.050054
-0.050065
-0.050076
-0.050087
-0.050098
-0.050108
-0.050119
-0.050130
-0.050141
-0.050151
-0.050162
-0.050173
-0.050183
-0.050194
-0.050205
-0.050215
-0.050226
-0.050237
-0.050247
-0.050258
-0.050268
-0.050279
-0.050290
-0.050300
-0.050311
-0.050321
-0.050332
-0.050342
-0.050353
-0.050363
-0.050374
-0.050384
-0.050395
-0.050405
-0.050416
-0.050426
-0.050436
-0.050447
-0.050457
-0.050468
-0.050478
-0.050488
-0.050499
-0.050509
-0.050519
-0.050530
-0.050540
-0.050550
-0.050560
-0.050571
-0.050581
-0.050591
-0.050601
-0.050612
-0.050622
-0.050632
-0.050642
-0.050653
-0.050663
-0.050673
-0.050683
-0.050693
-0.050703
-0.050713
-0.050724
-0.050734
-0.050744
-0.050754
-0.050764
-0.050774
-0.050784
-0.050794
-0.050804
-0.050814
-0.050824
-0.050834
-0.050844
-0.050854
-0.050864
-0.050874
-0.050884
-0.050894
-0.050904
-0.050914
-0.050924
-0.050934
-0.050944
-0.050954
-0.050963
-0.050973
-0.050983
-0.050993
-0.051003
-0.051013
-0.051023
-0.051032
-0.051042
-0.051052
-0.051062
-0.051072
-0.051081
-0.051091
-0.051101
-0.051111
-0.051120
-0.051130
-0.051140
-0.051150
-0.051159
-0.051169
-0.051179
-0.051188
-0.051198
-0.051208
-0.051217
-0.051227
-0.051237
-0.051246
-0.051256
-0.051265
-0.051275
-0.051285
-0.051294
-0.051304
-0.051313
-0.051323
-0.051333
-0.051342
-0.051352
-0.051361
-0.051371
-0.051380
-0.051390
-0.051399
-0.051409
-0.051418
-0.051428
-0.051437
-0.051447
-0.051456
-0.051465
-0.051475
-0.051484
-0.051494
-0.051503
-0.051513
-0.051522
-0.051531
-0.051541
-0.051550
-0.051559
-0.051569
-0.051578
-0.051587
-0.051597
-0.051606
-0.051615
-0.051625
-0.051634
-0.051643
-0.051653
-0.051662
-0.051671
-0.051680
-0.051690
-0.051699
-0.051708
-0.051717
-0.051727
-0.051736
-0.051745
-0.051754
-0.051764
-0.051773
-0.051782
-0.051791
-0.051800
-0.051809
-0.051819
-0.051828
-0.051837
-0.051846
-0.051855
-0.051864
-0.051873
-0.051882
-0.051892
-0.051901
-0.051910
-0.051919
-0.051928
-0.051937
-0.051946
-0.051955
-0.051964
-0.051973
-0.051982
-0.051991
-0.052000
-0.052009
-0.052018
-0.052027
-0.052036
-0.052045
-0.052054
-0.052063
-0.052072
-0.052081
-0.052090
-0.052099
-0.052108
-0.052117
-0.052126
-0.052135
-0.052144
-0.052153
-0.052161
-0.052170
-0.052179
-0.052188
-0.052197
-0.052206
-0.052215
-0.052224
-0.052232
-0.052241
-0.052250
-0.052259
-0.052268
-0.052277
-0.052285
-0.052294
-0.052303
-0.052312
-0.052321
-0.052329
-0.052338
-0.052347
-0.052356
-0.052365
-0.052373
-0.052382
-0.052391
-0.052399
-0.052408
-0.052417
-0.052426
-0.052434
-0.052443
-0.052452
-0.052460
-0.052469
-0.052478
-0.052486
-0.052495
-0.052504
-0.052512
-0.052521
-0.052530
-0.052538
-0.052547
-0.052556
-0.052564
-0.052573
-0.052582
-0.052590
-0.052599
-0.052607
-0.052616
-0.052625
-0.052633
-0.052642
-0.052650
-0.052659
-0.052667
-0.052676
-0.052684
-0.052693
-0.052701
-0.052710
-0.052719
-0.052727
-0.052736
-0.052744
-0.052753
-0.052761
-0.052770
-0.052778
-0.052787
-0.052795
-0.052803
-0.052812
-0.052820
-0.052829
-0.052837
-0.052846
-0.052854
-0.052863
-0.052871
-0.052879
-0.052888
-0.052896
-0.052905
-0.052913
-0.052921
-0.052930
-0.052938
-0.052947
-0.052955
-0.052963
-0.052972
-0.052980
-0.052988
-0.052997
-0.053005
-0.053013
-0.053022
-0.053030
-0.053038
-0.053047
-0.053055
-0.053063
-0.053072
-0.053080
-0.053088
-0.053096
-0.053105
-0.053113
-0.053121
-0.053130
-0.053138
-0.053146
-0.053154
-0.053163
-0.053171
-0.053179
-0.053187
-0.053195
-0.053204
-0.053212
-0.053220
-0.053228
-0.053237
-0.053245
-0.053253
-0.053261
-0.053269
-0.053277
-0.053286
-0.053294
-0.053302
-0.053310
-0.053318
-0.053326
-0.053335
-0.053343
-0.053351
-0.053359
-0.053367
-0.053375
-0.053383
-0.053391
-0.053400
-0.053408
-0.053416
-0.053424
-0.053432
-0.053440
-0.053448
-0.053456
-0.053464
-0.053472
-0.053480
-0.053488
-0.053496
-0.053504
-0.053513
-0.053521
-0.053529
-0.053537
-0.053545
-0.053553
-0.053561
-0.053569
-0.053577
-0.053585
-0.053593
-0.053601
-0.053609
-0.053617
-0.053625
-0.053633
-0.053641
-0.053648
-0.053656
-0.053664
-0.053672
-0.053680
-0.053688
-0.053696
-0.053704
-0.053712
-0.053720
-0.053728
-0.053736
-0.053744
-0.053752
-0.053759
-0.053767
-0.053775
-0.053783
-0.053791
-0.053799
-0.053807
-0.053815
-0.053823
-0.053830
-0.053838
-0.053846
-0.053854
-0.053862
-0.053870
-0.053877
-0.053885
-0.053893
-0.053901
-0.053909
-0.053917
-0.053924
-0.053932
-0.053940
-0.053948
-0.053956
-0.053963
-0.053971
-0.053979
-0.053987
-0.053994
-0.054002
-0.054010
-0.054018
-0.054026
-0.054033
-0.054041
-0.054049
-0.054057
-0.054064
-0.054072
-0.054080
-0.054087
-0.054095
-0.054103
-0.054111
-0.054118
-0.054126
-0.054134
-0.054141
-0.054149
-0.054157
-0.054164
-0.054172
-0.054180
-0.054187
-0.054195
-0.054203
-0.054210
-0.054218
-0.054226
-0.054233
-0.054241
-0.054249
-0.054256
-0.054264
-0.054272
-0.054279
-0.054287
-0.054294
-0.054302
-0.054310
-0.054317
-0.054325
-0.054332
-0.054340
-0.054348
-0.054355
-0.054363
-0.054370
-0.054378
-0.054385
-0.054393
-0.054401
-0.054408
-0.054416
-0.054423
-0.054431
-0.054438
-0.054446
-0.054453
-0.054461
-0.054468
-0.054476
-0.054483
-0.054491
-0.054498
-0.054506
-0.054513
-0.054521
-0.054528
-0.054536
-0.054543
-0.054551
-0.054558
-0.054566
-0.054573
-0.054581
-0.054588
-0.054596
-0.054603
-0.054611
-0.054618
-0.054625
-0.054633
-0.054640
-0.054648
-0.054655
-0.054663
-0.054670
-0.054677
-0.054685
-0.054692
-0.054700
-0.054707
-0.054714
-0.054722
-0.054729
-0.054737
-0.054744
-0.054751
-0.054759
-0.054766
-0.054773
-0.054781
-0.054788
-0.054796
-0.054803
-0.054810
-0.054818
-0.054825
-0.054832
-0.054840
-0.054847
-0.054854
-0.054862
-0.054869
-0.054876
-0.054883
-0.054891
-0.054898
-0.054905
-0.054913
-0.054920
-0.054927
-0.054935
-0.054942
-0.054949
-0.054956
-0.054964
-0.054971
-0.054978
-0.054985
-0.054993
-0.055000
-0.055007
-0.055014
-0.055022
-0.055029
-0.055036
-0.055043
-0.055051
-0.055058
-0.055065
-0.055072
-0.055079
-0.055087
-0.055094
-0.055101
-0.055108
-0.055115
-0.055123
-0.055130
-0.055137
-0.055144
-0.055151
-0.055159
-0.055166
-0.055173
-0.055180
-0.055187
-0.055194
-0.055201
-0.055209
-0.055216
-0.055223
-0.055230
-0.055237
-0.055244
-0.055251
-0.055259
-0.055266
-0.055273
-0.055280
-0.055287
-0.055294
-0.055301
-0.055308
-0.055315
-0.055322
-0.055330
-0.055337
-0.055344
-0.055351
-0.055358
-0.055365
-0.055372
-0.055379
-0.055386
-0.055393
-0.055400
-0.055407
-0.055414
-0.055421
-0.055428
-0.055435
-0.055442
-0.055450
-0.055457
-0.055464
-0.055471
-0.055478
-0.055485
-0.055492
-0.055499
-0.055506
-0.055513
-0.055520
-0.055527
-0.055534
-0.055541
-0.055548
-0.055554
-0.055561
-0.055568
-0.055575
-0.055582
-0.055589
-0.055596
-0.055603
-0.055610
-0.055617
-0.055624
-0.055631
-0.055638
-0.055645
-0.055652
-0.055659
-0.055666
-0.055673
-0.055679
-0.055686
-0.055693
-0.055700
-0.055707
-0.055714
-0.055721
-0.055728
-0.055735
-0.055742
-0.055748
-0.055755
-0.055762
-0.055769
-0.055776
-0.055783
-0.055790
-0.055796
-0.055803
-0.055810
-0.055817
-0.055824
-0.055831
-0.055838
-0.055844
-0.055851
-0.055858
-0.055865
-0.055872
-0.055878
-0.055885
-0.055892
-0.055899
-0.055906
-0.055912
-0.055919
-0.055926
-0.055933
-0.055940
-0.055946
-0.055953
-0.055960
-0.055967
-0.055974
-0.055980
-0.055987
-0.055994
-0.056001
-0.056007
-0.056014
-0.056021
-0.056028
-0.056034
-0.056041
-0.056048
-0.056054
-0.056061
-0.056068
-0.056075
-0.056081
-0.056088
-0.056095
-0.056101
-0.056108
-0.056115
-0.056122
-0.056128
-0.056135
-0.056142
-0.056148
-0.056155
-0.056162
-0.056168
-0.056175
-0.056182
-0.056188
-0.056195
-0.056202
-0.056208
-0.056215
-0.056222
-0.056228
-0.056235
-0.056242
-0.056248
-0.056255
-0.056261
-0.056268
-0.056275
-0.056281
-0.056288
-0.056294
-0.056301
-0.056308
-0.056314
-0.056321
-0.056327
-0.056334
-0.056341
-0.056347
-0.056354
-0.056360
-0.056367
-0.056374
-0.056380
-0.056387
-0.056393
-0.056400
-0.056406
-0.056413
-0.056419
-0.056426
-0.056433
-0.056439
-0.056446
-0.056452
-0.056459
-0.056465
-0.056472
-0.056478
-0.056485
-0.056491
-0.056498
-0.056504
-0.056511
-0.056517
-0.056524
-0.056530
-0.056537
-0.056543
-0.056550
-0.056556
-0.056563
-0.056569
-0.056576
-0.056582
-0.056589
-0.056595
-0.056601
-0.056608
-0.056614
-0.056621
-0.056627
-0.056634
-0.056640
-0.056647
-0.056653
-0.056659
-0.056666
-0.056672
-0.056679
-0.056685
-0.056692
-0.056698
-0.056704
-0.056711
-0.056717
-0.056724
-0.056730
-0.056736
-0.056743
-0.056749
-0.056755
-0.056762
-0.056768
-0.056775
-0.056781
-0.056787
-0.056794
-0.056800
-0.056806
-0.056813
-0.056819
-0.056825
-0.056832
-0.056838
-0.056844
-0.056851
-0.056857
-0.056863
-0.056870
-0.056876
-0.056882
-0.056889
-0.056895
-0.056901
-0.056908
-0.056914
-0.056920
-0.056927
-0.056933
-0.056939
-0.056945
-0.056952
-0.056958
-0.056964
-0.056971
-0.056977
-0.056983
-0.056989
-0.056996
-0.057002
-0.057008
-0.057014
-0.057021
-0.057027
-0.057033
-0.057039
-0.057046
-0.057052
-0.057058
-0.057064
-0.057070
-0.057077
-0.057083
-0.057089
-0.057095
-0.057102
-0.057108
-0.057114
-0.057120
-0.057126
-0.057133
-0.057139
-0.057145
-0.057151
-0.057157
-0.057163
-0.057170
-0.057176
-0.057182
-0.057188
-0.057194
-0.057200
-0.057207
-0.057213
-0.057219
-0.057225
-0.057231
-0.057237
-0.057243
-0.057250
-0.057256
-0.057262
-0.057268
-0.057274
-0.057280
-0.057286
-0.057292
-0.057298
-0.057305
-0.057311
-0.057317
-0.057323
-0.057329
-0.057335
-0.057341
-0.057347
-0.057353
-0.057359
-0.057365
-0.057372
-0.057378
-0.057384
-0.057390
-0.057396
-0.057402
-0.057408
-0.057414
-0.057420
-0.057426
-0.057432
-0.057438
-0.057444
-0.057450
-0.057456
-0.057462
-0.057468
-0.057474
-0.057480
-0.057486
-0.057492
-0.057498
-0.057504
-0.057510
-0.057516
-0.057522
-0.057528
-0.057534
-0.057540
-0.057546
-0.057552
-0.057558
-0.057564
-0.057570
-0.057576
-0.057582
-0.057588
-0.057594
-0.057600
-0.057606
-0.057612
-0.057618
-0.057624
-0.057630
-0.057636
-0.057641
-0.057647
-0.057653
-0.057659
-0.057665
-0.057671
-0.057677
-0.057683
-0.057689
-0.057695
-0.057701
-0.057707
-0.057712
-0.057718
-0.057724
-0.057730
-0.057736
-0.057742
-0.057748
-0.057754
-0.057759
-0.057765
-0.057771
-0.057777
-0.057783
-0.057789
-0.057795
-0.057800
-0.057806
-0.057812
-0.057818
-0.057824
-0.057830
-0.057836
-0.057841
-0.057847
-0.057853
-0.057859
-0.057865
-0.057870
-0.057876
-0.057882
-0.057888
-0.057894
-0.057899
-0.057905
-0.057911
-0.057917
-0.057923
-0.057928
-0.057934
-0.057940
-0.057946
-0.057951
-0.057957
-0.057963
-0.057969
-0.057975
-0.057980
-0.057986
-0.057992
-0.057998
-0.058003
-0.058009
-0.058015
-0.058020
-0.058026
-0.058032
-0.058038
-0.058043
-0.058049
-0.058055
-0.058061
-0.058066
-0.058072
-0.058078
-0.058083
-0.058089
-0.058095
-0.058100
-0.058106
-0.058112
-0.058118
-0.058123
-0.058129
-0.058135
-0.058140
-0.058146
-0.058152
-0.058157
-0.058163
-0.058169
-0.058174
-0.058180
-0.058185
-0.058191
-0.058197
-0.058202
-0.058208
-0.058214
-0.058219
-0.058225
-0.058231
-0.058236
-0.058242
-0.058247
-0.058253
-0.058259
-0.058264
-0.058270
-0.058275
-0.058281
-0.058287
-0.058292
-0.058298
-0.058303
-0.058309
-0.058315
-0.058320
-0.058326
-0.058331
-0.058337
-0.058342
-0.058348
-0.058354
-0.058359
-0.058365
-0.058370
-0.058376
-0.058381
-0.058387
-0.058392
-0.058398
-0.058403
-0.058409
-0.058414
-0.058420
-0.058426
-0.058431
-0.058437
-0.058442
-0.058448
-0.058453
-0.058459
-0.058464
-0.058470
-0.058475
-0.058481
-0.058486
-0.058492
-0.058497
-0.058503
-0.058508
-0.058513
-0.058519
-0.058524
-0.058530
-0.058535
-0.058541
-0.058546
-0.058552
-0.058557
-0.058563
-0.058568
-0.058573
-0.058579
-0.058584
-0.058590
-0.058595
-0.058601
-0.058606
-0.058611
-0.058617
-0.058622
-0.058628
-0.058633
-0.058639
-0.058644
-0.058649
-0.058655
-0.058660
-0.058666
-0.058671
-0.058676
-0.058682
-0.058687
-0.058692
-0.058698
-0.058703
-0.058709
-0.058714
-0.058719
-0.058725
-0.058730
-0.058735
-0.058741
-0.058746
-0.058751
-0.058757
-0.058762
-0.058767
-0.058773
-0.058778
-0.058783
-0.058789
-0.058794
-0.058799
-0.058805
-0.058810
-0.058815

