0.000000
0.000000
-0.000006
-0.000014
-0.000023
-0.000034
-0.000045
-0.000058
-0.000070
-0.000084
-0.000097
-0.000111
-0.000125
-0.000140
-0.000155
-0.000170
-0.000185
-0.000201
-0.000217
-0.000233
-0.000249
-0.000266
-0.000282
-0.000299
-0.000316
-0.000333
-0.000351
-0.000368
-0.000386
-0.000404
-0.000422
-0.000440
-0.000459
-0.000477
-0.000496
-0.000515
-0.000534
-0.000553
-0.000572
-0.000591
-0.000611
-0.000631
-0.000651
-0.000670
-0.000691
-0.000711
-0.000731
-0.000751
-0.000772
-0.000793
-0.000813
-0.000834
-0.000855
-0.000876
-0.000898
-0.000919
-0.000940
-0.000962
-0.000984
-0.001005
-0.001027
-0.001049
-0.001071
-0.001093
-0.001115
-0.001138
-0.001160
-0.001183
-0.001205
-0.001228
-0.001251
-0.001273
-0.001296
-0.001319
-0.001342
-0.001366
-0.001389
-0.001412
-0.001435
-0.001459
-0.001482
-0.001506
-0.001530
-0.001553
-0.001577
-0.001601
-0.001625
-0.001649
-0.001673
-0.001697
-0.001722
-0.001746
-0.001770
-0.001795
-0.001819
-0.001844
-0.001868
-0.001893
-0.001918
-0.001942
-0.001967
-0.001992
-0.002017
-0.002042
-0.002067
-0.002092
-0.002118
-0.002143
-0.002168
-0.002193
-0.002219
-0.002244
-0.002270
-0.002295
-0.002321
-0.002346
-0.002372
-0.002398
-0.002424
-0.002449
-0.002475
-0.002501
-0.002527
-0.002553
-0.002579
-0.002605
-0.002631
-0.002658
-0.002684
-0.002710
-0.002736
-0.002763
-0.002789
-0.002815
-0.002842
-0.002868
-0.002895
-0.002921
-0.002948
-0.002975
-0.003001
-0.003028
-0.003055
-0.003082
-0.003108
-0.003135
-0.003162
-0.003189
-0.003216
-0.003243
-0.003270
-0.003297
-0.003324
-0.003351
-0.003379
-0.003406
-0.003433
-0.003460
-0.003487
-0.003515
-0.003542
-0.003569
-0.003597
-0.003624
-0.003652
-0.003679
-0.003707
-0.003734
-0.003762
-0.003789
-0.003817
-0.003845
-0.003872
-0.003900
-0.003928
-0.003955
-0.003983
-0.004011
-0.004039
-0.004067
-0.004094
-0.004122
-0.004150
-0.004178
-0.004206
-0.004234
-0.004262
-0.004290
-0.004318
-0.004346
-0.004374
-0.004402
-0.004430
-0.004459
-0.004487
-0.004515
-0.004543
-0.004571
-0.004599
-0.004628
-0.004656
-0.004684
-0.004713
-0.004741
-0.004769
-0.004798
-0.004826
-0.004854
-0.004883
-0.004911
-0.004940
-0.004968
-0.004997
-0.005025
-0.005054
-0.005082
-0.005111
-0.005139
-0.005168
-0.005197
-0.005225
-0.005254
-0.005282
-0.005311
-0.005340
-0.005368
-0.005397
-0.005426
-0.005455
-0.005483
-0.005512
-0.005541
-0.005570
-0.005598
-0.005627
-0.005656
-0.005685
-0.005714
-0.005743
-0.005771
-0.005800
-0.005829
-0.005858
-0.005887
-0.005916
-0.005945
-0.005974
-0.006003
-0.006032
-0.006061
-0.006090
-0.006119
-0.006148
-0.006177
-0.006206
-0.006235
-0.006264
-0.006293
-0.006322
-0.006351
-0.006380
-0.006409
-0.006438
-0.006467
-0.006496
-0.006525
-0.006555
-0.006584
-0.006613
-0.006642
-0.006671
-0.006700
-0.006729
-0.006759
-0.006788
-0.006817
-0.006846
-0.006875
-0.006905
-0.006934
-0.006963
-0.006992
-0.007022
-0.007051
-0.007080
-0.007109
-0.007139
-0.007168
-0.007197
-0.007226
-0.007256
-0.007285
-0.007314
-0.007344
-0.007373
-0.007402
-0.007432
-0.007461
-0.007490
-0.007520
-0.007549
-0.007578
-0.007608
-0.007637
-0.007666
-0.007696
-0.007725
-0.007754
-0.007784
-0.007813
-0.007842
-0.007872
-0.007901
-0.007931
-0.007960
-0.007989
-0.008019
-0.008048
-0.008078
-0.008107
-0.008136
-0.008166
-0.008195
-0.008225
-0.008254
-0.008283
-0.008313
-0.008342
-0.008372
-0.008401
-0.008431
-0.008460
-0.008489
-0.008519
-0.008548
-0.008578
-0.008607
-0.008637
-0.008666
-0.008695
-0.008725
-0.008754
-0.008784
-0.008813
-0.008843
-0.008872
-0.008902
-0.008931
-0.008960
-0.008990
-0.009019
-0.009049
-0.009078
-0.009108
-0.009137
-0.009167
-0.009196
-0.009225
-0.009255
-0.009284
-0.009314
-0.009343
-0.009373
-0.009402
-0.009432
-0.009461
-0.009490
-0.009520
-0.009549
-0.009579
-0.009608
-0.009638
-0.009667
-0.009696
-0.009726
-0.009755
-0.009785
-0.009814
-0.009844
-0.009873
-0.009902
-0.009932
-0.009961
-0.009991
-0.010020
-0.010050
-0.010079
-0.010108
-0.010138
-0.010167
-0.010197
-0.010226
-0.010255
-0.010285
-0.010314
-0.010344
-0.010373
-0.010402
-0.010432
-0.010461
-0.010490
-0.010520
-0.010549
-0.010579
-0.010608
-0.010637
-0.010667
-0.010696
-0.010725
-0.010755
-0.010784
-0.010813
-0.010843
-0.010872
-0.010901
-0.010931
-0.010960
-0.010989
-0.011019
-0.011048
-0.011077
-0.011107
-0.011136
-0.011165
-0.011195
-0.011224
-0.011253
-0.011282
-0.011312
-0.011341
-0.011370
-0.011400
-0.011429
-0.011458
-0.011487
-0.011517
-0.011546
-0.011575
-0.011604
-0.011634
-0.011663
-0.011692
-0.011721
-0.011750
-0.011780
-0.011809
-0.011838
-0.011867
-0.011896
-0.011926
-0.011955
-0.011984
-0.012013
-0.012042
-0.012071
-0.012101
-0.012130
-0.012159
-0.012188
-0.012217
-0.012246
-0.012275
-0.012304
-0.012334
-0.012363
-0.012392
-0.012421
-0.012450
-0.012479
-0.012508
-0.012537
-0.012566
-0.012595
-0.012624
-0.012653
-0.012682
-0.012711
-0.012740
-0.012769
-0.012798
-0.012827
-0.012856
-0.012885
-0.012914
-0.012943
-0.012972
-0.013001
-0.013030
-0.013059
-0.013088
-0.013117
-0.013146
-0.013175
-0.013204
-0.013233
-0.013262
-0.013291
-0.013320
-0.013348
-0.013377
-0.013406
-0.013435
-0.013464
-0.013493
-0.013522
-0.013551
-0.013579
-0.013608
-0.013637
-0.013666
-0.013695
-0.013723
-0.013752
-0.013781
-0.013810
-0.013606
-0.012686
-0.010461
-0.006534
-0.000787
0.006683
0.015664
0.025899
0.037132
0.049124
0.061662
0.074561
0.087666
0.100844
0.113988
0.127013
0.139849
0.152443
0.164754
0.176751
0.188413
0.199723
0.210672
0.221256
0.231474
0.241327
0.250820
0.259958
0.268749
0.277201
0.285323
0.293124
0.300615
0.307805
0.314705
0.321324
0.327673
0.333761
0.339597
0.345192
0.350553
0.355690
0.360611
0.365324
0.369836
0.374156
0.378291
0.382247
0.386031
0.389649
0.393108
0.396413
0.399570
0.402584
0.405460
0.408204
0.410819
0.413312
0.415684
0.417942
0.420089
0.422129
0.424065
0.425900
0.427640
0.429286
0.430842
0.432310
0.433694
0.434997
0.436221
0.437369
0.438443
0.439445
0.440379
0.441245
0.442047
0.442787
0.443466
0.444087
0.444650
0.445159
0.445615
0.446019
0.446373
0.446679
0.446939
0.447153
0.447323
0.447451
0.447538
0.447585
0.447593
0.447564
0.447499
0.447399
0.447265
0.447098
0.446899
0.446670
0.446411
0.446122
0.445806
0.445463
0.445093
0.444699
0.444279
0.443836
0.443369
0.442881
0.442371
0.441839
0.441288
0.440717
0.440127
0.439519
0.438893
0.438250
0.437590
0.436915
0.436224
0.435517
0.434797
0.434062
0.433314
0.432552
0.431778
0.430992
0.430194
0.429384
0.428564
0.427733
0.426891
0.426040
0.425179
0.424309
0.423430
0.422543
0.421647
0.420743
0.419832
0.418913
0.417987
0.417055
0.416115
0.415170
0.414218
0.413261
0.412298
0.411329
0.410356
0.409377
0.408394
0.407406
0.406414
0.405417
0.404417
0.403413
0.402405
0.401394
0.400379
0.399362
0.398341
0.397318
0.396291
0.395263
0.394232
0.393198
0.392163
0.391125
0.390085
0.389044
0.388001
0.386957
0.385910
0.384863
0.383815
0.382765
0.381714
0.380662
0.379610
0.378556
0.377502
0.376447
0.375392
0.374336
0.373280
0.372224
0.371167
0.370110
0.369053
0.367996
0.366939
0.365883
0.364826
0.363770
0.362713
0.361657
0.360602
0.359547
0.358492
0.357438
0.356385
0.355332
0.354280
0.353228
0.352177
0.351127
0.350078
0.349030
0.347983
0.346936
0.345891
0.344846
0.343803
0.342760
0.341719
0.340679
0.339640
0.338602
0.337566
0.336530
0.335496
0.334463
0.333432
0.332402
0.331373
0.330346
0.329320
0.328295
0.327272
0.326250
0.325230
0.324212
0.323194
0.322179
0.321165
0.320152
0.319141
0.318132
0.317124
0.316118
0.315114
0.314111
0.313110
0.312110
0.311113
0.310117
0.309122
0.308130
0.307139
0.306149
0.305162
0.304176
0.303192
0.302210
0.301230
0.300251
0.299275
0.298300
0.297327
0.296355
0.295386
0.294418
0.293452
0.292488
0.291526
0.290566
0.289608
0.288651
0.287696
0.286744
0.285793
0.284844
0.283896
0.282951
0.282008
0.281066
0.280127
0.279189
0.278253
0.277320
0.276388
0.275458
0.274529
0.273603
0.272679
0.271757
0.270836
0.269918
0.269001
0.268086
0.267174
0.266263
0.265354
0.264447
0.263542
0.262639
0.261738
0.260839
0.259941
0.259046
0.258153
0.257261
0.256372
0.255484
0.254598
0.253715
0.252833
0.251953
0.251075
0.250199
0.249325
0.248453
0.247583
0.246714
0.245848
0.244984
0.244121
0.243261
0.242402
0.241545
0.240691
0.239838
0.238987
0.238138
0.237291
0.236446
0.235602
0.234761
0.233922
0.233084
0.232249
0.231415
0.230583
0.229753
0.228926
0.228100
0.227275
0.226453
0.225633
0.224814
0.223998
0.223183
0.222371
0.221560
0.220751
0.219944
0.219139
0.218335
0.217534
0.216734
0.215937
0.215141
0.214347
0.213555
0.212765
0.211977
0.211190
0.210406
0.209623
0.208842
0.208063
0.207286
0.206511
0.205737
0.204966
0.204196
0.203428
0.202662
0.201898
0.201136
0.200375
0.199616
0.198859
0.198104
0.197351
0.196600
0.195850
0.195102
0.194357
0.193612
0.192870
0.192130
0.191391
0.190654
0.189919
0.189186
0.188454
0.187724
0.186996
0.186270
0.185546
0.184823
0.184103
0.183384
0.182666
0.181951
0.181237
0.180525
0.179815
0.179107
0.178400
0.177695
0.176992
0.176291
0.175591
0.174893
0.174197
0.173503
0.172810
0.172119
0.171430
0.170742
0.170057
0.169373
0.168690
0.168010
0.167331
0.166654
0.165978
0.165304
0.164632
0.163962
0.163294
0.162627
0.161961
0.161298
0.160636
0.159976
0.159317
0.158661
0.158005
0.157352
0.156700
0.156050
0.155402
0.154755
0.154110
0.153466
0.152825
0.152185
0.151546
0.150909
0.150274
0.149640
0.149009
0.148378
0.147750
0.147123
0.146497
0.145873
0.145251
0.144631
0.144012
0.143395
0.142779
0.142165
0.141552
0.140942
0.140332
0.139725
0.139119
0.138514
0.137911
0.137310
0.136710
0.136112
0.135516
0.134921
0.134327
0.133735
0.133145
0.132556
0.131969
0.131384
0.130799
0.130217
0.129636
0.129057
0.128479
0.127903
0.127328
0.126755
0.126183
0.125613
0.125044
0.124477
0.123911
0.123347
0.122785
0.122224
0.121664
0.121106
0.120549
0.119994
0.119441
0.118889
0.118338
0.117789
0.117242
0.116696
0.116151
0.115608
0.115066
0.114526
0.113987
0.113450
0.112914
0.112380
0.111847
0.111316
0.110786
0.110257
0.109730
0.109205
0.108681
0.108158
0.107637
0.107117
0.106598
0.106081
0.105566
0.105052
0.104539
0.104028
0.103518
0.103009
0.102502
0.101997
0.101492
0.100990
0.100488
0.099988
0.099489
0.098992
0.098496
0.098002
0.097509
0.097017
0.096527
0.096038
0.095550
0.095064
0.094579
0.094095
0.093613
0.093132
0.092653
0.092175
0.091698
0.091223
0.090749
0.090276
0.089805
0.089334
0.088866
0.088398
0.087932
0.087468
0.087004
0.086542
0.086081
0.085622
0.085164
0.084707
0.084251
0.083797
0.083344
0.082892
0.082442
0.081993
0.081545
0.081099
0.080654
0.080210
0.079767
0.079326
0.078886
0.078447
0.078009
0.077573
0.077138
0.076704
0.076272
0.075840
0.075410
0.074982
0.074554
0.074128
0.073703
0.073279
0.072856
0.072435
0.072015
0.071596
0.071179
0.070762
0.070347
0.069933
0.069520
0.069109
0.068698
0.068289
0.067881
0.067474
0.067069
0.066665
0.066261
0.065860
0.065459
0.065059
0.064661
0.064264
0.063868
0.063473
0.063079
0.062687
0.062295
0.061905
0.061516
0.061128
0.060742
0.060356
0.059972
0.059588
0.059206
0.058825
0.058446
0.058067
0.057689
0.057313
0.056938
0.056564
0.056191
0.055819
0.055448
0.055078
0.054710
0.054342
0.053976
0.053611
0.053247
0.052884
0.052522
0.052161
0.051802
0.051443
0.051086
0.050729
0.050374
0.050020
0.049667
0.049315
0.048964
0.048614
0.048265
0.047917
0.047571
0.047225
0.046881
0.046537
0.046195
0.045853
0.045513
0.045174
0.044835
0.044498
0.044162
0.043827
0.043493
0.043160
0.042828
0.042497
0.042167
0.041838
0.041511
0.041184
0.040858
0.040533
0.040209
0.039887
0.039565
0.039244
0.038924
0.038606
0.038288
0.037971
0.037656
0.037341
0.037027
0.036714
0.036403
0.036092
0.035782
0.035473
0.035165
0.034858
0.034553
0.034248
0.033944
0.033641
0.033339
0.033038
0.032738
0.032438
0.032140
0.031843
0.031547
0.031251
0.030957
0.030664
0.030371
0.030080
0.029789
0.029499
0.029211
0.028923
0.028636
0.028350
0.028065
0.027781
0.027498
0.027215
0.026934
0.026653
0.026374
0.026095
0.025818
0.025541
0.025265
0.024990
0.024716
0.024443
0.024170
0.023899
0.023628
0.023359
0.023090
0.022822
0.022555
0.022289
0.022023
0.021759
0.021496
0.021233
0.020971
0.020710
0.020450
0.020191
0.019933
0.019675
0.019419
0.019163
0.018908
0.018654
0.018401
0.018148
0.017897
0.017646
0.017396
0.017147
0.016899
0.016652
0.016405
0.016159
0.015914
0.015670
0.015427
0.015185
0.014943
0.014702
0.014462
0.014223
0.013985
0.013747
0.013511
0.013275
0.013040
0.012805
0.012572
0.012339
0.012107
0.011876
0.011645
0.011416
0.011187
0.010959
0.010732
0.010505
0.010280
0.010055
0.009831
0.009607
0.009385
0.009163
0.008942
0.008721
0.008502
0.008283
0.008065
0.007848
0.007631
0.007415
0.007200
0.006986
0.006773
0.006560
0.006348
0.006136
0.005926
0.005716
0.005507
0.005298
0.005091
0.004884
0.004678
0.004472
0.004267
0.004063
0.003860
0.003657
0.003455
0.003254
0.003054
0.002854
0.002655
0.002457
0.002259
0.002062
0.001866
0.001670
0.001475
0.001281
0.001088
0.000895
0.000703
0.000511
0.000320
0.000130
-0.000059
-0.000248
-0.000436
-0.000623
-0.000810
-0.000996
-0.001181
-0.001366
-0.001550
-0.001733
-0.001916
-0.002098
-0.002280
-0.002460
-0.002640
-0.002820
-0.002999
-0.003177
-0.003354
-0.003531
-0.003707
-0.003883
-0.004058
-0.004232
-0.004406
-0.004579
-0.004751
-0.004923
-0.005094
-0.005265
-0.005434
-0.005604
-0.005772
-0.005940
-0.006108
-0.006275
-0.006441
-0.006606
-0.006771
-0.006936
-0.007100
-0.007263
-0.007425
-0.007587
-0.007749
-0.007909
-0.008069
-0.008229
-0.008388
-0.008546
-0.008704
-0.008861
-0.009018
-0.009174
-0.009330
-0.009484
-0.009639
-0.009792
-0.009946
-0.010098
-0.010250
-0.010402
-0.010553
-0.010703
-0.010853
-0.011002
-0.011150
-0.011298
-0.011446
-0.011593
-0.011739
-0.011885
-0.012031
-0.012175
-0.012319
-0.012463
-0.012606
-0.012749
-0.012891
-0.013032
-0.013173
-0.013314
-0.013454
-0.013593
-0.013732
-0.013870
-0.014008
-0.014145
-0.014282
-0.014418
-0.014554
-0.014689
-0.014824
-0.014958
-0.015092
-0.015225
-0.015357
-0.015489
-0.015621
-0.015752
-0.015883
-0.016013
-0.016142
-0.016271
-0.016400
-0.016528
-0.016656
-0.016783
-0.016910
-0.017036
-0.017161
-0.017287
-0.017411
-0.017535
-0.017659
-0.017782
-0.017905
-0.018027
-0.018149
-0.018271
-0.018391
-0.018512
-0.018632
-0.018751
-0.018870
-0.018989
-0.019107
-0.019225
-0.019342
-0.019458
-0.019575
-0.019691
-0.019806
-0.019921
-0.020035
-0.020149
-0.020263
-0.020376
-0.020489
-0.020601
-0.020713
-0.020824
-0.020935
-0.021045
-0.021155
-0.021265
-0.021374
-0.021483
-0.021591
-0.021699
-0.021807
-0.021914
-0.022020
-0.022127
-0.022232
-0.022338
-0.022443
-0.022547
-0.022651
-0.022755
-0.022858
-0.022961
-0.023064
-0.023166
-0.023268
-0.023369
-0.023470
-0.023570
-0.023671
-0.023770
-0.023870
-0.023968
-0.024067
-0.024165
-0.024263
-0.024360
-0.024457
-0.024554
-0.024650
-0.024746
-0.024841
-0.024936
-0.025031
-0.025125
-0.025219
-0.025313
-0.025406
-0.025499
-0.025591
-0.025683
-0.025775
-0.025866
-0.025957
-0.026048
-0.026138
-0.026228
-0.026318
-0.026407
-0.026496
-0.026584
-0.026672
-0.026760
-0.026848
-0.026935
-0.027021
-0.027108
-0.027194
-0.027280
-0.027365
-0.027450
-0.027535
-0.027619
-0.027703
-0.027787
-0.027870
-0.027953
-0.028036
-0.028118
-0.028200
-0.028282
-0.028363
-0.028444
-0.028525
-0.028605
-0.028685
-0.028765
-0.028845
-0.028924
-0.029002
-0.029081
-0.029159
-0.029237
-0.029315
-0.029392
-0.029469
-0.029545
-0.029622
-0.029698
-0.029773
-0.029849
-0.029924
-0.029999
-0.030073
-0.030147
-0.030221
-0.030295
-0.030368
-0.030441
-0.030514
-0.030587
-0.030659
-0.030731
-0.030802
-0.030874
-0.030945
-0.031015
-0.031086
-0.031156
-0.031226
-0.031295
-0.031365
-0.031434
-0.031503
-0.031571
-0.031640
-0.031707
-0.031775
-0.031843
-0.031910
-0.031977
-0.032043
-0.032110
-0.032176
-0.032242
-0.032307
-0.032373
-0.032438
-0.032503
-0.032567
-0.032631
-0.032695
-0.032759
-0.032823
-0.032886
-0.032949
-0.033012
-0.033075
-0.033137
-0.033199
-0.033261
-0.033322
-0.033384
-0.033445
-0.033505
-0.033566
-0.033626
-0.033687
-0.033746
-0.033806
-0.033866
-0.033925
-0.033984
-0.034042
-0.034101
-0.034159
-0.034217
-0.034275
-0.034333
-0.034390
-0.034447
-0.034504
-0.034561
-0.034617
-0.034673
-0.034729
-0.034785
-0.034841
-0.034896
-0.034951
-0.035006
-0.035061
-0.035116
-0.035170
-0.035224
-0.035278
-0.035332
-0.035385
-0.035438
-0.035491
-0.035544
-0.035597
-0.035649
-0.035702
-0.035754
-0.035805
-0.035857
-0.035908
-0.035960
-0.036011
-0.036062
-0.036112
-0.036163
-0.036213
-0.036263
-0.036313
-0.036363
-0.036412
-0.036461
-0.036511
-0.036560
-0.036608
-0.036657
-0.036705
-0.036753
-0.036801
-0.036849
-0.036897
-0.036944
-0.036992
-0.037039
-0.037086
-0.037132
-0.037179
-0.037225
-0.037272
-0.037318
-0.037364
-0.037409
-0.037455
-0.037500
-0.037545
-0.037590
-0.037635
-0.037680
-0.037724
-0.037769
-0.037813
-0.037857
-0.037901
-0.037945
-0.037988
-0.038031
-0.038075
-0.038118
-0.038161
-0.038203
-0.038246
-0.038288
-0.038331
-0.038373
-0.038415
-0.038456
-0.038498
-0.038540
-0.038581
-0.038622
-0.038663
-0.038704
-0.038745
-0.038785
-0.038826
-0.038866
-0.038906
-0.038946
-0.038986
-0.039026
-0.039065
-0.039105
-0.039144
-0.039183
-0.039222
-0.039261
-0.039300
-0.039338
-0.039377
-0.039415
-0.039453
-0.039491
-0.039529
-0.039567
-0.039604
-0.039642
-0.039679
-0.039716
-0.039753
-0.039790
-0.039827
-0.039864
-0.039900
-0.039937
-0.039973
-0.040009
-0.040045
-0.040081
-0.040117
-0.040153
-0.040188
-0.040224
-0.040259
-0.040294
-0.040329
-0.040364
-0.040399
-0.040434
-0.040468
-0.040503
-0.040537
-0.040571
-0.040605
-0.040639
-0.040673
-0.040707
-0.040740
-0.040774
-0.040807
-0.040841
-0.040874
-0.040907
-0.040940
-0.040973
-0.041005
-0.041038
-0.041070
-0.041103
-0.041135
-0.041167
-0.041199
-0.041231
-0.041263
-0.041295
-0.041326
-0.041358
-0.041389
-0.041420
-0.041452
-0.041483
-0.041514
-0.041545
-0.041575
-0.041606
-0.041637
-0.041667
-0.041698
-0.041728
-0.041758
-0.041788
-0.041818
-0.041848
-0.041878
-0.041907
-0.041937
-0.041967
-0.041996
-0.042025
-0.042054
-0.042084
-0.042113
-0.042141
-0.042170
-0.042199
-0.042228
-0.042256
-0.042285
-0.042313
-0.042341
-0.042370
-0.042398
-0.042426
-0.042454
-0.042481
-0.042509
-0.042537
-0.042564
-0.042592
-0.042619
-0.042647
-0.042674
-0.042701
-0.042728
-0.042755
-0.042782
-0.042809
-0.042835
-0.042862
-0.042889
-0.042915
-0.042942
-0.042968
-0.042994
-0.043020
-0.043046
-0.043072
-0.043098
-0.043124
-0.043150
-0.043175
-0.043201
-0.043227
-0.043252
-0.043277
-0.043303
-0.043328
-0.043353
-0.043378
-0.043403
-0.043428
-0.043453
-0.043478
-0.043502
-0.043527
-0.043551
-0.043576
-0.043600
-0.043625
-0.043649
-0.043673
-0.043697
-0.043721
-0.043745
-0.043769
-0.043793
-0.043817
-0.043840
-0.043864
-0.043888
-0.043911
-0.043934
-0.043958
-0.043981
-0.044004
-0.044027
-0.044051
-0.044074
-0.044097
-0.044119
-0.044142
-0.044165
-0.044188
-0.044210
-0.044233
-0.044255
-0.044278
-0.044300
-0.044323
-0.044345
-0.044367
-0.044389
-0.044411
-0.044433
-0.044455
-0.044477
-0.044499
-0.044521
-0.044542
-0.044564
-0.044586
-0.044607
-0.044629
-0.044650
-0.044671
-0.044693
-0.044714
-0.044735
-0.044756
-0.044777
-0.044798
-0.044819
-0.044840
-0.044861
-0.044882
-0.044903
-0.044923
-0.044944
-0.044964
-0.044985
-0.045005
-0.045026
-0.045046
-0.045066
-0.045087
-0.045107
-0.045127
-0.045147
-0.045167
-0.045187
-0.045207
-0.045227
-0.045247
-0.045267
-0.045286
-0.045306
-0.045326
-0.045345
-0.045365
-0.045384
-0.045404
-0.045423
-0.045442
-0.045462
-0.045481
-0.045500
-0.045519
-0.045538
-0.045558
-0.045577
-0.045595
-0.045614
-0.045633
-0.045652
-0.045671
-0.045690
-0.045708
-0.045727
-0.045745
-0.045764
-0.045783
-0.045801
-0.045819
-0.045838
-0.045856
-0.045874
-0.045893
-0.045911
-0.045929
-0.045947
-0.045965
-0.045983
-0.046001
-0.046019
-0.046037
-0.046055
-0.046073
-0.046090
-0.046108
-0.046126
-0.046143
-0.046161
-0.046179
-0.046196
-0.046214
-0.046231
-0.046248
-0.046266
-0.046283
-0.046300
-0.046318
-0.046335
-0.046352
-0.046369
-0.046386
-0.046403
-0.046420
-0.046437
-0.046454
-0.046471
-0.046488
-0.046505
-0.046522
-0.046538
-0.046555
-0.046572
-0.046588
-0.046605
-0.046622
-0.046638
-0.046655
-0.046671
-0.046687
-0.046704
-0.046720
-0.046737
-0.046753
-0.046769
-0.046785
-0.046801
-0.046818
-0.046834
-0.046850
-0.046866
-0.046882
-0.046898
-0.046914
-0.046930
-0.046946
-0.046961
-0.046977
-0.046993
-0.047009
-0.047024
-0.047040
-0.047056
-0.047071
-0.047087
-0.047103
-0.047118
-0.047134
-0.047149
-0.047164
-0.047180
-0.047195
-0.047210
-0.047226
-0.047241
-0.047256
-0.047272
-0.047287
-0.047302
-0.047317
-0.047332
-0.047347
-0.047362
-0.047377
-0.047392
-0.047407
-0.047422
-0.047437
-0.047452
-0.047467
-0.047481
-0.047496
-0.047511
-0.047526
-0.047540
-0.047555
-0.047570
-0.047584
-0.047599
-0.047613
-0.047628
-0.047642
-0.047657
-0.047671
-0.047686
-0.047700
-0.047714
-0.047729
-0.047743
-0.047757
-0.047772
-0.047786
-0.047800
-0.047814
-0.047828
-0.047843
-0.047857
-0.047871
-0.047885
-0.047899
-0.047913
-0.047927
-0.047941
-0.047955
-0.047969
-0.047982
-0.047996
-0.048010
-0.048024
-0.048038
-0.048052
-0.048065
-0.048079
-0.048093
-0.048106
-0.048120
-0.048134
-0.048147
-0.048161
-0.048174
-0.048188
-0.048201
-0.048215
-0.048228
-0.048242
-0.048255
-0.048268
-0.048282
-0.048295
-0.048308
-0.048322
-0.048335
-0.048348
-0.048362
-0.048375
-0.048388
-0.048401
-0.048414
-0.048427
-0.048440
-0.048454
-0.048467
-0.048480
-0.048493
-0.048506
-0.048519
-0.048532
-0.048545
-0.048557
-0.048570
-0.048583
-0.048596
-0.048609
-0.048622
-0.048634
-0.048647
-0.048660
-0.048673
-0.048685
-0.048698
-0.048711
-0.048723
-0.048736
-0.048749
-0.048761
-0.048774
-0.048786
-0.048799
-0.048811
-0.048824
-0.048836
-0.048849
-0.048861
-0.048874
-0.048886
-0.048899
-0.048911
-0.048923
-0.048936
-0.048948
-0.048960
-0.048973
-0.048985
-0.048997
-0.049009
-0.049021
-0.049034
-0.049046
-0.049058
-0.049070
-0.049082
-0.049094
-0.049106
-0.049119
-0.049131
-0.049143
-0.049155
-0.049167
-0.049179
-0.049191
-0.049203
-0.049214
-0.049226
-0.049238
-0.049250
-0.049262
-0.049274
-0.049286
-0.049298
-0.049309
-0.049321
-0.049333
-0.049345
-0.049356
-0.049368
-0.049380
-0.049391
-0.049403
-0.049415
-0.049426
-0.049438
-0.049450
-0.049461
-0.049473
-0.049484
-0.049496
-0.049508
-0.049519
-0.049531
-0.049542
-0.049554
-0.049565
-0.049576
-0.049588
-0.049599
-0.049611
-0.049622
-0.049633
-0.049645
-0.049656
-0.049667
-0.049679
-0.049690
-0.049701
-0.049713
-0.049724
-0.049735
-0.049746
-0.049758
-0.049769
-0.049780
-0.049791
-0.049802
-0.049813
-0.049825
-0.049836
-0.049847
-0.049858
-0.049869
-0.049880
-0.049891
-0.049902
-0.049913
-0.049924
-0.049935
-0.049946
-0.049957
-0.049968
-0.049979
-0.049990
-0.050001
-0.050012
-0.050023
-0.050034
-0.050044
-0.050055
-0.050066
-0.050077
-0.050088
-0.050099
-0.050109
-0.050120
-0.050131
-0.050142
-0.050153
-0.050163
-0.050174
-0.050185
-0.050195
-0.050206
-0.050217
-0.050227
-0.050238
-0.050249
-0.050259
-0.050270
-0.050281
-0.050291
-0.050302
-0.050312
-0.050323
-0.050333
-0.050344
-0.050354
-0.050365
-0.050375
-0.050386
-0.050396
-0.050407
-0.050417
-0.050428
-0.050438
-0.050449
-0.050459
-0.050469
-0.050480
-0.050490
-0.050501
-0.050511
-0.050521
-0.050532
-0.050542
-0.050552
-0.050562
-0.050573
-0.050583
-0.050593
-0.050604
-0.050614
-0.050624
-0.050634
-0.050645
-0.050655
-0.050665
-0.050675
-0.050685
-0.050695
-0.050706
-0.050716
-0.050726
-0.050736
-0.050746
-0.050756
-0.050766
-0.050776
-0.050786
-0.050797
-0.050807
-0.050817
-0.050827
-0.050837
-0.050847
-0.050857
-0.050867
-0.050877
-0.050887
-0.050897
-0.050907
-0.050917
-0.050926
-0.050936
-0.050946
-0.050956
-0.050966
-0.050976
-0.050986
-0.050996
-0.051006
-0.051016
-0.051025
-0.051035
-0.051045
-0.051055
-0.051065
-0.051074
-0.051084
-0.051094
-0.051104
-0.051114
-0.051123
-0.051133
-0.051143
-0.051153
-0.051162
-0.051172
-0.051182
-0.051191
-0.051201
-0.051211
-0.051220
-0.051230
-0.051240
-0.051249
-0.051259
-0.051269
-0.051278
-0.051288
-0.051297
-0.051307
-0.051317
-0.051326
-0.051336
-0.051345
-0.051355
-0.051364
-0.051374
-0.051383
-0.051393
-0.051402
-0.051412
-0.051421
-0.051431
-0.051440
-0.051450
-0.051459
-0.051469
-0.051478
-0.051488
-0.051497
-0.051506
-0.051516
-0.051525
-0.051535
-0.051544
-0.051553
-0.051563
-0.051572
-0.051582
-0.051591
-0.051600
-0.051610
-0.051619
-0.051628
-0.051638
-0.051647
-0.051656
-0.051665
-0.051675
-0.051684
-0.051693
-0.051703
-0.051712
-0.051721
-0.051730
-0.051739
-0.051749
-0.051758
-0.051767
-0.051776
-0.051786
-0.051795
-0.051804
-0.051813
-0.051822
-0.051831
-0.051841
-0.051850
-0.051859
-0.051868
-0.051877
-0.051886
-0.051895
-0.051904
-0.051913
-0.051923
-0.051932
-0.051941
-0.051950
-0.051959
-0.051968
-0.051977
-0.051986
-0.051995
-0.052004
-0.052013
-0.052022
-0.052031
-0.052040
-0.052049
-0.052058
-0.052067
-0.052076
-0.052085
-0.052094
-0.052103
-0.052112
-0.052121
-0.052130
-0.052139
-0.052148
-0.052156
-0.052165
-0.052174
-0.052183
-0.052192
-0.052201
-0.052210
-0.052219
-0.052227
-0.052236
-0.052245
-0.052254
-0.052263
-0.052272
-0.052281
-0.052289
-0.052298
-0.052307
-0.052316
-0.052325
-0.052333
-0.052342
-0.052351
-0.052360
-0.052368
-0.052377
-0.052386
-0.052395
-0.052403
-0.052412
-0.052421
-0.052430
-0.052438
-0.052447
-0.052456
-0.052464
-0.052473
-0.052482
-0.052490
-0.052499
-0.052508
-0.052516
-0.052525
-0.052534
-0.052542
-0.052551
-0.052560
-0.052568
-0.052577
-0.052586
-0.052594
-0.052603
-0.052611
-0.052620
-0.052628
-0.052637
-0.052646
-0.052654
-0.052663
-0.052671
-0.052680
-0.052688
-0.052697
-0.052705
-0.052714
-0.052723
-0.052731
-0.052740
-0.052748
-0.052757
-0.052765
-0.052774
-0.052782
-0.052791
-0.052799
-0.052807
-0.052816
-0.052824
-0.052833
-0.052841
-0.052850
-0.052858
-0.052867
-0.052875
-0.052883
-0.052892
-0.052900
-0.052909
-0.052917
-0.052925
-0.052934
-0.052942
-0.052951
-0.052959
-0.052967
-0.052976
-0.052984
-0.052992
-0.053001
-0.053009
-0.053017
-0.053026
-0.053034
-0.053042
-0.053051
-0.053059
-0.053067
-0.053076
-0.053084
-0.053092
-0.053100
-0.053109
-0.053117
-0.053125
-0.053134
-0.053142
-0.053150
-0.053158
-0.053167
-0.053175
-0.053183
-0.053191
-0.053199
-0.053208
-0.053216
-0.053224
-0.053232
-0.053241
-0.053249
-0.053257
-0.053265
-0.053273
-0.053281
-0.053290
-0.053298
-0.053306
-0.053314
-0.053322
-0.053330
-0.053339
-0.053347
-0.053355
-0.053363
-0.053371
-0.053379
-0.053387
-0.053395
-0.053404
-0.053412
-0.053420
-0.053428
-0.053436
-0.053444
-0.053452
-0.053460
-0.053468
-0.053476
-0.053484
-0.053492
-0.053500
-0.053508
-0.053516
-0.053524
-0.053533
-0.053541
-0.053549
-0.053557
-0.053565
-0.053573
-0.053581
-0.053589
-0.053597
-0.053605
-0.053613
-0.053621
-0.053628
-0.053636
-0.053644
-0.053652
-0.053660
-0.053668
-0.053676
-0.053684
-0.053692
-0.053700
-0.053708
-0.053716
-0.053724
-0.053732
-0.053740
-0.053748
-0.053755
-0.053763
-0.053771
-0.053779
-0.053787
-0.053795
-0.053803
-0.053811
-0.053819
-0.053826
-0.053834
-0.053842
-0.053850
-0.053858
-0.053866
-0.053873
-0.053881
-0.053889
-0.053897
-0.053905
-0.053913
-0.053920
-0.053928
-0.053936
-0.053944
-0.053952
-0.053959
-0.053967
-0.053975
-0.053983
-0.053991
-0.053998
-0.054006
-0.054014
-0.054022
-0.054029
-0.054037
-0.054045
-0.054053
-0.054060
-0.054068
-0.054076
-0.054083
-0.054091
-0.054099
-0.054107
-0.054114
-0.054122
-0.054130
-0.054137
-0.054145
-0.054153
-0.054160
-0.054168
-0.054176
-0.054183
-0.054191
-0.054199
-0.054206
-0.054214
-0.054222
-0.054229
-0.054237
-0.054245
-0.054252
-0.054260
-0.054268
-0.054275
-0.054283
-0.054290
-0.054298
-0.054306
-0.054313
-0.054321
-0.054328
-0.054336
-0.054344
-0.054351
-0.054359
-0.054366
-0.054374
-0.054381
-0.054389
-0.054397
-0.054404
-0.054412
-0.054419
-0.054427
-0.054434
-0.054442
-0.054449
-0.054457
-0.054464
-0.054472
-0.054479
-0.054487
-0.054494
-0.054502
-0.054509
-0.054517
-0.054524
-0.054532
-0.054539
-0.054547
-0.054554
-0.054562
-0.054569
-0.054577
-0.054584
-0.054592
-0.054599
-0.054607
-0.054614
-0.054621
-0.054629
-0.054636
-0.054644
-0.054651
-0.054659
-0.054666
-0.054673
-0.054681
-0.054688
-0.054696
-0.054703
-0.054710
-0.054718
-0.054725
-0.054733
-0.054740
-0.054747
-0.054755
-0.054762
-0.054769
-0.054777
-0.054784
-0.054792
-0.054799
-0.054806
-0.054814
-0.054821
-0.054828
-0.054836
-0.054843
-0.054850
-0.054858
-0.054865
-0.054872
-0.054880
-0.054887
-0.054894
-0.054901
-0.054909
-0.054916
-0.054923
-0.054931
-0.054938
-0.054945
-0.054952
-0.054960
-0.054967
-0.054974
-0.054981
-0.054989
-0.054996
-0.055003
-0.055010
-0.055018
-0.055025
-0.055032
-0.055039
-0.055047
-0.055054
-0.055061
-0.055068
-0.055075
-0.055083
-0.055090
-0.055097
-0.055104
-0.055111
-0.055119
-0.055126
-0.055133
-0.055140
-0.055147
-0.055155
-0.055162
-0.055169
-0.055176
-0.055183
-0.055190
-0.055198
-0.055205
-0.055212
-0.055219
-0.055226
-0.055233
-0.055240
-0.055247
-0.055255
-0.055262
-0.055269
-0.055276
-0.055283
-0.055290
-0.055297
-0.055304
-0.055311
-0.055318
-0.055326
-0.055333
-0.055340
-0.055347
-0.055354
-0.055361
-0.055368
-0.055375
-0.055382
-0.055389
-0.055396
-0.055403
-0.055410
-0.055417
-0.055424
-0.055431
-0.055438
-0.055445
-0.055453
-0.055460
-0.055467
-0.055474
-0.055481
-0.055488
-0.055495
-0.055502
-0.055509
-0.055516
-0.055523
-0.055530
-0.055537
-0.055543
-0.055550
-0.055557
-0.055564
-0.055571
-0.055578
-0.055585
-0.055592
-0.055599
-0.055606
-0.055613
-0.055620
-0.055627
-0.055634
-0.055641
-0.055648
-0.055655
-0.055662
-0.055668
-0.055675
-0.055682
-0.055689
-0.055696
-0.055703
-0.055710
-0.055717
-0.055724
-0.055731
-0.055737
-0.055744
-0.055751
-0.055758
-0.055765
-0.055772
-0.055779
-0.055786
-0.055792
-0.055799
-0.055806
-0.055813
-0.055820
-0.055827
-0.055833
-0.055840
-0.055847
-0.055854
-0.055861
-0.055868
-0.055874
-0.055881
-0.055888
-0.055895
-0.055902
-0.055908
-0.055915
-0.055922
-0.055929
-0.055936
-0.055942
-0.055949
-0.055956
-0.055963
-0.055969
-0.055976
-0.055983
-0.055990
-0.055996
-0.056003
-0.056010
-0.056017
-0.056023
-0.056030
-0.056037
-0.056044
-0.056050
-0.056057
-0.056064
-0.056071
-0.056077
-0.056084
-0.056091
-0.056097
-0.056104
-0.056111
-0.056117
-0.056124
-0.056131
-0.056138
-0.056144
-0.056151
-0.056158
-0.056164
-0.056171
-0.056178
-0.056184
-0.056191
-0.056198
-0.056204
-0.056211
-0.056217
-0.056224
-0.056231
-0.056237
-0.056244
-0.056251
-0.056257
-0.056264
-0.056271
-0.056277
-0.056284
-0.056290
-0.056297
-0.056304
-0.056310
-0.056317
-0.056323
-0.056330
-0.056337
-0.056343
-0.056350
-0.056356
-0.056363
-0.056369
-0.056376
-0.056383
-0.056389
-0.056396
-0.056402
-0.056409
-0.056415
-0.056422
-0.056428
-0.056435
-0.056441
-0.056448
-0.056455
-0.056461
-0.056468
-0.056474
-0.056481
-0.056487
-0.056494
-0.056500
-0.056507
-0.056513
-0.056520
-0.056526
-0.056533
-0.056539
-0.056546
-0.056552
-0.056558
-0.056565
-0.056571
-0.056578
-0.056584
-0.056591
-0.056597
-0.056604
-0.056610
-0.056617
-0.056623
-0.056630
-0.056636
-0.056642
-0.056649
-0.056655
-0.056662
-0.056668
-0.056675
-0.056681
-0.056687
-0.056694
-0.056700
-0.056707
-0.056713
-0.056719
-0.056726
-0.056732
-0.056739
-0.056745
-0.056751
-0.056758
-0.056764
-0.056770
-0.056777
-0.056783
-0.056789
-0.056796
-0.056802
-0.056809
-0.056815
-0.056821
-0.056828
-0.056834
-0.056840
-0.056847
-0.056853
-0.056859
-0.056866
-0.056872
-0.056878
-0.056885
-0.056891
-0.056897
-0.056903
-0.056910
-0.056916
-0.056922
-0.056929
-0.056935
-0.056941
-0.056947
-0.056954
-0.056960
-0.056966
-0.056973
-0.056979
-0.056985
-0.056991
-0.056998
-0.057004
-0.057010
-0.057016
-0.057023
-0.057029
-0.057035
-0.057041
-0.057048
-0.057054
-0.057060
-0.057066
-0.057072
-0.057079
-0.057085
-0.057091
-0.057097
-0.057103
-0.057110
-0.057116
-0.057122
-0.057128
-0.057134
-0.057141
-0.057147
-0.057153
-0.057159
-0.057165
-0.057172
-0.057178
-0.057184
-0.057190
-0.057196
-0.057202
-0.057208
-0.057215
-0.057221
-0.057227
-0.057233
-0.057239
-0.057245
-0.057251
-0.057258
-0.057264
-0.057270
-0.057276
-0.057282
-0.057288
-0.057294
-0.057300
-0.057306
-0.057313
-0.057319
-0.057325
-0.057331
-0.057337
-0.057343
-0.057349
-0.057355
-0.057361
-0.057367
-0.057373
-0.057379
-0.057385
-0.057392
-0.057398
-0.057404
-0.057410
-0.057416
-0.057422
-0.057428
-0.057434
-0.057440
-0.057446
-0.057452
-0.057458
-0.057464
-0.057470
-0.057476
-0.057482
-0.057488
-0.057494
-0.057500
-0.057506
-0.057512
-0.057518
-0.057524
-0.057530
-0.057536
-0.057542
-0.057548
-0.057554
-0.057560
-0.057566
-0.057572
-0.057578
-0.057584
-0.057590
-0.057596
-0.057602
-0.057608
-0.057613
-0.057619
-0.057625
-0.057631
-0.057637
-0.057643
-0.057649
-0.057655
-0.057661
-0.057667
-0.057673
-0.057679
-0.057685
-0.057690
-0.057696
-0.057702
-0.057708
-0.057714
-0.057720
-0.057726
-0.057732
-0.057738
-0.057743
-0.057749
-0.057755
-0.057761
-0.057767
-0.057773
-0.057779
-0.057784
-0.057790
-0.057796
-0.057802
-0.057808
-0.057814
-0.057820
-0.057825
-0.057831
-0.057837
-0.057843
-0.057849
-0.057855
-0.057860
-0.057866
-0.057872
-0.057878
-0.057884
-0.057889
-0.057895
-0.057901
-0.057907
-0.057913
-0.057918
-0.057924
-0.057930
-0.057936
-0.057941
-0.057947
-0.057953
-0.057959
-0.057964
-0.057970
-0.057976
-0.057982
-0.057988
-0.057993
-0.057999
-0.058005
-0.058010
-0.058016
-0.058022
-0.058028
-0.058033
-0.058039
-0.058045
-0.058051
-0.058056
-0.058062
-0.058068
-0.058073
-0.058079
-0.058085
-0.058090
-0.058096
-0.058102
-0.058108
-0.058113
-0.058119
-0.058125
-0.058130
-0.058136
-0.058142
-0.058147
-0.058153
-0.058159
-0.058164
-0.058170
-0.058176
-0.058181
-0.058187
-0.058192
-0.058198
-0.058204
-0.058209
-0.058215
-0.058221
-0.058226
-0.058232
-0.058238
-0.058243
-0.058249
-0.058254
-0.058260
-0.058266
-0.058271
-0.058277
-0.058282
-0.058288
-0.058294
-0.058299
-0.058305
-0.058310
-0.058316
-0.058321
-0.058327
-0.058333
-0.058338
-0.058344
-0.058349
-0.058355
-0.058360
-0.058366
-0.058371
-0.058377
-0.058383
-0.058388
-0.058394
-0.058399
-0.058405
-0.058410
-0.058416
-0.058421
-0.058427
-0.058432
-0.058438
-0.058443
-0.058449
-0.058454
-0.058460
-0.058465
-0.058471
-0.058476
-0.058482
-0.058487
-0.058493
-0.058498
-0.058504
-0.058509
-0.058515
-0.058520
-0.058526
-0.058531
-0.058536
-0.058542
-0.058547
-0.058553
-0.058558
-0.058564
-0.058569
-0.058575
-0.058580
-0.058585
-0.058591
-0.058596
-0.058602
-0.058607
-0.058613
-0.058618
-0.058623
-0.058629
-0.058634
-0.058640
-0.058645
-0.058650
-0.058656
-0.058661
-0.058667
-0.058672
-0.058677
-0.058683
-0.058688
-0.058694
-0.058699
-0.058704
-0.058710
-0.058715
-0.058720
-0.058726
-0.058731
-0.058736
-0.058742
-0.058747
-0.058752
-0.058758
-0.058763
-0.058768
-0.058774
-0.058779
-0.058784
-0.058790
-0.058795
-0.058800
-0.058806
-0.058811
-0.058816

