0.000000
0.000000
-0.000006
-0.000014
-0.000023
-0.000034
-0.000045
-0.000058
-0.000070
-0.000084
-0.000097
-0.000111
-0.000125
-0.000140
-0.000155
-0.000170
-0.000185
-0.000201
-0.000217
-0.000233
-0.000249
-0.000266
-0.000282
-0.000299
-0.000316
-0.000333
-0.000351
-0.000368
-0.000386
-0.000404
-0.000422
-0.000440
-0.000459
-0.000477
-0.000496
-0.000515
-0.000534
-0.000553
-0.000572
-0.000591
-0.000611
-0.000631
-0.000651
-0.000670
-0.000691
-0.000711
-0.000731
-0.000751
-0.000772
-0.000793
-0.000813
-0.000834
-0.000855
-0.000876
-0.000898
-0.000919
-0.000940
-0.000962
-0.000984
-0.001005
-0.001027
-0.001049
-0.001071
-0.001093
-0.001115
-0.001138
-0.001160
-0.001183
-0.001205
-0.001228
-0.001251
-0.001273
-0.001296
-0.001319
-0.001342
-0.001366
-0.001389
-0.001412
-0.001435
-0.001459
-0.001482
-0.001506
-0.001530
-0.001553
-0.001577
-0.001601
-0.001625
-0.001649
-0.001673
-0.001697
-0.001722
-0.001746
-0.001770
-0.001795
-0.001819
-0.001844
-0.001868
-0.001893
-0.001918
-0.001942
-0.001967
-0.001992
-0.002017
-0.002042
-0.002067
-0.002092
-0.002118
-0.002143
-0.002168
-0.002193
-0.002219
-0.002244
-0.002270
-0.002295
-0.002321
-0.002346
-0.002372
-0.002398
-0.002424
-0.002449
-0.002475
-0.002501
-0.002527
-0.002553
-0.002579
-0.002605
-0.002631
-0.002658
-0.002684
-0.002710
-0.002736
-0.002763
-0.002789
-0.002815
-0.002842
-0.002868
-0.002895
-0.002921
-0.002948
-0.002975
-0.003001
-0.003028
-0.003055
-0.003082
-0.003108
-0.003135
-0.003162
-0.003189
-0.003216
-0.003243
-0.003270
-0.003297
-0.003324
-0.003351
-0.003379
-0.003406
-0.003433
-0.003460
-0.003487
-0.003515
-0.003542
-0.003569
-0.003597
-0.003624
-0.003652
-0.003679
-0.003707
-0.003734
-0.003762
-0.003789
-0.003817
-0.003845
-0.003872
-0.003900
-0.003928
-0.003955
-0.003983
-0.004011
-0.004039
-0.004067
-0.004094
-0.004122
-0.004150
-0.004178
-0.004206
-0.004234
-0.004262
-0.004290
-0.004318
-0.004346
-0.004374
-0.004402
-0.004430
-0.004459
-0.004487
-0.004515
-0.004543
-0.004571
-0.004599
-0.004628
-0.004656
-0.004684
-0.004713
-0.004741
-0.004769
-0.004798
-0.004826
-0.004854
-0.004883
-0.004911
-0.004940
-0.004968
-0.004997
-0.005025
-0.005054
-0.005082
-0.005111
-0.005139
-0.005168
-0.005197
-0.005225
-0.005254
-0.005282
-0.005311
-0.005340
-0.005368
-0.005397
-0.005426
-0.005455
-0.005483
-0.005512
-0.005541
-0.005570
-0.005598
-0.005627
-0.005656
-0.005685
-0.005714
-0.005743
-0.005771
-0.005800
-0.005829
-0.005858
-0.005887
-0.005916
-0.005945
-0.005974
-0.006003
-0.006032
-0.006061
-0.006090
-0.006119
-0.006148
-0.006177
-0.006206
-0.006235
-0.006264
-0.006293
-0.006322
-0.006351
-0.006380
-0.006409
-0.006438
-0.006467
-0.006496
-0.006525
-0.006555
-0.006584
-0.006613
-0.006642
-0.006671
-0.006700
-0.006729
-0.006759
-0.006788
-0.006817
-0.006846
-0.006875
-0.006905
-0.006934
-0.006963
-0.006992
-0.007022
-0.007051
-0.007080
-0.007109
-0.007139
-0.007168
-0.007197
-0.007226
-0.007256
-0.007285
-0.007314
-0.007344
-0.007373
-0.007402
-0.007432
-0.007461
-0.007490
-0.007520
-0.007549
-0.007578
-0.007608
-0.007637
-0.007666
-0.007696
-0.007725
-0.007754
-0.007784
-0.007813
-0.007842
-0.007872
-0.007901
-0.007931
-0.007960
-0.007989
-0.008019
-0.008048
-0.008078
-0.008107
-0.008136
-0.008166
-0.008195
-0.008225
-0.008254
-0.008283
-0.008313
-0.008342
-0.008372
-0.008401
-0.008431
-0.008460
-0.008489
-0.008519
-0.008548
-0.008578
-0.008607
-0.008637
-0.008666
-0.008695
-0.008725
-0.008754
-0.008784
-0.008813
-0.008843
-0.008872
-0.008902
-0.008931
-0.008960
-0.008990
-0.009019
-0.009049
-0.009078
-0.009108
-0.009137
-0.009167
-0.009196
-0.009225
-0.009255
-0.009284
-0.009314
-0.009343
-0.009373
-0.009402
-0.009432
-0.009461
-0.009490
-0.009520
-0.009549
-0.009579
-0.009608
-0.009638
-0.009667
-0.009696
-0.009726
-0.009755
-0.009785
-0.009814
-0.009844
-0.009873
-0.009902
-0.009932
-0.009961
-0.009991
-0.010020
-0.010050
-0.010079
-0.010108
-0.010138
-0.010167
-0.010197
-0.010226
-0.010255
-0.010285
-0.010314
-0.010344
-0.010373
-0.010402
-0.010432
-0.010461
-0.010490
-0.010520
-0.010549
-0.010579
-0.010608
-0.010637
-0.010667
-0.010696
-0.010725
-0.010755
-0.010784
-0.010813
-0.010843
-0.010872
-0.010901
-0.010931
-0.010960
-0.010989
-0.011019
-0.011048
-0.011077
-0.011107
-0.011136
-0.011165
-0.011195
-0.011224
-0.011253
-0.011282
-0.011312
-0.011341
-0.011370
-0.011400
-0.011429
-0.011458
-0.011487
-0.011517
-0.011546
-0.011575
-0.011604
-0.011634
-0.011663
-0.011692
-0.011721
-0.011750
-0.011780
-0.011809
-0.011838
-0.011867
-0.011896
-0.011926
-0.011955
-0.011984
-0.012013
-0.012042
-0.012071
-0.012101
-0.012130
-0.012159
-0.012188
-0.012217
-0.012246
-0.012275
-0.012304
-0.012334
-0.012363
-0.012392
-0.012421
-0.012450
-0.012479
-0.012508
-0.012537
-0.012566
-0.012595
-0.012624
-0.012653
-0.012682
-0.012711
-0.012740
-0.012769
-0.012798
-0.012827
-0.012856
-0.012885
-0.012914
-0.012943
-0.012972
-0.013001
-0.013030
-0.013059
-0.013088
-0.013117
-0.013146
-0.013175
-0.013204
-0.013233
-0.013262
-0.013291
-0.013320
-0.013348
-0.013377
-0.013406
-0.013435
-0.013150
-0.011956
-0.009172
-0.004400
0.002425
0.011144
0.021495
0.033181
0.045916
0.059436
0.073512
0.087944
0.102564
0.117232
0.131834
0.146280
0.160496
0.174428
0.188033
0.201279
0.214143
0.226612
0.238676
0.250330
0.261576
0.272415
0.282853
0.292897
0.302556
0.311840
0.321049
0.330752
0.341602
0.353993
0.368007
0.383515
0.400285
0.418054
0.436560
0.455570
0.474874
0.494292
0.513672
0.532890
0.551845
0.570458
0.588665
0.606421
0.623691
0.640451
0.656685
0.672384
0.687545
0.702169
0.716260
0.729825
0.742875
0.755419
0.767471
0.779042
0.790425
0.802168
0.814909
0.829040
0.844656
0.861642
0.879782
0.898825
0.918523
0.938650
0.959005
0.979413
0.999727
1.019826
1.039611
1.059005
1.077947
1.096392
1.114307
1.131667
1.148459
1.164675
1.180310
1.195368
1.209854
1.223774
1.237140
1.249962
1.262254
1.274029
1.285569
1.297411
1.310180
1.324271
1.339789
1.356629
1.374588
1.393422
1.412889
1.432769
1.452863
1.472999
1.493029
1.512833
1.532312
1.551388
1.569999
1.588100
1.605657
1.622646
1.639051
1.654863
1.670081
1.684704
1.698738
1.712191
1.725073
1.737394
1.749169
1.760410
1.771132
1.781350
1.791079
1.800333
1.809127
1.817477
1.825396
1.832899
1.840000
1.846712
1.853048
1.859021
1.864644
1.869927
1.874883
1.879523
1.883858
1.887897
1.891651
1.895129
1.898341
1.901295
1.904000
1.906465
1.908697
1.910705
1.912494
1.914073
1.915449
1.916628
1.917617
1.918421
1.919047
1.919500
1.919787
1.919912
1.919881
1.919699
1.919370
1.918900
1.918292
1.917552
1.916683
1.915690
1.914576
1.913346
1.912004
1.910552
1.908994
1.907334
1.905575
1.903721
1.901773
1.899737
1.897613
1.895405
1.893116
1.890749
1.888305
1.885788
1.883199
1.880542
1.877819
1.875031
1.872180
1.869270
1.866302
1.863277
1.860198
1.857067
1.853885
1.850654
1.847376
1.844052
1.840684
1.837273
1.833822
1.830331
1.826802
1.823235
1.819634
1.815998
1.812329
1.808629
1.804898
1.801137
1.797348
1.793532
1.789690
1.785822
1.781931
1.778016
1.774078
1.770119
1.766140
1.762141
1.758123
1.754087
1.750033
1.745963
1.741878
1.737777
1.733661
1.729532
1.725390
1.721236
1.717069
1.712891
1.708703
1.704504
1.700296
1.696079
1.691854
1.687620
1.683379
1.679131
1.674876
1.670615
1.666348
1.662076
1.657800
1.653518
1.649233
1.644944
1.640651
1.636355
1.632057
1.627757
1.623454
1.619150
1.614844
1.610537
1.606229
1.601921
1.597613
1.593304
1.588996
1.584688
1.580381
1.576075
1.571770
1.567467
1.563165
1.558865
1.554567
1.550271
1.545977
1.541687
1.537399
1.533114
1.528832
1.524553
1.520278
1.516006
1.511738
1.507474
1.503214
1.498959
1.494707
1.490460
1.486217
1.481979
1.477746
1.473518
1.469295
1.465077
1.460864
1.456656
1.452454
1.448258
1.444066
1.439881
1.435702
1.431528
1.427360
1.423198
1.419043
1.414893
1.410750
1.406613
1.402482
1.398358
1.394240
1.390129
1.386025
1.381927
1.377836
1.373751
1.369674
1.365603
1.361539
1.357483
1.353433
1.349390
1.345355
1.341326
1.337305
1.333291
1.329284
1.325285
1.321293
1.317308
1.313330
1.309361
1.305398
1.301443
1.297495
1.293555
1.289623
1.285698
1.281781
1.277871
1.273969
1.270075
1.266188
1.262309
1.258438
1.254574
1.250718
1.246870
1.243030
1.239197
1.235373
1.231556
1.227747
1.223946
1.220153
1.216367
1.212590
1.208820
1.205058
1.201304
1.197558
1.193820
1.190090
1.186368
1.182654
1.178948
1.175249
1.171559
1.167877
1.164202
1.160536
1.156877
1.153226
1.149584
1.145949
1.142322
1.138704
1.135093
1.131490
1.127895
1.124309
1.120730
1.117159
1.113596
1.110041
1.106494
1.102955
1.099424
1.095901
1.092386
1.088879
1.085380
1.081888
1.078405
1.074930
1.071462
1.068003
1.064551
1.061108
1.057672
1.054244
1.050824
1.047412
1.044008
1.040612
1.037224
1.033844
1.030471
1.027106
1.023750
1.020401
1.017060
1.013726
1.010401
1.007083
1.003774
1.000472
0.997178
0.993891
0.990613
0.987342
0.984079
0.980824
0.977576
0.974337
0.971105
0.967881
0.964664
0.961455
0.958254
0.955061
0.951876
0.948698
0.945527
0.942365
0.939210
0.936063
0.932923
0.929791
0.926667
0.923550
0.920441
0.917339
0.914245
0.911159
0.908080
0.905009
0.901945
0.898889
0.895841
0.892799
0.889766
0.886740
0.883721
0.880710
0.877706
0.874710
0.871721
0.868740
0.865766
0.862799
0.859840
0.856888
0.853944
0.851007
0.848077
0.845155
0.842240
0.839333
0.836432
0.833539
0.830654
0.827775
0.824904
0.822041
0.819184
0.816335
0.813493
0.810658
0.807830
0.805010
0.802196
0.799390
0.796591
0.793800
0.791015
0.788237
0.785467
0.782704
0.779948
0.777199
0.774457
0.771722
0.768994
0.766273
0.763559
0.760852
0.758153
0.755460
0.752774
0.750095
0.747423
0.744758
0.742100
0.739449
0.736805
0.734168
0.731537
0.728914
0.726297
0.723687
0.721085
0.718488
0.715899
0.713317
0.710741
0.708172
0.705610
0.703055
0.700506
0.697965
0.695429
0.692901
0.690379
0.687864
0.685356
0.682855
0.680360
0.677871
0.675390
0.672915
0.670446
0.667984
0.665529
0.663080
0.660638
0.658203
0.655774
0.653351
0.650935
0.648526
0.646123
0.643727
0.641337
0.638953
0.636576
0.634205
0.631841
0.629483
0.627132
0.624787
0.622448
0.620116
0.617790
0.615470
0.613157
0.610850
0.608549
0.606255
0.603967
0.601685
0.599409
0.597140
0.594877
0.592620
0.590369
0.588125
0.585886
0.583654
0.581428
0.579208
0.576995
0.574787
0.572586
0.570390
0.568201
0.566018
0.563841
0.561670
0.559505
0.557346
0.555193
0.553046
0.550906
0.548771
0.546642
0.544519
0.542402
0.540291
0.538185
0.536086
0.533993
0.531905
0.529824
0.527748
0.525678
0.523614
0.521556
0.519504
0.517457
0.515417
0.513382
0.511353
0.509329
0.507312
0.505300
0.503294
0.501293
0.499298
0.497309
0.495326
0.493348
0.491376
0.489410
0.487449
0.485494
0.483545
0.481601
0.479662
0.477730
0.475803
0.473881
0.471965
0.470054
0.468149
0.466250
0.464356
0.462467
0.460584
0.458707
0.456835
0.454968
0.453107
0.451251
0.449400
0.447555
0.445716
0.443882
0.442053
0.440229
0.438411
0.436598
0.434791
0.432988
0.431191
0.429400
0.427613
0.425832
0.424056
0.422286
0.420520
0.418760
0.417005
0.415256
0.413511
0.411772
0.410037
0.408308
0.406584
0.404866
0.403152
0.401443
0.399740
0.398041
0.396348
0.394660
0.392977
0.391298
0.389625
0.387957
0.386294
0.384636
0.382983
0.381335
0.379692
0.378053
0.376420
0.374792
0.373168
0.371550
0.369936
0.368327
0.366724
0.365125
0.363530
0.361941
0.360357
0.358777
0.357202
0.355632
0.354067
0.352507
0.350951
0.349400
0.347854
0.346313
0.344776
0.343244
0.341717
0.340194
0.338677
0.337163
0.335655
0.334151
0.332652
0.331157
0.329667
0.328182
0.326701
0.325225
0.323754
0.322287
0.320824
0.319367
0.317913
0.316464
0.315020
0.313581
0.312145
0.310715
0.309288
0.307867
0.306449
0.305036
0.303628
0.302224
0.300824
0.299429
0.298039
0.296652
0.295270
0.293893
0.292519
0.291151
0.289786
0.288426
0.287070
0.285718
0.284371
0.283028
0.281689
0.280355
0.279025
0.277699
0.276377
0.275060
0.273747
0.272438
0.271133
0.269832
0.268536
0.267244
0.265955
0.264672
0.263392
0.262116
0.260845
0.259577
0.258314
0.257055
0.255800
0.254549
0.253302
0.252059
0.250820
0.249585
0.248354
0.247128
0.245905
0.244686
0.243471
0.242261
0.241054
0.239851
0.238652
0.237457
0.236266
0.235079
0.233896
0.232717
0.231542
0.230370
0.229203
0.228039
0.226879
0.225723
0.224571
0.223423
0.222278
0.221138
0.220001
0.218868
0.217739
0.216613
0.215491
0.214374
0.213259
0.212149
0.211042
0.209939
0.208840
0.207745
0.206653
0.205565
0.204480
0.203399
0.202322
0.201249
0.200179
0.199113
0.198050
0.196991
0.195936
0.194884
0.193836
0.192792
0.191751
0.190713
0.189679
0.188649
0.187622
0.186599
0.185579
0.184563
0.183551
0.182541
0.181536
0.180534
0.179535
0.178540
0.177548
0.176560
0.175575
0.174593
0.173615
0.172640
0.171669
0.170701
0.169737
0.168776
0.167818
0.166864
0.165913
0.164965
0.164021
0.163080
0.162142
0.161208
0.160277
0.159349
0.158425
0.157504
0.156586
0.155671
0.154760
0.153852
0.152947
0.152046
0.151147
0.150252
0.149360
0.148471
0.147586
0.146703
0.145824
0.144948
0.144075
0.143205
0.142339
0.141475
0.140615
0.139758
0.138904
0.138053
0.137205
0.136360
0.135518
0.134680
0.133844
0.133011
0.132182
0.131356
0.130532
0.129712
0.128894
0.128080
0.127269
0.126460
0.125655
0.124852
0.124053
0.123257
0.122463
0.121672
0.120885
0.120100
0.119318
0.118539
0.117764
0.116990
0.116220
0.115453
0.114689
0.113927
0.113168
0.112413
0.111660
0.110910
0.110162
0.109418
0.108676
0.107937
0.107201
0.106468
0.105738
0.105010
0.104285
0.103563
0.102844
0.102127
0.101413
0.100702
0.099994
0.099288
0.098585
0.097885
0.097187
0.096493
0.095800
0.095111
0.094424
0.093740
0.093058
0.092379
0.091703
0.091030
0.090359
0.089690
0.089025
0.088362
0.087701
0.087043
0.086388
0.085735
0.085085
0.084437
0.083792
0.083149
0.082509
0.081872
0.081237
0.080605
0.079975
0.079347
0.078722
0.078100
0.077480
0.076863
0.076248
0.075635
0.075025
0.074417
0.073812
0.073209
0.072609
0.072011
0.071416
0.070823
0.070232
0.069644
0.069058
0.068474
0.067893
0.067314
0.066738
0.066164
0.065592
0.065023
0.064456
0.063891
0.063328
0.062768
0.062211
0.061655
0.061102
0.060551
0.060002
0.059456
0.058912
0.058370
0.057830
0.057293
0.056758
0.056225
0.055694
0.055166
0.054639
0.054115
0.053593
0.053074
0.052556
0.052041
0.051528
0.051017
0.050508
0.050001
0.049496
0.048994
0.048494
0.047996
0.047500
0.047006
0.046514
0.046024
0.045536
0.045051
0.044567
0.044086
0.043606
0.043129
0.042654
0.042181
0.041709
0.041240
0.040773
0.040308
0.039845
0.039384
0.038925
0.038468
0.038013
0.037559
0.037108
0.036659
0.036212
0.035766
0.035323
0.034882
0.034442
0.034005
0.033569
0.033135
0.032704
0.032274
0.031846
0.031420
0.030995
0.030573
0.030152
0.029734
0.029317
0.028902
0.028489
0.028078
0.027669
0.027261
0.026855
0.026451
0.026049
0.025649
0.025250
0.024854
0.024459
0.024065
0.023674
0.023284
0.022897
0.022510
0.022126
0.021743
0.021363
0.020983
0.020606
0.020230
0.019856
0.019484
0.019113
0.018744
0.018377
0.018012
0.017648
0.017285
0.016925
0.016566
0.016209
0.015853
0.015499
0.015147
0.014796
0.014447
0.014100
0.013754
0.013409
0.013067
0.012726
0.012386
0.012048
0.011712
0.011377
0.011044
0.010712
0.010382
0.010054
0.009727
0.009401
0.009077
0.008755
0.008434
0.008114
0.007797
0.007480
0.007165
0.006852
0.006540
0.006229
0.005920
0.005613
0.005307
0.005002
0.004699
0.004397
0.004097
0.003798
0.003501
0.003205
0.002910
0.002617
0.002325
0.002035
0.001746
0.001458
0.001172
0.000887
0.000604
0.000321
0.000041
-0.000239
-0.000517
-0.000794
-0.001069
-0.001343
-0.001616
-0.001887
-0.002157
-0.002426
-0.002693
-0.002960
-0.003224
-0.003488
-0.003750
-0.004011
-0.004271
-0.004530
-0.004787
-0.005043
-0.005297
-0.005551
-0.005803
-0.006054
-0.006304
-0.006552
-0.006800
-0.007046
-0.007291
-0.007534
-0.007777
-0.008018
-0.008258
-0.008497
-0.008735
-0.008971
-0.009206
-0.009441
-0.009674
-0.009905
-0.010136
-0.010366
-0.010594
-0.010821
-0.011048
-0.011273
-0.011496
-0.011719
-0.011941
-0.012161
-0.012381
-0.012599
-0.012817
-0.013033
-0.013248
-0.013462
-0.013675
-0.013887
-0.014097
-0.014307
-0.014516
-0.014723
-0.014930
-0.015136
-0.015340
-0.015544
-0.015746
-0.015947
-0.016148
-0.016347
-0.016546
-0.016743
-0.016939
-0.017135
-0.017329
-0.017523
-0.017715
-0.017906
-0.018097
-0.018286
-0.018475
-0.018663
-0.018849
-0.019035
-0.019220
-0.019403
-0.019586
-0.019768
-0.019949
-0.020129
-0.020308
-0.020486
-0.020664
-0.020840
-0.021016
-0.021190
-0.021364
-0.021537
-0.021709
-0.021880
-0.022050
-0.022219
-0.022388
-0.022555
-0.022722
-0.022888
-0.023052
-0.023217
-0.023380
-0.023542
-0.023704
-0.023865
-0.024024
-0.024184
-0.024342
-0.024499
-0.024656
-0.024812
-0.024967
-0.025121
-0.025274
-0.025427
-0.025579
-0.025730
-0.025880
-0.026030
-0.026178
-0.026326
-0.026473
-0.026620
-0.026765
-0.026910
-0.027054
-0.027198
-0.027340
-0.027482
-0.027623
-0.027764
-0.027903
-0.028042
-0.028180
-0.028318
-0.028455
-0.028591
-0.028726
-0.028861
-0.028995
-0.029128
-0.029260
-0.029392
-0.029523
-0.029654
-0.029784
-0.029913
-0.030041
-0.030169
-0.030296
-0.030422
-0.030548
-0.030673
-0.030798
-0.030921
-0.031044
-0.031167
-0.031289
-0.031410
-0.031531
-0.031650
-0.031770
-0.031888
-0.032006
-0.032124
-0.032241
-0.032357
-0.032472
-0.032587
-0.032702
-0.032815
-0.032929
-0.033041
-0.033153
-0.033265
-0.033375
-0.033486
-0.033595
-0.033704
-0.033813
-0.033921
-0.034028
-0.034135
-0.034241
-0.034347
-0.034452
-0.034556
-0.034660
-0.034764
-0.034866
-0.034969
-0.035071
-0.035172
-0.035273
-0.035373
-0.035472
-0.035572
-0.035670
-0.035768
-0.035866
-0.035963
-0.036059
-0.036155
-0.036251
-0.036346
-0.036441
-0.036535
-0.036628
-0.036721
-0.036814
-0.036906
-0.036997
-0.037088
-0.037179
-0.037269
-0.037359
-0.037448
-0.037537
-0.037625
-0.037712
-0.037800
-0.037887
-0.037973
-0.038059
-0.038144
-0.038229
-0.038314
-0.038398
-0.038482
-0.038565
-0.038648
-0.038730
-0.038812
-0.038893
-0.038974
-0.039055
-0.039135
-0.039215
-0.039294
-0.039373
-0.039452
-0.039530
-0.039607
-0.039685
-0.039762
-0.039838
-0.039914
-0.039990
-0.040065
-0.040140
-0.040214
-0.040288
-0.040362
-0.040435
-0.040508
-0.040581
-0.040653
-0.040724
-0.040796
-0.040867
-0.040937
-0.041008
-0.041077
-0.041147
-0.041216
-0.041285
-0.041353
-0.041421
-0.041489
-0.041556
-0.041623
-0.041690
-0.041756
-0.041822
-0.041888
-0.041953
-0.042018
-0.042082
-0.042146
-0.042210
-0.042274
-0.042337
-0.042400
-0.042462
-0.042525
-0.042586
-0.042648
-0.042709
-0.042770
-0.042831
-0.042891
-0.042951
-0.043010
-0.043070
-0.043129
-0.043187
-0.043246
-0.043304
-0.043362
-0.043419
-0.043476
-0.043533
-0.043590
-0.043646
-0.043702
-0.043758
-0.043813
-0.043868
-0.043923
-0.043977
-0.044032
-0.044086
-0.044139
-0.044193
-0.044246
-0.044299
-0.044351
-0.044403
-0.044455
-0.044507
-0.044559
-0.044610
-0.044661
-0.044711
-0.044762
-0.044812
-0.044862
-0.044911
-0.044961
-0.045010
-0.045059
-0.045107
-0.045156
-0.045204
-0.045251
-0.045299
-0.045346
-0.045393
-0.045440
-0.045487
-0.045533
-0.045579
-0.045625
-0.045671
-0.045716
-0.045762
-0.045806
-0.045851
-0.045896
-0.045940
-0.045984
-0.046028
-0.046071
-0.046115
-0.046158
-0.046201
-0.046243
-0.046286
-0.046328
-0.046370
-0.046412
-0.046453
-0.046495
-0.046536
-0.046577
-0.046617
-0.046658
-0.046698
-0.046738
-0.046778
-0.046818
-0.046857
-0.046897
-0.046936
-0.046975
-0.047013
-0.047052
-0.047090
-0.047128
-0.047166
-0.047204
-0.047241
-0.047279
-0.047316
-0.047353
-0.047389
-0.047426
-0.047462
-0.047498
-0.047534
-0.047570
-0.047606
-0.047641
-0.047677
-0.047712
-0.047747
-0.047781
-0.047816
-0.047850
-0.047885
-0.047919
-0.047952
-0.047986
-0.048020
-0.048053
-0.048086
-0.048119
-0.048152
-0.048185
-0.048217
-0.048250
-0.048282
-0.048314
-0.048346
-0.048377
-0.048409
-0.048440
-0.048472
-0.048503
-0.048534
-0.048564
-0.048595
-0.048625
-0.048656
-0.048686
-0.048716
-0.048746
-0.048775
-0.048805
-0.048834
-0.048864
-0.048893
-0.048922
-0.048951
-0.048979
-0.049008
-0.049036
-0.049064
-0.049093
-0.049121
-0.049148
-0.049176
-0.049204
-0.049231
-0.049258
-0.049285
-0.049312
-0.049339
-0.049366
-0.049393
-0.049419
-0.049446
-0.049472
-0.049498
-0.049524
-0.049550
-0.049575
-0.049601
-0.049626
-0.049652
-0.049677
-0.049702
-0.049727
-0.049752
-0.049777
-0.049801
-0.049826
-0.049850
-0.049874
-0.049898
-0.049922
-0.049946
-0.049970
-0.049994
-0.050017
-0.050041
-0.050064
-0.050087
-0.050110
-0.050133
-0.050156
-0.050179
-0.050202
-0.050224
-0.050247
-0.050269
-0.050291
-0.050313
-0.050335
-0.050357
-0.050379
-0.050401
-0.050422
-0.050444
-0.050465
-0.050486
-0.050508
-0.050529
-0.050550
-0.050571
-0.050591
-0.050612
-0.050633
-0.050653
-0.050673
-0.050694
-0.050714
-0.050734
-0.050754
-0.050774
-0.050794
-0.050813
-0.050833
-0.050853
-0.050872
-0.050891
-0.050911
-0.050930
-0.050949
-0.050968
-0.050987
-0.051006
-0.051024
-0.051043
-0.051062
-0.051080
-0.051098
-0.051117
-0.051135
-0.051153
-0.051171
-0.051189
-0.051207
-0.051225
-0.051242
-0.051260
-0.051278
-0.051295
-0.051312
-0.051330
-0.051347
-0.051364
-0.051381
-0.051398
-0.051415
-0.051432
-0.051449
-0.051465
-0.051482
-0.051498
-0.051515
-0.051531
-0.051548
-0.051564
-0.051580
-0.051596
-0.051612
-0.051628
-0.051644
-0.051660
-0.051675
-0.051691
-0.051707
-0.051722
-0.051738
-0.051753
-0.051768
-0.051784
-0.051799
-0.051814
-0.051829
-0.051844
-0.051859
-0.051874
-0.051889
-0.051903
-0.051918
-0.051932
-0.051947
-0.051961
-0.051976
-0.051990
-0.052004
-0.052019
-0.052033
-0.052047
-0.052061
-0.052075
-0.052089
-0.052103
-0.052116
-0.052130
-0.052144
-0.052157
-0.052171
-0.052184
-0.052198
-0.052211
-0.052225
-0.052238
-0.052251
-0.052264
-0.052277
-0.052290
-0.052303
-0.052316
-0.052329
-0.052342
-0.052355
-0.052367
-0.052380
-0.052393
-0.052405
-0.052418
-0.052430
-0.052442
-0.052455
-0.052467
-0.052479
-0.052491
-0.052504
-0.052516
-0.052528
-0.052540
-0.052552
-0.052564
-0.052575
-0.052587
-0.052599
-0.052611
-0.052622
-0.052634
-0.052645
-0.052657
-0.052668
-0.052680
-0.052691
-0.052702
-0.052714
-0.052725
-0.052736
-0.052747
-0.052758
-0.052769
-0.052780
-0.052791
-0.052802
-0.052813
-0.052824
-0.052835
-0.052846
-0.052856
-0.052867
-0.052878
-0.052888
-0.052899
-0.052909
-0.052920
-0.052930
-0.052940
-0.052951
-0.052961
-0.052971
-0.052981
-0.052992
-0.053002
-0.053012
-0.053022
-0.053032
-0.053042
-0.053052
-0.053062
-0.053072
-0.053082
-0.053091
-0.053101
-0.053111
-0.053121
-0.053130
-0.053140
-0.053149
-0.053159
-0.053168
-0.053178
-0.053187
-0.053197
-0.053206
-0.053215
-0.053225
-0.053234
-0.053243
-0.053252
-0.053262
-0.053271
-0.053280
-0.053289
-0.053298
-0.053307
-0.053316
-0.053325
-0.053334
-0.053343
-0.053352
-0.053360
-0.053369
-0.053378
-0.053387
-0.053395
-0.053404
-0.053413
-0.053421
-0.053430
-0.053438
-0.053447
-0.053455
-0.053464
-0.053472
-0.053481
-0.053489
-0.053497
-0.053506
-0.053514
-0.053522
-0.053530
-0.053539
-0.053547
-0.053555
-0.053563
-0.053571
-0.053579
-0.053587
-0.053595
-0.053603
-0.053611
-0.053619
-0.053627
-0.053635
-0.053643
-0.053651
-0.053658
-0.053666
-0.053674
-0.053682
-0.053689
-0.053697
-0.053705
-0.053712
-0.053720
-0.053728
-0.053735
-0.053743
-0.053750
-0.053758
-0.053765
-0.053773
-0.053780
-0.053787
-0.053795
-0.053802
-0.053809
-0.053817
-0.053824
-0.053831
-0.053839
-0.053846
-0.053853
-0.053860
-0.053867
-0.053875
-0.053882
-0.053889
-0.053896
-0.053903
-0.053910
-0.053917
-0.053924
-0.053931
-0.053938
-0.053945
-0.053952
-0.053959
-0.053965
-0.053972
-0.053979
-0.053986
-0.053993
-0.054000
-0.054006
-0.054013
-0.054020
-0.054026
-0.054033
-0.054040
-0.054047
-0.054053
-0.054060
-0.054066
-0.054073
-0.054080
-0.054086
-0.054093
-0.054099
-0.054106
-0.054112
-0.054119
-0.054125
-0.054131
-0.054138
-0.054144
-0.054151
-0.054157
-0.054163
-0.054170
-0.054176
-0.054182
-0.054189
-0.054195
-0.054201
-0.054207
-0.054213
-0.054220
-0.054226
-0.054232
-0.054238
-0.054244
-0.054250
-0.054257
-0.054263
-0.054269
-0.054275
-0.054281
-0.054287
-0.054293
-0.054299
-0.054305
-0.054311
-0.054317
-0.054323
-0.054329
-0.054335
-0.054341
-0.054347
-0.054353
-0.054358
-0.054364
-0.054370
-0.054376
-0.054382
-0.054388
-0.054393
-0.054399
-0.054405
-0.054411
-0.054417
-0.054422
-0.054428
-0.054434
-0.054439
-0.054445
-0.054451
-0.054456
-0.054462
-0.054468
-0.054473
-0.054479
-0.054485
-0.054490
-0.054496
-0.054501
-0.054507
-0.054513
-0.054518
-0.054524
-0.054529
-0.054535
-0.054540
-0.054546
-0.054551
-0.054557
-0.054562
-0.054568
-0.054573
-0.054578
-0.054584
-0.054589
-0.054595
-0.054600
-0.054605
-0.054611
-0.054616
-0.054622
-0.054627
-0.054632
-0.054638
-0.054643
-0.054648
-0.054653
-0.054659
-0.054664
-0.054669
-0.054675
-0.054680
-0.054685
-0.054690
-0.054696
-0.054701
-0.054706
-0.054711
-0.054716
-0.054722
-0.054727
-0.054732
-0.054737
-0.054742
-0.054747
-0.054753
-0.054758
-0.054763
-0.054768
-0.054773
-0.054778
-0.054783
-0.054788
-0.054793
-0.054798
-0.054803
-0.054809
-0.054814
-0.054819
-0.054824
-0.054829
-0.054834
-0.054839
-0.054844
-0.054849
-0.054854
-0.054859
-0.054864
-0.054869
-0.054874
-0.054879
-0.054884
-0.054888
-0.054893
-0.054898
-0.054903
-0.054908
-0.054913
-0.054918
-0.054923
-0.054928
-0.054933
-0.054938
-0.054942
-0.054947
-0.054952
-0.054957
-0.054962
-0.054967
-0.054972
-0.054976
-0.054981
-0.054986
-0.054991
-0.054996
-0.055001
-0.055005
-0.055010
-0.055015
-0.055020
-0.055024
-0.055029
-0.055034
-0.055039
-0.055044
-0.055048
-0.055053
-0.055058
-0.055063
-0.055067
-0.055072
-0.055077
-0.055082
-0.055086
-0.055091
-0.055096
-0.055100
-0.055105
-0.055110
-0.055114
-0.055119
-0.055124
-0.055129
-0.055133
-0.055138
-0.055143
-0.055147
-0.055152
-0.055156
-0.055161
-0.055166
-0.055170
-0.055175
-0.055180
-0.055184
-0.055189
-0.055194
-0.055198
-0.055203
-0.055207
-0.055212
-0.055217
-0.055221
-0.055226
-0.055230
-0.055235
-0.055240
-0.055244
-0.055249
-0.055253
-0.055258
-0.055263
-0.055267
-0.055272
-0.055276
-0.055281
-0.055285
-0.055290
-0.055294
-0.055299
-0.055303
-0.055308
-0.055313
-0.055317
-0.055322
-0.055326
-0.055331
-0.055335
-0.055340
-0.055344
-0.055349
-0.055353
-0.055358
-0.055362
-0.055367
-0.055371
-0.055376
-0.055380
-0.055385
-0.055389
-0.055394
-0.055398
-0.055403
-0.055407
-0.055412
-0.055416
-0.055421
-0.055425
-0.055430
-0.055434
-0.055438
-0.055443
-0.055447
-0.055452
-0.055456
-0.055461
-0.055465
-0.055470
-0.055474
-0.055479
-0.055483
-0.055487
-0.055492
-0.055496
-0.055501
-0.055505
-0.055510
-0.055514
-0.055519
-0.055523
-0.055527
-0.055532
-0.055536
-0.055541
-0.055545
-0.055549
-0.055554
-0.055558
-0.055563
-0.055567
-0.055572
-0.055576
-0.055580
-0.055585
-0.055589
-0.055594
-0.055598
-0.055602
-0.055607
-0.055611
-0.055616
-0.055620
-0.055624
-0.055629
-0.055633
-0.055637
-0.055642
-0.055646
-0.055651
-0.055655
-0.055659
-0.055664
-0.055668
-0.055673
-0.055677
-0.055681
-0.055686
-0.055690
-0.055694
-0.055699
-0.055703
-0.055708
-0.055712
-0.055716
-0.055721
-0.055725
-0.055729
-0.055734
-0.055738
-0.055742
-0.055747
-0.055751
-0.055756
-0.055760
-0.055764
-0.055769
-0.055773
-0.055777
-0.055782
-0.055786
-0.055790
-0.055795
-0.055799
-0.055804
-0.055808
-0.055812
-0.055817
-0.055821
-0.055825
-0.055830
-0.055834
-0.055838
-0.055843
-0.055847
-0.055851
-0.055856
-0.055860
-0.055864
-0.055869
-0.055873
-0.055877
-0.055882
-0.055886
-0.055890
-0.055895
-0.055899
-0.055903
-0.055908
-0.055912
-0.055917
-0.055921
-0.055925
-0.055930
-0.055934
-0.055938
-0.055943
-0.055947
-0.055951
-0.055956
-0.055960
-0.055964
-0.055969
-0.055973
-0.055977
-0.055982
-0.055986
-0.055990
-0.055995
-0.055999
-0.056003
-0.056008
-0.056012
-0.056016
-0.056021
-0.056025
-0.056029
-0.056034
-0.056038
-0.056042
-0.056047
-0.056051
-0.056055
-0.056060
-0.056064
-0.056068
-0.056073
-0.056077
-0.056081
-0.056086
-0.056090
-0.056094
-0.056099
-0.056103
-0.056107
-0.056112
-0.056116
-0.056120
-0.056125
-0.056129
-0.056133
-0.056138
-0.056142
-0.056146
-0.056151
-0.056155
-0.056159
-0.056164
-0.056168
-0.056172
-0.056177
-0.056181
-0.056186
-0.056190
-0.056194
-0.056199
-0.056203
-0.056207
-0.056212
-0.056216
-0.056220
-0.056225
-0.056229
-0.056233
-0.056238
-0.056242
-0.056246
-0.056251
-0.056255
-0.056259
-0.056264
-0.056268
-0.056272
-0.056277
-0.056281
-0.056285
-0.056290
-0.056294
-0.056298
-0.056303
-0.056307
-0.056312
-0.056316
-0.056320
-0.056325
-0.056329
-0.056333
-0.056338
-0.056342
-0.056346
-0.056351
-0.056355
-0.056359
-0.056364
-0.056368
-0.056372
-0.056377
-0.056381
-0.056386
-0.056390
-0.056394
-0.056399
-0.056403
-0.056407
-0.056412
-0.056416
-0.056420
-0.056425
-0.056429
-0.056434
-0.056438
-0.056442
-0.056447
-0.056451
-0.056455
-0.056460
-0.056464
-0.056468
-0.056473
-0.056477
-0.056482
-0.056486
-0.056490
-0.056495
-0.056499
-0.056503
-0.056508
-0.056512
-0.056517
-0.056521
-0.056525
-0.056530
-0.056534
-0.056538
-0.056543
-0.056547
-0.056552
-0.056556
-0.056560
-0.056565
-0.056569
-0.056573
-0.056578
-0.056582
-0.056587
-0.056591
-0.056595
-0.056600
-0.056604
-0.056608
-0.056613
-0.056617
-0.056622
-0.056626
-0.056630
-0.056635
-0.056639
-0.056644
-0.056648
-0.056652
-0.056657
-0.056661
-0.056666
-0.056670
-0.056674
-0.056679
-0.056683
-0.056688
-0.056692
-0.056696
-0.056701
-0.056705
-0.056709
-0.056714
-0.056718
-0.056723
-0.056727
-0.056731
-0.056736
-0.056740
-0.056745
-0.056749
-0.056754
-0.056758
-0.056762
-0.056767
-0.056771
-0.056776
-0.056780
-0.056784
-0.056789
-0.056793
-0.056798
-0.056802
-0.056806
-0.056811
-0.056815
-0.056820
-0.056824
-0.056828
-0.056833
-0.056837
-0.056842
-0.056846
-0.056851
-0.056855
-0.056859
-0.056864
-0.056868
-0.056873
-0.056877
-0.056882
-0.056886
-0.056890
-0.056895
-0.056899
-0.056904
-0.056908
-0.056912
-0.056917
-0.056921
-0.056926
-0.056930
-0.056935
-0.056939
-0.056943
-0.056948
-0.056952
-0.056957
-0.056961
-0.056966
-0.056970
-0.056975
-0.056979
-0.056983
-0.056988
-0.056992
-0.056997
-0.057001
-0.057006
-0.057010
-0.057014
-0.057019
-0.057023
-0.057028
-0.057032
-0.057037
-0.057041
-0.057046
-0.057050
-0.057054
-0.057059
-0.057063
-0.057068
-0.057072
-0.057077
-0.057081
-0.057086
-0.057090
-0.057094
-0.057099
-0.057103
-0.057108
-0.057112
-0.057117
-0.057121
-0.057126
-0.057130
-0.057135
-0.057139
-0.057143
-0.057148
-0.057152
-0.057157
-0.057161
-0.057166
-0.057170
-0.057175
-0.057179
-0.057184
-0.057188
-0.057192
-0.057197
-0.057201
-0.057206
-0.057210
-0.057215
-0.057219
-0.057224
-0.057228
-0.057233
-0.057237
-0.057242
-0.057246
-0.057251
-0.057255
-0.057259
-0.057264
-0.057268
-0.057273
-0.057277
-0.057282
-0.057286
-0.057291
-0.057295
-0.057300
-0.057304
-0.057309
-0.057313
-0.057318
-0.057322
-0.057327
-0.057331
-0.057335
-0.057340
-0.057344
-0.057349
-0.057353
-0.057358
-0.057362
-0.057367
-0.057371
-0.057376
-0.057380
-0.057385
-0.057389
-0.057394
-0.057398
-0.057403
-0.057407
-0.057412
-0.057416
-0.057421
-0.057425
-0.057430
-0.057434
-0.057439
-0.057443
-0.057447
-0.057452
-0.057456
-0.057461
-0.057465
-0.057470
-0.057474
-0.057479
-0.057483
-0.057488
-0.057492
-0.057497
-0.057501
-0.057506
-0.057510
-0.057515
-0.057519
-0.057524
-0.057528
-0.057533
-0.057537
-0.057542
-0.057546
-0.057551
-0.057555
-0.057560
-0.057564
-0.057569
-0.057573
-0.057578
-0.057582
-0.057587
-0.057591
-0.057596
-0.057600
-0.057605
-0.057609
-0.057614
-0.057618
-0.057623
-0.057627
-0.057632
-0.057636
-0.057641
-0.057645
-0.057650
-0.057654
-0.057659
-0.057663
-0.057668
-0.057672
-0.057677
-0.057681
-0.057686
-0.057690
-0.057695
-0.057699
-0.057704
-0.057708
-0.057713
-0.057717
-0.057722
-0.057726
-0.057731
-0.057735
-0.057740
-0.057744
-0.057749
-0.057753
-0.057758
-0.057762
-0.057767
-0.057771
-0.057776
-0.057780
-0.057785
-0.057789
-0.057794
-0.057798
-0.057803
-0.057807
-0.057812
-0.057816
-0.057821
-0.057825
-0.057830
-0.057834
-0.057839
-0.057843
-0.057848
-0.057852
-0.057857
-0.057861
-0.057866
-0.057870
-0.057875
-0.057879
-0.057884
-0.057888
-0.057893
-0.057897
-0.057902
-0.057906
-0.057911
-0.057915
-0.057920
-0.057924
-0.057929
-0.057933
-0.057938
-0.057942
-0.057947
-0.057951
-0.057956
-0.057960
-0.057965
-0.057969
-0.057974
-0.057978
-0.057983
-0.057987
-0.057992
-0.057996
-0.058001
-0.058005
-0.058010
-0.058014
-0.058019
-0.058023
-0.058028
-0.058032
-0.058037
-0.058041
-0.058046
-0.058050
-0.058055
-0.058059
-0.058064
-0.058068
-0.058073
-0.058077
-0.058082
-0.058086
-0.058091
-0.058095
-0.058100
-0.058104
-0.058109
-0.058113
-0.058118
-0.058122
-0.058127
-0.058131
-0.058136
-0.058140
-0.058145
-0.058149
-0.058154
-0.058158
-0.058163
-0.058167
-0.058172
-0.058176
-0.058181
-0.058185
-0.058190
-0.058194
-0.058199
-0.058203
-0.058208
-0.058212
-0.058217
-0.058221
-0.058226
-0.058230
-0.058235
-0.058239
-0.058244
-0.058248
-0.058253
-0.058257
-0.058262
-0.058266
-0.058271
-0.058275
-0.058280
-0.058284
-0.058289
-0.058293
-0.058298
-0.058302
-0.058307
-0.058311
-0.058316
-0.058320
-0.058325
-0.058329
-0.058334
-0.058338
-0.058343
-0.058347
-0.058352
-0.058356
-0.058361
-0.058365
-0.058370
-0.058374
-0.058378
-0.058383
-0.058387
-0.058392
-0.058396
-0.058401
-0.058405
-0.058410
-0.058414
-0.058419
-0.058423
-0.058428
-0.058432
-0.058437
-0.058441
-0.058446
-0.058450
-0.058455
-0.058459
-0.058464
-0.058468
-0.058473
-0.058477
-0.058482
-0.058486
-0.058490
-0.058495
-0.058499
-0.058504
-0.058508
-0.058513
-0.058517
-0.058522
-0.058526
-0.058531
-0.058535
-0.058540
-0.058544
-0.058549
-0.058553
-0.058558
-0.058562
-0.058566
-0.058571
-0.058575
-0.058580
-0.058584
-0.058589
-0.058593
-0.058598
-0.058602
-0.058607
-0.058611
-0.058616
-0.058620
-0.058625
-0.058629
-0.058633
-0.058638
-0.058642
-0.058647
-0.058651
-0.058656
-0.058660
-0.058665
-0.058669
-0.058674
-0.058678
-0.058682
-0.058687
-0.058691
-0.058696
-0.058700
-0.058705
-0.058709
-0.058714
-0.058718
-0.058722
-0.058727
-0.058731
-0.058736
-0.058740
-0.058745
-0.058749
-0.058754
-0.058758
-0.058762
-0.058767
-0.058771
-0.058776
-0.058780
-0.058785
-0.058789
-0.058794
-0.058798
-0.058802
-0.058807
-0.058811
-0.058816
-0.058820
-0.058825
-0.058829
-0.058833
-0.058838
-0.058842
-0.058847
-0.058851
-0.058856
-0.058860
-0.058864
-0.058869
-0.058873
-0.058878
-0.058882
-0.058887
-0.058891
-0.058895
-0.058900
-0.058904
-0.058909
-0.058913
-0.058917
-0.058922
-0.058926
-0.058931
-0.058935
-0.058940
-0.058944
-0.058948
-0.058953
-0.058957
-0.058962
-0.058966
-0.058970
-0.058975
-0.058979
-0.058984
-0.058988
-0.058992
-0.058997
-0.059001

