0.000000
0.000000
-0.000025
-0.000051
-0.000077
-0.000102
-0.000127
-0.000152
-0.000176
-0.000200
-0.000224
-0.000247
-0.000270
-0.000292
-0.000315
-0.000337
-0.000358
-0.000380
-0.000401
-0.000422
-0.000443
-0.000464
-0.000485
-0.000505
-0.000526
-0.000546
-0.000566
-0.000586
-0.000606
-0.000626
-0.000646
-0.000666
-0.000686
-0.000706
-0.000726
-0.000745
-0.000765
-0.000785
-0.000804
-0.000824
-0.000843
-0.000863
-0.000882
-0.000902
-0.000921
-0.000941
-0.000960
-0.000979
-0.000999
-0.001018
-0.001038
-0.001057
-0.001077
-0.001096
-0.001115
-0.001135
-0.001154
-0.001174
-0.001193
-0.001212
-0.001232
-0.001251
-0.001271
-0.001290
-0.001310
-0.001329
-0.001349
-0.001368
-0.001388
-0.001407
-0.001427
-0.001446
-0.001466
-0.001486
-0.001505
-0.001525
-0.001544
-0.001564
-0.001584
-0.001603
-0.001623
-0.001643
-0.001663
-0.001682
-0.001702
-0.001722
-0.001742
-0.001762
-0.001782
-0.001801
-0.001821
-0.001841
-0.001861
-0.001881
-0.001901
-0.001921
-0.001941
-0.001961
-0.001981
-0.002001
-0.002022
-0.002042
-0.002062
-0.002082
-0.002102
-0.002122
-0.002143
-0.002163
-0.002183
-0.002203
-0.002224
-0.002244
-0.002265
-0.002285
-0.002305
-0.002326
-0.002346
-0.002367
-0.002387
-0.002408
-0.002428
-0.002449
-0.002469
-0.002490
-0.002511
-0.002531
-0.002552
-0.002572
-0.002593
-0.002614
-0.002635
-0.002655
-0.002676
-0.002697
-0.002718
-0.002739
-0.002759
-0.002780
-0.002801
-0.002822
-0.002843
-0.002864
-0.002885
-0.002906
-0.002927
-0.002948
-0.002969
-0.002990
-0.003011
-0.003032
-0.003053
-0.003075
-0.003096
-0.003117
-0.003138
-0.003159
-0.003181
-0.003202
-0.003223
-0.003244
-0.003266
-0.003287
-0.003308
-0.003330
-0.003351
-0.003372
-0.003394
-0.003415
-0.003437
-0.003458
-0.003480
-0.003501
-0.003523
-0.003544
-0.003566
-0.003587
-0.003609
-0.003630
-0.003652
-0.003674
-0.003695
-0.003717
-0.003738
-0.003760
-0.003782
-0.003803
-0.003825
-0.003847
-0.003869
-0.003890
-0.003912
-0.003934
-0.003956
-0.003978
-0.003999
-0.004021
-0.004043
-0.004065
-0.004087
-0.004109
-0.004131
-0.004152
-0.004174
-0.004196
-0.004218
-0.004240
-0.004262
-0.004284
-0.004306
-0.004328
-0.004350
-0.004372
-0.004394
-0.004416
-0.004438
-0.004460
-0.004482
-0.004505
-0.004527
-0.004549
-0.004571
-0.004593
-0.004615
-0.004637
-0.004660
-0.004682
-0.004704
-0.004726
-0.004748
-0.004771
-0.004793
-0.004815
-0.004837
-0.004860
-0.004882
-0.004904
-0.004926
-0.004949
-0.004971
-0.004993
-0.005016
-0.005038
-0.005060
-0.005083
-0.005105
-0.005127
-0.005150
-0.005172
-0.005194
-0.005217
-0.005239
-0.005262
-0.005284
-0.005306
-0.005329
-0.005351
-0.005374
-0.005396
-0.005419
-0.005441
-0.005464
-0.005486
-0.005509
-0.005531
-0.005554
-0.005576
-0.005599
-0.005621
-0.005644
-0.005666
-0.005689
-0.005711
-0.005734
-0.005756
-0.005779
-0.005801
-0.005824
-0.005847
-0.005869
-0.005892
-0.005914
-0.005937
-0.005960
-0.005982
-0.006005
-0.006027
-0.006050
-0.006073
-0.006095
-0.006118
-0.006141
-0.006163
-0.006186
-0.006209
-0.006231
-0.006254
-0.006277
-0.006299
-0.006322
-0.006345
-0.006367
-0.006390
-0.006413
-0.006435
-0.006458
-0.006481
-0.006503
-0.006526
-0.006549
-0.006572
-0.006594
-0.006617
-0.006640
-0.006662
-0.006685
-0.006708
-0.006731
-0.006753
-0.006776
-0.006799
-0.006822
-0.006844
-0.006867
-0.006890
-0.006913
-0.006935
-0.006958
-0.006981
-0.007004
-0.007026
-0.007049
-0.007072
-0.007095
-0.007117
-0.007140
-0.007163
-0.007186
-0.007208
-0.007231
-0.007254
-0.007277
-0.007300
-0.007322
-0.007345
-0.007368
-0.007391
-0.007414
-0.007436
-0.007459
-0.007482
-0.007505
-0.007527
-0.007550
-0.007573
-0.007596
-0.007619
-0.007641
-0.007664
-0.007687
-0.007710
-0.007733
-0.007755
-0.007778
-0.007801
-0.007824
-0.007847
-0.007869
-0.007892
-0.007915
-0.007938
-0.007960
-0.007983
-0.008006
-0.008029
-0.008052
-0.008074
-0.008097
-0.008120
-0.008143
-0.008166
-0.008188
-0.008211
-0.008234
-0.008257
-0.008279
-0.008302
-0.008325
-0.008348
-0.008371
-0.008393
-0.008416
-0.008439
-0.008462
-0.008484
-0.008507
-0.008530
-0.008553
-0.008575
-0.008598
-0.008621
-0.008644
-0.008666
-0.008689
-0.008712
-0.008735
-0.008757
-0.008780
-0.008803
-0.008826
-0.008848
-0.008871
-0.008894
-0.008917
-0.008939
-0.008962
-0.008985
-0.009008
-0.009030
-0.009053
-0.009076
-0.009098
-0.009121
-0.009144
-0.009167
-0.009189
-0.009212
-0.009235
-0.009257
-0.009280
-0.009303
-0.009325
-0.009348
-0.009371
-0.009393
-0.009416
-0.009439
-0.009461
-0.009484
-0.009507
-0.009529
-0.009552
-0.009575
-0.009597
-0.009620
-0.009643
-0.009665
-0.009688
-0.009710
-0.009733
-0.009756
-0.009778
-0.009801
-0.009824
-0.009846
-0.009869
-0.009891
-0.009914
-0.009937
-0.009959
-0.009982
-0.010004
-0.010027
-0.010049
-0.010072
-0.010095
-0.010117
-0.010140
-0.010162
-0.010185
-0.010207
-0.010230
-0.010252
-0.010275
-0.010297
-0.010320
-0.010342
-0.010365
-0.010387
-0.010410
-0.010432
-0.010455
-0.010477
-0.010500
-0.010522
-0.010545
-0.010567
-0.010590
-0.010612
-0.010635
-0.010657
-0.010680
-0.010702
-0.010724
-0.010747
-0.010769
-0.010792
-0.010814
-0.010837
-0.010859
-0.010881
-0.010904
-0.010926
-0.010949
-0.010971
-0.010993
-0.011016
-0.011038
-0.011060
-0.011083
-0.011105
-0.011127
-0.011150
-0.011172
-0.011194
-0.011217
-0.011239
-0.011261
-0.011284
-0.011306
-0.011328
-0.011351
-0.011373
-0.011395
-0.011417
-0.011440
-0.011462
-0.011484
-0.011506
-0.011529
-0.011551
-0.011573
-0.011595
-0.011617
-0.011640
-0.011662
-0.011684
-0.011706
-0.011728
-0.011751
-0.011773
-0.011795
-0.011817
-0.011839
-0.011861
-0.011884
-0.011906
-0.011928
-0.011950
-0.011972
-0.011994
-0.012016
-0.012038
-0.012061
-0.012083
-0.012105
-0.012127
-0.012149
-0.012171
-0.012193
-0.012215
-0.012237
-0.012259
-0.012281
-0.012303
-0.012325
-0.012347
-0.012369
-0.012391
-0.012413
-0.012435
-0.012457
-0.012479
-0.012501
-0.012523
-0.012545
-0.012567
-0.012589
-0.012611
-0.012633
-0.012655
-0.012676
-0.012698
-0.012720
-0.012742
-0.012764
-0.012786
-0.012808
-0.012830
-0.012851
-0.012873
-0.012895
-0.012917
-0.012939
-0.012961
-0.012982
-0.013004
-0.013026
-0.013048
-0.013070
-0.013091
-0.013113
-0.013135
-0.013157
-0.013178
-0.013200
-0.013222
-0.013244
-0.013265
-0.013287
-0.013309
-0.013330
-0.013352
-0.013374
-0.013395
-0.013417
-0.013439
-0.013460
-0.013482
-0.013504
-0.013525
-0.013547
-0.013569
-0.013590
-0.013612
-0.013633
-0.013655
-0.013677
-0.013698
-0.013720
-0.013741
-0.013763
-0.013784
-0.013806
-0.013827
-0.013849
-0.013870
-0.013892
-0.013913
-0.013935
-0.013956
-0.013978
-0.013999
-0.014021
-0.014042
-0.014064
-0.014085
-0.014106
-0.014128
-0.014149
-0.014171
-0.014192
-0.014213
-0.014235
-0.014256
-0.014278
-0.014299
-0.014320
-0.014342
-0.014363
-0.014384
-0.014406
-0.014427
-0.014448
-0.014469
-0.014491
-0.014512
-0.014533
-0.014555
-0.014576
-0.014597
-0.014618
-0.014640
-0.014661
-0.014682
-0.014703
-0.014724
-0.014746
-0.014767
-0.014788
-0.014809
-0.014830
-0.014851
-0.014872
-0.014894
-0.014915
-0.014936
-0.014957
-0.014978
-0.014999
-0.015020
-0.015041
-0.015062
-0.015083
-0.015104
-0.015125
-0.015146
-0.015168
-0.015189
-0.015210
-0.015231
-0.015252
-0.015272
0.575232
1.459700
2.484749
3.158556
3.632334
3.976071
4.229904
4.418531
4.557968
4.659084
4.725008
4.763916
4.781421
4.781698
4.767967
4.742786
4.708225
4.665982
4.617469
4.563873
4.506181
4.445230
4.381727
4.316284
4.249400
4.181506
4.112981
4.044123
3.975197
3.906438
3.838021
3.770111
3.702837
3.636309
3.570624
3.505855
3.442061
3.379292
3.317597
3.256997
3.197516
3.139177
3.081985
3.025944
2.971062
2.917334
2.864754
2.813313
2.763007
2.713822
2.665742
2.618753
2.572844
2.527995
2.484188
2.441405
2.399627
2.358841
2.319023
2.280154
2.242215
2.205185
2.169050
2.133787
2.099377
2.065801
2.033039
2.001073
1.969887
1.939462
1.909779
1.880820
1.852567
1.825004
1.798113
1.771881
1.746289
1.721322
1.696964
1.673199
1.650013
1.627390
1.605317
1.583779
1.562765
1.542260
1.522251
1.502724
1.483668
1.465069
1.446917
1.429198
1.411902
1.395018
1.378535
1.362445
1.346735
1.331395
1.316416
1.301788
1.287502
1.273547
1.259917
1.246601
1.233592
1.220881
1.208461
1.196323
1.184460
1.172866
1.161532
1.150453
1.139620
1.129028
1.118669
1.108538
1.098628
1.088934
1.079448
1.070167
1.061084
1.052194
1.043492
1.034972
1.026631
1.018462
1.010461
1.002625
0.994947
0.987425
0.980054
0.972829
0.965749
0.958807
0.952001
0.945326
0.938780
0.932358
0.926058
0.919876
0.913809
0.907853
0.902007
0.896266
0.890628
0.885091
0.879651
0.874306
0.869054
0.863891
0.858817
0.853827
0.848921
0.844095
0.839348
0.834678
0.830082
0.825559
0.821106
0.816722
0.812406
0.808154
0.803966
0.799840
0.795774
0.791767
0.787817
0.783923
0.780083
0.776296
0.772560
0.768875
0.765239
0.761650
0.758108
0.754611
0.751159
0.747749
0.744381
0.741054
0.737767
0.734519
0.731309
0.728135
0.724997
0.721895
0.718826
0.715792
0.712789
0.709818
0.706879
0.703969
0.701089
0.698238
0.695415
0.692620
0.689851
0.687108
0.684391
0.681699
0.679031
0.676387
0.673766
0.671167
0.668591
0.666037
0.663504
0.660992
0.658499
0.656027
0.653574
0.651140
0.648724
0.646327
0.643947
0.641584
0.639239
0.636910
0.634597
0.632301
0.630019
0.627754
0.625503
0.623266
0.621045
0.618837
0.616643
0.614462
0.612295
0.610141
0.607999
0.605870
0.603753
0.601649
0.599556
0.597475
0.595405
0.593346
0.591298
0.589261
0.587235
0.585219
0.583213
0.581218
0.579232
0.577256
0.575289
0.573332
0.571385
0.569446
0.567516
0.565595
0.563683
0.561780
0.559884
0.557998
0.556119
0.554249
0.552386
0.550532
0.548685
0.546846
0.545014
0.543190
0.541373
0.539563
0.537761
0.535965
0.534177
0.532395
0.530620
0.528852
0.527090
0.525335
0.523587
0.521845
0.520109
0.518379
0.516656
0.514938
0.513227
0.511522
0.509823
0.508129
0.506441
0.504760
0.503083
0.501413
0.499748
0.498088
0.496434
0.494786
0.493143
0.491505
0.489873
0.488245
0.486623
0.485006
0.483395
0.481788
0.480186
0.478590
0.476998
0.475412
0.473830
0.472253
0.470681
0.469113
0.467551
0.465993
0.464440
0.462891
0.461347
0.459808
0.458273
0.456743
0.455218
0.453697
0.452180
0.450668
0.449160
0.447657
0.446158
0.444663
0.443172
0.441686
0.440205
0.438727
0.437254
0.435785
0.434320
0.432859
0.431402
0.429950
0.428501
0.427057
0.425617
0.424181
0.422748
0.421320
0.419896
0.418476
0.417060
0.415648
0.414239
0.412835
0.411434
0.410038
0.408645
0.407256
0.405871
0.404490
0.403113
0.401739
0.400369
0.399003
0.397641
0.396282
0.394927
0.393576
0.392229
0.390885
0.389545
0.388209
0.386876
0.385547
0.384222
0.382900
0.381582
0.380267
0.378956
0.377648
0.376344
0.375044
0.373747
0.372454
0.371164
0.369878
0.368595
0.367316
0.366040
0.364768
0.363499
0.362234
0.360972
0.359713
0.358458
0.357206
0.355958
0.354713
0.353471
0.352233
0.350998
0.349767
0.348539
0.347314
0.346093
0.344875
0.343660
0.342449
0.341240
0.340036
0.338834
0.337636
0.336441
0.335249
0.334061
0.332875
0.331693
0.330514
0.329339
0.328166
0.326997
0.325831
0.324668
0.323509
0.322352
0.321199
0.320049
0.318902
0.317758
0.316617
0.315479
0.314345
0.313213
0.312085
0.310960
0.309837
0.308718
0.307602
0.306489
0.305379
0.304272
0.303168
0.302068
0.300970
0.299875
0.298783
0.297694
0.296609
0.295526
0.294446
0.293369
0.292295
0.291224
0.290156
0.289091
0.288029
0.286970
0.285914
0.284861
0.283810
0.282763
0.281718
0.280676
0.279638
0.278602
0.277569
0.276538
0.275511
0.274487
0.273465
0.272446
0.271430
0.270417
0.269407
0.268399
0.267395
0.266393
0.265394
0.264398
0.263404
0.262413
0.261425
0.260440
0.259458
0.258478
0.257501
0.256527
0.255556
0.254587
0.253621
0.252658
0.251697
0.250739
0.249784
0.248832
0.247882
0.246935
0.245990
0.245049
0.244110
0.243173
0.242239
0.241308
0.240380
0.239454
0.238531
0.237610
0.236692
0.235776
0.234864
0.233953
0.233046
0.232141
0.231238
0.230339
0.229441
0.228546
0.227654
0.226765
0.225878
0.224993
0.224111
0.223232
0.222355
0.221480
0.220608
0.219739
0.218872
0.218007
0.217145
0.216286
0.215429
0.214574
0.213722
0.212873
0.212026
0.211181
0.210339
0.209499
0.208662
0.207827
0.206994
0.206164
0.205337
0.204511
0.203688
0.202868
0.202050
0.201234
0.200421
0.199610
0.198801
0.197995
0.197191
0.196390
0.195591
0.194794
0.193999
0.193207
0.192417
0.191630
0.190845
0.190062
0.189281
0.188503
0.187727
0.186954
0.186182
0.185413
0.184646
0.183882
0.183119
0.182359
0.181602
0.180846
0.180093
0.179342
0.178593
0.177847
0.177102
0.176360
0.175620
0.174882
0.174147
0.173414
0.172683
0.171954
0.171227
0.170502
0.169780
0.169060
0.168342
0.167626
0.166912
0.166201
0.165491
0.164784
0.164079
0.163376
0.162675
0.161976
0.161280
0.160585
0.159893
0.159202
0.158514
0.157828
0.157144
0.156462
0.155782
0.155104
0.154429
0.153755
0.153083
0.152414
0.151746
0.151081
0.150418
0.149756
0.149097
0.148440
0.147784
0.147131
0.146480
0.145831
0.145183
0.144538
0.143895
0.143254
0.142614
0.141977
0.141342
0.140708
0.140077
0.139448
0.138820
0.138195
0.137571
0.136950
0.136330
0.135712
0.135097
0.134483
0.133871
0.133261
0.132653
0.132047
0.131443
0.130840
0.130240
0.129641
0.129045
0.128450
0.127857
0.127266
0.126677
0.126090
0.125504
0.124921
0.124339
0.123759
0.123181
0.122605
0.122031
0.121458
0.120888
0.120319
0.119752
0.119187
0.118624
0.118062
0.117502
0.116944
0.116388
0.115834
0.115281
0.114731
0.114182
0.113634
0.113089
0.112545
0.112003
0.111463
0.110925
0.110388
0.109853
0.109320
0.108789
0.108259
0.107731
0.107205
0.106680
0.106157
0.105636
0.105117
0.104599
0.104083
0.103569
0.103057
0.102546
0.102037
0.101529
0.101023
0.100519
0.100017
0.099516
0.099017
0.098519
0.098024
0.097529
0.097037
0.096546
0.096057
0.095569
0.095083
0.094599
0.094116
0.093635
0.093156
0.092678
0.092202
0.091727
0.091254
0.090782
0.090313
0.089844
0.089378
0.088913
0.088449
0.087987
0.087527
0.087068
0.086611
0.086155
0.085701
0.085249
0.084798
0.084348
0.083900
0.083454
0.083009
0.082566
0.082124
0.081684
0.081245
0.080808
0.080372
0.079938
0.079505
0.079074
0.078644
0.078216
0.077789
0.077364
0.076940
0.076518
0.076097
0.075678
0.075260
0.074843
0.074429
0.074015
0.073603
0.073192
0.072783
0.072376
0.071969
0.071565
0.071161
0.070759
0.070359
0.069960
0.069562
0.069166
0.068771
0.068377
0.067985
0.067595
0.067206
0.066818
0.066431
0.066046
0.065662
0.065280
0.064899
0.064520
0.064141
0.063765
0.063389
0.063015
0.062642
0.062271
0.061901
0.061532
0.061165
0.060799
0.060434
0.060070
0.059708
0.059348
0.058988
0.058630
0.058273
0.057918
0.057564
0.057211
0.056859
0.056509
0.056160
0.055812
0.055466
0.055121
0.054777
0.054434
0.054093
0.053753
0.053414
0.053077
0.052740
0.052405
0.052072
0.051739
0.051408
0.051078
0.050749
0.050421
0.050095
0.049770
0.049446
0.049123
0.048802
0.048482
0.048163
0.047845
0.047528
0.047213
0.046898
0.046585
0.046274
0.045963
0.045653
0.045345
0.045038
0.044732
0.044427
0.044124
0.043821
0.043520
0.043220
0.042921
0.042623
0.042326
0.042031
0.041736
0.041443
0.041151
0.040860
0.040570
0.040281
0.039993
0.039707
0.039421
0.039137
0.038853
0.038571
0.038290
0.038010
0.037731
0.037454
0.037177
0.036901
0.036627
0.036353
0.036081
0.035810
0.035539
0.035270
0.035002
0.034735
0.034469
0.034204
0.033940
0.033677
0.033415
0.033154
0.032894
0.032635
0.032378
0.032121
0.031865
0.031610
0.031357
0.031104
0.030852
0.030602
0.030352
0.030103
0.029855
0.029609
0.029363
0.029118
0.028874
0.028632
0.028390
0.028149
0.027909
0.027670
0.027432
0.027195
0.026959
0.026724
0.026489
0.026256
0.026024
0.025792
0.025562
0.025332
0.025104
0.024876
0.024649
0.024423
0.024198
0.023974
0.023751
0.023529
0.023307
0.023087
0.022867
0.022649
0.022431
0.022214
0.021998
0.021783
0.021568
0.021355
0.021142
0.020931
0.020720
0.020510
0.020301
0.020092
0.019885
0.019678
0.019473
0.019268
0.019064
0.018860
0.018658
0.018456
0.018256
0.018056
0.017856
0.017658
0.017460
0.017264
0.017068
0.016873
0.016678
0.016485
0.016292
0.016100
0.015909
0.015718
0.015529
0.015340
0.015152
0.014964
0.014778
0.014592
0.014407
0.014223
0.014039
0.013856
0.013674
0.013493
0.013312
0.013133
0.012953
0.012775
0.012597
0.012421
0.012244
0.012069
0.011894
0.011720
0.011547
0.011374
0.011202
0.011031
0.010860
0.010690
0.010521
0.010353
0.010185
0.010018
0.009851
0.009686
0.009521
0.009356
0.009192
0.009029
0.008867
0.008705
0.008544
0.008384
0.008224
0.008065
0.007906
0.007748
0.007591
0.007434
0.007278
0.007123
0.006968
0.006814
0.006661
0.006508
0.006356
0.006204
0.006053
0.005903
0.005753
0.005604
0.005455
0.005307
0.005159
0.005013
0.004866
0.004721
0.004576
0.004431
0.004287
0.004144
0.004001
0.003859
0.003717
0.003576
0.003436
0.003296
0.003156
0.003017
0.002879
0.002741
0.002604
0.002468
0.002331
0.002196
0.002061
0.001926
0.001792
0.001659
0.001526
0.001393
0.001261
0.001130
0.000999
0.000869
0.000739
0.000610
0.000481
0.000352
0.000225
0.000097
-0.000030
-0.000156
-0.000282
-0.000407
-0.000532
-0.000657
-0.000781
-0.000904
-0.001027
-0.001149
-0.001272
-0.001393
-0.001514
-0.001635
-0.001755
-0.001875
-0.001994
-0.002113
-0.002231
-0.002349
-0.002467
-0.002584
-0.002700
-0.002816
-0.002932
-0.003047
-0.003162
-0.003276
-0.003390
-0.003504
-0.003617
-0.003730
-0.003842
-0.003954
-0.004065
-0.004176
-0.004287
-0.004397
-0.004507
-0.004616
-0.004725
-0.004834
-0.004942
-0.005050
-0.005157
-0.005264
-0.005371
-0.005477
-0.005583
-0.005688
-0.005793
-0.005898
-0.006002
-0.006106
-0.006209
-0.006312
-0.006415
-0.006518
-0.006620
-0.006721
-0.006823
-0.006923
-0.007024
-0.007124
-0.007224
-0.007324
-0.007423
-0.007521
-0.007620
-0.007718
-0.007816
-0.007913
-0.008010
-0.008107
-0.008203
-0.008299
-0.008395
-0.008490
-0.008585
-0.008680
-0.008774
-0.008868
-0.008962
-0.009055
-0.009148
-0.009241
-0.009334
-0.009426
-0.009517
-0.009609
-0.009700
-0.009791
-0.009881
-0.009972
-0.010061
-0.010151
-0.010240
-0.010329
-0.010418
-0.010506
-0.010594
-0.010682
-0.010770
-0.010857
-0.010944
-0.011030
-0.011117
-0.011203
-0.011288
-0.011374
-0.011459
-0.011544
-0.011629
-0.011713
-0.011797
-0.011881
-0.011964
-0.012048
-0.012130
-0.012213
-0.012296
-0.012378
-0.012460
-0.012541
-0.012623
-0.012704
-0.012784
-0.012865
-0.012945
-0.013025
-0.013105
-0.013185
-0.013264
-0.013343
-0.013422
-0.013500
-0.013578
-0.013656
-0.013734
-0.013812
-0.013889
-0.013966
-0.014043
-0.014119
-0.014196
-0.014272
-0.014347
-0.014423
-0.014498
-0.014573
-0.014648
-0.014723
-0.014797
-0.014871
-0.014945
-0.015019
-0.015093
-0.015166
-0.015239
-0.015312
-0.015384
-0.015457
-0.015529
-0.015601
-0.015673
-0.015744
-0.015815
-0.015886
-0.015957
-0.016028
-0.016098
-0.016168
-0.016238
-0.016308
-0.016378
-0.016447
-0.016516
-0.016585
-0.016654
-0.016722
-0.016791
-0.016859
-0.016927
-0.016995
-0.017062
-0.017129
-0.017196
-0.017263
-0.017330
-0.017397
-0.017463
-0.017529
-0.017595
-0.017661
-0.017726
-0.017792
-0.017857
-0.017922
-0.017987
-0.018051
-0.018116
-0.018180
-0.018244
-0.018308
-0.018372
-0.018435
-0.018498
-0.018562
-0.018625
-0.018687
-0.018750
-0.018812
-0.018875
-0.018937
-0.018999
-0.019060
-0.019122
-0.019183
-0.019244
-0.019305
-0.019366
-0.019427
-0.019487
-0.019548
-0.019608
-0.019668
-0.019728
-0.019787
-0.019847
-0.019906
-0.019965
-0.020024
-0.020083
-0.020142
-0.020200
-0.020259
-0.020317
-0.020375
-0.020433
-0.020490
-0.020548
-0.020605
-0.020663
-0.020720
-0.020777
-0.020833
-0.020890
-0.020946
-0.021003
-0.021059
-0.021115
-0.021171
-0.021226
-0.021282
-0.021337
-0.021393
-0.021448
-0.021503
-0.021557
-0.021612
-0.021667
-0.021721
-0.021775
-0.021829
-0.021883
-0.021937
-0.021990
-0.022044
-0.022097
-0.022150
-0.022203
-0.022256
-0.022309
-0.022362
-0.022414
-0.022467
-0.022519
-0.022571
-0.022623
-0.022675
-0.022726
-0.022778
-0.022829
-0.022880
-0.022932
-0.022983
-0.023033
-0.023084
-0.023135
-0.023185
-0.023235
-0.023286
-0.023336
-0.023386
-0.023435
-0.023485
-0.023535
-0.023584
-0.023633
-0.023682
-0.023731
-0.023780
-0.023829
-0.023878
-0.023926
-0.023975
-0.024023
-0.024071
-0.024119
-0.024167
-0.024215
-0.024262
-0.024310
-0.024357
-0.024405
-0.024452
-0.024499
-0.024546
-0.024593
-0.024639
-0.024686
-0.024732
-0.024779
-0.024825
-0.024871
-0.024917
-0.024963
-0.025008
-0.025054
-0.025099
-0.025145
-0.025190
-0.025235
-0.025280
-0.025325
-0.025370
-0.025415
-0.025459
-0.025504
-0.025548
-0.025592
-0.025637
-0.025681
-0.025725
-0.025768
-0.025812
-0.025856
-0.025899
-0.025942
-0.025986
-0.026029
-0.026072
-0.026115
-0.026158
-0.026200
-0.026243
-0.026286
-0.026328
-0.026370
-0.026412
-0.026455
-0.026496
-0.026538
-0.026580
-0.026622
-0.026663
-0.026705
-0.026746
-0.026787
-0.026829
-0.026870
-0.026911
-0.026951
-0.026992
-0.027033
-0.027073
-0.027114
-0.027154
-0.027194
-0.027235
-0.027275
-0.027315
-0.027354
-0.027394
-0.027434
-0.027473
-0.027513
-0.027552
-0.027592
-0.027631
-0.027670
-0.027709
-0.027748
-0.027786
-0.027825
-0.027864
-0.027902
-0.027941
-0.027979
-0.028017
-0.028055
-0.028093
-0.028131
-0.028169
-0.028207
-0.028245
-0.028282
-0.028320
-0.028357
-0.028394
-0.028432
-0.028469
-0.028506
-0.028543
-0.028580
-0.028616
-0.028653
-0.028690
-0.028726
-0.028763
-0.028799
-0.028835
-0.028871
-0.028907
-0.028943
-0.028979
-0.029015
-0.029051
-0.029086
-0.029122
-0.029157
-0.029193
-0.029228
-0.029263
-0.029298
-0.029333
-0.029368
-0.029403
-0.029438
-0.029473
-0.029507
-0.029542
-0.029576
-0.029611
-0.029645
-0.029679
-0.029713
-0.029747
-0.029781
-0.029815
-0.029849
-0.029883
-0.029916
-0.029950
-0.029983
-0.030017
-0.030050
-0.030083
-0.030116
-0.030150
-0.030183
-0.030215
-0.030248
-0.030281
-0.030314
-0.030346
-0.030379
-0.030411
-0.030444
-0.030476
-0.030508
-0.030540
-0.030573
-0.030605
-0.030636
-0.030668
-0.030700
-0.030732
-0.030763
-0.030795
-0.030826
-0.030858
-0.030889
-0.030920
-0.030952
-0.030983
-0.031014
-0.031045
-0.031076
-0.031107
-0.031137
-0.031168
-0.031199
-0.031229
-0.031260
-0.031290
-0.031320
-0.031351
-0.031381
-0.031411
-0.031441
-0.031471
-0.031501
-0.031531
-0.031560
-0.031590
-0.031620
-0.031649
-0.031679
-0.031708
-0.031737
-0.031767
-0.031796
-0.031825
-0.031854
-0.031883
-0.031912
-0.031941
-0.031970
-0.031998
-0.032027
-0.032056
-0.032084
-0.032113
-0.032141
-0.032170
-0.032198
-0.032226
-0.032254
-0.032282
-0.032310
-0.032338
-0.032366
-0.032394
-0.032422
-0.032449
-0.032477
-0.032505
-0.032532
-0.032560
-0.032587
-0.032614
-0.032641
-0.032669
-0.032696
-0.032723
-0.032750
-0.032777
-0.032804
-0.032831
-0.032857
-0.032884
-0.032911
-0.032937
-0.032964
-0.032990
-0.033017
-0.033043
-0.033069
-0.033095
-0.033122
-0.033148
-0.033174
-0.033200
-0.033226
-0.033251
-0.033277
-0.033303
-0.033329
-0.033354
-0.033380
-0.033405
-0.033431
-0.033456
-0.033482
-0.033507
-0.033532
-0.033557
-0.033582
-0.033607
-0.033632
-0.033657
-0.033682
-0.033707
-0.033732
-0.033757
-0.033781
-0.033806
-0.033830
-0.033855
-0.033879
-0.033904
-0.033928
-0.033952
-0.033977
-0.034001
-0.034025
-0.034049
-0.034073
-0.034097
-0.034121
-0.034145
-0.034169
-0.034192
-0.034216
-0.034240
-0.034263
-0.034287
-0.034310
-0.034334
-0.034357
-0.034380
-0.034404
-0.034427
-0.034450
-0.034473
-0.034496
-0.034519
-0.034542
-0.034565
-0.034588
-0.034611
-0.034634
-0.034656
-0.034679
-0.034702
-0.034724
-0.034747
-0.034769
-0.034791
-0.034814
-0.034836
-0.034858
-0.034881
-0.034903
-0.034925
-0.034947
-0.034969
-0.034991
-0.035013
-0.035035
-0.035057
-0.035078
-0.035100
-0.035122
-0.035144
-0.035165
-0.035187
-0.035208
-0.035230
-0.035251
-0.035272
-0.035294
-0.035315
-0.035336
-0.035357
-0.035379
-0.035400
-0.035421
-0.035442
-0.035463
-0.035483
-0.035504
-0.035525
-0.035546
-0.035567
-0.035587
-0.035608
-0.035629
-0.035649
-0.035670
-0.035690
-0.035711
-0.035731
-0.035751
-0.035771
-0.035792
-0.035812
-0.035832
-0.035852
-0.035872
-0.035892
-0.035912
-0.035932
-0.035952
-0.035972
-0.035992
-0.036012
-0.036031
-0.036051
-0.036071
-0.036090
-0.036110
-0.036129
-0.036149
-0.036168
-0.036188
-0.036207
-0.036226
-0.036246
-0.036265
-0.036284
-0.036303
-0.036322
-0.036341
-0.036360
-0.036379
-0.036398
-0.036417
-0.036436
-0.036455
-0.036474
-0.036492
-0.036511
-0.036530
-0.036549
-0.036567
-0.036586
-0.036604
-0.036623
-0.036641
-0.036660
-0.036678
-0.036696
-0.036715
-0.036733
-0.036751
-0.036769
-0.036787
-0.036805
-0.036823
-0.036842
-0.036859
-0.036877
-0.036895
-0.036913
-0.036931
-0.036949
-0.036967
-0.036984
-0.037002
-0.037020
-0.037037
-0.037055
-0.037073
-0.037090
-0.037108
-0.037125
-0.037142
-0.037160
-0.037177
-0.037194
-0.037212
-0.037229
-0.037246
-0.037263
-0.037280
-0.037297
-0.037315
-0.037332
-0.037349
-0.037365
-0.037382
-0.037399
-0.037416
-0.037433
-0.037450
-0.037466
-0.037483
-0.037500
-0.037517
-0.037533
-0.037550
-0.037566
-0.037583
-0.037599
-0.037616
-0.037632
-0.037649
-0.037665
-0.037681
-0.037697
-0.037714
-0.037730
-0.037746
-0.037762
-0.037778
-0.037795
-0.037811
-0.037827
-0.037843
-0.037859
-0.037874
-0.037890
-0.037906
-0.037922
-0.037938
-0.037954
-0.037969
-0.037985
-0.038001
-0.038016
-0.038032
-0.038048
-0.038063
-0.038079
-0.038094
-0.038110
-0.038125
-0.038141
-0.038156
-0.038171
-0.038187
-0.038202
-0.038217
-0.038232
-0.038248
-0.038263
-0.038278
-0.038293
-0.038308
-0.038323
-0.038338
-0.038353
-0.038368
-0.038383
-0.038398
-0.038413
-0.038428
-0.038443
-0.038457
-0.038472
-0.038487
-0.038502
-0.038516
-0.038531
-0.038545
-0.038560
-0.038575
-0.038589
-0.038604
-0.038618
-0.038633
-0.038647
-0.038661
-0.038676
-0.038690
-0.038705
-0.038719
-0.038733
-0.038747
-0.038762
-0.038776
-0.038790
-0.038804
-0.038818
-0.038832
-0.038846
-0.038860
-0.038874
-0.038888
-0.038902
-0.038916
-0.038930
-0.038944
-0.038958
-0.038972
-0.038985
-0.038999
-0.039013
-0.039027
-0.039040
-0.039054
-0.039068
-0.039081
-0.039095
-0.039108
-0.039122
-0.039135
-0.039149
-0.039162
-0.039176
-0.039189
-0.039203
-0.039216
-0.039229
-0.039243
-0.039256
-0.039269
-0.039282
-0.039296
-0.039309
-0.039322
-0.039335
-0.039348
-0.039361
-0.039374
-0.039387
-0.039401
-0.039414
-0.039426
-0.039439
-0.039452
-0.039465
-0.039478
-0.039491
-0.039504
-0.039517
-0.039529
-0.039542
-0.039555
-0.039568
-0.039580
-0.039593
-0.039606
-0.039618
-0.039631
-0.039644
-0.039656
-0.039669
-0.039681
-0.039694
-0.039706
-0.039719
-0.039731
-0.039744
-0.039756
-0.039768
-0.039781
-0.039793
-0.039805
-0.039818
-0.039830
-0.039842
-0.039854
-0.039866
-0.039879
-0.039891
-0.039903
-0.039915
-0.039927
-0.039939
-0.039951
-0.039963
-0.039975
-0.039987
-0.039999
-0.040011
-0.040023
-0.040035
-0.040047
-0.040059
-0.040071
-0.040082
-0.040094
-0.040106
-0.040118
-0.040129
-0.040141
-0.040153
-0.040164
-0.040176
-0.040188
-0.040199
-0.040211
-0.040223
-0.040234
-0.040246
-0.040257
-0.040269
-0.040280
-0.040292
-0.040303
-0.040314
-0.040326
-0.040337
-0.040349
-0.040360
-0.040371
-0.040383
-0.040394
-0.040405
-0.040416
-0.040428
-0.040439
-0.040450
-0.040461
-0.040472
-0.040484
-0.040495
-0.040506
-0.040517
-0.040528
-0.040539
-0.040550
-0.040561
-0.040572
-0.040583
-0.040594
-0.040605
-0.040616
-0.040627
-0.040637
-0.040648
-0.040659
-0.040670
-0.040681
-0.040692
-0.040702
-0.040713
-0.040724
-0.040735
-0.040745
-0.040756
-0.040767
-0.040777
-0.040788
-0.040799
-0.040809
-0.040820
-0.040830
-0.040841
-0.040851
-0.040862
-0.040872
-0.040883
-0.040893
-0.040904
-0.040914
-0.040925
-0.040935
-0.040945
-0.040956
-0.040966
-0.040976
-0.040987
-0.040997
-0.041007
-0.041018
-0.041028
-0.041038
-0.041048
-0.041059
-0.041069
-0.041079
-0.041089
-0.041099
-0.041109
-0.041119
-0.041130
-0.041140
-0.041150
-0.041160
-0.041170
-0.041180
-0.041190
-0.041200
-0.041210
-0.041220
-0.041230
-0.041239
-0.041249
-0.041259
-0.041269
-0.041279
-0.041289
-0.041299
-0.041308
-0.041318
-0.041328
-0.041338
-0.041348
-0.041357
-0.041367
-0.041377
-0.041386
-0.041396
-0.041406
-0.041415
-0.041425
-0.041435
-0.041444
-0.041454
-0.041463
-0.041473
-0.041482
-0.041492
-0.041502
-0.041511
-0.041521
-0.041530
-0.041539
-0.041549
-0.041558
-0.041568
-0.041577
-0.041587
-0.041596
-0.041605
-0.041615
-0.041624
-0.041633
-0.041643
-0.041652
-0.041661
-0.041670
-0.041680
-0.041689
-0.041698
-0.041707
-0.041717
-0.041726
-0.041735
-0.041744
-0.041753
-0.041762
-0.041771
-0.041781
-0.041790
-0.041799
-0.041808
-0.041817
-0.041826
-0.041835
-0.041844
-0.041853
-0.041862
-0.041871
-0.041880
-0.041889
-0.041898
-0.041907
-0.041915
-0.041924
-0.041933
-0.041942
-0.041951
-0.041960
-0.041969
-0.041977
-0.041986
-0.041995
-0.042004
-0.042013
-0.042021
-0.042030
-0.042039
-0.042048
-0.042056
-0.042065
-0.042074
-0.042082
-0.042091
-0.042100
-0.042108
-0.042117
-0.042125
-0.042134
-0.042143
-0.042151
-0.042160
-0.042168
-0.042177
-0.042185
-0.042194
-0.042202
-0.042211
-0.042219
-0.042228
-0.042236
-0.042245
-0.042253
-0.042262
-0.042270
-0.042278
-0.042287
-0.042295
-0.042303
-0.042312
-0.042320
-0.042328
-0.042337
-0.042345
-0.042353
-0.042362
-0.042370
-0.042378
-0.042386
-0.042395
-0.042403
-0.042411
-0.042419
-0.042427
-0.042436
-0.042444
-0.042452
-0.042460
-0.042468
-0.042476
-0.042484
-0.042493
-0.042501
-0.042509
-0.042517
-0.042525
-0.042533
-0.042541
-0.042549
-0.042557
-0.042565
-0.042573
-0.042581
-0.042589
-0.042597
-0.042605
-0.042613
-0.042621
-0.042629
-0.042637
-0.042645
-0.042652
-0.042660
-0.042668
-0.042676
-0.042684
-0.042692
-0.042700
-0.042707
-0.042715
-0.042723
-0.042731
-0.042739
-0.042746
-0.042754
-0.042762
-0.042770
-0.042777
-0.042785
-0.042793
-0.042800
-0.042808
-0.042816
-0.042823
-0.042831
-0.042839
-0.042846
-0.042854
-0.042862
-0.042869
-0.042877
-0.042884
-0.042892
-0.042900
-0.042907
-0.042915
-0.042922
-0.042930
-0.042937
-0.042945
-0.042952
-0.042960
-0.042967
-0.042975
-0.042982
-0.042990
-0.042997
-0.043005
-0.043012
-0.043020
-0.043027
-0.043034
-0.043042
-0.043049
-0.043057
-0.043064
-0.043071
-0.043079
-0.043086
-0.043093
-0.043101
-0.043108
-0.043115
-0.043122
-0.043130
-0.043137
-0.043144
-0.043152
-0.043159
-0.043166
-0.043173
-0.043181
-0.043188
-0.043195
-0.043202
-0.043209
-0.043217
-0.043224
-0.043231
-0.043238
-0.043245
-0.043252
-0.043259
-0.043267
-0.043274
-0.043281
-0.043288
-0.043295
-0.043302
-0.043309
-0.043316
-0.043323
-0.043330
-0.043337
-0.043344
-0.043351
-0.043358
-0.043365
-0.043372
-0.043379
-0.043386
-0.043393
-0.043400
-0.043407
-0.043414
-0.043421
-0.043428
-0.043435
-0.043442
-0.043449
-0.043456
-0.043463
-0.043469
-0.043476
-0.043483
-0.043490
-0.043497
-0.043504
-0.043511
-0.043517
-0.043524
-0.043531
-0.043538
-0.043545
-0.043551
-0.043558
-0.043565
-0.043572
-0.043578
-0.043585
-0.043592
-0.043599
-0.043605
-0.043612
-0.043619
-0.043626
-0.043632
-0.043639
-0.043646
-0.043652
-0.043659
-0.043666
-0.043672
-0.043679
-0.043685
-0.043692
-0.043699
-0.043705
-0.043712
-0.043719
-0.043725
-0.043732
-0.043738
-0.043745
-0.043751
-0.043758
-0.043765
-0.043771
-0.043778
-0.043784
-0.043791
-0.043797
-0.043804
-0.043810
-0.043817
-0.043823
-0.043830
-0.043836
-0.043842
-0.043849
-0.043855
-0.043862
-0.043868
-0.043875
-0.043881
-0.043887
-0.043894
-0.043900
-0.043907
-0.043913
-0.043919
-0.043926
-0.043932
-0.043939
-0.043945
-0.043951
-0.043958
-0.043964
-0.043970
-0.043976
-0.043983
-0.043989
-0.043995
-0.044002
-0.044008
-0.044014
-0.044020
-0.044027
-0.044033
-0.044039
-0.044045
-0.044052
-0.044058
-0.044064
-0.044070
-0.044077
-0.044083
-0.044089
-0.044095
-0.044101
-0.044108
-0.044114
-0.044120
-0.044126
-0.044132
-0.044138
-0.044144
-0.044151
-0.044157
-0.044163
-0.044169
-0.044175
-0.044181
-0.044187
-0.044193
-0.044199
-0.044205
-0.044211
-0.044218
-0.044224
-0.044230
-0.044236
-0.044242
-0.044248
-0.044254
-0.044260
-0.044266
-0.044272
-0.044278
-0.044284
-0.044290
-0.044296
-0.044302
-0.044308
-0.044314
-0.044320
-0.044325
-0.044331
-0.044337
-0.044343
-0.044349
-0.044355
-0.044361
-0.044367
-0.044373
-0.044379
-0.044385
-0.044391
-0.044396
-0.044402
-0.044408
-0.044414
-0.044420
-0.044426
-0.044432
-0.044437
-0.044443
-0.044449
-0.044455
-0.044461
-0.044466
-0.044472
-0.044478
-0.044484
-0.044490
-0.044495
-0.044501
-0.044507
-0.044513
-0.044518
-0.044524
-0.044530
-0.044536
-0.044541
-0.044547
-0.044553
-0.044559
-0.044564
-0.044570
-0.044576
-0.044581
-0.044587
-0.044593
-0.044598
-0.044604
-0.044610
-0.044615
-0.044621
-0.044627
-0.044632
-0.044638
-0.044644
-0.044649
-0.044655
-0.044660
-0.044666
-0.044672
-0.044677
-0.044683
-0.044688
-0.044694
-0.044700
-0.044705
-0.044711
-0.044716
-0.044722
-0.044727
-0.044733
-0.044738
-0.044744
-0.044750
-0.044755
-0.044761
-0.044766
-0.044772
-0.044777
-0.044783
-0.044788
-0.044794
-0.044799
-0.044804
-0.044810
-0.044815
-0.044821
-0.044826
-0.044832
-0.044837
-0.044843
-0.044848
-0.044854
-0.044859
-0.044864
-0.044870
-0.044875
-0.044881
-0.044886
-0.044891
-0.044897
-0.044902
-0.044908
-0.044913
-0.044918
-0.044924
-0.044929
-0.044934
-0.044940
-0.044945
-0.044950
-0.044956
-0.044961
-0.044966
-0.044972
-0.044977
-0.044982
-0.044988
-0.044993
-0.044998
-0.045004
-0.045009
-0.045014
-0.045019
-0.045025
-0.045030
-0.045035
-0.045040
-0.045046
-0.045051
-0.045056
-0.045061
-0.045067
-0.045072
-0.045077
-0.045082
-0.045088
-0.045093
-0.045098
-0.045103
-0.045108
-0.045114
-0.045119
-0.045124
-0.045129
-0.045134
-0.045139
-0.045145
-0.045150
-0.045155
-0.045160
-0.045165
-0.045170
-0.045175
-0.045181
-0.045186
-0.045191
-0.045196
-0.045201
-0.045206
-0.045211
-0.045216
-0.045221
-0.045227
-0.045232
-0.045237
-0.045242
-0.045247
-0.045252
-0.045257
-0.045262
-0.045267
-0.045272
-0.045277
-0.045282
-0.045287
-0.045292
-0.045297
-0.045302
-0.045307
-0.045312
-0.045317
-0.045322
-0.045327
-0.045332
-0.045337
-0.045342
-0.045347
-0.045352
-0.045357
-0.045362
-0.045367
-0.045372
-0.045377
-0.045382
-0.045387
-0.045392
-0.045397
-0.045402
-0.045407
-0.045412
-0.045417
-0.045422
-0.045426
-0.045431
-0.045436
-0.045441
-0.045446
-0.045451
-0.045456
-0.045461
-0.045466
-0.045471
-0.045475
-0.045480
-0.045485
-0.045490
-0.045495
-0.045500
-0.045505
-0.045509
-0.045514
-0.045519
-0.045524
-0.045529
-0.045534
-0.045538
-0.045543
-0.045548
-0.045553
-0.045558
-0.045562
-0.045567
-0.045572
-0.045577
-0.045582
-0.045586
-0.045591
-0.045596
-0.045601
-0.045605
-0.045610
-0.045615
-0.045620
-0.045624
-0.045629
-0.045634
-0.045639
-0.045643
-0.045648
-0.045653
-0.045657
-0.045662
-0.045667
-0.045672
-0.045676
-0.045681
-0.045686
-0.045690
-0.045695
-0.045700
-0.045704
-0.045709
-0.045714
-0.045718
-0.045723
-0.045728
-0.045732
-0.045737
-0.045742
-0.045746
-0.045751
-0.045756
-0.045760
-0.045765
-0.045770
-0.045774
-0.045779

