0.000000
0.000000
-0.000025
-0.000051
-0.000077
-0.000102
-0.000127
-0.000152
-0.000176
-0.000200
-0.000224
-0.000247
-0.000270
-0.000292
-0.000315
-0.000337
-0.000358
-0.000380
-0.000401
-0.000422
-0.000443
-0.000464
-0.000485
-0.000505
-0.000526
-0.000546
-0.000566
-0.000586
-0.000606
-0.000626
-0.000646
-0.000666
-0.000686
-0.000706
-0.000726
-0.000745
-0.000765
-0.000785
-0.000804
-0.000824
-0.000843
-0.000863
-0.000882
-0.000902
-0.000921
-0.000941
-0.000960
-0.000979
-0.000999
-0.001018
-0.001038
-0.001057
-0.001077
-0.001096
-0.001115
-0.001135
-0.001154
-0.001174
-0.001193
-0.001212
-0.001232
-0.001251
-0.001271
-0.001290
-0.001310
-0.001329
-0.001349
-0.001368
-0.001388
-0.001407
-0.001427
-0.001446
-0.001466
-0.001486
-0.001505
-0.001525
-0.001544
-0.001564
-0.001584
-0.001603
-0.001623
-0.001643
-0.001663
-0.001682
-0.001702
-0.001722
-0.001742
-0.001762
-0.001782
-0.001801
-0.001821
-0.001841
-0.001861
-0.001881
-0.001901
-0.001921
-0.001941
-0.001961
-0.001981
-0.002001
-0.002022
-0.002042
-0.002062
-0.002082
-0.002102
-0.002122
-0.002143
-0.002163
-0.002183
-0.002203
-0.002224
-0.002244
-0.002265
-0.002285
-0.002305
-0.002326
-0.002346
-0.002367
-0.002387
-0.002408
-0.002428
-0.002449
-0.002469
-0.002490
-0.002511
-0.002531
-0.002552
-0.002572
-0.002593
-0.002614
-0.002635
-0.002655
-0.002676
-0.002697
-0.002718
-0.002739
-0.002759
-0.002780
-0.002801
-0.002822
-0.002843
-0.002864
-0.002885
-0.002906
-0.002927
-0.002948
-0.002969
-0.002990
-0.003011
-0.003032
-0.003053
-0.003075
-0.003096
-0.003117
-0.003138
-0.003159
-0.003181
-0.003202
-0.003223
-0.003244
-0.003266
-0.003287
-0.003308
-0.003330
-0.003351
-0.003372
-0.003394
-0.003415
-0.003437
-0.003458
-0.003480
-0.003501
-0.003523
-0.003544
-0.003566
-0.003587
-0.003609
-0.003630
-0.003652
-0.003674
-0.003695
-0.003717
-0.003738
-0.003760
-0.003782
-0.003803
-0.003825
-0.003847
-0.003869
-0.003890
-0.003912
-0.003934
-0.003956
-0.003978
-0.003999
-0.004021
-0.004043
-0.004065
-0.004087
-0.004109
-0.004131
-0.004152
-0.004174
-0.004196
-0.004218
-0.004240
-0.004262
-0.004284
-0.004306
-0.004328
-0.004350
-0.004372
-0.004394
-0.004416
-0.004438
-0.004460
-0.004482
-0.004505
-0.004527
-0.004549
-0.004571
-0.004593
-0.004615
-0.004637
-0.004660
-0.004682
-0.004704
-0.004726
-0.004748
-0.004771
-0.004793
-0.004815
-0.004837
-0.004860
-0.004882
-0.004904
-0.004926
-0.004949
-0.004971
-0.004993
-0.005016
-0.005038
-0.005060
-0.005083
-0.005105
-0.005127
-0.005150
-0.005172
-0.005194
-0.005217
-0.005239
-0.005262
-0.005284
-0.005306
-0.005329
-0.005351
-0.005374
-0.005396
-0.005419
-0.005441
-0.005464
-0.005486
-0.005509
-0.005531
-0.005554
-0.005576
-0.005599
-0.005621
-0.005644
-0.005666
-0.005689
-0.005711
-0.005734
-0.005756
-0.005779
-0.005801
-0.005824
-0.005847
-0.005869
-0.005892
-0.005914
-0.005937
-0.005960
-0.005982
-0.006005
-0.006027
-0.006050
-0.006073
-0.006095
-0.006118
-0.006141
-0.006163
-0.006186
-0.006209
-0.006231
-0.006254
-0.006277
-0.006299
-0.006322
-0.006345
-0.006367
-0.006390
-0.006413
-0.006435
-0.006458
-0.006481
-0.006503
-0.006526
-0.006549
-0.006572
-0.006594
-0.006617
-0.006640
-0.006662
-0.006685
-0.006708
-0.006731
-0.006753
-0.006776
-0.006799
-0.006822
-0.006844
-0.006867
-0.006890
-0.006913
-0.006935
-0.006958
-0.006981
-0.007004
-0.007026
-0.007049
-0.007072
-0.007095
-0.007117
-0.007140
-0.007163
-0.007186
-0.007208
-0.007231
-0.007254
-0.007277
-0.007300
-0.007322
-0.007345
-0.007368
-0.007391
-0.007414
-0.007436
-0.007459
-0.007482
-0.007505
-0.007527
-0.007550
-0.007573
-0.007596
-0.007619
-0.007641
-0.007664
-0.007687
-0.007710
-0.007733
-0.007755
-0.007778
-0.007801
-0.007824
-0.007847
-0.007869
-0.007892
-0.007915
-0.007938
-0.007960
-0.007983
-0.008006
-0.008029
-0.008052
-0.008074
-0.008097
-0.008120
-0.008143
-0.008166
-0.008188
-0.008211
-0.008234
-0.008257
-0.008279
-0.008302
-0.008325
-0.008348
-0.008371
-0.008393
-0.008416
-0.008439
-0.008462
-0.008484
-0.008507
-0.008530
-0.008553
-0.008575
-0.008598
-0.008621
-0.008644
-0.008666
-0.008689
-0.008712
-0.008735
-0.008757
-0.008780
-0.008803
-0.008826
-0.008848
-0.008871
-0.008894
-0.008917
-0.008939
-0.008962
-0.008985
-0.009008
-0.009030
-0.009053
-0.009076
-0.009098
-0.009121
-0.009144
-0.009167
-0.009189
-0.009212
-0.009235
-0.009257
-0.009280
-0.009303
-0.009325
-0.009348
-0.009371
-0.009393
-0.009416
-0.009439
-0.009461
-0.009484
-0.009507
-0.009529
-0.009552
-0.009575
-0.009597
-0.009620
-0.009643
-0.009665
-0.009688
-0.009710
-0.009733
-0.009756
-0.009778
-0.009801
-0.009824
-0.009846
-0.009869
-0.009891
-0.009914
-0.009937
-0.009959
-0.009982
-0.010004
-0.010027
-0.010049
-0.010072
-0.010095
-0.010117
-0.010140
-0.010162
-0.010185
-0.010207
-0.010230
-0.010252
-0.010275
-0.010297
-0.010320
-0.010342
-0.010365
-0.010387
-0.010410
-0.010432
-0.010455
-0.010477
-0.010500
-0.010522
-0.010545
-0.010567
-0.010590
-0.010612
-0.010635
-0.010657
-0.010680
-0.010702
-0.010724
-0.010747
-0.010769
-0.010792
-0.010814
-0.010837
-0.010859
-0.010881
-0.010904
-0.010926
0.639417
1.559442
2.605616
3.249058
3.703519
4.034744
4.279894
4.462120
4.596570
4.693625
4.755736
4.791539
4.806449
4.804495
4.788815
4.761909
4.725808
4.682189
4.632437
4.577712
4.518994
4.457115
4.392769
4.326546
4.258948
4.190412
4.121288
4.051882
3.982463
3.913240
3.844398
3.776102
3.708471
3.641616
3.575632
3.510588
3.446542
3.383542
3.321637
3.260845
3.201188
3.142689
3.085352
3.029181
2.974176
2.920342
2.867666
2.816141
2.765756
2.716503
2.668365
2.621327
2.575371
2.530480
2.486643
2.443835
2.402039
2.361234
2.321402
2.282527
2.244585
2.207558
2.171425
2.136166
2.101762
2.068199
2.035452
2.003505
1.972337
1.941929
1.912265
1.883326
1.855099
1.827562
1.800699
1.774493
1.748928
1.723988
1.699657
1.675919
1.652762
1.630170
1.608128
1.586623
1.565639
1.545163
1.525183
1.505685
1.486657
1.468087
1.449962
1.432274
1.415008
1.398155
1.381702
1.365640
1.349957
1.334644
1.319691
1.305089
1.290828
1.276898
1.263292
1.250000
1.237014
1.224328
1.211931
1.199817
1.187978
1.176407
1.165095
1.154036
1.143224
1.132652
1.122312
1.112200
1.102308
1.092631
1.083163
1.073899
1.064832
1.055958
1.047271
1.038767
1.030440
1.022285
1.014299
1.006476
0.998813
0.991305
0.983947
0.976736
0.969667
0.962738
0.955943
0.949279
0.942743
0.936332
0.930041
0.923868
0.917810
0.911864
0.906025
0.900293
0.894663
0.889133
0.883701
0.878363
0.873117
0.867961
0.862893
0.857910
0.853009
0.848189
0.843447
0.838782
0.834191
0.829672
0.825224
0.820845
0.816532
0.812285
0.808101
0.803978
0.799916
0.795912
0.791966
0.788075
0.784239
0.780455
0.776722
0.773040
0.769406
0.765820
0.762280
0.758786
0.755335
0.751927
0.748561
0.745235
0.741949
0.738702
0.735493
0.732320
0.729184
0.726082
0.723014
0.719980
0.716978
0.714007
0.711068
0.708159
0.705279
0.702428
0.699605
0.696809
0.694040
0.691297
0.688580
0.685887
0.683219
0.680574
0.677953
0.675354
0.672777
0.670222
0.667688
0.665175
0.662682
0.660209
0.657755
0.655320
0.652903
0.650504
0.648123
0.645760
0.643413
0.641083
0.638769
0.636471
0.634189
0.631921
0.629669
0.627431
0.625208
0.622999
0.620803
0.618621
0.616452
0.614296
0.612153
0.610023
0.607904
0.605798
0.603703
0.601620
0.599549
0.597488
0.595439
0.593400
0.591372
0.589354
0.587346
0.585349
0.583361
0.581383
0.579415
0.577456
0.575507
0.573566
0.571635
0.569712
0.567798
0.565893
0.563996
0.562107
0.560227
0.558355
0.556490
0.554634
0.552785
0.550944
0.549110
0.547284
0.545465
0.543653
0.541848
0.540051
0.538260
0.536476
0.534699
0.532929
0.531165
0.529408
0.527657
0.525913
0.524175
0.522443
0.520717
0.518998
0.517285
0.515577
0.513876
0.512180
0.510490
0.508806
0.507128
0.505455
0.503788
0.502126
0.500470
0.498819
0.497174
0.495534
0.493899
0.492269
0.490645
0.489026
0.487412
0.485803
0.484199
0.482600
0.481007
0.479418
0.477834
0.476254
0.474680
0.473110
0.471546
0.469985
0.468430
0.466879
0.465333
0.463792
0.462255
0.460722
0.459194
0.457671
0.456152
0.454638
0.453128
0.451622
0.450121
0.448624
0.447131
0.445643
0.444159
0.442679
0.441203
0.439732
0.438265
0.436802
0.435343
0.433888
0.432438
0.430991
0.429548
0.428110
0.426676
0.425245
0.423819
0.422397
0.420978
0.419564
0.418153
0.416746
0.415344
0.413945
0.412550
0.411159
0.409772
0.408388
0.407008
0.405633
0.404261
0.402892
0.401528
0.400167
0.398810
0.397457
0.396107
0.394761
0.393419
0.392080
0.390745
0.389414
0.388086
0.386762
0.385442
0.384125
0.382812
0.381502
0.380196
0.378893
0.377594
0.376299
0.375007
0.373719
0.372434
0.371152
0.369874
0.368600
0.367329
0.366061
0.364797
0.363536
0.362279
0.361025
0.359774
0.358527
0.357284
0.356043
0.354807
0.353573
0.352343
0.351116
0.349893
0.348672
0.347456
0.346242
0.345032
0.343825
0.342621
0.341421
0.340224
0.339030
0.337839
0.336652
0.335467
0.334287
0.333109
0.331934
0.330763
0.329595
0.328430
0.327268
0.326109
0.324954
0.323802
0.322652
0.321506
0.320363
0.319224
0.318087
0.316953
0.315823
0.314695
0.313571
0.312450
0.311332
0.310216
0.309104
0.307995
0.306889
0.305786
0.304686
0.303590
0.302496
0.301405
0.300317
0.299232
0.298150
0.297071
0.295995
0.294922
0.293852
0.292785
0.291721
0.290659
0.289601
0.288546
0.287493
0.286444
0.285397
0.284353
0.283312
0.282274
0.281239
0.280207
0.279178
0.278151
0.277127
0.276106
0.275088
0.274073
0.273061
0.272051
0.271045
0.270041
0.269040
0.268041
0.267046
0.266053
0.265063
0.264076
0.263091
0.262110
0.261131
0.260154
0.259181
0.258210
0.257242
0.256277
0.255314
0.254354
0.253397
0.252443
0.251491
0.250542
0.249595
0.248651
0.247710
0.246772
0.245836
0.244903
0.243972
0.243044
0.242119
0.241196
0.240276
0.239359
0.238444
0.237532
0.236622
0.235715
0.234811
0.233909
0.233010
0.232113
0.231219
0.230327
0.229438
0.228551
0.227667
0.226786
0.225907
0.225030
0.224156
0.223285
0.222416
0.221550
0.220686
0.219824
0.218965
0.218109
0.217255
0.216403
0.215554
0.214708
0.213863
0.213022
0.212182
0.211345
0.210511
0.209679
0.208849
0.208022
0.207197
0.206375
0.205555
0.204737
0.203922
0.203109
0.202298
0.201490
0.200684
0.199881
0.199080
0.198281
0.197484
0.196690
0.195899
0.195109
0.194322
0.193537
0.192755
0.191975
0.191197
0.190421
0.189648
0.188877
0.188108
0.187342
0.186577
0.185815
0.185056
0.184298
0.183543
0.182790
0.182039
0.181291
0.180545
0.179801
0.179059
0.178319
0.177582
0.176847
0.176114
0.175383
0.174654
0.173928
0.173203
0.172481
0.171761
0.171044
0.170328
0.169614
0.168903
0.168194
0.167487
0.166782
0.166079
0.165379
0.164680
0.163984
0.163289
0.162597
0.161907
0.161219
0.160533
0.159849
0.159168
0.158488
0.157810
0.157135
0.156461
0.155790
0.155120
0.154453
0.153788
0.153125
0.152463
0.151804
0.151147
0.150492
0.149839
0.149188
0.148539
0.147891
0.147246
0.146603
0.145962
0.145323
0.144686
0.144051
0.143417
0.142786
0.142157
0.141530
0.140904
0.140281
0.139659
0.139040
0.138422
0.137807
0.137193
0.136581
0.135971
0.135363
0.134757
0.134153
0.133551
0.132950
0.132352
0.131755
0.131161
0.130568
0.129977
0.129388
0.128800
0.128215
0.127632
0.127050
0.126470
0.125892
0.125316
0.124742
0.124169
0.123599
0.123030
0.122463
0.121898
0.121334
0.120773
0.120213
0.119655
0.119099
0.118545
0.117992
0.117441
0.116892
0.116345
0.115800
0.115256
0.114714
0.114174
0.113635
0.113099
0.112564
0.112030
0.111499
0.110969
0.110441
0.109915
0.109390
0.108867
0.108346
0.107827
0.107309
0.106793
0.106279
0.105766
0.105255
0.104746
0.104238
0.103732
0.103228
0.102726
0.102225
0.101725
0.101228
0.100732
0.100238
0.099745
0.099254
0.098765
0.098277
0.097791
0.097306
0.096823
0.096342
0.095863
0.095385
0.094908
0.094433
0.093960
0.093489
0.093019
0.092550
0.092083
0.091618
0.091154
0.090692
0.090232
0.089773
0.089315
0.088859
0.088405
0.087952
0.087501
0.087052
0.086603
0.086157
0.085712
0.085268
0.084826
0.084386
0.083947
0.083509
0.083073
0.082639
0.082206
0.081775
0.081345
0.080916
0.080489
0.080064
0.079640
0.079217
0.078796
0.078377
0.077958
0.077542
0.077127
0.076713
0.076300
0.075890
0.075480
0.075072
0.074666
0.074261
0.073857
0.073455
0.073054
0.072655
0.072257
0.071860
0.071465
0.071071
0.070679
0.070288
0.069898
0.069510
0.069123
0.068738
0.068354
0.067971
0.067590
0.067210
0.066831
0.066454
0.066078
0.065704
0.065331
0.064959
0.064589
0.064220
0.063852
0.063485
0.063120
0.062757
0.062394
0.062033
0.061673
0.061315
0.060958
0.060602
0.060247
0.059894
0.059542
0.059191
0.058842
0.058494
0.058147
0.057801
0.057457
0.057114
0.056772
0.056432
0.056093
0.055755
0.055418
0.055083
0.054748
0.054415
0.054084
0.053753
0.053424
0.053096
0.052769
0.052444
0.052119
0.051796
0.051474
0.051154
0.050834
0.050516
0.050199
0.049883
0.049568
0.049255
0.048942
0.048631
0.048321
0.048012
0.047705
0.047398
0.047093
0.046789
0.046486
0.046184
0.045883
0.045584
0.045285
0.044988
0.044692
0.044397
0.044103
0.043811
0.043519
0.043229
0.042939
0.042651
0.042364
0.042078
0.041793
0.041509
0.041227
0.040945
0.040664
0.040385
0.040107
0.039829
0.039553
0.039278
0.039004
0.038731
0.038459
0.038188
0.037918
0.037650
0.037382
0.037115
0.036850
0.036585
0.036322
0.036059
0.035798
0.035537
0.035278
0.035019
0.034762
0.034506
0.034250
0.033996
0.033743
0.033490
0.033239
0.032989
0.032739
0.032491
0.032243
0.031997
0.031752
0.031507
0.031264
0.031021
0.030780
0.030539
0.030299
0.030061
0.029823
0.029586
0.029350
0.029115
0.028881
0.028648
0.028416
0.028185
0.027955
0.027726
0.027497
0.027270
0.027043
0.026817
0.026593
0.026369
0.026146
0.025924
0.025702
0.025482
0.025263
0.025044
0.024827
0.024610
0.024394
0.024179
0.023965
0.023751
0.023539
0.023327
0.023117
0.022907
0.022698
0.022489
0.022282
0.022075
0.021870
0.021665
0.021461
0.021258
0.021055
0.020854
0.020653
0.020453
0.020254
0.020055
0.019858
0.019661
0.019465
0.019270
0.019076
0.018882
0.018689
0.018497
0.018306
0.018116
0.017926
0.017737
0.017549
0.017361
0.017175
0.016989
0.016804
0.016619
0.016436
0.016253
0.016071
0.015889
0.015709
0.015529
0.015349
0.015171
0.014993
0.014816
0.014640
0.014464
0.014289
0.014115
0.013941
0.013768
0.013596
0.013425
0.013254
0.013084
0.012915
0.012746
0.012578
0.012411
0.012244
0.012078
0.011913
0.011748
0.011584
0.011421
0.011258
0.011096
0.010935
0.010774
0.010614
0.010454
0.010296
0.010137
0.009980
0.009823
0.009667
0.009511
0.009356
0.009201
0.009048
0.008894
0.008742
0.008590
0.008439
0.008288
0.008138
0.007988
0.007839
0.007691
0.007543
0.007396
0.007249
0.007103
0.006957
0.006813
0.006668
0.006524
0.006381
0.006239
0.006096
0.005955
0.005814
0.005674
0.005534
0.005394
0.005256
0.005117
0.004980
0.004843
0.004706
0.004570
0.004434
0.004299
0.004165
0.004031
0.003897
0.003765
0.003632
0.003500
0.003369
0.003238
0.003108
0.002978
0.002848
0.002719
0.002591
0.002463
0.002336
0.002209
0.002082
0.001956
0.001831
0.001706
0.001581
0.001457
0.001334
0.001211
0.001088
0.000966
0.000844
0.000723
0.000602
0.000482
0.000362
0.000242
0.000123
0.000005
-0.000113
-0.000231
-0.000348
-0.000465
-0.000581
-0.000697
-0.000813
-0.000928
-0.001042
-0.001156
-0.001270
-0.001384
-0.001497
-0.001609
-0.001721
-0.001833
-0.001944
-0.002055
-0.002165
-0.002276
-0.002385
-0.002495
-0.002603
-0.002712
-0.002820
-0.002928
-0.003035
-0.003142
-0.003248
-0.003355
-0.003460
-0.003566
-0.003671
-0.003775
-0.003880
-0.003983
-0.004087
-0.004190
-0.004293
-0.004395
-0.004497
-0.004599
-0.004700
-0.004801
-0.004902
-0.005002
-0.005102
-0.005202
-0.005301
-0.005400
-0.005498
-0.005597
-0.005694
-0.005792
-0.005889
-0.005986
-0.006082
-0.006179
-0.006274
-0.006370
-0.006465
-0.006560
-0.006654
-0.006749
-0.006843
-0.006936
-0.007029
-0.007122
-0.007215
-0.007307
-0.007399
-0.007491
-0.007582
-0.007673
-0.007764
-0.007854
-0.007945
-0.008034
-0.008124
-0.008213
-0.008302
-0.008391
-0.008479
-0.008567
-0.008655
-0.008743
-0.008830
-0.008917
-0.009003
-0.009090
-0.009176
-0.009261
-0.009347
-0.009432
-0.009517
-0.009602
-0.009686
-0.009770
-0.009854
-0.009938
-0.010021
-0.010104
-0.010187
-0.010269
-0.010352
-0.010434
-0.010515
-0.010597
-0.010678
-0.010759
-0.010840
-0.010920
-0.011000
-0.011080
-0.011160
-0.011239
-0.011319
-0.011398
-0.011476
-0.011555
-0.011633
-0.011711
-0.011789
-0.011866
-0.011943
-0.012020
-0.012097
-0.012174
-0.012250
-0.012326
-0.012402
-0.012477
-0.012553
-0.012628
-0.012703
-0.012778
-0.012852
-0.012926
-0.013000
-0.013074
-0.013148
-0.013221
-0.013294
-0.013367
-0.013440
-0.013512
-0.013584
-0.013656
-0.013728
-0.013800
-0.013871
-0.013942
-0.014013
-0.014084
-0.014155
-0.014225
-0.014295
-0.014365
-0.014435
-0.014504
-0.014574
-0.014643
-0.014712
-0.014780
-0.014849
-0.014917
-0.014985
-0.015053
-0.015121
-0.015188
-0.015256
-0.015323
-0.015390
-0.015457
-0.015523
-0.015589
-0.015656
-0.015722
-0.015787
-0.015853
-0.015919
-0.015984
-0.016049
-0.016114
-0.016178
-0.016243
-0.016307
-0.016371
-0.016435
-0.016499
-0.016563
-0.016626
-0.016689
-0.016753
-0.016815
-0.016878
-0.016941
-0.017003
-0.017065
-0.017127
-0.017189
-0.017251
-0.017312
-0.017374
-0.017435
-0.017496
-0.017557
-0.017618
-0.017678
-0.017738
-0.017799
-0.017859
-0.017918
-0.017978
-0.018038
-0.018097
-0.018156
-0.018215
-0.018274
-0.018333
-0.018392
-0.018450
-0.018508
-0.018566
-0.018624
-0.018682
-0.018740
-0.018797
-0.018854
-0.018912
-0.018969
-0.019026
-0.019082
-0.019139
-0.019195
-0.019252
-0.019308
-0.019364
-0.019419
-0.019475
-0.019531
-0.019586
-0.019641
-0.019696
-0.019751
-0.019806
-0.019861
-0.019915
-0.019970
-0.020024
-0.020078
-0.020132
-0.020186
-0.020239
-0.020293
-0.020346
-0.020400
-0.020453
-0.020506
-0.020558
-0.020611
-0.020664
-0.020716
-0.020768
-0.020821
-0.020873
-0.020924
-0.020976
-0.021028
-0.021079
-0.021131
-0.021182
-0.021233
-0.021284
-0.021335
-0.021386
-0.021436
-0.021487
-0.021537
-0.021587
-0.021637
-0.021687
-0.021737
-0.021787
-0.021836
-0.021886
-0.021935
-0.021984
-0.022033
-0.022082
-0.022131
-0.022180
-0.022228
-0.022277
-0.022325
-0.022373
-0.022421
-0.022469
-0.022517
-0.022565
-0.022612
-0.022660
-0.022707
-0.022754
-0.022801
-0.022848
-0.022895
-0.022942
-0.022989
-0.023035
-0.023082
-0.023128
-0.023174
-0.023220
-0.023266
-0.023312
-0.023358
-0.023404
-0.023449
-0.023494
-0.023540
-0.023585
-0.023630
-0.023675
-0.023720
-0.023765
-0.023809
-0.023854
-0.023898
-0.023942
-0.023987
-0.024031
-0.024075
-0.024119
-0.024162
-0.024206
-0.024249
-0.024293
-0.024336
-0.024380
-0.024423
-0.024466
-0.024509
-0.024551
-0.024594
-0.024637
-0.024679
-0.024722
-0.024764
-0.024806
-0.024848
-0.024890
-0.024932
-0.024974
-0.025016
-0.025057
-0.025099
-0.025140
-0.025181
-0.025222
-0.025264
-0.025305
-0.025345
-0.025386
-0.025427
-0.025467
-0.025508
-0.025548
-0.025589
-0.025629
-0.025669
-0.025709
-0.025749
-0.025789
-0.025829
-0.025868
-0.025908
-0.025947
-0.025987
-0.026026
-0.026065
-0.026104
-0.026143
-0.026182
-0.026221
-0.026259
-0.026298
-0.026337
-0.026375
-0.026413
-0.026452
-0.026490
-0.026528
-0.026566
-0.026604
-0.026641
-0.026679
-0.026717
-0.026754
-0.026792
-0.026829
-0.026866
-0.026904
-0.026941
-0.026978
-0.027015
-0.027051
-0.027088
-0.027125
-0.027161
-0.027198
-0.027234
-0.027271
-0.027307
-0.027343
-0.027379
-0.027415
-0.027451
-0.027487
-0.027522
-0.027558
-0.027594
-0.027629
-0.027664
-0.027700
-0.027735
-0.027770
-0.027805
-0.027840
-0.027875
-0.027910
-0.027945
-0.027979
-0.028014
-0.028048
-0.028083
-0.028117
-0.028151
-0.028186
-0.028220
-0.028254
-0.028288
-0.028322
-0.028355
-0.028389
-0.028423
-0.028456
-0.028490
-0.028523
-0.028557
-0.028590
-0.028623
-0.028656
-0.028689
-0.028722
-0.028755
-0.028788
-0.028820
-0.028853
-0.028886
-0.028918
-0.028951
-0.028983
-0.029015
-0.029047
-0.029080
-0.029112
-0.029144
-0.029175
-0.029207
-0.029239
-0.029271
-0.029302
-0.029334
-0.029365
-0.029397
-0.029428
-0.029459
-0.029491
-0.029522
-0.029553
-0.029584
-0.029615
-0.029645
-0.029676
-0.029707
-0.029738
-0.029768
-0.029799
-0.029829
-0.029859
-0.029890
-0.029920
-0.029950
-0.029980
-0.030010
-0.030040
-0.030070
-0.030100
-0.030130
-0.030159
-0.030189
-0.030218
-0.030248
-0.030277
-0.030307
-0.030336
-0.030365
-0.030394
-0.030423
-0.030452
-0.030481
-0.030510
-0.030539
-0.030568
-0.030597
-0.030625
-0.030654
-0.030682
-0.030711
-0.030739
-0.030767
-0.030796
-0.030824
-0.030852
-0.030880
-0.030908
-0.030936
-0.030964
-0.030992
-0.031019
-0.031047
-0.031075
-0.031102
-0.031130
-0.031157
-0.031185
-0.031212
-0.031239
-0.031267
-0.031294
-0.031321
-0.031348
-0.031375
-0.031402
-0.031429
-0.031455
-0.031482
-0.031509
-0.031535
-0.031562
-0.031588
-0.031615
-0.031641
-0.031668
-0.031694
-0.031720
-0.031746
-0.031772
-0.031798
-0.031824
-0.031850
-0.031876
-0.031902
-0.031928
-0.031954
-0.031979
-0.032005
-0.032030
-0.032056
-0.032081
-0.032107
-0.032132
-0.032157
-0.032182
-0.032208
-0.032233
-0.032258
-0.032283
-0.032308
-0.032333
-0.032357
-0.032382
-0.032407
-0.032432
-0.032456
-0.032481
-0.032505
-0.032530
-0.032554
-0.032578
-0.032603
-0.032627
-0.032651
-0.032675
-0.032699
-0.032724
-0.032748
-0.032771
-0.032795
-0.032819
-0.032843
-0.032867
-0.032890
-0.032914
-0.032938
-0.032961
-0.032985
-0.033008
-0.033031
-0.033055
-0.033078
-0.033101
-0.033125
-0.033148
-0.033171
-0.033194
-0.033217
-0.033240
-0.033263
-0.033286
-0.033308
-0.033331
-0.033354
-0.033376
-0.033399
-0.033422
-0.033444
-0.033467
-0.033489
-0.033511
-0.033534
-0.033556
-0.033578
-0.033600
-0.033623
-0.033645
-0.033667
-0.033689
-0.033711
-0.033733
-0.033754
-0.033776
-0.033798
-0.033820
-0.033842
-0.033863
-0.033885
-0.033906
-0.033928
-0.033949
-0.033971
-0.033992
-0.034013
-0.034035
-0.034056
-0.034077
-0.034098
-0.034119
-0.034140
-0.034161
-0.034182
-0.034203
-0.034224
-0.034245
-0.034266
-0.034287
-0.034307
-0.034328
-0.034349
-0.034369
-0.034390
-0.034410
-0.034431
-0.034451
-0.034472
-0.034492
-0.034512
-0.034533
-0.034553
-0.034573
-0.034593
-0.034613
-0.034633
-0.034653
-0.034673
-0.034693
-0.034713
-0.034733
-0.034753
-0.034773
-0.034792
-0.034812
-0.034832
-0.034851
-0.034871
-0.034891
-0.034910
-0.034930
-0.034949
-0.034968
-0.034988
-0.035007
-0.035026
-0.035046
-0.035065
-0.035084
-0.035103
-0.035122
-0.035141
-0.035160
-0.035179
-0.035198
-0.035217
-0.035236
-0.035255
-0.035273
-0.035292
-0.035311
-0.035329
-0.035348
-0.035367
-0.035385
-0.035404
-0.035422
-0.035441
-0.035459
-0.035477
-0.035496
-0.035514
-0.035532
-0.035551
-0.035569
-0.035587
-0.035605
-0.035623
-0.035641
-0.035659
-0.035677
-0.035695
-0.035713
-0.035731
-0.035749
-0.035767
-0.035784
-0.035802
-0.035820
-0.035838
-0.035855
-0.035873
-0.035890
-0.035908
-0.035925
-0.035943
-0.035960
-0.035978
-0.035995
-0.036013
-0.036030
-0.036047
-0.036064
-0.036082
-0.036099
-0.036116
-0.036133
-0.036150
-0.036167
-0.036184
-0.036201
-0.036218
-0.036235
-0.036252
-0.036269
-0.036285
-0.036302
-0.036319
-0.036336
-0.036352
-0.036369
-0.036386
-0.036402
-0.036419
-0.036435
-0.036452
-0.036468
-0.036485
-0.036501
-0.036518
-0.036534
-0.036550
-0.036567
-0.036583
-0.036599
-0.036615
-0.036631
-0.036648
-0.036664
-0.036680
-0.036696
-0.036712
-0.036728
-0.036744
-0.036760
-0.036776
-0.036791
-0.036807
-0.036823
-0.036839
-0.036855
-0.036870
-0.036886
-0.036902
-0.036917
-0.036933
-0.036949
-0.036964
-0.036980
-0.036995
-0.037011
-0.037026
-0.037042
-0.037057
-0.037072
-0.037088
-0.037103
-0.037118
-0.037133
-0.037149
-0.037164
-0.037179
-0.037194
-0.037209
-0.037224
-0.037239
-0.037254
-0.037269
-0.037284
-0.037299
-0.037314
-0.037329
-0.037344
-0.037359
-0.037374
-0.037388
-0.037403
-0.037418
-0.037433
-0.037447
-0.037462
-0.037477
-0.037491
-0.037506
-0.037520
-0.037535
-0.037549
-0.037564
-0.037578
-0.037593
-0.037607
-0.037621
-0.037636
-0.037650
-0.037664
-0.037679
-0.037693
-0.037707
-0.037721
-0.037736
-0.037750
-0.037764
-0.037778
-0.037792
-0.037806
-0.037820
-0.037834
-0.037848
-0.037862
-0.037876
-0.037890
-0.037904
-0.037918
-0.037931
-0.037945
-0.037959
-0.037973
-0.037987
-0.038000
-0.038014
-0.038028
-0.038041
-0.038055
-0.038068
-0.038082
-0.038096
-0.038109
-0.038123
-0.038136
-0.038150
-0.038163
-0.038176
-0.038190
-0.038203
-0.038217
-0.038230
-0.038243
-0.038256
-0.038270
-0.038283
-0.038296
-0.038309
-0.038323
-0.038336
-0.038349
-0.038362
-0.038375
-0.038388
-0.038401
-0.038414
-0.038427
-0.038440
-0.038453
-0.038466
-0.038479
-0.038492
-0.038505
-0.038517
-0.038530
-0.038543
-0.038556
-0.038569
-0.038581
-0.038594
-0.038607
-0.038619
-0.038632
-0.038645
-0.038657
-0.038670
-0.038682
-0.038695
-0.038708
-0.038720
-0.038733
-0.038745
-0.038757
-0.038770
-0.038782
-0.038795
-0.038807
-0.038819
-0.038832
-0.038844
-0.038856
-0.038869
-0.038881
-0.038893
-0.038905
-0.038918
-0.038930
-0.038942
-0.038954
-0.038966
-0.038978
-0.038990
-0.039002
-0.039014
-0.039026
-0.039038
-0.039050
-0.039062
-0.039074
-0.039086
-0.039098
-0.039110
-0.039122
-0.039134
-0.039146
-0.039157
-0.039169
-0.039181
-0.039193
-0.039204
-0.039216
-0.039228
-0.039240
-0.039251
-0.039263
-0.039274
-0.039286
-0.039298
-0.039309
-0.039321
-0.039332
-0.039344
-0.039355
-0.039367
-0.039378
-0.039390
-0.039401
-0.039413
-0.039424
-0.039435
-0.039447
-0.039458
-0.039469
-0.039481
-0.039492
-0.039503
-0.039515
-0.039526
-0.039537
-0.039548
-0.039559
-0.039571
-0.039582
-0.039593
-0.039604
-0.039615
-0.039626
-0.039637
-0.039648
-0.039659
-0.039670
-0.039681
-0.039692
-0.039703
-0.039714
-0.039725
-0.039736
-0.039747
-0.039758
-0.039769
-0.039780
-0.039791
-0.039801
-0.039812
-0.039823
-0.039834
-0.039845
-0.039855
-0.039866
-0.039877
-0.039887
-0.039898
-0.039909
-0.039919
-0.039930
-0.039941
-0.039951
-0.039962
-0.039973
-0.039983
-0.039994
-0.040004
-0.040015
-0.040025
-0.040036
-0.040046
-0.040057
-0.040067
-0.040077
-0.040088
-0.040098
-0.040109
-0.040119
-0.040129
-0.040140
-0.040150
-0.040160
-0.040171
-0.040181
-0.040191
-0.040201
-0.040212
-0.040222
-0.040232
-0.040242
-0.040252
-0.040263
-0.040273
-0.040283
-0.040293
-0.040303
-0.040313
-0.040323
-0.040333
-0.040343
-0.040353
-0.040363
-0.040373
-0.040383
-0.040393
-0.040403
-0.040413
-0.040423
-0.040433
-0.040443
-0.040453
-0.040463
-0.040473
-0.040483
-0.040492
-0.040502
-0.040512
-0.040522
-0.040532
-0.040541
-0.040551
-0.040561
-0.040571
-0.040580
-0.040590
-0.040600
-0.040609
-0.040619
-0.040629
-0.040638
-0.040648
-0.040658
-0.040667
-0.040677
-0.040686
-0.040696
-0.040706
-0.040715
-0.040725
-0.040734
-0.040744
-0.040753
-0.040763
-0.040772
-0.040782
-0.040791
-0.040800
-0.040810
-0.040819
-0.040829
-0.040838
-0.040847
-0.040857
-0.040866
-0.040875
-0.040885
-0.040894
-0.040903
-0.040912
-0.040922
-0.040931
-0.040940
-0.040949
-0.040959
-0.040968
-0.040977
-0.040986
-0.040995
-0.041005
-0.041014
-0.041023
-0.041032
-0.041041
-0.041050
-0.041059
-0.041068
-0.041077
-0.041086
-0.041095
-0.041104
-0.041113
-0.041122
-0.041131
-0.041140
-0.041149
-0.041158
-0.041167
-0.041176
-0.041185
-0.041194
-0.041203
-0.041212
-0.041221
-0.041230
-0.041238
-0.041247
-0.041256
-0.041265
-0.041274
-0.041283
-0.041291
-0.041300
-0.041309
-0.041318
-0.041326
-0.041335
-0.041344
-0.041353
-0.041361
-0.041370
-0.041379
-0.041387
-0.041396
-0.041405
-0.041413
-0.041422
-0.041430
-0.041439
-0.041448
-0.041456
-0.041465
-0.041473
-0.041482
-0.041490
-0.041499
-0.041508
-0.041516
-0.041525
-0.041533
-0.041542
-0.041550
-0.041558
-0.041567
-0.041575
-0.041584
-0.041592
-0.041601
-0.041609
-0.041617
-0.041626
-0.041634
-0.041642
-0.041651
-0.041659
-0.041667
-0.041676
-0.041684
-0.041692
-0.041701
-0.041709
-0.041717
-0.041725
-0.041734
-0.041742
-0.041750
-0.041758
-0.041767
-0.041775
-0.041783
-0.041791
-0.041799
-0.041807
-0.041816
-0.041824
-0.041832
-0.041840
-0.041848
-0.041856
-0.041864
-0.041872
-0.041880
-0.041889
-0.041897
-0.041905
-0.041913
-0.041921
-0.041929
-0.041937
-0.041945
-0.041953
-0.041961
-0.041969
-0.041977
-0.041985
-0.041992
-0.042000
-0.042008
-0.042016
-0.042024
-0.042032
-0.042040
-0.042048
-0.042056
-0.042064
-0.042071
-0.042079
-0.042087
-0.042095
-0.042103
-0.042111
-0.042118
-0.042126
-0.042134
-0.042142
-0.042149
-0.042157
-0.042165
-0.042173
-0.042180
-0.042188
-0.042196
-0.042204
-0.042211
-0.042219
-0.042227
-0.042234
-0.042242
-0.042250
-0.042257
-0.042265
-0.042272
-0.042280
-0.042288
-0.042295
-0.042303
-0.042311
-0.042318
-0.042326
-0.042333
-0.042341
-0.042348
-0.042356
-0.042363
-0.042371
-0.042378
-0.042386
-0.042393
-0.042401
-0.042408
-0.042416
-0.042423
-0.042431
-0.042438
-0.042446
-0.042453
-0.042460
-0.042468
-0.042475
-0.042483
-0.042490
-0.042497
-0.042505
-0.042512
-0.042520
-0.042527
-0.042534
-0.042542
-0.042549
-0.042556
-0.042563
-0.042571
-0.042578
-0.042585
-0.042593
-0.042600
-0.042607
-0.042614
-0.042622
-0.042629
-0.042636
-0.042643
-0.042651
-0.042658
-0.042665
-0.042672
-0.042679
-0.042687
-0.042694
-0.042701
-0.042708
-0.042715
-0.042722
-0.042729
-0.042737
-0.042744
-0.042751
-0.042758
-0.042765
-0.042772
-0.042779
-0.042786
-0.042793
-0.042800
-0.042807
-0.042815
-0.042822
-0.042829
-0.042836
-0.042843
-0.042850
-0.042857
-0.042864
-0.042871
-0.042878
-0.042885
-0.042892
-0.042899
-0.042905
-0.042912
-0.042919
-0.042926
-0.042933
-0.042940
-0.042947
-0.042954
-0.042961
-0.042968
-0.042975
-0.042981
-0.042988
-0.042995
-0.043002
-0.043009
-0.043016
-0.043023
-0.043029
-0.043036
-0.043043
-0.043050
-0.043057
-0.043063
-0.043070
-0.043077
-0.043084
-0.043091
-0.043097
-0.043104
-0.043111
-0.043118
-0.043124
-0.043131
-0.043138
-0.043144
-0.043151
-0.043158
-0.043165
-0.043171
-0.043178
-0.043185
-0.043191
-0.043198
-0.043205
-0.043211
-0.043218
-0.043224
-0.043231
-0.043238
-0.043244
-0.043251
-0.043258
-0.043264
-0.043271
-0.043277
-0.043284
-0.043290
-0.043297
-0.043304
-0.043310
-0.043317
-0.043323
-0.043330
-0.043336
-0.043343
-0.043349
-0.043356
-0.043362
-0.043369
-0.043375
-0.043382
-0.043388
-0.043395
-0.043401
-0.043408
-0.043414
-0.043421
-0.043427
-0.043433
-0.043440
-0.043446
-0.043453
-0.043459
-0.043466
-0.043472
-0.043478
-0.043485
-0.043491
-0.043497
-0.043504
-0.043510
-0.043517
-0.043523
-0.043529
-0.043536
-0.043542
-0.043548
-0.043555
-0.043561
-0.043567
-0.043573
-0.043580
-0.043586
-0.043592
-0.043599
-0.043605
-0.043611
-0.043617
-0.043624
-0.043630
-0.043636
-0.043642
-0.043649
-0.043655
-0.043661
-0.043667
-0.043673
-0.043680
-0.043686
-0.043692
-0.043698
-0.043704
-0.043711
-0.043717
-0.043723
-0.043729
-0.043735
-0.043741
-0.043748
-0.043754
-0.043760
-0.043766
-0.043772
-0.043778
-0.043784
-0.043790
-0.043796
-0.043803
-0.043809
-0.043815
-0.043821
-0.043827
-0.043833
-0.043839
-0.043845
-0.043851
-0.043857
-0.043863
-0.043869
-0.043875
-0.043881
-0.043887
-0.043893
-0.043899
-0.043905
-0.043911
-0.043917
-0.043923
-0.043929
-0.043935
-0.043941
-0.043947
-0.043953
-0.043959
-0.043965
-0.043971
-0.043977
-0.043983
-0.043989
-0.043995
-0.044000
-0.044006
-0.044012
-0.044018
-0.044024
-0.044030
-0.044036
-0.044042
-0.044048
-0.044053
-0.044059
-0.044065
-0.044071
-0.044077
-0.044083
-0.044089
-0.044094
-0.044100
-0.044106
-0.044112
-0.044118
-0.044124
-0.044129
-0.044135
-0.044141
-0.044147
-0.044152
-0.044158
-0.044164
-0.044170
-0.044176
-0.044181
-0.044187
-0.044193
-0.044199
-0.044204
-0.044210
-0.044216
-0.044221
-0.044227
-0.044233
-0.044239
-0.044244
-0.044250
-0.044256
-0.044261
-0.044267
-0.044273
-0.044278
-0.044284
-0.044290
-0.044295
-0.044301
-0.044307
-0.044312
-0.044318
-0.044324
-0.044329
-0.044335
-0.044340
-0.044346
-0.044352
-0.044357
-0.044363
-0.044369
-0.044374
-0.044380
-0.044385
-0.044391
-0.044396
-0.044402
-0.044408
-0.044413
-0.044419
-0.044424
-0.044430
-0.044435
-0.044441
-0.044446
-0.044452
-0.044457
-0.044463
-0.044468
-0.044474
-0.044479
-0.044485
-0.044490
-0.044496
-0.044501
-0.044507
-0.044512
-0.044518
-0.044523
-0.044529
-0.044534
-0.044540
-0.044545
-0.044551
-0.044556
-0.044561
-0.044567
-0.044572
-0.044578
-0.044583
-0.044589
-0.044594
-0.044599
-0.044605
-0.044610
-0.044616
-0.044621
-0.044626
-0.044632
-0.044637
-0.044642
-0.044648
-0.044653
-0.044659
-0.044664
-0.044669
-0.044675
-0.044680
-0.044685
-0.044691
-0.044696
-0.044701
-0.044707
-0.044712
-0.044717
-0.044723
-0.044728
-0.044733
-0.044738
-0.044744
-0.044749
-0.044754
-0.044760
-0.044765
-0.044770
-0.044775
-0.044781
-0.044786
-0.044791
-0.044796
-0.044802
-0.044807
-0.044812
-0.044817
-0.044822
-0.044828
-0.044833
-0.044838
-0.044843
-0.044849
-0.044854
-0.044859
-0.044864
-0.044869
-0.044874
-0.044880
-0.044885
-0.044890
-0.044895
-0.044900
-0.044905
-0.044911
-0.044916
-0.044921
-0.044926
-0.044931
-0.044936
-0.044941
-0.044947
-0.044952
-0.044957
-0.044962
-0.044967
-0.044972
-0.044977
-0.044982
-0.044987
-0.044993
-0.044998
-0.045003
-0.045008
-0.045013
-0.045018
-0.045023
-0.045028
-0.045033
-0.045038
-0.045043
-0.045048
-0.045053
-0.045058
-0.045063
-0.045068
-0.045073
-0.045078
-0.045083
-0.045089
-0.045094
-0.045099
-0.045104
-0.045109
-0.045114
-0.045119
-0.045123
-0.045128
-0.045133
-0.045138
-0.045143
-0.045148
-0.045153
-0.045158
-0.045163
-0.045168
-0.045173
-0.045178
-0.045183
-0.045188
-0.045193
-0.045198
-0.045203
-0.045208
-0.045213
-0.045218
-0.045222
-0.045227
-0.045232
-0.045237
-0.045242
-0.045247
-0.045252
-0.045257
-0.045262
-0.045266
-0.045271
-0.045276
-0.045281
-0.045286
-0.045291
-0.045296
-0.045300
-0.045305
-0.045310
-0.045315
-0.045320
-0.045325
-0.045330
-0.045334
-0.045339
-0.045344
-0.045349
-0.045354
-0.045358
-0.045363
-0.045368
-0.045373
-0.045378
-0.045382
-0.045387
-0.045392
-0.045397
-0.045402
-0.045406
-0.045411
-0.045416
-0.045421
-0.045425
-0.045430
-0.045435
-0.045440
-0.045444
-0.045449
-0.045454
-0.045459
-0.045463
-0.045468
-0.045473
-0.045477
-0.045482
-0.045487
-0.045492
-0.045496
-0.045501
-0.045506
-0.045510
-0.045515
-0.045520
-0.045524
-0.045529
-0.045534
-0.045538
-0.045543
-0.045548
-0.045552
-0.045557
-0.045562
-0.045566
-0.045571
-0.045576
-0.045580
-0.045585
-0.045590
-0.045594
-0.045599
-0.045603
-0.045608
-0.045613
-0.045617
-0.045622
-0.045627
-0.045631
-0.045636
-0.045640
-0.045645
-0.045650
-0.045654
-0.045659
-0.045663
-0.045668
-0.045672
-0.045677
-0.045682
-0.045686
-0.045691
-0.045695
-0.045700
-0.045704
-0.045709
-0.045713
-0.045718
-0.045722
-0.045727
-0.045732
-0.045736
-0.045741
-0.045745
-0.045750
-0.045754
-0.045759
-0.045763
-0.045768
-0.045772
-0.045777
-0.045781
-0.045786
-0.045790
-0.045795
-0.045799
-0.045804
-0.045808
-0.045813
-0.045817
-0.045821
-0.045826

