0.000000
0.000000
-0.000025
-0.000051
-0.000077
-0.000102
-0.000127
-0.000152
-0.000176
-0.000200
-0.000224
-0.000247
-0.000270
-0.000292
-0.000315
-0.000337
-0.000358
-0.000380
-0.000401
-0.000422
-0.000443
-0.000464
-0.000485
-0.000505
-0.000526
-0.000546
-0.000566
-0.000586
-0.000606
-0.000626
-0.000646
-0.000666
-0.000686
-0.000706
-0.000726
-0.000745
-0.000765
-0.000785
-0.000804
-0.000824
-0.000843
-0.000863
-0.000882
-0.000902
-0.000921
-0.000941
-0.000960
-0.000979
-0.000999
-0.001018
-0.001038
-0.001057
-0.001077
-0.001096
-0.001115
-0.001135
-0.001154
-0.001174
-0.001193
-0.001212
-0.001232
-0.001251
-0.001271
-0.001290
-0.001310
-0.001329
-0.001349
-0.001368
-0.001388
-0.001407
-0.001427
-0.001446
-0.001466
-0.001486
-0.001505
-0.001525
-0.001544
-0.001564
-0.001584
-0.001603
-0.001623
-0.001643
-0.001663
-0.001682
-0.001702
-0.001722
-0.001742
-0.001762
-0.001782
-0.001801
-0.001821
-0.001841
-0.001861
-0.001881
-0.001901
-0.001921
-0.001941
-0.001961
-0.001981
-0.002001
-0.002022
-0.002042
-0.002062
-0.002082
-0.002102
-0.002122
-0.002143
-0.002163
-0.002183
-0.002203
-0.002224
-0.002244
-0.002265
-0.002285
-0.002305
-0.002326
-0.002346
-0.002367
-0.002387
-0.002408
-0.002428
-0.002449
-0.002469
-0.002490
-0.002511
-0.002531
-0.002552
-0.002572
-0.002593
-0.002614
-0.002635
-0.002655
-0.002676
-0.002697
-0.002718
-0.002739
-0.002759
-0.002780
-0.002801
-0.002822
-0.002843
-0.002864
-0.002885
-0.002906
-0.002927
-0.002948
-0.002969
-0.002990
-0.003011
-0.003032
-0.003053
-0.003075
-0.003096
-0.003117
-0.003138
-0.003159
-0.003181
-0.003202
-0.003223
-0.003244
-0.003266
-0.003287
-0.003308
-0.003330
-0.003351
-0.003372
-0.003394
-0.003415
-0.003437
-0.003458
-0.003480
-0.003501
-0.003523
-0.003544
-0.003566
-0.003587
-0.003609
-0.003630
-0.003652
-0.003674
-0.003695
-0.003717
-0.003738
-0.003760
-0.003782
-0.003803
-0.003825
-0.003847
-0.003869
-0.003890
-0.003912
-0.003934
-0.003956
-0.003978
-0.003999
-0.004021
-0.004043
-0.004065
-0.004087
-0.004109
-0.004131
-0.004152
-0.004174
-0.004196
-0.004218
-0.004240
-0.004262
-0.004284
-0.004306
-0.004328
-0.004350
-0.004372
-0.004394
-0.004416
-0.004438
-0.004460
-0.004482
-0.004505
-0.004527
-0.004549
-0.004571
-0.004593
-0.004615
-0.004637
-0.004660
-0.004682
-0.004704
-0.004726
-0.004748
-0.004771
-0.004793
-0.004815
-0.004837
-0.004860
-0.004882
-0.004904
-0.004926
-0.004949
-0.004971
-0.004993
-0.005016
-0.005038
-0.005060
-0.005083
-0.005105
-0.005127
-0.005150
-0.005172
-0.005194
-0.005217
-0.005239
-0.005262
-0.005284
-0.005306
-0.005329
-0.005351
-0.005374
-0.005396
-0.005419
-0.005441
-0.005464
-0.005486
-0.005509
-0.005531
-0.005554
-0.005576
-0.005599
-0.005621
-0.005644
-0.005666
-0.005689
-0.005711
-0.005734
-0.005756
-0.005779
-0.005801
-0.005824
-0.005847
-0.005869
-0.005892
-0.005914
-0.005937
-0.005960
-0.005982
-0.006005
-0.006027
-0.006050
-0.006073
-0.006095
-0.006118
-0.006141
-0.006163
-0.006186
-0.006209
-0.006231
-0.006254
-0.006277
-0.006299
-0.006322
-0.006345
-0.006367
-0.006390
-0.006413
-0.006435
-0.006458
-0.006481
-0.006503
-0.006526
-0.006549
-0.006572
-0.006594
-0.006617
-0.006640
-0.006662
-0.006685
-0.006708
-0.006731
-0.006753
-0.006776
-0.006799
-0.006822
-0.006844
-0.006867
-0.006890
-0.006913
-0.006935
-0.006958
-0.006981
-0.007004
-0.007026
-0.007049
-0.007072
-0.007095
-0.007117
-0.007140
-0.007163
-0.007186
-0.007208
-0.007231
-0.007254
-0.007277
-0.007300
-0.007322
-0.007345
-0.007368
-0.007391
-0.007414
-0.007436
-0.007459
-0.007482
-0.007505
-0.007527
-0.007550
-0.007573
-0.007596
-0.007619
-0.007641
-0.007664
-0.007687
-0.007710
-0.007733
-0.007755
-0.007778
-0.007801
-0.007824
-0.007847
-0.007869
-0.007892
-0.007915
-0.007938
-0.007960
-0.007983
-0.008006
-0.008029
-0.008052
-0.008074
-0.008097
-0.008120
-0.008143
-0.008166
-0.008188
-0.008211
-0.008234
-0.008257
-0.008279
-0.008302
-0.008325
-0.008348
-0.008371
-0.008393
-0.008416
-0.008439
-0.008462
-0.008484
-0.008507
-0.008530
-0.008553
-0.008575
-0.008598
-0.008621
-0.008644
-0.008666
-0.008689
-0.008712
-0.008735
-0.008757
-0.008780
-0.008803
-0.008826
-0.008848
-0.008871
-0.008894
-0.008917
-0.008939
-0.008962
-0.008985
-0.009008
-0.009030
-0.009053
-0.009076
-0.009098
-0.009121
-0.009144
-0.009167
-0.009189
-0.009212
-0.009235
-0.009257
-0.009280
-0.009303
-0.009325
-0.009348
-0.009371
-0.009393
-0.009416
-0.009439
-0.009461
-0.009484
-0.009507
-0.009529
-0.009552
-0.009575
-0.009597
-0.009620
-0.009643
-0.009665
-0.009688
-0.009710
-0.009733
-0.009756
-0.009778
-0.009801
-0.009824
-0.009846
-0.009869
-0.009891
-0.009914
-0.009937
-0.009959
-0.009982
-0.010004
-0.010027
-0.010049
-0.010072
-0.010095
-0.010117
-0.010140
-0.010162
-0.010185
-0.010207
-0.010230
-0.010252
-0.010275
-0.010297
-0.010320
-0.010342
-0.010365
-0.010387
-0.010410
-0.010432
-0.010455
-0.010477
-0.010500
-0.010522
-0.010545
-0.010567
-0.010590
-0.010612
-0.010635
-0.010657
-0.010680
-0.010702
-0.010724
-0.010747
-0.010769
-0.010792
-0.010814
-0.010837
-0.010859
-0.010881
-0.010904
-0.010926
-0.010949
-0.010971
-0.010993
-0.011016
-0.011038
-0.011060
-0.011083
-0.011105
-0.011127
-0.011150
-0.011172
-0.011194
-0.011217
-0.011239
-0.011261
-0.011284
-0.011306
-0.011328
-0.011351
-0.011373
-0.011395
-0.011417
-0.011440
-0.011462
-0.011484
-0.011506
-0.011529
-0.011551
-0.011573
-0.011595
-0.011617
-0.011640
-0.011662
-0.011684
-0.011706
-0.011728
-0.011751
-0.011773
-0.011795
-0.011817
-0.011839
-0.011861
-0.011884
-0.011906
-0.011928
-0.011950
-0.011972
-0.011994
-0.012016
-0.012038
-0.012061
-0.012083
-0.012105
-0.012127
-0.012149
-0.012171
-0.012193
-0.012215
-0.012237
-0.012259
-0.012281
-0.012303
-0.012325
-0.012347
-0.012369
-0.012391
-0.012413
-0.012435
-0.012457
-0.012479
-0.012501
-0.012523
-0.012545
-0.012567
-0.012589
-0.012611
-0.012633
-0.012655
-0.012676
-0.012698
0.611365
1.516104
2.553309
3.210346
3.673283
4.009994
4.258961
4.443991
4.580614
4.679419
4.743184
4.780325
4.796345
4.795341
4.780489
4.754313
4.718862
4.675818
4.626580
4.572319
4.514029
4.452532
4.388531
4.322629
4.255325
4.187047
4.118165
4.048982
3.979759
3.910721
3.842050
3.773902
3.706413
3.639689
3.573818
3.508875
3.444931
3.382025
3.320194
3.259478
3.199891
3.141448
3.084160
3.028041
2.973083
2.919284
2.866644
2.815151
2.764794
2.715561
2.667439
2.620419
2.574480
2.529603
2.485771
2.442971
2.401180
2.360380
2.320550
2.281671
2.243728
2.206698
2.170561
2.135298
2.100889
2.067314
2.034559
2.002602
1.971425
1.941008
1.911334
1.882384
1.854142
1.826592
1.799716
1.773498
1.747920
1.722967
1.698623
1.674872
1.651700
1.629092
1.607037
1.585517
1.564519
1.544030
1.524037
1.504526
1.485485
1.466902
1.448764
1.431061
1.413782
1.396915
1.380449
1.364374
1.348679
1.333354
1.318390
1.303776
1.289503
1.275562
1.261945
1.248642
1.235646
1.222948
1.210540
1.198416
1.186567
1.174985
1.163664
1.152596
1.141775
1.131194
1.120846
1.110725
1.100825
1.091140
1.081665
1.072393
1.063319
1.054438
1.045744
1.037233
1.028899
1.020738
1.012746
1.004916
0.997246
0.989732
0.982368
0.975152
0.968078
0.961143
0.954343
0.947674
0.941134
0.934718
0.928423
0.922246
0.916184
0.910233
0.904391
0.898655
0.893022
0.887488
0.882053
0.876712
0.871463
0.866304
0.861233
0.856247
0.851343
0.846521
0.841777
0.837109
0.832516
0.827995
0.823545
0.819164
0.814849
0.810600
0.806414
0.802290
0.798226
0.794220
0.790272
0.786379
0.782541
0.778756
0.775022
0.771339
0.767704
0.764117
0.760576
0.757080
0.753628
0.750219
0.746853
0.743526
0.740240
0.736992
0.733782
0.730609
0.727472
0.724370
0.721301
0.718267
0.715264
0.712294
0.709354
0.706445
0.703565
0.700714
0.697890
0.695095
0.692326
0.689583
0.686865
0.684173
0.681504
0.678860
0.676239
0.673640
0.671063
0.668509
0.665975
0.663462
0.660969
0.658496
0.656042
0.653608
0.651191
0.648793
0.646412
0.644049
0.641703
0.639373
0.637060
0.634762
0.632480
0.630213
0.627962
0.625725
0.623502
0.621293
0.619098
0.616916
0.614748
0.612593
0.610450
0.608320
0.606203
0.604097
0.602003
0.599920
0.597849
0.595790
0.593741
0.591703
0.589675
0.587658
0.585651
0.583654
0.581668
0.579690
0.577723
0.575765
0.573816
0.571876
0.569945
0.568023
0.566110
0.564205
0.562309
0.560421
0.558541
0.556670
0.554806
0.552950
0.551102
0.549262
0.547429
0.545604
0.543785
0.541974
0.540171
0.538374
0.536584
0.534801
0.533025
0.531255
0.529492
0.527736
0.525986
0.524243
0.522506
0.520775
0.519050
0.517331
0.515619
0.513912
0.512211
0.510517
0.508828
0.507144
0.505467
0.503795
0.502129
0.500468
0.498813
0.497163
0.495518
0.493879
0.492245
0.490617
0.488993
0.487375
0.485762
0.484154
0.482551
0.480953
0.479360
0.477772
0.476189
0.474610
0.473037
0.471468
0.469904
0.468345
0.466791
0.465241
0.463695
0.462155
0.460619
0.459087
0.457560
0.456038
0.454520
0.453006
0.451497
0.449992
0.448492
0.446996
0.445504
0.444017
0.442534
0.441055
0.439580
0.438109
0.436643
0.435181
0.433723
0.432269
0.430819
0.429374
0.427932
0.426495
0.425061
0.423632
0.422206
0.420785
0.419367
0.417954
0.416544
0.415138
0.413736
0.412338
0.410944
0.409554
0.408168
0.406785
0.405406
0.404032
0.402660
0.401293
0.399929
0.398569
0.397213
0.395861
0.394512
0.393167
0.391826
0.390488
0.389154
0.387824
0.386497
0.385174
0.383854
0.382538
0.381226
0.379917
0.378612
0.377310
0.376012
0.374717
0.373426
0.372139
0.370855
0.369574
0.368297
0.367023
0.365753
0.364486
0.363223
0.361963
0.360707
0.359454
0.358204
0.356958
0.355715
0.354476
0.353239
0.352007
0.350777
0.349552
0.348329
0.347110
0.345894
0.344681
0.343472
0.342265
0.341063
0.339863
0.338667
0.337474
0.336284
0.335097
0.333914
0.332734
0.331557
0.330383
0.329213
0.328046
0.326882
0.325721
0.324563
0.323408
0.322257
0.321108
0.319963
0.318821
0.317682
0.316546
0.315414
0.314284
0.313157
0.312034
0.310914
0.309796
0.308682
0.307571
0.306463
0.305357
0.304255
0.303156
0.302060
0.300967
0.299877
0.298790
0.297706
0.296625
0.295547
0.294472
0.293399
0.292330
0.291264
0.290201
0.289140
0.288083
0.287028
0.285977
0.284928
0.283882
0.282839
0.281799
0.280762
0.279728
0.278696
0.277668
0.276642
0.275619
0.274599
0.273582
0.272567
0.271556
0.270547
0.269541
0.268538
0.267538
0.266540
0.265546
0.264554
0.263565
0.262578
0.261595
0.260614
0.259636
0.258660
0.257688
0.256718
0.255750
0.254786
0.253824
0.252865
0.251909
0.250955
0.250004
0.249056
0.248110
0.247167
0.246227
0.245289
0.244354
0.243422
0.242492
0.241565
0.240640
0.239719
0.238799
0.237883
0.236969
0.236057
0.235149
0.234242
0.233339
0.232438
0.231539
0.230643
0.229750
0.228859
0.227971
0.227085
0.226202
0.225321
0.224443
0.223567
0.222694
0.221824
0.220955
0.220090
0.219227
0.218366
0.217508
0.216652
0.215799
0.214948
0.214100
0.213254
0.212411
0.211570
0.210731
0.209895
0.209061
0.208230
0.207401
0.206575
0.205751
0.204929
0.204110
0.203293
0.202479
0.201666
0.200857
0.200049
0.199244
0.198442
0.197641
0.196843
0.196048
0.195254
0.194464
0.193675
0.192889
0.192105
0.191323
0.190543
0.189766
0.188992
0.188219
0.187449
0.186681
0.185915
0.185152
0.184391
0.183632
0.182875
0.182121
0.181368
0.180618
0.179871
0.179125
0.178382
0.177641
0.176902
0.176165
0.175431
0.174699
0.173969
0.173241
0.172515
0.171792
0.171070
0.170351
0.169634
0.168919
0.168207
0.167496
0.166788
0.166082
0.165377
0.164675
0.163976
0.163278
0.162582
0.161889
0.161197
0.160508
0.159821
0.159135
0.158452
0.157771
0.157092
0.156416
0.155741
0.155068
0.154397
0.153729
0.153062
0.152398
0.151735
0.151075
0.150416
0.149760
0.149106
0.148453
0.147803
0.147155
0.146508
0.145864
0.145222
0.144581
0.143943
0.143306
0.142672
0.142040
0.141409
0.140781
0.140154
0.139529
0.138907
0.138286
0.137667
0.137050
0.136435
0.135822
0.135211
0.134602
0.133995
0.133390
0.132786
0.132185
0.131585
0.130987
0.130392
0.129798
0.129206
0.128615
0.128027
0.127441
0.126856
0.126273
0.125692
0.125113
0.124536
0.123961
0.123387
0.122815
0.122246
0.121677
0.121111
0.120547
0.119984
0.119423
0.118864
0.118307
0.117752
0.117198
0.116646
0.116096
0.115548
0.115001
0.114457
0.113914
0.113373
0.112833
0.112295
0.111759
0.111225
0.110693
0.110162
0.109633
0.109106
0.108580
0.108056
0.107534
0.107014
0.106495
0.105978
0.105463
0.104949
0.104437
0.103927
0.103418
0.102912
0.102406
0.101903
0.101401
0.100901
0.100402
0.099905
0.099410
0.098917
0.098425
0.097934
0.097446
0.096959
0.096473
0.095990
0.095508
0.095027
0.094548
0.094071
0.093595
0.093121
0.092649
0.092178
0.091708
0.091241
0.090775
0.090310
0.089847
0.089386
0.088926
0.088468
0.088011
0.087556
0.087102
0.086650
0.086200
0.085751
0.085303
0.084857
0.084413
0.083970
0.083529
0.083089
0.082651
0.082214
0.081779
0.081345
0.080913
0.080482
0.080053
0.079625
0.079199
0.078774
0.078351
0.077929
0.077509
0.077090
0.076672
0.076256
0.075842
0.075429
0.075017
0.074607
0.074199
0.073791
0.073385
0.072981
0.072578
0.072177
0.071776
0.071378
0.070980
0.070585
0.070190
0.069797
0.069405
0.069015
0.068626
0.068239
0.067853
0.067468
0.067085
0.066703
0.066322
0.065943
0.065565
0.065189
0.064814
0.064440
0.064067
0.063696
0.063327
0.062958
0.062591
0.062225
0.061861
0.061498
0.061136
0.060776
0.060417
0.060059
0.059702
0.059347
0.058993
0.058641
0.058289
0.057939
0.057591
0.057243
0.056897
0.056552
0.056209
0.055867
0.055525
0.055186
0.054847
0.054510
0.054174
0.053839
0.053506
0.053173
0.052842
0.052513
0.052184
0.051857
0.051531
0.051206
0.050882
0.050560
0.050238
0.049918
0.049600
0.049282
0.048966
0.048650
0.048336
0.048023
0.047712
0.047401
0.047092
0.046784
0.046477
0.046171
0.045867
0.045563
0.045261
0.044960
0.044660
0.044361
0.044063
0.043767
0.043471
0.043177
0.042884
0.042592
0.042301
0.042011
0.041722
0.041435
0.041148
0.040863
0.040579
0.040296
0.040014
0.039733
0.039453
0.039174
0.038896
0.038620
0.038344
0.038070
0.037797
0.037524
0.037253
0.036983
0.036714
0.036446
0.036179
0.035913
0.035648
0.035384
0.035121
0.034859
0.034598
0.034339
0.034080
0.033822
0.033565
0.033310
0.033055
0.032801
0.032549
0.032297
0.032046
0.031797
0.031548
0.031300
0.031053
0.030808
0.030563
0.030319
0.030076
0.029834
0.029594
0.029354
0.029115
0.028877
0.028640
0.028403
0.028168
0.027934
0.027701
0.027468
0.027237
0.027006
0.026777
0.026548
0.026320
0.026094
0.025868
0.025643
0.025419
0.025195
0.024973
0.024752
0.024531
0.024311
0.024093
0.023875
0.023658
0.023442
0.023226
0.023012
0.022799
0.022586
0.022374
0.022163
0.021953
0.021744
0.021535
0.021328
0.021121
0.020915
0.020710
0.020506
0.020303
0.020100
0.019898
0.019697
0.019497
0.019298
0.019100
0.018902
0.018705
0.018509
0.018314
0.018119
0.017925
0.017732
0.017540
0.017349
0.017158
0.016969
0.016780
0.016591
0.016404
0.016217
0.016031
0.015846
0.015661
0.015478
0.015295
0.015112
0.014931
0.014750
0.014570
0.014391
0.014212
0.014034
0.013857
0.013681
0.013505
0.013330
0.013156
0.012982
0.012809
0.012637
0.012466
0.012295
0.012125
0.011955
0.011787
0.011618
0.011451
0.011284
0.011118
0.010953
0.010788
0.010624
0.010461
0.010298
0.010136
0.009975
0.009814
0.009654
0.009495
0.009336
0.009178
0.009020
0.008863
0.008707
0.008551
0.008396
0.008242
0.008088
0.007935
0.007782
0.007630
0.007479
0.007328
0.007178
0.007029
0.006880
0.006731
0.006584
0.006436
0.006290
0.006144
0.005999
0.005854
0.005709
0.005566
0.005423
0.005280
0.005138
0.004997
0.004856
0.004715
0.004576
0.004436
0.004298
0.004160
0.004022
0.003885
0.003748
0.003612
0.003477
0.003342
0.003208
0.003074
0.002941
0.002808
0.002675
0.002544
0.002412
0.002282
0.002151
0.002022
0.001892
0.001764
0.001635
0.001508
0.001380
0.001254
0.001127
0.001001
0.000876
0.000751
0.000627
0.000503
0.000380
0.000257
0.000134
0.000012
-0.000109
-0.000230
-0.000351
-0.000471
-0.000591
-0.000710
-0.000829
-0.000947
-0.001065
-0.001183
-0.001300
-0.001416
-0.001533
-0.001648
-0.001764
-0.001878
-0.001993
-0.002107
-0.002220
-0.002334
-0.002446
-0.002559
-0.002671
-0.002782
-0.002893
-0.003004
-0.003114
-0.003224
-0.003333
-0.003442
-0.003551
-0.003659
-0.003767
-0.003875
-0.003982
-0.004088
-0.004195
-0.004301
-0.004406
-0.004511
-0.004616
-0.004720
-0.004824
-0.004928
-0.005031
-0.005134
-0.005237
-0.005339
-0.005441
-0.005542
-0.005643
-0.005744
-0.005844
-0.005944
-0.006044
-0.006143
-0.006242
-0.006341
-0.006439
-0.006537
-0.006635
-0.006732
-0.006829
-0.006925
-0.007022
-0.007117
-0.007213
-0.007308
-0.007403
-0.007498
-0.007592
-0.007686
-0.007779
-0.007873
-0.007966
-0.008058
-0.008151
-0.008243
-0.008334
-0.008426
-0.008517
-0.008608
-0.008698
-0.008788
-0.008878
-0.008968
-0.009057
-0.009146
-0.009234
-0.009323
-0.009411
-0.009499
-0.009586
-0.009673
-0.009760
-0.009847
-0.009933
-0.010019
-0.010105
-0.010190
-0.010275
-0.010360
-0.010445
-0.010529
-0.010613
-0.010697
-0.010781
-0.010864
-0.010947
-0.011030
-0.011112
-0.011194
-0.011276
-0.011358
-0.011439
-0.011520
-0.011601
-0.011682
-0.011762
-0.011842
-0.011922
-0.012002
-0.012081
-0.012160
-0.012239
-0.012318
-0.012396
-0.012474
-0.012552
-0.012630
-0.012707
-0.012784
-0.012861
-0.012938
-0.013014
-0.013090
-0.013166
-0.013242
-0.013318
-0.013393
-0.013468
-0.013543
-0.013617
-0.013691
-0.013766
-0.013839
-0.013913
-0.013986
-0.014060
-0.014133
-0.014205
-0.014278
-0.014350
-0.014422
-0.014494
-0.014566
-0.014637
-0.014709
-0.014780
-0.014850
-0.014921
-0.014991
-0.015062
-0.015132
-0.015201
-0.015271
-0.015340
-0.015409
-0.015478
-0.015547
-0.015616
-0.015684
-0.015752
-0.015820
-0.015888
-0.015955
-0.016023
-0.016090
-0.016157
-0.016224
-0.016290
-0.016357
-0.016423
-0.016489
-0.016555
-0.016620
-0.016686
-0.016751
-0.016816
-0.016881
-0.016945
-0.017010
-0.017074
-0.017138
-0.017202
-0.017266
-0.017330
-0.017393
-0.017456
-0.017519
-0.017582
-0.017645
-0.017707
-0.017770
-0.017832
-0.017894
-0.017956
-0.018017
-0.018079
-0.018140
-0.018201
-0.018262
-0.018323
-0.018384
-0.018444
-0.018504
-0.018565
-0.018625
-0.018684
-0.018744
-0.018803
-0.018863
-0.018922
-0.018981
-0.019040
-0.019098
-0.019157
-0.019215
-0.019273
-0.019331
-0.019389
-0.019447
-0.019504
-0.019562
-0.019619
-0.019676
-0.019733
-0.019790
-0.019846
-0.019903
-0.019959
-0.020015
-0.020071
-0.020127
-0.020183
-0.020239
-0.020294
-0.020349
-0.020404
-0.020459
-0.020514
-0.020569
-0.020624
-0.020678
-0.020732
-0.020786
-0.020840
-0.020894
-0.020948
-0.021001
-0.021055
-0.021108
-0.021161
-0.021214
-0.021267
-0.021320
-0.021372
-0.021425
-0.021477
-0.021529
-0.021581
-0.021633
-0.021685
-0.021736
-0.021788
-0.021839
-0.021890
-0.021942
-0.021992
-0.022043
-0.022094
-0.022145
-0.022195
-0.022245
-0.022295
-0.022345
-0.022395
-0.022445
-0.022495
-0.022544
-0.022594
-0.022643
-0.022692
-0.022741
-0.022790
-0.022839
-0.022888
-0.022936
-0.022984
-0.023033
-0.023081
-0.023129
-0.023177
-0.023225
-0.023272
-0.023320
-0.023367
-0.023415
-0.023462
-0.023509
-0.023556
-0.023603
-0.023649
-0.023696
-0.023742
-0.023789
-0.023835
-0.023881
-0.023927
-0.023973
-0.024019
-0.024065
-0.024110
-0.024156
-0.024201
-0.024246
-0.024291
-0.024336
-0.024381
-0.024426
-0.024471
-0.024515
-0.024560
-0.024604
-0.024648
-0.024692
-0.024736
-0.024780
-0.024824
-0.024868
-0.024911
-0.024955
-0.024998
-0.025041
-0.025084
-0.025127
-0.025170
-0.025213
-0.025256
-0.025298
-0.025341
-0.025383
-0.025426
-0.025468
-0.025510
-0.025552
-0.025594
-0.025636
-0.025677
-0.025719
-0.025760
-0.025802
-0.025843
-0.025884
-0.025925
-0.025966
-0.026007
-0.026048
-0.026089
-0.026129
-0.026170
-0.026210
-0.026250
-0.026290
-0.026331
-0.026371
-0.026410
-0.026450
-0.026490
-0.026530
-0.026569
-0.026609
-0.026648
-0.026687
-0.026726
-0.026765
-0.026804
-0.026843
-0.026882
-0.026920
-0.026959
-0.026997
-0.027036
-0.027074
-0.027112
-0.027150
-0.027189
-0.027226
-0.027264
-0.027302
-0.027340
-0.027377
-0.027415
-0.027452
-0.027489
-0.027527
-0.027564
-0.027601
-0.027638
-0.027675
-0.027711
-0.027748
-0.027785
-0.027821
-0.027858
-0.027894
-0.027930
-0.027966
-0.028002
-0.028038
-0.028074
-0.028110
-0.028146
-0.028182
-0.028217
-0.028253
-0.028288
-0.028323
-0.028359
-0.028394
-0.028429
-0.028464
-0.028499
-0.028533
-0.028568
-0.028603
-0.028637
-0.028672
-0.028706
-0.028741
-0.028775
-0.028809
-0.028843
-0.028877
-0.028911
-0.028945
-0.028979
-0.029013
-0.029046
-0.029080
-0.029113
-0.029147
-0.029180
-0.029213
-0.029246
-0.029279
-0.029312
-0.029345
-0.029378
-0.029411
-0.029444
-0.029476
-0.029509
-0.029541
-0.029574
-0.029606
-0.029638
-0.029670
-0.029702
-0.029734
-0.029766
-0.029798
-0.029830
-0.029862
-0.029893
-0.029925
-0.029956
-0.029988
-0.030019
-0.030051
-0.030082
-0.030113
-0.030144
-0.030175
-0.030206
-0.030237
-0.030268
-0.030298
-0.030329
-0.030359
-0.030390
-0.030420
-0.030451
-0.030481
-0.030511
-0.030541
-0.030572
-0.030602
-0.030632
-0.030661
-0.030691
-0.030721
-0.030751
-0.030780
-0.030810
-0.030839
-0.030869
-0.030898
-0.030927
-0.030957
-0.030986
-0.031015
-0.031044
-0.031073
-0.031102
-0.031130
-0.031159
-0.031188
-0.031216
-0.031245
-0.031273
-0.031302
-0.031330
-0.031359
-0.031387
-0.031415
-0.031443
-0.031471
-0.031499
-0.031527
-0.031555
-0.031583
-0.031610
-0.031638
-0.031666
-0.031693
-0.031721
-0.031748
-0.031775
-0.031803
-0.031830
-0.031857
-0.031884
-0.031911
-0.031938
-0.031965
-0.031992
-0.032019
-0.032046
-0.032072
-0.032099
-0.032126
-0.032152
-0.032179
-0.032205
-0.032231
-0.032258
-0.032284
-0.032310
-0.032336
-0.032362
-0.032388
-0.032414
-0.032440
-0.032466
-0.032492
-0.032517
-0.032543
-0.032568
-0.032594
-0.032619
-0.032645
-0.032670
-0.032696
-0.032721
-0.032746
-0.032771
-0.032796
-0.032821
-0.032846
-0.032871
-0.032896
-0.032921
-0.032946
-0.032970
-0.032995
-0.033020
-0.033044
-0.033069
-0.033093
-0.033117
-0.033142
-0.033166
-0.033190
-0.033214
-0.033239
-0.033263
-0.033287
-0.033311
-0.033335
-0.033358
-0.033382
-0.033406
-0.033430
-0.033453
-0.033477
-0.033500
-0.033524
-0.033547
-0.033571
-0.033594
-0.033617
-0.033641
-0.033664
-0.033687
-0.033710
-0.033733
-0.033756
-0.033779
-0.033802
-0.033825
-0.033848
-0.033870
-0.033893
-0.033916
-0.033938
-0.033961
-0.033983
-0.034006
-0.034028
-0.034051
-0.034073
-0.034095
-0.034117
-0.034140
-0.034162
-0.034184
-0.034206
-0.034228
-0.034250
-0.034272
-0.034294
-0.034315
-0.034337
-0.034359
-0.034380
-0.034402
-0.034424
-0.034445
-0.034467
-0.034488
-0.034509
-0.034531
-0.034552
-0.034573
-0.034595
-0.034616
-0.034637
-0.034658
-0.034679
-0.034700
-0.034721
-0.034742
-0.034763
-0.034783
-0.034804
-0.034825
-0.034846
-0.034866
-0.034887
-0.034907
-0.034928
-0.034948
-0.034969
-0.034989
-0.035010
-0.035030
-0.035050
-0.035070
-0.035090
-0.035111
-0.035131
-0.035151
-0.035171
-0.035191
-0.035211
-0.035231
-0.035250
-0.035270
-0.035290
-0.035310
-0.035329
-0.035349
-0.035369
-0.035388
-0.035408
-0.035427
-0.035447
-0.035466
-0.035485
-0.035505
-0.035524
-0.035543
-0.035562
-0.035581
-0.035601
-0.035620
-0.035639
-0.035658
-0.035677
-0.035696
-0.035715
-0.035733
-0.035752
-0.035771
-0.035790
-0.035808
-0.035827
-0.035846
-0.035864
-0.035883
-0.035901
-0.035920
-0.035938
-0.035957
-0.035975
-0.035993
-0.036012
-0.036030
-0.036048
-0.036066
-0.036084
-0.036103
-0.036121
-0.036139
-0.036157
-0.036175
-0.036193
-0.036210
-0.036228
-0.036246
-0.036264
-0.036282
-0.036299
-0.036317
-0.036335
-0.036352
-0.036370
-0.036387
-0.036405
-0.036422
-0.036440
-0.036457
-0.036475
-0.036492
-0.036509
-0.036526
-0.036544
-0.036561
-0.036578
-0.036595
-0.036612
-0.036629
-0.036646
-0.036663
-0.036680
-0.036697
-0.036714
-0.036731
-0.036748
-0.036765
-0.036781
-0.036798
-0.036815
-0.036832
-0.036848
-0.036865
-0.036881
-0.036898
-0.036914
-0.036931
-0.036947
-0.036964
-0.036980
-0.036996
-0.037013
-0.037029
-0.037045
-0.037062
-0.037078
-0.037094
-0.037110
-0.037126
-0.037142
-0.037158
-0.037174
-0.037190
-0.037206
-0.037222
-0.037238
-0.037254
-0.037270
-0.037285
-0.037301
-0.037317
-0.037333
-0.037348
-0.037364
-0.037380
-0.037395
-0.037411
-0.037426
-0.037442
-0.037457
-0.037473
-0.037488
-0.037504
-0.037519
-0.037534
-0.037550
-0.037565
-0.037580
-0.037595
-0.037610
-0.037626
-0.037641
-0.037656
-0.037671
-0.037686
-0.037701
-0.037716
-0.037731
-0.037746
-0.037761
-0.037776
-0.037791
-0.037805
-0.037820
-0.037835
-0.037850
-0.037864
-0.037879
-0.037894
-0.037908
-0.037923
-0.037938
-0.037952
-0.037967
-0.037981
-0.037996
-0.038010
-0.038024
-0.038039
-0.038053
-0.038068
-0.038082
-0.038096
-0.038110
-0.038125
-0.038139
-0.038153
-0.038167
-0.038181
-0.038196
-0.038210
-0.038224
-0.038238
-0.038252
-0.038266
-0.038280
-0.038294
-0.038308
-0.038321
-0.038335
-0.038349
-0.038363
-0.038377
-0.038391
-0.038404
-0.038418
-0.038432
-0.038445
-0.038459
-0.038473
-0.038486
-0.038500
-0.038513
-0.038527
-0.038540
-0.038554
-0.038567
-0.038581
-0.038594
-0.038607
-0.038621
-0.038634
-0.038647
-0.038661
-0.038674
-0.038687
-0.038700
-0.038714
-0.038727
-0.038740
-0.038753
-0.038766
-0.038779
-0.038792
-0.038805
-0.038818
-0.038831
-0.038844
-0.038857
-0.038870
-0.038883
-0.038896
-0.038909
-0.038922
-0.038935
-0.038947
-0.038960
-0.038973
-0.038986
-0.038998
-0.039011
-0.039024
-0.039036
-0.039049
-0.039062
-0.039074
-0.039087
-0.039099
-0.039112
-0.039124
-0.039137
-0.039149
-0.039162
-0.039174
-0.039186
-0.039199
-0.039211
-0.039223
-0.039236
-0.039248
-0.039260
-0.039272
-0.039285
-0.039297
-0.039309
-0.039321
-0.039333
-0.039345
-0.039358
-0.039370
-0.039382
-0.039394
-0.039406
-0.039418
-0.039430
-0.039442
-0.039454
-0.039466
-0.039478
-0.039489
-0.039501
-0.039513
-0.039525
-0.039537
-0.039549
-0.039560
-0.039572
-0.039584
-0.039595
-0.039607
-0.039619
-0.039630
-0.039642
-0.039654
-0.039665
-0.039677
-0.039688
-0.039700
-0.039712
-0.039723
-0.039735
-0.039746
-0.039757
-0.039769
-0.039780
-0.039792
-0.039803
-0.039814
-0.039826
-0.039837
-0.039848
-0.039860
-0.039871
-0.039882
-0.039893
-0.039905
-0.039916
-0.039927
-0.039938
-0.039949
-0.039960
-0.039972
-0.039983
-0.039994
-0.040005
-0.040016
-0.040027
-0.040038
-0.040049
-0.040060
-0.040071
-0.040082
-0.040093
-0.040104
-0.040114
-0.040125
-0.040136
-0.040147
-0.040158
-0.040169
-0.040179
-0.040190
-0.040201
-0.040212
-0.040222
-0.040233
-0.040244
-0.040254
-0.040265
-0.040276
-0.040286
-0.040297
-0.040308
-0.040318
-0.040329
-0.040339
-0.040350
-0.040360
-0.040371
-0.040381
-0.040392
-0.040402
-0.040413
-0.040423
-0.040433
-0.040444
-0.040454
-0.040464
-0.040475
-0.040485
-0.040495
-0.040506
-0.040516
-0.040526
-0.040537
-0.040547
-0.040557
-0.040567
-0.040577
-0.040588
-0.040598
-0.040608
-0.040618
-0.040628
-0.040638
-0.040648
-0.040658
-0.040668
-0.040678
-0.040688
-0.040698
-0.040708
-0.040718
-0.040728
-0.040738
-0.040748
-0.040758
-0.040768
-0.040778
-0.040788
-0.040798
-0.040807
-0.040817
-0.040827
-0.040837
-0.040847
-0.040857
-0.040866
-0.040876
-0.040886
-0.040895
-0.040905
-0.040915
-0.040925
-0.040934
-0.040944
-0.040954
-0.040963
-0.040973
-0.040982
-0.040992
-0.041001
-0.041011
-0.041021
-0.041030
-0.041040
-0.041049
-0.041059
-0.041068
-0.041078
-0.041087
-0.041096
-0.041106
-0.041115
-0.041125
-0.041134
-0.041143
-0.041153
-0.041162
-0.041171
-0.041181
-0.041190
-0.041199
-0.041209
-0.041218
-0.041227
-0.041236
-0.041246
-0.041255
-0.041264
-0.041273
-0.041282
-0.041292
-0.041301
-0.041310
-0.041319
-0.041328
-0.041337
-0.041346
-0.041355
-0.041364
-0.041374
-0.041383
-0.041392
-0.041401
-0.041410
-0.041419
-0.041428
-0.041437
-0.041446
-0.041454
-0.041463
-0.041472
-0.041481
-0.041490
-0.041499
-0.041508
-0.041517
-0.041526
-0.041534
-0.041543
-0.041552
-0.041561
-0.041570
-0.041578
-0.041587
-0.041596
-0.041605
-0.041613
-0.041622
-0.041631
-0.041640
-0.041648
-0.041657
-0.041666
-0.041674
-0.041683
-0.041692
-0.041700
-0.041709
-0.041717
-0.041726
-0.041735
-0.041743
-0.041752
-0.041760
-0.041769
-0.041777
-0.041786
-0.041794
-0.041803
-0.041811
-0.041820
-0.041828
-0.041837
-0.041845
-0.041853
-0.041862
-0.041870
-0.041879
-0.041887
-0.041895
-0.041904
-0.041912
-0.041920
-0.041929
-0.041937
-0.041945
-0.041954
-0.041962
-0.041970
-0.041978
-0.041987
-0.041995
-0.042003
-0.042011
-0.042020
-0.042028
-0.042036
-0.042044
-0.042052
-0.042060
-0.042069
-0.042077
-0.042085
-0.042093
-0.042101
-0.042109
-0.042117
-0.042125
-0.042133
-0.042142
-0.042150
-0.042158
-0.042166
-0.042174
-0.042182
-0.042190
-0.042198
-0.042206
-0.042214
-0.042222
-0.042230
-0.042237
-0.042245
-0.042253
-0.042261
-0.042269
-0.042277
-0.042285
-0.042293
-0.042301
-0.042309
-0.042316
-0.042324
-0.042332
-0.042340
-0.042348
-0.042355
-0.042363
-0.042371
-0.042379
-0.042387
-0.042394
-0.042402
-0.042410
-0.042418
-0.042425
-0.042433
-0.042441
-0.042448
-0.042456
-0.042464
-0.042471
-0.042479
-0.042487
-0.042494
-0.042502
-0.042510
-0.042517
-0.042525
-0.042532
-0.042540
-0.042547
-0.042555
-0.042563
-0.042570
-0.042578
-0.042585
-0.042593
-0.042600
-0.042608
-0.042615
-0.042623
-0.042630
-0.042638
-0.042645
-0.042653
-0.042660
-0.042667
-0.042675
-0.042682
-0.042690
-0.042697
-0.042704
-0.042712
-0.042719
-0.042727
-0.042734
-0.042741
-0.042749
-0.042756
-0.042763
-0.042771
-0.042778
-0.042785
-0.042793
-0.042800
-0.042807
-0.042814
-0.042822
-0.042829
-0.042836
-0.042843
-0.042851
-0.042858
-0.042865
-0.042872
-0.042879
-0.042887
-0.042894
-0.042901
-0.042908
-0.042915
-0.042922
-0.042930
-0.042937
-0.042944
-0.042951
-0.042958
-0.042965
-0.042972
-0.042979
-0.042986
-0.042993
-0.043000
-0.043008
-0.043015
-0.043022
-0.043029
-0.043036
-0.043043
-0.043050
-0.043057
-0.043064
-0.043071
-0.043078
-0.043085
-0.043092
-0.043099
-0.043105
-0.043112
-0.043119
-0.043126
-0.043133
-0.043140
-0.043147
-0.043154
-0.043161
-0.043168
-0.043175
-0.043181
-0.043188
-0.043195
-0.043202
-0.043209
-0.043216
-0.043222
-0.043229
-0.043236
-0.043243
-0.043250
-0.043256
-0.043263
-0.043270
-0.043277
-0.043284
-0.043290
-0.043297
-0.043304
-0.043310
-0.043317
-0.043324
-0.043331
-0.043337
-0.043344
-0.043351
-0.043357
-0.043364
-0.043371
-0.043377
-0.043384
-0.043391
-0.043397
-0.043404
-0.043411
-0.043417
-0.043424
-0.043430
-0.043437
-0.043444
-0.043450
-0.043457
-0.043463
-0.043470
-0.043476
-0.043483
-0.043490
-0.043496
-0.043503
-0.043509
-0.043516
-0.043522
-0.043529
-0.043535
-0.043542
-0.043548
-0.043555
-0.043561
-0.043568
-0.043574
-0.043580
-0.043587
-0.043593
-0.043600
-0.043606
-0.043613
-0.043619
-0.043625
-0.043632
-0.043638
-0.043645
-0.043651
-0.043657
-0.043664
-0.043670
-0.043676
-0.043683
-0.043689
-0.043695
-0.043702
-0.043708
-0.043714
-0.043721
-0.043727
-0.043733
-0.043740
-0.043746
-0.043752
-0.043758
-0.043765
-0.043771
-0.043777
-0.043783
-0.043790
-0.043796
-0.043802
-0.043808
-0.043815
-0.043821
-0.043827
-0.043833
-0.043839
-0.043846
-0.043852
-0.043858
-0.043864
-0.043870
-0.043876
-0.043883
-0.043889
-0.043895
-0.043901
-0.043907
-0.043913
-0.043919
-0.043926
-0.043932
-0.043938
-0.043944
-0.043950
-0.043956
-0.043962
-0.043968
-0.043974
-0.043980
-0.043986
-0.043992
-0.043998
-0.044004
-0.044010
-0.044017
-0.044023
-0.044029
-0.044035
-0.044041
-0.044047
-0.044053
-0.044059
-0.044065
-0.044070
-0.044076
-0.044082
-0.044088
-0.044094
-0.044100
-0.044106
-0.044112
-0.044118
-0.044124
-0.044130
-0.044136
-0.044142
-0.044148
-0.044154
-0.044159
-0.044165
-0.044171
-0.044177
-0.044183
-0.044189
-0.044195
-0.044200
-0.044206
-0.044212
-0.044218
-0.044224
-0.044230
-0.044235
-0.044241
-0.044247
-0.044253
-0.044259
-0.044265
-0.044270
-0.044276
-0.044282
-0.044288
-0.044293
-0.044299
-0.044305
-0.044311
-0.044316
-0.044322
-0.044328
-0.044334
-0.044339
-0.044345
-0.044351
-0.044356
-0.044362
-0.044368
-0.044374
-0.044379
-0.044385
-0.044391
-0.044396
-0.044402
-0.044408
-0.044413
-0.044419
-0.044425
-0.044430
-0.044436
-0.044442
-0.044447
-0.044453
-0.044458
-0.044464
-0.044470
-0.044475
-0.044481
-0.044486
-0.044492
-0.044498
-0.044503
-0.044509
-0.044514
-0.044520
-0.044525
-0.044531
-0.044537
-0.044542
-0.044548
-0.044553
-0.044559
-0.044564
-0.044570
-0.044575
-0.044581
-0.044586
-0.044592
-0.044597
-0.044603
-0.044608
-0.044614
-0.044619
-0.044625
-0.044630
-0.044636
-0.044641
-0.044647
-0.044652
-0.044657
-0.044663
-0.044668
-0.044674
-0.044679
-0.044685
-0.044690
-0.044695
-0.044701
-0.044706
-0.044712
-0.044717
-0.044722
-0.044728
-0.044733
-0.044738
-0.044744
-0.044749
-0.044755
-0.044760
-0.044765
-0.044771
-0.044776
-0.044781
-0.044787
-0.044792
-0.044797
-0.044803
-0.044808
-0.044813
-0.044819
-0.044824
-0.044829
-0.044834
-0.044840
-0.044845
-0.044850
-0.044856
-0.044861
-0.044866
-0.044871
-0.044877
-0.044882
-0.044887
-0.044892
-0.044898
-0.044903
-0.044908
-0.044913
-0.044918
-0.044924
-0.044929
-0.044934
-0.044939
-0.044945
-0.044950
-0.044955
-0.044960
-0.044965
-0.044970
-0.044976
-0.044981
-0.044986
-0.044991
-0.044996
-0.045001
-0.045007
-0.045012
-0.045017
-0.045022
-0.045027
-0.045032
-0.045037
-0.045042
-0.045048
-0.045053
-0.045058
-0.045063
-0.045068
-0.045073
-0.045078
-0.045083
-0.045088
-0.045093
-0.045099
-0.045104
-0.045109
-0.045114
-0.045119
-0.045124
-0.045129
-0.045134
-0.045139
-0.045144
-0.045149
-0.045154
-0.045159
-0.045164
-0.045169
-0.045174
-0.045179
-0.045184
-0.045189
-0.045194
-0.045199
-0.045204
-0.045209
-0.045214
-0.045219
-0.045224
-0.045229
-0.045234
-0.045239
-0.045244
-0.045249
-0.045254
-0.045259
-0.045264
-0.045269
-0.045273
-0.045278
-0.045283
-0.045288
-0.045293
-0.045298
-0.045303
-0.045308
-0.045313
-0.045318
-0.045323
-0.045327
-0.045332
-0.045337
-0.045342
-0.045347
-0.045352
-0.045357
-0.045361
-0.045366
-0.045371
-0.045376
-0.045381
-0.045386
-0.045391
-0.045395
-0.045400
-0.045405
-0.045410
-0.045415
-0.045419
-0.045424
-0.045429
-0.045434
-0.045439
-0.045444
-0.045448
-0.045453
-0.045458
-0.045463
-0.045467
-0.045472
-0.045477
-0.045482
-0.045486
-0.045491
-0.045496
-0.045501
-0.045505
-0.045510
-0.045515
-0.045520
-0.045524
-0.045529
-0.045534
-0.045539
-0.045543
-0.045548
-0.045553
-0.045557
-0.045562
-0.045567
-0.045572
-0.045576
-0.045581
-0.045586
-0.045590
-0.045595
-0.045600
-0.045604
-0.045609
-0.045614
-0.045618
-0.045623
-0.045628
-0.045632
-0.045637
-0.045642
-0.045646
-0.045651
-0.045655
-0.045660
-0.045665
-0.045669
-0.045674
-0.045678
-0.045683
-0.045688
-0.045692
-0.045697
-0.045701
-0.045706
-0.045711
-0.045715
-0.045720
-0.045724
-0.045729
-0.045734
-0.045738
-0.045743
-0.045747
-0.045752
-0.045756
-0.045761
-0.045765
-0.045770
-0.045775
-0.045779
-0.045784
-0.045788
-0.045793
-0.045797
-0.045802
-0.045806
-0.045811

