0.000000
0.000000
-0.000025
-0.000051
-0.000077
-0.000102
-0.000127
-0.000152
-0.000176
-0.000200
-0.000224
-0.000247
-0.000270
-0.000292
-0.000315
-0.000337
-0.000358
-0.000380
-0.000401
-0.000422
-0.000443
-0.000464
-0.000485
-0.000505
-0.000526
-0.000546
-0.000566
-0.000586
-0.000606
-0.000626
-0.000646
-0.000666
-0.000686
-0.000706
-0.000726
-0.000745
-0.000765
-0.000785
-0.000804
-0.000824
-0.000843
-0.000863
-0.000882
-0.000902
-0.000921
-0.000941
-0.000960
-0.000979
-0.000999
-0.001018
-0.001038
-0.001057
-0.001077
-0.001096
-0.001115
-0.001135
-0.001154
-0.001174
-0.001193
-0.001212
-0.001232
-0.001251
-0.001271
-0.001290
-0.001310
-0.001329
-0.001349
-0.001368
-0.001388
-0.001407
-0.001427
-0.001446
-0.001466
-0.001486
-0.001505
-0.001525
-0.001544
-0.001564
-0.001584
-0.001603
-0.001623
-0.001643
-0.001663
-0.001682
-0.001702
-0.001722
-0.001742
-0.001762
-0.001782
-0.001801
-0.001821
-0.001841
-0.001861
-0.001881
-0.001901
-0.001921
-0.001941
-0.001961
-0.001981
-0.002001
-0.002022
-0.002042
-0.002062
-0.002082
-0.002102
-0.002122
-0.002143
-0.002163
-0.002183
-0.002203
-0.002224
-0.002244
-0.002265
-0.002285
-0.002305
-0.002326
-0.002346
-0.002367
-0.002387
-0.002408
-0.002428
-0.002449
-0.002469
-0.002490
-0.002511
-0.002531
-0.002552
-0.002572
-0.002593
-0.002614
-0.002635
-0.002655
-0.002676
-0.002697
-0.002718
-0.002739
-0.002759
-0.002780
-0.002801
-0.002822
-0.002843
-0.002864
-0.002885
-0.002906
-0.002927
-0.002948
-0.002969
-0.002990
-0.003011
-0.003032
-0.003053
-0.003075
-0.003096
-0.003117
-0.003138
-0.003159
-0.003181
-0.003202
-0.003223
-0.003244
-0.003266
-0.003287
-0.003308
-0.003330
-0.003351
-0.003372
-0.003394
-0.003415
-0.003437
-0.003458
-0.003480
-0.003501
-0.003523
-0.003544
-0.003566
-0.003587
-0.003609
-0.003630
-0.003652
-0.003674
-0.003695
-0.003717
-0.003738
-0.003760
-0.003782
-0.003803
-0.003825
-0.003847
-0.003869
-0.003890
-0.003912
-0.003934
-0.003956
-0.003978
-0.003999
-0.004021
-0.004043
-0.004065
-0.004087
-0.004109
-0.004131
-0.004152
-0.004174
-0.004196
-0.004218
-0.004240
-0.004262
-0.004284
-0.004306
-0.004328
-0.004350
-0.004372
-0.004394
-0.004416
-0.004438
-0.004460
-0.004482
-0.004505
-0.004527
-0.004549
-0.004571
-0.004593
-0.004615
-0.004637
-0.004660
-0.004682
-0.004704
-0.004726
-0.004748
-0.004771
-0.004793
-0.004815
-0.004837
-0.004860
-0.004882
-0.004904
-0.004926
-0.004949
-0.004971
-0.004993
-0.005016
-0.005038
-0.005060
-0.005083
-0.005105
-0.005127
-0.005150
-0.005172
-0.005194
-0.005217
-0.005239
-0.005262
-0.005284
-0.005306
-0.005329
-0.005351
-0.005374
-0.005396
-0.005419
-0.005441
-0.005464
-0.005486
-0.005509
-0.005531
-0.005554
-0.005576
-0.005599
-0.005621
-0.005644
-0.005666
-0.005689
-0.005711
-0.005734
-0.005756
-0.005779
-0.005801
-0.005824
-0.005847
-0.005869
-0.005892
-0.005914
-0.005937
-0.005960
-0.005982
-0.006005
-0.006027
-0.006050
-0.006073
-0.006095
-0.006118
-0.006141
-0.006163
-0.006186
-0.006209
-0.006231
-0.006254
-0.006277
-0.006299
-0.006322
-0.006345
-0.006367
-0.006390
-0.006413
-0.006435
-0.006458
-0.006481
-0.006503
-0.006526
-0.006549
-0.006572
-0.006594
-0.006617
-0.006640
-0.006662
-0.006685
-0.006708
-0.006731
-0.006753
-0.006776
-0.006799
-0.006822
-0.006844
-0.006867
-0.006890
-0.006913
-0.006935
-0.006958
-0.006981
-0.007004
-0.007026
-0.007049
-0.007072
-0.007095
-0.007117
-0.007140
-0.007163
-0.007186
-0.007208
-0.007231
-0.007254
-0.007277
-0.007300
-0.007322
-0.007345
-0.007368
-0.007391
-0.007414
-0.007436
-0.007459
-0.007482
-0.007505
-0.007527
-0.007550
-0.007573
-0.007596
-0.007619
-0.007641
-0.007664
-0.007687
-0.007710
-0.007733
-0.007755
-0.007778
-0.007801
-0.007824
-0.007847
-0.007869
-0.007892
-0.007915
-0.007938
-0.007960
-0.007983
-0.008006
-0.008029
-0.008052
-0.008074
-0.008097
-0.008120
-0.008143
-0.008166
-0.008188
-0.008211
-0.008234
-0.008257
-0.008279
-0.008302
-0.008325
-0.008348
-0.008371
-0.008393
-0.008416
-0.008439
-0.008462
-0.008484
-0.008507
-0.008530
-0.008553
-0.008575
-0.008598
-0.008621
-0.008644
-0.008666
-0.008689
-0.008712
-0.008735
-0.008757
-0.008780
-0.008803
-0.008826
-0.008848
-0.008871
-0.008894
-0.008917
-0.008939
-0.008962
-0.008985
-0.009008
-0.009030
-0.009053
-0.009076
-0.009098
-0.009121
-0.009144
-0.009167
-0.009189
-0.009212
-0.009235
-0.009257
-0.009280
-0.009303
-0.009325
-0.009348
-0.009371
-0.009393
-0.009416
-0.009439
-0.009461
-0.009484
-0.009507
-0.009529
-0.009552
-0.009575
-0.009597
-0.009620
-0.009643
-0.009665
-0.009688
-0.009710
-0.009733
-0.009756
-0.009778
-0.009801
-0.009824
-0.009846
-0.009869
-0.009891
-0.009914
-0.009937
-0.009959
-0.009982
-0.010004
-0.010027
-0.010049
-0.010072
-0.010095
-0.010117
-0.010140
-0.010162
-0.010185
-0.010207
-0.010230
-0.010252
-0.010275
-0.010297
-0.010320
-0.010342
-0.010365
-0.010387
-0.010410
-0.010432
-0.010455
-0.010477
-0.010500
-0.010522
-0.010545
-0.010567
-0.010590
-0.010612
-0.010635
-0.010657
-0.010680
-0.010702
-0.010724
-0.010747
-0.010769
-0.010792
-0.010814
-0.010837
-0.010859
-0.010881
-0.010904
-0.010926
-0.010949
-0.010971
-0.010993
-0.011016
-0.011038
-0.011060
-0.011083
-0.011105
-0.011127
-0.011150
-0.011172
-0.011194
-0.011217
-0.011239
-0.011261
-0.011284
-0.011306
-0.011328
-0.011351
-0.011373
-0.011395
-0.011417
-0.011440
-0.011462
-0.011484
-0.011506
-0.011529
-0.011551
-0.011573
-0.011595
-0.011617
-0.011640
-0.011662
-0.011684
-0.011706
-0.011728
-0.011751
-0.011773
-0.011795
-0.011817
-0.011839
-0.011861
-0.011884
-0.011906
-0.011928
-0.011950
-0.011972
-0.011994
-0.012016
-0.012038
-0.012061
-0.012083
-0.012105
-0.012127
-0.012149
-0.012171
-0.012193
-0.012215
-0.012237
-0.012259
-0.012281
-0.012303
-0.012325
-0.012347
-0.012369
-0.012391
-0.012413
-0.012435
-0.012457
-0.012479
-0.012501
-0.012523
-0.012545
-0.012567
-0.012589
-0.012611
-0.012633
-0.012655
-0.012676
-0.012698
-0.012720
-0.012742
-0.012764
-0.012786
-0.012808
-0.012830
-0.012851
-0.012873
-0.012895
-0.012917
-0.012939
-0.012961
-0.012982
-0.013004
-0.013026
-0.013048
-0.013070
-0.013091
-0.013113
-0.013135
-0.013157
-0.013178
-0.013200
-0.013222
-0.013244
-0.013265
-0.013287
-0.013309
-0.013330
-0.013352
-0.013374
-0.013395
-0.013417
-0.013439
-0.013460
-0.013482
-0.013504
-0.013525
-0.013547
-0.013569
-0.013590
-0.013612
-0.013633
-0.013655
-0.013677
-0.013698
-0.013720
-0.013741
-0.013763
-0.013784
-0.013806
-0.013827
-0.013849
-0.013870
-0.013892
-0.013913
-0.013935
-0.013956
-0.013978
-0.013999
-0.014021
-0.014042
-0.014064
-0.014085
-0.014106
-0.014128
-0.014149
-0.014171
-0.014192
-0.014213
-0.014235
-0.014256
-0.014278
-0.014299
-0.014320
-0.014342
-0.014363
-0.014384
-0.014406
-0.014427
-0.014448
-0.014469
-0.014491
-0.014512
-0.014533
-0.014555
-0.014576
-0.014597
-0.014618
-0.014640
-0.014661
-0.014682
-0.014703
-0.014724
-0.014746
-0.014767
-0.014788
-0.014809
-0.014830
-0.014851
-0.014872
-0.014894
-0.014915
-0.014936
-0.014957
-0.014978
-0.014999
-0.015020
-0.015041
-0.015062
-0.015083
-0.015104
-0.015125
-0.015146
-0.015168
-0.015189
-0.015210
-0.015231
-0.015252
-0.015272
-0.015293
-0.015314
-0.015335
-0.015356
-0.015377
-0.015398
-0.015419
-0.015440
-0.015461
-0.015482
-0.015503
-0.015524
-0.015544
-0.015565
-0.015586
-0.015607
-0.015628
-0.015649
-0.015670
-0.015690
-0.015711
-0.015732
-0.015753
-0.015774
-0.015794
-0.015815
-0.015836
-0.015857
-0.015877
-0.015898
-0.015919
-0.015939
-0.015960
-0.015981
-0.016002
-0.016022
-0.016043
-0.016064
-0.016084
-0.016105
-0.016125
-0.016146
-0.016167
-0.016187
-0.016208
-0.016228
-0.016249
-0.016270
-0.016290
-0.016311
-0.016331
-0.016352
-0.016372
-0.016393
-0.016413
-0.016434
-0.016454
-0.016475
-0.016495
-0.016516
-0.016536
-0.016557
-0.016577
-0.016598
-0.016618
-0.016638
-0.016659
-0.016679
-0.016700
-0.016720
-0.016740
-0.016761
-0.016781
-0.016801
-0.016822
-0.016842
-0.016862
-0.016883
-0.016903
-0.016923
-0.016944
-0.016964
-0.016984
-0.017004
-0.017025
-0.017045
-0.017065
-0.017085
-0.017106
-0.017126
-0.017146
-0.017166
-0.017186
-0.017207
-0.017227
-0.017247
-0.017267
-0.017287
-0.017307
-0.017327
-0.017348
-0.017368
-0.017388
-0.017408
-0.017428
-0.017448
-0.017468
-0.017488
-0.017508
-0.017528
-0.017548
-0.017568
-0.017588
-0.017608
-0.017628
-0.017648
-0.017668
-0.017688
-0.017708
-0.017728
-0.017748
-0.017768
-0.017788
-0.017808
-0.017828
-0.017847
-0.017867
-0.017887
-0.017907
-0.017927
-0.017947
-0.017967
-0.017986
-0.018006
-0.018026
-0.018046
-0.018066
-0.018085
-0.018105
-0.018125
-0.018145
-0.018164
-0.018184
-0.018204
-0.018224
-0.018243
-0.018263
-0.018283
-0.018302
-0.018322
-0.018342
-0.018361
-0.018381
-0.018401
-0.018420
-0.018440
-0.018459
-0.018479
-0.018499
-0.018518
0.485037
1.267360
2.186323
2.814075
3.255466
3.575106
3.810875
3.986065
4.115689
4.209894
4.271972
4.309095
4.326456
4.327919
4.316462
4.294445
4.263775
4.226018
4.182473
4.134233
4.082206
4.027162
3.969754
3.910542
3.849987
3.788486
3.726385
3.663963
3.601459
3.539090
3.477020
3.415393
3.354340
3.293956
3.234325
3.175524
3.117604
3.060610
3.004584
2.949551
2.895531
2.842539
2.790593
2.739692
2.689836
2.641029
2.593265
2.546535
2.500831
2.456145
2.412464
2.369775
2.328062
2.287310
2.247509
2.208638
2.170681
2.133620
2.097438
2.062122
2.027650
1.994006
1.961171
1.929127
1.897858
1.867351
1.837584
1.808540
1.780203
1.752556
1.725583
1.699270
1.673599
1.648556
1.624124
1.600288
1.577035
1.554348
1.532214
1.510621
1.489555
1.469001
1.448947
1.429380
1.410287
1.391656
1.373475
1.355733
1.338418
1.321520
1.305028
1.288931
1.273218
1.257880
1.242907
1.228289
1.214016
1.200079
1.186470
1.173179
1.160199
1.147521
1.135137
1.123040
1.111223
1.099676
1.088394
1.077369
1.066593
1.056061
1.045766
1.035701
1.025860
1.016238
1.006828
0.997624
0.988621
0.979814
0.971197
0.962765
0.954514
0.946438
0.938533
0.930794
0.923217
0.915798
0.908531
0.901414
0.894441
0.887609
0.880915
0.874353
0.867922
0.861617
0.855435
0.849372
0.843426
0.837593
0.831871
0.826255
0.820744
0.815335
0.810024
0.804810
0.799689
0.794660
0.789719
0.784864
0.780093
0.775405
0.770795
0.766264
0.761807
0.757425
0.753113
0.748871
0.744697
0.740590
0.736546
0.732566
0.728646
0.724786
0.720983
0.717237
0.713545
0.709907
0.706321
0.702785
0.699299
0.695861
0.692470
0.689124
0.685823
0.682565
0.679349
0.676174
0.673039
0.669943
0.666886
0.663865
0.660881
0.657932
0.655017
0.652136
0.649287
0.646471
0.643685
0.640930
0.638205
0.635508
0.632839
0.630198
0.627584
0.624996
0.622433
0.619896
0.617382
0.614893
0.612427
0.609983
0.607562
0.605162
0.602783
0.600425
0.598087
0.595769
0.593470
0.591190
0.588929
0.586685
0.584459
0.582250
0.580058
0.577883
0.575723
0.573580
0.571451
0.569338
0.567240
0.565156
0.563087
0.561031
0.558989
0.556960
0.554945
0.552942
0.550951
0.548973
0.547007
0.545053
0.543111
0.541180
0.539260
0.537351
0.535453
0.533565
0.531688
0.529821
0.527964
0.526117
0.524280
0.522452
0.520633
0.518824
0.517024
0.515232
0.513449
0.511675
0.509909
0.508151
0.506402
0.504661
0.502927
0.501202
0.499484
0.497773
0.496070
0.494375
0.492686
0.491005
0.489331
0.487664
0.486003
0.484350
0.482703
0.481062
0.479428
0.477801
0.476180
0.474565
0.472956
0.471353
0.469757
0.468166
0.466581
0.465002
0.463429
0.461862
0.460300
0.458743
0.457193
0.455647
0.454107
0.452573
0.451043
0.449519
0.448001
0.446487
0.444978
0.443475
0.441976
0.440482
0.438994
0.437510
0.436031
0.434556
0.433087
0.431622
0.430162
0.428706
0.427255
0.425809
0.424367
0.422930
0.421497
0.420069
0.418645
0.417225
0.415810
0.414398
0.412992
0.411589
0.410191
0.408797
0.407407
0.406021
0.404639
0.403262
0.401888
0.400519
0.399153
0.397792
0.396435
0.395081
0.393731
0.392386
0.391044
0.389706
0.388372
0.387042
0.385716
0.384393
0.383074
0.381759
0.380448
0.379140
0.377836
0.376536
0.375240
0.373947
0.372658
0.371372
0.370090
0.368812
0.367537
0.366266
0.364998
0.363734
0.362473
0.361216
0.359963
0.358713
0.357466
0.356223
0.354983
0.353747
0.352514
0.351285
0.350059
0.348836
0.347617
0.346401
0.345188
0.343979
0.342773
0.341571
0.340371
0.339175
0.337983
0.336793
0.335607
0.334425
0.333245
0.332069
0.330896
0.329726
0.328559
0.327396
0.326236
0.325079
0.323925
0.322774
0.321627
0.320482
0.319341
0.318203
0.317068
0.315936
0.314807
0.313681
0.312559
0.311439
0.310323
0.309209
0.308099
0.306992
0.305887
0.304786
0.303688
0.302592
0.301500
0.300411
0.299325
0.298241
0.297161
0.296084
0.295009
0.293938
0.292870
0.291804
0.290741
0.289682
0.288625
0.287571
0.286520
0.285472
0.284427
0.283384
0.282345
0.281308
0.280274
0.279244
0.278216
0.277190
0.276168
0.275148
0.274132
0.273118
0.272107
0.271098
0.270093
0.269090
0.268090
0.267093
0.266098
0.265107
0.264118
0.263132
0.262148
0.261167
0.260189
0.259214
0.258242
0.257272
0.256305
0.255340
0.254378
0.253419
0.252463
0.251509
0.250558
0.249610
0.248664
0.247721
0.246781
0.245843
0.244908
0.243975
0.243045
0.242118
0.241193
0.240271
0.239351
0.238434
0.237520
0.236608
0.235699
0.234792
0.233888
0.232987
0.232088
0.231191
0.230297
0.229406
0.228517
0.227631
0.226747
0.225866
0.224987
0.224111
0.223237
0.222366
0.221497
0.220630
0.219766
0.218905
0.218046
0.217190
0.216335
0.215484
0.214635
0.213788
0.212944
0.212102
0.211262
0.210425
0.209590
0.208758
0.207928
0.207101
0.206276
0.205453
0.204633
0.203815
0.202999
0.202186
0.201375
0.200566
0.199760
0.198956
0.198155
0.197355
0.196559
0.195764
0.194972
0.194182
0.193394
0.192609
0.191826
0.191045
0.190266
0.189490
0.188716
0.187944
0.187175
0.186408
0.185643
0.184880
0.184120
0.183362
0.182606
0.181852
0.181100
0.180351
0.179604
0.178859
0.178116
0.177376
0.176638
0.175902
0.175168
0.174436
0.173706
0.172979
0.172254
0.171531
0.170810
0.170091
0.169374
0.168660
0.167947
0.167237
0.166529
0.165823
0.165119
0.164417
0.163718
0.163020
0.162325
0.161631
0.160940
0.160251
0.159564
0.158879
0.158196
0.157515
0.156836
0.156159
0.155485
0.154812
0.154141
0.153473
0.152806
0.152142
0.151479
0.150818
0.150160
0.149503
0.148849
0.148197
0.147546
0.146898
0.146251
0.145607
0.144964
0.144323
0.143685
0.143048
0.142414
0.141781
0.141150
0.140521
0.139894
0.139269
0.138647
0.138025
0.137406
0.136789
0.136174
0.135560
0.134949
0.134339
0.133732
0.133126
0.132522
0.131920
0.131320
0.130722
0.130125
0.129531
0.128938
0.128348
0.127759
0.127172
0.126586
0.126003
0.125422
0.124842
0.124264
0.123688
0.123114
0.122542
0.121971
0.121402
0.120836
0.120270
0.119707
0.119146
0.118586
0.118028
0.117472
0.116918
0.116365
0.115814
0.115265
0.114718
0.114172
0.113629
0.113087
0.112546
0.112008
0.111471
0.110936
0.110403
0.109871
0.109341
0.108813
0.108287
0.107762
0.107239
0.106717
0.106198
0.105680
0.105164
0.104649
0.104136
0.103625
0.103116
0.102608
0.102101
0.101597
0.101094
0.100593
0.100093
0.099596
0.099099
0.098605
0.098112
0.097620
0.097131
0.096643
0.096156
0.095671
0.095188
0.094706
0.094226
0.093748
0.093271
0.092796
0.092322
0.091850
0.091380
0.090911
0.090444
0.089978
0.089514
0.089051
0.088590
0.088130
0.087673
0.087216
0.086761
0.086308
0.085856
0.085406
0.084957
0.084510
0.084065
0.083620
0.083178
0.082737
0.082297
0.081859
0.081422
0.080987
0.080554
0.080122
0.079691
0.079262
0.078834
0.078408
0.077983
0.077560
0.077138
0.076718
0.076299
0.075882
0.075466
0.075051
0.074638
0.074227
0.073817
0.073408
0.073001
0.072595
0.072190
0.071787
0.071385
0.070985
0.070586
0.070189
0.069793
0.069398
0.069005
0.068613
0.068223
0.067834
0.067446
0.067060
0.066675
0.066291
0.065909
0.065528
0.065149
0.064771
0.064394
0.064018
0.063644
0.063271
0.062900
0.062530
0.062161
0.061794
0.061428
0.061063
0.060699
0.060337
0.059976
0.059617
0.059259
0.058902
0.058546
0.058192
0.057839
0.057487
0.057136
0.056787
0.056439
0.056092
0.055747
0.055403
0.055060
0.054718
0.054378
0.054039
0.053701
0.053364
0.053029
0.052694
0.052362
0.052030
0.051699
0.051370
0.051042
0.050715
0.050389
0.050065
0.049742
0.049420
0.049099
0.048779
0.048461
0.048144
0.047828
0.047513
0.047199
0.046887
0.046575
0.046265
0.045956
0.045648
0.045341
0.045036
0.044731
0.044428
0.044126
0.043825
0.043525
0.043226
0.042929
0.042632
0.042337
0.042043
0.041750
0.041458
0.041167
0.040877
0.040588
0.040301
0.040014
0.039729
0.039445
0.039162
0.038879
0.038598
0.038318
0.038040
0.037762
0.037485
0.037209
0.036935
0.036661
0.036388
0.036117
0.035847
0.035577
0.035309
0.035041
0.034775
0.034510
0.034246
0.033982
0.033720
0.033459
0.033199
0.032940
0.032682
0.032424
0.032168
0.031913
0.031659
0.031406
0.031154
0.030902
0.030652
0.030403
0.030155
0.029907
0.029661
0.029416
0.029171
0.028928
0.028685
0.028444
0.028203
0.027963
0.027725
0.027487
0.027250
0.027014
0.026779
0.026545
0.026312
0.026079
0.025848
0.025618
0.025388
0.025159
0.024932
0.024705
0.024479
0.024254
0.024030
0.023806
0.023584
0.023363
0.023142
0.022922
0.022703
0.022485
0.022268
0.022052
0.021836
0.021622
0.021408
0.021195
0.020983
0.020772
0.020561
0.020352
0.020143
0.019935
0.019728
0.019522
0.019316
0.019112
0.018908
0.018705
0.018503
0.018301
0.018101
0.017901
0.017702
0.017504
0.017306
0.017109
0.016914
0.016718
0.016524
0.016331
0.016138
0.015946
0.015754
0.015564
0.015374
0.015185
0.014997
0.014809
0.014623
0.014437
0.014251
0.014067
0.013883
0.013700
0.013518
0.013336
0.013155
0.012975
0.012795
0.012616
0.012438
0.012261
0.012084
0.011908
0.011733
0.011559
0.011385
0.011211
0.011039
0.010867
0.010696
0.010525
0.010356
0.010186
0.010018
0.009850
0.009683
0.009516
0.009351
0.009185
0.009021
0.008857
0.008694
0.008531
0.008369
0.008208
0.008047
0.007887
0.007728
0.007569
0.007410
0.007253
0.007096
0.006940
0.006784
0.006629
0.006474
0.006320
0.006167
0.006014
0.005862
0.005710
0.005559
0.005409
0.005259
0.005110
0.004961
0.004813
0.004666
0.004519
0.004373
0.004227
0.004082
0.003937
0.003793
0.003649
0.003506
0.003364
0.003222
0.003081
0.002940
0.002800
0.002660
0.002521
0.002382
0.002244
0.002106
0.001969
0.001833
0.001697
0.001561
0.001426
0.001292
0.001158
0.001024
0.000891
0.000759
0.000627
0.000495
0.000364
0.000234
0.000104
-0.000026
-0.000155
-0.000283
-0.000411
-0.000539
-0.000666
-0.000793
-0.000919
-0.001044
-0.001170
-0.001294
-0.001419
-0.001542
-0.001666
-0.001789
-0.001911
-0.002033
-0.002155
-0.002276
-0.002396
-0.002517
-0.002636
-0.002756
-0.002874
-0.002993
-0.003111
-0.003229
-0.003346
-0.003462
-0.003579
-0.003695
-0.003810
-0.003925
-0.004040
-0.004154
-0.004268
-0.004381
-0.004494
-0.004606
-0.004719
-0.004830
-0.004942
-0.005053
-0.005163
-0.005273
-0.005383
-0.005493
-0.005601
-0.005710
-0.005818
-0.005926
-0.006034
-0.006141
-0.006247
-0.006354
-0.006459
-0.006565
-0.006670
-0.006775
-0.006879
-0.006984
-0.007087
-0.007191
-0.007294
-0.007396
-0.007499
-0.007600
-0.007702
-0.007803
-0.007904
-0.008005
-0.008105
-0.008205
-0.008304
-0.008403
-0.008502
-0.008600
-0.008699
-0.008796
-0.008894
-0.008991
-0.009088
-0.009184
-0.009280
-0.009376
-0.009472
-0.009567
-0.009662
-0.009756
-0.009850
-0.009944
-0.010038
-0.010131
-0.010224
-0.010317
-0.010409
-0.010501
-0.010593
-0.010684
-0.010775
-0.010866
-0.010956
-0.011047
-0.011136
-0.011226
-0.011315
-0.011404
-0.011493
-0.011582
-0.011670
-0.011758
-0.011845
-0.011932
-0.012019
-0.012106
-0.012193
-0.012279
-0.012365
-0.012450
-0.012535
-0.012620
-0.012705
-0.012790
-0.012874
-0.012958
-0.013042
-0.013125
-0.013208
-0.013291
-0.013374
-0.013456
-0.013538
-0.013620
-0.013702
-0.013783
-0.013864
-0.013945
-0.014025
-0.014106
-0.014186
-0.014266
-0.014345
-0.014424
-0.014503
-0.014582
-0.014661
-0.014739
-0.014817
-0.014895
-0.014973
-0.015050
-0.015127
-0.015204
-0.015281
-0.015357
-0.015433
-0.015509
-0.015585
-0.015660
-0.015736
-0.015811
-0.015885
-0.015960
-0.016034
-0.016108
-0.016182
-0.016256
-0.016329
-0.016402
-0.016475
-0.016548
-0.016621
-0.016693
-0.016765
-0.016837
-0.016909
-0.016980
-0.017052
-0.017123
-0.017193
-0.017264
-0.017334
-0.017405
-0.017475
-0.017544
-0.017614
-0.017683
-0.017753
-0.017822
-0.017890
-0.017959
-0.018027
-0.018095
-0.018163
-0.018231
-0.018299
-0.018366
-0.018433
-0.018500
-0.018567
-0.018634
-0.018700
-0.018766
-0.018832
-0.018898
-0.018964
-0.019029
-0.019094
-0.019159
-0.019224
-0.019289
-0.019353
-0.019418
-0.019482
-0.019546
-0.019610
-0.019673
-0.019737
-0.019800
-0.019863
-0.019926
-0.019988
-0.020051
-0.020113
-0.020175
-0.020237
-0.020299
-0.020361
-0.020422
-0.020483
-0.020545
-0.020606
-0.020666
-0.020727
-0.020787
-0.020848
-0.020908
-0.020968
-0.021027
-0.021087
-0.021146
-0.021206
-0.021265
-0.021324
-0.021382
-0.021441
-0.021499
-0.021558
-0.021616
-0.021674
-0.021732
-0.021789
-0.021847
-0.021904
-0.021961
-0.022018
-0.022075
-0.022132
-0.022188
-0.022245
-0.022301
-0.022357
-0.022413
-0.022469
-0.022524
-0.022580
-0.022635
-0.022690
-0.022745
-0.022800
-0.022855
-0.022909
-0.022964
-0.023018
-0.023072
-0.023126
-0.023180
-0.023234
-0.023287
-0.023341
-0.023394
-0.023447
-0.023500
-0.023553
-0.023605
-0.023658
-0.023710
-0.023763
-0.023815
-0.023867
-0.023919
-0.023970
-0.024022
-0.024073
-0.024125
-0.024176
-0.024227
-0.024278
-0.024328
-0.024379
-0.024429
-0.024480
-0.024530
-0.024580
-0.024630
-0.024680
-0.024730
-0.024779
-0.024828
-0.024878
-0.024927
-0.024976
-0.025025
-0.025074
-0.025122
-0.025171
-0.025219
-0.025267
-0.025316
-0.025364
-0.025411
-0.025459
-0.025507
-0.025554
-0.025602
-0.025649
-0.025696
-0.025743
-0.025790
-0.025837
-0.025883
-0.025930
-0.025976
-0.026023
-0.026069
-0.026115
-0.026161
-0.026207
-0.026252
-0.026298
-0.026343
-0.026389
-0.026434
-0.026479
-0.026524
-0.026569
-0.026614
-0.026658
-0.026703
-0.026747
-0.026791
-0.026836
-0.026880
-0.026924
-0.026967
-0.027011
-0.027055
-0.027098
-0.027142
-0.027185
-0.027228
-0.027271
-0.027314
-0.027357
-0.027400
-0.027442
-0.027485
-0.027527
-0.027569
-0.027612
-0.027654
-0.027696
-0.027738
-0.027779
-0.027821
-0.027863
-0.027904
-0.027945
-0.027986
-0.028028
-0.028069
-0.028110
-0.028150
-0.028191
-0.028232
-0.028272
-0.028313
-0.028353
-0.028393
-0.028433
-0.028473
-0.028513
-0.028553
-0.028592
-0.028632
-0.028672
-0.028711
-0.028750
-0.028789
-0.028828
-0.028867
-0.028906
-0.028945
-0.028984
-0.029022
-0.029061
-0.029099
-0.029138
-0.029176
-0.029214
-0.029252
-0.029290
-0.029328
-0.029366
-0.029403
-0.029441
-0.029478
-0.029516
-0.029553
-0.029590
-0.029627
-0.029664
-0.029701
-0.029738
-0.029774
-0.029811
-0.029848
-0.029884
-0.029920
-0.029957
-0.029993
-0.030029
-0.030065
-0.030101
-0.030137
-0.030172
-0.030208
-0.030244
-0.030279
-0.030314
-0.030350
-0.030385
-0.030420
-0.030455
-0.030490
-0.030525
-0.030559
-0.030594
-0.030629
-0.030663
-0.030698
-0.030732
-0.030766
-0.030800
-0.030834
-0.030868
-0.030902
-0.030936
-0.030970
-0.031004
-0.031037
-0.031071
-0.031104
-0.031137
-0.031171
-0.031204
-0.031237
-0.031270
-0.031303
-0.031336
-0.031368
-0.031401
-0.031434
-0.031466
-0.031499
-0.031531
-0.031563
-0.031596
-0.031628
-0.031660
-0.031692
-0.031724
-0.031755
-0.031787
-0.031819
-0.031850
-0.031882
-0.031913
-0.031945
-0.031976
-0.032007
-0.032038
-0.032069
-0.032100
-0.032131
-0.032162
-0.032193
-0.032223
-0.032254
-0.032285
-0.032315
-0.032345
-0.032376
-0.032406
-0.032436
-0.032466
-0.032496
-0.032526
-0.032556
-0.032586
-0.032616
-0.032645
-0.032675
-0.032704
-0.032734
-0.032763
-0.032792
-0.032822
-0.032851
-0.032880
-0.032909
-0.032938
-0.032967
-0.032996
-0.033024
-0.033053
-0.033082
-0.033110
-0.033139
-0.033167
-0.033195
-0.033223
-0.033252
-0.033280
-0.033308
-0.033336
-0.033364
-0.033392
-0.033419
-0.033447
-0.033475
-0.033502
-0.033530
-0.033557
-0.033585
-0.033612
-0.033639
-0.033667
-0.033694
-0.033721
-0.033748
-0.033775
-0.033802
-0.033828
-0.033855
-0.033882
-0.033908
-0.033935
-0.033962
-0.033988
-0.034014
-0.034041
-0.034067
-0.034093
-0.034119
-0.034145
-0.034171
-0.034197
-0.034223
-0.034249
-0.034275
-0.034300
-0.034326
-0.034352
-0.034377
-0.034403
-0.034428
-0.034453
-0.034479
-0.034504
-0.034529
-0.034554
-0.034579
-0.034604
-0.034629
-0.034654
-0.034679
-0.034703
-0.034728
-0.034753
-0.034777
-0.034802
-0.034826
-0.034851
-0.034875
-0.034899
-0.034923
-0.034948
-0.034972
-0.034996
-0.035020
-0.035044
-0.035068
-0.035092
-0.035115
-0.035139
-0.035163
-0.035186
-0.035210
-0.035233
-0.035257
-0.035280
-0.035304
-0.035327
-0.035350
-0.035373
-0.035396
-0.035420
-0.035443
-0.035466
-0.035488
-0.035511
-0.035534
-0.035557
-0.035580
-0.035602
-0.035625
-0.035647
-0.035670
-0.035692
-0.035715
-0.035737
-0.035759
-0.035782
-0.035804
-0.035826
-0.035848
-0.035870
-0.035892
-0.035914
-0.035936
-0.035958
-0.035980
-0.036001
-0.036023
-0.036045
-0.036066
-0.036088
-0.036109
-0.036131
-0.036152
-0.036174
-0.036195
-0.036216
-0.036237
-0.036258
-0.036280
-0.036301
-0.036322
-0.036343
-0.036364
-0.036384
-0.036405
-0.036426
-0.036447
-0.036467
-0.036488
-0.036509
-0.036529
-0.036550
-0.036570
-0.036591
-0.036611
-0.036631
-0.036652
-0.036672
-0.036692
-0.036712
-0.036732
-0.036752
-0.036772
-0.036792
-0.036812
-0.036832
-0.036852
-0.036872
-0.036891
-0.036911
-0.036931
-0.036950
-0.036970
-0.036989
-0.037009
-0.037028
-0.037048
-0.037067
-0.037086
-0.037106
-0.037125
-0.037144
-0.037163
-0.037182
-0.037201
-0.037220
-0.037239
-0.037258
-0.037277
-0.037296
-0.037315
-0.037333
-0.037352
-0.037371
-0.037389
-0.037408
-0.037426
-0.037445
-0.037463
-0.037482
-0.037500
-0.037519
-0.037537
-0.037555
-0.037573
-0.037592
-0.037610
-0.037628
-0.037646
-0.037664
-0.037682
-0.037700
-0.037718
-0.037736
-0.037754
-0.037771
-0.037789
-0.037807
-0.037825
-0.037842
-0.037860
-0.037877
-0.037895
-0.037912
-0.037930
-0.037947
-0.037965
-0.037982
-0.037999
-0.038017
-0.038034
-0.038051
-0.038068
-0.038085
-0.038102
-0.038119
-0.038136
-0.038153
-0.038170
-0.038187
-0.038204
-0.038221
-0.038238
-0.038254
-0.038271
-0.038288
-0.038305
-0.038321
-0.038338
-0.038354
-0.038371
-0.038387
-0.038404
-0.038420
-0.038437
-0.038453
-0.038469
-0.038485
-0.038502
-0.038518
-0.038534
-0.038550
-0.038566
-0.038582
-0.038598
-0.038614
-0.038630
-0.038646
-0.038662
-0.038678
-0.038694
-0.038710
-0.038725
-0.038741
-0.038757
-0.038773
-0.038788
-0.038804
-0.038819
-0.038835
-0.038850
-0.038866
-0.038881
-0.038897
-0.038912
-0.038927
-0.038943
-0.038958
-0.038973
-0.038989
-0.039004
-0.039019
-0.039034
-0.039049
-0.039064
-0.039079
-0.039094
-0.039109
-0.039124
-0.039139
-0.039154
-0.039169
-0.039184
-0.039198
-0.039213
-0.039228
-0.039243
-0.039257
-0.039272
-0.039287
-0.039301
-0.039316
-0.039330
-0.039345
-0.039359
-0.039374
-0.039388
-0.039402
-0.039417
-0.039431
-0.039445
-0.039460
-0.039474
-0.039488
-0.039502
-0.039516
-0.039531
-0.039545
-0.039559
-0.039573
-0.039587
-0.039601
-0.039615
-0.039629
-0.039642
-0.039656
-0.039670
-0.039684
-0.039698
-0.039712
-0.039725
-0.039739
-0.039753
-0.039766
-0.039780
-0.039794
-0.039807
-0.039821
-0.039834
-0.039848
-0.039861
-0.039875
-0.039888
-0.039901
-0.039915
-0.039928
-0.039941
-0.039955
-0.039968
-0.039981
-0.039994
-0.040008
-0.040021
-0.040034
-0.040047
-0.040060
-0.040073
-0.040086
-0.040099
-0.040112
-0.040125
-0.040138
-0.040151
-0.040164
-0.040177
-0.040189
-0.040202
-0.040215
-0.040228
-0.040240
-0.040253
-0.040266
-0.040278
-0.040291
-0.040304
-0.040316
-0.040329
-0.040341
-0.040354
-0.040366
-0.040379
-0.040391
-0.040404
-0.040416
-0.040428
-0.040441
-0.040453
-0.040465
-0.040478
-0.040490
-0.040502
-0.040514
-0.040527
-0.040539
-0.040551
-0.040563
-0.040575
-0.040587
-0.040599
-0.040611
-0.040623
-0.040635
-0.040647
-0.040659
-0.040671
-0.040683
-0.040695
-0.040707
-0.040719
-0.040730
-0.040742
-0.040754
-0.040766
-0.040777
-0.040789
-0.040801
-0.040812
-0.040824
-0.040836
-0.040847
-0.040859
-0.040870
-0.040882
-0.040893
-0.040905
-0.040916
-0.040928
-0.040939
-0.040951
-0.040962
-0.040973
-0.040985
-0.040996
-0.041007
-0.041019
-0.041030
-0.041041
-0.041052
-0.041064
-0.041075
-0.041086
-0.041097
-0.041108
-0.041119
-0.041130
-0.041141
-0.041152
-0.041163
-0.041174
-0.041185
-0.041196
-0.041207
-0.041218
-0.041229
-0.041240
-0.041251
-0.041262
-0.041273
-0.041283
-0.041294
-0.041305
-0.041316
-0.041326
-0.041337
-0.041348
-0.041358
-0.041369
-0.041380
-0.041390
-0.041401
-0.041412
-0.041422
-0.041433
-0.041443
-0.041454
-0.041464
-0.041475
-0.041485
-0.041496
-0.041506
-0.041516
-0.041527
-0.041537
-0.041547
-0.041558
-0.041568
-0.041578
-0.041589
-0.041599
-0.041609
-0.041619
-0.041630
-0.041640
-0.041650
-0.041660
-0.041670
-0.041680
-0.041690
-0.041700
-0.041711
-0.041721
-0.041731
-0.041741
-0.041751
-0.041761
-0.041771
-0.041781
-0.041790
-0.041800
-0.041810
-0.041820
-0.041830
-0.041840
-0.041850
-0.041860
-0.041869
-0.041879
-0.041889
-0.041899
-0.041908
-0.041918
-0.041928
-0.041937
-0.041947
-0.041957
-0.041966
-0.041976
-0.041986
-0.041995
-0.042005
-0.042014
-0.042024
-0.042033
-0.042043
-0.042052
-0.042062
-0.042071
-0.042081
-0.042090
-0.042100
-0.042109
-0.042119
-0.042128
-0.042137
-0.042147
-0.042156
-0.042165
-0.042175
-0.042184
-0.042193
-0.042202
-0.042212
-0.042221
-0.042230
-0.042239
-0.042248
-0.042258
-0.042267
-0.042276
-0.042285
-0.042294
-0.042303
-0.042312
-0.042321
-0.042330
-0.042339
-0.042348
-0.042357
-0.042366
-0.042375
-0.042384
-0.042393
-0.042402
-0.042411
-0.042420
-0.042429
-0.042438
-0.042447
-0.042456
-0.042464
-0.042473
-0.042482
-0.042491
-0.042500
-0.042508
-0.042517
-0.042526
-0.042535
-0.042543
-0.042552
-0.042561
-0.042569
-0.042578
-0.042587
-0.042595
-0.042604
-0.042613
-0.042621
-0.042630
-0.042638
-0.042647
-0.042655
-0.042664
-0.042672
-0.042681
-0.042689
-0.042698
-0.042706
-0.042715
-0.042723
-0.042732
-0.042740
-0.042749
-0.042757
-0.042765
-0.042774
-0.042782
-0.042790
-0.042799
-0.042807
-0.042815
-0.042824
-0.042832
-0.042840
-0.042848
-0.042857
-0.042865
-0.042873
-0.042881
-0.042889
-0.042898
-0.042906
-0.042914
-0.042922
-0.042930
-0.042938
-0.042946
-0.042955
-0.042963
-0.042971
-0.042979
-0.042987
-0.042995
-0.043003
-0.043011
-0.043019
-0.043027
-0.043035
-0.043043
-0.043051
-0.043059
-0.043067
-0.043075
-0.043082
-0.043090
-0.043098
-0.043106
-0.043114
-0.043122
-0.043130
-0.043138
-0.043145
-0.043153
-0.043161
-0.043169
-0.043177
-0.043184
-0.043192
-0.043200
-0.043207
-0.043215
-0.043223
-0.043231
-0.043238
-0.043246
-0.043254
-0.043261
-0.043269
-0.043277
-0.043284
-0.043292
-0.043299
-0.043307
-0.043315
-0.043322
-0.043330
-0.043337
-0.043345
-0.043352
-0.043360
-0.043367
-0.043375
-0.043382
-0.043390
-0.043397
-0.043405
-0.043412
-0.043420
-0.043427
-0.043434
-0.043442
-0.043449
-0.043457
-0.043464
-0.043471
-0.043479
-0.043486
-0.043493
-0.043501
-0.043508
-0.043515
-0.043523
-0.043530
-0.043537
-0.043544
-0.043552
-0.043559
-0.043566
-0.043573
-0.043581
-0.043588
-0.043595
-0.043602
-0.043609
-0.043617
-0.043624
-0.043631
-0.043638
-0.043645
-0.043652
-0.043659
-0.043667
-0.043674
-0.043681
-0.043688
-0.043695
-0.043702
-0.043709
-0.043716
-0.043723
-0.043730
-0.043737
-0.043744
-0.043751
-0.043758
-0.043765
-0.043772
-0.043779
-0.043786
-0.043793
-0.043800
-0.043807
-0.043814
-0.043820
-0.043827
-0.043834
-0.043841
-0.043848
-0.043855
-0.043862
-0.043869
-0.043875
-0.043882
-0.043889
-0.043896
-0.043903
-0.043909
-0.043916
-0.043923
-0.043930
-0.043936
-0.043943
-0.043950
-0.043957
-0.043963
-0.043970
-0.043977
-0.043983
-0.043990
-0.043997
-0.044003
-0.044010
-0.044017
-0.044023
-0.044030
-0.044037
-0.044043
-0.044050
-0.044057
-0.044063
-0.044070
-0.044076
-0.044083
-0.044089
-0.044096
-0.044103
-0.044109
-0.044116
-0.044122
-0.044129
-0.044135
-0.044142
-0.044148
-0.044155
-0.044161
-0.044168
-0.044174
-0.044180
-0.044187
-0.044193
-0.044200
-0.044206
-0.044213
-0.044219
-0.044225
-0.044232
-0.044238
-0.044245
-0.044251
-0.044257
-0.044264
-0.044270
-0.044276
-0.044283
-0.044289
-0.044295
-0.044302
-0.044308
-0.044314
-0.044320
-0.044327
-0.044333
-0.044339
-0.044345
-0.044352
-0.044358
-0.044364
-0.044370
-0.044377
-0.044383
-0.044389
-0.044395
-0.044401
-0.044408
-0.044414
-0.044420
-0.044426
-0.044432
-0.044438
-0.044444
-0.044451
-0.044457
-0.044463
-0.044469
-0.044475
-0.044481
-0.044487
-0.044493
-0.044499
-0.044505
-0.044512
-0.044518
-0.044524
-0.044530
-0.044536
-0.044542
-0.044548
-0.044554
-0.044560
-0.044566
-0.044572
-0.044578
-0.044584
-0.044590
-0.044596
-0.044602
-0.044608
-0.044613
-0.044619
-0.044625
-0.044631
-0.044637
-0.044643
-0.044649
-0.044655
-0.044661
-0.044667
-0.044672
-0.044678
-0.044684
-0.044690
-0.044696
-0.044702
-0.044708
-0.044713
-0.044719
-0.044725
-0.044731
-0.044737
-0.044742
-0.044748
-0.044754
-0.044760
-0.044766
-0.044771
-0.044777
-0.044783
-0.044789
-0.044794
-0.044800
-0.044806
-0.044812
-0.044817
-0.044823
-0.044829
-0.044834
-0.044840
-0.044846
-0.044851
-0.044857
-0.044863
-0.044868
-0.044874
-0.044880
-0.044885
-0.044891
-0.044897
-0.044902
-0.044908
-0.044914
-0.044919
-0.044925
-0.044930
-0.044936
-0.044941
-0.044947
-0.044953
-0.044958
-0.044964
-0.044969
-0.044975
-0.044980
-0.044986
-0.044991
-0.044997
-0.045002
-0.045008
-0.045014
-0.045019
-0.045025
-0.045030
-0.045035
-0.045041
-0.045046
-0.045052
-0.045057
-0.045063
-0.045068
-0.045074
-0.045079
-0.045085
-0.045090
-0.045095
-0.045101
-0.045106
-0.045112
-0.045117
-0.045122
-0.045128
-0.045133
-0.045139
-0.045144
-0.045149
-0.045155
-0.045160
-0.045165
-0.045171
-0.045176
-0.045181
-0.045187
-0.045192
-0.045197
-0.045203
-0.045208
-0.045213
-0.045219
-0.045224
-0.045229
-0.045234
-0.045240
-0.045245
-0.045250
-0.045255
-0.045261
-0.045266
-0.045271
-0.045276
-0.045282
-0.045287
-0.045292
-0.045297
-0.045303
-0.045308
-0.045313
-0.045318
-0.045323
-0.045328
-0.045334
-0.045339
-0.045344
-0.045349
-0.045354
-0.045359
-0.045365
-0.045370
-0.045375
-0.045380
-0.045385
-0.045390
-0.045395
-0.045401
-0.045406
-0.045411
-0.045416
-0.045421
-0.045426
-0.045431
-0.045436
-0.045441
-0.045446
-0.045451
-0.045456
-0.045461
-0.045467
-0.045472
-0.045477
-0.045482
-0.045487
-0.045492
-0.045497
-0.045502
-0.045507
-0.045512
-0.045517
-0.045522
-0.045527
-0.045532
-0.045537
-0.045542
-0.045547
-0.045552
-0.045557
-0.045561
-0.045566
-0.045571
-0.045576
-0.045581
-0.045586
-0.045591
-0.045596
-0.045601
-0.045606
-0.045611
-0.045616
-0.045621
-0.045625
-0.045630
-0.045635
-0.045640
-0.045645
-0.045650
-0.045655
-0.045660
-0.045664
-0.045669
-0.045674
-0.045679
-0.045684
-0.045689
-0.045694
-0.045698
-0.045703
-0.045708
-0.045713
-0.045718
-0.045722
-0.045727
-0.045732
-0.045737

