-70
-70.0002
-70.0004
-70.0007
-70.001
-70.0013
-70.0016
-70.002
-70.0023
-70.0027
-70.003
-70.0033
-70.0036
-70.0039
-70.0042
-70.0045
-70.0048
-70.005
-70.0052
-70.0055
-70.0057
-70.0059
-70.0061
-70.0063
-70.0064
-70.0066
-70.0068
-70.0069
-70.0071
-70.0072
-70.0073
-70.0074
-70.0076
-70.0077
-70.0078
-70.0079
-70.008
-70.008
-70.0081
-70.0082
-70.0083
-70.0084
-70.0084
-70.0085
-70.0086
-70.0086
-70.0087
-70.0087
-70.0088
-70.0088
-70.0089
-70.0089
-70.009
-70.009
-70.0091
-70.0091
-70.0092
-70.0092
-70.0092
-70.0093
-70.0093
-70.0093
-70.0094
-70.0094
-70.0094
-70.0094
-70.0095
-70.0095
-70.0095
-70.0095
-70.0096
-70.0096
-70.0096
-70.0096
-70.0097
-70.0097
-70.0097
-70.0097
-70.0097
-70.0098
-70.0098
-70.0098
-70.0098
-70.0098
-70.0099
-70.0099
-70.0099
-70.0099
-70.0099
-70.0099
-70.01
-70.01
-70.01
-70.01
-70.01
-70.01
-70.01
-70.0101
-70.0101
-70.0101
-70.0101
-70.0101
-70.0101
-58.8677
-47.4368
-37.801
-23.2021
-10.7379
-7.13941
-6.85676
-8.52725
-11.4497
-14.9164
-18.3965
-21.714
-24.6561
-27.1381
-29.1271
-30.6088
-31.5991
-32.146
-32.337
-32.2855
-32.1008
-31.8672
-31.6382
-31.4427
-31.2951
-31.2042
-31.1798
-31.2316
-31.3644
-31.5736
-31.8437
-32.151
-32.4691
-32.7735
-33.0454
-33.2739
-33.4551
-33.5909
-33.6865
-33.7492
-33.7864
-33.8051
-33.8111
-33.8093
-33.8034
-33.7963
-33.7902
-33.7871
-33.7882
-33.7947
-33.8072
-33.8263
-33.8519
-33.8838
-33.9213
-33.9633
-34.0085
-34.0555
-34.1025
-34.148
-34.1907
-34.2294
-34.2632
-34.2914
-34.3137
-34.33
-34.3403
-34.3449
-34.3443
-34.339
-34.3297
-34.317
-34.3017
-34.2844
-34.266
-34.2469
-34.2279
-34.2095
-34.1924
-34.1768
-34.1631
-34.1517
-34.1426
-34.1358
-34.1313
-34.1291
-34.1288
-34.1303
-34.1332
-34.1372
-34.1421
-34.1474
-34.1528
-34.1582
-34.1632
-34.1677
-34.1716
-34.1749
-34.1775
-34.1794
-34.1806
-34.1813
-34.1816
-34.1817
-34.1818
-34.1819
-34.1824
-34.1832
-34.1847
-34.1868
-34.1899
-34.194
-34.1992
-34.2055
-34.2131
-34.2219
-34.2318
-34.243
-34.2553
-34.2687
-34.2833
-34.2988
-34.3153
-34.3326
-34.3507
-34.3695
-34.3889
-34.409
-34.4296
-34.4508
-34.4725
-34.4946
-34.5171
-34.5402
-34.5636
-34.5876
-34.6121
-34.6371
-34.6627
-34.6889
-34.7156
-34.7429
-34.7709
-34.7996
-34.829
-34.8591
-34.89
-34.9216
-34.954
-34.9871
-35.021
-35.0557
-35.0912
-35.1274
-35.1645
-35.2023
-35.2409
-35.2802
-35.3202
-35.3611
-35.4026
-35.445
-35.4881
-35.532
-35.5765
-35.6219
-35.668
-35.7149
-35.7626
-35.8111
-35.8604
-35.9106
-35.9616
-36.0135
-36.0663
-36.1201
-36.1748
-36.2306
-36.2874
-36.3452
-36.4041
-36.4642
-36.5254
-36.5878
-36.6515
-36.7165
-36.7828
-36.8505
-36.9196
-36.9901
-37.0622
-37.1357
-37.2108
-37.2876
-37.366
-37.4459
-37.5275
-37.6107
-37.6955
-37.7818
-37.8696
-37.9588
-38.0492
-38.1407
-38.2331
-38.326
-38.4193
-38.5125
-38.6054
-38.6975
-38.7888
-38.8783
-38.9655
-39.0499
-39.131
-39.2083
-39.2814
-39.3498
-39.4131
-39.4709
-39.5229
-39.569
-39.609
-39.6428
-39.6705
-39.692
-39.7077
-39.7176
-39.722
-39.7215
-39.7163
-39.7069
-39.694
-39.678
-39.6595
-39.6392
-39.6176
-39.5954
-39.5731
-39.5515
-39.5309
-39.5121
-39.4953
-39.481
-39.4697
-39.4614
-39.4566
-39.4553
-39.4576
-39.4636
-39.4732
-39.4862
-39.5025
-39.5219
-39.544
-39.5685
-39.5951
-39.6234
-39.653
-39.6835
-39.7143
-39.7451
-39.7756
-39.8052
-39.8338
-39.8609
-39.8864
-39.9098
-39.9311
-39.9501
-39.9667
-39.9809
-39.9926
-40.002
-40.0091
-40.014
-40.0169
-40.018
-40.0174
-40.0156
-40.0126
-40.0089
-40.0046
-40.0001
-39.9956
-39.9913
-39.9876
-39.9846
-39.9827
-39.9819
-39.9825
-39.9845
-39.988
-39.9932
-40
-40.0085
-40.0186
-40.0303
-40.0436
-40.0582
-40.074
-40.091
-40.1089
-40.1277
-40.147
-40.1668
-40.1868
-40.2069
-40.2269
-40.2466
-40.2658
-40.2845
-40.3025
-40.3197
-40.336
-40.3513
-40.3656
-40.3789
-40.3911
-40.4022
-40.4124
-40.4216
-40.4299
-40.4373
-40.444
-40.45
-40.4555
-40.4605
-40.4653
-40.4698
-40.4743
-40.4787
-40.4833
-40.4881
-40.4933
-40.4989
-40.505
-40.5117
-40.5191
-40.5271
-40.5358
-40.5452
-40.5553
-40.5662
-40.5777
-40.59
-40.6029
-40.6163
-40.6303
-40.6447
-40.6595
-40.6747
-40.6901
-40.7057
-40.7214
-40.7371
-40.7528
-40.7684
-40.7838
-40.799
-40.8139
-40.8285
-40.8429
-40.8568
-40.8703
-40.8834
-40.8961
-40.9083
-40.9202
-40.9317
-40.9429
-40.9537
-40.9642
-40.9745
-40.9845
-40.9943
-41.004
-41.0136
-41.0232
-41.0328
-41.0423
-41.052
-41.0618
-41.0718
-41.0819
-41.0923
-41.103
-41.1139
-41.1251
-41.1366
-41.1484
-41.1605
-41.173
-41.1857
-41.1988
-41.2122
-41.2257
-41.2396
-41.2537
-41.2679
-41.2824
-41.297
-41.3118
-41.3267
-41.3416
-41.3566
-41.3715
-41.3865
-41.4015
-41.4164
-41.4314
-41.4462
-41.4609
-41.4755
-41.49
-41.5043
-41.5186
-41.5328
-41.5469
-41.5608
-41.5746
-41.5884
-41.602
-41.6156
-41.6291
-41.6425
-41.656
-41.6694
-41.6828
-41.6962
-41.7097
-41.7232
-41.7367
-41.7504
-41.7641
-41.7779
-41.7919
-41.8059
-41.8201
-41.8344
-41.8489
-41.8635
-41.8783
-41.8932
-41.9083
-41.9235
-41.9389
-41.9544
-41.9701
-41.9859
-42.0019
-42.0181
-42.0343
-42.0506
-42.0671
-42.0837
-42.1003
-42.1171
-42.134
-42.1509
-42.1679
-42.1849
-42.2021
-42.2192
-42.2364
-42.2537
-42.2711
-42.2884
-42.3058
-42.3233
-42.3407
-42.3582
-42.3758
-42.3934
-42.411
-42.4287
-42.4465
-42.4642
-42.4821
-42.5
-42.5179
-42.536
-42.5541
-42.5723
-42.5906
-42.6089
-42.6274
-42.646
-42.6646
-42.6834
-42.7023
-42.7213
-42.7405
-42.7597
-42.7791
-42.7986
-42.8183
-42.8381
-42.8581
-42.8782
-42.8985
-42.9189
-42.9394
-42.9601
-42.981
-43.002
-43.0232
-43.0446
-43.0661
-43.0878
-43.1096
-43.1316
-43.1538
-43.1762
-43.1987
-43.2214
-43.2442
-43.2673
-43.2905
-43.3138
-43.3374
-43.3611
-43.385
-43.4091
-43.4333
-43.4578
-43.4824
-43.5072
-43.5322
-43.5574
-43.5828
-43.6083
-43.6341
-43.66
-43.6862
-43.7125
-43.7391
-43.7659
-43.7929
-43.8201
-43.8476
-43.8752
-43.9031
-43.9312
-43.9595
-43.9881
-44.017
-44.046
-44.0753
-44.1049
-44.1347
-44.1648
-44.1951
-44.2257
-44.2566
-44.2877
-44.3191
-44.3507
-44.3827
-44.4149
-44.4474
-44.4802
-44.5133
-44.5466
-44.5803
-44.6142
-44.6485
-44.683
-44.7178
-44.7529
-44.7884
-44.8241
-44.8601
-44.8964
-44.933
-44.9699
-45.0071
-45.0446
-45.0824
-45.1205
-45.1589
-45.1975
-45.2365
-45.2757
-45.3153
-45.3551
-45.3952
-45.4355
-45.4762
-45.5171
-45.5582
-45.5996
-45.6413
-45.6832
-45.7254
-45.7678
-45.8104
-45.8533
-45.8963
-45.9396
-45.9831
-46.0267
-46.0706
-46.1147
-46.1589
-46.2033
-46.2478
-46.2925
-46.3373
-46.3822
-46.4273
-46.4725
-46.5177
-46.5631
-46.6085
-46.654
-46.6995
-46.7451
-46.7908
-46.8364
-46.8821
-46.9277
-46.9734
-47.019
-47.0646
-47.1102
-47.1557
-47.2011
-47.2465
-47.2918
-47.3369
-47.382
-47.4269
-47.4717
-47.5164
-47.5609
-47.6053
-47.6494
-47.6934
-47.7372
-47.7808
-47.8241
-47.8673
-47.9102
-47.9529
-47.9953
-48.0375
-48.0794
-48.121
-48.1623
-48.2034
-48.2442
-48.2846
-48.3248
-48.3646
-48.4041
-48.4434
-48.4822
-48.5208
-48.559
-48.5969
-48.6344
-48.6716
-48.7084
-48.7449
-48.781
-48.8169
-48.8523
-48.8874
-48.9221
-48.9565
-48.9905
-49.0242
-49.0575
-49.0905
-49.1231
-49.1554
-49.1873
-49.2189
-49.2501
-49.281
-49.3116
-49.3419
-49.3718
-49.4014
-49.4307
-49.4596
-49.4883
-49.5166
-49.5447
-49.5724
-49.5999
-49.627
-49.6539
-49.6805
-49.7068
-49.7329
-49.7586
-49.7842
-49.8094
-49.8345
-49.8592
-49.8837
-49.908
-49.9321
-49.9559
-49.9795
-50.0029
-50.0261
-50.049
-50.0718
-50.0944
-50.1167
-50.1389
-50.1609
-50.1828
-50.2044
-50.2258
-50.2471
-50.2683
-50.2892
-50.3101
-50.3308
-50.3513
-50.3716
-50.3919
-50.412
-50.4319
-50.4518
-50.4715
-50.4911
-50.5105
-50.5298
-50.5491
-50.5682
-50.5872
-50.6061
-50.6249
-50.6436
-50.6621
-50.6806
-50.699
-50.7173
-50.7355
-50.7536
-50.7717
-50.7897
-50.8075
-50.8253
-50.843
-50.8606
-50.8782
-50.8957
-50.9131
-50.9305
-50.9477
-50.9649
-50.9821
-50.9991
-51.0161
-51.0331
-51.05
-51.0668
-51.0836
-51.1003
-51.1169
-51.1335
-51.1501
-51.1665
-51.183
-51.1994
-51.2157
-51.232
-51.2482
-51.2644
-51.2805
-51.2966
-51.3126
-51.3286
-51.3446
-51.3605
-51.3763
-51.3922
-51.4079
-51.4237
-51.4393
-51.455
-51.4706
-51.4862
-51.5017
-51.5172
-51.5327
-51.5481
-51.5635
-51.5788
-51.5941
-51.6094
-51.6246
-51.6398
-51.655
-51.6702
-51.6853
-51.7004
-51.7154
-51.7304
-51.7454
-51.7604
-51.7753
-51.7902
-51.8051
-51.8199
-51.8347
-51.8495
-51.8643
-51.879
-51.8937
-51.9084
-51.9231
-51.9377
-51.9523
-51.9669
-51.9815
-51.996
-52.0105
-52.025
-52.0395
-52.054
-52.0685
-52.0829
-52.0973
-52.1117
-52.126
-52.1404
-52.1547
-52.1691
-52.1834
-52.1977
-52.2119
-52.2262
-52.2405
-52.2547
-52.2689
-52.2831
-52.2973
-52.3115
-52.3257
-52.3399
-52.354
-52.3682
-52.3823
-52.3965
-52.4106
-52.4247
-52.4388
-52.4529
-52.467
-52.4811
-52.4952
-52.5093
-52.5234
-52.5374
-52.5515
-52.5656
-52.5796
-52.5937
-52.6078
-52.6218
-52.6359
-52.65
-52.664
-52.6781
-52.6921
-52.7062
-52.7203
-52.7344
-52.7484
-52.7625
-52.7766
-52.7907
-52.8048
-52.8189
-52.833
-52.8471
-52.8612
-52.8754
-52.8895
-52.9036
-52.9178
-52.9319
-52.9461
-52.9603
-52.9745
-52.9887
-53.0029
-53.0171
-53.0313
-53.0456
-53.0599
-53.0741
-53.0884
-53.1027
-53.1171
-53.1314
-53.1457
-53.1601
-53.1745
-53.1889
-53.2033
-53.2177
-53.2322
-53.2467
-53.2611
-53.2757
-53.2902
-53.3048
-53.3193
-53.3339
-53.3485
-53.3632
-53.3778
-53.3925
-53.4072
-53.422
-53.4367
-53.4515
-53.4663
-53.4811
-53.496
-53.5109
-53.5258
-53.5407
-53.5557
-53.5707
-53.5857
-53.6007
-53.6158
-53.6309
-53.6461
-53.6613
-53.6765
-53.6917
-53.7069
-53.7222
-53.7376
-53.7529
-53.7683
-53.7838
-53.7992
-53.8147
-53.8302
-53.8458
-53.8614
-53.877
-53.8927
-53.9084
-53.9242
-53.94
-53.9558
-53.9717
-53.9876
-54.0035
-54.0195
-54.0355
-54.0516
-54.0677
-54.0838
-54.1
-54.1162
-54.1325
-54.1488
-54.1651
-54.1815
-54.1979
-54.2144
-54.2309
-54.2475
-54.2641
-54.2808
-54.2975
-54.3142
-54.331
-54.3478
-54.3647
-54.3816
-54.3986
-54.4156
-54.4327
-54.4498
-54.4669
-54.4841
-54.5014
-54.5187
-54.536
-54.5534
-54.5708
-54.5883
-54.6059
-54.6234
-54.6411
-54.6588
-54.6765
-54.6943
-54.7121
-54.73
-54.7479
-54.7659
-54.7839
-54.802
-54.8201
-54.8383
-54.8565
-54.8748
-54.8931
-54.9114
-54.9299
-54.9483
-54.9668
-54.9854
-55.004
-55.0227
-55.0414
-55.0602
-55.079
-55.0978
-55.1167
-55.1357
-55.1547
-55.1737
-55.1928
-55.2119
-55.2311
-55.2504
-55.2696
-55.289
-55.3084
-55.3278
-55.3472
-55.3667
-55.3863
-55.4059
-55.4255
-55.4452
-55.4649
-55.4847
-55.5045
-55.5244
-55.5443
-55.5642
-55.5842
-55.6042
-55.6243
-55.6444
-55.6645
-55.6847
-55.7049
-55.7251
-55.7454
-55.7657
-55.7861
-55.8065
-55.8269
-55.8474
-55.8679
-55.8884
-55.909
-55.9296
-55.9502
-55.9709
-55.9916
-56.0123
-56.033
-56.0538
-56.0746
-56.0954
-56.1163
-56.1372
-56.1581
-56.179
-56.1999
-56.2209
-56.2419
-56.2629
-56.284
-56.305
-56.3261
-56.3472
-56.3683
-56.3894
-56.4106
-56.4318
-56.4529
-56.4741
-56.4953
-56.5166
-56.5378
-56.559
-56.5803
-56.6016
-56.6228
-56.6441
-56.6654
-56.6867
-56.708
-56.7293
-56.7506
-56.772
-56.7933
-56.8146
-56.836
-56.8573
-56.8786
-56.8999
-56.9213
-56.9426
-56.964
-56.9853
-57.0066
-57.0279
-57.0492
-57.0706
-57.0919
-57.1132
-57.1345
-57.1557
-57.177
-57.1983
-57.2195
-57.2408
-57.262
-57.2833
-57.3045
-57.3257
-57.3469
-57.368
-57.3892
-57.4103
-57.4315
-57.4526
-57.4737
-57.4948
-57.5159
-57.5369
-57.5579
-57.5789
-57.5999
-57.6209
-57.6418
-57.6628
-57.6837
-57.7046
-57.7254
-57.7463
-57.7671
-57.7879
-57.8086
-57.8294
-57.8501
-57.8708
-57.8915
-57.9121
-57.9327
-57.9533
-57.9739
-57.9944
-58.0149
-58.0354
-58.0558
-58.0762
-58.0966
-58.117
-58.1373
-58.1576
-58.1779
-58.1981
-58.2183
-58.2385
-58.2586
-58.2788
-58.2988
-58.3189
-58.3389
-58.3589
-58.3788
-58.3987
-58.4186
-58.4385
-58.4583
-58.478
-58.4978
-58.5175
-58.5372
-58.5568
-58.5764
-58.596
-58.6155
-58.635
-58.6544
-58.6739
-58.6932
-58.7126
-58.7319
-58.7512
-58.7704
-58.7896
-58.8088
-58.8279
-58.847
-58.866
-58.8851
-58.904
-58.923
-58.9419
-58.9608
-58.9796
-58.9984
-59.0171
-59.0358
-59.0545
-59.0731
-59.0917
-59.1103
-59.1288
-59.1473
-59.1657
-59.1841
-59.2025
-59.2208
-59.2391
-59.2574
-59.2756
-59.2938
-59.3119
-59.33
-59.348
-59.3661
-59.384
-59.402
-59.4199
-59.4377
-59.4556
-59.4734
-59.4911
-59.5088
-59.5265
-59.5441
-59.5617
-59.5793
-59.5968
-59.6143
-59.6317
-59.6491
-59.6665
-59.6838
-59.7011
-59.7184
-59.7356
-59.7527
-59.7699
-59.787
-59.804
-59.8211
-59.838
-59.855
-59.8719
-59.8888
-59.9056
-59.9224
-59.9392
-59.9559
-59.9726
-59.9892
-60.0058
-60.0224
-60.039
-60.0555
-60.0719
-60.0884
-60.1048
-60.1211
-60.1374
-60.1537
-60.17
-60.1862
-60.2024
-60.2185
-60.2346
-60.2507
-60.2667
-60.2827
-60.2986
-60.3146
-60.3305
-60.3463
-60.3621
-60.3779
-60.3937
-60.4094
-60.4251
-60.4407
-60.4563
-60.4719
-60.4875
-60.503
-60.5184
-60.5339
-60.5493
-60.5647
-60.58
-60.5953
-60.6106
-60.6258
-60.641
-60.6562
-60.6713
-60.6864
-60.7015
-60.7166
-60.7316
-60.7465
-60.7615
-60.7764
-60.7913
-60.8061
-60.8209
-60.8357
-60.8505
-60.8652
-60.8799
-60.8945
-60.9092
-60.9238
-60.9383
-60.9528
-60.9673
-60.9818
-60.9962
-61.0107
-61.025
-61.0394
-61.0537
-61.068
-61.0822
-61.0965
-61.1107
-61.1248
-61.139
-61.1531
-61.1672
-61.1812
-61.1952
-61.2092
-61.2232
-61.2371
-61.251
-61.2649
-61.2787
-61.2926
-61.3063
-61.3201
-61.3338
-61.3475
-61.3612
-61.3749
-61.3885
-61.4021
-61.4156
-61.4292
-61.4427
-61.4562
-61.4696
-61.4831
-61.4965
-61.5098
-61.5232
-61.5365
-61.5498
-61.5631
-61.5763
-61.5895
-61.6027
-61.6159
-61.629
-61.6421
-61.6552
-61.6683
-61.6813
-61.6943
-61.7073
-61.7203
-61.7332
-61.7461
-61.759
-61.7718
-61.7847
-61.7975
-61.8102
-61.823
-61.8357
-61.8484
-61.8611
-61.8738
-61.8864
-61.899
-61.9116
-61.9242
-61.9367
-61.9492
-61.9617
-61.9742
-61.9866
-61.9991
-62.0115
-62.0238
-62.0362
-62.0485
-62.0608
-62.0731
-62.0854
-62.0976
-62.1098
-62.122
-62.1342
-62.1463
-62.1584
-62.1705
-62.1826
-62.1947
-62.2067
-62.2187
-62.2307
-62.2427
-62.2546
-62.2666
-62.2785
-62.2904
-62.3022
-62.3141
-62.3259
-62.3377
-62.3494
-62.3612
-62.3729
-62.3847
-62.3963
-62.408
-62.4197
-62.4313
-62.4429
-62.4545
-62.4661
-62.4776
-62.4892
-62.5007
-62.5122
-62.5236
-62.5351
-62.5465
-62.5579
-62.5693
-62.5807
-62.592
-62.6034
-62.6147
-62.626
-62.6372
-62.6485
-62.6597
-62.6709
-62.6821
-62.6933
-62.7045
-62.7156
-62.7267
-62.7378
-62.7489
-62.76
-62.771
-62.7821
-62.7931
-62.8041
-62.815
-62.826
-62.8369
-62.8479
-62.8588
-62.8696
-62.8805
-62.8914
-62.9022
-62.913
-62.9238
-62.9346
-62.9453
-62.9561
-62.9668
-62.9775
-62.9882
-62.9989
-63.0095
-63.0202
-63.0308
-63.0414
-63.052
-63.0625
-63.0731
-63.0836
-63.0941
-63.1046
-63.1151
-63.1256
-63.136
-63.1465
-63.1569
-63.1673
-63.1777
-63.1881
-63.1984
-63.2087
-63.2191
-63.2294
-63.2397
-63.2499
-63.2602
-63.2704
-63.2807
-63.2909
-63.3011
-63.3112
-63.3214
-63.3315
-63.3417
-63.3518
-63.3619
-63.372
-63.382
-63.3921
-63.4021
-63.4122
-63.4222
-63.4322
-63.4421
-63.4521
-63.462
-63.472
-63.4819
-63.4918
-63.5017
-63.5116
-63.5214
-63.5313
-63.5411
-63.5509
-63.5607
-63.5705
-63.5803
-63.59
-63.5998
-63.6095
-63.6192
-63.6289
-63.6386
-63.6482
-63.6579
-63.6675
-63.6772
-63.6868
-63.6964
-63.706
-63.7155
-63.7251
-63.7346
-63.7442
-63.7537
-63.7632
-63.7727
-63.7821
-63.7916
-63.801
-63.8105
-63.8199
-63.8293
-63.8387
-63.8481
-63.8574
-63.8668
-63.8761
-63.8854
-63.8947
-63.904
-63.9133
-63.9226
-63.9319
-63.9411
-63.9503
-63.9596
-63.9688
-63.9779
-63.9871
-63.9963
-64.0054
-64.0146
-64.0237
-64.0328
-64.0419
-64.051
-64.0601
-64.0692
-64.0782
-64.0872
-64.0963
-64.1053
-64.1143
-64.1233
-64.1323
-64.1412
-64.1502
-64.1591
-64.168
-64.1769
-64.1858
-64.1947
-64.2036
-64.2125
-64.2213
-64.2302
-64.239
-64.2478
-64.2566
-64.2654
-64.2742
-64.2829
-64.2917
-64.3004
-64.3092
-64.3179
-64.3266
-64.3353
-64.344
-64.3527
-64.3613
-64.37
-64.3786
-64.3872
-64.3958
-64.4044
-64.413
-64.4216
-64.4302
-64.4387
-64.4473
-64.4558
-64.4643
-64.4728
-64.4813
-64.4898
-64.4983
-64.5067
-64.5152
-64.5236
-64.5321
-64.5405
-64.5489
-64.5573
-64.5657
-64.574
-64.5824
-64.5907
-64.5991
-64.6074
-64.6157
-64.624
-64.6323
-64.6406
-64.6489
-64.6571
-64.6654
-64.6736
-64.6819
-64.6901
-64.6983
-64.7065
-64.7147
-64.7228
-64.731
-64.7391
-64.7473
-64.7554
-64.7635
-64.7716
-64.7797
-64.7878
-64.7959
-64.804
-64.812
-64.8201
-64.8281
-64.8361
-64.8441
-64.8521
-64.8601
-64.8681
-64.8761
-64.884
-64.892
-64.8999
-64.9078
-64.9158
-64.9237
-64.9316
-64.9395
-64.9473
-64.9552
-64.9631
-64.9709
-64.9787
-64.9866
-64.9944
-65.0022
-65.01
-65.0178
-65.0255
-65.0333
-65.041
-65.0488
-65.0565
-65.0642
-65.072
-65.0797
-65.0873
-65.095
-65.1027
-65.1104
-65.118
-65.1257
-65.1333
-65.1409
-65.1485
-65.1561
-65.1637
-65.1713
-65.1789
-65.1864
-65.194
-65.2015
-65.2091
-65.2166
-65.2241
-65.2316
-65.2391
-65.2466
-65.2541
-65.2615
-65.269
-65.2764
-65.2839
-65.2913
-65.2987
-65.3061
-65.3135
-65.3209
-65.3283
-65.3356
-65.343
-65.3503
-65.3577
-65.365
-65.3723
-65.3796
-65.3869
-65.3942
-65.4015
-65.4088
-65.4161
-65.4233
-65.4305
-65.4378
-65.445
-65.4522
-65.4594
-65.4666
-65.4738
-65.481
-65.4882
-65.4953
-65.5025
-65.5096
-65.5167
-65.5239
-65.531
-65.5381
-65.5452
-65.5523
-65.5593
-65.5664
-65.5735
-65.5805
-65.5875
-65.5946
-65.6016
-65.6086
-65.6156
-65.6226
-65.6296
-65.6366
-65.6435
-65.6505
-65.6574
-65.6644
-65.6713
-65.6782
-65.6851
-65.692
-65.6989
-65.7058
-65.7127
-65.7195
-65.7264
-65.7332
-65.7401
-65.7469
-65.7537
-65.7605
-65.7673
-65.7741
-65.7809
-65.7877
-65.7945
-65.8012
-65.808
-65.8147
-65.8214
-65.8282
-65.8349
-65.8416
-65.8483
-65.855
-65.8617
-65.8683
-65.875
-65.8816
-65.8883
-65.8949
-65.9015
-65.9082
-65.9148
-65.9214
-65.928
-65.9345
-65.9411
-65.9477
-65.9542
-65.9608
-65.9673
-65.9739
-65.9804
-65.9869
-65.9934
-65.9999
-66.0064
-66.0129
-66.0193
-66.0258
-66.0322
-66.0387
-66.0451
-66.0515
-66.058
-66.0644
-66.0708
-66.0772
-66.0835
-66.0899
-66.0963
-66.1027
-66.109
-66.1153
-66.1217
-66.128
-66.1343
-66.1406
-66.1469
-66.1532
-66.1595
-66.1658
-66.172
-66.1783
-66.1845
-66.1908
-66.197
-66.2032
-66.2095
-66.2157
-66.2219
-66.2281
-66.2342
-66.2404
-66.2466
-66.2527
-66.2589
-66.265
-66.2712
-66.2773
-66.2834
-66.2895
-66.2956
-66.3017
-66.3078
-66.3139
-66.3199
-66.326
-66.332
-66.3381
-66.3441
-66.3501
-66.3562
-66.3622
-66.3682
-66.3742
-66.3801
-66.3861
-66.3921
-66.3981
-66.404
-66.41
-66.4159
-66.4218
-66.4277
-66.4336
-66.4395
-66.4454
-66.4513
-66.4572
-66.4631
-66.4689
-66.4748
-66.4807
-66.4865
-66.4923
-66.4981
-66.504
-66.5098
-66.5156
-66.5214
-66.5271
-66.5329
-66.5387
-66.5444
-66.5502
-66.5559
-66.5617
-66.5674
-66.5731
-66.5788
-66.5845
-66.5902
-66.5959
-66.6016
-66.6073
-66.6129
-66.6186
-66.6243
-66.6299
-66.6355
-66.6412
-66.6468
-66.6524
-66.658
-66.6636
-66.6692
-66.6747
-66.6803
-66.6859
-66.6914
-66.697
-66.7025
-66.7081
-66.7136
-66.7191
-66.7246
-66.7301
-66.7356
-66.7411
-66.7466
-66.752
-66.7575
-66.763
-66.7684
-66.7738
-66.7793
-66.7847
-66.7901
-66.7955
-66.8009
-66.8063
-66.8117
-66.8171
-66.8225
-66.8278
-66.8332
-66.8385
-66.8439
-66.8492
-66.8545
-66.8598
-66.8652
-66.8705
-66.8758
-66.881
-66.8863
-66.8916
-66.8969
-66.9021
-66.9074
-66.9126
-66.9178
-66.9231
-66.9283
-66.9335
-66.9387
-66.9439
-66.9491
-66.9543
-66.9595
-66.9646
-66.9698
-66.9749
-66.9801
-66.9852
-66.9904
-66.9955
-67.0006
-67.0057
-67.0108
-67.0159
-67.021
-67.0261
-67.0311
-67.0362
-67.0413
-67.0463
-67.0514
-67.0564
-67.0614
-67.0664
-67.0715
-67.0765
-67.0815
-67.0865
-67.0914
-67.0964
-67.1014
-67.1064
-67.1113
-67.1163
-67.1212
-67.1261
-67.1311
-67.136
-67.1409
-67.1458
-67.1507
-67.1556
-67.1605
-67.1653
-67.1702
-67.1751
-67.1799
-67.1848
-67.1896
-67.1944
-67.1993
-67.2041
-67.2089
-67.2137
-67.2185
-67.2233
-67.2281
-67.2329
-67.2376
-67.2424
-67.2471
-67.2519
-67.2566
-67.2614
-67.2661
-67.2708
-67.2755
-67.2802
-67.2849
-67.2896
-67.2943
-67.299
-67.3037
-67.3083
-67.313
-67.3176
-67.3223
-67.3269
-67.3315
-67.3361
-67.3408
-67.3454
-67.35
-67.3546
-67.3592
-67.3637
-67.3683
-67.3729
-67.3774
-67.382
-67.3865
-67.3911
-67.3956
-67.4001
-67.4046
-67.4092
-67.4137
-67.4182
-67.4227
-67.4271
-67.4316
-67.4361
-67.4405
-67.445
-67.4495
-67.4539
-67.4583
-67.4628
-67.4672
-67.4716
-67.476
-67.4804
-67.4848
-67.4892
-67.4936
-67.498
-67.5023
-67.5067
-67.511
-67.5154
-67.5197
-67.5241
-67.5284
-67.5327
-67.537
-67.5413
-67.5457
-67.5499
-67.5542
-67.5585
-67.5628
-67.5671
-67.5713
-67.5756
-67.5798
-67.5841
-67.5883
-67.5925
-67.5968
-67.601
-67.6052
-67.6094
-67.6136
-67.6178
-67.622
-67.6261
-67.6303
-67.6345
-67.6386
-67.6428
-67.6469
-67.6511
-67.6552
-67.6593
-67.6634
-67.6675
-67.6717
-67.6758
-67.6798
-67.6839
-67.688
-67.6921
-67.6962
-67.7002
-67.7043
-67.7083
-67.7124
-67.7164
-67.7204
-67.7244
-67.7285
-67.7325
-67.7365
-67.7405
-67.7445
-67.7484
-67.7524
-67.7564
-67.7604
-67.7643
-67.7683
-67.7722
-67.7762
-67.7801
-67.784
-67.7879
-67.7918
-67.7958
-67.7997
-67.8036
-67.8074
-67.8113
-67.8152
-67.8191
-67.8229
-67.8268
-67.8307
-67.8345
-67.8383
-67.8422
-67.846
-67.8498
-67.8536
-67.8574
-67.8612
-67.865
-67.8688
-67.8726
-67.8764
-67.8802
-67.8839
-67.8877
-67.8914
-67.8952
-67.8989
-67.9027
-67.9064
-67.9101
-67.9138
-67.9176
-67.9213
-67.925
-67.9287
-67.9323
-67.936
-67.9397
-67.9434
-67.947
-67.9507
-67.9543
-67.958
-67.9616
-67.9653
-67.9689
-67.9725
-67.9761
-67.9797
-67.9833
-67.9869
-67.9905
-67.9941
-67.9977
-68.0013
-68.0048
-68.0084
-68.0119
-68.0155
-68.019
-68.0226
-68.0261
-68.0296
-68.0332
-68.0367
-68.0402
-68.0437
-68.0472
-68.0507
-68.0542
-68.0576
-68.0611
-68.0646
-68.0681
-68.0715
-68.075
-68.0784
-68.0818
-68.0853
-68.0887
-68.0921
-68.0956
-68.099
-68.1024
-68.1058
-68.1092
-68.1126
-68.1159
-68.1193
-68.1227
-68.126
-68.1294
-68.1328
-68.1361
-68.1395
-68.1428
-68.1461
-68.1494
-68.1528
-68.1561
-68.1594
-68.1627
-68.166
-68.1693
-68.1726
-68.1759
-68.1791
-68.1824
-68.1857
-68.1889
-68.1922
-68.1954
-68.1987
-68.2019
-68.2051
-68.2084
-68.2116
-68.2148
-68.218
-68.2212
-68.2244
-68.2276
-68.2308
-68.234
-68.2372
-68.2403
-68.2435
-68.2467
-68.2498
-68.253
-68.2561
-68.2592
-68.2624
-68.2655
-68.2686
-68.2717
-68.2749
-68.278
-68.2811
-68.2842
-68.2873
-68.2903
-68.2934
-68.2965
-68.2996
-68.3026
-68.3057
-68.3087
-68.3118
-68.3148
-68.3179
-68.3209
-68.3239
-68.327
-68.33
-68.333
-68.336
-68.339
-68.342
-68.345
-68.348
-68.3509
-68.3539
-68.3569
-68.3598
-68.3628
-68.3658
-68.3687
-68.3717
-68.3746
-68.3775
-68.3805
-68.3834
-68.3863
-68.3892
-68.3921
-68.395
-68.3979
-68.4008
-68.4037
-68.4066
-68.4095
-68.4123
-68.4152
-68.4181
-68.4209
-68.4238
-68.4266
-68.4295
-68.4323
-68.4351
-68.438
-68.4408
-68.4436
-68.4464
-68.4492
-68.452
-68.4548
-68.4576
-68.4604
-68.4632
-68.466
-68.4687
-68.4715
-68.4743
-68.477
-68.4798
-68.4825
-68.4853
-68.488
-68.4907
-68.4935
-68.4962
-68.4989
-68.5016
-68.5043
-68.507
-68.5097
-68.5124
-68.5151
-68.5178
-68.5205
-68.5231
-68.5258
-68.5285
-68.5311
-68.5338
-68.5365
-68.5391
-68.5417
-68.5444
-68.547
-68.5496
-68.5523
-68.5549
-68.5575
-68.5601
-68.5627
-68.5653
-68.5679
-68.5705
-68.5731
-68.5757
-68.5782
-68.5808
-68.5834
-68.5859
-68.5885
-68.591
-68.5936
-68.5961
-68.5987
-68.6012
-68.6037
-68.6063
-68.6088
-68.6113
-68.6138
-68.6163
-68.6188
-68.6213
-68.6238
-68.6263
-68.6288
-68.6313
-68.6337
-68.6362
-68.6387
-68.6411
-68.6436
-68.646
-68.6485
-68.6509
-68.6534
-68.6558
-68.6582
-68.6607
-68.6631
-68.6655
-68.6679
-68.6703
-68.6727
-68.6751
-68.6775
-68.6799
-68.6823
-68.6847
-68.6871
-68.6894
-68.6918
-68.6942
-68.6965
-68.6989
-68.7012
-68.7036
-68.7059
-68.7083
-68.7106
-68.7129
-68.7152
-68.7176
-68.7199
-68.7222
-68.7245
-68.7268
-68.7291
-68.7314
-68.7337
-68.736
-68.7383
-68.7405
-68.7428
-68.7451
-68.7473
-68.7496
-68.7519
-68.7541
-68.7564
-68.7586
-68.7608
-68.7631
-68.7653
-68.7675
-68.7698
-68.772
-68.7742
-68.7764
-68.7786
-68.7808
-68.783
-68.7852
-68.7874
-68.7896
-68.7918
-68.794
-68.7961
-68.7983
-68.8005
-68.8026
-68.8048
-68.8069
-68.8091
-68.8112
-68.8134
-68.8155
-68.8176
-68.8198
-68.8219
-68.824
-68.8261
-68.8283
-68.8304
-68.8325
-68.8346
-68.8367
-68.8388
-68.8409
-68.8429
-68.845
-68.8471
-68.8492
-68.8512
-68.8533
-68.8554
-68.8574
-68.8595
-68.8615
-68.8636
-68.8656
-68.8677
-68.8697
-68.8717
-68.8738
-68.8758
-68.8778
-68.8798
-68.8818
-68.8838
-68.8859
-68.8879
-68.8899
-68.8918
-68.8938
-68.8958
-68.8978
-68.8998
-68.9018
-68.9037
-68.9057
-68.9077

