-70
-70.0003
-70.0004
-70.0005
-70.0006
-70.0007
-70.0008
-70.0009
-70.001
-70.001
-70.0011
-70.0012
-70.0012
-70.0013
-70.0013
-70.0014
-70.0014
-70.0015
-70.0015
-70.0016
-70.0016
-70.0017
-70.0017
-70.0018
-70.0018
-70.0018
-70.0019
-70.0019
-70.002
-70.002
-70.0021
-70.0021
-70.0021
-70.0022
-70.0022
-70.0023
-70.0023
-70.0024
-70.0024
-70.0024
-70.0025
-70.0025
-70.0026
-70.0026
-70.0026
-70.0027
-70.0027
-70.0028
-70.0028
-70.0028
-70.0029
-70.0029
-70.003
-70.003
-70.003
-70.0031
-70.0031
-70.0031
-70.0032
-70.0032
-70.0033
-70.0033
-70.0033
-70.0034
-70.0034
-70.0034
-70.0035
-70.0035
-70.0036
-70.0036
-70.0036
-70.0037
-70.0037
-70.0037
-70.0038
-70.0038
-70.0038
-70.0039
-70.0039
-70.004
-70.004
-70.004
-70.0041
-70.0041
-70.0041
-70.0042
-70.0042
-70.0042
-70.0043
-70.0043
-70.0043
-70.0044
-70.0044
-70.0045
-70.0045
-70.0045
-70.0046
-70.0046
-70.0046
-70.0047
-70.0047
-70.0047
-70.0048
-69.9687
-69.8818
-69.7486
-69.5808
-69.3847
-69.1461
-68.8485
-68.4943
-68.0642
-67.5981
-67.1807
-66.8572
-66.6328
-66.4939
-66.4235
-66.4057
-66.4216
-66.4525
-66.4849
-66.5107
-66.5254
-66.5274
-66.517
-66.4954
-66.4645
-66.4263
-66.3826
-66.3349
-66.2844
-66.2322
-66.179
-66.1252
-66.0712
-66.0175
-65.9643
-65.9123
-65.862
-65.8141
-65.7693
-65.728
-65.6907
-65.6574
-65.6277
-65.6014
-65.5778
-65.5565
-65.537
-65.5186
-65.5012
-65.4843
-65.4678
-65.4514
-65.435
-65.4186
-65.402
-65.3853
-65.3684
-65.3513
-65.334
-65.3164
-65.2987
-65.2808
-65.2627
-65.2444
-65.226
-65.2073
-65.1886
-65.1697
-65.1507
-65.1316
-65.1124
-65.0931
-65.0737
-65.0543
-65.0348
-65.0153
-64.9958
-64.9762
-64.9567
-64.9372
-64.9176
-64.8982
-64.8787
-64.8594
-64.8401
-64.8208
-64.8016
-64.7826
-64.7636
-64.7447
-64.726
-64.7073
-64.6888
-64.6704
-64.6522
-64.6341
-64.6161
-64.5983
-64.5807
-64.5632
-64.5458
-64.5287
-64.5116
-64.4948
-64.4781
-64.4617
-64.4453
-64.4292
-64.4132
-64.3974
-64.3818
-64.3664
-64.3511
-64.336
-64.3211
-64.3063
-64.2918
-64.2774
-64.2632
-64.2491
-64.2352
-64.2215
-64.208
-64.1946
-64.1814
-64.1684
-64.1555
-64.1428
-64.1303
-64.1179
-64.1057
-64.0937
-64.0818
-64.0701
-64.0585
-64.0471
-64.0358
-64.0247
-64.0137
-64.0029
-63.9923
-63.9818
-63.9715
-63.9613
-63.9512
-63.9413
-63.9316
-63.922
-63.9125
-63.9032
-63.8941
-63.885
-63.8762
-63.8674
-63.8588
-63.8504
-63.8421
-63.8339
-63.8259
-63.818
-63.8102
-63.8026
-63.7952
-63.7878
-63.7806
-63.7735
-63.7666
-63.7598
-63.7531
-63.7466
-63.7402
-63.7339
-63.7278
-63.7218
-63.7159
-63.7101
-63.7045
-63.699
-63.6936
-63.6883
-63.6832
-63.6781
-63.6732
-63.6684
-63.6638
-63.6592
-63.6548
-63.6505
-63.6463
-63.6422
-63.6382
-63.6344
-63.6306
-63.627
-63.6234
-63.62
-63.6167
-63.6134
-63.6103
-63.6073
-63.6044
-63.6016
-63.5989
-63.5963
-63.5937
-63.5913
-63.589
-63.5868
-63.5846
-63.5826
-63.5806
-63.5788
-63.577
-63.5753
-63.5738
-63.5723
-63.5708
-63.5695
-63.5683
-63.5671
-63.566
-63.565
-63.5641
-63.5633
-63.5625
-63.5618
-63.5612
-63.5607
-63.5602
-63.5599
-63.5596
-63.5593
-63.5592
-63.5591
-63.5591
-63.5591
-63.5592
-63.5594
-63.5597
-63.56
-63.5604
-63.5608
-63.5614
-63.5619
-63.5626
-63.5633
-63.5641
-63.5649
-63.5658
-63.5668
-63.5678
-63.5689
-63.57
-63.5712
-63.5725
-63.5738
-63.5751
-63.5766
-63.5781
-63.5796
-63.5812
-63.5828
-63.5845
-63.5863
-63.5881
-63.59
-63.5919
-63.5938
-63.5958
-63.5979
-63.6
-63.6022
-63.6044
-63.6066
-63.609
-63.6113
-63.6137
-63.6162
-63.6187
-63.6212
-63.6238
-63.6264
-63.6291
-63.6318
-63.6346
-63.6374
-63.6402
-63.6431
-63.646
-63.649
-63.652
-63.6551
-63.6581
-63.6613
-63.6644
-63.6676
-63.6709
-63.6742
-63.6775
-63.6808
-63.6842
-63.6877
-63.6911
-63.6946
-63.6982
-63.7017
-63.7053
-63.709
-63.7126
-63.7163
-63.7201
-63.7238
-63.7276
-63.7314
-63.7353
-63.7392
-63.7431
-63.747
-63.751
-63.755
-63.7591
-63.7631
-63.7672
-63.7713
-63.7755
-63.7796
-63.7838
-63.7881
-63.7923
-63.7966
-63.8009
-63.8052
-63.8095
-63.8139
-63.8183
-63.8227
-63.8272
-63.8316
-63.8361
-63.8406
-63.8452
-63.8497
-63.8543
-63.8589
-63.8635
-63.8682
-63.8728
-63.8775
-63.8822
-63.887
-63.8917
-63.8965
-63.9013
-63.9061
-63.9109
-63.9157
-63.9206
-63.9255
-63.9304
-63.9353
-63.9402
-63.9452
-63.9501
-63.9551
-63.9601
-63.9652
-63.9702
-63.9753
-63.9803
-63.9854
-63.9905
-63.9957
-64.0008
-64.006
-64.0111
-64.0163
-64.0215
-64.0268
-64.032
-64.0372
-64.0425
-64.0478
-64.0531
-64.0584
-64.0637
-64.0691
-64.0745
-64.0798
-64.0852
-64.0906
-64.096
-64.1015
-64.1069
-64.1124
-64.1179
-64.1233
-64.1289
-64.1344
-64.1399
-64.1454
-64.151
-64.1566
-64.1622
-64.1678
-64.1734
-64.179
-64.1847
-64.1903
-64.196
-64.2017
-64.2074
-64.2131
-64.2188
-64.2245
-64.2303
-64.236
-64.2418
-64.2476
-64.2534
-64.2592
-64.265
-64.2708
-64.2767
-64.2825
-64.2884
-64.2943
-64.3002
-64.3061
-64.312
-64.318
-64.3239
-64.3299
-64.3358
-64.3418
-64.3478
-64.3538
-64.3598
-64.3658
-64.3719
-64.3779
-64.384
-64.3901
-64.3961
-64.4022
-64.4083
-64.4145
-64.4206
-64.4267
-64.4329
-64.439
-64.4452
-64.4514
-64.4576
-64.4638
-64.47
-64.4762
-64.4825
-64.4887
-64.4949
-64.5012
-64.5075
-64.5138
-64.5201
-64.5264
-64.5327
-64.539
-64.5453
-64.5517
-64.558
-64.5644
-64.5708
-64.5771
-64.5835
-64.5899
-64.5963
-64.6028
-64.6092
-64.6156
-64.6221
-64.6285
-64.635
-64.6414
-64.6479
-64.6544
-64.6609
-64.6674
-64.6739
-64.6804
-64.6869
-64.6935
-64.7
-64.7066
-64.7131
-64.7197
-64.7263
-64.7328
-64.7394
-64.746
-64.7526
-64.7592
-64.7658
-64.7725
-64.7791
-64.7857
-64.7924
-64.799
-64.8057
-64.8123
-64.819
-64.8257
-64.8324
-64.839
-64.8457
-64.8524
-64.8591
-64.8658
-64.8726
-64.8793
-64.886
-64.8927
-64.8995
-64.9062
-64.913
-64.9197
-64.9265
-64.9332
-64.94
-64.9468
-64.9535
-64.9603
-64.9671
-64.9739
-64.9807
-64.9875
-64.9943
-65.0011
-65.0079
-65.0147
-65.0215
-65.0284
-65.0352
-65.042
-65.0488
-65.0557
-65.0625
-65.0694
-65.0762
-65.0831
-65.0899
-65.0968
-65.1036
-65.1105
-65.1173
-65.1242
-65.1311
-65.1379
-65.1448
-65.1517
-65.1586
-65.1654
-65.1723
-65.1792
-65.1861
-65.193
-65.1999
-65.2067
-65.2136
-65.2205
-65.2274
-65.2343
-65.2412
-65.2481
-65.255
-65.2619
-65.2688
-65.2757
-65.2826
-65.2895
-65.2964
-65.3033
-65.3102
-65.3171
-65.324
-65.3309
-65.3378
-65.3447
-65.3516
-65.3585
-65.3654
-65.3723
-65.3792
-65.3862
-65.3931
-65.4
-65.4069
-65.4138
-65.4207
-65.4276
-65.4345
-65.4414
-65.4483
-65.4552
-65.4621
-65.469
-65.4758
-65.4827
-65.4896
-65.4965
-65.5034
-65.5103
-65.5172
-65.5241
-65.5309
-65.5378
-65.5447
-65.5516
-65.5585
-65.5653
-65.5722
-65.5791
-65.5859
-65.5928
-65.5997
-65.6065
-65.6134
-65.6202
-65.6271
-65.634
-65.6408
-65.6476
-65.6545
-65.6613
-65.6682
-65.675
-65.6818
-65.6887
-65.6955
-65.7023
-65.7091
-65.716
-65.7228
-65.7296
-65.7364
-65.7432
-65.75
-65.7568
-65.7636
-65.7704
-65.7772
-65.784
-65.7907
-65.7975
-65.8043
-65.8111
-65.8178
-65.8246
-65.8313
-65.8381
-65.8448
-65.8516
-65.8583
-65.8651
-65.8718
-65.8785
-65.8853
-65.892
-65.8987
-65.9054
-65.9121
-65.9188
-65.9255
-65.9322
-65.9389
-65.9456
-65.9523
-65.9589
-65.9656
-65.9723
-65.979
-65.9856
-65.9923
-65.9989
-66.0056
-66.0122
-66.0188
-66.0255
-66.0321
-66.0387
-66.0453
-66.0519
-66.0585
-66.0651
-66.0717
-66.0783
-66.0849
-66.0915
-66.098
-66.1046
-66.1111
-66.1177
-66.1243
-66.1308
-66.1373
-66.1439
-66.1504
-66.1569
-66.1634
-66.1699
-66.1764
-66.1829
-66.1894
-66.1959
-66.2024
-66.2089
-66.2154
-66.2218
-66.2283
-66.2347
-66.2412
-66.2476
-66.254
-66.2605
-66.2669
-66.2733
-66.2797
-66.2861
-66.2925
-66.2989
-66.3053
-66.3117
-66.3181
-66.3244
-66.3308
-66.3371
-66.3435
-66.3498
-66.3562
-66.3625
-66.3688
-66.3751
-66.3814
-66.3877
-66.394
-66.4003
-66.4066
-66.4129
-66.4192
-66.4254
-66.4317
-66.4379
-66.4442
-66.4504
-66.4566
-66.4629
-66.4691
-66.4753
-66.4815
-66.4877
-66.4939
-66.5001
-66.5062
-66.5124
-66.5186
-66.5247
-66.5309
-66.537
-66.5432
-66.5493
-66.5554
-66.5615
-66.5676
-66.5737
-66.5798
-66.5859
-66.592
-66.5981
-66.6041
-66.6102
-66.6163
-66.6223
-66.6283
-66.6344
-66.6404
-66.6464
-66.6524
-66.6584
-66.6644
-66.6704
-66.6764
-66.6824
-66.6883
-66.6943
-66.7002
-66.7062
-66.7121
-66.7181
-66.724
-66.7299
-66.7358
-66.7417
-66.7476
-66.7535
-66.7594
-66.7652
-66.7711
-66.777
-66.7828
-66.7887
-66.7945
-66.8003
-66.8061
-66.812
-66.8178
-66.8236
-66.8294
-66.8351
-66.8409
-66.8467
-66.8524
-66.8582
-66.864
-66.8697
-66.8754
-66.8811
-66.8869
-66.8926
-66.8983
-66.904
-66.9097
-66.9153
-66.921
-66.9267
-66.9323
-66.938
-66.9436
-66.9493
-66.9549
-66.9605
-66.9661
-66.9717
-66.9773
-66.9829
-66.9885
-66.9941
-66.9996
-67.0052
-67.0107
-67.0163
-67.0218
-67.0274
-67.0329
-67.0384
-67.0439
-67.0494
-67.0549
-67.0604
-67.0658
-67.0713
-67.0768
-67.0822
-67.0877
-67.0931
-67.0985
-67.104
-67.1094
-67.1148
-67.1202
-67.1256
-67.131
-67.1363
-67.1417
-67.1471
-67.1524
-67.1578
-67.1631
-67.1684
-67.1738
-67.1791
-67.1844
-67.1897
-67.195
-67.2003
-67.2055
-67.2108
-67.2161
-67.2213
-67.2266
-67.2318
-67.237
-67.2422
-67.2475
-67.2527
-67.2579
-67.2631
-67.2682
-67.2734
-67.2786
-67.2838
-67.2889
-67.2941
-67.2992
-67.3043
-67.3094
-67.3146
-67.3197
-67.3248
-67.3299
-67.3349
-67.34
-67.3451
-67.3502
-67.3552
-67.3603
-67.3653
-67.3703
-67.3753
-67.3804
-67.3854
-67.3904
-67.3954
-67.4004
-67.4053
-67.4103
-67.4153
-67.4202
-67.4252
-67.4301
-67.435
-67.44
-67.4449
-67.4498
-67.4547
-67.4596
-67.4645
-67.4693
-67.4742
-67.4791
-67.4839
-67.4888
-67.4936
-67.4984
-67.5033
-67.5081
-67.5129
-67.5177
-67.5225
-67.5273
-67.5321
-67.5368
-67.5416
-67.5463
-67.5511
-67.5558
-67.5606
-67.5653
-67.57
-67.5747
-67.5794
-67.5841
-67.5888
-67.5935
-67.5982
-67.6028
-67.6075
-67.6121
-67.6168
-67.6214
-67.626
-67.6307
-67.6353
-67.6399
-67.6445
-67.6491
-67.6536
-67.6582
-67.6628
-67.6673
-67.6719
-67.6764
-67.681
-67.6855
-67.69
-67.6945
-67.6991
-67.7036
-67.708
-67.7125
-67.717
-67.7215
-67.7259
-67.7304
-67.7348
-67.7393
-67.7437
-67.7481
-67.7526
-67.757
-67.7614
-67.7658
-67.7702
-67.7745
-67.7789
-67.7833
-67.7876
-67.792
-67.7963
-67.8007
-67.805
-67.8093
-67.8136
-67.8179
-67.8222
-67.8265
-67.8308
-67.8351
-67.8394
-67.8436
-67.8479
-67.8521
-67.8564
-67.8606
-67.8648
-67.8691
-67.8733
-67.8775
-67.8817
-67.8859
-67.8901
-67.8942
-67.8984
-67.9026
-67.9067
-67.9109
-67.915
-67.9191
-67.9233
-67.9274
-67.9315
-67.9356
-67.9397
-67.9438
-67.9479
-67.952
-67.956
-67.9601
-67.9641
-67.9682
-67.9722
-67.9763
-67.9803
-67.9843
-67.9883
-67.9923
-67.9963
-68.0003
-68.0043
-68.0083
-68.0122
-68.0162
-68.0202
-68.0241
-68.0281
-68.032
-68.0359
-68.0398
-68.0437
-68.0477
-68.0516
-68.0554
-68.0593
-68.0632
-68.0671
-68.071
-68.0748
-68.0787
-68.0825
-68.0863
-68.0902
-68.094
-68.0978
-68.1016
-68.1054
-68.1092
-68.113
-68.1168
-68.1206
-68.1243
-68.1281
-68.1319
-68.1356
-68.1393
-68.1431
-68.1468
-68.1505
-68.1542
-68.158
-68.1617
-68.1653
-68.169
-68.1727
-68.1764
-68.1801
-68.1837
-68.1874
-68.191
-68.1947
-68.1983
-68.2019
-68.2055
-68.2092
-68.2128
-68.2164
-68.22
-68.2235
-68.2271
-68.2307
-68.2343
-68.2378
-68.2414
-68.2449
-68.2485
-68.252
-68.2555
-68.259
-68.2626
-68.2661
-68.2696
-68.2731
-68.2766
-68.28
-68.2835
-68.287
-68.2904
-68.2939
-68.2973
-68.3008
-68.3042
-68.3077
-68.3111
-68.3145
-68.3179
-68.3213
-68.3247
-68.3281
-68.3315
-68.3349
-68.3382
-68.3416
-68.345
-68.3483
-68.3517
-68.355
-68.3583
-68.3617
-68.365
-68.3683
-68.3716
-68.3749
-68.3782
-68.3815
-68.3848
-68.3881
-68.3913
-68.3946
-68.3979
-68.4011
-68.4044
-68.4076
-68.4108
-68.4141
-68.4173
-68.4205
-68.4237
-68.4269
-68.4301
-68.4333
-68.4365
-68.4397
-68.4428
-68.446
-68.4492
-68.4523
-68.4555
-68.4586
-68.4617
-68.4649
-68.468
-68.4711
-68.4742
-68.4773
-68.4804
-68.4835
-68.4866
-68.4897
-68.4928
-68.4958
-68.4989
-68.5019
-68.505
-68.508
-68.5111
-68.5141
-68.5171
-68.5202
-68.5232
-68.5262
-68.5292
-68.5322
-68.5352
-68.5382
-68.5412
-68.5441
-68.5471
-68.5501
-68.553
-68.556
-68.5589
-68.5619
-68.5648
-68.5677
-68.5706
-68.5736
-68.5765
-68.5794
-68.5823
-68.5852
-68.588
-68.5909
-68.5938
-68.5967
-68.5995
-68.6024
-68.6053
-68.6081
-68.6109
-68.6138
-68.6166
-68.6194
-68.6223
-68.6251
-68.6279
-68.6307
-68.6335
-68.6363
-68.6391
-68.6418
-68.6446
-68.6474
-68.6501
-68.6529
-68.6557
-68.6584
-68.6611
-68.6639
-68.6666
-68.6693
-68.6721
-68.6748
-68.6775
-68.6802
-68.6829
-68.6856
-68.6883
-68.6909
-68.6936
-68.6963
-68.6989
-68.7016
-68.7043
-68.7069
-68.7096
-68.7122
-68.7148
-68.7175
-68.7201
-68.7227
-68.7253
-68.7279
-68.7305
-68.7331
-68.7357
-68.7383
-68.7409
-68.7434
-68.746
-68.7486
-68.7511
-68.7537
-68.7562
-68.7588
-68.7613
-68.7638
-68.7664
-68.7689
-68.7714
-68.7739
-68.7764
-68.7789
-68.7814
-68.7839
-68.7864
-68.7889
-68.7914
-68.7938
-68.7963
-68.7988
-68.8012
-68.8037
-68.8061
-68.8086
-68.811
-68.8134
-68.8158
-68.8183
-68.8207
-68.8231
-68.8255
-68.8279
-68.8303
-68.8327
-68.8351
-68.8374
-68.8398
-68.8422
-68.8446
-68.8469
-68.8493
-68.8516
-68.854
-68.8563
-68.8586
-68.861
-68.8633
-68.8656
-68.8679
-68.8703
-68.8726
-68.8749
-68.8772
-68.8795
-68.8817
-68.884
-68.8863
-68.8886
-68.8908
-68.8931
-68.8954
-68.8976
-68.8999
-68.9021
-68.9044
-68.9066
-68.9088
-68.9111
-68.9133
-68.9155
-68.9177
-68.9199
-68.9221
-68.9243
-68.9265
-68.9287
-68.9309
-68.9331
-68.9352
-68.9374
-68.9396
-68.9417
-68.9439
-68.946
-68.9482
-68.9503
-68.9525
-68.9546
-68.9567
-68.9589
-68.961
-68.9631
-68.9652
-68.9673
-68.9694
-68.9715
-68.9736
-68.9757
-68.9778
-68.9799
-68.9819
-68.984
-68.9861
-68.9881
-68.9902
-68.9922
-68.9943
-68.9963
-68.9984
-69.0004
-69.0024
-69.0045
-69.0065
-69.0085
-69.0105
-69.0125
-69.0145
-69.0165
-69.0185
-69.0205
-69.0225
-69.0245
-69.0265
-69.0285
-69.0304
-69.0324
-69.0344
-69.0363
-69.0383
-69.0402
-69.0422
-69.0441
-69.0461
-69.048
-69.0499
-69.0518
-69.0538
-69.0557
-69.0576
-69.0595
-69.0614
-69.0633
-69.0652
-69.0671
-69.069
-69.0709
-69.0727
-69.0746
-69.0765
-69.0784
-69.0802
-69.0821
-69.0839
-69.0858
-69.0876
-69.0895
-69.0913
-69.0932
-69.095
-69.0968
-69.0986
-69.1005
-69.1023
-69.1041
-69.1059
-69.1077
-69.1095
-69.1113
-69.1131
-69.1149
-69.1166
-69.1184
-69.1202
-69.122
-69.1237
-69.1255
-69.1273
-69.129
-69.1308
-69.1325
-69.1343
-69.136
-69.1377
-69.1395
-69.1412
-69.1429
-69.1447
-69.1464
-69.1481
-69.1498
-69.1515
-69.1532
-69.1549
-69.1566
-69.1583
-69.16
-69.1617
-69.1634
-69.165
-69.1667
-69.1684
-69.17
-69.1717
-69.1734
-69.175
-69.1767
-69.1783
-69.18
-69.1816
-69.1832
-69.1849
-69.1865
-69.1881
-69.1897
-69.1914
-69.193
-69.1946
-69.1962
-69.1978
-69.1994
-69.201
-69.2026
-69.2042
-69.2058
-69.2074
-69.2089
-69.2105
-69.2121
-69.2137
-69.2152
-69.2168
-69.2183
-69.2199
-69.2215
-69.223
-69.2245
-69.2261
-69.2276
-69.2292
-69.2307
-69.2322
-69.2337
-69.2353
-69.2368
-69.2383
-69.2398
-69.2413
-69.2428
-69.2443
-69.2458
-69.2473
-69.2488
-69.2503
-69.2518
-69.2533
-69.2547
-69.2562
-69.2577
-69.2591
-69.2606
-69.2621
-69.2635
-69.265
-69.2664
-69.2679
-69.2693
-69.2708
-69.2722
-69.2736
-69.2751
-69.2765
-69.2779
-69.2793
-69.2808
-69.2822
-69.2836
-69.285
-69.2864
-69.2878
-69.2892
-69.2906
-69.292
-69.2934
-69.2948
-69.2962
-69.2975
-69.2989
-69.3003
-69.3017
-69.303
-69.3044
-69.3058
-69.3071
-69.3085
-69.3098
-69.3112
-69.3125
-69.3139
-69.3152
-69.3166
-69.3179
-69.3192
-69.3206
-69.3219
-69.3232
-69.3245
-69.3258
-69.3272
-69.3285
-69.3298
-69.3311
-69.3324
-69.3337
-69.335
-69.3363
-69.3376
-69.3388
-69.3401
-69.3414
-69.3427
-69.344
-69.3452
-69.3465
-69.3478
-69.349
-69.3503
-69.3516
-69.3528
-69.3541
-69.3553
-69.3566
-69.3578
-69.3591
-69.3603
-69.3615
-69.3628
-69.364
-69.3652
-69.3664
-69.3677
-69.3689
-69.3701
-69.3713
-69.3725
-69.3737
-69.3749
-69.3761
-69.3773
-69.3785
-69.3797
-69.3809
-69.3821
-69.3833
-69.3845
-69.3857
-69.3868
-69.388
-69.3892
-69.3904
-69.3915
-69.3927
-69.3939
-69.395
-69.3962
-69.3973
-69.3985
-69.3996
-69.4008
-69.4019
-69.4031
-69.4042
-69.4053
-69.4065
-69.4076
-69.4087
-69.4099
-69.411
-69.4121
-69.4132
-69.4143
-69.4154
-69.4166
-69.4177
-69.4188
-69.4199
-69.421
-69.4221
-69.4232
-69.4243
-69.4253
-69.4264
-69.4275
-69.4286
-69.4297
-69.4308
-69.4318
-69.4329
-69.434
-69.435
-69.4361
-69.4372
-69.4382
-69.4393
-69.4403
-69.4414
-69.4425
-69.4435
-69.4445
-69.4456
-69.4466
-69.4477
-69.4487
-69.4497
-69.4508
-69.4518
-69.4528
-69.4539
-69.4549
-69.4559
-69.4569
-69.4579
-69.4589
-69.46
-69.461
-69.462
-69.463
-69.464
-69.465
-69.466
-69.467
-69.468
-69.4689
-69.4699
-69.4709
-69.4719
-69.4729
-69.4739
-69.4748
-69.4758
-69.4768
-69.4778
-69.4787
-69.4797
-69.4807
-69.4816
-69.4826
-69.4835
-69.4845
-69.4854
-69.4864
-69.4873
-69.4883
-69.4892
-69.4902
-69.4911
-69.492
-69.493
-69.4939
-69.4948
-69.4958
-69.4967
-69.4976
-69.4985
-69.4995
-69.5004
-69.5013
-69.5022
-69.5031
-69.504
-69.5049
-69.5058
-69.5067
-69.5076
-69.5085
-69.5094
-69.5103
-69.5112
-69.5121
-69.513
-69.5139
-69.5148
-69.5157
-69.5165
-69.5174
-69.5183
-69.5192
-69.52
-69.5209
-69.5218
-69.5227
-69.5235
-69.5244
-69.5252
-69.5261
-69.527
-69.5278
-69.5287
-69.5295
-69.5304
-69.5312
-69.5321
-69.5329
-69.5337
-69.5346
-69.5354
-69.5362
-69.5371
-69.5379
-69.5387
-69.5396
-69.5404
-69.5412
-69.542
-69.5429
-69.5437
-69.5445
-69.5453
-69.5461
-69.5469
-69.5477
-69.5486
-69.5494
-69.5502
-69.551
-69.5518
-69.5526
-69.5534
-69.5541
-69.5549
-69.5557
-69.5565
-69.5573
-69.5581
-69.5589
-69.5597
-69.5604
-69.5612
-69.562
-69.5628
-69.5635
-69.5643
-69.5651
-69.5658
-69.5666
-69.5674
-69.5681
-69.5689
-69.5697
-69.5704
-69.5712
-69.5719
-69.5727
-69.5734
-69.5742
-69.5749
-69.5757
-69.5764
-69.5772
-69.5779
-69.5786
-69.5794
-69.5801
-69.5808
-69.5816
-69.5823
-69.583
-69.5837
-69.5845
-69.5852
-69.5859
-69.5866
-69.5874
-69.5881
-69.5888
-69.5895
-69.5902
-69.5909
-69.5916
-69.5923
-69.593
-69.5937
-69.5944
-69.5951
-69.5958
-69.5965
-69.5972
-69.5979
-69.5986
-69.5993
-69.6
-69.6007
-69.6014
-69.6021
-69.6027
-69.6034
-69.6041
-69.6048
-69.6055
-69.6061
-69.6068
-69.6075
-69.6082
-69.6088
-69.6095
-69.6102
-69.6108
-69.6115
-69.6122
-69.6128
-69.6135
-69.6141
-69.6148
-69.6154
-69.6161
-69.6167
-69.6174
-69.618
-69.6187
-69.6193
-69.62
-69.6206
-69.6213
-69.6219
-69.6225
-69.6232
-69.6238
-69.6244
-69.6251
-69.6257
-69.6263
-69.627
-69.6276
-69.6282
-69.6288
-69.6295
-69.6301
-69.6307
-69.6313
-69.6319
-69.6326
-69.6332
-69.6338
-69.6344
-69.635
-69.6356
-69.6362
-69.6368
-69.6374
-69.638
-69.6386
-69.6392
-69.6398
-69.6404
-69.641
-69.6416
-69.6422
-69.6428
-69.6434
-69.644
-69.6446
-69.6452
-69.6457
-69.6463
-69.6469
-69.6475
-69.6481
-69.6487
-69.6492
-69.6498
-69.6504
-69.651
-69.6515
-69.6521
-69.6527
-69.6532
-69.6538
-69.6544
-69.6549
-69.6555
-69.6561
-69.6566
-69.6572
-69.6578
-69.6583
-69.6589
-69.6594
-69.66
-69.6605
-69.6611
-69.6616
-69.6622
-69.6627
-69.6633
-69.6638
-69.6644
-69.6649
-69.6654
-69.666
-69.6665
-69.6671
-69.6676
-69.6681
-69.6687
-69.6692
-69.6697
-69.6703
-69.6708
-69.6713
-69.6719
-69.6724
-69.6729
-69.6734
-69.674
-69.6745
-69.675
-69.6755
-69.676
-69.6766
-69.6771
-69.6776
-69.6781
-69.6786
-69.6791
-69.6796
-69.6801
-69.6806
-69.6812
-69.6817
-69.6822
-69.6827
-69.6832
-69.6837
-69.6842
-69.6847
-69.6852
-69.6857
-69.6862
-69.6867
-69.6872
-69.6876
-69.6881
-69.6886
-69.6891
-69.6896
-69.6901
-69.6906
-69.6911
-69.6915
-69.692
-69.6925
-69.693
-69.6935
-69.694
-69.6944
-69.6949
-69.6954
-69.6959
-69.6963
-69.6968
-69.6973
-69.6977
-69.6982
-69.6987
-69.6992
-69.6996
-69.7001
-69.7006
-69.701
-69.7015
-69.7019
-69.7024
-69.7029
-69.7033
-69.7038
-69.7042
-69.7047
-69.7051
-69.7056
-69.706
-69.7065
-69.707
-69.7074
-69.7078
-69.7083
-69.7087
-69.7092
-69.7096
-69.7101
-69.7105
-69.711
-69.7114
-69.7118
-69.7123
-69.7127
-69.7132
-69.7136
-69.714
-69.7145
-69.7149
-69.7153
-69.7158
-69.7162
-69.7166
-69.7171
-69.7175
-69.7179
-69.7183
-69.7188
-69.7192
-69.7196
-69.72
-69.7205
-69.7209
-69.7213
-69.7217
-69.7221
-69.7226
-69.723
-69.7234
-69.7238
-69.7242
-69.7246
-69.725
-69.7254
-69.7259
-69.7263
-69.7267
-69.7271
-69.7275
-69.7279
-69.7283
-69.7287
-69.7291
-69.7295
-69.7299
-69.7303
-69.7307
-69.7311
-69.7315
-69.7319
-69.7323
-69.7327
-69.7331
-69.7335
-69.7339
-69.7343
-69.7347
-69.7351
-69.7355
-69.7358
-69.7362
-69.7366
-69.737
-69.7374
-69.7378
-69.7382
-69.7385
-69.7389
-69.7393
-69.7397
-69.7401
-69.7405
-69.7408
-69.7412
-69.7416
-69.742
-69.7423
-69.7427
-69.7431
-69.7435
-69.7438
-69.7442
-69.7446
-69.7449
-69.7453
-69.7457
-69.7461
-69.7464
-69.7468
-69.7472
-69.7475
-69.7479
-69.7482
-69.7486
-69.749
-69.7493
-69.7497
-69.7501
-69.7504
-69.7508
-69.7511
-69.7515
-69.7518
-69.7522
-69.7526
-69.7529
-69.7533
-69.7536
-69.754
-69.7543
-69.7547
-69.755
-69.7554
-69.7557
-69.7561
-69.7564
-69.7568
-69.7571
-69.7575
-69.7578
-69.7581
-69.7585
-69.7588
-69.7592
-69.7595
-69.7598
-69.7602
-69.7605
-69.7609
-69.7612
-69.7615
-69.7619
-69.7622
-69.7625
-69.7629
-69.7632
-69.7635
-69.7639
-69.7642
-69.7645
-69.7649
-69.7652
-69.7655
-69.7659
-69.7662
-69.7665
-69.7668
-69.7672
-69.7675
-69.7678
-69.7681
-69.7685
-69.7688
-69.7691
-69.7694
-69.7697
-69.7701
-69.7704
-69.7707
-69.771
-69.7713
-69.7717
-69.772
-69.7723
-69.7726
-69.7729
-69.7732
-69.7735
-69.7739
-69.7742
-69.7745
-69.7748
-69.7751
-69.7754
-69.7757
-69.776
-69.7763
-69.7766
-69.7769
-69.7772
-69.7776
-69.7779
-69.7782
-69.7785
-69.7788
-69.7791
-69.7794
-69.7797
-69.78
-69.7803
-69.7806
-69.7809
-69.7812
-69.7815
-69.7818
-69.7821
-69.7824
-69.7827
-69.7829
-69.7832
-69.7835
-69.7838
-69.7841
-69.7844
-69.7847
-69.785
-69.7853
-69.7856
-69.7859
-69.7862
-69.7864
-69.7867
-69.787
-69.7873
-69.7876
-69.7879
-69.7882
-69.7884
-69.7887
-69.789
-69.7893
-69.7896
-69.7899
-69.7901
-69.7904
-69.7907
-69.791
-69.7913
-69.7915
-69.7918
-69.7921
-69.7924
-69.7926
-69.7929
-69.7932
-69.7935
-69.7937
-69.794
-69.7943
-69.7946
-69.7948
-69.7951
-69.7954
-69.7957
-69.7959
-69.7962
-69.7965
-69.7967
-69.797
-69.7973
-69.7975
-69.7978
-69.7981
-69.7983
-69.7986
-69.7989
-69.7991
-69.7994
-69.7997
-69.7999
-69.8002
-69.8004
-69.8007
-69.801
-69.8012
-69.8015
-69.8017
-69.802
-69.8023
-69.8025
-69.8028
-69.803
-69.8033
-69.8036
-69.8038
-69.8041
-69.8043
-69.8046
-69.8048
-69.8051
-69.8053
-69.8056
-69.8058
-69.8061
-69.8063
-69.8066
-69.8068
-69.8071
-69.8073
-69.8076
-69.8078
-69.8081
-69.8083
-69.8086
-69.8088
-69.8091
-69.8093
-69.8096
-69.8098
-69.8101
-69.8103
-69.8105
-69.8108
-69.811
-69.8113
-69.8115
-69.8118
-69.812
-69.8122
-69.8125
-69.8127
-69.813
-69.8132
-69.8134
-69.8137
-69.8139
-69.8142
-69.8144
-69.8146
-69.8149
-69.8151
-69.8153
-69.8156
-69.8158
-69.816
-69.8163
-69.8165
-69.8167
-69.817
-69.8172
-69.8174
-69.8177
-69.8179
-69.8181
-69.8184
-69.8186
-69.8188
-69.819
-69.8193
-69.8195
-69.8197
-69.82
-69.8202
-69.8204
-69.8206
-69.8209
-69.8211
-69.8213
-69.8215
-69.8218
-69.822
-69.8222
-69.8224
-69.8227
-69.8229
-69.8231
-69.8233
-69.8235
-69.8238
-69.824
-69.8242
-69.8244
-69.8247
-69.8249
-69.8251
-69.8253
-69.8255
-69.8257
-69.826
-69.8262
-69.8264
-69.8266
-69.8268
-69.827
-69.8273
-69.8275
-69.8277
-69.8279
-69.8281
-69.8283
-69.8285
-69.8288
-69.829
-69.8292
-69.8294
-69.8296
-69.8298
-69.83
-69.8302
-69.8304
-69.8307
-69.8309
-69.8311
-69.8313
-69.8315
-69.8317
-69.8319
-69.8321
-69.8323
-69.8325
-69.8327
-69.8329
-69.8331
-69.8333
-69.8335
-69.8338
-69.834
-69.8342
-69.8344
-69.8346
-69.8348
-69.835
-69.8352
-69.8354
-69.8356
-69.8358
-69.836
-69.8362
-69.8364
-69.8366
-69.8368
-69.837
-69.8372
-69.8374
-69.8376
-69.8378
-69.838
-69.8382
-69.8384
-69.8386
-69.8388
-69.839
-69.8391
-69.8393
-69.8395
-69.8397
-69.8399
-69.8401
-69.8403
-69.8405
-69.8407
-69.8409
-69.8411
-69.8413
-69.8415
-69.8417
-69.8419
-69.842
-69.8422
-69.8424
-69.8426
-69.8428
-69.843
-69.8432
-69.8434
-69.8436
-69.8438
-69.8439
-69.8441
-69.8443
-69.8445
-69.8447
-69.8449
-69.8451
-69.8453
-69.8454
-69.8456
-69.8458
-69.846
-69.8462
-69.8464
-69.8466
-69.8467
-69.8469
-69.8471
-69.8473
-69.8475
-69.8477
-69.8478
-69.848
-69.8482
-69.8484
-69.8486
-69.8487
-69.8489
-69.8491
-69.8493
-69.8495
-69.8496
-69.8498
-69.85
-69.8502
-69.8504
-69.8505
-69.8507
-69.8509
-69.8511
-69.8512
-69.8514
-69.8516
-69.8518
-69.8519
-69.8521
-69.8523
-69.8525
-69.8527
-69.8528
-69.853
-69.8532
-69.8533
-69.8535
-69.8537
-69.8539
-69.854
-69.8542
-69.8544
-69.8546
-69.8547
-69.8549
-69.8551
-69.8552
-69.8554

