-70
-70.0002
-70.0003
-70.0004
-70.0005
-70.0005
-70.0006
-70.0007
-70.0007
-70.0008
-70.0008
-70.0009
-70.001
-70.001
-70.0011
-70.0011
-70.0011
-70.0012
-70.0012
-70.0013
-70.0013
-70.0014
-70.0014
-70.0015
-70.0015
-70.0016
-70.0016
-70.0016
-70.0017
-70.0017
-70.0018
-70.0018
-70.0019
-70.0019
-70.0019
-70.002
-70.002
-70.0021
-70.0021
-70.0021
-70.0022
-70.0022
-70.0023
-70.0023
-70.0023
-70.0024
-70.0024
-70.0025
-70.0025
-70.0025
-70.0026
-70.0026
-70.0027
-70.0027
-70.0027
-70.0028
-70.0028
-70.0029
-70.0029
-70.0029
-70.003
-70.003
-70.0031
-70.0031
-70.0031
-70.0032
-70.0032
-70.0033
-70.0033
-70.0033
-70.0034
-70.0034
-70.0034
-70.0035
-70.0035
-70.0036
-70.0036
-70.0036
-70.0037
-70.0037
-70.0037
-70.0038
-70.0038
-70.0039
-70.0039
-70.0039
-70.004
-70.004
-70.004
-70.0041
-70.0041
-70.0041
-70.0042
-70.0042
-70.0043
-70.0043
-70.0043
-70.0044
-70.0044
-70.0044
-70.0045
-70.0045
-70.0045
-69.9786
-69.9155
-69.8181
-69.6945
-69.553
-69.3997
-69.2357
-69.0511
-68.826
-68.5512
-68.2246
-67.8293
-67.4069
-67.0338
-66.7495
-66.5582
-66.448
-66.405
-66.4129
-66.4504
-66.4995
-66.5482
-66.5894
-66.6198
-66.6385
-66.6461
-66.644
-66.6338
-66.6172
-66.5954
-66.5698
-66.5415
-66.5114
-66.4804
-66.4491
-66.4182
-66.388
-66.3589
-66.3312
-66.3051
-66.2805
-66.2575
-66.236
-66.2161
-66.1976
-66.1805
-66.1646
-66.1498
-66.1361
-66.1233
-66.1114
-66.1003
-66.0899
-66.0802
-66.0712
-66.0626
-66.0546
-66.0471
-66.04
-66.0333
-66.027
-66.021
-66.0154
-66.0101
-66.005
-66.0003
-65.9958
-65.9916
-65.9876
-65.9838
-65.9803
-65.977
-65.9739
-65.971
-65.9683
-65.9658
-65.9634
-65.9612
-65.9592
-65.9573
-65.9556
-65.954
-65.9525
-65.9512
-65.95
-65.9488
-65.9478
-65.9469
-65.946
-65.9452
-65.9446
-65.9439
-65.9434
-65.9429
-65.9425
-65.9421
-65.9418
-65.9415
-65.9412
-65.941
-65.9409
-65.9407
-65.9407
-65.9406
-65.9405
-65.9405
-65.9405
-65.9406
-65.9406
-65.9407
-65.9408
-65.9409
-65.941
-65.9411
-65.9412
-65.9414
-65.9415
-65.9417
-65.9419
-65.942
-65.9422
-65.9424
-65.9426
-65.9428
-65.9431
-65.9433
-65.9435
-65.9437
-65.944
-65.9442
-65.9445
-65.9447
-65.945
-65.9453
-65.9455
-65.9458
-65.9461
-65.9464
-65.9467
-65.947
-65.9473
-65.9476
-65.948
-65.9483
-65.9487
-65.949
-65.9494
-65.9498
-65.9501
-65.9505
-65.9509
-65.9514
-65.9518
-65.9522
-65.9527
-65.9531
-65.9536
-65.9541
-65.9546
-65.9551
-65.9556
-65.9561
-65.9567
-65.9573
-65.9578
-65.9584
-65.959
-65.9597
-65.9603
-65.961
-65.9616
-65.9623
-65.963
-65.9637
-65.9645
-65.9652
-65.966
-65.9668
-65.9676
-65.9684
-65.9692
-65.9701
-65.9709
-65.9718
-65.9727
-65.9737
-65.9746
-65.9756
-65.9766
-65.9776
-65.9786
-65.9796
-65.9807
-65.9817
-65.9828
-65.9839
-65.9851
-65.9862
-65.9874
-65.9886
-65.9898
-65.991
-65.9923
-65.9935
-65.9948
-65.9961
-65.9975
-65.9988
-66.0002
-66.0015
-66.003
-66.0044
-66.0058
-66.0073
-66.0088
-66.0103
-66.0118
-66.0134
-66.0149
-66.0165
-66.0181
-66.0198
-66.0214
-66.0231
-66.0247
-66.0264
-66.0282
-66.0299
-66.0317
-66.0334
-66.0352
-66.037
-66.0389
-66.0407
-66.0426
-66.0445
-66.0464
-66.0483
-66.0503
-66.0522
-66.0542
-66.0562
-66.0583
-66.0603
-66.0624
-66.0644
-66.0665
-66.0686
-66.0708
-66.0729
-66.0751
-66.0773
-66.0795
-66.0817
-66.0839
-66.0862
-66.0884
-66.0907
-66.093
-66.0954
-66.0977
-66.1001
-66.1024
-66.1048
-66.1072
-66.1097
-66.1121
-66.1146
-66.1171
-66.1195
-66.1221
-66.1246
-66.1271
-66.1297
-66.1323
-66.1348
-66.1375
-66.1401
-66.1427
-66.1454
-66.148
-66.1507
-66.1534
-66.1561
-66.1589
-66.1616
-66.1644
-66.1672
-66.1699
-66.1728
-66.1756
-66.1784
-66.1813
-66.1841
-66.187
-66.1899
-66.1928
-66.1957
-66.1987
-66.2016
-66.2046
-66.2076
-66.2105
-66.2136
-66.2166
-66.2196
-66.2226
-66.2257
-66.2288
-66.2319
-66.235
-66.2381
-66.2412
-66.2443
-66.2475
-66.2506
-66.2538
-66.257
-66.2602
-66.2634
-66.2666
-66.2699
-66.2731
-66.2764
-66.2796
-66.2829
-66.2862
-66.2895
-66.2928
-66.2962
-66.2995
-66.3029
-66.3062
-66.3096
-66.313
-66.3164
-66.3198
-66.3232
-66.3266
-66.3301
-66.3335
-66.337
-66.3404
-66.3439
-66.3474
-66.3509
-66.3544
-66.3579
-66.3614
-66.365
-66.3685
-66.3721
-66.3757
-66.3792
-66.3828
-66.3864
-66.39
-66.3936
-66.3973
-66.4009
-66.4045
-66.4082
-66.4118
-66.4155
-66.4192
-66.4228
-66.4265
-66.4302
-66.4339
-66.4377
-66.4414
-66.4451
-66.4489
-66.4526
-66.4564
-66.4601
-66.4639
-66.4677
-66.4715
-66.4753
-66.4791
-66.4829
-66.4867
-66.4905
-66.4943
-66.4982
-66.502
-66.5059
-66.5097
-66.5136
-66.5174
-66.5213
-66.5252
-66.5291
-66.533
-66.5369
-66.5408
-66.5447
-66.5486
-66.5526
-66.5565
-66.5604
-66.5644
-66.5683
-66.5723
-66.5763
-66.5802
-66.5842
-66.5882
-66.5922
-66.5961
-66.6001
-66.6041
-66.6081
-66.6122
-66.6162
-66.6202
-66.6242
-66.6282
-66.6323
-66.6363
-66.6404
-66.6444
-66.6485
-66.6525
-66.6566
-66.6607
-66.6647
-66.6688
-66.6729
-66.677
-66.681
-66.6851
-66.6892
-66.6933
-66.6974
-66.7015
-66.7057
-66.7098
-66.7139
-66.718
-66.7221
-66.7263
-66.7304
-66.7345
-66.7387
-66.7428
-66.7469
-66.7511
-66.7552
-66.7594
-66.7636
-66.7677
-66.7719
-66.776
-66.7802
-66.7844
-66.7886
-66.7927
-66.7969
-66.8011
-66.8053
-66.8095
-66.8136
-66.8178
-66.822
-66.8262
-66.8304
-66.8346
-66.8388
-66.843
-66.8472
-66.8514
-66.8556
-66.8599
-66.8641
-66.8683
-66.8725
-66.8767
-66.8809
-66.8852
-66.8894
-66.8936
-66.8978
-66.9021
-66.9063
-66.9105
-66.9147
-66.919
-66.9232
-66.9274
-66.9317
-66.9359
-66.9401
-66.9444
-66.9486
-66.9529
-66.9571
-66.9613
-66.9656
-66.9698
-66.9741
-66.9783
-66.9826
-66.9868
-66.991
-66.9953
-66.9995
-67.0038
-67.008
-67.0123
-67.0165
-67.0208
-67.025
-67.0293
-67.0335
-67.0378
-67.042
-67.0463
-67.0505
-67.0548
-67.059
-67.0633
-67.0675
-67.0718
-67.076
-67.0803
-67.0845
-67.0887
-67.093
-67.0972
-67.1015
-67.1057
-67.11
-67.1142
-67.1185
-67.1227
-67.1269
-67.1312
-67.1354
-67.1397
-67.1439
-67.1481
-67.1524
-67.1566
-67.1609
-67.1651
-67.1693
-67.1736
-67.1778
-67.182
-67.1862
-67.1905
-67.1947
-67.1989
-67.2032
-67.2074
-67.2116
-67.2158
-67.22
-67.2243
-67.2285
-67.2327
-67.2369
-67.2411
-67.2453
-67.2495
-67.2537
-67.258
-67.2622
-67.2664
-67.2706
-67.2748
-67.279
-67.2832
-67.2874
-67.2915
-67.2957
-67.2999
-67.3041
-67.3083
-67.3125
-67.3167
-67.3208
-67.325
-67.3292
-67.3334
-67.3375
-67.3417
-67.3459
-67.35
-67.3542
-67.3584
-67.3625
-67.3667
-67.3708
-67.375
-67.3791
-67.3833
-67.3874
-67.3916
-67.3957
-67.3999
-67.404
-67.4081
-67.4123
-67.4164
-67.4205
-67.4246
-67.4287
-67.4329
-67.437
-67.4411
-67.4452
-67.4493
-67.4534
-67.4575
-67.4616
-67.4657
-67.4698
-67.4739
-67.478
-67.4821
-67.4862
-67.4902
-67.4943
-67.4984
-67.5025
-67.5065
-67.5106
-67.5147
-67.5187
-67.5228
-67.5268
-67.5309
-67.5349
-67.539
-67.543
-67.547
-67.5511
-67.5551
-67.5591
-67.5632
-67.5672
-67.5712
-67.5752
-67.5792
-67.5832
-67.5872
-67.5912
-67.5952
-67.5992
-67.6032
-67.6072
-67.6112
-67.6152
-67.6192
-67.6231
-67.6271
-67.6311
-67.635
-67.639
-67.643
-67.6469
-67.6509
-67.6548
-67.6588
-67.6627
-67.6666
-67.6706
-67.6745
-67.6784
-67.6824
-67.6863
-67.6902
-67.6941
-67.698
-67.7019
-67.7058
-67.7097
-67.7136
-67.7175
-67.7214
-67.7253
-67.7291
-67.733
-67.7369
-67.7407
-67.7446
-67.7485
-67.7523
-67.7562
-67.76
-67.7639
-67.7677
-67.7715
-67.7754
-67.7792
-67.783
-67.7869
-67.7907
-67.7945
-67.7983
-67.8021
-67.8059
-67.8097
-67.8135
-67.8173
-67.8211
-67.8248
-67.8286
-67.8324
-67.8362
-67.8399
-67.8437
-67.8474
-67.8512
-67.8549
-67.8587
-67.8624
-67.8662
-67.8699
-67.8736
-67.8773
-67.8811
-67.8848
-67.8885
-67.8922
-67.8959
-67.8996
-67.9033
-67.907
-67.9107
-67.9143
-67.918
-67.9217
-67.9254
-67.929
-67.9327
-67.9364
-67.94
-67.9437
-67.9473
-67.9509
-67.9546
-67.9582
-67.9618
-67.9654
-67.9691
-67.9727
-67.9763
-67.9799
-67.9835
-67.9871
-67.9907
-67.9943
-67.9978
-68.0014
-68.005
-68.0086
-68.0121
-68.0157
-68.0193
-68.0228
-68.0264
-68.0299
-68.0334
-68.037
-68.0405
-68.044
-68.0475
-68.0511
-68.0546
-68.0581
-68.0616
-68.0651
-68.0686
-68.0721
-68.0756
-68.079
-68.0825
-68.086
-68.0895
-68.0929
-68.0964
-68.0998
-68.1033
-68.1067
-68.1102
-68.1136
-68.117
-68.1205
-68.1239
-68.1273
-68.1307
-68.1341
-68.1375
-68.1409
-68.1443
-68.1477
-68.1511
-68.1545
-68.1579
-68.1612
-68.1646
-68.168
-68.1713
-68.1747
-68.178
-68.1814
-68.1847
-68.188
-68.1914
-68.1947
-68.198
-68.2013
-68.2046
-68.208
-68.2113
-68.2146
-68.2179
-68.2211
-68.2244
-68.2277
-68.231
-68.2343
-68.2375
-68.2408
-68.244
-68.2473
-68.2505
-68.2538
-68.257
-68.2603
-68.2635
-68.2667
-68.2699
-68.2732
-68.2764
-68.2796
-68.2828
-68.286
-68.2892
-68.2924
-68.2955
-68.2987
-68.3019
-68.3051
-68.3082
-68.3114
-68.3145
-68.3177
-68.3208
-68.324
-68.3271
-68.3302
-68.3334
-68.3365
-68.3396
-68.3427
-68.3458
-68.3489
-68.352
-68.3551
-68.3582
-68.3613
-68.3644
-68.3675
-68.3705
-68.3736
-68.3767
-68.3797
-68.3828
-68.3858
-68.3889
-68.3919
-68.395
-68.398
-68.401
-68.404
-68.4071
-68.4101
-68.4131
-68.4161
-68.4191
-68.4221
-68.4251
-68.428
-68.431
-68.434
-68.437
-68.4399
-68.4429
-68.4458
-68.4488
-68.4517
-68.4547
-68.4576
-68.4606
-68.4635
-68.4664
-68.4693
-68.4722
-68.4752
-68.4781
-68.481
-68.4839
-68.4867
-68.4896
-68.4925
-68.4954
-68.4983
-68.5011
-68.504
-68.5069
-68.5097
-68.5126
-68.5154
-68.5183
-68.5211
-68.5239
-68.5267
-68.5296
-68.5324
-68.5352
-68.538
-68.5408
-68.5436
-68.5464
-68.5492
-68.552
-68.5548
-68.5575
-68.5603
-68.5631
-68.5659
-68.5686
-68.5714
-68.5741
-68.5769
-68.5796
-68.5823
-68.5851
-68.5878
-68.5905
-68.5932
-68.5959
-68.5987
-68.6014
-68.6041
-68.6068
-68.6094
-68.6121
-68.6148
-68.6175
-68.6202
-68.6228
-68.6255
-68.6282
-68.6308
-68.6335
-68.6361
-68.6388
-68.6414
-68.644
-68.6466
-68.6493
-68.6519
-68.6545
-68.6571
-68.6597
-68.6623
-68.6649
-68.6675
-68.6701
-68.6727
-68.6753
-68.6778
-68.6804
-68.683
-68.6855
-68.6881
-68.6906
-68.6932
-68.6957
-68.6983
-68.7008
-68.7033
-68.7059
-68.7084
-68.7109
-68.7134
-68.7159
-68.7184
-68.7209
-68.7234
-68.7259
-68.7284
-68.7309
-68.7334
-68.7358
-68.7383
-68.7408
-68.7432
-68.7457
-68.7481
-68.7506
-68.753
-68.7555
-68.7579
-68.7603
-68.7628
-68.7652
-68.7676
-68.77
-68.7724
-68.7748
-68.7772
-68.7796
-68.782
-68.7844
-68.7868
-68.7892
-68.7915
-68.7939
-68.7963
-68.7986
-68.801
-68.8033
-68.8057
-68.808
-68.8104
-68.8127
-68.815
-68.8174
-68.8197
-68.822
-68.8243
-68.8266
-68.8289
-68.8312
-68.8335
-68.8358
-68.8381
-68.8404
-68.8427
-68.845
-68.8472
-68.8495
-68.8518
-68.854
-68.8563
-68.8585
-68.8608
-68.863
-68.8653
-68.8675
-68.8697
-68.872
-68.8742
-68.8764
-68.8786
-68.8808
-68.8831
-68.8853
-68.8875
-68.8896
-68.8918
-68.894
-68.8962
-68.8984
-68.9006
-68.9027
-68.9049
-68.9071
-68.9092
-68.9114
-68.9135
-68.9157
-68.9178
-68.9199
-68.9221
-68.9242
-68.9263
-68.9285
-68.9306
-68.9327
-68.9348
-68.9369
-68.939
-68.9411
-68.9432
-68.9453
-68.9474
-68.9495
-68.9515
-68.9536
-68.9557
-68.9577
-68.9598
-68.9619
-68.9639
-68.966
-68.968
-68.9701
-68.9721
-68.9741
-68.9762
-68.9782
-68.9802
-68.9822
-68.9843
-68.9863
-68.9883
-68.9903
-68.9923
-68.9943
-68.9963
-68.9983
-69.0002
-69.0022
-69.0042
-69.0062
-69.0081
-69.0101
-69.0121
-69.014
-69.016
-69.0179
-69.0199
-69.0218
-69.0238
-69.0257
-69.0276
-69.0296
-69.0315
-69.0334
-69.0353
-69.0372
-69.0391
-69.041
-69.0429
-69.0448
-69.0467
-69.0486
-69.0505
-69.0524
-69.0543
-69.0562
-69.058
-69.0599
-69.0618
-69.0636
-69.0655
-69.0673
-69.0692
-69.071
-69.0729
-69.0747
-69.0765
-69.0784
-69.0802
-69.082
-69.0838
-69.0857
-69.0875
-69.0893
-69.0911
-69.0929
-69.0947
-69.0965
-69.0983
-69.1001
-69.1019
-69.1036
-69.1054
-69.1072
-69.109
-69.1107
-69.1125
-69.1142
-69.116
-69.1178
-69.1195
-69.1213
-69.123
-69.1247
-69.1265
-69.1282
-69.1299
-69.1317
-69.1334
-69.1351
-69.1368
-69.1385
-69.1402
-69.1419
-69.1436
-69.1453
-69.147
-69.1487
-69.1504
-69.1521
-69.1538
-69.1554
-69.1571
-69.1588
-69.1605
-69.1621
-69.1638
-69.1654
-69.1671
-69.1687
-69.1704
-69.172
-69.1737
-69.1753
-69.1769
-69.1786
-69.1802
-69.1818
-69.1834
-69.185
-69.1867
-69.1883
-69.1899
-69.1915
-69.1931
-69.1947
-69.1963
-69.1979
-69.1994
-69.201
-69.2026
-69.2042
-69.2058
-69.2073
-69.2089
-69.2105
-69.212
-69.2136
-69.2151
-69.2167
-69.2182
-69.2198
-69.2213
-69.2229
-69.2244
-69.2259
-69.2275
-69.229
-69.2305
-69.232
-69.2335
-69.2351
-69.2366
-69.2381
-69.2396
-69.2411
-69.2426
-69.2441
-69.2456
-69.247
-69.2485
-69.25
-69.2515
-69.253
-69.2544
-69.2559
-69.2574
-69.2588
-69.2603
-69.2618
-69.2632
-69.2647
-69.2661
-69.2676
-69.269
-69.2704
-69.2719
-69.2733
-69.2747
-69.2762
-69.2776
-69.279
-69.2804
-69.2818
-69.2833
-69.2847
-69.2861
-69.2875
-69.2889
-69.2903
-69.2917
-69.2931
-69.2944
-69.2958
-69.2972
-69.2986
-69.3
-69.3013
-69.3027
-69.3041
-69.3054
-69.3068
-69.3082
-69.3095
-69.3109
-69.3122
-69.3136
-69.3149
-69.3163
-69.3176
-69.3189
-69.3203
-69.3216
-69.3229
-69.3243
-69.3256
-69.3269
-69.3282
-69.3295
-69.3308
-69.3321
-69.3335
-69.3348
-69.3361
-69.3374
-69.3386
-69.3399
-69.3412
-69.3425
-69.3438
-69.3451
-69.3464
-69.3476
-69.3489
-69.3502
-69.3514
-69.3527
-69.354
-69.3552
-69.3565
-69.3577
-69.359
-69.3602
-69.3615
-69.3627
-69.364
-69.3652
-69.3664
-69.3677
-69.3689
-69.3701
-69.3713
-69.3726
-69.3738
-69.375
-69.3762
-69.3774
-69.3786
-69.3798
-69.381
-69.3822
-69.3834
-69.3846
-69.3858
-69.387
-69.3882
-69.3894
-69.3906
-69.3918
-69.3929
-69.3941
-69.3953
-69.3964
-69.3976
-69.3988
-69.3999
-69.4011
-69.4023
-69.4034
-69.4046
-69.4057
-69.4069
-69.408
-69.4091
-69.4103
-69.4114
-69.4126
-69.4137
-69.4148
-69.4159
-69.4171
-69.4182
-69.4193
-69.4204
-69.4215
-69.4227
-69.4238
-69.4249
-69.426
-69.4271
-69.4282
-69.4293
-69.4304
-69.4315
-69.4326
-69.4337
-69.4347
-69.4358
-69.4369
-69.438
-69.4391
-69.4401
-69.4412
-69.4423
-69.4433
-69.4444
-69.4455
-69.4465
-69.4476
-69.4486
-69.4497
-69.4507
-69.4518
-69.4528
-69.4539
-69.4549
-69.456
-69.457
-69.458
-69.4591
-69.4601
-69.4611
-69.4622
-69.4632
-69.4642
-69.4652
-69.4662
-69.4672
-69.4683
-69.4693
-69.4703
-69.4713
-69.4723
-69.4733
-69.4743
-69.4753
-69.4763
-69.4773
-69.4783
-69.4793
-69.4802
-69.4812
-69.4822
-69.4832
-69.4842
-69.4851
-69.4861
-69.4871
-69.488
-69.489
-69.49
-69.4909
-69.4919
-69.4929
-69.4938
-69.4948
-69.4957
-69.4967
-69.4976
-69.4986
-69.4995
-69.5004
-69.5014
-69.5023
-69.5033
-69.5042
-69.5051
-69.506
-69.507
-69.5079
-69.5088
-69.5097
-69.5107
-69.5116
-69.5125
-69.5134
-69.5143
-69.5152
-69.5161
-69.517
-69.5179
-69.5188
-69.5197
-69.5206
-69.5215
-69.5224
-69.5233
-69.5242
-69.5251
-69.526
-69.5268
-69.5277
-69.5286
-69.5295
-69.5303
-69.5312
-69.5321
-69.533
-69.5338
-69.5347
-69.5356
-69.5364
-69.5373
-69.5381
-69.539
-69.5398
-69.5407
-69.5415
-69.5424
-69.5432
-69.5441
-69.5449
-69.5458
-69.5466
-69.5474
-69.5483
-69.5491
-69.5499
-69.5508
-69.5516
-69.5524
-69.5532
-69.5541
-69.5549
-69.5557
-69.5565
-69.5573
-69.5581
-69.5589
-69.5598
-69.5606
-69.5614
-69.5622
-69.563
-69.5638
-69.5646
-69.5654
-69.5662
-69.567
-69.5677
-69.5685
-69.5693
-69.5701
-69.5709
-69.5717
-69.5724
-69.5732
-69.574
-69.5748
-69.5756
-69.5763
-69.5771
-69.5779
-69.5786
-69.5794
-69.5802
-69.5809
-69.5817
-69.5824
-69.5832
-69.5839
-69.5847
-69.5854
-69.5862
-69.5869
-69.5877
-69.5884
-69.5892
-69.5899
-69.5907
-69.5914
-69.5921
-69.5929
-69.5936
-69.5943
-69.5951
-69.5958
-69.5965
-69.5972
-69.598
-69.5987
-69.5994
-69.6001
-69.6008
-69.6016
-69.6023
-69.603
-69.6037
-69.6044
-69.6051
-69.6058
-69.6065
-69.6072
-69.6079
-69.6086
-69.6093
-69.61
-69.6107
-69.6114
-69.6121
-69.6128
-69.6135
-69.6141
-69.6148
-69.6155
-69.6162
-69.6169
-69.6176
-69.6182
-69.6189
-69.6196
-69.6203
-69.6209
-69.6216
-69.6223
-69.6229
-69.6236
-69.6243
-69.6249
-69.6256
-69.6262
-69.6269
-69.6276
-69.6282
-69.6289
-69.6295
-69.6302
-69.6308
-69.6315
-69.6321
-69.6328
-69.6334
-69.634
-69.6347
-69.6353
-69.636
-69.6366
-69.6372
-69.6379
-69.6385
-69.6391
-69.6398
-69.6404
-69.641
-69.6416
-69.6423
-69.6429
-69.6435
-69.6441
-69.6447
-69.6454
-69.646
-69.6466
-69.6472
-69.6478
-69.6484
-69.649
-69.6496
-69.6502
-69.6508
-69.6514
-69.6521
-69.6527
-69.6533
-69.6538
-69.6544
-69.655
-69.6556
-69.6562
-69.6568
-69.6574
-69.658
-69.6586
-69.6592
-69.6598
-69.6603
-69.6609
-69.6615
-69.6621
-69.6627
-69.6632
-69.6638
-69.6644
-69.665
-69.6655
-69.6661
-69.6667
-69.6672
-69.6678
-69.6684
-69.6689
-69.6695
-69.67
-69.6706
-69.6712
-69.6717
-69.6723
-69.6728
-69.6734
-69.6739
-69.6745
-69.675
-69.6756
-69.6761
-69.6767
-69.6772
-69.6778
-69.6783
-69.6789
-69.6794
-69.6799
-69.6805
-69.681
-69.6816
-69.6821
-69.6826
-69.6832
-69.6837
-69.6842
-69.6847
-69.6853
-69.6858
-69.6863
-69.6868
-69.6874
-69.6879
-69.6884
-69.6889
-69.6895
-69.69
-69.6905
-69.691
-69.6915
-69.692
-69.6925
-69.693
-69.6936
-69.6941
-69.6946
-69.6951
-69.6956
-69.6961
-69.6966
-69.6971
-69.6976
-69.6981
-69.6986
-69.6991
-69.6996
-69.7001
-69.7006
-69.7011
-69.7016
-69.702
-69.7025
-69.703
-69.7035
-69.704
-69.7045
-69.705
-69.7054
-69.7059
-69.7064
-69.7069
-69.7074
-69.7078
-69.7083
-69.7088
-69.7093
-69.7097
-69.7102
-69.7107
-69.7112
-69.7116
-69.7121
-69.7126
-69.713
-69.7135
-69.714
-69.7144
-69.7149
-69.7153
-69.7158
-69.7163
-69.7167
-69.7172
-69.7176
-69.7181
-69.7185
-69.719
-69.7195
-69.7199
-69.7204
-69.7208
-69.7213
-69.7217
-69.7221
-69.7226
-69.723
-69.7235
-69.7239
-69.7244
-69.7248
-69.7252
-69.7257
-69.7261
-69.7266
-69.727
-69.7274
-69.7279
-69.7283
-69.7287
-69.7292
-69.7296
-69.73
-69.7304
-69.7309
-69.7313
-69.7317
-69.7321
-69.7326
-69.733
-69.7334
-69.7338
-69.7343
-69.7347
-69.7351
-69.7355
-69.7359
-69.7363
-69.7368
-69.7372
-69.7376
-69.738
-69.7384
-69.7388
-69.7392
-69.7396
-69.74
-69.7405
-69.7409
-69.7413
-69.7417
-69.7421
-69.7425
-69.7429
-69.7433
-69.7437
-69.7441
-69.7445
-69.7449
-69.7453
-69.7457
-69.7461
-69.7464
-69.7468
-69.7472
-69.7476
-69.748
-69.7484
-69.7488
-69.7492
-69.7496
-69.75
-69.7503
-69.7507
-69.7511
-69.7515
-69.7519
-69.7523
-69.7526
-69.753
-69.7534
-69.7538
-69.7542
-69.7545
-69.7549
-69.7553
-69.7557
-69.756
-69.7564
-69.7568
-69.7571
-69.7575
-69.7579
-69.7583
-69.7586
-69.759
-69.7594
-69.7597
-69.7601
-69.7604
-69.7608
-69.7612
-69.7615
-69.7619
-69.7623
-69.7626
-69.763
-69.7633
-69.7637
-69.764
-69.7644
-69.7648
-69.7651
-69.7655
-69.7658
-69.7662
-69.7665
-69.7669
-69.7672
-69.7676
-69.7679
-69.7683
-69.7686
-69.769
-69.7693
-69.7697
-69.77
-69.7703
-69.7707
-69.771
-69.7714
-69.7717
-69.772
-69.7724
-69.7727
-69.7731
-69.7734
-69.7737
-69.7741
-69.7744
-69.7747
-69.7751
-69.7754
-69.7757
-69.7761
-69.7764
-69.7767
-69.7771
-69.7774
-69.7777
-69.778
-69.7784
-69.7787
-69.779
-69.7793
-69.7797
-69.78
-69.7803
-69.7806
-69.781
-69.7813
-69.7816
-69.7819
-69.7822
-69.7826
-69.7829
-69.7832
-69.7835
-69.7838
-69.7841
-69.7845
-69.7848
-69.7851
-69.7854
-69.7857
-69.786
-69.7863
-69.7866
-69.7869
-69.7873
-69.7876
-69.7879
-69.7882
-69.7885
-69.7888
-69.7891
-69.7894
-69.7897
-69.79
-69.7903
-69.7906
-69.7909
-69.7912
-69.7915
-69.7918
-69.7921
-69.7924
-69.7927
-69.793
-69.7933
-69.7936
-69.7939
-69.7942
-69.7945
-69.7948
-69.7951
-69.7954
-69.7956
-69.7959
-69.7962
-69.7965
-69.7968
-69.7971
-69.7974
-69.7977
-69.798
-69.7982
-69.7985
-69.7988
-69.7991
-69.7994
-69.7997
-69.7999
-69.8002
-69.8005
-69.8008
-69.8011
-69.8014
-69.8016
-69.8019
-69.8022
-69.8025
-69.8028
-69.803
-69.8033
-69.8036
-69.8039
-69.8041
-69.8044
-69.8047
-69.805
-69.8052
-69.8055
-69.8058
-69.806
-69.8063
-69.8066
-69.8068
-69.8071
-69.8074
-69.8077
-69.8079
-69.8082
-69.8085
-69.8087
-69.809
-69.8093
-69.8095
-69.8098
-69.81
-69.8103
-69.8106
-69.8108
-69.8111
-69.8114
-69.8116
-69.8119
-69.8121
-69.8124
-69.8126
-69.8129
-69.8132
-69.8134
-69.8137
-69.8139
-69.8142
-69.8144
-69.8147
-69.815
-69.8152
-69.8155
-69.8157
-69.816
-69.8162
-69.8165
-69.8167
-69.817
-69.8172
-69.8175
-69.8177
-69.818
-69.8182
-69.8185
-69.8187
-69.8189
-69.8192
-69.8194
-69.8197
-69.8199
-69.8202
-69.8204
-69.8207
-69.8209
-69.8211
-69.8214
-69.8216
-69.8219
-69.8221
-69.8223
-69.8226
-69.8228
-69.8231
-69.8233
-69.8235
-69.8238
-69.824
-69.8243
-69.8245
-69.8247
-69.825
-69.8252
-69.8254
-69.8257
-69.8259
-69.8261
-69.8264
-69.8266
-69.8268
-69.8271
-69.8273
-69.8275
-69.8277
-69.828
-69.8282
-69.8284
-69.8287
-69.8289
-69.8291
-69.8293
-69.8296
-69.8298
-69.83
-69.8302
-69.8305
-69.8307
-69.8309
-69.8311
-69.8314
-69.8316
-69.8318
-69.832
-69.8323
-69.8325
-69.8327
-69.8329
-69.8331
-69.8334
-69.8336
-69.8338
-69.834
-69.8342
-69.8344
-69.8347
-69.8349
-69.8351
-69.8353
-69.8355
-69.8357
-69.836
-69.8362
-69.8364
-69.8366
-69.8368
-69.837
-69.8372
-69.8375
-69.8377
-69.8379
-69.8381
-69.8383
-69.8385
-69.8387
-69.8389
-69.8391
-69.8393
-69.8396
-69.8398
-69.84
-69.8402
-69.8404
-69.8406
-69.8408
-69.841
-69.8412
-69.8414
-69.8416
-69.8418
-69.842
-69.8422
-69.8424
-69.8426
-69.8428
-69.843
-69.8432
-69.8434
-69.8436
-69.8438
-69.844
-69.8442
-69.8444
-69.8446
-69.8448
-69.845
-69.8452
-69.8454
-69.8456
-69.8458
-69.846
-69.8462
-69.8464
-69.8466
-69.8468
-69.847
-69.8472
-69.8474
-69.8476
-69.8478
-69.848
-69.8482
-69.8484
-69.8486
-69.8488
-69.849
-69.8491
-69.8493
-69.8495
-69.8497
-69.8499
-69.8501
-69.8503
-69.8505
-69.8507
-69.8509
-69.851
-69.8512
-69.8514
-69.8516
-69.8518
-69.852
-69.8522
-69.8524
-69.8525
-69.8527
-69.8529
-69.8531
-69.8533
-69.8535
-69.8537
-69.8538
-69.854
-69.8542
-69.8544
-69.8546
-69.8547
-69.8549
-69.8551
-69.8553
-69.8555
-69.8557
-69.8558
-69.856
-69.8562
-69.8564
-69.8566
-69.8567
-69.8569
-69.8571
-69.8573
-69.8574
-69.8576
-69.8578
-69.858
-69.8582
-69.8583
-69.8585
-69.8587
-69.8589
-69.859
-69.8592
-69.8594
-69.8596
-69.8597
-69.8599
-69.8601
-69.8603
-69.8604
-69.8606
-69.8608
-69.8609
-69.8611
-69.8613
-69.8615
-69.8616
-69.8618
-69.862
-69.8621
-69.8623
-69.8625
-69.8627
-69.8628
-69.863
-69.8632
-69.8633
-69.8635
-69.8637
-69.8638
-69.864
-69.8642
-69.8643
-69.8645
-69.8647
-69.8648
-69.865
-69.8652
-69.8653
-69.8655
-69.8657
-69.8658
-69.866
-69.8661
-69.8663
-69.8665
-69.8666
-69.8668
-69.867
-69.8671
-69.8673
-69.8674
-69.8676
-69.8678
-69.8679
-69.8681
-69.8683
-69.8684
-69.8686
-69.8687
-69.8689
-69.8691
-69.8692
-69.8694
-69.8695
-69.8697
-69.8698
-69.87
-69.8702
-69.8703
-69.8705
-69.8706
-69.8708
-69.8709
-69.8711
-69.8713
-69.8714
-69.8716
-69.8717
-69.8719
-69.872
-69.8722
-69.8723
-69.8725
-69.8726
-69.8728
-69.873
-69.8731
-69.8733
-69.8734
-69.8736
-69.8737
-69.8739
-69.874
-69.8742
-69.8743
-69.8745
-69.8746
-69.8748
-69.8749
-69.8751
-69.8752
-69.8754
-69.8755
-69.8757
-69.8758
-69.876
-69.8761
-69.8763
-69.8764
-69.8766
-69.8767
-69.8769
-69.877
-69.8772
-69.8773
-69.8774
-69.8776
-69.8777
-69.8779
-69.878
-69.8782
-69.8783
-69.8785
-69.8786
-69.8788
-69.8789
-69.879
-69.8792
-69.8793
-69.8795
-69.8796
-69.8798
-69.8799
-69.88
-69.8802
-69.8803
-69.8805
-69.8806
-69.8808
-69.8809
-69.881
-69.8812
-69.8813
-69.8815
-69.8816
-69.8817
-69.8819
-69.882
-69.8822
-69.8823
-69.8824
-69.8826
-69.8827
-69.8829
-69.883
-69.8831
-69.8833
-69.8834
-69.8835
-69.8837
-69.8838
-69.884
-69.8841
-69.8842
-69.8844
-69.8845
-69.8846
-69.8848
-69.8849
-69.885
-69.8852
-69.8853
-69.8854
-69.8856
-69.8857
-69.8859
-69.886
-69.8861
-69.8863
-69.8864
-69.8865
-69.8867
-69.8868
-69.8869
-69.8871
-69.8872
-69.8873
-69.8874
-69.8876
-69.8877
-69.8878
-69.888
-69.8881
-69.8882
-69.8884
-69.8885
-69.8886
-69.8888
-69.8889
-69.889
-69.8891
-69.8893
-69.8894
-69.8895
-69.8897
-69.8898
-69.8899
-69.8901
-69.8902
-69.8903
-69.8904
-69.8906
-69.8907
-69.8908
-69.8909
-69.8911
-69.8912
-69.8913
-69.8915
-69.8916
-69.8917
-69.8918
-69.892
-69.8921
-69.8922
-69.8923
-69.8925
-69.8926
-69.8927
-69.8928
-69.893
-69.8931
-69.8932
-69.8933
-69.8935
-69.8936
-69.8937
-69.8938
-69.8939
-69.8941
-69.8942
-69.8943
-69.8944
-69.8946
-69.8947
-69.8948
-69.8949
-69.895
-69.8952
-69.8953
-69.8954
-69.8955
-69.8957
-69.8958
-69.8959
-69.896
-69.8961
-69.8963
-69.8964
-69.8965
-69.8966
-69.8967
-69.8969
-69.897
-69.8971
-69.8972
-69.8973
-69.8974
-69.8976
-69.8977
-69.8978
-69.8979
-69.898
-69.8982
-69.8983
-69.8984
-69.8985
-69.8986
-69.8987
-69.8989
-69.899
-69.8991
-69.8992
-69.8993
-69.8994
-69.8995
-69.8997
-69.8998
-69.8999
-69.9
-69.9001
-69.9002
-69.9004
-69.9005
-69.9006
-69.9007
-69.9008
-69.9009
-69.901
-69.9012
-69.9013
-69.9014
-69.9015
-69.9016
-69.9017
-69.9018

