-70
-70.0001
-70.0002
-70.0003
-70.0004
-70.0005
-70.0005
-70.0006
-70.0006
-70.0007
-70.0007
-70.0008
-70.0008
-70.0009
-70.0009
-70.001
-70.001
-70.0011
-70.0011
-70.0012
-70.0012
-70.0013
-70.0013
-70.0013
-70.0014
-70.0014
-70.0015
-70.0015
-70.0016
-70.0016
-70.0016
-70.0017
-70.0017
-70.0018
-70.0018
-70.0019
-70.0019
-70.0019
-70.002
-70.002
-70.0021
-70.0021
-70.0021
-70.0022
-70.0022
-70.0023
-70.0023
-70.0023
-70.0024
-70.0024
-70.0025
-70.0025
-70.0025
-70.0026
-70.0026
-70.0027
-70.0027
-70.0027
-70.0028
-70.0028
-70.0029
-70.0029
-70.0029
-70.003
-70.003
-70.0031
-70.0031
-70.0031
-70.0032
-70.0032
-70.0032
-70.0033
-70.0033
-70.0034
-70.0034
-70.0034
-70.0035
-70.0035
-70.0036
-70.0036
-70.0036
-70.0037
-70.0037
-70.0037
-70.0038
-70.0038
-70.0039
-70.0039
-70.0039
-70.004
-70.004
-70.004
-70.0041
-70.0041
-70.0041
-70.0042
-70.0042
-70.0043
-70.0043
-70.0043
-70.0044
-70.0044
-70.0044
-69.9994
-69.9867
-69.9665
-69.9403
-69.9095
-69.8756
-69.8396
-69.8024
-69.7646
-69.7266
-69.6887
-69.6514
-69.6152
-69.5806
-69.5476
-69.5166
-69.4874
-69.4601
-69.4348
-69.4112
-69.3895
-69.3694
-69.3509
-69.3339
-69.3183
-69.3041
-69.2911
-69.2792
-69.2685
-69.2588
-69.25
-69.2421
-69.235
-69.2287
-69.223
-69.218
-69.2136
-69.2098
-69.2064
-69.2036
-69.2011
-69.1991
-69.1974
-69.1961
-69.195
-69.1943
-69.1938
-69.1936
-69.1935
-69.1937
-69.194
-69.1945
-69.1952
-69.196
-69.1969
-69.1979
-69.199
-69.2002
-69.2015
-69.2028
-69.2042
-69.2057
-69.2072
-69.2087
-69.2102
-69.2118
-69.2135
-69.2151
-69.2167
-69.2184
-69.22
-69.2217
-69.2234
-69.225
-69.2267
-69.2283
-69.2299
-69.2316
-69.2332
-69.2348
-69.2364
-69.2379
-69.2395
-69.241
-69.2425
-69.244
-69.2455
-69.247
-69.2484
-69.2498
-69.2512
-69.2526
-69.2539
-69.2553
-69.2566
-69.2579
-69.2592
-69.2604
-69.2617
-69.2629
-69.2641
-69.2653
-69.2664
-69.2676
-69.2687
-69.2698
-69.2709
-69.2719
-69.273
-69.274
-69.2751
-69.2761
-69.277
-69.278
-69.279
-69.2799
-69.2809
-69.2818
-69.2827
-69.2836
-69.2845
-69.2853
-69.2862
-69.287
-69.2879
-69.2887
-69.2895
-69.2903
-69.2911
-69.2919
-69.2927
-69.2934
-69.2942
-69.2949
-69.2957
-69.2964
-69.2971
-69.2979
-69.2986
-69.2993
-69.3
-69.3007
-69.3013
-69.302
-69.3027
-69.3034
-69.304
-69.3047
-69.3053
-69.306
-69.3066
-69.3073
-69.3079
-69.3085
-69.3092
-69.3098
-69.3104
-69.311
-69.3116
-69.3122
-69.3128
-69.3134
-69.314
-69.3146
-69.3152
-69.3158
-69.3164
-69.317
-69.3176
-69.3182
-69.3188
-69.3193
-69.3199
-69.3205
-69.3211
-69.3217
-69.3222
-69.3228
-69.3234
-69.3239
-69.3245
-69.3251
-69.3256
-69.3262
-69.3268
-69.3273
-69.3279
-69.3285
-69.329
-69.3296
-69.3302
-69.3307
-69.3313
-69.3318
-69.3324
-69.333
-69.3335
-69.3341
-69.3346
-69.3352
-69.3358
-69.3363
-69.3369
-69.3374
-69.338
-69.3386
-69.3391
-69.3397
-69.3402
-69.3408
-69.3414
-69.3419
-69.3425
-69.3431
-69.3436
-69.3442
-69.3447
-69.3453
-69.3459
-69.3464
-69.347
-69.3476
-69.3481
-69.3487
-69.3493
-69.3499
-69.3504
-69.351
-69.3516
-69.3521
-69.3527
-69.3533
-69.3539
-69.3544
-69.355
-69.3556
-69.3562
-69.3567
-69.3573
-69.3579
-69.3585
-69.359
-69.3596
-69.3602
-69.3608
-69.3614
-69.362
-69.3625
-69.3631
-69.3637
-69.3643
-69.3649
-69.3655
-69.3661
-69.3667
-69.3672
-69.3678
-69.3684
-69.369
-69.3696
-69.3702
-69.3708
-69.3714
-69.372
-69.3726
-69.3732
-69.3738
-69.3744
-69.375
-69.3756
-69.3762
-69.3768
-69.3774
-69.378
-69.3786
-69.3792
-69.3798
-69.3805
-69.3811
-69.3817
-69.3823
-69.3829
-69.3835
-69.3841
-69.3847
-69.3854
-69.386
-69.3866
-69.3872
-69.3878
-69.3885
-69.3891
-69.3897
-69.3903
-69.3909
-69.3916
-69.3922
-69.3928
-69.3934
-69.3941
-69.3947
-69.3953
-69.396
-69.3966
-69.3972
-69.3979
-69.3985
-69.3991
-69.3998
-69.4004
-69.401
-69.4017
-69.4023
-69.4029
-69.4036
-69.4042
-69.4049
-69.4055
-69.4062
-69.4068
-69.4074
-69.4081
-69.4087
-69.4094
-69.41
-69.4107
-69.4113
-69.412
-69.4126
-69.4133
-69.4139
-69.4146
-69.4152
-69.4159
-69.4165
-69.4172
-69.4178
-69.4185
-69.4191
-69.4198
-69.4205
-69.4211
-69.4218
-69.4224
-69.4231
-69.4238
-69.4244
-69.4251
-69.4257
-69.4264
-69.4271
-69.4277
-69.4284
-69.4291
-69.4297
-69.4304
-69.431
-69.4317
-69.4324
-69.4331
-69.4337
-69.4344
-69.4351
-69.4357
-69.4364
-69.4371
-69.4377
-69.4384
-69.4391
-69.4398
-69.4404
-69.4411
-69.4418
-69.4424
-69.4431
-69.4438
-69.4445
-69.4452
-69.4458
-69.4465
-69.4472
-69.4479
-69.4485
-69.4492
-69.4499
-69.4506
-69.4513
-69.4519
-69.4526
-69.4533
-69.454
-69.4547
-69.4553
-69.456
-69.4567
-69.4574
-69.4581
-69.4587
-69.4594
-69.4601
-69.4608
-69.4615
-69.4622
-69.4629
-69.4635
-69.4642
-69.4649
-69.4656
-69.4663
-69.467
-69.4677
-69.4683
-69.469
-69.4697
-69.4704
-69.4711
-69.4718
-69.4725
-69.4731
-69.4738
-69.4745
-69.4752
-69.4759
-69.4766
-69.4773
-69.478
-69.4787
-69.4793
-69.48
-69.4807
-69.4814
-69.4821
-69.4828
-69.4835
-69.4842
-69.4849
-69.4856
-69.4862
-69.4869
-69.4876
-69.4883
-69.489
-69.4897
-69.4904
-69.4911
-69.4918
-69.4925
-69.4932
-69.4938
-69.4945
-69.4952
-69.4959
-69.4966
-69.4973
-69.498
-69.4987
-69.4994
-69.5001
-69.5008
-69.5015
-69.5021
-69.5028
-69.5035
-69.5042
-69.5049
-69.5056
-69.5063
-69.507
-69.5077
-69.5084
-69.5091
-69.5097
-69.5104
-69.5111
-69.5118
-69.5125
-69.5132
-69.5139
-69.5146
-69.5153
-69.516
-69.5166
-69.5173
-69.518
-69.5187
-69.5194
-69.5201
-69.5208
-69.5215
-69.5222
-69.5228
-69.5235
-69.5242
-69.5249
-69.5256
-69.5263
-69.527
-69.5277
-69.5283
-69.529
-69.5297
-69.5304
-69.5311
-69.5318
-69.5325
-69.5331
-69.5338
-69.5345
-69.5352
-69.5359
-69.5366
-69.5372
-69.5379
-69.5386
-69.5393
-69.54
-69.5407
-69.5413
-69.542
-69.5427
-69.5434
-69.5441
-69.5448
-69.5454
-69.5461
-69.5468
-69.5475
-69.5482
-69.5488
-69.5495
-69.5502
-69.5509
-69.5516
-69.5522
-69.5529
-69.5536
-69.5543
-69.5549
-69.5556
-69.5563
-69.557
-69.5576
-69.5583
-69.559
-69.5597
-69.5603
-69.561
-69.5617
-69.5624
-69.563
-69.5637
-69.5644
-69.565
-69.5657
-69.5664
-69.567
-69.5677
-69.5684
-69.5691
-69.5697
-69.5704
-69.5711
-69.5717
-69.5724
-69.5731
-69.5737
-69.5744
-69.5751
-69.5757
-69.5764
-69.577
-69.5777
-69.5784
-69.579
-69.5797
-69.5804
-69.581
-69.5817
-69.5823
-69.583
-69.5837
-69.5843
-69.585
-69.5856
-69.5863
-69.5869
-69.5876
-69.5883
-69.5889
-69.5896
-69.5902
-69.5909
-69.5915
-69.5922
-69.5928
-69.5935
-69.5941
-69.5948
-69.5954
-69.5961
-69.5967
-69.5974
-69.598
-69.5987
-69.5993
-69.6
-69.6006
-69.6013
-69.6019
-69.6026
-69.6032
-69.6038
-69.6045
-69.6051
-69.6058
-69.6064
-69.6071
-69.6077
-69.6083
-69.609
-69.6096
-69.6103
-69.6109
-69.6115
-69.6122
-69.6128
-69.6134
-69.6141
-69.6147
-69.6153
-69.616
-69.6166
-69.6172
-69.6179
-69.6185
-69.6191
-69.6198
-69.6204
-69.621
-69.6216
-69.6223
-69.6229
-69.6235
-69.6241
-69.6248
-69.6254
-69.626
-69.6266
-69.6273
-69.6279
-69.6285
-69.6291
-69.6297
-69.6304
-69.631
-69.6316
-69.6322
-69.6328
-69.6334
-69.6341
-69.6347
-69.6353
-69.6359
-69.6365
-69.6371
-69.6377
-69.6384
-69.639
-69.6396
-69.6402
-69.6408
-69.6414
-69.642
-69.6426
-69.6432
-69.6438
-69.6444
-69.645
-69.6456
-69.6462
-69.6468
-69.6474
-69.648
-69.6486
-69.6492
-69.6498
-69.6504
-69.651
-69.6516
-69.6522
-69.6528
-69.6534
-69.654
-69.6546
-69.6552
-69.6558
-69.6564
-69.657
-69.6576
-69.6582
-69.6587
-69.6593
-69.6599
-69.6605
-69.6611
-69.6617
-69.6623
-69.6628
-69.6634
-69.664
-69.6646
-69.6652
-69.6657
-69.6663
-69.6669
-69.6675
-69.6681
-69.6686
-69.6692
-69.6698
-69.6704
-69.6709
-69.6715
-69.6721
-69.6727
-69.6732
-69.6738
-69.6744
-69.6749
-69.6755
-69.6761
-69.6766
-69.6772
-69.6778
-69.6783
-69.6789
-69.6795
-69.68
-69.6806
-69.6812
-69.6817
-69.6823
-69.6828
-69.6834
-69.684
-69.6845
-69.6851
-69.6856
-69.6862
-69.6867
-69.6873
-69.6878
-69.6884
-69.6889
-69.6895
-69.69
-69.6906
-69.6911
-69.6917
-69.6922
-69.6928
-69.6933
-69.6939
-69.6944
-69.695
-69.6955
-69.696
-69.6966
-69.6971
-69.6977
-69.6982
-69.6987
-69.6993
-69.6998
-69.7004
-69.7009
-69.7014
-69.702
-69.7025
-69.703
-69.7036
-69.7041
-69.7046
-69.7051
-69.7057
-69.7062
-69.7067
-69.7073
-69.7078
-69.7083
-69.7088
-69.7094
-69.7099
-69.7104
-69.7109
-69.7114
-69.712
-69.7125
-69.713
-69.7135
-69.714
-69.7146
-69.7151
-69.7156
-69.7161
-69.7166
-69.7171
-69.7176
-69.7181
-69.7187
-69.7192
-69.7197
-69.7202
-69.7207
-69.7212
-69.7217
-69.7222
-69.7227
-69.7232
-69.7237
-69.7242
-69.7247
-69.7252
-69.7257
-69.7262
-69.7267
-69.7272
-69.7277
-69.7282
-69.7287
-69.7292
-69.7297
-69.7302
-69.7307
-69.7312
-69.7317
-69.7322
-69.7327
-69.7331
-69.7336
-69.7341
-69.7346
-69.7351
-69.7356
-69.7361
-69.7365
-69.737
-69.7375
-69.738
-69.7385
-69.739
-69.7394
-69.7399
-69.7404
-69.7409
-69.7413
-69.7418
-69.7423
-69.7428
-69.7432
-69.7437
-69.7442
-69.7447
-69.7451
-69.7456
-69.7461
-69.7465
-69.747
-69.7475
-69.7479
-69.7484
-69.7489
-69.7493
-69.7498
-69.7503
-69.7507
-69.7512
-69.7516
-69.7521
-69.7526
-69.753
-69.7535
-69.7539
-69.7544
-69.7548
-69.7553
-69.7557
-69.7562
-69.7567
-69.7571
-69.7576
-69.758
-69.7585
-69.7589
-69.7594
-69.7598
-69.7602
-69.7607
-69.7611
-69.7616
-69.762
-69.7625
-69.7629
-69.7634
-69.7638
-69.7642
-69.7647
-69.7651
-69.7655
-69.766
-69.7664
-69.7669
-69.7673
-69.7677
-69.7682
-69.7686
-69.769
-69.7695
-69.7699
-69.7703
-69.7707
-69.7712
-69.7716
-69.772
-69.7725
-69.7729
-69.7733
-69.7737
-69.7742
-69.7746
-69.775
-69.7754
-69.7758
-69.7763
-69.7767
-69.7771
-69.7775
-69.7779
-69.7783
-69.7788
-69.7792
-69.7796
-69.78
-69.7804
-69.7808
-69.7812
-69.7817
-69.7821
-69.7825
-69.7829
-69.7833
-69.7837
-69.7841
-69.7845
-69.7849
-69.7853
-69.7857
-69.7861
-69.7865
-69.7869
-69.7873
-69.7877
-69.7881
-69.7885
-69.7889
-69.7893
-69.7897
-69.7901
-69.7905
-69.7909
-69.7913
-69.7917
-69.7921
-69.7925
-69.7929
-69.7933
-69.7936
-69.794
-69.7944
-69.7948
-69.7952
-69.7956
-69.796
-69.7964
-69.7967
-69.7971
-69.7975
-69.7979
-69.7983
-69.7986
-69.799
-69.7994
-69.7998
-69.8002
-69.8005
-69.8009
-69.8013
-69.8017
-69.802
-69.8024
-69.8028
-69.8032
-69.8035
-69.8039
-69.8043
-69.8046
-69.805
-69.8054
-69.8058
-69.8061
-69.8065
-69.8069
-69.8072
-69.8076
-69.8079
-69.8083
-69.8087
-69.809
-69.8094
-69.8098
-69.8101
-69.8105
-69.8108
-69.8112
-69.8116
-69.8119
-69.8123
-69.8126
-69.813
-69.8133
-69.8137
-69.814
-69.8144
-69.8147
-69.8151
-69.8154
-69.8158
-69.8161
-69.8165
-69.8168
-69.8172
-69.8175
-69.8179
-69.8182
-69.8186
-69.8189
-69.8193
-69.8196
-69.8199
-69.8203
-69.8206
-69.821
-69.8213
-69.8216
-69.822
-69.8223
-69.8226
-69.823
-69.8233
-69.8237
-69.824
-69.8243
-69.8247
-69.825
-69.8253
-69.8256
-69.826
-69.8263
-69.8266
-69.827
-69.8273
-69.8276
-69.828
-69.8283
-69.8286
-69.8289
-69.8293
-69.8296
-69.8299
-69.8302
-69.8305
-69.8309
-69.8312
-69.8315
-69.8318
-69.8321
-69.8325
-69.8328
-69.8331
-69.8334
-69.8337
-69.834
-69.8344
-69.8347
-69.835
-69.8353
-69.8356
-69.8359
-69.8362
-69.8365
-69.8369
-69.8372
-69.8375
-69.8378
-69.8381
-69.8384
-69.8387
-69.839
-69.8393
-69.8396
-69.8399
-69.8402
-69.8405
-69.8408
-69.8411
-69.8414
-69.8417
-69.842
-69.8423
-69.8426
-69.8429
-69.8432
-69.8435
-69.8438
-69.8441
-69.8444
-69.8447
-69.845
-69.8453
-69.8456
-69.8459
-69.8462
-69.8464
-69.8467
-69.847
-69.8473
-69.8476
-69.8479
-69.8482
-69.8485
-69.8488
-69.849
-69.8493
-69.8496
-69.8499
-69.8502
-69.8505
-69.8507
-69.851
-69.8513
-69.8516
-69.8519
-69.8522
-69.8524
-69.8527
-69.853
-69.8533
-69.8535
-69.8538
-69.8541
-69.8544
-69.8546
-69.8549
-69.8552
-69.8555
-69.8557
-69.856
-69.8563
-69.8566
-69.8568
-69.8571
-69.8574
-69.8576
-69.8579
-69.8582
-69.8584
-69.8587
-69.859
-69.8592
-69.8595
-69.8598
-69.86
-69.8603
-69.8605
-69.8608
-69.8611
-69.8613
-69.8616
-69.8619
-69.8621
-69.8624
-69.8626
-69.8629
-69.8631
-69.8634
-69.8637
-69.8639
-69.8642
-69.8644
-69.8647
-69.8649
-69.8652
-69.8654
-69.8657
-69.8659
-69.8662
-69.8665
-69.8667
-69.867
-69.8672
-69.8674
-69.8677
-69.8679
-69.8682
-69.8684
-69.8687
-69.8689
-69.8692
-69.8694
-69.8697
-69.8699
-69.8702
-69.8704
-69.8706
-69.8709
-69.8711
-69.8714
-69.8716
-69.8718
-69.8721
-69.8723
-69.8726
-69.8728
-69.873
-69.8733
-69.8735
-69.8737
-69.874
-69.8742
-69.8745
-69.8747
-69.8749
-69.8752
-69.8754
-69.8756
-69.8758
-69.8761
-69.8763
-69.8765
-69.8768
-69.877
-69.8772
-69.8775
-69.8777
-69.8779
-69.8781
-69.8784
-69.8786
-69.8788
-69.879
-69.8793
-69.8795
-69.8797
-69.8799
-69.8802
-69.8804
-69.8806
-69.8808
-69.881
-69.8813
-69.8815
-69.8817
-69.8819
-69.8821
-69.8824
-69.8826
-69.8828
-69.883
-69.8832
-69.8834
-69.8837
-69.8839
-69.8841
-69.8843
-69.8845
-69.8847
-69.8849
-69.8852
-69.8854
-69.8856
-69.8858
-69.886
-69.8862
-69.8864
-69.8866
-69.8868
-69.887
-69.8873
-69.8875
-69.8877
-69.8879
-69.8881
-69.8883
-69.8885
-69.8887
-69.8889
-69.8891
-69.8893
-69.8895
-69.8897
-69.8899
-69.8901
-69.8903
-69.8905
-69.8907
-69.8909
-69.8911
-69.8913
-69.8915
-69.8917
-69.8919
-69.8921
-69.8923
-69.8925
-69.8927
-69.8929
-69.8931
-69.8933
-69.8935
-69.8937
-69.8939
-69.8941
-69.8943
-69.8945
-69.8946
-69.8948
-69.895
-69.8952
-69.8954
-69.8956
-69.8958
-69.896
-69.8962
-69.8964
-69.8965
-69.8967
-69.8969
-69.8971
-69.8973
-69.8975
-69.8977
-69.8979
-69.898
-69.8982
-69.8984
-69.8986
-69.8988
-69.899
-69.8991
-69.8993
-69.8995
-69.8997
-69.8999
-69.9
-69.9002
-69.9004
-69.9006
-69.9008
-69.9009
-69.9011
-69.9013
-69.9015
-69.9017
-69.9018
-69.902
-69.9022
-69.9024
-69.9025
-69.9027
-69.9029
-69.9031
-69.9032
-69.9034
-69.9036
-69.9038
-69.9039
-69.9041
-69.9043
-69.9044
-69.9046
-69.9048
-69.905
-69.9051
-69.9053
-69.9055
-69.9056
-69.9058
-69.906
-69.9061
-69.9063
-69.9065
-69.9066
-69.9068
-69.907
-69.9071
-69.9073
-69.9075
-69.9076
-69.9078
-69.908
-69.9081
-69.9083
-69.9085
-69.9086
-69.9088
-69.9089
-69.9091
-69.9093
-69.9094
-69.9096
-69.9097
-69.9099
-69.9101
-69.9102
-69.9104
-69.9105
-69.9107
-69.9109
-69.911
-69.9112
-69.9113
-69.9115
-69.9116
-69.9118
-69.912
-69.9121
-69.9123
-69.9124
-69.9126
-69.9127
-69.9129
-69.913
-69.9132
-69.9133
-69.9135
-69.9136
-69.9138
-69.9139
-69.9141
-69.9142
-69.9144
-69.9145
-69.9147
-69.9148
-69.915
-69.9151
-69.9153
-69.9154
-69.9156
-69.9157
-69.9159
-69.916
-69.9162
-69.9163
-69.9165
-69.9166
-69.9168
-69.9169
-69.917
-69.9172
-69.9173
-69.9175
-69.9176
-69.9178
-69.9179
-69.918
-69.9182
-69.9183
-69.9185
-69.9186
-69.9188
-69.9189
-69.919
-69.9192
-69.9193
-69.9194
-69.9196
-69.9197
-69.9199
-69.92
-69.9201
-69.9203
-69.9204
-69.9206
-69.9207
-69.9208
-69.921
-69.9211
-69.9212
-69.9214
-69.9215
-69.9216
-69.9218
-69.9219
-69.922
-69.9222
-69.9223
-69.9224
-69.9226
-69.9227
-69.9228
-69.923
-69.9231
-69.9232
-69.9234
-69.9235
-69.9236
-69.9238
-69.9239
-69.924
-69.9241
-69.9243
-69.9244
-69.9245
-69.9247
-69.9248
-69.9249
-69.925
-69.9252
-69.9253
-69.9254
-69.9255
-69.9257
-69.9258
-69.9259
-69.926
-69.9262
-69.9263
-69.9264
-69.9265
-69.9267
-69.9268
-69.9269
-69.927
-69.9272
-69.9273
-69.9274
-69.9275
-69.9276
-69.9278
-69.9279
-69.928
-69.9281
-69.9283
-69.9284
-69.9285
-69.9286
-69.9287
-69.9289
-69.929
-69.9291
-69.9292
-69.9293
-69.9294
-69.9296
-69.9297
-69.9298
-69.9299
-69.93
-69.9301
-69.9303
-69.9304
-69.9305
-69.9306
-69.9307
-69.9308
-69.931
-69.9311
-69.9312
-69.9313
-69.9314
-69.9315
-69.9316
-69.9317
-69.9319
-69.932
-69.9321
-69.9322
-69.9323
-69.9324
-69.9325
-69.9326
-69.9328
-69.9329
-69.933
-69.9331
-69.9332
-69.9333
-69.9334
-69.9335
-69.9336
-69.9337
-69.9338
-69.934
-69.9341
-69.9342
-69.9343
-69.9344
-69.9345
-69.9346
-69.9347
-69.9348
-69.9349
-69.935
-69.9351
-69.9352
-69.9353
-69.9354
-69.9356
-69.9357
-69.9358
-69.9359
-69.936
-69.9361
-69.9362
-69.9363
-69.9364
-69.9365
-69.9366
-69.9367
-69.9368
-69.9369
-69.937
-69.9371
-69.9372
-69.9373
-69.9374
-69.9375
-69.9376
-69.9377
-69.9378
-69.9379
-69.938
-69.9381
-69.9382
-69.9383
-69.9384
-69.9385
-69.9386
-69.9387
-69.9388
-69.9389
-69.939
-69.9391
-69.9392
-69.9393
-69.9394
-69.9395
-69.9396
-69.9397
-69.9398
-69.9399
-69.9399
-69.94
-69.9401
-69.9402
-69.9403
-69.9404
-69.9405
-69.9406
-69.9407
-69.9408
-69.9409
-69.941
-69.9411
-69.9412
-69.9413
-69.9414
-69.9414
-69.9415
-69.9416
-69.9417
-69.9418
-69.9419
-69.942
-69.9421
-69.9422
-69.9423
-69.9424
-69.9425
-69.9425
-69.9426
-69.9427
-69.9428
-69.9429
-69.943
-69.9431
-69.9432
-69.9433
-69.9433
-69.9434
-69.9435
-69.9436
-69.9437
-69.9438
-69.9439
-69.944
-69.944
-69.9441
-69.9442
-69.9443
-69.9444
-69.9445
-69.9446
-69.9446
-69.9447
-69.9448
-69.9449
-69.945
-69.9451
-69.9452
-69.9452
-69.9453
-69.9454
-69.9455
-69.9456
-69.9457
-69.9457
-69.9458
-69.9459
-69.946
-69.9461
-69.9462
-69.9462
-69.9463
-69.9464
-69.9465
-69.9466
-69.9467
-69.9467
-69.9468
-69.9469
-69.947
-69.9471
-69.9471
-69.9472
-69.9473
-69.9474
-69.9475
-69.9475
-69.9476
-69.9477
-69.9478
-69.9479
-69.9479
-69.948
-69.9481
-69.9482
-69.9482
-69.9483
-69.9484
-69.9485
-69.9486
-69.9486
-69.9487
-69.9488
-69.9489
-69.9489
-69.949
-69.9491
-69.9492
-69.9493
-69.9493
-69.9494
-69.9495
-69.9496
-69.9496
-69.9497
-69.9498
-69.9499
-69.9499
-69.95
-69.9501
-69.9502
-69.9502
-69.9503
-69.9504
-69.9504
-69.9505
-69.9506
-69.9507
-69.9507
-69.9508
-69.9509
-69.951
-69.951
-69.9511
-69.9512
-69.9513
-69.9513
-69.9514
-69.9515
-69.9515
-69.9516
-69.9517
-69.9518
-69.9518
-69.9519
-69.952
-69.952
-69.9521
-69.9522
-69.9522
-69.9523
-69.9524
-69.9525
-69.9525
-69.9526
-69.9527
-69.9527
-69.9528
-69.9529
-69.9529
-69.953
-69.9531
-69.9531
-69.9532
-69.9533
-69.9534
-69.9534
-69.9535
-69.9536
-69.9536
-69.9537
-69.9538
-69.9538
-69.9539
-69.954
-69.954
-69.9541
-69.9542
-69.9542
-69.9543
-69.9544
-69.9544
-69.9545
-69.9546
-69.9546
-69.9547
-69.9547
-69.9548
-69.9549
-69.9549
-69.955
-69.9551
-69.9551
-69.9552
-69.9553
-69.9553
-69.9554
-69.9555
-69.9555
-69.9556
-69.9556
-69.9557
-69.9558
-69.9558
-69.9559
-69.956
-69.956
-69.9561
-69.9561
-69.9562
-69.9563
-69.9563
-69.9564
-69.9565
-69.9565
-69.9566
-69.9566
-69.9567
-69.9568
-69.9568
-69.9569
-69.957
-69.957
-69.9571
-69.9571
-69.9572
-69.9573
-69.9573
-69.9574
-69.9574
-69.9575
-69.9576
-69.9576
-69.9577
-69.9577
-69.9578
-69.9578
-69.9579
-69.958
-69.958
-69.9581
-69.9581
-69.9582
-69.9583
-69.9583
-69.9584
-69.9584
-69.9585
-69.9586
-69.9586
-69.9587
-69.9587
-69.9588
-69.9588
-69.9589
-69.959
-69.959
-69.9591
-69.9591
-69.9592
-69.9592
-69.9593
-69.9593
-69.9594
-69.9595
-69.9595
-69.9596
-69.9596
-69.9597
-69.9597
-69.9598
-69.9599
-69.9599
-69.96
-69.96
-69.9601
-69.9601
-69.9602
-69.9602
-69.9603
-69.9603
-69.9604
-69.9605
-69.9605
-69.9606
-69.9606
-69.9607
-69.9607
-69.9608
-69.9608
-69.9609
-69.9609
-69.961
-69.961
-69.9611
-69.9611
-69.9612
-69.9613
-69.9613
-69.9614
-69.9614
-69.9615
-69.9615
-69.9616
-69.9616
-69.9617
-69.9617
-69.9618
-69.9618
-69.9619
-69.9619
-69.962
-69.962
-69.9621
-69.9621
-69.9622
-69.9622
-69.9623
-69.9623
-69.9624
-69.9624
-69.9625
-69.9625
-69.9626
-69.9626
-69.9627
-69.9627
-69.9628
-69.9628
-69.9629
-69.9629
-69.963
-69.963
-69.9631
-69.9631
-69.9632
-69.9632
-69.9633
-69.9633
-69.9634
-69.9634
-69.9635
-69.9635
-69.9636
-69.9636
-69.9637
-69.9637
-69.9638
-69.9638
-69.9639
-69.9639
-69.964
-69.964
-69.9641
-69.9641
-69.9642
-69.9642
-69.9642
-69.9643
-69.9643
-69.9644
-69.9644
-69.9645
-69.9645
-69.9646
-69.9646
-69.9647
-69.9647
-69.9648
-69.9648
-69.9649
-69.9649
-69.9649
-69.965
-69.965
-69.9651
-69.9651
-69.9652
-69.9652
-69.9653
-69.9653
-69.9654
-69.9654
-69.9654
-69.9655
-69.9655
-69.9656
-69.9656
-69.9657
-69.9657
-69.9658
-69.9658
-69.9659
-69.9659
-69.9659
-69.966
-69.966
-69.9661
-69.9661
-69.9662
-69.9662
-69.9662
-69.9663
-69.9663
-69.9664
-69.9664
-69.9665
-69.9665
-69.9666
-69.9666
-69.9666
-69.9667
-69.9667
-69.9668
-69.9668
-69.9669
-69.9669
-69.9669
-69.967
-69.967
-69.9671
-69.9671
-69.9672
-69.9672
-69.9672
-69.9673
-69.9673
-69.9674
-69.9674
-69.9674
-69.9675
-69.9675
-69.9676
-69.9676
-69.9677
-69.9677
-69.9677
-69.9678
-69.9678
-69.9679
-69.9679
-69.9679
-69.968
-69.968
-69.9681
-69.9681
-69.9681
-69.9682
-69.9682
-69.9683
-69.9683
-69.9683
-69.9684
-69.9684
-69.9685
-69.9685
-69.9685
-69.9686
-69.9686
-69.9687
-69.9687
-69.9687
-69.9688
-69.9688
-69.9689
-69.9689
-69.9689
-69.969
-69.969
-69.9691
-69.9691
-69.9691
-69.9692
-69.9692
-69.9693
-69.9693
-69.9693
-69.9694
-69.9694
-69.9694
-69.9695
-69.9695
-69.9696
-69.9696
-69.9696
-69.9697
-69.9697
-69.9697
-69.9698
-69.9698
-69.9699
-69.9699
-69.9699
-69.97
-69.97
-69.97
-69.9701
-69.9701
-69.9702
-69.9702
-69.9702
-69.9703
-69.9703
-69.9703
-69.9704
-69.9704
-69.9705
-69.9705
-69.9705
-69.9706
-69.9706
-69.9706
-69.9707
-69.9707
-69.9707
-69.9708
-69.9708
-69.9709
-69.9709
-69.9709
-69.971
-69.971
-69.971
-69.9711
-69.9711
-69.9711
-69.9712
-69.9712
-69.9712
-69.9713
-69.9713
-69.9714
-69.9714
-69.9714
-69.9715
-69.9715
-69.9715
-69.9716
-69.9716
-69.9716
-69.9717
-69.9717
-69.9717
-69.9718
-69.9718
-69.9718
-69.9719
-69.9719
-69.9719
-69.972
-69.972
-69.9721
-69.9721
-69.9721
-69.9722
-69.9722
-69.9722
-69.9723
-69.9723
-69.9723
-69.9724
-69.9724
-69.9724
-69.9725
-69.9725
-69.9725
-69.9726
-69.9726
-69.9726
-69.9727
-69.9727
-69.9727
-69.9728
-69.9728
-69.9728
-69.9729
-69.9729
-69.9729
-69.973
-69.973
-69.973
-69.9731
-69.9731
-69.9731
-69.9731
-69.9732
-69.9732
-69.9732
-69.9733
-69.9733
-69.9733
-69.9734
-69.9734
-69.9734
-69.9735
-69.9735
-69.9735
-69.9736
-69.9736
-69.9736
-69.9737
-69.9737
-69.9737
-69.9738
-69.9738
-69.9738
-69.9739
-69.9739
-69.9739
-69.9739
-69.974
-69.974
-69.974
-69.9741
-69.9741
-69.9741
-69.9742
-69.9742
-69.9742
-69.9743
-69.9743
-69.9743
-69.9743
-69.9744
-69.9744
-69.9744
-69.9745
-69.9745
-69.9745
-69.9746
-69.9746
-69.9746
-69.9747
-69.9747
-69.9747
-69.9747
-69.9748
-69.9748
-69.9748
-69.9749
-69.9749
-69.9749
-69.975
-69.975
-69.975
-69.975
-69.9751
-69.9751
-69.9751
-69.9752
-69.9752
-69.9752
-69.9752
-69.9753
-69.9753
-69.9753
-69.9754
-69.9754
-69.9754
-69.9755
-69.9755
-69.9755
-69.9755
-69.9756
-69.9756
-69.9756
-69.9757
-69.9757
-69.9757
-69.9757
-69.9758
-69.9758
-69.9758
-69.9759
-69.9759
-69.9759
-69.9759
-69.976
-69.976
-69.976
-69.9761
-69.9761
-69.9761
-69.9761
-69.9762
-69.9762
-69.9762
-69.9763
-69.9763
-69.9763
-69.9763
-69.9764
-69.9764
-69.9764
-69.9764
-69.9765
-69.9765
-69.9765
-69.9766
-69.9766
-69.9766
-69.9766
-69.9767
-69.9767
-69.9767
-69.9767
-69.9768
-69.9768
-69.9768
-69.9769
-69.9769
-69.9769
-69.9769
-69.977
-69.977
-69.977
-69.977
-69.9771
-69.9771
-69.9771
-69.9772
-69.9772
-69.9772
-69.9772
-69.9773
-69.9773
-69.9773
-69.9773
-69.9774
-69.9774
-69.9774
-69.9774
-69.9775
-69.9775
-69.9775
-69.9775
-69.9776
-69.9776
-69.9776
-69.9777
-69.9777
-69.9777
-69.9777
-69.9778
-69.9778
-69.9778
-69.9778
-69.9779
-69.9779
-69.9779
-69.9779
-69.978
-69.978
-69.978
-69.978
-69.9781
-69.9781
-69.9781
-69.9781
-69.9782
-69.9782
-69.9782
-69.9782
-69.9783
-69.9783
-69.9783
-69.9783
-69.9784
-69.9784
-69.9784
-69.9784
-69.9785
-69.9785
-69.9785
-69.9785
-69.9786
-69.9786
-69.9786
-69.9786
-69.9787
-69.9787
-69.9787
-69.9787
-69.9788
-69.9788
-69.9788
-69.9788
-69.9789
-69.9789
-69.9789
-69.9789
-69.979
-69.979
-69.979
-69.979
-69.9791
-69.9791
-69.9791
-69.9791
-69.9791
-69.9792
-69.9792
-69.9792
-69.9792
-69.9793
-69.9793
-69.9793
-69.9793
-69.9794
-69.9794
-69.9794
-69.9794
-69.9795
-69.9795
-69.9795
-69.9795
-69.9796
-69.9796
-69.9796
-69.9796
-69.9796
-69.9797
-69.9797
-69.9797
-69.9797
-69.9798
-69.9798
-69.9798
-69.9798
-69.9799
-69.9799
-69.9799
-69.9799
-69.9799
-69.98
-69.98
-69.98
-69.98
-69.9801
-69.9801
-69.9801
-69.9801
-69.9801
-69.9802
-69.9802
-69.9802
-69.9802
-69.9803
-69.9803
-69.9803
-69.9803
-69.9804
-69.9804
-69.9804
-69.9804
-69.9804
-69.9805
-69.9805
-69.9805
-69.9805
-69.9806
-69.9806
-69.9806
-69.9806
-69.9806
-69.9807
-69.9807
-69.9807
-69.9807
-69.9807
-69.9808
-69.9808
-69.9808
-69.9808
-69.9809
-69.9809
-69.9809
-69.9809
-69.9809
-69.981
-69.981
-69.981
-69.981
-69.9811
-69.9811
-69.9811
-69.9811
-69.9811
-69.9812
-69.9812
-69.9812
-69.9812
-69.9812
-69.9813
-69.9813
-69.9813
-69.9813
-69.9814
-69.9814
-69.9814
-69.9814
-69.9814
-69.9815
-69.9815
-69.9815
-69.9815
-69.9815
-69.9816
-69.9816
-69.9816
-69.9816
-69.9816
-69.9817
-69.9817
-69.9817
-69.9817
-69.9817
-69.9818
-69.9818
-69.9818
-69.9818
-69.9819
-69.9819
-69.9819
-69.9819
-69.9819
-69.982
-69.982
-69.982
-69.982
-69.982
-69.9821
-69.9821
-69.9821
-69.9821

