0.000000
0.000000
-0.000006
-0.000014
-0.000023
-0.000034
-0.000045
-0.000058
-0.000070
-0.000084
-0.000097
-0.000111
-0.000125
-0.000140
-0.000155
-0.000170
-0.000185
-0.000201
-0.000217
-0.000233
-0.000249
-0.000266
-0.000282
-0.000299
-0.000316
-0.000333
-0.000351
-0.000368
-0.000386
-0.000404
-0.000422
-0.000440
-0.000459
-0.000477
-0.000496
-0.000515
-0.000534
-0.000553
-0.000572
-0.000591
-0.000611
-0.000631
-0.000651
-0.000670
-0.000691
-0.000711
-0.000731
-0.000751
-0.000772
-0.000793
-0.000813
-0.000834
-0.000855
-0.000876
-0.000898
-0.000919
-0.000940
-0.000962
-0.000984
-0.001005
-0.001027
-0.001049
-0.001071
-0.001093
-0.001115
-0.001138
-0.001160
-0.001183
-0.001205
-0.001228
-0.001251
-0.001273
-0.001296
-0.001319
-0.001342
-0.001366
-0.001389
-0.001412
-0.001435
-0.001459
-0.001482
-0.001506
-0.001530
-0.001553
-0.001577
-0.001601
-0.001625
-0.001649
-0.001673
-0.001697
-0.001722
-0.001746
-0.001770
-0.001795
-0.001819
-0.001844
-0.001868
-0.001893
-0.001918
-0.001942
-0.001967
-0.001992
-0.002017
-0.002042
-0.002067
-0.002092
-0.002118
-0.002143
-0.002168
-0.002193
-0.002219
-0.002244
-0.002270
-0.002295
-0.002321
-0.002346
-0.002372
-0.002398
-0.002424
-0.002449
-0.002475
-0.002501
-0.002527
-0.002553
-0.002579
-0.002605
-0.002631
-0.002658
-0.002684
-0.002710
-0.002736
-0.002763
-0.002789
-0.002815
-0.002842
-0.002868
-0.002895
-0.002921
-0.002948
-0.002975
-0.003001
-0.003028
-0.003055
-0.003082
-0.003108
-0.003135
-0.003162
-0.003189
-0.003216
-0.003243
-0.003270
-0.003297
-0.003324
-0.003351
-0.003379
-0.003406
-0.003433
-0.003460
-0.003487
-0.003515
-0.003542
-0.003569
-0.003597
-0.003624
-0.003652
-0.003679
-0.003707
-0.003734
-0.003762
-0.003789
-0.003817
-0.003845
-0.003872
-0.003900
-0.003928
-0.003955
-0.003983
-0.004011
-0.004039
-0.004067
-0.004094
-0.004122
-0.004150
-0.004178
-0.004206
-0.004234
-0.004262
-0.004290
-0.004318
-0.004346
-0.004374
-0.004402
-0.004430
-0.004459
-0.004487
-0.004515
-0.004543
-0.004571
-0.004599
-0.004628
-0.004656
-0.004684
-0.004713
-0.004741
-0.004769
-0.004798
-0.004826
-0.004854
-0.004883
-0.004911
-0.004940
-0.004968
-0.004997
-0.005025
-0.005054
-0.005082
-0.005111
-0.005139
-0.005168
-0.005197
-0.005225
-0.005254
-0.005282
-0.005311
-0.005340
-0.005368
-0.005397
-0.005426
-0.005455
-0.005483
-0.005512
-0.005541
-0.005570
-0.005598
-0.005627
-0.005656
-0.005685
-0.005714
-0.005743
-0.005771
-0.005800
-0.005829
-0.005858
-0.005887
-0.005916
-0.005945
-0.005974
-0.006003
-0.006032
-0.006061
-0.006090
-0.006119
-0.006148
-0.006177
-0.006206
-0.006235
-0.006264
-0.006293
-0.006322
-0.006351
-0.006380
-0.006409
-0.006438
-0.006467
-0.006496
-0.006525
-0.006555
-0.006584
-0.006613
-0.006642
-0.006671
-0.006700
-0.006729
-0.006759
-0.006788
-0.006817
-0.006846
-0.006875
-0.006905
-0.006934
-0.006963
-0.006992
-0.007022
-0.007051
-0.007080
-0.007109
-0.007139
-0.007168
-0.007197
-0.007226
-0.007256
-0.007285
-0.007314
-0.007344
-0.007373
-0.007402
-0.007432
-0.007461
-0.007490
-0.007520
-0.007549
-0.007578
-0.007608
-0.007637
-0.007666
-0.007696
-0.007725
-0.007754
-0.007784
-0.007813
-0.007842
-0.007872
-0.007901
-0.007931
-0.007960
-0.007989
-0.008019
-0.008048
-0.008078
-0.008107
-0.008136
-0.008166
-0.008195
-0.008225
-0.008254
-0.008283
-0.008313
-0.008342
-0.008372
-0.008401
-0.008431
-0.008460
-0.008489
-0.008519
-0.008548
-0.008578
-0.008607
-0.008637
-0.008666
-0.008695
-0.008725
-0.008754
-0.008784
-0.008813
-0.008843
-0.008872
-0.008902
-0.008931
-0.008960
-0.008990
-0.009019
-0.009049
-0.009078
-0.009108
-0.009137
-0.009167
-0.009196
-0.009225
-0.009255
-0.009284
-0.009314
-0.009343
-0.009373
-0.009402
-0.009432
-0.009461
-0.009490
-0.009520
-0.009549
-0.009579
-0.009608
-0.009638
-0.009667
-0.009696
-0.009726
-0.009755
-0.009785
-0.009814
-0.009844
-0.009873
-0.009902
-0.009932
-0.009961
-0.009991
-0.010020
-0.010050
-0.010079
-0.010108
-0.010138
-0.010167
-0.010197
-0.010226
-0.010255
-0.010285
-0.010314
-0.010344
-0.010373
-0.010402
-0.010432
-0.010461
-0.010490
-0.010520
-0.010549
-0.010579
-0.010608
-0.010637
-0.010667
-0.010696
-0.010725
-0.010755
-0.010784
-0.010813
-0.010843
-0.010872
-0.010901
-0.010931
-0.010960
-0.010989
-0.011019
-0.011048
-0.011077
-0.011107
-0.011136
-0.011165
-0.011195
-0.011224
-0.011253
-0.011282
-0.011312
-0.011341
-0.011370
-0.011400
-0.011429
-0.011458
-0.011487
-0.011517
-0.011546
-0.011575
-0.011604
-0.011634
-0.011663
-0.011692
-0.011721
-0.011750
-0.011780
-0.011809
-0.011838
-0.011867
-0.011896
-0.011926
-0.011955
-0.011984
-0.012013
-0.012042
-0.012071
-0.012101
-0.012130
-0.012159
-0.012188
-0.012217
-0.012246
-0.012275
-0.012304
-0.012334
-0.012363
-0.012392
-0.012421
-0.012450
-0.012479
-0.012508
-0.012537
-0.012566
-0.012595
-0.012624
-0.012653
-0.012682
-0.012711
-0.012740
-0.012769
-0.012798
-0.012827
-0.012856
-0.012885
-0.012914
-0.012943
-0.012972
-0.013001
-0.013030
-0.013059
-0.013088
-0.013117
-0.013146
-0.013175
-0.013204
-0.013233
-0.013262
-0.013291
-0.013320
-0.013348
-0.013377
-0.013406
-0.013435
-0.013464
-0.013493
-0.013522
-0.013551
-0.013579
-0.013608
-0.013637
-0.013666
-0.013695
-0.013723
-0.013752
-0.013781
-0.013810
-0.013839
-0.013867
-0.013896
-0.013925
-0.013954
-0.013982
-0.014011
-0.014040
-0.014068
-0.014097
-0.014126
-0.014155
-0.014183
-0.014212
-0.014241
-0.014269
-0.014298
-0.014326
-0.014355
-0.014384
-0.014412
-0.014441
-0.014470
-0.014498
-0.014527
-0.014555
-0.014584
-0.014612
-0.014641
-0.014670
-0.014698
-0.014727
-0.014755
-0.014784
-0.014812
-0.014841
-0.014869
-0.014898
-0.014926
-0.014955
-0.014983
-0.015011
-0.015040
-0.015068
-0.015097
-0.015125
-0.015154
-0.015182
-0.015210
-0.015239
-0.015267
-0.015295
-0.015324
-0.015352
-0.015380
-0.015409
-0.015437
-0.015465
-0.015494
-0.015522
-0.015550
-0.015579
-0.015607
-0.015635
-0.015663
-0.015692
-0.015720
-0.015748
-0.015776
-0.015804
-0.015833
-0.015861
-0.015889
-0.015917
-0.015945
-0.015974
-0.016002
-0.016030
-0.016058
-0.016086
-0.016114
-0.016142
-0.016170
-0.016198
-0.016226
-0.016255
-0.016283
-0.016311
-0.016339
-0.016367
-0.016395
-0.016423
-0.016451
-0.016479
-0.016507
-0.016535
-0.016563
-0.016590
-0.016618
-0.016646
-0.016674
-0.016702
-0.016730
-0.016758
-0.016786
-0.016814
-0.016842
-0.016869
-0.016897
-0.016925
-0.016953
-0.016981
-0.017009
-0.017036
-0.017064
-0.017092
-0.017120
-0.017147
-0.017175
-0.017203
-0.017231
-0.017258
-0.017286
-0.017314
-0.017341
-0.017369
-0.017397
-0.017424
-0.017452
-0.017480
-0.017507
-0.017535
-0.017563
-0.017590
-0.017618
-0.017645
-0.017673
-0.017700
-0.017728
-0.017756
-0.017783
-0.017811
-0.017838
-0.017866
-0.017893
-0.017921
-0.017948
-0.017975
-0.018003
-0.018030
-0.018058
-0.018085
-0.018113
-0.018140
-0.018167
-0.018195
-0.018222
-0.018249
-0.018277
-0.018304
-0.018331
-0.018359
-0.018386
-0.018413
-0.018441
-0.018468
-0.018495
-0.018522
-0.018550
-0.018577
-0.018604
-0.018631
-0.018658
-0.018686
-0.018713
-0.018740
-0.018767
-0.018794
-0.018821
-0.018849
-0.018876
-0.018903
-0.018930
-0.018957
-0.018984
-0.019011
-0.019038
-0.019065
-0.019092
-0.019119
-0.019146
-0.019173
-0.019200
-0.019227
-0.019254
-0.019281
-0.019308
-0.019335
-0.019362
-0.019389
-0.019416
-0.019443
-0.019469
-0.019496
-0.019523
-0.019550
-0.019577
-0.019604
-0.019631
-0.019657
-0.019684
-0.019711
-0.019738
-0.019764
-0.019791
-0.019818
-0.019845
-0.019871
-0.019898
-0.019925
-0.019951
-0.019978
-0.020005
-0.020031
-0.020058
-0.020085
-0.020111
-0.020138
-0.020165
-0.020191
-0.020218
-0.020244
-0.020271
-0.020297
-0.020324
-0.020350
-0.020377
-0.020403
-0.020430
-0.020456
-0.020483
-0.020509
-0.020536
-0.020562
-0.020589
-0.020615
-0.020641
-0.020668
-0.020694
-0.020721
-0.020747
-0.020773
-0.020800
-0.020826
-0.020852
-0.020879
-0.020905
-0.020931
-0.020957
-0.020984
-0.021010
-0.021036
-0.021062
-0.021089
-0.021115
-0.021141
-0.021167
-0.021193
-0.021219
-0.021246
-0.021272
-0.021298
-0.021324
-0.021350
-0.021376
-0.021402
-0.021428
-0.021454
-0.021480
-0.021506
-0.021532
-0.021558
-0.021584
-0.021610
-0.021636
-0.021662
-0.021688
-0.021714
-0.021740
-0.021766
-0.021792
-0.021818
-0.021844
-0.021870
-0.021895
-0.021921
-0.021947
-0.021973
-0.021999
-0.022025
-0.022050
-0.022076
-0.022102
-0.022128
-0.022153
-0.022179
-0.022205
-0.022231
-0.022256
-0.022282
-0.022308
-0.022333
-0.022359
-0.022385
-0.022410
-0.022436
-0.022462
-0.022487
-0.022513
-0.022538
-0.022564
-0.022589
-0.022615
-0.022641
-0.022666
-0.022692
-0.022717
-0.022743
-0.022768
-0.022794
-0.022819
-0.022844
-0.022870
-0.022895
-0.022921
-0.022946
-0.022971
-0.022997
-0.023022
-0.023048
-0.023073
-0.023098
-0.023124
-0.023149
-0.023174
-0.023199
-0.023225
-0.023250
-0.023275
-0.023300
-0.023326
-0.023351
-0.023376
-0.023401
-0.023426
-0.023452
-0.023477
-0.023502
-0.023527
-0.023552
-0.023577
-0.023602
-0.023627
-0.023653
-0.023678
-0.023703
-0.023728
-0.023753
-0.023778
-0.023803
-0.023828
-0.023853
-0.023878
-0.023903
-0.023928
-0.023953
-0.023977
-0.024002
-0.024027
-0.024052
-0.024077
-0.024102
-0.024127
-0.024152
-0.024176
-0.024201
-0.024226
-0.024251
-0.024276
-0.024300
-0.024325
-0.024350
-0.024375
-0.024399
-0.024424
-0.024449
-0.024474
-0.024498
-0.024523
-0.024548
-0.024572
-0.024597
-0.024622
-0.024646
-0.024671
-0.024695
-0.024720
-0.024745
-0.024769
-0.024794
-0.024818
-0.024843
-0.024867
-0.024892
-0.024916
-0.024941
-0.024965
-0.024990
-0.025014
-0.025038
-0.025063
-0.025087
-0.025112
-0.025136
-0.025160
-0.025185
-0.025209
-0.025233
-0.025258
-0.025282
-0.025306
-0.025331
-0.025355
-0.025379
-0.025404
-0.025428
-0.025452
-0.025476
-0.025500
-0.025525
-0.025549
-0.025573
-0.025597
-0.025621
-0.025645
-0.025670
-0.025694
-0.025718
-0.025742
-0.025766
-0.025790
-0.025814
-0.025838
-0.025862
-0.025886
-0.025910
-0.025934
-0.025958
-0.025982
-0.026006
-0.026030
-0.026054
-0.026078
-0.026102
-0.026126
-0.026150
-0.026174
-0.026198
-0.026221
-0.026245
-0.026269
-0.026293
-0.026317
-0.026341
-0.026364
-0.026388
-0.026412
-0.026436
-0.026460
-0.026483
-0.026507
-0.026531
-0.026554
-0.026578
-0.026602
-0.026625
-0.026649
-0.026673
-0.026696
-0.026720
-0.026744
-0.026767
-0.026791
-0.026814
-0.026838
-0.026862
-0.026885
-0.026909
-0.026932
-0.026956
-0.026979
-0.027003
-0.027026
-0.027050
-0.027073
-0.027096
-0.027120
-0.027143
-0.027167
-0.027190
-0.027214
-0.027237
-0.027260
-0.027284
-0.027307
-0.027330
-0.027354
-0.027377
-0.027400
-0.027423
-0.027447
-0.027470
-0.027493
-0.027516
-0.027540
-0.027563
-0.027586
-0.027609
-0.027632
-0.027656
-0.027679
-0.027702
-0.027725
-0.027748
-0.027771
-0.027794
-0.027818
-0.027841
-0.027864
-0.027887
-0.027910
-0.027933
-0.027956
-0.027979
-0.028002
-0.028025
-0.028048
-0.028071
-0.028094
-0.028117
-0.028140
-0.028162
-0.028185
-0.028208
-0.028231
-0.028254
-0.028277
-0.028300
-0.028323
-0.028345
-0.028368
-0.028391
-0.028414
-0.028437
-0.028459
-0.028482
-0.028505
-0.028528
-0.028550
-0.028573
-0.028596
-0.028618
-0.028641
-0.028664
-0.028686
-0.028709
-0.028732
-0.028754
-0.028777
-0.028799
-0.028822
-0.028845
-0.028867
-0.028890
-0.028912
-0.028935
-0.028957
-0.028980
-0.029002
-0.029025
-0.029047
-0.029070
-0.029092
-0.029115
-0.029137
-0.029160
-0.029182
-0.029204
-0.029227
-0.029249
-0.029271
-0.029294
-0.029316
-0.029338
-0.029361
-0.029383
-0.029405
-0.029428
-0.029450
-0.029472
-0.029494
-0.029517
-0.029539
-0.029561
-0.029583
-0.029606
-0.029628
-0.029650
-0.029672
-0.029694
-0.029716
-0.029738
-0.029761
-0.029783
-0.029805
-0.029827
-0.029849
-0.029871
-0.029893
-0.029915
-0.029937
-0.029959
-0.029981
-0.030003
-0.030025
-0.030047
-0.030069
-0.030091
-0.030113
-0.030135
-0.030157
-0.030179
-0.030200
-0.030222
-0.030244
-0.030266
-0.030288
-0.030310
-0.030332
-0.030353
-0.030375
-0.030397
-0.030419
-0.030441
-0.030462
-0.030484
-0.030506
-0.030528
-0.030549
-0.030571
-0.030593
-0.030614
-0.030636
-0.030658
-0.030679
-0.030701
-0.030723
-0.030744
-0.030766
-0.030787
-0.030809
-0.030830
-0.030852
-0.030874
-0.030895
-0.030917
-0.030938
-0.030960
-0.030981
-0.031003
-0.031024
-0.031046
-0.031067
-0.031088
-0.031110
-0.031131
-0.031153
-0.031174
-0.031195
-0.031217
-0.031238
-0.031260
-0.031281
-0.031302
-0.031324
-0.031345
-0.031366
-0.031387
-0.031409
-0.031430
-0.031451
-0.031472
-0.031494
-0.031515
-0.031536
-0.031557
-0.031578
-0.031600
-0.031621
-0.031642
-0.031663
-0.031684
-0.031705
-0.031726
-0.031748
-0.031769
-0.031790
-0.031811
-0.031832
-0.031853
-0.031874
-0.031895
-0.031916
-0.031937
-0.031958
-0.031979
-0.032000
-0.032021
-0.032042
-0.032063
-0.032084
-0.032104
-0.032125
-0.032146
-0.032167
-0.032188
-0.032209
-0.032230
-0.032251
-0.032271
-0.032292
-0.032313
-0.032334
-0.032355
-0.032375
-0.032396
-0.032417
-0.032438
-0.032458
-0.032479
-0.032500
-0.032520
-0.032541
-0.032562
-0.032582
-0.032603
-0.032624
-0.032644
-0.032665
-0.032686
-0.032706
-0.032727
-0.032747
-0.032768
-0.032788
-0.032809
-0.032830
-0.032850
-0.032871
-0.032891
-0.032912
-0.032932
-0.032953
-0.032973
-0.032993
-0.033014
-0.033034
-0.033055
-0.033075
-0.033095
-0.033116
-0.033136
-0.033157
-0.033177
-0.033197
-0.033218
-0.033238
-0.033258
-0.033279
-0.033299
-0.033319
-0.033339
-0.033360
-0.033380
-0.033400
-0.033420
-0.033441
-0.033461
-0.033481
-0.033501
-0.033521
-0.033541
-0.033562
-0.033582
-0.033602
-0.033622
-0.033642
-0.033662
-0.033682
-0.033702
-0.033722
-0.033742
-0.033762
-0.033783
-0.033803
-0.033823
-0.033843
-0.033863
-0.033883
-0.033902
-0.033922
-0.033942
-0.033962
-0.033982
-0.034002
-0.034022
-0.034042
-0.034062
-0.034082
-0.034102
-0.034121
-0.034141
-0.034161
-0.034181
-0.034201
-0.034221
-0.034240
-0.034260
-0.034280
-0.034300
-0.034319
-0.034339
-0.034359
-0.034379
-0.034398
-0.034418
-0.034438
-0.034457
-0.034477
-0.034497
-0.034516
-0.034536
-0.034556
-0.034575
-0.034595
-0.034614
-0.034634
-0.034654
-0.034673
-0.034693
-0.034712
-0.034732
-0.034751
-0.034771
-0.034790
-0.034810
-0.034829
-0.034849
-0.034868
-0.034888
-0.034907
-0.034926
-0.034946
-0.034965
-0.034985
-0.035004
-0.035023
-0.035043
-0.035062
-0.035081
-0.035101
-0.035120
-0.035139
-0.035159
-0.035178
-0.035197
-0.035217
-0.035236
-0.035255
-0.035274
-0.035294
-0.035313
-0.035332
-0.035351
-0.035370
-0.035390
-0.035409
-0.035428
-0.035447
-0.035466
-0.035485
-0.035504
-0.035523
-0.035543
-0.035562
-0.035581
-0.035600
-0.035619
-0.035638
-0.035657
-0.035676
-0.035695
-0.035714
-0.035733
-0.035752
-0.035771
-0.035790
-0.035809
-0.035828
-0.035847
-0.035866
-0.035885
-0.035903
-0.035922
-0.035941
-0.035960
-0.035979
-0.035998
-0.036017
-0.036035
-0.036054
-0.036073
-0.036092
-0.036111
-0.036130
-0.036148
-0.036167
-0.036186
-0.036205
-0.036223
-0.036242
-0.036261
-0.036279
-0.036298
-0.036317
-0.036335
-0.036354
-0.036373
-0.036391
-0.036410
-0.036429
-0.036447
-0.036466
-0.036484
-0.036503
-0.036522
-0.036540
-0.036559
-0.036577
-0.036596
-0.036614
-0.036633
-0.036651
-0.036670
-0.036688
-0.036707
-0.036725
-0.036744
-0.036762
-0.036781
-0.036799
-0.036817
-0.036836
-0.036854
-0.036873
-0.036891
-0.036909
-0.036928
-0.036946
-0.036964
-0.036983
-0.037001
-0.037019
-0.037037
-0.037056
-0.037074
-0.037092
-0.037111
-0.037129
-0.037147
-0.037165
-0.037183
-0.037202
-0.037220
-0.037238
-0.037256
-0.037274
-0.037293
-0.037311
-0.037329
-0.037347
-0.037365
-0.037383
-0.037401
-0.037419
-0.037437
-0.037455
-0.037474
-0.037492
-0.037510
-0.037528
-0.037546
-0.037564
-0.037582
-0.037600
-0.037618
-0.037636
-0.037654
-0.037671
-0.037689
-0.037707
-0.037725
-0.037743
-0.037761
-0.037779
-0.037797
-0.037815
-0.037833
-0.037850
-0.037868
-0.037886
-0.037904
-0.037922
-0.037939
-0.037957
-0.037975
-0.037993
-0.038011
-0.038028
-0.038046
-0.038064
-0.038082
-0.038099
-0.038117
-0.038135
-0.038152
-0.038170
-0.038188
-0.038205
-0.038223
-0.038241
-0.038258
-0.038276
-0.038293
-0.038311
-0.038329
-0.038346
-0.038364
-0.038381
-0.038399
-0.038416
-0.038434
-0.038452
-0.038469
-0.038487
-0.038504
-0.038521
-0.038539
-0.038556
-0.038574
-0.038591
-0.038609
-0.038626
-0.038644
-0.038661
-0.038678
-0.038696
-0.038713
-0.038731
-0.038748
-0.038765
-0.038783
-0.038800
-0.038817
-0.038835
-0.038852
-0.038869
-0.038886
-0.038904
-0.038921
-0.038938
-0.038955
-0.038973
-0.038990
-0.039007
-0.039024
-0.039042
-0.039059
-0.039076
-0.039093
-0.039110
-0.039127
-0.039145
-0.039162
-0.039179
-0.039196
-0.039213
-0.039230
-0.039247
-0.039264
-0.039281
-0.039298
-0.039315
-0.039332
-0.039349
-0.039367
-0.039384
-0.039401
-0.039418
-0.039434
-0.039451
-0.039468
-0.039485
-0.039502
-0.039519
-0.039536
-0.039553
-0.039570
-0.039587
-0.039604
-0.039621
-0.039638
-0.039654
-0.039671
-0.039688
-0.039705
-0.039722
-0.039739
-0.039755
-0.039772
-0.039789
-0.039806
-0.039822
-0.039839
-0.039856
-0.039873
-0.039889
-0.039906
-0.039923
-0.039940
-0.039956
-0.039973
-0.039990
-0.040006
-0.040023
-0.040040
-0.040056
-0.040073
-0.040089
-0.040106
-0.040123
-0.040139
-0.040156
-0.040172
-0.040189
-0.040206
-0.040222
-0.040239
-0.040255
-0.040272
-0.040288
-0.040305
-0.040321
-0.040338
-0.040354
-0.040371
-0.040387
-0.040403
-0.040420
-0.040436
-0.040453
-0.040469
-0.040486
-0.040502
-0.040518
-0.040535
-0.040551
-0.040567
-0.040584
-0.040600
-0.040616
-0.040633
-0.040649
-0.040665
-0.040682
-0.040698
-0.040714
-0.040730
-0.040747
-0.040763
-0.040779
-0.040795
-0.040812
-0.040828
-0.040844
-0.040860
-0.040876
-0.040893
-0.040909
-0.040925
-0.040941
-0.040957
-0.040973
-0.040989
-0.041006
-0.041022
-0.041038
-0.041054
-0.041070
-0.041086
-0.041102
-0.041118
-0.041134
-0.041150
-0.041166
-0.041182
-0.041198
-0.041214
-0.041230
-0.041246
-0.041262
-0.041278
-0.041294
-0.041310
-0.041326
-0.041342
-0.041358
-0.041374
-0.041390
-0.041405
-0.041421
-0.041437
-0.041453
-0.041469
-0.041485
-0.041501
-0.041516
-0.041532
-0.041548
-0.041564
-0.041580
-0.041595
-0.041611
-0.041627
-0.041643
-0.041658
-0.041674
-0.041690
-0.041706
-0.041721
-0.041737
-0.041753
-0.041768
-0.041784
-0.041800
-0.041815
-0.041831
-0.041847
-0.041862
-0.041878
-0.041894
-0.041909
-0.041925
-0.041940
-0.041956
-0.041971
-0.041987
-0.042003
-0.042018
-0.042034
-0.042049
-0.042065
-0.042080
-0.042096
-0.042111
-0.042127
-0.042142
-0.042158
-0.042173
-0.042188
-0.042204
-0.042219
-0.042235
-0.042250
-0.042266
-0.042281
-0.042296
-0.042312
-0.042327
-0.042342
-0.042358
-0.042373
-0.042389
-0.042404
-0.042419
-0.042434
-0.042450
-0.042465
-0.042480
-0.042496
-0.042511
-0.042526
-0.042541
-0.042557
-0.042572
-0.042587
-0.042602
-0.042618
-0.042633
-0.042648
-0.042663
-0.042678
-0.042693
-0.042709
-0.042724
-0.042739
-0.042754
-0.042769
-0.042784
-0.042799
-0.042814
-0.042829
-0.042845
-0.042860
-0.042875
-0.042890
-0.042905
-0.042920
-0.042935
-0.042950
-0.042965
-0.042980
-0.042995
-0.043010
-0.043025
-0.043040
-0.043055
-0.043070
-0.043085
-0.043100
-0.043115
-0.043129
-0.043144
-0.043159
-0.043174
-0.043189
-0.043204
-0.043219
-0.043234
-0.043248
-0.043263
-0.043278
-0.043293
-0.043308
-0.043323
-0.043337
-0.043352
-0.043367
-0.043382
-0.043396
-0.043411
-0.043426
-0.043441
-0.043455
-0.043470
-0.043485
-0.043500
-0.043514
-0.043529
-0.043544
-0.043558
-0.043573
-0.043588
-0.043602
-0.043617
-0.043632
-0.043646
-0.043661
-0.043675
-0.043690
-0.043705
-0.043719
-0.043734
-0.043748
-0.043763
-0.043777
-0.043792
-0.043807
-0.043821
-0.043836
-0.043850
-0.043865
-0.043879
-0.043894
-0.043908
-0.043923
-0.043937
-0.043951
-0.043966
-0.043980
-0.043995
-0.044009
-0.044024
-0.044038
-0.044052
-0.044067
-0.044081
-0.044095
-0.044110
-0.044124
-0.044139
-0.044153
-0.044167
-0.044182
-0.044196
-0.044210
-0.044224
-0.044239
-0.044253
-0.044267
-0.044282
-0.044296
-0.044310
-0.044324
-0.044338
-0.044353
-0.044367
-0.044381
-0.044395
-0.044409
-0.044424
-0.044438
-0.044452
-0.044466
-0.044480
-0.044494
-0.044509
-0.044523
-0.044537
-0.044551
-0.044565
-0.044579
-0.044593
-0.044607
-0.044621
-0.044635
-0.044649
-0.044664
-0.044678
-0.044692
-0.044706
-0.044720
-0.044734
-0.044748
-0.044762
-0.044776
-0.044790
-0.044804
-0.044817
-0.044831
-0.044845
-0.044859
-0.044873
-0.044887
-0.044901
-0.044915
-0.044929
-0.044943
-0.044957
-0.044970
-0.044984
-0.044998
-0.045012
-0.045026
-0.045040
-0.045053
-0.045067
-0.044767
-0.043558
-0.040758
-0.035970
-0.029130
-0.020394
-0.010028
0.001674
0.014424
0.027960
0.042051
0.056497
0.071131
0.085813
0.100428
0.114887
0.129116
0.143060
0.156677
0.169935
0.182812
0.195292
0.207367
0.219033
0.230289
0.241140
0.251589
0.261644
0.271313
0.280607
0.289536
0.298110
0.306341
0.314239
0.321817
0.329086
0.336056
0.342738
0.349144
0.355283
0.361165
0.366800
0.372197
0.377366
0.382314
0.387051
0.391583
0.395919
0.400066
0.404032
0.407821
0.411442
0.414901
0.418202
0.421352
0.424357
0.427221
0.429949
0.432547
0.435019
0.437368
0.439600
0.441719
0.443728
0.445631
0.447431
0.449133
0.450739
0.452253
0.453677
0.455015
0.456269
0.457443
0.458539
0.459559
0.460505
0.461381
0.462189
0.462930
0.463607
0.464222
0.464777
0.465274
0.465714
0.466100
0.466433
0.466715
0.466948
0.467132
0.467270
0.467363
0.467413
0.467420
0.467387
0.467314
0.467203
0.467055
0.466870
0.466651
0.466399
0.466428
0.467334
0.469804
0.474244
0.480736
0.489138
0.499202
0.510644
0.523181
0.536557
0.550538
0.564923
0.579534
0.594226
0.608878
0.623391
0.637689
0.651710
0.665406
0.678744
0.691696
0.704245
0.716381
0.728097
0.739391
0.750266
0.760726
0.770777
0.780428
0.789687
0.798564
0.807071
0.815219
0.823018
0.830481
0.837618
0.844441
0.850962
0.857190
0.863136
0.868811
0.874225
0.879387
0.884307
0.888992
0.893453
0.897697
0.901733
0.905567
0.909207
0.912954
0.917381
0.923146
0.930650
0.939978
0.951001
0.963480
0.977146
0.991729
1.006985
1.022693
1.038664
1.054735
1.070772
1.086665
1.102324
1.117681
1.132680
1.147280
1.161450
1.175170
1.188425
1.201207
1.213512
1.225342
1.236699
1.247591
1.258026
1.268011
1.277560
1.286682
1.295389
1.303695
1.311611
1.319149
1.326323
1.333144
1.339624
1.345776
1.351610
1.357138
1.362370
1.367317
1.371990
1.376397
1.380549
1.384454
1.388121
1.391558
1.394775
1.397777
1.400573
1.403170
1.405575
1.407795
1.409835
1.411702
1.413402
1.414940
1.416322
1.417554
1.418639
1.419584
1.420392
1.421068
1.421617
1.422043
1.422349
1.422540
1.422620
1.422591
1.422458
1.422224
1.421891
1.421464
1.420946
1.420338
1.419645
1.418868
1.418011
1.417076
1.416065
1.414981
1.413826
1.412603
1.411314
1.409960
1.408544
1.407068
1.405534
1.403943
1.402297
1.400599
1.398849
1.397050
1.395203
1.393309
1.391371
1.389389
1.387365
1.385604
1.384691
1.385303
1.387858
1.392453
1.398965
1.407157
1.416755
1.427483
1.439085
1.451330
1.464013
1.476956
1.490008
1.503045
1.515966
1.528689
1.541149
1.553296
1.565092
1.576509
1.587527
1.598132
1.608318
1.618080
1.627420
1.636340
1.644847
1.652947
1.660649
1.667963
1.674898
1.681467
1.687679
1.693547
1.699081
1.704293
1.709194
1.713795
1.718106
1.722137
1.725900
1.729403
1.732656
1.735668
1.738449
1.741005
1.743346
1.745480
1.747413
1.749438
1.752114
1.756094
1.761785
1.769287
1.778483
1.789151
1.801025
1.813843
1.827363
1.841365
1.855659
1.870080
1.884490
1.898777
1.912848
1.926632
1.940069
1.953118
1.965743
1.977922
1.989640
2.000885
2.011653
2.021943
2.031759
2.041105
2.049988
2.058418
2.066405
2.073960
2.081094
2.087819
2.094148
2.100093
2.105666
2.110880
2.115747
2.120279
2.124487
2.128382
2.131976
2.135280
2.138302
2.141055
2.143546
2.145786
2.147783
2.149546
2.151083
2.152403
2.153512
2.154418
2.155128
2.155649
2.155988
2.156150
2.156143
2.155971
2.155640
2.155156
2.154524
2.153748
2.152835
2.151787
2.150611
2.149309
2.147887
2.146348
2.144696
2.142935
2.141069
2.139100
2.137033
2.134870
2.132615
2.130270
2.127839
2.125325
2.122730
2.120056
2.117307
2.114485
2.111592
2.108631
2.105604
2.102513
2.099360
2.096147
2.092876
2.089550
2.086169
2.082736
2.079253
2.075721
2.072142
2.068518
2.064849
2.061138
2.057386
2.053890
2.051225
2.050062
2.050829
2.053633
2.058367
2.064804
2.072675
2.081710
2.091656
2.102280
2.113375
2.124762
2.136288
2.147824
2.159265
2.170528
2.181545
2.192263
2.202641
2.212648
2.222264
2.231474
2.240267
2.248640
2.256592
2.264125
2.271244
2.277955
2.284267
2.290188
2.295729
2.300901
2.305713
2.310177
2.314304
2.318106
2.321593
2.324776
2.327666
2.330273
2.332608
2.334680
2.336499
2.338073
2.339413
2.340526
2.341421
2.342105
2.342587
2.343150
2.344343
2.346814
2.350974
2.356935
2.364594
2.373737
2.384105
2.395441
2.407503
2.420073
2.432960
2.445997
2.459045
2.471988
2.484732
2.497202
2.509337
2.521092
2.532432
2.543331
2.553772
2.563743
2.573239
2.582257
2.590799
2.598870
2.606477
2.613628
2.620333
2.626602
2.632447
2.637880
2.642913
2.647559
2.651829
2.655736
2.659293
2.662510
2.665401
2.667975
2.670245
2.672221
2.673913
2.675332
2.676488
2.677389
2.678044
2.678463
2.678654
2.678625
2.678384
2.677938
2.677294
2.676460
2.675442
2.674246
2.672879
2.671346
2.669653
2.667807
2.665811
2.663671
2.661393
2.658980
2.656438
2.653770
2.650981
2.648076
2.645057
2.641929
2.638696
2.635361
2.631927
2.628398
2.624778
2.621068
2.617273
2.613394
2.609436
2.605400
2.601289
2.597105
2.592852
2.588532
2.584146
2.579698
2.575188
2.570620
2.565996
2.561317
2.556584
2.551801
2.546969
2.542090
2.537165
2.532195
2.527184
2.522131
2.517039
2.512197
2.508171
2.505631
2.505006
2.506419
2.509770
2.514843
2.521374
2.529096
2.537755
2.547122
2.556987
2.567168
2.577512
2.587886
2.598184
2.608320
2.618223
2.627838
2.637123
2.646046
2.654584
2.662720
2.670445
2.677752
2.684640
2.691110
2.697167
2.702816
2.708066
2.712924
2.717401
2.721506
2.725251
2.728646
2.731703
2.734431
2.736843
2.738949
2.740760
2.742286
2.743537
2.744524
2.745255
2.745741
2.745990
2.746010
2.745810
2.745399
2.744783
2.743971
2.742969
2.741784
2.740423
2.738892
2.737197
2.735345
2.733340
2.731189
2.728896
2.726466
2.723904
2.721216
2.718404
2.715474
2.712430
2.709276
2.706015
2.702651
2.699187
2.695628
2.691977
2.688235
2.684408
2.680497
2.676506
2.672437
2.668292
2.664076
2.659789
2.655434
2.651015
2.646532
2.641988
2.637386
2.632726
2.628012
2.623245
2.618428
2.613560
2.608646
2.603685
2.598681
2.593633
2.588545
2.583417
2.578251
2.573048
2.567809
2.562537
2.557231
2.551894
2.546526
2.541130
2.535705
2.530252
2.524774
2.519271
2.513744
2.508194
2.502621
2.497028
2.491414
2.485781
2.480129
2.474459
2.468772
2.463070
2.457351
2.451618
2.445871
2.440110
2.434337
2.428551
2.422754
2.416946
2.411128
2.405300
2.399463
2.393618
2.387764
2.381903
2.376035
2.370160
2.364279
2.358393
2.352501
2.346604
2.340703
2.334799
2.328890
2.322979
2.317065
2.311148
2.305229
2.299309
2.293387
2.287464
2.281540
2.275616
2.269692
2.263768
2.257844
2.251922
2.246000
2.240079
2.234160
2.228243
2.222328
2.216415
2.210504
2.204597
2.198692
2.192790
2.186892
2.180997
2.175106
2.169219
2.163335
2.157457
2.151582
2.145713
2.139848
2.133988
2.128133
2.122283
2.116439
2.110601
2.104768
2.098941
2.093120
2.087305
2.081496
2.075693
2.069897
2.064108
2.058325
2.052550
2.046781
2.041019
2.035264
2.029516
2.023776
2.018043
2.012318
2.006600
2.000890
1.995187
1.989493
1.983806
1.978128
1.972457
1.966795
1.961141
1.955495
1.949858
1.944229
1.938608
1.932996
1.927392
1.921798
1.916212
1.910634
1.905066
1.899506
1.893956
1.888414
1.882882
1.877358
1.871844
1.866339
1.860843
1.855356
1.849879
1.844411
1.838952
1.833503
1.828063
1.822633
1.817212
1.811801
1.806399
1.801007
1.795625
1.790252
1.784889
1.779536
1.774192
1.768858
1.763534
1.758220
1.752916
1.747622
1.742338
1.737063
1.731798
1.726544
1.721299
1.716065
1.710840
1.705625
1.700421
1.695227
1.690042
1.684868
1.679704
1.674550
1.669406
1.664272
1.659149
1.654035
1.648932
1.643839
1.638757
1.633684
1.628622
1.623570
1.618528
1.613497
1.608475
1.603464
1.598463
1.593473
1.588493
1.583523
1.578563
1.573614
1.568675
1.563746
1.558828
1.553920
1.549022
1.544135
1.539258
1.534391
1.529535
1.524689
1.519853
1.515028
1.510213
1.505408
1.500614
1.495830
1.491056
1.486293
1.481540
1.476797
1.472065
1.467343
1.462631
1.457930
1.453239
1.448558
1.443888
1.439228
1.434578
1.429939
1.425309
1.420691
1.416082
1.411484
1.406896
1.402318
1.397751
1.393194
1.388647
1.384111
1.379584
1.375068
1.370562
1.366067
1.361582
1.357106
1.352642
1.348187
1.343743
1.339308
1.334884
1.330470
1.326067
1.321673
1.317290
1.312917
1.308554
1.304201
1.299859
1.295526
1.291204
1.286891
1.282589
1.278297
1.274015
1.269743
1.265481
1.261229
1.256987
1.252756
1.248534
1.244322
1.240121
1.235929
1.231747
1.227576
1.223414
1.219262
1.215120
1.210988
1.206867
1.202755
1.198652
1.194560
1.190478
1.186406
1.182343
1.178290
1.174248
1.170215
1.166191
1.162178
1.158174
1.154181
1.150197
1.146222
1.142258
1.138303
1.134358
1.130423
1.126497
1.122581
1.118675
1.114779
1.110892
1.107015
1.103147
1.099289
1.095441
1.091602
1.087773
1.083953
1.080143
1.076343
1.072552
1.068770
1.064998
1.061236
1.057483
1.053739
1.050005
1.046281
1.042566
1.038860
1.035164
1.031477
1.027799
1.024131
1.020472
1.016823
1.013182
1.009552
1.005930
1.002318
0.998715
0.995121
0.991536
0.987961
0.984395
0.980838
0.977290
0.973752
0.970222
0.966702
0.963191
0.959689
0.956196
0.952712
0.949237
0.945772
0.942315
0.938867
0.935429
0.931999
0.928579
0.925167
0.921764
0.918371
0.914986
0.911610
0.908243
0.904885
0.901536
0.898195
0.894864
0.891541
0.888227
0.884922
0.881626
0.878338
0.875059
0.871789
0.868528
0.865275
0.862031
0.858796
0.855569
0.852351
0.849142
0.845941
0.842749
0.839566
0.836391
0.833224
0.830066
0.826917
0.823776
0.820644
0.817520
0.814405
0.811298
0.808200
0.805110
0.802028
0.798955
0.795890
0.792833
0.789785
0.786745
0.783714
0.780691
0.777676
0.774669
0.771671
0.768681
0.765699
0.762725
0.759759
0.756802
0.753853
0.750912
0.747979
0.745054
0.742138
0.739229
0.736328
0.733436
0.730552
0.727675
0.724807
0.721946
0.719094
0.716250
0.713413
0.710585
0.707764
0.704951
0.702146
0.699349
0.696560
0.693779
0.691006
0.688240
0.685482
0.682732
0.679990
0.677255
0.674529
0.671810
0.669098
0.666394
0.663698
0.661010
0.658329
0.655656
0.652991
0.650333
0.647683
0.645040
0.642405
0.639777
0.637157
0.634544
0.631939
0.629341
0.626751
0.624168
0.621593
0.619025
0.616465
0.613911
0.611366
0.608827
0.606296
0.603772
0.601256
0.598747
0.596245
0.593750
0.591263
0.588783
0.586310
0.583844
0.581385
0.578934
0.576490
0.574053
0.571623
0.569200
0.566784
0.564376
0.561974
0.559579
0.557192
0.554811
0.552438
0.550071
0.547712
0.545359
0.543014
0.540675
0.538343
0.536018
0.533700
0.531389
0.529085
0.526787
0.524496
0.522213
0.519936
0.517665
0.515402
0.513145
0.510895
0.508652
0.506415
0.504185
0.501962
0.499745
0.497535
0.495332
0.493135
0.490945
0.488762
0.486585
0.484415
0.482251
0.480093
0.477943
0.475798
0.473661
0.471529
0.469404
0.467286
0.465174
0.463068
0.460969
0.458876
0.456790
0.454710
0.452636
0.450569
0.448508
0.446453
0.444404
0.442362
0.440326
0.438297
0.436273
0.434256
0.432245
0.430240
0.428241
0.426248
0.424262
0.422281
0.420307
0.418339
0.416377
0.414421
0.412471
0.410527
0.408589
0.406657
0.404732
0.402812
0.400898
0.398990
0.397088
0.395192
0.393302
0.391417
0.389539
0.387666
0.385800
0.383939
0.382084
0.380235
0.378392
0.376554
0.374722
0.372896
0.371076
0.369261
0.367453
0.365649
0.363852
0.362060
0.360274
0.358494
0.356719
0.354950
0.353187
0.351429
0.349676
0.347930
0.346189
0.344453
0.342723
0.340998
0.339279
0.337566
0.335858
0.334155
0.332458
0.330766
0.329080
0.327399
0.325724
0.324054
0.322389
0.320730
0.319076
0.317427
0.315784
0.314146
0.312513
0.310885
0.309263
0.307646
0.306035
0.304428
0.302827
0.301231
0.299640
0.298055
0.296474
0.294899
0.293329
0.291764
0.290204
0.288649
0.287100
0.285555
0.284016
0.282481
0.280952
0.279427
0.277908
0.276394
0.274884
0.273380
0.271880
0.270386
0.268896
0.267412
0.265932
0.264457
0.262987
0.261522
0.260062
0.258607
0.257157
0.255711
0.254270
0.252834
0.251403
0.249977
0.248555
0.247138
0.245726
0.244319
0.242916
0.241518
0.240125
0.238737
0.237353
0.235974
0.234599
0.233229
0.231864
0.230504
0.229148
0.227796
0.226449
0.225107
0.223769
0.222436
0.221108
0.219784
0.218464
0.217149
0.215839
0.214533
0.213231
0.211934
0.210641
0.209353
0.208069
0.206790
0.205515
0.204244
0.202978
0.201716
0.200458
0.199205
0.197956
0.196712
0.195472
0.194236
0.193004
0.191777
0.190554
0.189335
0.188120
0.186910
0.185704
0.184502
0.183304
0.182111
0.180921
0.179736
0.178555
0.177378
0.176206
0.175037
0.173873
0.172712
0.171556
0.170404
0.169256
0.168112
0.166972
0.165836
0.164704
0.163576
0.162452
0.161332
0.160216
0.159104
0.157996
0.156892
0.155792
0.154696
0.153603
0.152515
0.151431
0.150350
0.149273
0.148201
0.147132
0.146067
0.145005
0.143948
0.142894
0.141845
0.140799
0.139757
0.138718
0.137684
0.136653
0.135626
0.134602
0.133583
0.132567
0.131555
0.130546
0.129541
0.128540
0.127543
0.126549
0.125559
0.124572
0.123589
0.122610
0.121635
0.120663
0.119694
0.118729
0.117768
0.116810
0.115856
0.114906
0.113959
0.113015
0.112075
0.111139
0.110206
0.109276
0.108350
0.107427
0.106508
0.105593
0.104680
0.103772
0.102866
0.101964
0.101066
0.100171
0.099279
0.098391
0.097505
0.096624
0.095746
0.094871
0.093999
0.093131
0.092266
0.091404
0.090545
0.089690
0.088838
0.087990
0.087145
0.086303
0.085464
0.084628
0.083796
0.082966
0.082141
0.081318
0.080498
0.079682
0.078869
0.078058
0.077252
0.076448
0.075647
0.074850
0.074055
0.073264
0.072476
0.071690
0.070908
0.070129
0.069354
0.068581
0.067811
0.067044
0.066280
0.065520
0.064762
0.064007
0.063256
0.062507
0.061761
0.061018
0.060279
0.059542
0.058808
0.058077
0.057349
0.056624
0.055902
0.055182
0.054466
0.053752
0.053042
0.052334
0.051629
0.050927
0.050228
0.049531
0.048838
0.048147
0.047459
0.046774
0.046092
0.045412
0.044735
0.044062
0.043390
0.042722
0.042056
0.041393
0.040733
0.040076
0.039421
0.038769
0.038119
0.037473
0.036829
0.036187
0.035549
0.034913
0.034279
0.033649
0.033021
0.032395
0.031772
0.031152
0.030535
0.029920
0.029307
0.028698
0.028090
0.027486
0.026884
0.026284
0.025687
0.025093
0.024501
0.023912
0.023325
0.022740
0.022159
0.021579
0.021002
0.020428
0.019856
0.019287
0.018720
0.018155
0.017593
0.017033
0.016476
0.015921
0.015369
0.014819
0.014271
0.013726
0.013183
0.012643
0.012105
0.011569
0.011036
0.010505
0.009976
0.009450
0.008926
0.008404
0.007885
0.007368
0.006853
0.006340
0.005830
0.005322
0.004817
0.004313
0.003812
0.003313
0.002817
0.002322
0.001830
0.001340
0.000852
0.000367
-0.000117
-0.000598
-0.001077
-0.001553
-0.002028
-0.002500
-0.002971
-0.003439
-0.003905
-0.004368
-0.004830
-0.005290
-0.005747
-0.006202
-0.006656
-0.007107
-0.007556
-0.008003
-0.008448
-0.008890
-0.009331
-0.009770
-0.010206
-0.010641
-0.011073
-0.011504
-0.011932
-0.012359
-0.012783
-0.013205
-0.013626
-0.014044
-0.014461
-0.014875
-0.015288
-0.015698
-0.016107
-0.016513
-0.016918
-0.017320
-0.017721
-0.018120
-0.018517
-0.018912
-0.019305
-0.019696
-0.020085
-0.020472
-0.020858
-0.021241
-0.021623
-0.022003
-0.022381
-0.022757
-0.023131
-0.023504
-0.023874
-0.024243
-0.024610
-0.024975
-0.025338
-0.025700
-0.026059
-0.026417
-0.026773
-0.027128
-0.027480
-0.027831
-0.028180
-0.028527
-0.028873
-0.029216
-0.029558
-0.029898
-0.030237
-0.030574
-0.030909
-0.031242
-0.031574
-0.031904
-0.032232
-0.032558
-0.032883
-0.033206
-0.033528
-0.033848
-0.034166
-0.034483
-0.034797
-0.035111
-0.035422
-0.035732
-0.036040
-0.036347
-0.036652
-0.036956
-0.037258
-0.037558
-0.037857
-0.038154
-0.038449
-0.038743
-0.039036
-0.039326
-0.039616
-0.039903
-0.040189
-0.040474
-0.040757
-0.041039
-0.041319
-0.041597
-0.041874
-0.042149
-0.042423
-0.042696
-0.042967
-0.043236
-0.043504
-0.043771
-0.044036
-0.044299
-0.044561
-0.044822
-0.045081
-0.045339
-0.045595
-0.045850
-0.046103
-0.046355
-0.046606
-0.046855
-0.047103
-0.047349
-0.047594
-0.047837
-0.048080
-0.048320
-0.048560
-0.048798
-0.049034
-0.049270
-0.049503
-0.049736
-0.049967
-0.050197
-0.050426
-0.050653
-0.050879
-0.051103
-0.051326
-0.051548
-0.051769
-0.051988
-0.052206
-0.052423
-0.052638
-0.052852
-0.053065
-0.053277
-0.053487
-0.053696
-0.053904
-0.054110
-0.054315
-0.054519
-0.054722
-0.054924
-0.055124
-0.055323
-0.055521
-0.055717
-0.055913
-0.056107
-0.056300
-0.056492
-0.056682
-0.056872
-0.057060
-0.057247
-0.057433
-0.057617
-0.057801
-0.057983
-0.058165
-0.058345
-0.058523
-0.058701
-0.058878
-0.059053
-0.059228
-0.059401
-0.059573
-0.059744
-0.059914
-0.060083
-0.060250
-0.060417
-0.060582
-0.060747
-0.060910
-0.061072
-0.061233
-0.061393
-0.061552
-0.061710
-0.061867
-0.062023
-0.062178
-0.062331
-0.062484
-0.062636
-0.062786
-0.062936
-0.063084
-0.063232
-0.063379
-0.063524
-0.063668
-0.063812
-0.063954
-0.064096
-0.064236
-0.064376
-0.064515
-0.064652
-0.064789
-0.064924
-0.065059
-0.065193
-0.065325
-0.065457
-0.065588
-0.065718
-0.065847
-0.065975
-0.066102
-0.066228
-0.066353
-0.066477
-0.066601
-0.066723
-0.066845
-0.066965
-0.067085
-0.067204
-0.067322
-0.067439
-0.067555
-0.067670
-0.067785
-0.067898
-0.068011
-0.068123
-0.068234
-0.068344
-0.068453
-0.068562
-0.068669
-0.068776
-0.068882
-0.068987
-0.069091
-0.069194
-0.069297
-0.069398
-0.069499
-0.069599
-0.069699
-0.069797
-0.069895
-0.069992
-0.070088
-0.070183
-0.070278
-0.070371
-0.070464
-0.070556
-0.070648
-0.070738
-0.070828
-0.070917
-0.071006
-0.071093
-0.071180
-0.071266
-0.071352
-0.071436
-0.071520
-0.071603
-0.071686
-0.071767
-0.071848
-0.071929
-0.072008
-0.072087
-0.072165
-0.072242
-0.072319
-0.072395
-0.072470
-0.072545
-0.072619
-0.072692
-0.072765
-0.072837
-0.072908
-0.072978
-0.073048
-0.073118
-0.073186
-0.073254
-0.073321
-0.073388
-0.073454
-0.073519
-0.073584
-0.073648
-0.073711
-0.073774
-0.073836
-0.073898
-0.073959
-0.074019
-0.074079
-0.074138
-0.074196
-0.074254
-0.074311
-0.074368
-0.074424
-0.074479
-0.074534
-0.074588
-0.074642
-0.074695
-0.074748
-0.074800
-0.074851
-0.074902
-0.074952
-0.075002
-0.075051
-0.075100
-0.075148
-0.075195
-0.075242
-0.075289
-0.075334
-0.075380
-0.075424
-0.075469
-0.075512
-0.075556
-0.075598
-0.075641
-0.075682
-0.075723
-0.075764
-0.075804
-0.075844
-0.075883
-0.075921
-0.075960
-0.075997
-0.076034
-0.076071
-0.076107
-0.076143
-0.076178
-0.076213
-0.076247
-0.076281
-0.076314
-0.076347
-0.076379
-0.076411
-0.076443
-0.076474
-0.076504
-0.076534
-0.076564
-0.076593
-0.076622
-0.076650
-0.076678
-0.076706
-0.076733
-0.076759
-0.076786
-0.076811
-0.076837
-0.076862
-0.076886
-0.076910
-0.076934
-0.076957
-0.076980
-0.077003
-0.077025
-0.077047
-0.077068
-0.077089
-0.077109
-0.077129
-0.077149
-0.077169
-0.077188
-0.077206
-0.077224
-0.077242
-0.077260
-0.077277
-0.077294
-0.077310
-0.077326
-0.077342
-0.077357
-0.077372
-0.077387
-0.077401
-0.077415
-0.077429
-0.077442
-0.077455
-0.077467
-0.077480
-0.077491
-0.077503
-0.077514
-0.077525
-0.077536
-0.077546
-0.077556
-0.077566
-0.077575
-0.077584
-0.077593
-0.077601
-0.077609
-0.077617
-0.077625
-0.077632
-0.077639
-0.077645
-0.077652
-0.077658
-0.077663
-0.077669
-0.077674
-0.077679
-0.077684
-0.077688
-0.077692
-0.077696
-0.077699
-0.077703
-0.077706
-0.077708
-0.077711
-0.077713
-0.077715
-0.077716
-0.077718
-0.077719
-0.077720
-0.077721
-0.077721
-0.077721
-0.077721
-0.077721
-0.077720
-0.077719
-0.077718
-0.077717
-0.077716
-0.077714
-0.077712
-0.077710
-0.077707
-0.077705
-0.077702
-0.077699
-0.077696
-0.077692
-0.077688
-0.077684
-0.077680
-0.077676
-0.077671
-0.077667
-0.077662
-0.077656
-0.077651
-0.077645
-0.077640
-0.077634
-0.077628
-0.077621
-0.077615
-0.077608
-0.077601
-0.077594
-0.077587
-0.077579
-0.077571
-0.077564
-0.077556
-0.077547
-0.077539
-0.077531
-0.077522
-0.077513
-0.077504
-0.077495
-0.077485
-0.077476
-0.077466
-0.077456
-0.077446
-0.077436
-0.077426
-0.077415
-0.077405
-0.077394
-0.077383
-0.077372
-0.077361
-0.077349
-0.077338
-0.077326
-0.077314
-0.077302
-0.077290
-0.077278
-0.077265
-0.077253
-0.077240
-0.077228
-0.077215
-0.077202
-0.077188
-0.077175
-0.077162
-0.077148
-0.077135
-0.077121
-0.077107
-0.077093
-0.077079
-0.077065
-0.077050
-0.077036
-0.077021
-0.077006
-0.076992
-0.076977
-0.076962
-0.076946
-0.076931
-0.076916
-0.076900
-0.076885
-0.076869
-0.076853
-0.076838
-0.076822
-0.076806
-0.076789
-0.076773
-0.076757
-0.076740
-0.076724
-0.076707
-0.076691
-0.076674
-0.076657
-0.076640
-0.076623
-0.076606
-0.076589
-0.076571
-0.076554
-0.076537
-0.076519
-0.076501
-0.076484
-0.076466
-0.076448
-0.076430
-0.076412
-0.076394
-0.076376
-0.076358
-0.076340
-0.076321
-0.076303
-0.076285
-0.076266
-0.076247
-0.076229
-0.076210
-0.076191
-0.076172
-0.076154
-0.076135
-0.076116
-0.076097
-0.076077
-0.076058
-0.076039
-0.076020
-0.076000
-0.075981
-0.075962
-0.075942
-0.075923
-0.075903
-0.075883
-0.075864
-0.075844
-0.075824
-0.075804
-0.075785
-0.075765
-0.075745
-0.075725
-0.075705
-0.075685
-0.075665
-0.075644
-0.075624
-0.075604
-0.075584
-0.075564
-0.075543
-0.075523
-0.075502
-0.075482
-0.075462
-0.075441
-0.075421
-0.075400
-0.075380
-0.075359
-0.075338
-0.075318
-0.075297
-0.075276
-0.075256
-0.075235
-0.075214
-0.075193
-0.075172
-0.075152
-0.075131
-0.075110
-0.075089
-0.075068
-0.075047
-0.075026
-0.075005
-0.074984
-0.074963
-0.074942
-0.074921
-0.074900
-0.074879
-0.074858
-0.074836
-0.074815
-0.074794
-0.074773
-0.074752
-0.074731
-0.074710
-0.074688
-0.074667
-0.074646
-0.074625
-0.074604
-0.074582
-0.074561
-0.074540
-0.074519
-0.074497
-0.074476
-0.074455
-0.074433
-0.074412
-0.074391
-0.074370
-0.074348
-0.074327
-0.074306
-0.074285
-0.074263
-0.074242
-0.074221
-0.074199
-0.074178
-0.074157
-0.074136
-0.074114
-0.074093
-0.074072
-0.074050
-0.074029
-0.074008
-0.073987
-0.073965
-0.073944
-0.073923
-0.073902
-0.073880
-0.073859
-0.073838
-0.073817
-0.073796
-0.073774
-0.073753
-0.073732
-0.073711
-0.073690
-0.073669
-0.073648
-0.073626
-0.073605
-0.073584
-0.073563
-0.073542
-0.073521
-0.073500
-0.073479
-0.073458
-0.073437
-0.073416
-0.073395
-0.073374
-0.073353
-0.073332
-0.073311
-0.073290
-0.073269
-0.073249
-0.073228
-0.073207
-0.073186
-0.073165
-0.073144
-0.073124
-0.073103
-0.073082
-0.073062
-0.073041
-0.073020
-0.073000
-0.072979
-0.072958
-0.072938
-0.072917
-0.072897
-0.072876
-0.072856
-0.072835
-0.072815
-0.072794
-0.072774
-0.072753
-0.072733
-0.072713
-0.072692
-0.072672
-0.072652
-0.072631
-0.072611
-0.072591
-0.072571
-0.072551
-0.072530
-0.072510
-0.072490
-0.072470
-0.072450
-0.072430
-0.072410
-0.072390
-0.072370
-0.072350
-0.072330
-0.072310
-0.072291
-0.072271
-0.072251
-0.072231
-0.072212
-0.072192
-0.072172
-0.072153
-0.072133
-0.072113
-0.072094
-0.072074
-0.072055
-0.072035
-0.072016
-0.071996
-0.071977
-0.071958
-0.071938
-0.071919
-0.071900
-0.071880
-0.071861
-0.071842
-0.071823
-0.071804
-0.071785
-0.071765
-0.071746
-0.071727
-0.071708
-0.071689
-0.071671
-0.071652
-0.071633
-0.071614
-0.071595
-0.071576
-0.071558
-0.071539
-0.071520
-0.071502
-0.071483
-0.071464
-0.071446
-0.071427
-0.071409
-0.071390
-0.071372
-0.071354
-0.071335
-0.071317
-0.071299
-0.071280
-0.071262
-0.071244
-0.071226
-0.071208
-0.071189
-0.071171
-0.071153
-0.071135
-0.071117
-0.071099
-0.071082
-0.071064
-0.071046
-0.071028
-0.071010
-0.070993
-0.070975
-0.070957
-0.070940
-0.070922
-0.070904
-0.070887
-0.070869
-0.070852
-0.070834
-0.070817
-0.070800
-0.070782
-0.070765
-0.070748
-0.070731
-0.070713
-0.070696
-0.070679
-0.070662
-0.070645
-0.070628
-0.070611
-0.070594
-0.070577
-0.070560
-0.070543
-0.070526
-0.070510
-0.070493
-0.070476
-0.070460
-0.070443
-0.070426
-0.070410
-0.070393
-0.070377
-0.070360
-0.070344
-0.070327
-0.070311
-0.070295
-0.070278
-0.070262
-0.070246
-0.070230
-0.070213
-0.070197
-0.070181
-0.070165
-0.070149
-0.070133
-0.070117
-0.070101
-0.070085
-0.070069
-0.070054
-0.070038
-0.070022
-0.070006
-0.069991
-0.069975
-0.069960
-0.069944
-0.069928
-0.069913
-0.069897
-0.069882
-0.069867
-0.069851
-0.069836
-0.069821
-0.069805
-0.069790
-0.069775
-0.069760
-0.069745
-0.069730
-0.069714
-0.069699
-0.069684
-0.069670
-0.069655
-0.069640
-0.069625

