0.000000
0.000000
-0.000006
-0.000014
-0.000023
-0.000034
-0.000045
-0.000058
-0.000070
-0.000084
-0.000097
-0.000111
-0.000125
-0.000140
-0.000155
-0.000170
-0.000185
-0.000201
-0.000217
-0.000233
-0.000249
-0.000266
-0.000282
-0.000299
-0.000316
-0.000333
-0.000351
-0.000368
-0.000386
-0.000404
-0.000422
-0.000440
-0.000459
-0.000477
-0.000496
-0.000515
-0.000534
-0.000553
-0.000572
-0.000591
-0.000611
-0.000631
-0.000651
-0.000670
-0.000691
-0.000711
-0.000731
-0.000751
-0.000772
-0.000793
-0.000813
-0.000834
-0.000855
-0.000876
-0.000898
-0.000919
-0.000940
-0.000962
-0.000984
-0.001005
-0.001027
-0.001049
-0.001071
-0.001093
-0.001115
-0.001138
-0.001160
-0.001183
-0.001205
-0.001228
-0.001251
-0.001273
-0.001296
-0.001319
-0.001342
-0.001366
-0.001389
-0.001412
-0.001435
-0.001459
-0.001482
-0.001506
-0.001530
-0.001553
-0.001577
-0.001601
-0.001625
-0.001649
-0.001673
-0.001697
-0.001722
-0.001746
-0.001770
-0.001795
-0.001819
-0.001844
-0.001868
-0.001893
-0.001918
-0.001942
-0.001967
-0.001992
-0.002017
-0.002042
-0.002067
-0.002092
-0.002118
-0.002143
-0.002168
-0.002193
-0.002219
-0.002244
-0.002270
-0.002295
-0.002321
-0.002346
-0.002372
-0.002398
-0.002424
-0.002449
-0.002475
-0.002501
-0.002527
-0.002553
-0.002579
-0.002605
-0.002631
-0.002658
-0.002684
-0.002710
-0.002736
-0.002763
-0.002789
-0.002815
-0.002842
-0.002868
-0.002895
-0.002921
-0.002948
-0.002975
-0.003001
-0.003028
-0.003055
-0.003082
-0.003108
-0.003135
-0.003162
-0.003189
-0.003216
-0.003243
-0.003270
-0.003297
-0.003324
-0.003351
-0.003379
-0.003406
-0.003433
-0.003460
-0.003487
-0.003515
-0.003542
-0.003569
-0.003597
-0.003624
-0.003652
-0.003679
-0.003707
-0.003734
-0.003762
-0.003789
-0.003817
-0.003845
-0.003872
-0.003900
-0.003928
-0.003955
-0.003983
-0.004011
-0.004039
-0.004067
-0.004094
-0.004122
-0.004150
-0.004178
-0.004206
-0.004234
-0.004262
-0.004290
-0.004318
-0.004346
-0.004374
-0.004402
-0.004430
-0.004459
-0.004487
-0.004515
-0.004543
-0.004571
-0.004599
-0.004628
-0.004656
-0.004684
-0.004713
-0.004741
-0.004769
-0.004798
-0.004826
-0.004854
-0.004883
-0.004911
-0.004940
-0.004968
-0.004997
-0.005025
-0.005054
-0.005082
-0.005111
-0.005139
-0.005168
-0.005197
-0.005225
-0.005254
-0.005282
-0.005311
-0.005340
-0.005368
-0.005397
-0.005426
-0.005455
-0.005483
-0.005512
-0.005541
-0.005570
-0.005598
-0.005627
-0.005656
-0.005685
-0.005714
-0.005743
-0.005771
-0.005800
-0.005829
-0.005858
-0.005887
-0.005916
-0.005945
-0.005974
-0.006003
-0.006032
-0.006061
-0.006090
-0.006119
-0.006148
-0.006177
-0.006206
-0.006235
-0.006264
-0.006293
-0.006322
-0.006351
-0.006380
-0.006409
-0.006438
-0.006467
-0.006496
-0.006525
-0.006555
-0.006584
-0.006613
-0.006642
-0.006671
-0.006700
-0.006729
-0.006759
-0.006788
-0.006817
-0.006846
-0.006875
-0.006905
-0.006934
-0.006963
-0.006992
-0.007022
-0.007051
-0.007080
-0.007109
-0.007139
-0.007168
-0.007197
-0.007226
-0.007256
-0.007285
-0.007314
-0.007344
-0.007373
-0.007402
-0.007432
-0.007461
-0.007490
-0.007520
-0.007549
-0.007578
-0.007608
-0.007637
-0.007666
-0.007696
-0.007725
-0.007754
-0.007784
-0.007813
-0.007842
-0.007872
-0.007901
-0.007931
-0.007960
-0.007989
-0.008019
-0.008048
-0.008078
-0.008107
-0.008136
-0.008166
-0.008195
-0.008225
-0.008254
-0.008283
-0.008313
-0.008342
-0.008372
-0.008401
-0.008431
-0.008460
-0.008489
-0.008519
-0.008548
-0.008578
-0.008607
-0.008637
-0.008666
-0.008695
-0.008725
-0.008754
-0.008784
-0.008813
-0.008843
-0.008872
-0.008902
-0.008931
-0.008960
-0.008990
-0.009019
-0.009049
-0.009078
-0.009108
-0.009137
-0.009167
-0.009196
-0.009225
-0.009255
-0.009284
-0.009314
-0.009343
-0.009373
-0.009402
-0.009432
-0.009461
-0.009490
-0.009520
-0.009549
-0.009579
-0.009608
-0.009638
-0.009667
-0.009696
-0.009726
-0.009755
-0.009785
-0.009814
-0.009844
-0.009873
-0.009902
-0.009932
-0.009961
-0.009991
-0.010020
-0.010050
-0.010079
-0.010108
-0.010138
-0.010167
-0.010197
-0.010226
-0.010255
-0.010285
-0.010314
-0.010344
-0.010373
-0.010402
-0.010432
-0.010461
-0.010490
-0.010520
-0.010549
-0.010579
-0.010608
-0.010637
-0.010667
-0.010696
-0.010725
-0.010755
-0.010784
-0.010813
-0.010843
-0.010872
-0.010901
-0.010931
-0.010960
-0.010989
-0.011019
-0.011048
-0.011077
-0.011107
-0.011136
-0.011165
-0.011195
-0.011224
-0.011253
-0.011282
-0.011312
-0.011341
-0.011370
-0.011400
-0.011429
-0.011458
-0.011487
-0.011517
-0.011546
-0.011575
-0.011604
-0.011634
-0.011663
-0.011692
-0.011721
-0.011750
-0.011780
-0.011809
-0.011838
-0.011867
-0.011896
-0.011926
-0.011955
-0.011984
-0.012013
-0.012042
-0.012071
-0.012101
-0.012130
-0.012159
-0.012188
-0.012217
-0.012246
-0.012275
-0.012304
-0.012334
-0.012363
-0.012392
-0.012421
-0.012450
-0.012479
-0.012508
-0.012537
-0.012566
-0.012595
-0.012624
-0.012653
-0.012682
-0.012711
-0.012740
-0.012769
-0.012798
-0.012827
-0.012856
-0.012885
-0.012914
-0.012943
-0.012972
-0.013001
-0.013030
-0.013059
-0.013088
-0.013117
-0.013146
-0.013175
-0.013204
-0.013233
-0.013262
-0.013291
-0.013320
-0.013348
-0.013377
-0.013406
-0.013435
-0.013464
-0.013493
-0.013522
-0.013551
-0.013579
-0.013608
-0.013637
-0.013666
-0.013695
-0.013723
-0.013752
-0.013781
-0.013810
-0.013839
-0.013867
-0.013896
-0.013925
-0.013954
-0.013982
-0.014011
-0.014040
-0.014068
-0.014097
-0.014126
-0.014155
-0.014183
-0.014212
-0.014241
-0.014269
-0.014298
-0.014326
-0.014355
-0.014384
-0.014412
-0.014441
-0.014470
-0.014498
-0.014527
-0.014555
-0.014584
-0.014612
-0.014641
-0.014670
-0.014698
-0.014727
-0.014755
-0.014784
-0.014812
-0.014841
-0.014869
-0.014898
-0.014926
-0.014955
-0.014983
-0.015011
-0.015040
-0.015068
-0.015097
-0.015125
-0.015154
-0.015182
-0.015210
-0.015239
-0.015267
-0.015295
-0.015324
-0.015352
-0.015380
-0.015409
-0.015437
-0.015465
-0.015494
-0.015522
-0.015550
-0.015579
-0.015607
-0.015635
-0.015663
-0.015692
-0.015720
-0.015748
-0.015776
-0.015804
-0.015833
-0.015861
-0.015889
-0.015917
-0.015945
-0.015974
-0.016002
-0.016030
-0.016058
-0.016086
-0.016114
-0.016142
-0.016170
-0.016198
-0.016226
-0.016255
-0.016283
-0.016311
-0.016339
-0.016367
-0.016395
-0.016423
-0.016451
-0.016479
-0.016507
-0.016535
-0.016563
-0.016590
-0.016618
-0.016646
-0.016674
-0.016702
-0.016730
-0.016758
-0.016786
-0.016814
-0.016842
-0.016869
-0.016897
-0.016925
-0.016953
-0.016981
-0.017009
-0.017036
-0.017064
-0.017092
-0.017120
-0.017147
-0.017175
-0.017203
-0.017231
-0.017258
-0.017286
-0.017314
-0.017341
-0.017369
-0.017397
-0.017424
-0.017452
-0.017480
-0.017507
-0.017535
-0.017563
-0.017590
-0.017618
-0.017645
-0.017673
-0.017700
-0.017728
-0.017756
-0.017783
-0.017811
-0.017838
-0.017866
-0.017893
-0.017921
-0.017948
-0.017975
-0.018003
-0.018030
-0.018058
-0.018085
-0.018113
-0.018140
-0.018167
-0.018195
-0.018222
-0.018249
-0.018277
-0.018304
-0.018331
-0.018359
-0.018386
-0.018413
-0.018441
-0.018468
-0.018495
-0.018522
-0.018550
-0.018577
-0.018604
-0.018631
-0.018658
-0.018686
-0.018713
-0.018740
-0.018767
-0.018794
-0.018821
-0.018849
-0.018876
-0.018903
-0.018930
-0.018957
-0.018984
-0.019011
-0.019038
-0.019065
-0.019092
-0.019119
-0.019146
-0.019173
-0.019200
-0.019227
-0.019254
-0.019281
-0.019308
-0.019335
-0.019362
-0.019389
-0.019416
-0.019443
-0.019469
-0.019496
-0.019523
-0.019550
-0.019577
-0.019604
-0.019631
-0.019657
-0.019684
-0.019711
-0.019738
-0.019764
-0.019791
-0.019818
-0.019845
-0.019871
-0.019898
-0.019925
-0.019951
-0.019978
-0.020005
-0.020031
-0.020058
-0.020085
-0.020111
-0.020138
-0.020165
-0.020191
-0.020218
-0.020244
-0.020271
-0.020297
-0.020324
-0.020350
-0.020377
-0.020403
-0.020430
-0.020456
-0.020483
-0.020509
-0.020536
-0.020562
-0.020589
-0.020615
-0.020641
-0.020668
-0.020694
-0.020721
-0.020747
-0.020773
-0.020800
-0.020826
-0.020852
-0.020879
-0.020905
-0.020931
-0.020957
-0.020984
-0.021010
-0.021036
-0.021062
-0.021089
-0.021115
-0.021141
-0.021167
-0.021193
-0.021219
-0.021246
-0.021272
-0.021298
-0.021324
-0.021350
-0.021376
-0.021402
-0.021428
-0.021454
-0.021480
-0.021506
-0.021532
-0.021558
-0.021584
-0.021610
-0.021636
-0.021662
-0.021688
-0.021714
-0.021740
-0.021766
-0.021792
-0.021818
-0.021844
-0.021870
-0.021895
-0.021921
-0.021947
-0.021973
-0.021999
-0.022025
-0.022050
-0.022076
-0.022102
-0.022128
-0.022153
-0.022179
-0.022205
-0.022231
-0.022256
-0.022282
-0.022308
-0.022333
-0.022359
-0.022385
-0.022410
-0.022436
-0.022462
-0.022487
-0.022513
-0.022538
-0.022564
-0.022589
-0.022615
-0.022641
-0.022666
-0.022692
-0.022717
-0.022743
-0.022768
-0.022794
-0.022819
-0.022844
-0.022870
-0.022895
-0.022921
-0.022946
-0.022971
-0.022997
-0.023022
-0.023048
-0.023073
-0.023098
-0.023124
-0.023149
-0.023174
-0.023199
-0.023225
-0.023250
-0.023275
-0.023300
-0.023326
-0.023351
-0.023376
-0.023401
-0.023426
-0.023452
-0.023477
-0.023502
-0.023527
-0.023552
-0.023577
-0.023602
-0.023627
-0.023653
-0.023678
-0.023703
-0.023728
-0.023753
-0.023778
-0.023803
-0.023828
-0.023853
-0.023878
-0.023903
-0.023928
-0.023953
-0.023977
-0.024002
-0.024027
-0.024052
-0.024077
-0.024102
-0.024127
-0.024152
-0.024176
-0.024201
-0.024226
-0.024251
-0.024276
-0.024300
-0.024325
-0.024350
-0.024375
-0.024399
-0.024424
-0.024449
-0.024474
-0.024498
-0.024523
-0.024548
-0.024572
-0.024597
-0.024622
-0.024646
-0.024671
-0.024695
-0.024720
-0.024745
-0.024769
-0.024794
-0.024818
-0.024843
-0.024867
-0.024892
-0.024916
-0.024941
-0.024965
-0.024990
-0.025014
-0.025038
-0.025063
-0.025087
-0.025112
-0.025136
-0.025160
-0.025185
-0.025209
-0.025233
-0.025258
-0.025282
-0.025306
-0.025331
-0.025355
-0.025379
-0.025404
-0.025428
-0.025452
-0.025476
-0.025500
-0.025525
-0.025549
-0.025573
-0.025597
-0.025621
-0.025645
-0.025670
-0.025694
-0.025718
-0.025742
-0.025766
-0.025790
-0.025814
-0.025838
-0.025862
-0.025886
-0.025910
-0.025934
-0.025958
-0.025982
-0.026006
-0.026030
-0.026054
-0.026078
-0.026102
-0.026126
-0.026150
-0.026174
-0.026198
-0.026221
-0.026245
-0.026269
-0.026293
-0.026317
-0.026341
-0.026364
-0.026388
-0.026412
-0.026436
-0.026460
-0.026483
-0.026507
-0.026531
-0.026554
-0.026578
-0.026602
-0.026625
-0.026649
-0.026673
-0.026696
-0.026720
-0.026744
-0.026767
-0.026791
-0.026814
-0.026838
-0.026862
-0.026885
-0.026909
-0.026932
-0.026956
-0.026979
-0.027003
-0.027026
-0.027050
-0.027073
-0.027096
-0.027120
-0.027143
-0.027167
-0.027190
-0.027214
-0.027237
-0.027260
-0.027284
-0.027307
-0.027330
-0.027354
-0.027377
-0.027400
-0.027423
-0.027447
-0.027470
-0.027493
-0.027516
-0.027540
-0.027563
-0.027586
-0.027609
-0.027632
-0.027656
-0.027679
-0.027702
-0.027725
-0.027748
-0.027771
-0.027794
-0.027818
-0.027841
-0.027864
-0.027887
-0.027910
-0.027933
-0.027956
-0.027979
-0.028002
-0.028025
-0.028048
-0.028071
-0.028094
-0.028117
-0.028140
-0.028162
-0.028185
-0.028208
-0.028231
-0.028254
-0.028277
-0.028300
-0.028323
-0.028345
-0.028368
-0.028391
-0.028414
-0.028437
-0.028459
-0.028482
-0.028505
-0.028528
-0.028550
-0.028573
-0.028596
-0.028618
-0.028641
-0.028664
-0.028686
-0.028709
-0.028732
-0.028754
-0.028777
-0.028799
-0.028822
-0.028845
-0.028867
-0.028890
-0.028912
-0.028935
-0.028957
-0.028980
-0.029002
-0.029025
-0.029047
-0.029070
-0.029092
-0.029115
-0.029137
-0.029160
-0.029182
-0.029204
-0.029227
-0.029249
-0.029271
-0.029294
-0.029316
-0.029338
-0.029361
-0.029383
-0.029405
-0.029428
-0.029450
-0.029472
-0.029494
-0.029517
-0.029539
-0.029561
-0.029583
-0.029606
-0.029628
-0.029650
-0.029672
-0.029694
-0.029716
-0.029738
-0.029761
-0.029783
-0.029805
-0.029827
-0.029849
-0.029871
-0.029893
-0.029915
-0.029937
-0.029959
-0.029981
-0.030003
-0.030025
-0.030047
-0.030069
-0.030091
-0.030113
-0.030135
-0.030157
-0.030179
-0.030200
-0.030222
-0.030244
-0.030266
-0.030288
-0.030310
-0.030332
-0.030353
-0.030375
-0.030397
-0.030419
-0.030441
-0.030462
-0.030484
-0.030506
-0.030528
-0.030549
-0.030571
-0.030593
-0.030614
-0.030636
-0.030658
-0.030679
-0.030701
-0.030723
-0.030744
-0.030766
-0.030787
-0.030809
-0.030830
-0.030852
-0.030874
-0.030895
-0.030917
-0.030938
-0.030960
-0.030981
-0.031003
-0.031024
-0.031046
-0.031067
-0.031088
-0.031110
-0.031131
-0.031153
-0.031174
-0.031195
-0.031217
-0.031238
-0.031260
-0.031281
-0.031302
-0.031324
-0.031345
-0.031366
-0.031387
-0.031409
-0.031430
-0.031451
-0.031472
-0.031494
-0.031515
-0.031536
-0.031557
-0.031578
-0.031600
-0.031621
-0.031642
-0.031663
-0.031684
-0.031705
-0.031726
-0.031748
-0.031769
-0.031790
-0.031811
-0.031832
-0.031853
-0.031874
-0.031895
-0.031916
-0.031937
-0.031958
-0.031979
-0.032000
-0.032021
-0.032042
-0.032063
-0.032084
-0.032104
-0.032125
-0.032146
-0.032167
-0.032188
-0.032209
-0.032230
-0.032251
-0.032271
-0.032292
-0.032313
-0.032334
-0.032355
-0.032375
-0.032396
-0.032417
-0.032438
-0.032458
-0.032479
-0.032500
-0.032520
-0.032541
-0.032562
-0.032582
-0.032603
-0.032624
-0.032644
-0.032665
-0.032686
-0.032706
-0.032727
-0.032747
-0.032768
-0.032788
-0.032809
-0.032830
-0.032850
-0.032871
-0.032891
-0.032912
-0.032932
-0.032953
-0.032973
-0.032993
-0.033014
-0.033034
-0.033055
-0.033075
-0.033095
-0.033116
-0.033136
-0.033157
-0.033177
-0.033197
-0.033218
-0.033238
-0.033258
-0.033279
-0.033299
-0.033319
-0.033339
-0.033360
-0.033380
-0.033400
-0.033420
-0.033441
-0.033461
-0.033481
-0.033501
-0.033521
-0.033541
-0.033562
-0.033582
-0.033602
-0.033622
-0.033642
-0.033662
-0.033682
-0.033702
-0.033722
-0.033742
-0.033762
-0.033783
-0.033803
-0.033823
-0.033843
-0.033863
-0.033883
-0.033902
-0.033922
-0.033942
-0.033962
-0.033982
-0.034002
-0.034022
-0.034042
-0.034062
-0.034082
-0.034102
-0.034121
-0.034141
-0.034161
-0.034181
-0.034201
-0.034221
-0.034240
-0.034260
-0.034280
-0.034300
-0.034319
-0.034339
-0.034359
-0.034379
-0.034398
-0.034418
-0.034438
-0.034457
-0.034477
-0.034497
-0.034516
-0.034536
-0.034556
-0.034575
-0.034595
-0.034614
-0.034634
-0.034654
-0.034673
-0.034693
-0.034712
-0.034732
-0.034751
-0.034771
-0.034790
-0.034810
-0.034829
-0.034849
-0.034868
-0.034888
-0.034907
-0.034926
-0.034946
-0.034965
-0.034985
-0.035004
-0.035023
-0.035043
-0.035062
-0.035081
-0.035101
-0.035120
-0.035139
-0.035159
-0.035178
-0.035197
-0.035217
-0.035236
-0.035255
-0.035274
-0.035294
-0.035313
-0.035332
-0.035351
-0.035370
-0.035390
-0.035409
-0.035428
-0.035447
-0.035466
-0.035485
-0.035504
-0.035523
-0.035543
-0.035562
-0.035581
-0.035600
-0.035619
-0.035638
-0.035657
-0.035676
-0.035695
-0.035714
-0.035733
-0.035752
-0.035771
-0.035790
-0.035809
-0.035828
-0.035847
-0.035866
-0.035885
-0.035903
-0.035922
-0.035941
-0.035960
-0.035979
-0.035998
-0.036017
-0.036035
-0.036054
-0.036073
-0.036092
-0.036111
-0.036130
-0.036148
-0.036167
-0.036186
-0.036205
-0.036223
-0.036242
-0.036261
-0.036279
-0.036298
-0.036317
-0.036335
-0.036354
-0.036373
-0.036391
-0.036410
-0.036429
-0.036447
-0.036466
-0.036484
-0.036503
-0.036522
-0.036540
-0.036559
-0.036577
-0.036596
-0.036614
-0.036633
-0.036651
-0.036670
-0.036688
-0.036707
-0.036725
-0.036744
-0.036762
-0.036781
-0.036799
-0.036817
-0.036836
-0.036854
-0.036873
-0.036891
-0.036909
-0.036928
-0.036946
-0.036964
-0.036983
-0.037001
-0.037019
-0.037037
-0.037056
-0.037074
-0.037092
-0.037111
-0.037129
-0.037147
-0.037165
-0.037183
-0.037202
-0.037220
-0.037238
-0.037256
-0.037274
-0.037293
-0.037311
-0.037329
-0.037347
-0.037365
-0.037383
-0.037401
-0.037419
-0.037437
-0.037455
-0.037474
-0.037492
-0.037510
-0.037528
-0.037546
-0.037564
-0.037582
-0.037600
-0.037618
-0.037636
-0.037654
-0.037671
-0.037689
-0.037707
-0.037725
-0.037743
-0.037761
-0.037779
-0.037797
-0.037815
-0.037833
-0.037850
-0.037868
-0.037886
-0.037904
-0.037922
-0.037939
-0.037957
-0.037975
-0.037993
-0.038011
-0.038028
-0.038046
-0.038064
-0.038082
-0.038099
-0.038117
-0.038135
-0.038152
-0.038170
-0.038188
-0.038205
-0.038223
-0.038241
-0.038258
-0.038276
-0.038293
-0.038311
-0.038329
-0.038346
-0.038364
-0.038381
-0.038399
-0.038416
-0.038434
-0.038452
-0.038469
-0.038487
-0.038504
-0.038521
-0.038539
-0.038556
-0.038574
-0.038591
-0.038609
-0.038626
-0.038644
-0.038661
-0.038678
-0.038696
-0.038713
-0.038731
-0.038748
-0.038765
-0.038783
-0.038800
-0.038817
-0.038835
-0.038852
-0.038869
-0.038886
-0.038904
-0.038921
-0.038938
-0.038955
-0.038973
-0.038990
-0.039007
-0.039024
-0.039042
-0.039059
-0.039076
-0.039093
-0.039110
-0.039127
-0.039145
-0.039162
-0.039179
-0.039196
-0.039213
-0.039230
-0.039247
-0.039264
-0.039281
-0.039298
-0.039315
-0.039332
-0.039349
-0.039367
-0.039384
-0.039401
-0.039418
-0.039434
-0.039451
-0.039468
-0.039485
-0.039502
-0.039519
-0.039536
-0.039553
-0.039570
-0.039587
-0.039604
-0.039621
-0.039638
-0.039654
-0.039671
-0.039688
-0.039705
-0.039722
-0.039739
-0.039755
-0.039772
-0.039789
-0.039806
-0.039822
-0.039839
-0.039856
-0.039873
-0.039889
-0.039906
-0.039923
-0.039940
-0.039956
-0.039973
-0.039990
-0.040006
-0.040023
-0.040040
-0.040056
-0.040073
-0.040089
-0.040106
-0.040123
-0.040139
-0.040156
-0.040172
-0.040189
-0.040206
-0.040222
-0.040239
-0.040255
-0.040272
-0.040288
-0.040305
-0.040321
-0.040338
-0.040354
-0.040371
-0.040387
-0.040403
-0.040420
-0.040436
-0.040453
-0.040469
-0.040486
-0.040502
-0.040518
-0.040535
-0.040551
-0.040567
-0.040584
-0.040600
-0.040616
-0.040633
-0.040649
-0.040665
-0.040682
-0.040698
-0.040714
-0.040730
-0.040747
-0.040763
-0.040779
-0.040795
-0.040812
-0.040828
-0.040844
-0.040860
-0.040876
-0.040893
-0.040909
-0.040925
-0.040941
-0.040957
-0.040973
-0.040989
-0.041006
-0.041022
-0.041038
-0.041054
-0.041070
-0.041086
-0.041102
-0.041118
-0.041134
-0.041150
-0.041166
-0.041182
-0.041198
-0.041214
-0.041230
-0.041246
-0.041262
-0.041278
-0.041294
-0.041310
-0.041326
-0.041342
-0.041358
-0.041374
-0.041390
-0.041405
-0.041421
-0.041437
-0.041453
-0.041469
-0.041485
-0.041501
-0.041516
-0.041532
-0.041548
-0.041564
-0.041580
-0.041595
-0.041611
-0.041627
-0.041643
-0.041658
-0.041674
-0.041690
-0.041706
-0.041721
-0.041737
-0.041753
-0.041768
-0.041784
-0.041800
-0.041815
-0.041831
-0.041847
-0.041862
-0.041878
-0.041894
-0.041909
-0.041925
-0.041940
-0.041956
-0.041971
-0.041987
-0.042003
-0.042018
-0.042034
-0.042049
-0.042065
-0.042080
-0.042096
-0.042111
-0.042127
-0.042142
-0.042158
-0.042173
-0.042188
-0.042204
-0.042219
-0.042235
-0.042250
-0.042266
-0.042281
-0.042296
-0.042312
-0.042327
-0.042342
-0.042358
-0.042373
-0.042389
-0.042404
-0.042419
-0.042434
-0.042450
-0.042465
-0.042480
-0.042496
-0.042511
-0.042526
-0.042541
-0.042557
-0.042572
-0.042587
-0.042602
-0.042618
-0.042633
-0.042648
-0.042663
-0.042678
-0.042693
-0.042709
-0.042724
-0.042739
-0.042754
-0.042769
-0.042784
-0.042799
-0.042814
-0.042829
-0.042845
-0.042860
-0.042875
-0.042890
-0.042905
-0.042920
-0.042935
-0.042950
-0.042965
-0.042980
-0.042995
-0.043010
-0.043025
-0.043040
-0.043055
-0.043070
-0.043085
-0.043100
-0.043115
-0.043129
-0.043144
-0.043159
-0.043174
-0.043189
-0.043204
-0.043219
-0.043234
-0.043248
-0.043263
-0.043278
-0.043293
-0.043308
-0.043323
-0.043337
-0.043352
-0.043367
-0.043382
-0.043396
-0.043411
-0.043426
-0.043441
-0.043455
-0.043470
-0.043485
-0.043500
-0.043514
-0.043529
-0.043544
-0.043558
-0.043573
-0.043588
-0.043602
-0.043617
-0.043632
-0.043646
-0.043661
-0.043675
-0.043690
-0.043705
-0.043719
-0.043734
-0.043748
-0.043763
-0.043777
-0.043792
-0.043807
-0.043821
-0.043836
-0.043850
-0.043865
-0.043879
-0.043894
-0.043908
-0.043923
-0.043937
-0.043951
-0.043966
-0.043980
-0.043995
-0.044009
-0.044024
-0.044038
-0.044052
-0.044067
-0.044081
-0.044095
-0.044110
-0.044124
-0.044139
-0.044153
-0.044167
-0.044182
-0.044196
-0.044210
-0.044224
-0.044239
-0.044253
-0.044267
-0.044282
-0.044296
-0.044310
-0.044324
-0.044338
-0.044353
-0.044367
-0.044381
-0.044395
-0.044409
-0.044424
-0.044438
-0.044452
-0.044466
-0.044480
-0.044494
-0.044509
-0.044523
-0.044537
-0.044551
-0.044565
-0.044579
-0.044593
-0.044607
-0.044621
-0.044635
-0.044649
-0.044664
-0.044678
-0.044692
-0.044706
-0.044720
-0.044734
-0.044748
-0.044762
-0.044776
-0.044790
-0.044804
-0.044817
-0.044831
-0.044845
-0.044859
-0.044873
-0.044887
-0.044901
-0.044915
-0.044929
-0.044943
-0.044957
-0.044970
-0.044984
-0.044998
-0.045012
-0.045026
-0.045040
-0.045053
-0.045067
-0.044767
-0.043558
-0.040758
-0.035970
-0.029130
-0.020394
-0.010028
0.001674
0.014424
0.027960
0.042051
0.056497
0.071131
0.085813
0.100428
0.114887
0.129116
0.143060
0.156677
0.169935
0.182812
0.195292
0.207367
0.219033
0.230289
0.241140
0.251589
0.261644
0.271313
0.280607
0.289536
0.298110
0.306341
0.314239
0.321817
0.329086
0.336056
0.342738
0.349144
0.355283
0.361165
0.366800
0.372197
0.377366
0.382314
0.387051
0.391583
0.395919
0.400066
0.404032
0.407821
0.411442
0.414901
0.418202
0.421352
0.424357
0.427221
0.429949
0.432547
0.435019
0.437368
0.439600
0.441719
0.443728
0.445631
0.447431
0.449133
0.450739
0.452253
0.453677
0.455015
0.456269
0.457443
0.458539
0.459559
0.460505
0.461381
0.462189
0.462930
0.463607
0.464222
0.464777
0.465274
0.465714
0.466100
0.466433
0.466715
0.466948
0.467132
0.467270
0.467363
0.467413
0.467420
0.467387
0.467314
0.467203
0.467055
0.466870
0.466651
0.466399
0.466428
0.467334
0.469804
0.474244
0.480736
0.489138
0.499202
0.510644
0.523181
0.536557
0.550538
0.564923
0.579534
0.594226
0.608878
0.623391
0.637689
0.651710
0.665406
0.678744
0.691696
0.704245
0.716381
0.728097
0.739391
0.750266
0.760726
0.770777
0.780428
0.789687
0.798564
0.807071
0.815219
0.823018
0.830481
0.837618
0.844441
0.850962
0.857190
0.863136
0.868811
0.874225
0.879387
0.884307
0.888992
0.893453
0.897697
0.901733
0.905567
0.909207
0.912954
0.917381
0.923146
0.930650
0.939978
0.951001
0.963480
0.977146
0.991729
1.006985
1.022693
1.038664
1.054735
1.070772
1.086665
1.102324
1.117681
1.132680
1.147280
1.161450
1.175170
1.188425
1.201207
1.213512
1.225342
1.236699
1.247591
1.258026
1.268011
1.277560
1.286682
1.295389
1.303695
1.311611
1.319149
1.326323
1.333144
1.339624
1.345776
1.351610
1.357138
1.362370
1.367317
1.371990
1.376397
1.380549
1.384454
1.388121
1.391558
1.394775
1.397777
1.400573
1.403170
1.405575
1.407795
1.409835
1.411702
1.413402
1.414940
1.416322
1.417554
1.418639
1.419584
1.420392
1.421068
1.421617
1.422043
1.422349
1.422540
1.422620
1.422591
1.422458
1.422224
1.421891
1.421464
1.420946
1.420338
1.419645
1.418868
1.418011
1.417076
1.416065
1.414981
1.413826
1.412603
1.411314
1.409960
1.408544
1.407068
1.405534
1.403943
1.402297
1.400599
1.398849
1.397050
1.395203
1.393309
1.391371
1.389389
1.387365
1.385604
1.384691
1.385303
1.387858
1.392453
1.398965
1.407157
1.416755
1.427483
1.439085
1.451330
1.464013
1.476956
1.490008
1.503045
1.515966
1.528689
1.541149
1.553296
1.565092
1.576509
1.587527
1.598132
1.608318
1.618080
1.627420
1.636340
1.644847
1.652947
1.660649
1.667963
1.674898
1.681467
1.687679
1.693547
1.699081
1.704293
1.709194
1.713795
1.718106
1.722137
1.725900
1.729403
1.732656
1.735668
1.738449
1.741005
1.743346
1.745480
1.747413
1.749438
1.752114
1.756094
1.761785
1.769287
1.778483
1.789151
1.801025
1.813843
1.827363
1.841365
1.855659
1.870080
1.884490
1.898777
1.912848
1.926632
1.940069
1.953118
1.965743
1.977922
1.989640
2.000885
2.011653
2.021943
2.031759
2.041105
2.049988
2.058418
2.066405
2.073960
2.081094
2.087819
2.094148
2.100093
2.105666
2.110880
2.115747
2.120279
2.124487
2.128382
2.131976
2.135280
2.138302
2.141055
2.143546
2.145786
2.147783
2.149546
2.151083
2.152403
2.153512
2.154418
2.155128
2.155649
2.155988
2.156150
2.156143
2.155971
2.155640
2.155156
2.154524
2.153748
2.152835
2.151787
2.150611
2.149309
2.147887
2.146348
2.144696
2.142935
2.141069
2.139100
2.137033
2.134870
2.132615
2.130270
2.127839
2.125325
2.122730
2.120056
2.117307
2.114485
2.111592
2.108631
2.105604
2.102513
2.099360
2.096147
2.092876
2.089550
2.086169
2.082736
2.079253
2.075721
2.072142
2.068518
2.064849
2.061138
2.057386
2.053890
2.051225
2.050062
2.050829
2.053633
2.058367
2.064804
2.072675
2.081710
2.091656
2.102280
2.113375
2.124762
2.136288
2.147824
2.159265
2.170528
2.181545
2.192263
2.202641
2.212648
2.222264
2.231474
2.240267
2.248640
2.256592
2.264125
2.271244
2.277955
2.284267
2.290188
2.295729
2.300901
2.305713
2.310177
2.314304
2.318106
2.321593
2.324776
2.327666
2.330273
2.332608
2.334680
2.336499
2.338073
2.339413
2.340526
2.341421
2.342105
2.342587
2.343150
2.344343
2.346814
2.350974
2.356935
2.364594
2.373737
2.384105
2.395441
2.407503
2.420073
2.432960
2.445997
2.459045
2.471988
2.484732
2.497202
2.509337
2.521092
2.532432
2.543331
2.553772
2.563743
2.573239
2.582257
2.590799
2.598870
2.606477
2.613628
2.620333
2.626602
2.632447
2.637880
2.642913
2.647559
2.651829
2.655736
2.659293
2.662510
2.665401
2.667975
2.670245
2.672221
2.673913
2.675332
2.676488
2.677389
2.678044
2.678463
2.678654
2.678625
2.678384
2.677938
2.677294
2.676460
2.675442
2.674246
2.672879
2.671346
2.669653
2.667807
2.665811
2.663671
2.661393
2.658980
2.656438
2.653770
2.650981
2.648076
2.645057
2.641929
2.638696
2.635361
2.631927
2.628398
2.624778
2.621068
2.617273
2.613394
2.609436
2.605400
2.601289
2.597105
2.592852
2.588532
2.584146
2.579698
2.575188
2.570620
2.565996
2.561317
2.556584
2.551801
2.546969
2.542090
2.537165
2.532195
2.527184
2.522131
2.517039
2.512197
2.508171
2.505631
2.505006
2.506419
2.509770
2.514843
2.521374
2.529096
2.537755
2.547122
2.556987
2.567168
2.577512
2.587886
2.598184
2.608320
2.618223
2.627838
2.637123
2.646046
2.654584
2.662720
2.670445
2.677752
2.684640
2.691110
2.697167
2.702816
2.708066
2.712924
2.717401
2.721506
2.725251
2.728646
2.731703
2.734431
2.736843
2.738949
2.740760
2.742286
2.743537
2.744524
2.745255
2.745741
2.745990
2.746010
2.745810
2.745399
2.744783
2.744240
2.744312
2.745638
2.748636
2.753429
2.759921
2.767907
2.777134
2.787347
2.798307
2.809796
2.821622
2.833617
2.845640
2.857574
2.869322
2.880807
2.891967
2.902755
2.913134
2.923077
2.932565
2.941586
2.950132
2.958202
2.965796
2.972918
2.979575
2.985774
2.991526
2.996840
3.001728
3.006202
3.010273
3.013954
3.017258
3.020197
3.022782
3.025026
3.026941
3.028538
3.029828
3.030822
3.031531
3.031964
3.032132
3.032044
3.031709
3.031136
3.030334
3.029310
3.028073
3.026630
3.024989
3.023156
3.021138
3.018942
3.016573
3.014039
3.011345
3.008495
3.005497
3.002354
2.999073
2.995657
2.992111
2.988440
2.984648
2.980740
2.976719
2.972588
2.968353
2.964017
2.959582
2.955052
2.950432
2.945723
2.940928
2.936052
2.931096
2.926064
2.920957
2.915779
2.910532
2.905219
2.899841
2.894402
2.888903
2.883346
2.877734
2.872069
2.866352
2.860585
2.854770
2.848909
2.843004
2.837056
2.831067
2.825039
2.818972
2.813151
2.808134
2.804586
2.802943
2.803337
2.805676
2.809750
2.815301
2.822063
2.829785
2.838235
2.847205
2.856512
2.865997
2.875530
2.885002
2.894323
2.903422
2.912243
2.920741
2.928884
2.936647
2.944013
2.950970
2.957513
2.963638
2.969348
2.974644
2.979534
2.984023
2.988121
2.991837
2.995181
2.998163
3.000795
3.003086
3.005049
3.006693
3.008031
3.009071
3.009826
3.010305
3.010518
3.010474
3.010183
3.009654
3.008896
3.007917
3.006725
3.005328
3.003997
3.003265
3.003771
3.005935
3.009887
3.015540
3.022695
3.031104
3.040514
3.050687
3.061405
3.072476
3.083731
3.095029
3.106249
3.117294
3.128086
3.138560
3.148669
3.158373
3.167645
3.176465
3.184820
3.192702
3.200107
3.207037
3.213495
3.219487
3.225020
3.230105
3.234750
3.238968
3.242770
3.246169
3.249175
3.251803
3.254063
3.255969
3.257532
3.258764
3.259676
3.260280
3.260587
3.260607
3.260351
3.259828
3.259048
3.258020
3.256753
3.255255
3.253536
3.251602
3.249461
3.247122
3.244590
3.241873
3.238977
3.235909
3.232674
3.229279
3.225729
3.222029
3.218186
3.214203
3.210086
3.205839
3.201467
3.196975
3.192365
3.187644
3.182814
3.177879
3.172843
3.167709
3.162482
3.157163
3.151756
3.146265
3.140693
3.135041
3.129314
3.123513
3.117642
3.111702
3.105697
3.099629
3.093499
3.087311
3.081066
3.074766
3.068414
3.062011
3.055560
3.049061
3.042518
3.035931
3.029303
3.022634
3.015927
3.009183
3.002681
2.996971
2.992717
2.990358
2.990033
2.991660
2.995032
2.999895
3.005984
3.013050
3.020862
3.029209
3.037907
3.046799
3.055750
3.064650
3.073410
3.081956
3.090231
3.098189
3.105797
3.113030
3.119868
3.126300
3.132320
3.137925
3.143114
3.147891
3.152262
3.156233
3.159812
3.163009
3.165833
3.168295
3.170405
3.172175
3.173615
3.174736
3.175549
3.176064
3.176293
3.176244
3.175929
3.175356
3.174536
3.173477
3.172187
3.170676
3.168951
3.167021
3.165151
3.163868
3.163807
3.165393
3.168761
3.173832
3.180412
3.188255
3.197110
3.206742
3.216932
3.227487
3.238239
3.249044
3.259781
3.270351
3.280675
3.290689
3.300340
3.309592
3.318414
3.326787
3.334696
3.342133
3.349094
3.355579
3.361593
3.367139
3.372227
3.376865
3.381063
3.384832
3.388184
3.391131
3.393685
3.395858
3.397664
3.399113
3.400218
3.400992
3.401444
3.401588
3.401433
3.400990
3.400269
3.399281
3.398036
3.396541
3.394807
3.392841
3.390653
3.388250
3.385640
3.382831
3.379828
3.376640
3.373273
3.369734
3.366027
3.362160
3.358138
3.353966
3.349651
3.345195
3.340606
3.335887
3.331043
3.326079
3.320998
3.315805
3.310503
3.305097
3.299590
3.293986
3.288288
3.282499
3.276624
3.270664
3.264622
3.258503
3.252308
3.246040
3.239702
3.233296
3.226826
3.220292
3.213699
3.207047
3.200339
3.193577
3.186763
3.179899
3.172987
3.166030
3.159027
3.151983
3.144897
3.137772
3.130610
3.123411
3.116449
3.110271
3.105535
3.102686
3.101869
3.103007
3.105898
3.110291
3.115923
3.122543
3.129922
3.137849
3.146138
3.154631
3.163193
3.171712
3.180098
3.188276
3.196189
3.203790
3.211044
3.217925
3.224416
3.230502
3.236177
3.241438
3.246285
3.250720
3.254749
3.258378
3.261616
3.264470
3.266952
3.269072
3.270839
3.272265
3.273361
3.274137
3.274604
3.274774
3.274655
3.274260
3.273596
3.272675
3.271505
3.270096
3.268456
3.266594
3.264518
3.262235
3.259984
3.258239
3.257572
3.258373
3.260773
3.264707
3.270001
3.276435
3.283785
3.291834
3.300386
3.309266
3.318319
3.327416
3.336446
3.345319
3.353963
3.362317
3.370337
3.377987
3.385241
3.392079
3.398488
3.404461
3.409995
3.415089
3.419747
3.423973
3.427775
3.431161
3.434140
3.436723
3.438919
3.440741
3.442199
3.443305
3.444071
3.444507
3.444625
3.444435
3.443949
3.443177
3.442128
3.440814
3.439243
3.437425
3.435369
3.433083
3.430576
3.427855
3.424929
3.421804
3.418489
3.414990
3.411313
3.407465
3.403452
3.399281
3.394956
3.390483
3.385868
3.381116
3.376231
3.371219
3.366083
3.360829
3.355461
3.349982
3.344396
3.338708
3.332921
3.327039
3.321065
3.315002
3.308853
3.302623
3.296313
3.289926
3.283466
3.276935
3.270335
3.263670
3.256941
3.250151
3.243303
3.236398
3.229439
3.222427
3.215365
3.208255
3.201099
3.193898
3.186654
3.179369
3.172045
3.164683
3.157284
3.149852
3.142385
3.134888
3.127602
3.121019
3.115736
3.112159
3.110425
3.110469
3.112110
3.115119
3.119259
3.124302
3.130037
3.136273
3.142842
3.149599
3.156420
3.163205
3.169870
3.176348
3.182585
3.188541
3.194182
3.199485
3.204434
3.209017
3.213227
3.217061
3.220520
3.223606
3.226324
3.228680
3.230681
3.232335
3.233652
3.234641
3.235311
3.235673
3.235736
3.235510
3.235006
3.234232
3.233199
3.231915
3.230391
3.228633
3.226652
3.224456
3.222052
3.219448
3.216651
3.213669
3.210737
3.208325
3.207006
3.207172
3.208956
3.212294
3.217013
3.222892
3.229703
3.237232
3.245278
3.253667
3.262242
3.270873
3.279450
3.287881
3.296094
3.304029
3.311639
3.318890
3.325753
3.332211
3.338250
3.343863
3.349045
3.353796
3.358121
3.362022
3.365507
3.368585
3.371264
3.373554
3.375466
3.377011
3.378200
3.379045
3.379555
3.379743
3.379620
3.379196
3.378482
3.377489
3.376225
3.374702
3.372928
3.370913
3.368665
3.366193
3.363505
3.360609
3.357512
3.354223
3.350748
3.347093
3.343266
3.339272
3.335118
3.330809
3.326352
3.321751
3.317012
3.312140
3.307139
3.302014
3.296771
3.291412
3.285942
3.280365
3.274686
3.268907
3.263033
3.257066
3.251011
3.244870
3.238647
3.232345
3.225966
3.219513
3.212990
3.206398
3.199741
3.193020
3.186239
3.179399
3.172503
3.165553
3.158550
3.151498
3.144398
3.137252
3.130062
3.122829
3.115556
3.108243
3.100893
3.093508
3.086088
3.078635
3.071151
3.063638
3.056334
3.049729
3.044416
3.040804
3.039033
3.039041
3.040647
3.043624
3.047734
3.052748
3.058456
3.064667
3.071212
3.077945
3.084744
3.091508
3.098152
3.104611
3.110830
3.116768
3.122394
3.127683
3.132618
3.137188
3.141388
3.145213
3.148664
3.151743
3.154456
3.156809
3.158808
3.160462
3.161781
3.162772
3.163447
3.163815
3.163885
3.163669
3.163175
3.162413
3.161394
3.160125
3.158617
3.156878
3.154916
3.152740
3.150358
3.147777
3.145005
3.142050
3.139142
3.136750
3.135443
3.135618
3.137408
3.140752
3.145478
3.151366
3.158189
3.165729
3.173788
3.182191
3.190781
3.199428
3.208021
3.216470
3.224701
3.232654
3.240284
3.247556
3.254441
3.260922
3.266985
3.272623
3.277831
3.282611
3.286964
3.290896
3.294413
3.297524
3.300237
3.302564
3.304513
3.306097
3.307326
3.308211
3.308765
3.308997
3.308919
3.308541
3.307875
3.306930
3.305717
3.304245
3.302524
3.300562
3.298368
3.295952
3.293320
3.290482
3.287444
3.284214
3.280800
3.277206
3.273441
3.269511
3.265421
3.261177
3.256786
3.252251
3.247579
3.242775
3.237843
3.232788
3.227614
3.222326
3.216928
3.211424
3.205818
3.200112
3.194312
3.188421
3.182441
3.176376
3.170230
3.164005
3.157703
3.151329
3.144885
3.138372
3.131795
3.125155
3.118454
3.111696
3.104882
3.098014
3.091095
3.084126
3.077110
3.070048
3.062943
3.055795
3.048607
3.041381
3.034118
3.026819
3.019486
3.012121
3.004726
2.997300
2.990082
2.983557
2.978316
2.974770
2.973063
2.973132
2.974801
2.977841
2.982013
2.987092
2.992865
2.999140
3.005750
3.012549
3.019414
3.026243
3.032954
3.039478
3.045764
3.051768
3.057460
3.062816
3.067819
3.072457
3.076725
3.080619
3.084139
3.087289
3.090073
3.092497
3.094568
3.096296
3.097688
3.098754
3.099504
3.099948
3.100095
3.099956
3.099541
3.098858
3.097918
3.096731
3.095304
3.093646
3.091767
3.089675
3.087377
3.084881
3.082195
3.079326
3.076280
3.073064
3.069685
3.066149
3.062461
3.058628
3.054654
3.050545
3.046307
3.041943
3.037458
3.032858
3.028145
3.023325
3.018402
3.013378
3.008258
3.003046
2.997745
2.992358
2.986888
2.981338
2.975712
2.970012
2.964241
2.958401
2.952496
2.946527
2.940498
2.934409
2.928264
2.922065
2.915814
2.909512
2.903163
2.896766
2.890326
2.883842
2.877318
2.870754
2.864152
2.857514
2.850841
2.844135
2.837398
2.830629
2.823831
2.817006
2.810154
2.803276
2.796374
2.789449
2.782502
2.775533
2.768545
2.761538
2.754513
2.747470
2.740412
2.733338
2.726250
2.719149
2.712034
2.704908
2.697771
2.690623
2.683465
2.676298
2.669123
2.661941
2.654751
2.647555
2.640353
2.633146
2.625934
2.618718
2.611498
2.604275
2.597050
2.589823
2.582594
2.575364
2.568134
2.560903
2.553673
2.546443
2.539214
2.531986
2.524761
2.517537
2.510316
2.503098
2.495883
2.488672
2.481464
2.474261
2.467062
2.459868
2.452679
2.445495
2.438317
2.431145
2.423979
2.416819
2.409666
2.402519
2.395380
2.388248
2.381123
2.374007
2.366898
2.359797
2.352704
2.345620
2.338545
2.331478
2.324421
2.317372
2.310333
2.303304
2.296284
2.289273
2.282273
2.275283
2.268303
2.261333
2.254374
2.247425
2.240487
2.233560
2.226643
2.219738
2.212844
2.205961
2.199089
2.192229
2.185381
2.178544
2.171718
2.164905
2.158103
2.151314
2.144536
2.137771
2.131017
2.124276
2.117547
2.110831
2.104127
2.097436
2.090757
2.084091
2.077437
2.070796
2.064168
2.057553
2.050951
2.044362
2.037786
2.031222
2.024672
2.018135
2.011611
2.005101
1.998603
1.992119
1.985648
1.979191
1.972747
1.966316
1.959899
1.953495
1.947105
1.940728
1.934365
1.928015
1.921679
1.915356
1.909047
1.902752
1.896471
1.890203
1.883949
1.877708
1.871482
1.865269
1.859070
1.852884
1.846713
1.840555
1.834411
1.828281
1.822164
1.816062
1.809973
1.803898
1.797837
1.791790
1.785757
1.779738
1.773733
1.767741
1.761763
1.755800
1.749850
1.743914
1.737992
1.732084
1.726189
1.720309
1.714443
1.708590
1.702751
1.696926
1.691116
1.685319
1.679535
1.673766
1.668011
1.662269
1.656542
1.650828
1.645128
1.639442
1.633769
1.628111
1.622466
1.616835
1.611218
1.605615
1.600026
1.594450
1.588888
1.583340
1.577806
1.572285
1.566778
1.561285
1.555806
1.550340
1.544888
1.539449
1.534025
1.528614
1.523216
1.517832
1.512462
1.507105
1.501762
1.496433
1.491117
1.485815
1.480526
1.475251
1.469989
1.464741
1.459506
1.454285
1.449077
1.443882
1.438701
1.433534
1.428379
1.423239
1.418111
1.412997
1.407896
1.402808
1.397734
1.392673
1.387625
1.382591
1.377570
1.372561
1.367567
1.362585
1.357616
1.352661
1.347719
1.342789
1.337873
1.332970
1.328080
1.323203
1.318339
1.313488
1.308650
1.303825
1.299013
1.294214
1.289427
1.284654
1.279893
1.275145
1.270410
1.265688
1.260979
1.256282
1.251598
1.246927
1.242269
1.237623
1.232990
1.228369
1.223761
1.219166
1.214583
1.210013
1.205456
1.200911
1.196378
1.191858
1.187350
1.182855
1.178372
1.173902
1.169444
1.164998
1.160565
1.156144
1.151735
1.147338
1.142954
1.138582
1.134222
1.129875
1.125539
1.121216
1.116905
1.112606
1.108319
1.104044
1.099781
1.095530
1.091291
1.087064
1.082849
1.078646
1.074455
1.070275
1.066108
1.061952
1.057808
1.053676
1.049556
1.045448
1.041351
1.037266
1.033192
1.029131
1.025081
1.021042
1.017015
1.013000
1.008996
1.005004
1.001024
0.997054
0.993097
0.989150
0.985216
0.981292
0.977380
0.973479
0.969590
0.965712
0.961845
0.957989
0.954145
0.950312
0.946490
0.942679
0.938880
0.935091
0.931314
0.927548
0.923792
0.920048
0.916315
0.912593
0.908882
0.905181
0.901492
0.897814
0.894146
0.890489
0.886844
0.883209
0.879584
0.875971
0.872368
0.868776
0.865195
0.861625
0.858065
0.854515
0.850977
0.847449
0.843931
0.840424
0.836928
0.833442
0.829966
0.826501
0.823046
0.819602
0.816168
0.812745
0.809332
0.805929
0.802537
0.799154
0.795783
0.792421
0.789069
0.785728
0.782397
0.779076
0.775765
0.772464
0.769173
0.765893
0.762622
0.759362
0.756111
0.752870
0.749640
0.746419
0.743208
0.740007
0.736816
0.733635
0.730463
0.727301
0.724149
0.721007
0.717875
0.714752
0.711639
0.708535
0.705441
0.702357
0.699283
0.696217
0.693162
0.690116
0.687079
0.684052
0.681035
0.678027
0.675028
0.672039
0.669059
0.666088
0.663127
0.660175
0.657232
0.654299
0.651375
0.648460
0.645554
0.642657
0.639770
0.636892
0.634023
0.631162
0.628311
0.625470
0.622637
0.619813
0.616998
0.614192
0.611395
0.608607
0.605827
0.603057
0.600296
0.597543
0.594799
0.592064
0.589338
0.586620
0.583911
0.581211
0.578520
0.575837
0.573163
0.570497
0.567841
0.565192
0.562552
0.559921
0.557299
0.554684
0.552079
0.549481
0.546893
0.544312
0.541740
0.539177
0.536621
0.534074
0.531536
0.529005
0.526483
0.523970
0.521464
0.518967
0.516477
0.513996
0.511524
0.509059
0.506602
0.504154
0.501713
0.499281
0.496856
0.494440
0.492032
0.489631
0.487239
0.484854
0.482478
0.480109
0.477748
0.475395
0.473050
0.470712
0.468383
0.466061
0.463747
0.461440
0.459141
0.456850
0.454567
0.452291
0.450023
0.447763
0.445510
0.443265
0.441027
0.438797
0.436574
0.434359
0.432151
0.429951
0.427758
0.425573
0.423395
0.421224
0.419061
0.416905
0.414756
0.412615
0.410481
0.408354
0.406235
0.404122
0.402017
0.399919
0.397829
0.395745
0.393669
0.391599
0.389537
0.387482
0.385434
0.383393
0.381359
0.379332
0.377312
0.375298
0.373292
0.371293
0.369301
0.367315
0.365337
0.363365
0.361400
0.359442
0.357491
0.355546
0.353609
0.351678
0.349754
0.347836
0.345925
0.344021
0.342123
0.340233
0.338348
0.336471
0.334600
0.332735
0.330877
0.329026
0.327181
0.325342
0.323510
0.321685
0.319866
0.318053
0.316247
0.314447
0.312654
0.310866
0.309086
0.307311
0.305543
0.303781
0.302026
0.300276
0.298533
0.296796
0.295066
0.293341
0.291623
0.289911
0.288205
0.286505
0.284811
0.283123
0.281441
0.279766
0.278096
0.276432
0.274775
0.273123
0.271478
0.269838
0.268204
0.266576
0.264954
0.263338
0.261728
0.260124
0.258525
0.256932
0.255346
0.253764
0.252189
0.250619
0.249056
0.247497
0.245945
0.244398
0.242857
0.241322
0.239792
0.238268
0.236749
0.235236
0.233729
0.232227
0.230730
0.229240
0.227754
0.226275
0.224800
0.223332
0.221868
0.220410
0.218958
0.217511
0.216069
0.214632
0.213201
0.211776
0.210355
0.208940
0.207531
0.206126
0.204727
0.203333
0.201944
0.200561
0.199183
0.197809
0.196442
0.195079
0.193721
0.192369
0.191021
0.189679
0.188342
0.187010
0.185683
0.184361
0.183044
0.181732
0.180425
0.179123
0.177826
0.176534
0.175247
0.173965
0.172687
0.171415
0.170147
0.168885
0.167627
0.166374
0.165126
0.163883
0.162644
0.161411
0.160182
0.158957
0.157738
0.156523
0.155313
0.154108
0.152907
0.151711
0.150520
0.149333
0.148151
0.146974
0.145801
0.144633
0.143469
0.142310
0.141156
0.140006
0.138860
0.137719
0.136583
0.135451
0.134323
0.133200
0.132082
0.130968
0.129858
0.128752
0.127651
0.126555
0.125463
0.124375
0.123291
0.122212
0.121137
0.120066
0.119000
0.117938
0.116880
0.115826
0.114777
0.113732
0.112691
0.111654
0.110622
0.109593
0.108569
0.107549
0.106533
0.105521
0.104513
0.103510
0.102510
0.101514
0.100523
0.099536
0.098552
0.097573
0.096597
0.095626
0.094659
0.093695
0.092736
0.091780
0.090829
0.089881
0.088937
0.087997
0.087061
0.086129
0.085201
0.084276
0.083356
0.082439
0.081526
0.080617
0.079712
0.078810
0.077912
0.077018
0.076128
0.075241
0.074358
0.073479
0.072604
0.071732
0.070864
0.069999
0.069139
0.068281
0.067428
0.066578
0.065732
0.064889
0.064050
0.063214
0.062382
0.061554
0.060729
0.059907
0.059089
0.058275
0.057464
0.056657
0.055853
0.055052
0.054255
0.053462
0.052671
0.051885
0.051101
0.050321
0.049545
0.048771
0.048002
0.047235
0.046472
0.045712
0.044956
0.044202
0.043452
0.042706
0.041962
0.041222
0.040486
0.039752
0.039022
0.038294
0.037570
0.036850
0.036132
0.035418
0.034707
0.033999
0.033294
0.032592
0.031893
0.031198
0.030506
0.029816
0.029130
0.028447
0.027767
0.027090
0.026416
0.025745
0.025077
0.024413
0.023751
0.023092
0.022436
0.021783
0.021133
0.020486
0.019842
0.019201
0.018563
0.017928
0.017296
0.016666
0.016040
0.015416
0.014796
0.014178
0.013563
0.012951
0.012341
0.011735
0.011131
0.010530
0.009932
0.009337
0.008744
0.008155
0.007568
0.006984
0.006402
0.005823
0.005247
0.004674
0.004103
0.003535
0.002970
0.002408
0.001848
0.001291
0.000736
0.000184
-0.000365
-0.000912
-0.001456
-0.001997
-0.002536
-0.003072
-0.003606
-0.004137
-0.004666
-0.005192
-0.005715
-0.006236
-0.006754
-0.007270
-0.007784
-0.008294
-0.008803
-0.009309
-0.009812
-0.010313
-0.010811
-0.011307
-0.011801
-0.012292
-0.012781
-0.013267
-0.013751
-0.014233
-0.014712
-0.015188
-0.015663
-0.016135
-0.016604
-0.017072
-0.017536
-0.017999
-0.018459
-0.018917
-0.019373
-0.019826
-0.020277
-0.020726
-0.021173
-0.021617
-0.022059
-0.022498
-0.022936
-0.023371
-0.023804
-0.024235
-0.024663
-0.025090
-0.025514
-0.025936
-0.026356
-0.026773
-0.027189
-0.027602
-0.028013
-0.028422
-0.028829
-0.029234
-0.029636
-0.030037
-0.030435
-0.030832
-0.031226
-0.031618
-0.032008
-0.032396
-0.032782
-0.033166
-0.033548
-0.033927
-0.034305
-0.034681
-0.035055
-0.035426
-0.035796
-0.036164
-0.036530
-0.036893
-0.037255
-0.037615
-0.037973
-0.038329
-0.038683
-0.039035
-0.039385
-0.039733
-0.040079
-0.040424
-0.040766
-0.041107
-0.041445
-0.041782
-0.042117
-0.042450
-0.042782
-0.043111
-0.043438
-0.043764
-0.044088
-0.044410
-0.044730

