0.000000
0.000000
-0.000025
-0.000051
-0.000077
-0.000102
-0.000127
-0.000152
-0.000176
-0.000200
-0.000224
-0.000247
-0.000270
-0.000292
-0.000315
-0.000337
-0.000358
-0.000380
-0.000401
-0.000422
-0.000443
-0.000464
-0.000485
-0.000505
-0.000526
-0.000546
-0.000566
-0.000586
-0.000606
-0.000626
-0.000646
-0.000666
-0.000686
-0.000706
-0.000726
-0.000745
-0.000765
-0.000785
-0.000804
-0.000824
-0.000843
-0.000863
-0.000882
-0.000902
-0.000921
-0.000941
-0.000960
-0.000979
-0.000999
-0.001018
-0.001038
-0.001057
-0.001077
-0.001096
-0.001115
-0.001135
-0.001154
-0.001174
-0.001193
-0.001212
-0.001232
-0.001251
-0.001271
-0.001290
-0.001310
-0.001329
-0.001349
-0.001368
-0.001388
-0.001407
-0.001427
-0.001446
-0.001466
-0.001486
-0.001505
-0.001525
-0.001544
-0.001564
-0.001584
-0.001603
-0.001623
-0.001643
-0.001663
-0.001682
-0.001702
-0.001722
-0.001742
-0.001762
-0.001782
-0.001801
-0.001821
-0.001841
-0.001861
-0.001881
-0.001901
-0.001921
-0.001941
-0.001961
-0.001981
-0.002001
-0.002022
-0.002042
-0.002062
-0.002082
-0.002102
-0.002122
-0.002143
-0.002163
-0.002183
-0.002203
-0.002224
-0.002244
-0.002265
-0.002285
-0.002305
-0.002326
-0.002346
-0.002367
-0.002387
-0.002408
-0.002428
-0.002449
-0.002469
-0.002490
-0.002511
-0.002531
-0.002552
-0.002572
-0.002593
-0.002614
-0.002635
-0.002655
-0.002676
-0.002697
-0.002718
-0.002739
-0.002759
-0.002780
-0.002801
-0.002822
-0.002843
-0.002864
-0.002885
-0.002906
-0.002927
-0.002948
-0.002969
-0.002990
-0.003011
-0.003032
-0.003053
-0.003075
-0.003096
-0.003117
-0.003138
-0.003159
-0.003181
-0.003202
-0.003223
-0.003244
-0.003266
-0.003287
-0.003308
-0.003330
-0.003351
-0.003372
-0.003394
-0.003415
-0.003437
-0.003458
-0.003480
-0.003501
-0.003523
-0.003544
-0.003566
-0.003587
-0.003609
-0.003630
-0.003652
-0.003674
-0.003695
-0.003717
-0.003738
-0.003760
-0.003782
-0.003803
-0.003825
-0.003847
-0.003869
-0.003890
-0.003912
-0.003934
-0.003956
-0.003978
-0.003999
-0.004021
-0.004043
-0.004065
-0.004087
-0.004109
-0.004131
-0.004152
-0.004174
-0.004196
-0.004218
-0.004240
-0.004262
-0.004284
-0.004306
-0.004328
-0.004350
-0.004372
-0.004394
-0.004416
-0.004438
-0.004460
-0.004482
-0.004505
-0.004527
-0.004549
-0.004571
-0.004593
-0.004615
-0.004637
-0.004660
-0.004682
-0.004704
-0.004726
-0.004748
-0.004771
-0.004793
-0.004815
-0.004837
-0.004860
-0.004882
-0.004904
-0.004926
-0.004949
-0.004971
-0.004993
-0.005016
-0.005038
-0.005060
-0.005083
-0.005105
-0.005127
-0.005150
-0.005172
-0.005194
-0.005217
-0.005239
-0.005262
-0.005284
-0.005306
-0.005329
-0.005351
-0.005374
-0.005396
-0.005419
-0.005441
-0.005464
-0.005486
-0.005509
-0.005531
-0.005554
-0.005576
-0.005599
-0.005621
-0.005644
-0.005666
-0.005689
-0.005711
-0.005734
-0.005756
-0.005779
-0.005801
-0.005824
-0.005847
-0.005869
-0.005892
-0.005914
-0.005937
-0.005960
-0.005982
-0.006005
-0.006027
-0.006050
-0.006073
-0.006095
-0.006118
-0.006141
-0.006163
-0.006186
-0.006209
-0.006231
-0.006254
-0.006277
-0.006299
-0.006322
-0.006345
-0.006367
-0.006390
-0.006413
-0.006435
-0.006458
-0.006481
-0.006503
-0.006526
-0.006549
-0.006572
-0.006594
-0.006617
-0.006640
-0.006662
-0.006685
-0.006708
-0.006731
-0.006753
-0.006776
-0.006799
-0.006822
-0.006844
-0.006867
-0.006890
-0.006913
-0.006935
-0.006958
-0.006981
-0.007004
-0.007026
-0.007049
-0.007072
-0.007095
-0.007117
-0.007140
-0.007163
-0.007186
-0.007208
-0.007231
-0.007254
-0.007277
-0.007300
-0.007322
-0.007345
-0.007368
-0.007391
-0.007414
-0.007436
-0.007459
-0.007482
-0.007505
-0.007527
-0.007550
-0.007573
-0.007596
-0.007619
-0.007641
-0.007664
-0.007687
-0.007710
-0.007733
-0.007755
-0.007778
-0.007801
-0.007824
-0.007847
-0.007869
-0.007892
-0.007915
-0.007938
-0.007960
-0.007983
-0.008006
-0.008029
-0.008052
-0.008074
-0.008097
-0.008120
-0.008143
-0.008166
-0.008188
-0.008211
-0.008234
-0.008257
-0.008279
-0.008302
-0.008325
-0.008348
-0.008371
-0.008393
-0.008416
-0.008439
-0.008462
-0.008484
-0.008507
-0.008530
-0.008553
-0.008575
-0.008598
-0.008621
-0.008644
-0.008666
-0.008689
-0.008712
-0.008735
-0.008757
-0.008780
-0.008803
-0.008826
-0.008848
-0.008871
-0.008894
-0.008917
-0.008939
-0.008962
-0.008985
-0.009008
-0.009030
-0.009053
-0.009076
-0.009098
-0.009121
-0.009144
-0.009167
-0.009189
-0.009212
-0.009235
-0.009257
-0.009280
-0.009303
-0.009325
-0.009348
-0.009371
-0.009393
-0.009416
-0.009439
-0.009461
-0.009484
-0.009507
-0.009529
-0.009552
-0.009575
-0.009597
-0.009620
-0.009643
-0.009665
-0.009688
-0.009710
-0.009733
-0.009756
-0.009778
-0.009801
-0.009824
-0.009846
-0.009869
-0.009891
-0.009914
-0.009937
-0.009959
-0.009982
-0.010004
-0.010027
-0.010049
-0.010072
-0.010095
-0.010117
-0.010140
-0.010162
-0.010185
-0.010207
-0.010230
-0.010252
-0.010275
-0.010297
-0.010320
-0.010342
-0.010365
-0.010387
-0.010410
-0.010432
-0.010455
-0.010477
-0.010500
-0.010522
-0.010545
-0.010567
-0.010590
-0.010612
-0.010635
-0.010657
-0.010680
-0.010702
-0.010724
-0.010747
-0.010769
-0.010792
-0.010814
-0.010837
-0.010859
-0.010881
-0.010904
-0.010926
0.639417
1.559442
2.605616
3.249058
3.703519
4.034744
4.279894
4.462120
4.596570
4.693625
4.755736
4.791539
4.806449
4.804495
4.788815
4.761909
4.725808
4.682189
4.632437
4.577712
4.518994
4.457115
4.392769
4.326546
4.258948
4.190412
4.121288
4.051882
3.982463
3.913240
3.844398
3.776102
3.708471
3.641616
3.575632
3.510588
3.446542
3.383542
3.321637
3.260845
3.201188
3.142689
3.085352
3.029181
2.974176
2.920342
2.867666
2.816141
2.765756
2.716503
3.283511
4.118209
5.079978
5.668061
6.073516
6.360154
6.564130
6.707829
6.805880
6.868311
6.896938
6.900329
6.883856
6.851499
6.806341
6.750810
6.686877
6.616172
6.540040
6.459589
6.375774
6.289395
6.201113
6.111505
6.021039
5.930132
5.839135
5.748328
5.657965
5.568237
5.479340
5.391397
5.304535
5.218860
5.134435
5.051348
4.969631
4.889329
4.810479
4.733090
4.657183
4.582771
4.509844
4.438408
4.368461
4.299981
4.232963
4.167398
4.103257
4.040522
3.979190
3.919223
3.860600
3.803303
3.747313
3.692597
3.639131
3.586895
3.535868
3.486018
3.437320
3.389752
3.343294
3.297916
3.253593
3.210300
3.168019
3.126728
3.086400
3.047011
3.008539
2.970961
2.934265
2.898422
2.863411
2.829212
2.795805
2.763169
2.731289
2.700148
2.669723
2.639996
2.610950
2.582566
2.554828
2.527722
2.501233
2.475343
2.450037
2.425298
2.401112
2.377465
2.354343
2.331731
2.309619
2.287996
2.266845
2.246155
2.225913
2.206107
2.186727
2.167759
2.149195
2.131022
2.113231
2.095813
2.078760
2.062060
2.045703
2.029681
2.013984
1.998604
1.983532
1.968760
1.954280
1.940085
1.926166
1.912517
1.899130
1.885999
1.873119
1.860482
1.848080
1.835908
1.823960
1.812230
1.800711
1.789399
1.778287
1.767370
1.756644
1.746103
1.735742
1.725557
1.715543
1.705695
1.696009
1.686481
1.677106
1.667882
1.658805
1.649870
1.641074
1.632413
1.623883
1.615481
1.607203
1.599047
1.591008
1.583085
1.575274
1.567572
1.559977
1.552485
1.545094
1.537802
1.530606
1.523503
1.516491
1.509568
1.502732
1.495980
1.489310
1.482721
1.476210
1.469775
1.463414
1.457127
1.450910
1.444763
1.438684
1.432671
1.426722
1.420836
1.415010
1.409245
1.403538
1.397888
1.392293
1.386752
1.381264
1.375828
1.370442
1.365106
1.359817
1.354576
1.349381
1.344230
1.339124
1.334060
1.329038
1.324057
1.319116
1.314214
1.309351
1.304525
1.299736
1.294983
1.290265
1.285581
1.280931
1.276314
1.271729
1.267175
1.262653
1.258161
1.253698
1.249265
1.244860
1.240484
1.236134
1.231812
1.227517
1.223248
1.219004
1.214785
1.210591
1.206421
1.202274
1.198150
1.194049
1.189971
1.185914
1.181879
1.177865
1.173872
1.169900
1.165947
1.162014
1.158101
1.154207
1.150331
1.146474
1.142635
1.138815
1.135011
1.131226
1.127457
1.123705
1.119970
1.116251
1.112549
1.108862
1.105191
1.101536
1.097895
1.094270
1.090660
1.087064
1.083483
1.079916
1.076363
1.072825
1.069300
1.065788
1.062290
1.058805
1.055334
1.051875
1.048430
1.044997
1.041576
1.038168
1.034772
1.031389
1.028017
1.024657
1.021310
1.017973
1.014649
1.011336
1.008035
1.004745
1.001467
0.998199
0.994943
0.991697
0.988462
0.985238
0.982024
0.978821
0.975628
0.972446
0.969274
0.966112
0.962960
0.959818
0.956686
0.953564
0.950452
0.947349
0.944256
0.941173
0.938099
0.935035
0.931980
0.928934
0.925898
0.922871
0.919853
0.916844
0.913844
0.910853
0.907872
0.904899
0.901935
0.898979
0.896033
0.893095
0.890166
0.887245
0.884333
0.881429
0.878534
0.875648
0.872769
0.869900
0.867038
0.864185
0.861340
0.858503
0.855674
0.852853
0.850041
0.847236
0.844440
0.841652
0.838871
0.836098
0.833334
0.830577
0.827828
0.825087
0.822353
0.819627
0.816909
0.814199
0.811496
0.808801
0.806113
0.803433
0.800761
0.798096
0.795438
0.792789
0.790147
0.787512
0.784884
0.782264
0.779652
0.777046
0.774448
0.771858
0.769274
0.766698
0.764129
0.761567
0.759012
0.756464
0.753924
0.751390
0.748864
0.746344
0.743832
0.741326
0.738828
0.736336
0.733852
0.731374
0.728903
0.726439
0.723982
0.721532
0.719088
0.716651
0.714221
0.711798
0.709382
0.706972
0.704569
0.702172
0.699783
0.697399
0.695023
0.692653
0.690290
0.687933
0.685583
0.683239
0.680902
0.678571
0.676247
0.673929
0.671618
0.669313
0.667014
0.664722
0.662437
0.660157
0.657884
0.655618
0.653357
0.651103
0.648856
0.646614
0.644379
0.642150
0.639927
0.637711
0.635500
0.633296
0.631098
0.628906
0.626720
0.624541
0.622367
0.620200
0.618038
0.615883
0.613734
0.611590
0.609453
0.607322
0.605196
0.603077
0.600964
0.598856
0.596755
0.594659
0.592570
0.590486
0.588408
0.586336
0.584270
0.582209
0.580155
0.578106
0.576063
0.574026
0.571995
0.569969
0.567950
0.565936
0.563927
0.561925
0.559928
0.557937
0.555951
0.553972
0.551997
0.550029
0.548066
0.546108
0.544157
0.542210
0.540270
0.538334
0.536405
0.534481
0.532562
0.530649
0.528741
0.526839
0.524942
0.523051
0.521165
0.519284
0.517409
0.515539
0.513675
0.511816
0.509962
0.508114
0.506271
0.504433
0.502601
0.500773
0.498952
0.497135
0.495324
0.493517
0.491716
0.489921
0.488130
0.486345
0.484565
0.482790
0.481020
0.479255
0.477496
0.475741
0.473992
0.472247
0.470508
0.468774
0.467045
0.465321
0.463602
0.461888
0.460179
0.458475
0.456776
0.455082
0.453393
0.451709
0.450030
0.448356
0.446686
0.445022
0.443362
0.441708
0.440058
0.438413
0.436773
0.435138
0.433507
0.431882
0.430261
0.428645
0.427034
0.425428
0.423826
0.422229
0.420637
0.419050
0.417467
0.415889
0.414316
0.412747
0.411183
0.409624
0.408069
0.406519
0.404974
0.403433
0.401897
0.400366
0.398839
0.397316
0.395799
0.394285
0.392777
0.391273
0.389773
0.388278
0.386787
0.385301
0.383820
0.382343
0.380870
0.379402
0.377938
0.376479
0.375024
0.373573
0.372127
0.370686
0.369248
0.367816
0.366387
0.364963
0.363543
0.362127
0.360716
0.359309
0.357907
0.356509
0.355115
0.353725
0.352340
0.350959
0.349582
0.348209
0.346841
0.345477
0.344117
0.342761
0.341410
0.340062
0.338719
0.337380
0.336045
0.334714
0.333388
0.332065
0.330747
0.329433
0.328122
0.326816
0.325514
0.324216
0.322922
0.321633
0.320347
0.319065
0.317787
0.316513
0.315243
0.313978
0.312716
0.311458
0.310204
0.308954
0.307708
0.306466
0.305228
0.303993
0.302763
0.301537
0.300314
0.299095
0.297881
0.296670
0.295463
0.294259
0.293060
0.291864
0.290672
0.289484
0.288300
0.287120
0.285943
0.284770
0.283601
0.282436
0.281274
0.280116
0.278962
0.277812
0.276665
0.275522
0.274383
0.273247
0.272115
0.270987
0.269862
0.268741
0.267624
0.266510
0.265400
0.264294
0.263191
0.262092
0.260996
0.259904
0.258816
0.257731
0.256649
0.255571
0.254497
0.253426
0.252359
0.251295
0.250235
0.249178
0.248125
0.247076
0.246029
0.244986
0.243947
0.242911
0.241879
0.240850
0.239824
0.238802
0.237783
0.236768
0.235756
0.234748
0.233742
0.232741
0.231742
0.230747
0.229755
0.228767
0.227782
0.226800
0.225822
0.224846
0.223875
0.222906
0.221941
0.220979
0.220020
0.219065
0.218112
0.217163
0.216218
0.215275
0.214336
0.213400
0.212467
0.211537
0.210611
0.209688
0.208768
0.207851
0.206937
0.206026
0.205119
0.204214
0.203313
0.202415
0.201520
0.200628
0.199740
0.198854
0.197971
0.197092
0.196215
0.195342
0.194472
0.193604
0.192740
0.191879
0.191021
0.190166
0.189313
0.188464
0.187618
0.186775
0.185935
0.185098
0.184263
0.183432
0.182604
0.181778
0.180956
0.180136
0.179320
0.178506
0.177695
0.176887
0.176082
0.175280
0.174481
0.173685
0.172891
0.172101
0.171313
0.170528
0.169746
0.168967
0.168190
0.167417
0.166646
0.165878
0.165113
0.164350
0.163590
0.162834
0.162079
0.161328
0.160579
0.159834
0.159090
0.158350
0.157612
0.156877
0.156145
0.155416
0.154689
0.153964
0.153243
0.152524
0.151808
0.151094
0.150384
0.149675
0.148970
0.148267
0.147567
0.146869
0.146174
0.145481
0.144791
0.144104
0.143419
0.142737
0.142058
0.141381
0.140706
0.140034
0.139365
0.138698
0.138034
0.137372
0.136713
0.136056
0.135402
0.134750
0.134101
0.133454
0.132810
0.132168
0.131528
0.130891
0.130257
0.129625
0.128995
0.128368
0.127743
0.127121
0.126501
0.125883
0.125268
0.124655
0.124045
0.123437
0.122831
0.122228
0.121627
0.121028
0.120432
0.119838
0.119246
0.118657
0.118070
0.117485
0.116903
0.116322
0.115745
0.115169
0.114596
0.114024
0.113456
0.112889
0.112325
0.111763
0.111203
0.110645
0.110090
0.109536
0.108985
0.108436
0.107890
0.107345
0.106803
0.106263
0.105725
0.105189
0.104655
0.104123
0.103594
0.103067
0.102542
0.102018
0.101497
0.100979
0.100462
0.099947
0.099434
0.098924
0.098415
0.097909
0.097405
0.096902
0.096402
0.095904
0.095407
0.094913
0.094421
0.093931
0.093443
0.092956
0.092472
0.091990
0.091509
0.091031
0.090555
0.090080
0.089608
0.089137
0.088669
0.088202
0.087737
0.087274
0.086813
0.086354
0.085897
0.085442
0.084989
0.084537
0.084087
0.083640
0.083194
0.082750
0.082307
0.081867
0.081428
0.080992
0.080557
0.080123
0.079692
0.079262
0.078835
0.078409
0.077984
0.077562
0.077141
0.076722
0.076305
0.075890
0.075476
0.075064
0.074654
0.074245
0.073838
0.073433
0.073030
0.072628
0.072228
0.071830
0.071433
0.071038
0.070644
0.070253
0.069862
0.069474
0.069087
0.068702
0.068318
0.067936
0.067556
0.067177
0.066800
0.066424
0.066050
0.065678
0.065307
0.064938
0.064570
0.064204
0.063839
0.063476
0.063115
0.062754
0.062396
0.062039
0.061683
0.061329
0.060977
0.060626
0.060276
0.059928
0.059581
0.059236
0.058893
0.058550
0.058210
0.057870
0.057532
0.057196
0.056861
0.056527
0.056195
0.055864
0.055534
0.055206
0.054880
0.054554
0.054230
0.053908
0.053587
0.053267
0.052948
0.052631
0.052315
0.052001
0.051687
0.051376
0.051065
0.050756
0.050448
0.050141
0.049836
0.049532
0.049229
0.048927
0.048627
0.048328
0.048031
0.047734
0.047439
0.047145
0.046852
0.046560
0.046270
0.045981
0.045693
0.045406
0.045121
0.044837
0.044553
0.044272
0.043991
0.043711
0.043433
0.043155
0.042879
0.042604
0.042331
0.042058
0.041786
0.041516
0.041247
0.040978
0.040711
0.040445
0.040181
0.039917
0.039654
0.039392
0.039132
0.038872
0.038614
0.038357
0.038101
0.037845
0.037591
0.037338
0.037086
0.036835
0.036585
0.036336
0.036088
0.035841
0.035595
0.035350
0.035106
0.034863
0.034621
0.034380
0.034140
0.033901
0.033663
0.033426
0.033190
0.032955
0.032721
0.032487
0.032255
0.032024
0.031793
0.031564
0.031335
0.031107
0.030880
0.030655
0.030430
0.030206
0.029982
0.029760
0.029539
0.029318
0.029098
0.028880
0.028662
0.028445
0.028228
0.028013
0.027798
0.027585
0.027372
0.027160
0.026949
0.026739
0.026529
0.026320
0.026112
0.025905
0.025699
0.025494
0.025289
0.025085
0.024882
0.024680
0.024478
0.024278
0.024078
0.023879
0.023680
0.023482
0.023286
0.023089
0.022894
0.022699
0.022505
0.022312
0.022120
0.021928
0.021737
0.021547
0.021357
0.021169
0.020981
0.020793
0.020607
0.020421
0.020235
0.020051
0.019867
0.019684
0.019501
0.019319
0.019138
0.018958
0.018778
0.018599
0.018420
0.018242
0.018065
0.017888
0.017713
0.017537
0.017363
0.017189
0.017015
0.016843
0.016671
0.016499
0.016328
0.016158
0.015989
0.015820
0.015651
0.015484
0.015316
0.015150
0.014984
0.014819
0.014654
0.014490
0.014326
0.014163
0.014001
0.013839
0.013677
0.013517
0.013357
0.013197
0.013038
0.012880
0.012722
0.012564
0.012408
0.012251
0.012096
0.011940
0.011786
0.011632
0.011478
0.011325
0.011173
0.011021
0.010869
0.010718
0.010568
0.010418
0.010269
0.010120
0.009971
0.009824
0.009676
0.009529
0.009383
0.009237
0.009092
0.008947
0.008802
0.008659
0.008515
0.008372
0.008230
0.008088
0.007946
0.007805
0.007665
0.007525
0.007385
0.007246
0.007107
0.006969
0.006831
0.006694
0.006557
0.006420
0.006284
0.006149
0.006014
0.005879
0.005745
0.005611
0.005478
0.005345
0.005212
0.005080
0.004948
0.004817
0.004686
0.004556
0.004426
0.004296
0.004167
0.004039
0.003910
0.003782
0.003655
0.003528
0.003401
0.003275
0.003149
0.003024
0.002898
0.002774
0.002649
0.002526
0.002402
0.002279
0.002156
0.002034
0.001912
0.001790
0.001669
0.001548
0.001428
0.001307
0.001188
0.001068
0.000949
0.000831
0.000713
0.000595
0.000477
0.000360
0.000243
0.000127
0.000010
-0.000105
-0.000221
-0.000336
-0.000450
-0.000565
-0.000679
-0.000792
-0.000906
-0.001019
-0.001131
-0.001244
-0.001356
-0.001467
-0.001579
-0.001689
-0.001800
-0.001910
-0.002020
-0.002130
-0.002239
-0.002348
-0.002457
-0.002565
-0.002673
-0.002781
-0.002888
-0.002995
-0.003102
-0.003209
-0.003315
-0.003421
-0.003526
-0.003631
-0.003736
-0.003841
-0.003945
-0.004049
-0.004153
-0.004256
-0.004359
-0.004462
-0.004564
-0.004666
-0.004768
-0.004870
-0.004971
-0.005072
-0.005173
-0.005273
-0.005373
-0.005473
-0.005572
-0.005672
-0.005771
-0.005869
-0.005968
-0.006066
-0.006164
-0.006261
-0.006359
-0.006455
-0.006552
-0.006649
-0.006745
-0.006841
-0.006936
-0.007032
-0.007127
-0.007222
-0.007316
-0.007410
-0.007504
-0.007598
-0.007692
-0.007785
-0.007878
-0.007970
-0.008063
-0.008155
-0.008247
-0.008339
-0.008430
-0.008521
-0.008612
-0.008703
-0.008793
-0.008883
-0.008973
-0.009063
-0.009152
-0.009241
-0.009330
-0.009419
-0.009507
-0.009595
-0.009683
-0.009771
-0.009858
-0.009945
-0.010032
-0.010119
-0.010205
-0.010292
-0.010377
-0.010463
-0.010549
-0.010634
-0.010719
-0.010804
-0.010888
-0.010973
-0.011057
-0.011141
-0.011224
-0.011308
-0.011391
-0.011474
-0.011556
-0.011639
-0.011721
-0.011803
-0.011885
-0.011967
-0.012048
-0.012129
-0.012210
-0.012291
-0.012371
-0.012452
-0.012532
-0.012612
-0.012691
-0.012771
-0.012850
-0.012929
-0.013007
-0.013086
-0.013164
-0.013242
-0.013320
-0.013398
-0.013476
-0.013553
-0.013630
-0.013707
-0.013783
-0.013860
-0.013936
-0.014012
-0.014088
-0.014164
-0.014239
-0.014314
-0.014389
-0.014464
-0.014539
-0.014613
-0.014687
-0.014761
-0.014835
-0.014909
-0.014982
-0.015056
-0.015129
-0.015201
-0.015274
-0.015347
-0.015419
-0.015491
-0.015563
-0.015634
-0.015706
-0.015777
-0.015848
-0.015919
-0.015990
-0.016061
-0.016131
-0.016201
-0.016271
-0.016341
-0.016411
-0.016480
-0.016549
-0.016618
-0.016687
-0.016756
-0.016824
-0.016893
-0.016961
-0.017029
-0.017097
-0.017164
-0.017232
-0.017299
-0.017366
-0.017433
-0.017500
-0.017566
-0.017633
-0.017699
-0.017765
-0.017831
-0.017896
-0.017962
-0.018027
-0.018092
-0.018157
-0.018222
-0.018287
-0.018351
-0.018416
-0.018480
-0.018544
-0.018607
-0.018671
-0.018735
-0.018798
-0.018861
-0.018924
-0.018987
-0.019049
-0.019112
-0.019174
-0.019236
-0.019298
-0.019360
-0.019422
-0.019483
-0.019545
-0.019606
-0.019667
-0.019728
-0.019788
-0.019849
-0.019909
-0.019969
-0.020029
-0.020089
-0.020149
-0.020209
-0.020268
-0.020327
-0.020387
-0.020446
-0.020504
-0.020563
-0.020622
-0.020680
-0.020738
-0.020796
-0.020854
-0.020912
-0.020969
-0.021027
-0.021084
-0.021141
-0.021198
-0.021255
-0.021312
-0.021369
-0.021425
-0.021481
-0.021537
-0.021593
-0.021649
-0.021705
-0.021760
-0.021816
-0.021871
-0.021926
-0.021981
-0.022036
-0.022091
-0.022145
-0.022200
-0.022254
-0.022308
-0.022362
-0.022416
-0.022470
-0.022523
-0.022577
-0.022630
-0.022683
-0.022736
-0.022789
-0.022842
-0.022894
-0.022947
-0.022999
-0.023051
-0.023103
-0.023155
-0.023207
-0.023259
-0.023310
-0.023362
-0.023413
-0.023464
-0.023515
-0.023566
-0.023617
-0.023667
-0.023718
-0.023768
-0.023818
-0.023868
-0.023918
-0.023968
-0.024018
-0.024067
-0.024117
-0.024166
-0.024215
-0.024264
-0.024313
-0.024362
-0.024411
-0.024459
-0.024508
-0.024556
-0.024604
-0.024652
-0.024700
-0.024748
-0.024796
-0.024844
-0.024891
-0.024938
-0.024986
-0.025033
-0.025080
-0.025126
-0.025173
-0.025220
-0.025266
-0.025313
-0.025359
-0.025405
-0.025451
-0.025497
-0.025543
-0.025588
-0.025634
-0.025679
-0.025725
-0.025770
-0.025815
-0.025860
-0.025905
-0.025950
-0.025994
-0.026039
-0.026083
-0.026128
-0.026172
-0.026216
-0.026260
-0.026304
-0.026347
-0.026391
-0.026434
-0.026478
-0.026521
-0.026564
-0.026607
-0.026650
-0.026693
-0.026736
-0.026779
-0.026821
-0.026864
-0.026906
-0.026948
-0.026990
-0.027032
-0.027074
-0.027116
-0.027158
-0.027199
-0.027241
-0.027282
-0.027323
-0.027364
-0.027405
-0.027446
-0.027487
-0.027528
-0.027568
-0.027609
-0.027649
-0.027690
-0.027730
-0.027770
-0.027810
-0.027850
-0.027890
-0.027930
-0.027969
-0.028009
-0.028048
-0.028088
-0.028127
-0.028166
-0.028205
-0.028244
-0.028283
-0.028321
-0.028360
-0.028399
-0.028437
-0.028475
-0.028514
-0.028552
-0.028590
-0.028628
-0.028666
-0.028703
-0.028741
-0.028779
-0.028816
-0.028854
-0.028891
-0.028928
-0.028965
-0.029002
-0.029039
-0.029076
-0.029113
-0.029149
-0.029186
-0.029222
-0.029259
-0.029295
-0.029331
-0.029367
-0.029403
-0.029439
-0.029475
-0.029511
-0.029547
-0.029582
-0.029618
-0.029653
-0.029688
-0.029724
-0.029759
-0.029794
-0.029829
-0.029864
-0.029898
-0.029933
-0.029968
-0.030002
-0.030037
-0.030071
-0.030105
-0.030140
-0.030174
-0.030208
-0.030242
-0.030276
-0.030309
-0.030343
-0.030377
-0.030410
-0.030444
-0.030477
-0.030510
-0.030543
-0.030576
-0.030610
-0.030642
-0.030675
-0.030708
-0.030741
-0.030773
-0.030806
-0.030838
-0.030871
-0.030903
-0.030935
-0.030968
-0.031000
-0.031032
-0.031064
-0.031095
-0.031127
-0.031159
-0.031190
-0.031222
-0.031253
-0.031285
-0.031316
-0.031347
-0.031378
-0.031409
-0.031440
-0.031471
-0.031502
-0.031533
-0.031564
-0.031594
-0.031625
-0.031655
-0.031686
-0.031716
-0.031746
-0.031776
-0.031807
-0.031837
-0.031866
-0.031896
-0.031926
-0.031956
-0.031986
-0.032015
-0.032045
-0.032074
-0.032104
-0.032133
-0.032162
-0.032191
-0.032220
-0.032249
-0.032278
-0.032307
-0.032336
-0.032365
-0.032393
-0.032422
-0.032451
-0.032479
-0.032507
-0.032536
-0.032564
-0.032592
-0.032620
-0.032648
-0.032676
-0.032704
-0.032732
-0.032760
-0.032788
-0.032815
-0.032843
-0.032871
-0.032898
-0.032925
-0.032953
-0.032980
-0.033007
-0.033034
-0.033061
-0.033088
-0.033115
-0.033142
-0.033169
-0.033196
-0.033223
-0.033249
-0.033276
-0.033302
-0.033329
-0.033355
-0.033381
-0.033408
-0.033434
-0.033460
-0.033486
-0.033512
-0.033538
-0.033564
-0.033590
-0.033615
-0.033641
-0.033667
-0.033692
-0.033718
-0.033743
-0.033769
-0.033794
-0.033819
-0.033845
-0.033870
-0.033895
-0.033920
-0.033945
-0.033970
-0.033995
-0.034019
-0.034044
-0.034069
-0.034094
-0.034118
-0.034143
-0.034167
-0.034192
-0.034216
-0.034240
-0.034264
-0.034289
-0.034313
-0.034337
-0.034361
-0.034385
-0.034409
-0.034433
-0.034456
-0.034480
-0.034504
-0.034527
-0.034551
-0.034574
-0.034598
-0.034621
-0.034645
-0.034668
-0.034691
-0.034714
-0.034738
-0.034761
-0.034784
-0.034807
-0.034830
-0.034853
-0.034875
-0.034898
-0.034921
-0.034944
-0.034966
-0.034989
-0.035011
-0.035034
-0.035056
-0.035078
-0.035101
-0.035123
-0.035145
-0.035167
-0.035189
-0.035212
-0.035234
-0.035256
-0.035277
-0.035299
-0.035321
-0.035343
-0.035365
-0.035386
-0.035408
-0.035429
-0.035451
-0.035472
-0.035494
-0.035515
-0.035536
-0.035558
-0.035579
-0.035600
-0.035621
-0.035642
-0.035663
-0.035684
-0.035705
-0.035726
-0.035747
-0.035768
-0.035789
-0.035809
-0.035830
-0.035851
-0.035871
-0.035892
-0.035912
-0.035933
-0.035953
-0.035973
-0.035994
-0.036014
-0.036034
-0.036054
-0.036074
-0.036094
-0.036115
-0.036135
-0.036154
-0.036174
-0.036194
-0.036214
-0.036234
-0.036253
-0.036273
-0.036293
-0.036312
-0.036332
-0.036351
-0.036371
-0.036390
-0.036410
-0.036429
-0.036448
-0.036468
-0.036487
-0.036506
-0.036525
-0.036544
-0.036563
-0.036582
-0.036601
-0.036620
-0.036639
-0.036658
-0.036677
-0.036695
-0.036714
-0.036733
-0.036751
-0.036770
-0.036789
-0.036807
-0.036826
-0.036844
-0.036862
-0.036881
-0.036899
-0.036917
-0.036936
-0.036954
-0.036972
-0.036990
-0.037008
-0.037026
-0.037044
-0.037062
-0.037080
-0.037098
-0.037116
-0.037134
-0.037151
-0.037169
-0.037187
-0.037204
-0.037222
-0.037240
-0.037257
-0.037275
-0.037292
-0.037310
-0.037327
-0.037344
-0.037362
-0.037379
-0.037396
-0.037414
-0.037431
-0.037448
-0.037465
-0.037482
-0.037499
-0.037516
-0.037533
-0.037550
-0.037567
-0.037584
-0.037601
-0.037617
-0.037634
-0.037651
-0.037668
-0.037684
-0.037701
-0.037717
-0.037734
-0.037750
-0.037767
-0.037783
-0.037800
-0.037816
-0.037833
-0.037849
-0.037865
-0.037881
-0.037898
-0.037914
-0.037930
-0.037946
-0.037962
-0.037978
-0.037994
-0.038010
-0.038026
-0.038042
-0.038058
-0.038074
-0.038090
-0.038105
-0.038121
-0.038137
-0.038153
-0.038168
-0.038184
-0.038199
-0.038215
-0.038230
-0.038246
-0.038261
-0.038277
-0.038292
-0.038308
-0.038323
-0.038338
-0.038354
-0.038369
-0.038384
-0.038399
-0.038414
-0.038430
-0.038445
-0.038460
-0.038475
-0.038490
-0.038505
-0.038520
-0.038535
-0.038550
-0.038564
-0.038579
-0.038594
-0.038609
-0.038624
-0.038638
-0.038653
-0.038668
-0.038682
-0.038697
-0.038711
-0.038726
-0.038740
-0.038755
-0.038769
-0.038784
-0.038798
-0.038813
-0.038827
-0.038841
-0.038856
-0.038870
-0.038884
-0.038898
-0.038912
-0.038927
-0.038941
-0.038955
-0.038969
-0.038983
-0.038997
-0.039011
-0.039025
-0.039039
-0.039053
-0.039067
-0.039080
-0.039094
-0.039108
-0.039122
-0.039136
-0.039149
-0.039163
-0.039177
-0.039190
-0.039204
-0.039217
-0.039231
-0.039245
-0.039258
-0.039272
-0.039285
-0.039298
-0.039312
-0.039325
-0.039339
-0.039352
-0.039365
-0.039379
-0.039392
-0.039405
-0.039418
-0.039431
-0.039445
-0.039458
-0.039471
-0.039484
-0.039497
-0.039510
-0.039523
-0.039536
-0.039549
-0.039562
-0.039575
-0.039588
-0.039601
-0.039613
-0.039626
-0.039639
-0.039652
-0.039665
-0.039677
-0.039690
-0.039703
-0.039715
-0.039728
-0.039741
-0.039753
-0.039766
-0.039778
-0.039791
-0.039803
-0.039816
-0.039828
-0.039841
-0.039853
-0.039865
-0.039878
-0.039890
-0.039902
-0.039915
-0.039927
-0.039939
-0.039951
-0.039964
-0.039976
-0.039988
-0.040000
-0.040012
-0.040024
-0.040036
-0.040048
-0.040060
-0.040072
-0.040084
-0.040096
-0.040108
-0.040120
-0.040132
-0.040144
-0.040156
-0.040168
-0.040180
-0.040191
-0.040203
-0.040215
-0.040227
-0.040238
-0.040250
-0.040262
-0.040273
-0.040285
-0.040297
-0.040308
-0.040320
-0.040331
-0.040343
-0.040354
-0.040366
-0.040377
-0.040389
-0.040400
-0.040412
-0.040423
-0.040434
-0.040446
-0.040457
-0.040468
-0.040480
-0.040491
-0.040502
-0.040513
-0.040525
-0.040536
-0.040547
-0.040558
-0.040569
-0.040580
-0.040592
-0.040603
-0.040614
-0.040625
-0.040636
-0.040647
-0.040658
-0.040669
-0.040680
-0.040691
-0.040701
-0.040712
-0.040723
-0.040734
-0.040745
-0.040756
-0.040767
-0.040777
-0.040788
-0.040799
-0.040810
-0.040820
-0.040831
-0.040842
-0.040852
-0.040863
-0.040874
-0.040884
-0.040895
-0.040905
-0.040916
-0.040926
-0.040937
-0.040947
-0.040958
-0.040968
-0.040979
-0.040989
-0.041000
-0.041010
-0.041020
-0.041031
-0.041041
-0.041052
-0.041062
-0.041072
-0.041082
-0.041093
-0.041103
-0.041113
-0.041123
-0.041134
-0.041144
-0.041154
-0.041164
-0.041174
-0.041184
-0.041194
-0.041204
-0.041215
-0.041225
-0.041235
-0.041245
-0.041255
-0.041265
-0.041275
-0.041285
-0.041294
-0.041304
-0.041314
-0.041324
-0.041334
-0.041344
-0.041354
-0.041364
-0.041373
-0.041383
-0.041393
-0.041403
-0.041412
-0.041422
-0.041432
-0.041442
-0.041451
-0.041461
-0.041471
-0.041480
-0.041490
-0.041500
-0.041509
-0.041519
-0.041528
-0.041538
-0.041547
-0.041557
-0.041566
-0.041576
-0.041585
-0.041595
-0.041604
-0.041614
-0.041623
-0.041633
-0.041642
-0.041651
-0.041661
-0.041670
-0.041679
-0.041689
-0.041698
-0.041707
-0.041717
-0.041726
-0.041735
-0.041744
-0.041754
-0.041763
-0.041772
-0.041781
-0.041790
-0.041800
-0.041809
-0.041818
-0.041827
-0.041836
-0.041845
-0.041854
-0.041863
-0.041872
-0.041881
-0.041890
-0.041899
-0.041908
-0.041917
-0.041926
-0.041935
-0.041944
-0.041953
-0.041962
-0.041971
-0.041980
-0.041989
-0.041998
-0.042006
-0.042015
-0.042024
-0.042033
-0.042042
-0.042050
-0.042059
-0.042068
-0.042077
-0.042085
-0.042094
-0.042103
-0.042112
-0.042120
-0.042129
-0.042138
-0.042146
-0.042155
-0.042163
-0.042172
-0.042181
-0.042189
-0.042198
-0.042206
-0.042215
-0.042223
-0.042232
-0.042240
-0.042249
-0.042257
-0.042266
-0.042274
-0.042283
-0.042291
-0.042300
-0.042308
-0.042317
-0.042325
-0.042333
-0.042342
-0.042350
-0.042358
-0.042367
-0.042375
-0.042383
-0.042392
-0.042400
-0.042408
-0.042416
-0.042425
-0.042433
-0.042441
-0.042449
-0.042458
-0.042466
-0.042474
-0.042482
-0.042490
-0.042498
-0.042507
-0.042515
-0.042523
-0.042531
-0.042539
-0.042547
-0.042555
-0.042563
-0.042571
-0.042579
-0.042587
-0.042595
-0.042603
-0.042611
-0.042619
-0.042627
-0.042635
-0.042643
-0.042651
-0.042659
-0.042667
-0.042675
-0.042683
-0.042691
-0.042699
-0.042706
-0.042714
-0.042722
-0.042730
-0.042738
-0.042746
-0.042753
-0.042761
-0.042769
-0.042777
-0.042785
-0.042792
-0.042800
-0.042808
-0.042815
-0.042823
-0.042831
-0.042839
-0.042846
-0.042854
-0.042862
-0.042869
-0.042877
-0.042885
-0.042892
-0.042900
-0.042907
-0.042915
-0.042923
-0.042930
-0.042938
-0.042945
-0.042953
-0.042960
-0.042968
-0.042975
-0.042983
-0.042990
-0.042998
-0.043005
-0.043013
-0.043020
-0.043028
-0.043035
-0.043043
-0.043050
-0.043057
-0.043065
-0.043072
-0.043080
-0.043087
-0.043094
-0.043102
-0.043109
-0.043116
-0.043124
-0.043131
-0.043138
-0.043146
-0.043153
-0.043160
-0.043167
-0.043175
-0.043182
-0.043189
-0.043196
-0.043204
-0.043211
-0.043218
-0.043225
-0.043232
-0.043240
-0.043247
-0.043254
-0.043261
-0.043268
-0.043275
-0.043283
-0.043290
-0.043297
-0.043304
-0.043311
-0.043318
-0.043325
-0.043332
-0.043339
-0.043346
-0.043353
-0.043360
-0.043367
-0.043374
-0.043381
-0.043388
-0.043395
-0.043402
-0.043409
-0.043416
-0.043423
-0.043430
-0.043437
-0.043444
-0.043451
-0.043458
-0.043465
-0.043472
-0.043479
-0.043486
-0.043492
-0.043499
-0.043506
-0.043513
-0.043520
-0.043527
-0.043533
-0.043540
-0.043547
-0.043554
-0.043561
-0.043568
-0.043574
-0.043581
-0.043588
-0.043595
-0.043601
-0.043608
-0.043615
-0.043622
-0.043628
-0.043635
-0.043642
-0.043648
-0.043655
-0.043662
-0.043668
-0.043675
-0.043682
-0.043688
-0.043695
-0.043702
-0.043708
-0.043715
-0.043721
-0.043728
-0.043735
-0.043741
-0.043748
-0.043754
-0.043761
-0.043767
-0.043774
-0.043781
-0.043787
-0.043794
-0.043800
-0.043807
-0.043813
-0.043820
-0.043826
-0.043833
-0.043839
-0.043846
-0.043852
-0.043858
-0.043865
-0.043871
-0.043878
-0.043884
-0.043891
-0.043897
-0.043903
-0.043910
-0.043916
-0.043923
-0.043929
-0.043935
-0.043942
-0.043948
-0.043954
-0.043961
-0.043967
-0.043973
-0.043980
-0.043986
-0.043992
-0.043999
-0.044005
-0.044011
-0.044017
-0.044024
-0.044030
-0.044036
-0.044043
-0.044049
-0.044055
-0.044061
-0.044067
-0.044074
-0.044080
-0.044086
-0.044092
-0.044098
-0.044105
-0.044111
-0.044117
-0.044123
-0.044129
-0.044135
-0.044142
-0.044148
-0.044154
-0.044160
-0.044166
-0.044172
-0.044178
-0.044184
-0.044190
-0.044197
-0.044203
-0.044209
-0.044215
-0.044221
-0.044227
-0.044233
-0.044239
-0.044245
-0.044251
-0.044257
-0.044263
-0.044269
-0.044275
-0.044281
-0.044287
-0.044293
-0.044299
-0.044305
-0.044311
-0.044317
-0.044323
-0.044329
-0.044335
-0.044341
-0.044347
-0.044353
-0.044358
-0.044364
-0.044370
-0.044376
-0.044382
-0.044388
-0.044394
-0.044400
-0.044406
-0.044411
-0.044417
-0.044423
-0.044429
-0.044435
-0.044441
-0.044446
-0.044452
-0.044458
-0.044464
-0.044470
-0.044475
-0.044481
-0.044487
-0.044493
-0.044499
-0.044504
-0.044510
-0.044516
-0.044522
-0.044527
-0.044533
-0.044539
-0.044545
-0.044550
-0.044556
-0.044562
-0.044567
-0.044573
-0.044579
-0.044584
-0.044590
-0.044596
-0.044601
-0.044607
-0.044613
-0.044618
-0.044624
-0.044630
-0.044635
-0.044641
-0.044647
-0.044652
-0.044658
-0.044663
-0.044669
-0.044675
-0.044680
-0.044686
-0.044691
-0.044697
-0.044703
-0.044708
-0.044714
-0.044719
-0.044725
-0.044730
-0.044736
-0.044741
-0.044747
-0.044752
-0.044758
-0.044763
-0.044769
-0.044774
-0.044780
-0.044785
-0.044791
-0.044796
-0.044802
-0.044807
-0.044813
-0.044818
-0.044824
-0.044829
-0.044835
-0.044840
-0.044845
-0.044851
-0.044856
-0.044862
-0.044867
-0.044872
-0.044878
-0.044883
-0.044889
-0.044894
-0.044899
-0.044905
-0.044910
-0.044916
-0.044921
-0.044926
-0.044932
-0.044937
-0.044942
-0.044948
-0.044953
-0.044958
-0.044964
-0.044969
-0.044974
-0.044979
-0.044985
-0.044990
-0.044995
-0.045001
-0.045006
-0.045011
-0.045016
-0.045022
-0.045027
-0.045032
-0.045037
-0.045043
-0.045048
-0.045053
-0.045058
-0.045064
-0.045069
-0.045074
-0.045079
-0.045084
-0.045090
-0.045095
-0.045100
-0.045105
-0.045110
-0.045116
-0.045121
-0.045126
-0.045131
-0.045136
-0.045141
-0.045147
-0.045152
-0.045157
-0.045162
-0.045167
-0.045172
-0.045177
-0.045182
-0.045188
-0.045193
-0.045198
-0.045203
-0.045208
-0.045213
-0.045218
-0.045223
-0.045228
-0.045233
-0.045238
-0.045244
-0.045249
-0.045254
-0.045259
-0.045264
-0.045269
-0.045274
-0.045279
-0.045284
-0.045289
-0.045294
-0.045299
-0.045304
-0.045309
-0.045314
-0.045319
-0.045324
-0.045329
-0.045334
-0.045339
-0.045344
-0.045349
-0.045354
-0.045359
-0.045364
-0.045369
-0.045374
-0.045378
-0.045383
-0.045388
-0.045393
-0.045398
-0.045403
-0.045408
-0.045413
-0.045418
-0.045423
-0.045428
-0.045433
-0.045437
-0.045442
-0.045447
-0.045452
-0.045457
-0.045462
-0.045467
-0.045472
-0.045476
-0.045481
-0.045486
-0.045491
-0.045496
-0.045501
-0.045505
-0.045510
-0.045515
-0.045520
-0.045525
-0.045529
-0.045534
-0.045539
-0.045544
-0.045549
-0.045553
-0.045558
-0.045563
-0.045568
-0.045573
-0.045577
-0.045582
-0.045587
-0.045592
-0.045596
-0.045601
-0.045606
-0.045611
-0.045615
-0.045620
-0.045625
-0.045630
-0.045634
-0.045639
-0.045644
-0.045648
-0.045653
-0.045658
-0.045662
-0.045667
-0.045672
-0.045677
-0.045681
-0.045686
-0.045691
-0.045695

