0.000000
0.000000
-0.000006
-0.000014
-0.000023
-0.000034
-0.000045
-0.000058
-0.000070
-0.000084
-0.000097
-0.000111
-0.000125
-0.000140
-0.000155
-0.000170
-0.000185
-0.000201
-0.000217
-0.000233
-0.000249
-0.000266
-0.000282
-0.000299
-0.000316
-0.000333
-0.000351
-0.000368
-0.000386
-0.000404
-0.000422
-0.000440
-0.000459
-0.000477
-0.000496
-0.000515
-0.000534
-0.000553
-0.000572
-0.000591
-0.000611
-0.000631
-0.000651
-0.000670
-0.000691
-0.000711
-0.000731
-0.000751
-0.000772
-0.000793
-0.000813
-0.000834
-0.000855
-0.000876
-0.000898
-0.000919
-0.000940
-0.000962
-0.000984
-0.001005
-0.001027
-0.001049
-0.001071
-0.001093
-0.001115
-0.001138
-0.001160
-0.001183
-0.001205
-0.001228
-0.001251
-0.001273
-0.001296
-0.001319
-0.001342
-0.001366
-0.001389
-0.001412
-0.001435
-0.001459
-0.001482
-0.001506
-0.001530
-0.001553
-0.001577
-0.001601
-0.001625
-0.001649
-0.001673
-0.001697
-0.001722
-0.001746
-0.001770
-0.001795
-0.001819
-0.001844
-0.001868
-0.001893
-0.001918
-0.001942
-0.001967
-0.001992
-0.002017
-0.002042
-0.002067
-0.002092
-0.002118
-0.002143
-0.002168
-0.002193
-0.002219
-0.002244
-0.002270
-0.002295
-0.002321
-0.002346
-0.002372
-0.002398
-0.002424
-0.002449
-0.002475
-0.002501
-0.002527
-0.002553
-0.002579
-0.002605
-0.002631
-0.002658
-0.002684
-0.002710
-0.002736
-0.002763
-0.002789
-0.002815
-0.002842
-0.002868
-0.002895
-0.002921
-0.002948
-0.002975
-0.003001
-0.003028
-0.003055
-0.003082
-0.003108
-0.003135
-0.003162
-0.003189
-0.003216
-0.003243
-0.003270
-0.003297
-0.003324
-0.003351
-0.003379
-0.003406
-0.003433
-0.003460
-0.003487
-0.003515
-0.003542
-0.003569
-0.003597
-0.003624
-0.003652
-0.003679
-0.003707
-0.003734
-0.003762
-0.003789
-0.003817
-0.003845
-0.003872
-0.003900
-0.003928
-0.003955
-0.003983
-0.004011
-0.004039
-0.004067
-0.004094
-0.004122
-0.004150
-0.004178
-0.004206
-0.004234
-0.004262
-0.004290
-0.004318
-0.004346
-0.004374
-0.004402
-0.004430
-0.004459
-0.004487
-0.004515
-0.004543
-0.004571
-0.004599
-0.004628
-0.004656
-0.004684
-0.004713
-0.004741
-0.004769
-0.004798
-0.004826
-0.004854
-0.004883
-0.004911
-0.004940
-0.004968
-0.004997
-0.005025
-0.005054
-0.005082
-0.005111
-0.005139
-0.005168
-0.005197
-0.005225
-0.005254
-0.005282
-0.005311
-0.005340
-0.005368
-0.005397
-0.005426
-0.005455
-0.005483
-0.005512
-0.005541
-0.005570
-0.005598
-0.005627
-0.005656
-0.005685
-0.005714
-0.005743
-0.005771
-0.005800
-0.005829
-0.005858
-0.005887
-0.005916
-0.005945
-0.005974
-0.006003
-0.006032
-0.006061
-0.006090
-0.006119
-0.006148
-0.006177
-0.006206
-0.006235
-0.006264
-0.006293
-0.006322
-0.006351
-0.006380
-0.006409
-0.006438
-0.006467
-0.006496
-0.006525
-0.006555
-0.006584
-0.006613
-0.006642
-0.006671
-0.006700
-0.006729
-0.006759
-0.006788
-0.006817
-0.006846
-0.006875
-0.006905
-0.006934
-0.006963
-0.006992
-0.007022
-0.007051
-0.007080
-0.007109
-0.007139
-0.007168
-0.007197
-0.007226
-0.007256
-0.007285
-0.007314
-0.007344
-0.007373
-0.007402
-0.007432
-0.007461
-0.007490
-0.007520
-0.007549
-0.007578
-0.007608
-0.007637
-0.007666
-0.007696
-0.007725
-0.007754
-0.007784
-0.007813
-0.007842
-0.007872
-0.007901
-0.007931
-0.007960
-0.007989
-0.008019
-0.008048
-0.008078
-0.008107
-0.008136
-0.008166
-0.008195
-0.008225
-0.008254
-0.008283
-0.008313
-0.008342
-0.008372
-0.008401
-0.008431
-0.008460
-0.008489
-0.008519
-0.008548
-0.008578
-0.008607
-0.008637
-0.008666
-0.008695
-0.008725
-0.008754
-0.008784
-0.008813
-0.008843
-0.008872
-0.008902
-0.008931
-0.008960
-0.008990
-0.009019
-0.009049
-0.009078
-0.009108
-0.009137
-0.009167
-0.009196
-0.009225
-0.009255
-0.009284
-0.009314
-0.009343
-0.009373
-0.009402
-0.009432
-0.009461
-0.009490
-0.009520
-0.009549
-0.009579
-0.009608
-0.009638
-0.009667
-0.009696
-0.009726
-0.009755
-0.009785
-0.009814
-0.009844
-0.009873
-0.009902
-0.009932
-0.009961
-0.009991
-0.010020
-0.010050
-0.010079
-0.010108
-0.010138
-0.010167
-0.010197
-0.010226
-0.010255
-0.010285
-0.010314
-0.010344
-0.010373
-0.010402
-0.010432
-0.010461
-0.010490
-0.010520
-0.010549
-0.010579
-0.010608
-0.010637
-0.010667
-0.010696
-0.010725
-0.010755
-0.010784
-0.010813
-0.010843
-0.010872
-0.010901
-0.010931
-0.010960
-0.010989
-0.011019
-0.011048
-0.011077
-0.011107
-0.011136
-0.011165
-0.011195
-0.011224
-0.011253
-0.011282
-0.011312
-0.011341
-0.011370
-0.011400
-0.011429
-0.011458
-0.011487
-0.011517
-0.011546
-0.011575
-0.011604
-0.011634
-0.011663
-0.011692
-0.011721
-0.011750
-0.011780
-0.011809
-0.011838
-0.011867
-0.011896
-0.011926
-0.011955
-0.011984
-0.012013
-0.012042
-0.012071
-0.012101
-0.012130
-0.012159
-0.012188
-0.012217
-0.012246
-0.012275
-0.012304
-0.012334
-0.012363
-0.012392
-0.012421
-0.012450
-0.012479
-0.012508
-0.012537
-0.012566
-0.012595
-0.012624
-0.012653
-0.012682
-0.012711
-0.012740
-0.012769
-0.012798
-0.012827
-0.012856
-0.012885
-0.012914
-0.012943
-0.012972
-0.013001
-0.013030
-0.013059
-0.013088
-0.013117
-0.013146
-0.013175
-0.013204
-0.013233
-0.013262
-0.013291
-0.013320
-0.013348
-0.013377
-0.013406
-0.013435
-0.013464
-0.013493
-0.013522
-0.013551
-0.013579
-0.013608
-0.013637
-0.013666
-0.013695
-0.013723
-0.013752
-0.013781
-0.013810
-0.013839
-0.013867
-0.013896
-0.013925
-0.013954
-0.013982
-0.014011
-0.014040
-0.014068
-0.014097
-0.014126
-0.014155
-0.014183
-0.014212
-0.014241
-0.014269
-0.014298
-0.014326
-0.014355
-0.014384
-0.014412
-0.014441
-0.014470
-0.014498
-0.014527
-0.014555
-0.014584
-0.014612
-0.014641
-0.014670
-0.014698
-0.014727
-0.014755
-0.014784
-0.014812
-0.014841
-0.014869
-0.014898
-0.014926
-0.014955
-0.014983
-0.015011
-0.015040
-0.015068
-0.015097
-0.015125
-0.015154
-0.015182
-0.015210
-0.015239
-0.015267
-0.015295
-0.015324
-0.015352
-0.015380
-0.015409
-0.015437
-0.015465
-0.015494
-0.015522
-0.015550
-0.015579
-0.015607
-0.015635
-0.015663
-0.015692
-0.015720
-0.015748
-0.015776
-0.015804
-0.015833
-0.015861
-0.015889
-0.015917
-0.015945
-0.015974
-0.016002
-0.016030
-0.016058
-0.016086
-0.016114
-0.016142
-0.016170
-0.016198
-0.016226
-0.016255
-0.016283
-0.016311
-0.016339
-0.016367
-0.016395
-0.016423
-0.016451
-0.016479
-0.016507
-0.016535
-0.016563
-0.016590
-0.016618
-0.016646
-0.016674
-0.016702
-0.016730
-0.016758
-0.016786
-0.016814
-0.016842
-0.016869
-0.016897
-0.016925
-0.016953
-0.016981
-0.017009
-0.017036
-0.017064
-0.017092
-0.017120
-0.017147
-0.017175
-0.017203
-0.017231
-0.017258
-0.017286
-0.017314
-0.017341
-0.017369
-0.017397
-0.017424
-0.017452
-0.017480
-0.017507
-0.017535
-0.017563
-0.017590
-0.017618
-0.017645
-0.017673
-0.017700
-0.017728
-0.017756
-0.017783
-0.017811
-0.017838
-0.017866
-0.017893
-0.017921
-0.017948
-0.017975
-0.018003
-0.018030
-0.018058
-0.018085
-0.018113
-0.018140
-0.018167
-0.018195
-0.018222
-0.018249
-0.018277
-0.018304
-0.018331
-0.018359
-0.018386
-0.018413
-0.018441
-0.018468
-0.018495
-0.018522
-0.018550
-0.018577
-0.018604
-0.018631
-0.018658
-0.018686
-0.018713
-0.018740
-0.018767
-0.018794
-0.018821
-0.018849
-0.018876
-0.018903
-0.018930
-0.018957
-0.018984
-0.019011
-0.019038
-0.019065
-0.019092
-0.019119
-0.019146
-0.019173
-0.019200
-0.019227
-0.019254
-0.019281
-0.019308
-0.019335
-0.019362
-0.019389
-0.019416
-0.019443
-0.019469
-0.019496
-0.019523
-0.019550
-0.019577
-0.019604
-0.019631
-0.019657
-0.019684
-0.019711
-0.019738
-0.019764
-0.019791
-0.019818
-0.019845
-0.019871
-0.019898
-0.019925
-0.019951
-0.019978
-0.020005
-0.020031
-0.020058
-0.020085
-0.020111
-0.020138
-0.020165
-0.020191
-0.020218
-0.020244
-0.020271
-0.020297
-0.020324
-0.020350
-0.020377
-0.020403
-0.020430
-0.020456
-0.020483
-0.020509
-0.020536
-0.020562
-0.020589
-0.020615
-0.020641
-0.020668
-0.020694
-0.020721
-0.020747
-0.020773
-0.020800
-0.020826
-0.020852
-0.020879
-0.020905
-0.020931
-0.020957
-0.020984
-0.021010
-0.021036
-0.021062
-0.021089
-0.021115
-0.021141
-0.021167
-0.021193
-0.021219
-0.021246
-0.021272
-0.021298
-0.021324
-0.021350
-0.021376
-0.021402
-0.021428
-0.021454
-0.021480
-0.021506
-0.021532
-0.021558
-0.021584
-0.021610
-0.021636
-0.021662
-0.021688
-0.021714
-0.021740
-0.021766
-0.021792
-0.021818
-0.021844
-0.021870
-0.021895
-0.021921
-0.021947
-0.021973
-0.021999
-0.022025
-0.022050
-0.022076
-0.022102
-0.022128
-0.022153
-0.022179
-0.022205
-0.022231
-0.022256
-0.022282
-0.022308
-0.022333
-0.022359
-0.022385
-0.022410
-0.022436
-0.022462
-0.022487
-0.022513
-0.022538
-0.022564
-0.022589
-0.022615
-0.022641
-0.022666
-0.022692
-0.022717
-0.022743
-0.022768
-0.022794
-0.022819
-0.022844
-0.022870
-0.022895
-0.022921
-0.022946
-0.022971
-0.022997
-0.023022
-0.023048
-0.023073
-0.023098
-0.023124
-0.023149
-0.023174
-0.023199
-0.023225
-0.023250
-0.023275
-0.023300
-0.023326
-0.023351
-0.023376
-0.023401
-0.023426
-0.023452
-0.023477
-0.023502
-0.023527
-0.023552
-0.023577
-0.023602
-0.023627
-0.023653
-0.023678
-0.023703
-0.023728
-0.023753
-0.023778
-0.023803
-0.023828
-0.023853
-0.023878
-0.023903
-0.023928
-0.023953
-0.023977
-0.024002
-0.024027
-0.024052
-0.024077
-0.024102
-0.024127
-0.024152
-0.024176
-0.024201
-0.024226
-0.024251
-0.024276
-0.024300
-0.024325
-0.024350
-0.024375
-0.024399
-0.024424
-0.024449
-0.024474
-0.024498
-0.024523
-0.024548
-0.024572
-0.024597
-0.024622
-0.024646
-0.024671
-0.024695
-0.024720
-0.024745
-0.024769
-0.024794
-0.024818
-0.024843
-0.024867
-0.024892
-0.024916
-0.024941
-0.024965
-0.024990
-0.025014
-0.025038
-0.025063
-0.025087
-0.025112
-0.025136
-0.025160
-0.025185
-0.025209
-0.025233
-0.025258
-0.025282
-0.025306
-0.025331
-0.025355
-0.025379
-0.025404
-0.025428
-0.025452
-0.025476
-0.025500
-0.025525
-0.025549
-0.025573
-0.025597
-0.025621
-0.025645
-0.025670
-0.025694
-0.025718
-0.025742
-0.025766
-0.025790
-0.025814
-0.025838
-0.025862
-0.025886
-0.025910
-0.025934
-0.025958
-0.025982
-0.026006
-0.026030
-0.026054
-0.026078
-0.026102
-0.026126
-0.026150
-0.026174
-0.026198
-0.026221
-0.026245
-0.026269
-0.026293
-0.026317
-0.026341
-0.026364
-0.026388
-0.026412
-0.026436
-0.026460
-0.026483
-0.026507
-0.026531
-0.026554
-0.026578
-0.026602
-0.026625
-0.026649
-0.026673
-0.026696
-0.026720
-0.026744
-0.026767
-0.026791
-0.026814
-0.026838
-0.026862
-0.026885
-0.026909
-0.026932
-0.026956
-0.026979
-0.027003
-0.027026
-0.027050
-0.027073
-0.027096
-0.027120
-0.027143
-0.027167
-0.027190
-0.027214
-0.027237
-0.027260
-0.027284
-0.027307
-0.027330
-0.027354
-0.027377
-0.027400
-0.027423
-0.027447
-0.027470
-0.027493
-0.027516
-0.027540
-0.027563
-0.027586
-0.027609
-0.027632
-0.027656
-0.027679
-0.027702
-0.027725
-0.027748
-0.027771
-0.027794
-0.027818
-0.027841
-0.027864
-0.027887
-0.027910
-0.027933
-0.027956
-0.027979
-0.028002
-0.028025
-0.028048
-0.028071
-0.028094
-0.028117
-0.028140
-0.028162
-0.028185
-0.028208
-0.028231
-0.028254
-0.028277
-0.028300
-0.028323
-0.028345
-0.028368
-0.028391
-0.028414
-0.028437
-0.028459
-0.028482
-0.028505
-0.028528
-0.028550
-0.028573
-0.028596
-0.028618
-0.028641
-0.028664
-0.028686
-0.028709
-0.028732
-0.028754
-0.028777
-0.028799
-0.028822
-0.028845
-0.028867
-0.028890
-0.028912
-0.028935
-0.028957
-0.028980
-0.029002
-0.029025
-0.029047
-0.029070
-0.029092
-0.029115
-0.029137
-0.029160
-0.029182
-0.029204
-0.029227
-0.029249
-0.029271
-0.029294
-0.029316
-0.029338
-0.029361
-0.029383
-0.029405
-0.029428
-0.029450
-0.029472
-0.029494
-0.029517
-0.029539
-0.029561
-0.029583
-0.029606
-0.029628
-0.029650
-0.029672
-0.029694
-0.029716
-0.029738
-0.029761
-0.029783
-0.029805
-0.029827
-0.029849
-0.029871
-0.029893
-0.029915
-0.029937
-0.029959
-0.029981
-0.030003
-0.030025
-0.030047
-0.030069
-0.030091
-0.030113
-0.030135
-0.030157
-0.030179
-0.030200
-0.030222
-0.030244
-0.030266
-0.030288
-0.030310
-0.030332
-0.030353
-0.030375
-0.030397
-0.030419
-0.030441
-0.030462
-0.030484
-0.030506
-0.030528
-0.030549
-0.030571
-0.030593
-0.030614
-0.030636
-0.030658
-0.030679
-0.030701
-0.030723
-0.030744
-0.030766
-0.030787
-0.030809
-0.030830
-0.030852
-0.030874
-0.030895
-0.030917
-0.030938
-0.030960
-0.030981
-0.031003
-0.031024
-0.031046
-0.031067
-0.031088
-0.031110
-0.031131
-0.031153
-0.031174
-0.031195
-0.031217
-0.031238
-0.031260
-0.031281
-0.031302
-0.031324
-0.031345
-0.031366
-0.031387
-0.031409
-0.031430
-0.031451
-0.031472
-0.031494
-0.031515
-0.031536
-0.031557
-0.031578
-0.031600
-0.031621
-0.031642
-0.031663
-0.031684
-0.031705
-0.031726
-0.031748
-0.031769
-0.031790
-0.031811
-0.031832
-0.031853
-0.031874
-0.031895
-0.031916
-0.031937
-0.031958
-0.031979
-0.032000
-0.032021
-0.032042
-0.032063
-0.032084
-0.032104
-0.032125
-0.032146
-0.032167
-0.032188
-0.032209
-0.032230
-0.032251
-0.032271
-0.032292
-0.032313
-0.032334
-0.032355
-0.032375
-0.032396
-0.032417
-0.032438
-0.032458
-0.032479
-0.032500
-0.032520
-0.032541
-0.032562
-0.032582
-0.032603
-0.032624
-0.032644
-0.032665
-0.032686
-0.032706
-0.032727
-0.032747
-0.032768
-0.032788
-0.032809
-0.032830
-0.032850
-0.032871
-0.032891
-0.032912
-0.032932
-0.032953
-0.032973
-0.032993
-0.033014
-0.033034
-0.033055
-0.033075
-0.033095
-0.033116
-0.033136
-0.033157
-0.033177
-0.033197
-0.033218
-0.033238
-0.033258
-0.033279
-0.033299
-0.033319
-0.033339
-0.033360
-0.033380
-0.033400
-0.033420
-0.033441
-0.033461
-0.033481
-0.033501
-0.033521
-0.033541
-0.033562
-0.033582
-0.033602
-0.033622
-0.033642
-0.033662
-0.033682
-0.033702
-0.033722
-0.033742
-0.033762
-0.033783
-0.033803
-0.033823
-0.033843
-0.033863
-0.033883
-0.033902
-0.033922
-0.033942
-0.033962
-0.033982
-0.034002
-0.034022
-0.034042
-0.034062
-0.034082
-0.034102
-0.034121
-0.034141
-0.034161
-0.034181
-0.034201
-0.034221
-0.034240
-0.034260
-0.034280
-0.034300
-0.034319
-0.034339
-0.034359
-0.034379
-0.034398
-0.034418
-0.034438
-0.034457
-0.034477
-0.034497
-0.034516
-0.034536
-0.034556
-0.034575
-0.034595
-0.034614
-0.034634
-0.034654
-0.034673
-0.034693
-0.034712
-0.034732
-0.034751
-0.034771
-0.034790
-0.034810
-0.034829
-0.034849
-0.034868
-0.034888
-0.034907
-0.034926
-0.034946
-0.034965
-0.034985
-0.035004
-0.035023
-0.035043
-0.035062
-0.035081
-0.035101
-0.035120
-0.035139
-0.035159
-0.035178
-0.035197
-0.035217
-0.035236
-0.035255
-0.035274
-0.035294
-0.035313
-0.035332
-0.035351
-0.035370
-0.035390
-0.035409
-0.035428
-0.035447
-0.035466
-0.035485
-0.035504
-0.035523
-0.035543
-0.035562
-0.035581
-0.035600
-0.035619
-0.035638
-0.035657
-0.035676
-0.035695
-0.035714
-0.035733
-0.035752
-0.035771
-0.035790
-0.035809
-0.035828
-0.035847
-0.035866
-0.035885
-0.035903
-0.035922
-0.035941
-0.035960
-0.035979
-0.035998
-0.036017
-0.036035
-0.036054
-0.036073
-0.036092
-0.036111
-0.036130
-0.036148
-0.036167
-0.036186
-0.036205
-0.036223
-0.036242
-0.036261
-0.036279
-0.036298
-0.036317
-0.036335
-0.036354
-0.036373
-0.036391
-0.036410
-0.036429
-0.036447
-0.036466
-0.036484
-0.036503
-0.036522
-0.036540
-0.036559
-0.036577
-0.036596
-0.036614
-0.036633
-0.036651
-0.036670
-0.036688
-0.036707
-0.036725
-0.036744
-0.036762
-0.036781
-0.036799
-0.036817
-0.036836
-0.036854
-0.036873
-0.036891
-0.036909
-0.036928
-0.036946
-0.036964
-0.036983
-0.037001
-0.037019
-0.037037
-0.037056
-0.037074
-0.037092
-0.037111
-0.037129
-0.037147
-0.037165
-0.037183
-0.037202
-0.037220
-0.037238
-0.037256
-0.037274
-0.037293
-0.037311
-0.037329
-0.037347
-0.037365
-0.037383
-0.037401
-0.037419
-0.037437
-0.037455
-0.037474
-0.037492
-0.037510
-0.037528
-0.037546
-0.037564
-0.037582
-0.037600
-0.037618
-0.037636
-0.037654
-0.037671
-0.037689
-0.037707
-0.037725
-0.037743
-0.037761
-0.037779
-0.037797
-0.037815
-0.037833
-0.037850
-0.037868
-0.037886
-0.037904
-0.037922
-0.037939
-0.037957
-0.037975
-0.037993
-0.038011
-0.038028
-0.038046
-0.038064
-0.038082
-0.038099
-0.038117
-0.038135
-0.038152
-0.038170
-0.038188
-0.038205
-0.038223
-0.038241
-0.038258
-0.038276
-0.038293
-0.038311
-0.038329
-0.038346
-0.038364
-0.038381
-0.038399
-0.038416
-0.038434
-0.038452
-0.038469
-0.038487
-0.038504
-0.038521
-0.038539
-0.038556
-0.038574
-0.038591
-0.038609
-0.038626
-0.038644
-0.038661
-0.038678
-0.038696
-0.038713
-0.038731
-0.038748
-0.038765
-0.038783
-0.038800
-0.038817
-0.038835
-0.038852
-0.038869
-0.038886
-0.038904
-0.038921
-0.038938
-0.038955
-0.038973
-0.038990
-0.039007
-0.039024
-0.039042
-0.039059
-0.039076
-0.039093
-0.039110
-0.039127
-0.039145
-0.039162
-0.039179
-0.039196
-0.039213
-0.039230
-0.039247
-0.039264
-0.039281
-0.039298
-0.039315
-0.039332
-0.039349
-0.039367
-0.039384
-0.039401
-0.039418
-0.039434
-0.039451
-0.039468
-0.039485
-0.039502
-0.039519
-0.039536
-0.039553
-0.039570
-0.039587
-0.039604
-0.039621
-0.039638
-0.039654
-0.039671
-0.039688
-0.039705
-0.039722
-0.039739
-0.039755
-0.039772
-0.039789
-0.039806
-0.039822
-0.039839
-0.039856
-0.039873
-0.039889
-0.039906
-0.039923
-0.039940
-0.039956
-0.039973
-0.039990
-0.040006
-0.040023
-0.040040
-0.040056
-0.040073
-0.040089
-0.040106
-0.040123
-0.040139
-0.040156
-0.040172
-0.040189
-0.040206
-0.040222
-0.040239
-0.040255
-0.040272
-0.040288
-0.040305
-0.040321
-0.040338
-0.040354
-0.040371
-0.040387
-0.040403
-0.040420
-0.040436
-0.040453
-0.040469
-0.040486
-0.040502
-0.040518
-0.040535
-0.040551
-0.040567
-0.040584
-0.040600
-0.040616
-0.040633
-0.040649
-0.040665
-0.040682
-0.040698
-0.040714
-0.040730
-0.040747
-0.040763
-0.040779
-0.040795
-0.040812
-0.040828
-0.040844
-0.040860
-0.040876
-0.040893
-0.040909
-0.040925
-0.040941
-0.040957
-0.040973
-0.040989
-0.041006
-0.041022
-0.041038
-0.041054
-0.041070
-0.041086
-0.041102
-0.041118
-0.041134
-0.041150
-0.041166
-0.041182
-0.041198
-0.041214
-0.041230
-0.041246
-0.041262
-0.041278
-0.041294
-0.041310
-0.041326
-0.041342
-0.041358
-0.041374
-0.041390
-0.041405
-0.041421
-0.041437
-0.041453
-0.041469
-0.041485
-0.041501
-0.041516
-0.041532
-0.041548
-0.041564
-0.041580
-0.041595
-0.041611
-0.041627
-0.041643
-0.041658
-0.041674
-0.041690
-0.041706
-0.041721
-0.041737
-0.041753
-0.041768
-0.041784
-0.041800
-0.041815
-0.041831
-0.041847
-0.041862
-0.041878
-0.041894
-0.041909
-0.041925
-0.041940
-0.041956
-0.041971
-0.041987
-0.042003
-0.042018
-0.042034
-0.042049
-0.042065
-0.042080
-0.042096
-0.042111
-0.042127
-0.042142
-0.042158
-0.042173
-0.042188
-0.042204
-0.042219
-0.042235
-0.042250
-0.042266
-0.042281
-0.042296
-0.042312
-0.042327
-0.042342
-0.042358
-0.042373
-0.042389
-0.042404
-0.042419
-0.042434
-0.042450
-0.042465
-0.042480
-0.042496
-0.042511
-0.042526
-0.042541
-0.042557
-0.042572
-0.042587
-0.042602
-0.042618
-0.042633
-0.042648
-0.042663
-0.042678
-0.042693
-0.042709
-0.042724
-0.042739
-0.042754
-0.042769
-0.042784
-0.042799
-0.042814
-0.042829
-0.042845
-0.042860
-0.042875
-0.042890
-0.042905
-0.042920
-0.042935
-0.042950
-0.042965
-0.042980
-0.042995
-0.043010
-0.043025
-0.043040
-0.043055
-0.043070
-0.043085
-0.043100
-0.043115
-0.043129
-0.043144
-0.043159
-0.043174
-0.043189
-0.043204
-0.043219
-0.043234
-0.043248
-0.043263
-0.043278
-0.043293
-0.043308
-0.043323
-0.043337
-0.043352
-0.043367
-0.043382
-0.043396
-0.043411
-0.043426
-0.043441
-0.043455
-0.043470
-0.043485
-0.043500
-0.043514
-0.043529
-0.043544
-0.043558
-0.043573
-0.043588
-0.043602
-0.043617
-0.043632
-0.043646
-0.043661
-0.043675
-0.043690
-0.043705
-0.043719
-0.043734
-0.043748
-0.043763
-0.043777
-0.043792
-0.043807
-0.043821
-0.043836
-0.043850
-0.043865
-0.043879
-0.043894
-0.043908
-0.043923
-0.043937
-0.043951
-0.043966
-0.043980
-0.043995
-0.044009
-0.044024
-0.044038
-0.044052
-0.044067
-0.044081
-0.044095
-0.044110
-0.044124
-0.044139
-0.044153
-0.044167
-0.044182
-0.044196
-0.044210
-0.044224
-0.044239
-0.044253
-0.044267
-0.044282
-0.044296
-0.044310
-0.044324
-0.044338
-0.044353
-0.044367
-0.044381
-0.044395
-0.044409
-0.044424
-0.044438
-0.044452
-0.044466
-0.044480
-0.044494
-0.044509
-0.044523
-0.044537
-0.044551
-0.044565
-0.044579
-0.044593
-0.044607
-0.044621
-0.044635
-0.044649
-0.044664
-0.044678
-0.044692
-0.044706
-0.044720
-0.044734
-0.044748
-0.044762
-0.044776
-0.044790
-0.044804
-0.044817
-0.044831
-0.044845
-0.044859
-0.044873
-0.044887
-0.044901
-0.044915
-0.044929
-0.044943
-0.044957
-0.044970
-0.044984
-0.044998
-0.045012
-0.045026
-0.045040
-0.045053
-0.045067
-0.044767
-0.043558
-0.040758
-0.035970
-0.029130
-0.020394
-0.010028
0.001674
0.014424
0.027960
0.042051
0.056497
0.071131
0.085813
0.100428
0.114887
0.129116
0.143060
0.156677
0.169935
0.182812
0.195292
0.207367
0.219033
0.230289
0.241140
0.251589
0.261644
0.271313
0.280607
0.289536
0.298110
0.306341
0.314239
0.321817
0.329086
0.336056
0.342738
0.349144
0.355283
0.361165
0.366800
0.372197
0.377366
0.382314
0.387051
0.391583
0.395919
0.400066
0.404032
0.408118
0.412902
0.419043
0.426940
0.436671
0.448098
0.460979
0.475036
0.489998
0.505617
0.521675
0.537982
0.554377
0.570727
0.586924
0.602881
0.618532
0.633822
0.648714
0.663177
0.677192
0.690746
0.703833
0.716449
0.728597
0.740281
0.751508
0.762286
0.772626
0.782537
0.792032
0.801123
0.809822
0.818141
0.826094
0.833691
0.840946
0.847870
0.854476
0.860773
0.866774
0.872488
0.877927
0.883100
0.888016
0.892686
0.897117
0.901318
0.905298
0.909063
0.913211
0.918859
0.927280
0.939231
0.954861
0.973906
0.995908
1.020341
1.046694
1.074494
1.103322
1.132806
1.162628
1.192523
1.222271
1.251695
1.280656
1.309042
1.336770
1.363775
1.390014
1.415454
1.440077
1.463872
1.486838
1.508978
1.530303
1.550823
1.570555
1.589517
1.607727
1.625206
1.641974
1.658054
1.673466
1.688232
1.702372
1.715909
1.728862
1.741250
1.753094
1.764412
1.775222
1.785542
1.795388
1.804777
1.813725
1.822246
1.830355
1.838066
1.845946
1.855068
1.866662
1.881492
1.899748
1.921225
1.945519
1.972158
2.000667
2.030610
2.061586
2.093237
2.125251
2.157359
2.189336
2.220998
2.252192
2.282798
2.312718
2.341880
2.370229
2.397723
2.424337
2.450056
2.474870
2.498782
2.521797
2.543924
2.565179
2.585578
2.605140
2.623884
2.641833
2.659008
2.675432
2.691128
2.706116
2.720421
2.734064
2.747066
2.759449
2.771234
2.782440
2.793086
2.803193
2.812777
2.821858
2.830450
2.838572
2.846239
2.853741
2.861631
2.870555
2.880936
2.892911
2.906410
2.921255
2.937220
2.954072
2.971589
2.989563
3.007805
3.026145
3.044441
3.062568
3.080426
3.097934
3.115025
3.131648
3.147763
3.163341
3.178362
3.192810
3.206678
3.219964
3.232667
3.244792
3.256345
3.267336
3.277773
3.287669
3.297036
3.305888
3.314237
3.322097
3.329483
3.336408
3.342887
3.348933
3.354560
3.359780
3.364608
3.369055
3.373135
3.376858
3.380238
3.383284
3.386008
3.388420
3.390531
3.392625
3.395254
3.399070
3.404508
3.411713
3.420622
3.431053
3.442776
3.455552
3.469150
3.483355
3.497968
3.512813
3.527736
3.542608
3.557319
3.571780
3.585920
3.599679
3.613013
3.625887
3.638275
3.650159
3.661526
3.672370
3.682688
3.692481
3.701752
3.710508
3.718755
3.726505
3.733766
3.740550
3.746869
3.752736
3.758162
3.763160
3.767744
3.771925
3.775717
3.779132
3.782181
3.784877
3.787231
3.789255
3.790959
3.792355
3.793452
3.794261
3.794790
3.795050
3.795049
3.794796
3.794300
3.793568
3.792607
3.791427
3.790033
3.788433
3.786633
3.784640
3.782460
3.780099
3.777562
3.774857
3.771986
3.768957
3.765774
3.762442
3.758965
3.755349
3.751596
3.747713
3.743702
3.739568
3.735314
3.730944
3.726463
3.721872
3.717177
3.712379
3.707482
3.702489
3.697403
3.692227
3.686964
3.681617
3.676187
3.670678
3.665092
3.659431
3.653698
3.647894
3.642023
3.636087
3.630086
3.624024
3.617902
3.611722
3.605486
3.599196
3.592854
3.586460
3.580017
3.573527
3.566990
3.560409
3.553785
3.547118
3.540412
3.533666
3.526883
3.520063
3.513208
3.506319
3.499397
3.492443
3.485458
3.478444
3.471402
3.464332
3.457235
3.450112
3.442965
3.435795
3.428601
3.421386
3.414149
3.406892
3.399615
3.392320
3.385006
3.377675
3.370328
3.362965
3.355587
3.348194
3.340787
3.333367
3.325934
3.318490
3.311034
3.303567
3.296089
3.288602
3.281106
3.273601
3.266087
3.258566
3.251038
3.243502
3.235961
3.228413
3.220860
3.213302
3.205739
3.198171
3.190600
3.183026
3.175448
3.167867
3.160285
3.152699
3.145113
3.137524
3.129935
3.122345
3.114754
3.107164
3.099573
3.091983
3.084393
3.076804
3.069217
3.061631
3.054047
3.046464
3.038884
3.031307
3.023732
3.016159
3.008590
3.001025
2.993463
2.985904
2.978350
2.970799
2.963253
2.955712
2.948175
2.940643
2.933116
2.925595
2.918079
2.910568
2.903063
2.895564
2.888071
2.880584
2.873104
2.865629
2.858162
2.850701
2.843247
2.835801
2.828361
2.820928
2.813503
2.806086
2.798676
2.791273
2.783879
2.776493
2.769114
2.761744
2.754382
2.747029
2.739684
2.732347
2.725019
2.717700
2.710390
2.703089
2.695796
2.688513
2.681239
2.673975
2.666719
2.659473
2.652237
2.645010
2.637793
2.630586
2.623388
2.616200
2.609023
2.601855
2.594697
2.587549
2.580412
2.573285
2.566168
2.559062
2.551965
2.544880
2.537805
2.530740
2.523687
2.516644
2.509611
2.502590
2.495579
2.488579
2.481590
2.474612
2.467645
2.460689
2.453745
2.446811
2.439889
2.432978
2.426078
2.419189
2.412312
2.405446
2.398592
2.391748
2.384917
2.378097
2.371288
2.364492
2.357706
2.350933
2.344171
2.337420
2.330682
2.323955
2.317240
2.310537
2.303845
2.297166
2.290498
2.283842
2.277198
2.270567
2.263947
2.257339
2.250743
2.244159
2.237587
2.231027
2.224479
2.217944
2.211420
2.204909
2.198410
2.191923
2.185448
2.178985
2.172535
2.166097
2.159671
2.153257
2.146856
2.140467
2.134090
2.127725
2.121373
2.115033
2.108706
2.102390
2.096088
2.089797
2.083519
2.077253
2.071000
2.064759
2.058531
2.052315
2.046111
2.039920
2.033741
2.027575
2.021421
2.015279
2.009150
2.003034
1.996930
1.990838
1.984759
1.978692
1.972638
1.966596
1.960567
1.954550
1.948546
1.942554
1.936575
1.930608
1.924654
1.918712
1.912783
1.906866
1.900962
1.895070
1.889191
1.883324
1.877470
1.871628
1.865799
1.859982
1.854177
1.848385
1.842606
1.836839
1.831084
1.825342
1.819613
1.813896
1.808191
1.802499
1.796819
1.791152
1.785497
1.779855
1.774225
1.768607
1.763002
1.757409
1.751829
1.746261
1.740705
1.735162
1.729632
1.724113
1.718607
1.713113
1.707632
1.702163
1.696707
1.691262
1.685830
1.680411
1.675004
1.669609
1.664226
1.658855
1.653497
1.648151
1.642818
1.637496
1.632187
1.626890
1.621606
1.616333
1.611073
1.605825
1.600589
1.595365
1.590153
1.584954
1.579767
1.574591
1.569428
1.564277
1.559139
1.554012
1.548897
1.543795
1.538704
1.533625
1.528559
1.523504
1.518462
1.513431
1.508413
1.503406
1.498411
1.493429
1.488458
1.483499
1.478552
1.473617
1.468694
1.463783
1.458883
1.453996
1.449120
1.444256
1.439404
1.434563
1.429735
1.424918
1.420113
1.415319
1.410538
1.405768
1.401009
1.396263
1.391528
1.386804
1.382093
1.377393
1.372704
1.368027
1.363362
1.358708
1.354066
1.349435
1.344816
1.340208
1.335612
1.331027
1.326454
1.321892
1.317341
1.312802
1.308275
1.303758
1.299253
1.294760
1.290277
1.285806
1.281347
1.276898
1.272461
1.268035
1.263620
1.259217
1.254825
1.250443
1.246074
1.241715
1.237367
1.233030
1.228705
1.224391
1.220087
1.215795
1.211514
1.207243
1.202984
1.198736
1.194499
1.190272
1.186057
1.181852
1.177659
1.173476
1.169304
1.165143
1.160993
1.156853
1.152725
1.148607
1.144500
1.140403
1.136318
1.132243
1.128178
1.124125
1.120082
1.116049
1.112028
1.108017
1.104016
1.100026
1.096047
1.092078
1.088119
1.084171
1.080234
1.076307
1.072391
1.068484
1.064589
1.060703
1.056828
1.052964
1.049110
1.045266
1.041432
1.037609
1.033795
1.029992
1.026200
1.022417
1.018645
1.014883
1.011131
1.007389
1.003657
0.999935
0.996224
0.992522
0.988831
0.985149
0.981478
0.977816
0.974165
0.970523
0.966891
0.963270
0.959658
0.956056
0.952464
0.948881
0.945309
0.941746
0.938193
0.934650
0.931117
0.927593
0.924079
0.920575
0.917080
0.913595
0.910120
0.906654
0.903198
0.899752
0.896315
0.892887
0.889469
0.886061
0.882662
0.879272
0.875892
0.872522
0.869160
0.865809
0.862466
0.859133
0.855809
0.852495
0.849190
0.845894
0.842607
0.839330
0.836062
0.832803
0.829553
0.826313
0.823081
0.819859
0.816646
0.813442
0.810247
0.807061
0.803884
0.800716
0.797557
0.794407
0.791266
0.788134
0.785011
0.781897
0.778792
0.775695
0.772608
0.769529
0.766459
0.763398
0.760346
0.757302
0.754267
0.751241
0.748224
0.745215
0.742215
0.739223
0.736241
0.733266
0.730301
0.727344
0.724396
0.721456
0.718524
0.715601
0.712687
0.709781
0.706884
0.703995
0.701114
0.698242
0.695378
0.692523
0.689676
0.686837
0.684006
0.681184
0.678370
0.675564
0.672767
0.669978
0.667196
0.664424
0.661659
0.658902
0.656154
0.653413
0.650681
0.647957
0.645241
0.642532
0.639832
0.637140
0.634456
0.631780
0.629111
0.626451
0.623799
0.621154
0.618517
0.615889
0.613268
0.610654
0.608049
0.605452
0.602862
0.600280
0.597705
0.595139
0.592580
0.590029
0.587485
0.584949
0.582421
0.579900
0.577387
0.574881
0.572383
0.569893
0.567410
0.564934
0.562466
0.560006
0.557553
0.555107
0.552669
0.550238
0.547815
0.545399
0.542990
0.540589
0.538195
0.535808
0.533428
0.531056
0.528691
0.526333
0.523983
0.521639
0.519303
0.516974
0.514652
0.512337
0.510030
0.507729
0.505436
0.503149
0.500870
0.498597
0.496332
0.494073
0.491822
0.489578
0.487340
0.485109
0.482886
0.480669
0.478459
0.476256
0.474060
0.471870
0.469688
0.467512
0.465343
0.463180
0.461025
0.458876
0.456734
0.454598
0.452470
0.450348
0.448232
0.446123
0.444021
0.441926
0.439837
0.437754
0.435678
0.433609
0.431546
0.429489
0.427439
0.425396
0.423359
0.421328
0.419304
0.417287
0.415275
0.413270
0.411272
0.409279
0.407293
0.405314
0.403340
0.401373
0.399412
0.397458
0.395509
0.393567
0.391631
0.389701
0.387778
0.385860
0.383949
0.382044
0.380144
0.378251
0.376364
0.374484
0.372609
0.370740
0.368877
0.367020
0.365169
0.363324
0.361486
0.359653
0.357826
0.356004
0.354189
0.352380
0.350576
0.348779
0.346987
0.345201
0.343421
0.341646
0.339877
0.338115
0.336357
0.334606
0.332860
0.331120
0.329386
0.327657
0.325934
0.324217
0.322505
0.320799
0.319099
0.317404
0.315714
0.314031
0.312352
0.310679
0.309012
0.307351
0.305694
0.304043
0.302398
0.300758
0.299124
0.297495
0.295871
0.294253
0.292640
0.291032
0.289430
0.287833
0.286242
0.284655
0.283074
0.281499
0.279928
0.278363
0.276803
0.275248
0.273699
0.272154
0.270615
0.269081
0.267552
0.266028
0.264510
0.262996
0.261488
0.259984
0.258486
0.256993
0.255504
0.254021
0.252543
0.251070
0.249602
0.248139
0.246680
0.245227
0.243779
0.242335
0.240897
0.239463
0.238034
0.236611
0.235191
0.233777
0.232368
0.230963
0.229564
0.228169
0.226779
0.225393
0.224013
0.222637
0.221266
0.219899
0.218538
0.217180
0.215828
0.214480
0.213137
0.211799
0.210465
0.209136
0.207812
0.206492
0.205176
0.203865
0.202559
0.201257
0.199960
0.198668
0.197379
0.196096
0.194816
0.193542
0.192272
0.191006
0.189744
0.188487
0.187235
0.185987
0.184743
0.183503
0.182268
0.181038
0.179811
0.178589
0.177372
0.176158
0.174949
0.173744
0.172544
0.171347
0.170155
0.168967
0.167784
0.166604
0.165429
0.164258
0.163091
0.161928
0.160770
0.159615
0.158465
0.157319
0.156177
0.155039
0.153905
0.152775
0.151649
0.150528
0.149410
0.148296
0.147187
0.146081
0.144980
0.143882
0.142788
0.141699
0.140613
0.139531
0.138453
0.137379
0.136309
0.135243
0.134181
0.133123
0.132068
0.131017
0.129971
0.128928
0.127889
0.126853
0.125822
0.124794
0.123770
0.122750
0.121733
0.120721
0.119712
0.118707
0.117705
0.116707
0.115713
0.114723
0.113736
0.112753
0.111774
0.110798
0.109826
0.108858
0.107893
0.106932
0.105974
0.105020
0.104070
0.103123
0.102179
0.101240
0.100303
0.099371
0.098442
0.097516
0.096594
0.095675
0.094760
0.093848
0.092940
0.092035
0.091134
0.090236
0.089341
0.088450
0.087563
0.086678
0.085797
0.084920
0.084046
0.083175
0.082307
0.081443
0.080583
0.079725
0.078871
0.078020
0.077173
0.076328
0.075487
0.074650
0.073815
0.072984
0.072156
0.071331
0.070510
0.069691
0.068876
0.068064
0.067256
0.066450
0.065648
0.064849
0.064052
0.063260
0.062470
0.061683
0.060899
0.060119
0.059342
0.058567
0.057796
0.057028
0.056263
0.055501
0.054742
0.053986
0.053233
0.052484
0.051737
0.050993
0.050252
0.049514
0.048779
0.048047
0.047318
0.046593
0.045869
0.045149
0.044432
0.043718
0.043007
0.042298
0.041593
0.040890
0.040190
0.039493
0.038799
0.038108
0.037420
0.036735
0.036052
0.035372
0.034695
0.034021
0.033350
0.032681
0.032015
0.031352
0.030692
0.030035
0.029380
0.028728
0.028079
0.027432
0.026788
0.026147
0.025509
0.024873
0.024240
0.023610
0.022983
0.022358
0.021735
0.021116
0.020499
0.019885
0.019273
0.018664
0.018058
0.017454
0.016853
0.016254
0.015658
0.015065
0.014474
0.013886
0.013300
0.012717
0.012136
0.011558
0.010983
0.010410
0.009839
0.009271
0.008706
0.008143
0.007582
0.007024
0.006469
0.005916
0.005365
0.004817
0.004271
0.003728
0.003187
0.002649
0.002113
0.001580
0.001048
0.000520
-0.000007
-0.000530
-0.001052
-0.001571
-0.002088
-0.002602
-0.003115
-0.003624
-0.004132
-0.004637
-0.005139
-0.005640
-0.006138
-0.006634
-0.007127
-0.007618
-0.008107
-0.008594
-0.009078
-0.009560
-0.010040
-0.010518
-0.010993
-0.011466
-0.011937
-0.012405
-0.012872
-0.013336
-0.013798
-0.014258
-0.014715
-0.015170
-0.015624
-0.016075
-0.016523
-0.016970
-0.017415
-0.017857
-0.018297
-0.018735
-0.019171
-0.019605
-0.020036
-0.020466
-0.020893
-0.021319
-0.021742
-0.022163
-0.022582
-0.022999
-0.023414
-0.023827
-0.024237
-0.024646
-0.025053
-0.025457
-0.025860
-0.026260
-0.026659
-0.027055
-0.027450
-0.027842
-0.028233
-0.028621
-0.029008
-0.029392
-0.029775
-0.030155
-0.030534
-0.030911
-0.031285
-0.031658
-0.032029
-0.032398
-0.032765
-0.033130
-0.033493
-0.033854
-0.034213
-0.034570
-0.034926
-0.035279
-0.035631
-0.035981
-0.036329
-0.036675
-0.037019
-0.037361
-0.037702
-0.038040
-0.038377
-0.038712
-0.039045
-0.039377
-0.039706
-0.040034
-0.040360
-0.040684
-0.041006
-0.041327
-0.041645
-0.041962
-0.042278
-0.042591
-0.042903
-0.043213
-0.043521
-0.043827
-0.044132
-0.044435
-0.044736
-0.045036
-0.045333
-0.045629
-0.045924
-0.046216
-0.046507
-0.046797
-0.047084
-0.047370
-0.047655
-0.047937
-0.048218
-0.048497
-0.048775
-0.049051
-0.049326
-0.049598
-0.049869
-0.050139
-0.050407
-0.050673
-0.050938
-0.051201
-0.051462
-0.051722
-0.051980
-0.052237
-0.052492
-0.052746
-0.052998
-0.053248
-0.053497
-0.053745
-0.053990
-0.054235
-0.054477
-0.054719
-0.054958
-0.055197
-0.055433
-0.055668
-0.055902
-0.056134
-0.056365
-0.056594
-0.056822
-0.057048
-0.057273
-0.057496
-0.057718
-0.057939
-0.058158
-0.058375
-0.058592
-0.058806
-0.059020
-0.059231
-0.059442
-0.059651
-0.059859
-0.060065
-0.060270
-0.060473
-0.060675
-0.060876
-0.061075
-0.061273
-0.061470
-0.061665
-0.061859
-0.062051
-0.062243
-0.062433
-0.062621
-0.062808
-0.062994
-0.063179
-0.063362
-0.063544
-0.063725
-0.063904
-0.064082
-0.064259
-0.064435
-0.064609
-0.064782
-0.064954
-0.065124
-0.065293
-0.065461
-0.065628
-0.065793
-0.065958
-0.066121
-0.066282
-0.066443
-0.066602
-0.066760
-0.066917
-0.067073
-0.067228
-0.067381
-0.067533
-0.067684
-0.067834
-0.067983
-0.068130
-0.068277
-0.068422
-0.068566
-0.068709
-0.068851
-0.068991
-0.069131
-0.069269
-0.069406
-0.069543
-0.069678
-0.069812
-0.069944
-0.070076
-0.070207
-0.070336
-0.070465
-0.070592
-0.070719
-0.070844
-0.070968
-0.071091
-0.071213
-0.071335
-0.071455
-0.071574
-0.071692
-0.071808
-0.071924
-0.072039
-0.072153
-0.072266
-0.072378
-0.072489
-0.072599
-0.072708
-0.072816
-0.072923
-0.073028
-0.073133
-0.073238
-0.073341
-0.073443
-0.073544
-0.073644
-0.073743
-0.073842
-0.073939
-0.074036
-0.074131
-0.074226
-0.074320
-0.074412
-0.074504
-0.074595
-0.074685
-0.074775
-0.074863
-0.074950
-0.075037
-0.075123
-0.075208
-0.075292
-0.075375
-0.075457
-0.075538
-0.075619
-0.075699
-0.075778
-0.075856
-0.075933
-0.076009
-0.076085
-0.076160
-0.076234
-0.076307
-0.076379
-0.076451
-0.076522
-0.076592
-0.076661
-0.076729
-0.076797
-0.076864
-0.076930
-0.076995
-0.077060
-0.077124
-0.077187
-0.077249
-0.077311
-0.077371
-0.077432
-0.077491
-0.077550
-0.077608
-0.077665
-0.077721
-0.077777
-0.077832
-0.077887
-0.077940
-0.077994
-0.078046
-0.078098
-0.078148
-0.078199
-0.078248
-0.078297
-0.078346
-0.078393
-0.078440
-0.078487
-0.078532
-0.078577
-0.078622
-0.078666
-0.078709
-0.078751
-0.078793
-0.078834
-0.078875
-0.078915
-0.078955
-0.078993
-0.079032
-0.079069
-0.079106
-0.079143
-0.079179
-0.079214
-0.079249
-0.079283
-0.079316
-0.079350
-0.079382
-0.079414
-0.079445
-0.079476
-0.079506
-0.079536
-0.079565
-0.079594
-0.079622
-0.079649
-0.079676
-0.079703
-0.079729
-0.079754
-0.079779
-0.079804
-0.079828
-0.079851
-0.079874
-0.079896
-0.079918
-0.079940
-0.079961
-0.079981
-0.080001
-0.080021
-0.080040
-0.080058
-0.080077
-0.080094
-0.080111
-0.080128
-0.080145
-0.080160
-0.080176
-0.080191
-0.080205
-0.080219
-0.080233
-0.080246
-0.080259
-0.080272
-0.080284
-0.080295
-0.080306
-0.080317
-0.080327
-0.080337
-0.080347
-0.080356
-0.080365
-0.080373
-0.080381
-0.080389
-0.080396
-0.080403
-0.080409
-0.080415
-0.080421
-0.080426
-0.080431
-0.080436
-0.080440
-0.080444
-0.080447
-0.080451
-0.080453
-0.080456
-0.080458
-0.080460
-0.080461
-0.080462
-0.080463
-0.080464
-0.080464
-0.080464
-0.080463
-0.080462
-0.080461
-0.080460
-0.080458
-0.080456
-0.080454
-0.080451
-0.080448
-0.080445
-0.080441
-0.080437
-0.080433
-0.080429
-0.080424
-0.080419
-0.080414
-0.080408
-0.080402
-0.080396
-0.080390
-0.080383
-0.080376
-0.080369
-0.080362
-0.080354
-0.080346
-0.080338
-0.080330
-0.080321
-0.080312
-0.080303
-0.080294
-0.080284
-0.080274
-0.080264
-0.080254
-0.080243
-0.080232
-0.080221
-0.080210
-0.080198
-0.080187
-0.080175
-0.080163
-0.080150
-0.080138
-0.080125
-0.080112
-0.080099
-0.080085
-0.080072
-0.080058
-0.080044
-0.080030
-0.080016
-0.080001
-0.079986
-0.079971
-0.079956
-0.079941
-0.079925
-0.079910
-0.079894
-0.079878
-0.079862
-0.079845
-0.079829
-0.079812
-0.079795
-0.079778
-0.079761
-0.079744
-0.079726
-0.079709
-0.079691
-0.079673
-0.079655
-0.079636
-0.079618
-0.079599
-0.079581
-0.079562
-0.079543
-0.079524
-0.079504
-0.079485
-0.079465
-0.079446
-0.079426
-0.079406
-0.079386
-0.079366
-0.079345
-0.079325
-0.079304
-0.079283
-0.079263
-0.079242
-0.079221
-0.079199
-0.079178
-0.079157
-0.079135
-0.079114
-0.079092
-0.079070
-0.079048
-0.079026
-0.079004
-0.078982
-0.078959
-0.078937
-0.078914
-0.078892
-0.078869
-0.078846
-0.078823
-0.078800
-0.078777
-0.078754
-0.078730
-0.078707
-0.078684
-0.078660
-0.078637
-0.078613
-0.078589
-0.078565
-0.078541
-0.078517
-0.078493
-0.078469
-0.078445
-0.078420
-0.078396
-0.078372
-0.078347
-0.078323
-0.078298
-0.078273
-0.078249
-0.078224
-0.078199
-0.078174
-0.078149
-0.078124
-0.078099
-0.078074
-0.078048
-0.078023
-0.077998
-0.077972
-0.077947
-0.077921
-0.077896
-0.077870
-0.077845
-0.077819
-0.077793
-0.077767
-0.077742
-0.077716
-0.077690
-0.077664
-0.077638
-0.077612
-0.077586
-0.077560
-0.077534
-0.077508
-0.077481
-0.077455
-0.077429
-0.077403
-0.077376
-0.077350
-0.077324
-0.077297
-0.077271
-0.077244
-0.077218
-0.077191
-0.077165
-0.077138
-0.077112
-0.077085
-0.077059
-0.077032
-0.077005
-0.076979
-0.076952
-0.076925
-0.076899
-0.076872
-0.076845
-0.076818
-0.076791
-0.076765
-0.076738
-0.076711
-0.076684
-0.076657
-0.076631
-0.076604
-0.076577
-0.076550
-0.076523
-0.076496
-0.076469
-0.076442
-0.076415
-0.076389
-0.076362
-0.076335
-0.076308
-0.076281
-0.076254
-0.076227
-0.076200
-0.076173
-0.076146
-0.076119
-0.076092
-0.076066
-0.076039
-0.076012
-0.075985
-0.075958
-0.075931
-0.075904
-0.075877
-0.075850
-0.075824
-0.075797
-0.075770
-0.075743
-0.075716
-0.075689
-0.075663
-0.075636
-0.075609
-0.075582
-0.075555
-0.075529
-0.075502
-0.075475
-0.075449
-0.075422
-0.075395
-0.075369
-0.075342
-0.075315
-0.075289
-0.075262
-0.075235
-0.075209
-0.075182
-0.075156
-0.075129
-0.075103
-0.075076
-0.075050
-0.075023
-0.074997
-0.074971
-0.074944
-0.074918
-0.074892
-0.074865
-0.074839
-0.074813
-0.074787
-0.074760
-0.074734
-0.074708
-0.074682
-0.074656
-0.074630
-0.074604
-0.074578
-0.074552
-0.074526
-0.074500
-0.074474
-0.074448
-0.074422
-0.074396
-0.074370
-0.074345
-0.074319
-0.074293
-0.074268
-0.074242
-0.074216
-0.074191
-0.074165
-0.074140
-0.074114
-0.074089
-0.074063
-0.074038
-0.074012
-0.073987
-0.073962
-0.073936
-0.073911
-0.073886
-0.073861
-0.073836
-0.073810
-0.073785
-0.073760
-0.073735
-0.073710
-0.073685
-0.073660
-0.073636
-0.073611
-0.073586
-0.073561
-0.073536
-0.073512
-0.073487
-0.073462
-0.073438
-0.073413
-0.073389
-0.073364
-0.073340
-0.073315
-0.073291
-0.073267
-0.073242
-0.073218
-0.073194
-0.073170
-0.073146
-0.073122
-0.073098
-0.073073
-0.073050
-0.073026
-0.073002
-0.072978
-0.072954
-0.072930
-0.072906
-0.072883
-0.072859
-0.072835
-0.072812
-0.072788
-0.072765
-0.072741
-0.072718
-0.072695
-0.072671
-0.072648
-0.072625
-0.072601
-0.072578
-0.072555
-0.072532
-0.072509
-0.072486
-0.072463
-0.072440
-0.072417
-0.072394
-0.072372
-0.072349
-0.072326
-0.072303
-0.072281
-0.072258
-0.072236
-0.072213
-0.072191
-0.072168
-0.072146
-0.072124
-0.072101
-0.072079
-0.072057
-0.072035
-0.072013
-0.071991
-0.071969
-0.071947
-0.071925
-0.071903
-0.071881
-0.071859
-0.071837
-0.071816
-0.071794
-0.071772
-0.071751
-0.071729
-0.071708
-0.071686
-0.071665
-0.071643
-0.071622
-0.071601
-0.071580
-0.071558
-0.071537
-0.071516
-0.071495
-0.071474
-0.071453
-0.071432
-0.071411
-0.071390
-0.071370
-0.071349
-0.071328
-0.071307
-0.071287
-0.071266
-0.071246
-0.071225
-0.071205
-0.071184
-0.071164
-0.071144
-0.071124
-0.071103
-0.071083
-0.071063
-0.071043
-0.071023
-0.071003
-0.070983
-0.070963
-0.070943
-0.070923
-0.070904
-0.070884
-0.070864
-0.070845
-0.070825
-0.070805
-0.070786
-0.070766
-0.070747
-0.070728
-0.070708
-0.070689
-0.070670
-0.070651
-0.070631
-0.070612
-0.070593
-0.070574
-0.070555
-0.070536
-0.070517
-0.070499
-0.070480
-0.070461
-0.070442
-0.070424
-0.070405
-0.070387
-0.070368
-0.070349
-0.070331
-0.070313
-0.070294
-0.070276
-0.070258
-0.070239
-0.070221
-0.070203
-0.070185
-0.070167
-0.070149
-0.070131
-0.070113
-0.070095
-0.070077
-0.070060
-0.070042
-0.070024
-0.070007
-0.069989
-0.069971
-0.069954
-0.069936
-0.069919
-0.069902
-0.069884
-0.069867
-0.069850
-0.069832
-0.069815
-0.069798
-0.069781
-0.069764
-0.069747
-0.069730
-0.069713
-0.069696
-0.069679
-0.069662
-0.069646
-0.069629
-0.069612
-0.069596
-0.069579
-0.069563
-0.069546
-0.069530
-0.069513
-0.069497
-0.069480
-0.069464
-0.069448
-0.069432
-0.069416
-0.069399
-0.069383
-0.069367
-0.069351
-0.069335
-0.069319
-0.069304
-0.069288
-0.069272
-0.069256
-0.069240
-0.069225
-0.069209
-0.069194
-0.069178
-0.069163
-0.069147
-0.069132
-0.069116
-0.069101
-0.069086
-0.069070
-0.069055
-0.069040
-0.069025
-0.069010
-0.068995
-0.068980
-0.068965
-0.068950
-0.068935
-0.068920
-0.068905
-0.068890
-0.068876
-0.068861
-0.068846
-0.068832
-0.068817
-0.068803
-0.068788
-0.068774
-0.068759
-0.068745
-0.068730
-0.068716
-0.068702
-0.068688
-0.068673
-0.068659
-0.068645
-0.068631
-0.068617
-0.068603
-0.068589
-0.068575
-0.068561
-0.068547
-0.068534
-0.068520
-0.068506
-0.068492
-0.068479
-0.068465
-0.068452
-0.068438
-0.068425
-0.068411
-0.068398
-0.068384
-0.068371
-0.068358
-0.068344
-0.068331
-0.068318
-0.068305
-0.068292
-0.068279
-0.068265
-0.068252
-0.068239
-0.068227
-0.068214
-0.068201
-0.068188
-0.068175
-0.068162
-0.068150
-0.068137
-0.068124
-0.068112
-0.068099
-0.068087
-0.068074
-0.068062
-0.068049
-0.068037
-0.068024
-0.068012
-0.068000
-0.067987
-0.067975
-0.067963
-0.067951
-0.067939
-0.067927
-0.067915
-0.067903
-0.067891
-0.067879
-0.067867
-0.067855
-0.067843
-0.067831
-0.067819
-0.067808
-0.067796
-0.067784
-0.067773
-0.067761
-0.067750
-0.067738
-0.067726
-0.067715
-0.067704
-0.067692
-0.067681
-0.067669
-0.067658
-0.067647
-0.067636
-0.067624
-0.067613
-0.067602
-0.067591
-0.067580
-0.067569
-0.067558
-0.067547
-0.067536
-0.067525
-0.067514
-0.067503
-0.067493
-0.067482
-0.067471
-0.067460
-0.067450
-0.067439
-0.067428
-0.067418
-0.067407
-0.067397
-0.067386
-0.067376
-0.067365
-0.067355
-0.067345
-0.067334
-0.067324
-0.067314
-0.067304
-0.067293
-0.067283
-0.067273
-0.067263
-0.067253
-0.067243
-0.067233
-0.067223
-0.067213
-0.067203
-0.067193
-0.067183
-0.067173
-0.067163
-0.067154
-0.067144
-0.067134
-0.067124
-0.067115
-0.067105
-0.067096
-0.067086
-0.067076
-0.067067
-0.067057
-0.067048
-0.067039
-0.067029
-0.067020
-0.067010
-0.067001
-0.066992

