0.000000
0.000000
-0.000006
-0.000014
-0.000023
-0.000034
-0.000045
-0.000058
-0.000070
-0.000084
-0.000097
-0.000111
-0.000125
-0.000140
-0.000155
-0.000170
-0.000185
-0.000201
-0.000217
-0.000233
-0.000249
-0.000266
-0.000282
-0.000299
-0.000316
-0.000333
-0.000351
-0.000368
-0.000386
-0.000404
-0.000422
-0.000440
-0.000459
-0.000477
-0.000496
-0.000515
-0.000534
-0.000553
-0.000572
-0.000591
-0.000611
-0.000631
-0.000651
-0.000670
-0.000691
-0.000711
-0.000731
-0.000751
-0.000772
-0.000793
-0.000813
-0.000834
-0.000855
-0.000876
-0.000898
-0.000919
-0.000940
-0.000962
-0.000984
-0.001005
-0.001027
-0.001049
-0.001071
-0.001093
-0.001115
-0.001138
-0.001160
-0.001183
-0.001205
-0.001228
-0.001251
-0.001273
-0.001296
-0.001319
-0.001342
-0.001366
-0.001389
-0.001412
-0.001435
-0.001459
-0.001482
-0.001506
-0.001530
-0.001553
-0.001577
-0.001601
-0.001625
-0.001649
-0.001673
-0.001697
-0.001722
-0.001746
-0.001770
-0.001795
-0.001819
-0.001844
-0.001868
-0.001893
-0.001918
-0.001942
-0.001967
-0.001992
-0.002017
-0.002042
-0.002067
-0.002092
-0.002118
-0.002143
-0.002168
-0.002193
-0.002219
-0.002244
-0.002270
-0.002295
-0.002321
-0.002346
-0.002372
-0.002398
-0.002424
-0.002449
-0.002475
-0.002501
-0.002527
-0.002553
-0.002579
-0.002605
-0.002631
-0.002658
-0.002684
-0.002710
-0.002736
-0.002763
-0.002789
-0.002815
-0.002842
-0.002868
-0.002895
-0.002921
-0.002948
-0.002975
-0.003001
-0.003028
-0.003055
-0.003082
-0.003108
-0.003135
-0.003162
-0.003189
-0.003216
-0.003243
-0.003270
-0.003297
-0.003324
-0.003351
-0.003379
-0.003406
-0.003433
-0.003460
-0.003487
-0.003515
-0.003542
-0.003569
-0.003597
-0.003624
-0.003652
-0.003679
-0.003707
-0.003734
-0.003762
-0.003789
-0.003817
-0.003845
-0.003872
-0.003900
-0.003928
-0.003955
-0.003983
-0.004011
-0.004039
-0.004067
-0.004094
-0.004122
-0.004150
-0.004178
-0.004206
-0.004234
-0.004262
-0.004290
-0.004318
-0.004346
-0.004374
-0.004402
-0.004430
-0.004459
-0.004487
-0.004515
-0.004543
-0.004571
-0.004599
-0.004628
-0.004656
-0.004684
-0.004713
-0.004741
-0.004769
-0.004798
-0.004826
-0.004854
-0.004883
-0.004911
-0.004940
-0.004968
-0.004997
-0.005025
-0.005054
-0.005082
-0.005111
-0.005139
-0.005168
-0.005197
-0.005225
-0.005254
-0.005282
-0.005311
-0.005340
-0.005368
-0.005397
-0.005426
-0.005455
-0.005483
-0.005512
-0.005541
-0.005570
-0.005598
-0.005627
-0.005656
-0.005685
-0.005714
-0.005743
-0.005771
-0.005800
-0.005829
-0.005858
-0.005887
-0.005916
-0.005945
-0.005974
-0.006003
-0.006032
-0.006061
-0.006090
-0.006119
-0.006148
-0.006177
-0.006206
-0.006235
-0.006264
-0.006293
-0.006322
-0.006351
-0.006380
-0.006409
-0.006438
-0.006467
-0.006496
-0.006525
-0.006555
-0.006584
-0.006613
-0.006642
-0.006671
-0.006700
-0.006729
-0.006759
-0.006788
-0.006817
-0.006846
-0.006875
-0.006905
-0.006934
-0.006963
-0.006992
-0.007022
-0.007051
-0.007080
-0.007109
-0.007139
-0.007168
-0.007197
-0.007226
-0.007256
-0.007285
-0.007314
-0.007344
-0.007373
-0.007402
-0.007432
-0.007461
-0.007490
-0.007520
-0.007549
-0.007578
-0.007608
-0.007637
-0.007666
-0.007696
-0.007725
-0.007754
-0.007784
-0.007813
-0.007842
-0.007872
-0.007901
-0.007931
-0.007960
-0.007989
-0.008019
-0.008048
-0.008078
-0.008107
-0.008136
-0.008166
-0.008195
-0.008225
-0.008254
-0.008283
-0.008313
-0.008342
-0.008372
-0.008401
-0.008431
-0.008460
-0.008489
-0.008519
-0.008548
-0.008578
-0.008607
-0.008637
-0.008666
-0.008695
-0.008725
-0.008754
-0.008784
-0.008813
-0.008843
-0.008872
-0.008902
-0.008931
-0.008960
-0.008990
-0.009019
-0.009049
-0.009078
-0.009108
-0.009137
-0.009167
-0.009196
-0.009225
-0.009255
-0.009284
-0.009314
-0.009343
-0.009373
-0.009402
-0.009432
-0.009461
-0.009490
-0.009520
-0.009549
-0.009579
-0.009608
-0.009638
-0.009667
-0.009696
-0.009726
-0.009755
-0.009785
-0.009814
-0.009844
-0.009873
-0.009902
-0.009932
-0.009961
-0.009991
-0.010020
-0.010050
-0.010079
-0.010108
-0.010138
-0.010167
-0.010197
-0.010226
-0.010255
-0.010285
-0.010314
-0.010344
-0.010373
-0.010402
-0.010432
-0.010461
-0.010490
-0.010520
-0.010549
-0.010579
-0.010608
-0.010637
-0.010667
-0.010696
-0.010725
-0.010755
-0.010784
-0.010813
-0.010843
-0.010872
-0.010901
-0.010931
-0.010960
-0.010989
-0.011019
-0.011048
-0.011077
-0.011107
-0.011136
-0.011165
-0.011195
-0.011224
-0.011253
-0.011282
-0.011312
-0.011341
-0.011370
-0.011400
-0.011429
-0.011458
-0.011487
-0.011517
-0.011546
-0.011575
-0.011604
-0.011634
-0.011663
-0.011692
-0.011721
-0.011750
-0.011780
-0.011809
-0.011838
-0.011867
-0.011896
-0.011926
-0.011955
-0.011984
-0.012013
-0.012042
-0.012071
-0.012101
-0.012130
-0.012159
-0.012188
-0.012217
-0.012246
-0.012275
-0.012304
-0.012334
-0.012363
-0.012392
-0.012421
-0.012450
-0.012479
-0.012508
-0.012537
-0.012566
-0.012595
-0.012624
-0.012653
-0.012682
-0.012711
-0.012740
-0.012769
-0.012798
-0.012827
-0.012856
-0.012885
-0.012914
-0.012943
-0.012972
-0.013001
-0.013030
-0.013059
-0.013088
-0.013117
-0.013146
-0.013175
-0.013204
-0.013233
-0.013262
-0.013291
-0.013320
-0.013348
-0.013377
-0.013406
-0.013435
-0.013464
-0.013493
-0.013522
-0.013551
-0.013579
-0.013608
-0.013637
-0.013666
-0.013695
-0.013723
-0.013752
-0.013781
-0.013810
-0.013839
-0.013867
-0.013896
-0.013925
-0.013954
-0.013982
-0.014011
-0.014040
-0.014068
-0.014097
-0.014126
-0.014155
-0.014183
-0.014212
-0.014241
-0.014269
-0.014298
-0.014326
-0.014355
-0.014384
-0.014412
-0.014441
-0.014470
-0.014498
-0.014527
-0.014555
-0.014584
-0.014612
-0.014641
-0.014670
-0.014698
-0.014727
-0.014755
-0.014784
-0.014812
-0.014841
-0.014869
-0.014898
-0.014926
-0.014955
-0.014983
-0.015011
-0.015040
-0.015068
-0.015097
-0.015125
-0.015154
-0.015182
-0.015210
-0.015239
-0.015267
-0.015295
-0.015324
-0.015352
-0.015380
-0.015409
-0.015437
-0.015465
-0.015494
-0.015522
-0.015550
-0.015579
-0.015607
-0.015635
-0.015663
-0.015692
-0.015720
-0.015748
-0.015776
-0.015804
-0.015833
-0.015861
-0.015889
-0.015917
-0.015945
-0.015974
-0.016002
-0.016030
-0.016058
-0.016086
-0.016114
-0.016142
-0.016170
-0.016198
-0.016226
-0.016255
-0.016283
-0.016311
-0.016339
-0.016367
-0.016395
-0.016423
-0.016451
-0.016479
-0.016507
-0.016535
-0.016563
-0.016590
-0.016618
-0.016646
-0.016674
-0.016702
-0.016730
-0.016758
-0.016786
-0.016814
-0.016842
-0.016869
-0.016897
-0.016925
-0.016953
-0.016981
-0.017009
-0.017036
-0.017064
-0.017092
-0.017120
-0.017147
-0.017175
-0.017203
-0.017231
-0.017258
-0.017286
-0.017314
-0.017341
-0.017369
-0.017397
-0.017424
-0.017452
-0.017480
-0.017507
-0.017535
-0.017563
-0.017590
-0.017618
-0.017645
-0.017673
-0.017700
-0.017728
-0.017756
-0.017783
-0.017811
-0.017838
-0.017866
-0.017893
-0.017921
-0.017948
-0.017975
-0.018003
-0.018030
-0.018058
-0.018085
-0.018113
-0.018140
-0.018167
-0.018195
-0.018222
-0.018249
-0.018277
-0.018304
-0.018331
-0.018359
-0.018386
-0.018413
-0.018441
-0.018468
-0.018495
-0.018522
-0.018550
-0.018577
-0.018604
-0.018631
-0.018658
-0.018686
-0.018713
-0.018740
-0.018767
-0.018794
-0.018821
-0.018849
-0.018876
-0.018903
-0.018930
-0.018957
-0.018984
-0.019011
-0.019038
-0.019065
-0.019092
-0.019119
-0.019146
-0.019173
-0.019200
-0.019227
-0.019254
-0.019281
-0.019308
-0.019335
-0.019362
-0.019389
-0.019416
-0.019443
-0.019469
-0.019496
-0.019523
-0.019550
-0.019577
-0.019604
-0.019631
-0.019657
-0.019684
-0.019711
-0.019738
-0.019764
-0.019791
-0.019818
-0.019845
-0.019871
-0.019898
-0.019925
-0.019951
-0.019978
-0.020005
-0.020031
-0.020058
-0.020085
-0.020111
-0.020138
-0.020165
-0.020191
-0.020218
-0.020244
-0.020271
-0.020297
-0.020324
-0.020350
-0.020377
-0.020403
-0.020430
-0.020456
-0.020483
-0.020509
-0.020536
-0.020562
-0.020589
-0.020615
-0.020641
-0.020668
-0.020694
-0.020721
-0.020747
-0.020773
-0.020800
-0.020826
-0.020852
-0.020879
-0.020905
-0.020931
-0.020957
-0.020984
-0.021010
-0.021036
-0.021062
-0.021089
-0.021115
-0.021141
-0.021167
-0.021193
-0.021219
-0.021246
-0.021272
-0.021298
-0.021324
-0.021350
-0.021376
-0.021402
-0.021428
-0.021454
-0.021480
-0.021506
-0.021532
-0.021558
-0.021584
-0.021610
-0.021636
-0.021662
-0.021688
-0.021714
-0.021740
-0.021766
-0.021792
-0.021818
-0.021844
-0.021870
-0.021895
-0.021921
-0.021947
-0.021973
-0.021999
-0.022025
-0.022050
-0.022076
-0.022102
-0.022128
-0.022153
-0.022179
-0.022205
-0.022231
-0.022256
-0.022282
-0.022308
-0.022333
-0.022359
-0.022385
-0.022410
-0.022436
-0.022462
-0.022487
-0.022513
-0.022538
-0.022564
-0.022589
-0.022615
-0.022641
-0.022666
-0.022692
-0.022717
-0.022743
-0.022768
-0.022794
-0.022819
-0.022844
-0.022870
-0.022895
-0.022921
-0.022946
-0.022971
-0.022997
-0.023022
-0.023048
-0.023073
-0.023098
-0.023124
-0.023149
-0.023174
-0.023199
-0.023225
-0.023250
-0.023275
-0.023300
-0.023326
-0.023351
-0.023376
-0.023401
-0.023426
-0.023452
-0.023477
-0.023502
-0.023527
-0.023552
-0.023577
-0.023602
-0.023627
-0.023653
-0.023678
-0.023703
-0.023728
-0.023753
-0.023778
-0.023803
-0.023828
-0.023853
-0.023878
-0.023903
-0.023928
-0.023953
-0.023977
-0.024002
-0.024027
-0.024052
-0.024077
-0.024102
-0.024127
-0.024152
-0.024176
-0.024201
-0.024226
-0.024251
-0.024276
-0.024300
-0.024325
-0.024350
-0.024375
-0.024399
-0.024424
-0.024449
-0.024474
-0.024498
-0.024523
-0.024548
-0.024572
-0.024597
-0.024622
-0.024646
-0.024671
-0.024695
-0.024720
-0.024745
-0.024769
-0.024794
-0.024818
-0.024843
-0.024867
-0.024892
-0.024916
-0.024941
-0.024965
-0.024990
-0.025014
-0.025038
-0.025063
-0.025087
-0.025112
-0.025136
-0.025160
-0.025185
-0.025209
-0.025233
-0.025258
-0.025282
-0.025306
-0.025331
-0.025355
-0.025379
-0.025404
-0.025428
-0.025452
-0.025476
-0.025500
-0.025525
-0.025549
-0.025573
-0.025597
-0.025621
-0.025645
-0.025670
-0.025694
-0.025718
-0.025742
-0.025766
-0.025790
-0.025814
-0.025838
-0.025862
-0.025886
-0.025910
-0.025934
-0.025958
-0.025982
-0.026006
-0.026030
-0.026054
-0.026078
-0.026102
-0.026126
-0.026150
-0.026174
-0.026198
-0.026221
-0.026245
-0.026269
-0.026293
-0.026317
-0.026341
-0.026364
-0.026388
-0.026412
-0.026436
-0.026460
-0.026483
-0.026507
-0.026531
-0.026554
-0.026578
-0.026602
-0.026625
-0.026649
-0.026673
-0.026696
-0.026720
-0.026744
-0.026767
-0.026791
-0.026814
-0.026838
-0.026862
-0.026885
-0.026909
-0.026932
-0.026956
-0.026979
-0.027003
-0.027026
-0.027050
-0.027073
-0.027096
-0.027120
-0.027143
-0.027167
-0.027190
-0.027214
-0.027237
-0.027260
-0.027284
-0.027307
-0.027330
-0.027354
-0.027377
-0.027400
-0.027423
-0.027447
-0.027470
-0.027493
-0.027516
-0.027540
-0.027563
-0.027586
-0.027609
-0.027632
-0.027656
-0.027679
-0.027702
-0.027725
-0.027748
-0.027771
-0.027794
-0.027818
-0.027841
-0.027864
-0.027887
-0.027910
-0.027933
-0.027956
-0.027979
-0.028002
-0.028025
-0.028048
-0.028071
-0.028094
-0.028117
-0.028140
-0.028162
-0.028185
-0.028208
-0.028231
-0.028254
-0.028277
-0.028300
-0.028323
-0.028345
-0.028368
-0.028391
-0.028414
-0.028437
-0.028459
-0.028482
-0.028505
-0.028528
-0.028550
-0.028573
-0.028596
-0.028618
-0.028641
-0.028664
-0.028686
-0.028709
-0.028732
-0.028754
-0.028777
-0.028799
-0.028822
-0.028845
-0.028867
-0.028890
-0.028912
-0.028935
-0.028957
-0.028980
-0.029002
-0.029025
-0.029047
-0.029070
-0.029092
-0.029115
-0.029137
-0.029160
-0.029182
-0.029204
-0.029227
-0.029249
-0.029271
-0.029294
-0.029316
-0.029338
-0.029361
-0.029383
-0.029405
-0.029428
-0.029450
-0.029472
-0.029494
-0.029517
-0.029539
-0.029561
-0.029583
-0.029606
-0.029628
-0.029650
-0.029672
-0.029694
-0.029716
-0.029738
-0.029761
-0.029783
-0.029805
-0.029827
-0.029849
-0.029871
-0.029893
-0.029915
-0.029937
-0.029959
-0.029981
-0.030003
-0.030025
-0.030047
-0.030069
-0.030091
-0.030113
-0.030135
-0.030157
-0.030179
-0.030200
-0.030222
-0.030244
-0.030266
-0.030288
-0.030310
-0.030332
-0.030353
-0.030375
-0.030397
-0.030419
-0.030441
-0.030462
-0.030484
-0.030506
-0.030528
-0.030549
-0.030571
-0.030593
-0.030614
-0.030636
-0.030658
-0.030679
-0.030701
-0.030723
-0.030744
-0.030766
-0.030787
-0.030809
-0.030830
-0.030852
-0.030874
-0.030895
-0.030917
-0.030938
-0.030960
-0.030981
-0.031003
-0.031024
-0.031046
-0.031067
-0.031088
-0.031110
-0.031131
-0.031153
-0.031174
-0.031195
-0.031217
-0.031238
-0.031260
-0.031281
-0.031302
-0.031324
-0.031345
-0.031366
-0.031387
-0.031409
-0.031430
-0.031451
-0.031472
-0.031494
-0.031515
-0.031536
-0.031557
-0.031578
-0.031600
-0.031621
-0.031642
-0.031663
-0.031684
-0.031705
-0.031726
-0.031748
-0.031769
-0.031790
-0.031811
-0.031832
-0.031853
-0.031874
-0.031895
-0.031916
-0.031937
-0.031958
-0.031979
-0.032000
-0.032021
-0.032042
-0.032063
-0.032084
-0.032104
-0.032125
-0.032146
-0.032167
-0.032188
-0.032209
-0.032230
-0.032251
-0.032271
-0.032292
-0.032313
-0.032334
-0.032355
-0.032375
-0.032396
-0.032417
-0.032438
-0.032458
-0.032479
-0.032500
-0.032520
-0.032541
-0.032562
-0.032582
-0.032603
-0.032624
-0.032644
-0.032665
-0.032686
-0.032706
-0.032727
-0.032747
-0.032768
-0.032788
-0.032809
-0.032830
-0.032850
-0.032871
-0.032891
-0.032912
-0.032932
-0.032953
-0.032973
-0.032993
-0.033014
-0.033034
-0.033055
-0.033075
-0.033095
-0.033116
-0.033136
-0.033157
-0.033177
-0.033197
-0.033218
-0.033238
-0.033258
-0.033279
-0.033299
-0.033319
-0.033339
-0.033360
-0.033380
-0.033400
-0.033420
-0.033441
-0.033461
-0.033481
-0.033501
-0.033521
-0.033541
-0.033562
-0.033582
-0.033602
-0.033622
-0.033642
-0.033662
-0.033682
-0.033702
-0.033722
-0.033742
-0.033762
-0.033783
-0.033803
-0.033823
-0.033843
-0.033863
-0.033883
-0.033902
-0.033922
-0.033942
-0.033962
-0.033982
-0.034002
-0.034022
-0.034042
-0.034062
-0.034082
-0.034102
-0.034121
-0.034141
-0.034161
-0.034181
-0.034201
-0.034221
-0.034240
-0.034260
-0.034280
-0.034300
-0.034319
-0.034339
-0.034359
-0.034379
-0.034398
-0.034418
-0.034438
-0.034457
-0.034477
-0.034497
-0.034516
-0.034536
-0.034556
-0.034575
-0.034595
-0.034614
-0.034634
-0.034654
-0.034673
-0.034693
-0.034712
-0.034732
-0.034751
-0.034771
-0.034790
-0.034810
-0.034829
-0.034849
-0.034868
-0.034888
-0.034907
-0.034926
-0.034946
-0.034965
-0.034985
-0.035004
-0.035023
-0.035043
-0.035062
-0.035081
-0.035101
-0.035120
-0.035139
-0.035159
-0.035178
-0.035197
-0.035217
-0.035236
-0.035255
-0.035274
-0.035294
-0.035313
-0.035332
-0.035351
-0.035370
-0.035390
-0.035409
-0.035428
-0.035447
-0.035466
-0.035485
-0.035504
-0.035523
-0.035543
-0.035562
-0.035581
-0.035600
-0.035619
-0.035638
-0.035657
-0.035676
-0.035695
-0.035714
-0.035733
-0.035752
-0.035771
-0.035790
-0.035809
-0.035828
-0.035847
-0.035866
-0.035885
-0.035903
-0.035922
-0.035941
-0.035960
-0.035979
-0.035998
-0.036017
-0.036035
-0.036054
-0.036073
-0.036092
-0.036111
-0.036130
-0.036148
-0.036167
-0.036186
-0.036205
-0.036223
-0.036242
-0.036261
-0.036279
-0.036298
-0.036317
-0.036335
-0.036354
-0.036373
-0.036391
-0.036410
-0.036429
-0.036447
-0.036466
-0.036484
-0.036503
-0.036522
-0.036540
-0.036559
-0.036577
-0.036596
-0.036614
-0.036633
-0.036651
-0.036670
-0.036688
-0.036707
-0.036725
-0.036744
-0.036762
-0.036781
-0.036799
-0.036817
-0.036836
-0.036854
-0.036873
-0.036891
-0.036909
-0.036928
-0.036946
-0.036964
-0.036983
-0.037001
-0.037019
-0.037037
-0.037056
-0.037074
-0.037092
-0.037111
-0.037129
-0.037147
-0.037165
-0.037183
-0.037202
-0.037220
-0.037238
-0.037256
-0.037274
-0.037293
-0.037311
-0.037329
-0.037347
-0.037365
-0.037383
-0.037401
-0.037419
-0.037437
-0.037455
-0.037474
-0.037492
-0.037510
-0.037528
-0.037546
-0.037564
-0.037582
-0.037600
-0.037618
-0.037636
-0.037654
-0.037671
-0.037689
-0.037707
-0.037725
-0.037743
-0.037761
-0.037779
-0.037797
-0.037815
-0.037833
-0.037850
-0.037868
-0.037886
-0.037904
-0.037922
-0.037939
-0.037957
-0.037975
-0.037993
-0.038011
-0.038028
-0.038046
-0.038064
-0.038082
-0.038099
-0.038117
-0.038135
-0.038152
-0.038170
-0.038188
-0.038205
-0.038223
-0.038241
-0.038258
-0.038276
-0.038293
-0.038311
-0.038329
-0.038346
-0.038364
-0.038381
-0.038399
-0.038416
-0.038434
-0.038452
-0.038469
-0.038487
-0.038504
-0.038521
-0.038539
-0.038556
-0.038574
-0.038591
-0.038609
-0.038626
-0.038644
-0.038661
-0.038678
-0.038696
-0.038713
-0.038731
-0.038748
-0.038765
-0.038783
-0.038800
-0.038817
-0.038835
-0.038852
-0.038869
-0.038886
-0.038904
-0.038921
-0.038938
-0.038955
-0.038973
-0.038990
-0.039007
-0.039024
-0.039042
-0.039059
-0.039076
-0.039093
-0.039110
-0.039127
-0.039145
-0.039162
-0.039179
-0.039196
-0.039213
-0.039230
-0.039247
-0.039264
-0.039281
-0.039298
-0.039315
-0.039332
-0.039349
-0.039367
-0.039384
-0.039401
-0.039418
-0.039434
-0.039451
-0.039468
-0.039485
-0.039502
-0.039519
-0.039536
-0.039553
-0.039570
-0.039587
-0.039604
-0.039621
-0.039638
-0.039654
-0.039671
-0.039688
-0.039705
-0.039722
-0.039739
-0.039755
-0.039772
-0.039789
-0.039806
-0.039822
-0.039839
-0.039856
-0.039873
-0.039889
-0.039906
-0.039923
-0.039940
-0.039956
-0.039973
-0.039990
-0.040006
-0.040023
-0.040040
-0.040056
-0.040073
-0.040089
-0.040106
-0.040123
-0.040139
-0.040156
-0.040172
-0.040189
-0.040206
-0.040222
-0.040239
-0.040255
-0.040272
-0.040288
-0.040305
-0.040321
-0.040338
-0.040354
-0.040371
-0.040387
-0.040403
-0.040420
-0.040436
-0.040453
-0.040469
-0.040486
-0.040502
-0.040518
-0.040535
-0.040551
-0.040567
-0.040584
-0.040600
-0.040616
-0.040633
-0.040649
-0.040665
-0.040682
-0.040698
-0.040714
-0.040730
-0.040747
-0.040763
-0.040779
-0.040795
-0.040812
-0.040828
-0.040844
-0.040860
-0.040876
-0.040893
-0.040909
-0.040925
-0.040941
-0.040957
-0.040973
-0.040989
-0.041006
-0.041022
-0.041038
-0.041054
-0.041070
-0.041086
-0.041102
-0.041118
-0.041134
-0.041150
-0.041166
-0.041182
-0.041198
-0.041214
-0.041230
-0.041246
-0.041262
-0.041278
-0.041294
-0.041310
-0.041326
-0.041342
-0.041358
-0.041374
-0.041390
-0.041405
-0.041421
-0.041437
-0.041453
-0.041469
-0.041485
-0.041501
-0.041516
-0.041532
-0.041548
-0.041564
-0.041580
-0.041595
-0.041611
-0.041627
-0.041643
-0.041658
-0.041674
-0.041690
-0.041706
-0.041721
-0.041737
-0.041753
-0.041768
-0.041784
-0.041800
-0.041815
-0.041831
-0.041847
-0.041862
-0.041878
-0.041894
-0.041909
-0.041925
-0.041940
-0.041956
-0.041971
-0.041987
-0.042003
-0.042018
-0.042034
-0.042049
-0.042065
-0.042080
-0.042096
-0.042111
-0.042127
-0.042142
-0.042158
-0.042173
-0.042188
-0.042204
-0.042219
-0.042235
-0.042250
-0.042266
-0.042281
-0.042296
-0.042312
-0.042327
-0.042342
-0.042358
-0.042373
-0.042389
-0.042404
-0.042419
-0.042434
-0.042450
-0.042465
-0.042480
-0.042496
-0.042511
-0.042526
-0.042541
-0.042557
-0.042572
-0.042587
-0.042602
-0.042618
-0.042633
-0.042648
-0.042663
-0.042678
-0.042693
-0.042709
-0.042724
-0.042739
-0.042754
-0.042769
-0.042784
-0.042799
-0.042814
-0.042829
-0.042845
-0.042860
-0.042875
-0.042890
-0.042905
-0.042920
-0.042935
-0.042950
-0.042965
-0.042980
-0.042995
-0.043010
-0.043025
-0.043040
-0.043055
-0.043070
-0.043085
-0.043100
-0.043115
-0.043129
-0.043144
-0.043159
-0.043174
-0.043189
-0.043204
-0.043219
-0.043234
-0.043248
-0.043263
-0.043278
-0.043293
-0.043308
-0.043323
-0.043337
-0.043352
-0.043367
-0.043382
-0.043396
-0.043411
-0.043426
-0.043441
-0.043455
-0.043470
-0.043485
-0.043500
-0.043514
-0.043529
-0.043544
-0.043558
-0.043573
-0.043588
-0.043602
-0.043617
-0.043632
-0.043646
-0.043661
-0.043675
-0.043690
-0.043705
-0.043719
-0.043734
-0.043748
-0.043763
-0.043777
-0.043792
-0.043807
-0.043821
-0.043836
-0.043850
-0.043865
-0.043879
-0.043894
-0.043908
-0.043923
-0.043937
-0.043951
-0.043966
-0.043980
-0.043995
-0.044009
-0.044024
-0.044038
-0.044052
-0.044067
-0.044081
-0.044095
-0.044110
-0.044124
-0.044139
-0.044153
-0.044167
-0.044182
-0.044196
-0.044210
-0.044224
-0.044239
-0.044253
-0.044267
-0.044282
-0.044296
-0.044310
-0.044324
-0.044338
-0.044353
-0.044367
-0.044381
-0.044395
-0.044409
-0.044424
-0.044438
-0.044452
-0.044466
-0.044480
-0.044494
-0.044509
-0.044523
-0.044537
-0.044551
-0.044565
-0.044579
-0.044593
-0.044607
-0.044621
-0.044635
-0.044649
-0.044664
-0.044678
-0.044692
-0.044706
-0.044720
-0.044734
-0.044748
-0.044762
-0.044776
-0.044790
-0.044804
-0.044817
-0.044831
-0.044845
-0.044859
-0.044873
-0.044887
-0.044901
-0.044915
-0.044929
-0.044943
-0.044957
-0.044970
-0.044984
-0.044998
-0.045012
-0.045026
-0.045040
-0.045053
-0.045067
-0.044767
-0.043558
-0.040758
-0.035970
-0.029130
-0.020394
-0.010028
0.001674
0.014424
0.027960
0.042051
0.056497
0.071131
0.085813
0.100428
0.114887
0.129116
0.143060
0.156677
0.169935
0.182812
0.195292
0.207367
0.219033
0.230289
0.241140
0.251589
0.261644
0.271313
0.280607
0.289536
0.298110
0.306341
0.314239
0.321817
0.329086
0.336056
0.342738
0.349144
0.355283
0.361165
0.366800
0.372197
0.377366
0.382314
0.387051
0.391583
0.395919
0.400066
0.404032
0.408118
0.412902
0.419043
0.426940
0.436671
0.448098
0.460979
0.475036
0.489998
0.505617
0.521675
0.537982
0.554377
0.570727
0.586924
0.602881
0.618532
0.633822
0.648714
0.663177
0.677192
0.690746
0.703833
0.716449
0.728597
0.740281
0.751508
0.762286
0.772626
0.782537
0.792032
0.801123
0.809822
0.818141
0.826094
0.833691
0.840946
0.847870
0.854476
0.860773
0.866774
0.872488
0.877927
0.883100
0.888016
0.892686
0.897117
0.901318
0.905298
0.909063
0.912928
0.917475
0.923377
0.931038
0.940548
0.951779
0.964502
0.978449
0.993354
1.008973
1.025085
1.041494
1.058033
1.074562
1.090963
1.107144
1.123030
1.138562
1.153698
1.168403
1.182655
1.196437
1.209742
1.222563
1.234902
1.246762
1.258148
1.269068
1.279532
1.289550
1.299133
1.308294
1.317045
1.325398
1.333366
1.340961
1.348196
1.355083
1.361633
1.367859
1.373771
1.379381
1.384699
1.389736
1.394501
1.399003
1.403253
1.407258
1.411028
1.414571
1.418190
1.422461
1.428052
1.435377
1.444540
1.455429
1.467825
1.481466
1.496091
1.511458
1.527345
1.543555
1.559917
1.576288
1.592548
1.608600
1.624366
1.639786
1.654811
1.669408
1.683550
1.697219
1.710406
1.723104
1.735311
1.747031
1.758267
1.769028
1.779322
1.789158
1.798548
1.807504
1.816037
1.824161
1.831887
1.839227
1.846195
1.852803
1.859062
1.864984
1.870581
1.875864
1.880844
1.885530
1.889933
1.894064
1.897930
1.901542
1.904908
1.908036
1.910935
1.913613
1.916076
1.918332
1.920388
1.922251
1.923926
1.925421
1.926742
1.927893
1.928881
1.929710
1.930387
1.930915
1.931300
1.931546
1.931658
1.931639
1.931495
1.931229
1.930844
1.930345
1.929735
1.929018
1.928197
1.927274
1.926254
1.925140
1.923933
1.922638
1.921256
1.919791
1.918245
1.916621
1.914920
1.913146
1.911300
1.909385
1.907403
1.905356
1.903245
1.901073
1.898843
1.896554
1.894210
1.891812
1.889361
1.886860
1.884310
1.881712
1.879068
1.876379
1.873646
1.870872
1.868057
1.865203
1.862310
1.859380
1.856415
1.853415
1.850381
1.847314
1.844216
1.841088
1.837930
1.834743
1.831529
1.828288
1.825021
1.821730
1.818413
1.815074
1.811712
1.808328
1.804922
1.801497
1.798051
1.794587
1.791104
1.787603
1.784085
1.780551
1.777000
1.773435
1.769854
1.766259
1.762650
1.759028
1.755394
1.751747
1.748088
1.744418
1.740737
1.737045
1.733344
1.729633
1.725912
1.722183
1.718445
1.714699
1.710946
1.707184
1.703416
1.699642
1.695860
1.692073
1.688280
1.684481
1.680678
1.676869
1.673056
1.669238
1.665416
1.661590
1.657761
1.653928
1.650093
1.646254
1.642412
1.638568
1.634722
1.630874
1.627024
1.623172
1.619319
1.615464
1.611609
1.607752
1.603895
1.600037
1.596179
1.592320
1.588462
1.584603
1.580744
1.576886
1.573029
1.569172
1.565315
1.561460
1.557605
1.553752
1.549900
1.546049
1.542200
1.538352
1.534506
1.530662
1.526819
1.522979
1.519141
1.515305
1.511471
1.507640
1.503811
1.499985
1.496161
1.492341
1.488523
1.484707
1.480895
1.477086
1.473280
1.469477
1.465678
1.461881
1.458088
1.454299
1.450513
1.446731
1.442952
1.439178
1.435406
1.431639
1.427876
1.424116
1.420361
1.416610
1.412862
1.409119
1.405380
1.401646
1.397915
1.394189
1.390468
1.386750
1.383038
1.379329
1.375626
1.371926
1.368232
1.364542
1.360857
1.357176
1.353501
1.349830
1.346164
1.342503
1.338847
1.335195
1.331549
1.327908
1.324271
1.320640
1.317014
1.313393
1.309777
1.306167
1.302561
1.298961
1.295366
1.291776
1.288192
1.284613
1.281039
1.277470
1.273907
1.270350
1.266797
1.263251
1.259709
1.256173
1.252643
1.249118
1.245599
1.242085
1.238577
1.235074
1.231577
1.228086
1.224600
1.221120
1.217646
1.214177
1.210714
1.207257
1.203805
1.200360
1.196919
1.193485
1.190057
1.186634
1.183217
1.179806
1.176401
1.173001
1.169608
1.166220
1.162838
1.159462
1.156092
1.152727
1.149369
1.146017
1.142670
1.139330
1.135995
1.132666
1.129343
1.126027
1.122716
1.119411
1.116112
1.112819
1.109533
1.106252
1.102977
1.099708
1.096445
1.093189
1.089938
1.086693
1.083455
1.080222
1.076995
1.073775
1.070561
1.067352
1.064150
1.060954
1.057764
1.054580
1.051402
1.048230
1.045064
1.041904
1.038751
1.035603
1.032462
1.029326
1.026197
1.023074
1.019957
1.016846
1.013742
1.010643
1.007550
1.004464
1.001384
0.998310
0.995242
0.992180
0.989124
0.986074
0.983031
0.979994
0.976962
0.973937
0.970918
0.967905
0.964899
0.961898
0.958904
0.955915
0.952933
0.949957
0.946987
0.944023
0.941066
0.938114
0.935168
0.932229
0.929296
0.926369
0.923448
0.920533
0.917624
0.914721
0.911825
0.908934
0.906050
0.903172
0.900300
0.897434
0.894574
0.891720
0.888872
0.886030
0.883195
0.880365
0.877542
0.874725
0.871913
0.869108
0.866309
0.863516
0.860729
0.857948
0.855174
0.852405
0.849642
0.846885
0.844135
0.841390
0.838652
0.835919
0.833193
0.830472
0.827758
0.825049
0.822347
0.819651
0.816960
0.814276
0.811597
0.808925
0.806259
0.803598
0.800944
0.798295
0.795653
0.793016
0.790386
0.787761
0.785142
0.782529
0.779923
0.777322
0.774727
0.772138
0.769555
0.766977
0.764406
0.761841
0.759281
0.756728
0.754180
0.751638
0.749102
0.746572
0.744048
0.741530
0.739017
0.736511
0.734010
0.731515
0.729026
0.726543
0.724065
0.721594
0.719128
0.716668
0.714214
0.711765
0.709322
0.706886
0.704454
0.702029
0.699609
0.697196
0.694788
0.692385
0.689988
0.687598
0.685212
0.682833
0.680459
0.678091
0.675729
0.673372
0.671021
0.668675
0.666336
0.664002
0.661673
0.659350
0.657033
0.654722
0.652416
0.650115
0.647821
0.645532
0.643248
0.640970
0.638698
0.636431
0.634170
0.631915
0.629664
0.627420
0.625181
0.622948
0.620720
0.618497
0.616280
0.614069
0.611863
0.609662
0.607468
0.605278
0.603094
0.600915
0.598742
0.596575
0.594412
0.592255
0.590104
0.587958
0.585817
0.583682
0.581552
0.579428
0.577309
0.575195
0.573086
0.570983
0.568885
0.566793
0.564706
0.562624
0.560548
0.558476
0.556411
0.554350
0.552294
0.550244
0.548199
0.546160
0.544125
0.542096
0.540072
0.538054
0.536040
0.534032
0.532029
0.530031
0.528038
0.526050
0.524068
0.522091
0.520118
0.518151
0.516189
0.514233
0.512281
0.510334
0.508393
0.506456
0.504525
0.502599
0.500677
0.498761
0.496850
0.494944
0.493043
0.491147
0.489256
0.487369
0.485488
0.483612
0.481741
0.479875
0.478014
0.476157
0.474306
0.472459
0.470618
0.468781
0.466950
0.465123
0.463301
0.461484
0.459671
0.457864
0.456062
0.454264
0.452471
0.450683
0.448900
0.447121
0.445348
0.443579
0.441815
0.440056
0.438301
0.436552
0.434807
0.433066
0.431331
0.429600
0.427874
0.426152
0.424436
0.422723
0.421016
0.419313
0.417615
0.415922
0.414233
0.412549
0.410869
0.409195
0.407524
0.405859
0.404197
0.402541
0.400889
0.399241
0.397599
0.395960
0.394326
0.392697
0.391072
0.389452
0.387836
0.386225
0.384618
0.383016
0.381418
0.379825
0.378236
0.376652
0.375072
0.373496
0.371925
0.370358
0.368795
0.367237
0.365684
0.364134
0.362589
0.361049
0.359513
0.357981
0.356453
0.354930
0.353411
0.351896
0.350386
0.348880
0.347378
0.345880
0.344387
0.342898
0.341413
0.339932
0.338456
0.336984
0.335516
0.334052
0.332592
0.331137
0.329686
0.328239
0.326796
0.325357
0.323922
0.322492
0.321065
0.319643
0.318224
0.316810
0.315400
0.313994
0.312592
0.311194
0.309800
0.308411
0.307025
0.305643
0.304265
0.302892
0.301522
0.300156
0.298794
0.297436
0.296082
0.294732
0.293386
0.292044
0.290706
0.289372
0.288042
0.286715
0.285393
0.284074
0.282759
0.281448
0.280141
0.278838
0.277539
0.276243
0.274951
0.273663
0.272379
0.271099
0.269823
0.268550
0.267281
0.266016
0.264754
0.263496
0.262243
0.260992
0.259746
0.258503
0.257264
0.256028
0.254797
0.253569
0.252344
0.251124
0.249907
0.248693
0.247484
0.246277
0.245075
0.243876
0.242681
0.241489
0.240301
0.239116
0.237936
0.236758
0.235584
0.234414
0.233247
0.232084
0.230924
0.229768
0.228616
0.227466
0.226321
0.225179
0.224040
0.222905
0.221773
0.220644
0.219520
0.218398
0.217280
0.216165
0.215054
0.213946
0.212842
0.211741
0.210643
0.209549
0.208458
0.207370
0.206286
0.205205
0.204128
0.203054
0.201983
0.200915
0.199851
0.198790
0.197732
0.196677
0.195626
0.194578
0.193534
0.192492
0.191454
0.190419
0.189387
0.188359
0.187333
0.186311
0.185292
0.184276
0.183264
0.182254
0.181248
0.180245
0.179245
0.178248
0.177254
0.176264
0.175276
0.174292
0.173310
0.172332
0.171357
0.170385
0.169416
0.168450
0.167487
0.166527
0.165570
0.164617
0.163666
0.162718
0.161773
0.160832
0.159893
0.158957
0.158024
0.157095
0.156168
0.155244
0.154323
0.153405
0.152490
0.151578
0.150668
0.149762
0.148859
0.147958
0.147061
0.146166
0.145274
0.144385
0.143499
0.142616
0.141735
0.140858
0.139983
0.139111
0.138242
0.137375
0.136512
0.135651
0.134793
0.133938
0.133086
0.132236
0.131389
0.130545
0.129704
0.128865
0.128029
0.127196
0.126366
0.125538
0.124713
0.123891
0.123071
0.122254
0.121440
0.120629
0.119820
0.119013
0.118210
0.117409
0.116610
0.115815
0.115022
0.114231
0.113443
0.112658
0.111876
0.111096
0.110318
0.109543
0.108771
0.108001
0.107234
0.106469
0.105707
0.104948
0.104190
0.103436
0.102684
0.101934
0.101187
0.100443
0.099701
0.098961
0.098224
0.097490
0.096758
0.096028
0.095301
0.094576
0.093854
0.093134
0.092417
0.091702
0.090989
0.090279
0.089571
0.088865
0.088162
0.087462
0.086764
0.086068
0.085374
0.084683
0.083994
0.083308
0.082623
0.081942
0.081262
0.080585
0.079910
0.079238
0.078567
0.077899
0.077234
0.076570
0.075909
0.075250
0.074594
0.073940
0.073287
0.072638
0.071990
0.071345
0.070702
0.070061
0.069422
0.068786
0.068151
0.067519
0.066890
0.066262
0.065636
0.065013
0.064392
0.063773
0.063156
0.062541
0.061929
0.061319
0.060710
0.060104
0.059500
0.058898
0.058299
0.057701
0.057105
0.056512
0.055921
0.055331
0.054744
0.054159
0.053576
0.052995
0.052416
0.051839
0.051264
0.050691
0.050121
0.049552
0.048985
0.048421
0.047858
0.047297
0.046738
0.046182
0.045627
0.045074
0.044524
0.043975
0.043428
0.042883
0.042340
0.041800
0.041261
0.040724
0.040189
0.039655
0.039124
0.038595
0.038067
0.037542
0.037018
0.036497
0.035977
0.035459
0.034943
0.034429
0.033917
0.033406
0.032898
0.032391
0.031886
0.031384
0.030882
0.030383
0.029886
0.029390
0.028896
0.028404
0.027914
0.027426
0.026939
0.026455
0.025972
0.025491
0.025011
0.024534
0.024058
0.023584
0.023112
0.022641
0.022172
0.021705
0.021240
0.020777
0.020315
0.019855
0.019397
0.018940
0.018485
0.018032
0.017581
0.017131
0.016683
0.016236
0.015792
0.015349
0.014908
0.014468
0.014030
0.013594
0.013159
0.012726
0.012295
0.011865
0.011437
0.011011
0.010586
0.010163
0.009741
0.009322
0.008903
0.008487
0.008072
0.007658
0.007246
0.006836
0.006428
0.006021
0.005615
0.005211
0.004809
0.004408
0.004009
0.003611
0.003215
0.002821
0.002428
0.002036
0.001646
0.001258
0.000871
0.000486
0.000102
-0.000280
-0.000661
-0.001040
-0.001418
-0.001794
-0.002169
-0.002542
-0.002914
-0.003284
-0.003653
-0.004020
-0.004386
-0.004750
-0.005113
-0.005475
-0.005835
-0.006193
-0.006550
-0.006906
-0.007260
-0.007613
-0.007964
-0.008314
-0.008662
-0.009010
-0.009355
-0.009699
-0.010042
-0.010384
-0.010724
-0.011062
-0.011400
-0.011735
-0.012070
-0.012403
-0.012735
-0.013065
-0.013394
-0.013722
-0.014048
-0.014373
-0.014696
-0.015018
-0.015339
-0.015659
-0.015977
-0.016293
-0.016609
-0.016923
-0.017236
-0.017547
-0.017858
-0.018166
-0.018474
-0.018780
-0.019085
-0.019389
-0.019691
-0.019992
-0.020292
-0.020590
-0.020888
-0.021184
-0.021478
-0.021772
-0.022064
-0.022355
-0.022644
-0.022932
-0.023220
-0.023505
-0.023790
-0.024073
-0.024355
-0.024636
-0.024916
-0.025194
-0.025471
-0.025747
-0.026022
-0.026296
-0.026568
-0.026839
-0.027109
-0.027378
-0.027645
-0.027911
-0.028177
-0.028441
-0.028703
-0.028965
-0.029225
-0.029484
-0.029742
-0.029999
-0.030255
-0.030510
-0.030763
-0.031015
-0.031266
-0.031516
-0.031765
-0.032013
-0.032259
-0.032504
-0.032749
-0.032992
-0.033234
-0.033475
-0.033714
-0.033953
-0.034191
-0.034427
-0.034662
-0.034896
-0.035130
-0.035362
-0.035592
-0.035822
-0.036051
-0.036279
-0.036505
-0.036731
-0.036955
-0.037178
-0.037401
-0.037622
-0.037842
-0.038061
-0.038279
-0.038496
-0.038712
-0.038927
-0.039141
-0.039354
-0.039565
-0.039776
-0.039986
-0.040194
-0.040402
-0.040609
-0.040814
-0.041019
-0.041222
-0.041425
-0.041626
-0.041827
-0.042026
-0.042225
-0.042423
-0.042619
-0.042815
-0.043009
-0.043203
-0.043395
-0.043587
-0.043778
-0.043967
-0.044156
-0.044344
-0.044531
-0.044716
-0.044901
-0.045085
-0.045268
-0.045450
-0.045631
-0.045811
-0.045990
-0.046169
-0.046346
-0.046522
-0.046698
-0.046872
-0.047046
-0.047218
-0.047390
-0.047561
-0.047731
-0.047900
-0.048068
-0.048235
-0.048402
-0.048567
-0.048732
-0.048895
-0.049058
-0.049220
-0.049381
-0.049541
-0.049700
-0.049858
-0.050016
-0.050172
-0.050328
-0.050483
-0.050637
-0.050790
-0.050942
-0.051094
-0.051244
-0.051394
-0.051543
-0.051691
-0.051838
-0.051984
-0.052130
-0.052275
-0.052418
-0.052561
-0.052704
-0.052845
-0.052986
-0.053125
-0.053264
-0.053403
-0.053540
-0.053676
-0.053812
-0.053947
-0.054081
-0.054215
-0.054347
-0.054479
-0.054610
-0.054740
-0.054869
-0.054998
-0.055126
-0.055253
-0.055379
-0.055505
-0.055630
-0.055754
-0.055877
-0.056000
-0.056121
-0.056242
-0.056363
-0.056482
-0.056601
-0.056719
-0.056836
-0.056953
-0.057069
-0.057184
-0.057298
-0.057412
-0.057525
-0.057637
-0.057749
-0.057859
-0.057969
-0.058079
-0.058187
-0.058295
-0.058403
-0.058509
-0.058615
-0.058720
-0.058825
-0.058929
-0.059032
-0.059134
-0.059236
-0.059337
-0.059437
-0.059537
-0.059636
-0.059735
-0.059832
-0.059929
-0.060026
-0.060122
-0.060217
-0.060311
-0.060405
-0.060498
-0.060591
-0.060683
-0.060774
-0.060864
-0.060954
-0.061044
-0.061132
-0.061221
-0.061308
-0.061395
-0.061481
-0.061567
-0.061652
-0.061736
-0.061820
-0.061903
-0.061986
-0.062068
-0.062149
-0.062230
-0.062310
-0.062390
-0.062469
-0.062547
-0.062625
-0.062702
-0.062779
-0.062855
-0.062931
-0.063006
-0.063080
-0.063154
-0.063227
-0.063300
-0.063372
-0.063444
-0.063515
-0.063585
-0.063655
-0.063724
-0.063793
-0.063862
-0.063929
-0.063997
-0.064063
-0.064130
-0.064195
-0.064260
-0.064325
-0.064389
-0.064453
-0.064516
-0.064578
-0.064640
-0.064702
-0.064763
-0.064823
-0.064883
-0.064943
-0.065002
-0.065060
-0.065118
-0.065176
-0.065233
-0.065290
-0.065346
-0.065401
-0.065456
-0.065511
-0.065565
-0.065619
-0.065672
-0.065725
-0.065777
-0.065829
-0.065880
-0.065931
-0.065982
-0.066032
-0.066081
-0.066131
-0.066179
-0.066227
-0.066275
-0.066323
-0.066370
-0.066416
-0.066462
-0.066508
-0.066553
-0.066598
-0.066642
-0.066686
-0.066729
-0.066773
-0.066815
-0.066857
-0.066899
-0.066941
-0.066982
-0.067022
-0.067063
-0.067102
-0.067142
-0.067181
-0.067220
-0.067258
-0.067296
-0.067333
-0.067370
-0.067407
-0.067443
-0.067479
-0.067515
-0.067550
-0.067585
-0.067619
-0.067654
-0.067687
-0.067721
-0.067754
-0.067786
-0.067819
-0.067851
-0.067882
-0.067914
-0.067944
-0.067975
-0.068005
-0.068035
-0.068065
-0.068094
-0.068123
-0.068151
-0.068179
-0.068207
-0.068235
-0.068262
-0.068289
-0.068315
-0.068342
-0.068368
-0.068393
-0.068419
-0.068444
-0.068468
-0.068493
-0.068517
-0.068540
-0.068564
-0.068587
-0.068610
-0.068632
-0.068655
-0.068677
-0.068698
-0.068720
-0.068741
-0.068762
-0.068782
-0.068802
-0.068822
-0.068842
-0.068861
-0.068881
-0.068899
-0.068918
-0.068936
-0.068954
-0.068972
-0.068990
-0.069007
-0.069024
-0.069041
-0.069057
-0.069074
-0.069090
-0.069105
-0.069121
-0.069136
-0.069151
-0.069166
-0.069180
-0.069194
-0.069208
-0.069222
-0.069236
-0.069249
-0.069262
-0.069275
-0.069288
-0.069300
-0.069312
-0.069324
-0.069336
-0.069347
-0.069359
-0.069370
-0.069380
-0.069391
-0.069401
-0.069412
-0.069422
-0.069431
-0.069441
-0.069450
-0.069459
-0.069468
-0.069477
-0.069486
-0.069494
-0.069502
-0.069510
-0.069518
-0.069526
-0.069533
-0.069540
-0.069547
-0.069554
-0.069561
-0.069567
-0.069573
-0.069579
-0.069585
-0.069591
-0.069597
-0.069602
-0.069607
-0.069612
-0.069617
-0.069622
-0.069626
-0.069630
-0.069635
-0.069639
-0.069643
-0.069646
-0.069650
-0.069653
-0.069656
-0.069659
-0.069662
-0.069665
-0.069668
-0.069670
-0.069672
-0.069674
-0.069676
-0.069678
-0.069680
-0.069682
-0.069683
-0.069684
-0.069685
-0.069686
-0.069687
-0.069688
-0.069689
-0.069689
-0.069689
-0.069689
-0.069690
-0.069689
-0.069689
-0.069689
-0.069688
-0.069688
-0.069687
-0.069686
-0.069685
-0.069684
-0.069683
-0.069682
-0.069680
-0.069679
-0.069677
-0.069675
-0.069673
-0.069671
-0.069669
-0.069667
-0.069665
-0.069662
-0.069660
-0.069657
-0.069654
-0.069651
-0.069648
-0.069645
-0.069642
-0.069639
-0.069636
-0.069632
-0.069628
-0.069625
-0.069621
-0.069617
-0.069613
-0.069609
-0.069605
-0.069601
-0.069596
-0.069592
-0.069588
-0.069583
-0.069578
-0.069574
-0.069569
-0.069564
-0.069559
-0.069554
-0.069549
-0.069543
-0.069538
-0.069533
-0.069527
-0.069522
-0.069516
-0.069510
-0.069504
-0.069499
-0.069493
-0.069487
-0.069480
-0.069474
-0.069468
-0.069462
-0.069455
-0.069449
-0.069443
-0.069436
-0.069429
-0.069423
-0.069416
-0.069409
-0.069402
-0.069395
-0.069388
-0.069381
-0.069374
-0.069367
-0.069360
-0.069352
-0.069345
-0.069338
-0.069330
-0.069323
-0.069315
-0.069308
-0.069300
-0.069292
-0.069284
-0.069277
-0.069269
-0.069261
-0.069253
-0.069245
-0.069237
-0.069229
-0.069220
-0.069212
-0.069204
-0.069196
-0.069187
-0.069179
-0.069171
-0.069162
-0.069154
-0.069145
-0.069136
-0.069128
-0.069119
-0.069110
-0.069102
-0.069093
-0.069084
-0.069075
-0.069066
-0.069057
-0.069048
-0.069040
-0.069030
-0.069021
-0.069012
-0.069003
-0.068994
-0.068985
-0.068976
-0.068966
-0.068957
-0.068948
-0.068938
-0.068929
-0.068920
-0.068910
-0.068901
-0.068891
-0.068882
-0.068872
-0.068863
-0.068853
-0.068844
-0.068834
-0.068824
-0.068815
-0.068805
-0.068795
-0.068786
-0.068776
-0.068766
-0.068756
-0.068747
-0.068737
-0.068727
-0.068717
-0.068707
-0.068697
-0.068687
-0.068677
-0.068667
-0.068657
-0.068647
-0.068637
-0.068627
-0.068617
-0.068607
-0.068597
-0.068587
-0.068577
-0.068567
-0.068557
-0.068547
-0.068537
-0.068527
-0.068516
-0.068506
-0.068496
-0.068486
-0.068476
-0.068466
-0.068455
-0.068445
-0.068435
-0.068425
-0.068414
-0.068404
-0.068394
-0.068384
-0.068373
-0.068363
-0.068353
-0.068343
-0.068332
-0.068322
-0.068312
-0.068301
-0.068291
-0.068281
-0.068270
-0.068260
-0.068250
-0.068239
-0.068229
-0.068219
-0.068208
-0.068198
-0.068188
-0.068177
-0.068167
-0.068157
-0.068146
-0.068136
-0.068126
-0.068115
-0.068105
-0.068095
-0.068084
-0.068074
-0.068064
-0.068053
-0.068043
-0.068033
-0.068022
-0.068012
-0.068002
-0.067991
-0.067981
-0.067971
-0.067960
-0.067950
-0.067940
-0.067930
-0.067919
-0.067909
-0.067899
-0.067888
-0.067878
-0.067868
-0.067858
-0.067847
-0.067837
-0.067827
-0.067817
-0.067806
-0.067796
-0.067786
-0.067776
-0.067766
-0.067755
-0.067745
-0.067735
-0.067725
-0.067715
-0.067705
-0.067694
-0.067684
-0.067674
-0.067664
-0.067654
-0.067644
-0.067634
-0.067624
-0.067614
-0.067603
-0.067593
-0.067583
-0.067573
-0.067563
-0.067553
-0.067543
-0.067533
-0.067523
-0.067513
-0.067503
-0.067493
-0.067484
-0.067474
-0.067464
-0.067454
-0.067444
-0.067434
-0.067424
-0.067414
-0.067404
-0.067395
-0.067385
-0.067375
-0.067365
-0.067355
-0.067346
-0.067336
-0.067326
-0.067316
-0.067307
-0.067297
-0.067287
-0.067278
-0.067268
-0.067258
-0.067249
-0.067239
-0.067230
-0.067220
-0.067210
-0.067201
-0.067191
-0.067182
-0.067172
-0.067163
-0.067153
-0.067144
-0.067134
-0.067125
-0.067116
-0.067106
-0.067097
-0.067087
-0.067078
-0.067069
-0.067059
-0.067050
-0.067041
-0.067031
-0.067022
-0.067013
-0.067004
-0.066994
-0.066985
-0.066976
-0.066967
-0.066958
-0.066949
-0.066940
-0.066930
-0.066921
-0.066912
-0.066903
-0.066894
-0.066885
-0.066876
-0.066867
-0.066858
-0.066849
-0.066840
-0.066831
-0.066823
-0.066814
-0.066805
-0.066796
-0.066787
-0.066778
-0.066770
-0.066761
-0.066752
-0.066743
-0.066735
-0.066726
-0.066717
-0.066708
-0.066700
-0.066691
-0.066683
-0.066674
-0.066665
-0.066657
-0.066648
-0.066640
-0.066631
-0.066623
-0.066614
-0.066606
-0.066597
-0.066589
-0.066581
-0.066572
-0.066564
-0.066556
-0.066547
-0.066539
-0.066531
-0.066522
-0.066514
-0.066506
-0.066498
-0.066490
-0.066481
-0.066473
-0.066465
-0.066457
-0.066449
-0.066441
-0.066433
-0.066425
-0.066417
-0.066409
-0.066401
-0.066393
-0.066385
-0.066377
-0.066369
-0.066361
-0.066353
-0.066345
-0.066337
-0.066330
-0.066322
-0.066314
-0.066306
-0.066299
-0.066291
-0.066283
-0.066275
-0.066268
-0.066260
-0.066252
-0.066245
-0.066237
-0.066230
-0.066222
-0.066215
-0.066207
-0.066200
-0.066192
-0.066185
-0.066177
-0.066170
-0.066162
-0.066155
-0.066148
-0.066140
-0.066133
-0.066126
-0.066118
-0.066111
-0.066104
-0.066097
-0.066089
-0.066082
-0.066075
-0.066068
-0.066061
-0.066054
-0.066047
-0.066040
-0.066032
-0.066025
-0.066018
-0.066011
-0.066004
-0.065997
-0.065991
-0.065984
-0.065977
-0.065970
-0.065963
-0.065956
-0.065949
-0.065942
-0.065936
-0.065929
-0.065922
-0.065915
-0.065909
-0.065902
-0.065895
-0.065889
-0.065882
-0.065875
-0.065869
-0.065862
-0.065856
-0.065849
-0.065843
-0.065836
-0.065830
-0.065823
-0.065817
-0.065810
-0.065804
-0.065797
-0.065791
-0.065785
-0.065778
-0.065772
-0.065766
-0.065759
-0.065753
-0.065747
-0.065741
-0.065734
-0.065728
-0.065722
-0.065716
-0.065710
-0.065704
-0.065697
-0.065691
-0.065685
-0.065679
-0.065673
-0.065667
-0.065661
-0.065655
-0.065649
-0.065643
-0.065637
-0.065631
-0.065626
-0.065620
-0.065614
-0.065608
-0.065602
-0.065596
-0.065591
-0.065585
-0.065579
-0.065573
-0.065568
-0.065562
-0.065556
-0.065551
-0.065545
-0.065539
-0.065534
-0.065528
-0.065523
-0.065517
-0.065512
-0.065506
-0.065501
-0.065495
-0.065490
-0.065484
-0.065479
-0.065473
-0.065468
-0.065463
-0.065457
-0.065452
-0.065447
-0.065441
-0.065436
-0.065431
-0.065425
-0.065420
-0.065415
-0.065410
-0.065405
-0.065399
-0.065394
-0.065389
-0.065384
-0.065379
-0.065374
-0.065369
-0.065364
-0.065359
-0.065354
-0.065349
-0.065344
-0.065339
-0.065334
-0.065329
-0.065324
-0.065319
-0.065314
-0.065309
-0.065304
-0.065300
-0.065295
-0.065290
-0.065285
-0.065280
-0.065276
-0.065271
-0.065266
-0.065262
-0.065257
-0.065252
-0.065248
-0.065243
-0.065238
-0.065234
-0.065229
-0.065225
-0.065220
-0.065215
-0.065211
-0.065206
-0.065202
-0.065197
-0.065193
-0.065188
-0.065184
-0.065180
-0.065175
-0.065171
-0.065167
-0.065162
-0.065158
-0.065153
-0.065149
-0.065145
-0.065141
-0.065136
-0.065132
-0.065128
-0.065124
-0.065119
-0.065115
-0.065111
-0.065107
-0.065103
-0.065099
-0.065095
-0.065091
-0.065086
-0.065082
-0.065078
-0.065074
-0.065070
-0.065066
-0.065062
-0.065058
-0.065054
-0.065050
-0.065047
-0.065043
-0.065039
-0.065035
-0.065031
-0.065027
-0.065023
-0.065019
-0.065016
-0.065012
-0.065008
-0.065004
-0.065001
-0.064997
-0.064993
-0.064989
-0.064986
-0.064982
-0.064978
-0.064975
-0.064971
-0.064967
-0.064964
-0.064960
-0.064957
-0.064953
-0.064950
-0.064946
-0.064942
-0.064939
-0.064935
-0.064932
-0.064928
-0.064925
-0.064922
-0.064918
-0.064915
-0.064911
-0.064908
-0.064905
-0.064901
-0.064898
-0.064895
-0.064891
-0.064888
-0.064885
-0.064881
-0.064878
-0.064875
-0.064872
-0.064868
-0.064865
-0.064862
-0.064859
-0.064856
-0.064852
-0.064849
-0.064846
-0.064843
-0.064840
-0.064837
-0.064834
-0.064831
-0.064828
-0.064825
-0.064822
-0.064819
-0.064816
-0.064813
-0.064810
-0.064807
-0.064804
-0.064801
-0.064798
-0.064795
-0.064792
-0.064789
-0.064786
-0.064783
-0.064780
-0.064778
-0.064775
-0.064772
-0.064769
-0.064766
-0.064764
-0.064761
-0.064758
-0.064755
-0.064753
-0.064750
-0.064747
-0.064744
-0.064742
-0.064739
-0.064736
-0.064734
-0.064731
-0.064729
-0.064726
-0.064723
-0.064721
-0.064718
-0.064716
-0.064713
-0.064711
-0.064708
-0.064705
-0.064703
-0.064700
-0.064698
-0.064695
-0.064693
-0.064691
-0.064688
-0.064686
-0.064683
-0.064681
-0.064679
-0.064676
-0.064674
-0.064671
-0.064669
-0.064667
-0.064664
-0.064662
-0.064660
-0.064657
-0.064655
-0.064653
-0.064651
-0.064648
-0.064646
-0.064644

