0.000000
0.000000
-0.000026
-0.000052
-0.000077
-0.000103
-0.000128
-0.000153
-0.000177
-0.000201
-0.000224
-0.000247
-0.000270
-0.000293
-0.000315
-0.000337
-0.000359
-0.000380
-0.000402
-0.000423
-0.000444
-0.000465
-0.000485
-0.000506
-0.000526
-0.000547
-0.000567
-0.000587
-0.000607
-0.000627
-0.000647
-0.000667
-0.000687
-0.000707
-0.000726
-0.000746
-0.000766
-0.000785
-0.000805
-0.000824
-0.000844
-0.000863
-0.000883
-0.000902
-0.000922
-0.000941
-0.000961
-0.000980
-0.001000
-0.001019
-0.001038
-0.001058
-0.001077
-0.001097
-0.001116
-0.001135
-0.001155
-0.001174
-0.001194
-0.001213
-0.001233
-0.001252
-0.001271
-0.001291
-0.001310
-0.001330
-0.001349
-0.001369
-0.001388
-0.001408
-0.001428
-0.001447
-0.001467
-0.001486
-0.001506
-0.001525
-0.001545
-0.001565
-0.001584
-0.001604
-0.001624
-0.001644
-0.001663
-0.001683
-0.001703
-0.001723
-0.001743
-0.001762
-0.001782
-0.001802
-0.001822
-0.001842
-0.001862
-0.001882
-0.001902
-0.001922
-0.001942
-0.001962
-0.001982
-0.002002
-0.002022
-0.002042
-0.002063
-0.002083
-0.002103
-0.002123
-0.002143
-0.002164
-0.002184
-0.002204
-0.002225
-0.002245
-0.002265
-0.002286
-0.002306
-0.002326
-0.002347
-0.002367
-0.002388
-0.002408
-0.002429
-0.002449
-0.002470
-0.002491
-0.002511
-0.002532
-0.002553
-0.002573
-0.002594
-0.002615
-0.002635
-0.002656
-0.002677
-0.002698
-0.002719
-0.002739
-0.002760
-0.002781
-0.002802
-0.002823
-0.002844
-0.002865
-0.002886
-0.002907
-0.002928
-0.002949
-0.002970
-0.002991
-0.003012
-0.003033
-0.003054
-0.003075
-0.003097
-0.003118
-0.003139
-0.003160
-0.003181
-0.003203
-0.003224
-0.003245
-0.003266
-0.003288
-0.003309
-0.003330
-0.003352
-0.003373
-0.003395
-0.003416
-0.003437
-0.003459
-0.003480
-0.003502
-0.003523
-0.003545
-0.003566
-0.003588
-0.003610
-0.003631
-0.003653
-0.003674
-0.003696
-0.003718
-0.003739
-0.003761
-0.003783
-0.003804
-0.003826
-0.003848
-0.003869
-0.003891
-0.003913
-0.003935
-0.003956
-0.003978
-0.004000
-0.004022
-0.004044
-0.004066
-0.004088
-0.004109
-0.004131
-0.004153
-0.004175
-0.004197
-0.004219
-0.004241
-0.004263
-0.004285
-0.004307
-0.004329
-0.004351
-0.004373
-0.004395
-0.004417
-0.004439
-0.004461
-0.004483
-0.004505
-0.004527
-0.004550
-0.004572
-0.004594
-0.004616
-0.004638
-0.004660
-0.004683
-0.004705
-0.004727
-0.004749
-0.004771
-0.004794
-0.004816
-0.004838
-0.004860
-0.004883
-0.004905
-0.004927
-0.004949
-0.004972
-0.004994
-0.005016
-0.005039
-0.005061
-0.005083
-0.005106
-0.005128
-0.005150
-0.005173
-0.005195
-0.005218
-0.005240
-0.005262
-0.005285
-0.005307
-0.005330
-0.005352
-0.005375
-0.005397
-0.005419
-0.005442
-0.005464
-0.005487
-0.005509
-0.005532
-0.005554
-0.005577
-0.005599
-0.005622
-0.005644
-0.005667
-0.005690
-0.005712
-0.005735
-0.005757
-0.005780
-0.005802
-0.005825
-0.005847
-0.005870
-0.005893
-0.005915
-0.005938
-0.005960
-0.005983
-0.006006
-0.006028
-0.006051
-0.006073
-0.006096
-0.006119
-0.006141
-0.006164
-0.006187
-0.006209
-0.006232
-0.006255
-0.006277
-0.006300
-0.006323
-0.006345
-0.006368
-0.006391
-0.006413
-0.006436
-0.006459
-0.006482
-0.006504
-0.006527
-0.006550
-0.006572
-0.006595
-0.006618
-0.006641
-0.006663
-0.006686
-0.006709
-0.006731
-0.006754
-0.006777
-0.006800
-0.006822
-0.006845
-0.006868
-0.006891
-0.006913
-0.006936
-0.006959
-0.006982
-0.007004
-0.007027
-0.007050
-0.007073
-0.007095
-0.007118
-0.007141
-0.007164
-0.007187
-0.007209
-0.007232
-0.007255
-0.007278
-0.007300
-0.007323
-0.007346
-0.007369
-0.007392
-0.007414
-0.007437
-0.007460
-0.007483
-0.007505
-0.007528
-0.007551
-0.007574
-0.007597
-0.007619
-0.007642
-0.007665
-0.007688
-0.007711
-0.007733
-0.007756
-0.007779
-0.007802
-0.007825
-0.007847
-0.007870
-0.007893
-0.007916
-0.007939
-0.007961
-0.007984
-0.008007
-0.008030
-0.008052
-0.008075
-0.008098
-0.008121
-0.008144
-0.008166
-0.008189
-0.008212
-0.008235
-0.008258
-0.008280
-0.008303
-0.008326
-0.008349
-0.008371
-0.008394
-0.008417
-0.008440
-0.008462
-0.008485
-0.008508
-0.008531
-0.008554
-0.008576
-0.008599
-0.008622
-0.008645
-0.008667
-0.008690
-0.008713
-0.008736
-0.008758
-0.008781
-0.008804
-0.008827
-0.008849
-0.008872
-0.008895
-0.008917
-0.008940
-0.008963
-0.008986
-0.009008
-0.009031
-0.009054
-0.009077
-0.009099
-0.009122
-0.009145
-0.009167
-0.009190
-0.009213
-0.009235
-0.009258
-0.009281
-0.009304
-0.009326
-0.009349
-0.009372
-0.009394
-0.009417
-0.009440
-0.009462
-0.009485
-0.009508
-0.009530
-0.009553
-0.009576
-0.009598
-0.009621
-0.009643
-0.009666
-0.009689
-0.009711
-0.009734
-0.009757
-0.009779
-0.009802
-0.009824
-0.009847
-0.009870
-0.009892
-0.009915
-0.009937
-0.009960
-0.009983
-0.010005
-0.010028
-0.010050
-0.010073
-0.010095
-0.010118
-0.010141
-0.010163
-0.010186
-0.010208
-0.010231
-0.010253
-0.010276
-0.010298
-0.010321
-0.010343
-0.010366
-0.010388
-0.010411
-0.010433
-0.010456
-0.010478
-0.010501
-0.010523
-0.010546
-0.010568
-0.010591
-0.010613
-0.010636
-0.010658
-0.010680
-0.010703
-0.010725
-0.010748
-0.010770
-0.010793
-0.010815
-0.010837
-0.010860
-0.010882
-0.010905
-0.010927
0.639416
1.559440
2.605614
3.249057
3.703518
4.034743
4.279894
4.462120
4.596570
4.693625
4.755736
4.791540
4.806449
4.804495
4.788815
4.761910
4.725808
4.682190
4.632437
4.577713
5.115081
5.905659
6.814217
7.358112
7.723475
7.972693
8.141028
8.250404
8.315138
8.345075
8.341639
8.313525
8.266135
8.203463
8.128573
8.043911
7.951432
7.852753
7.749190
7.641889
8.091890
8.790615
9.606677
10.087564
10.397900
10.597518
10.720273
10.787126
10.811766
10.803571
10.763174
10.699198
10.617014
10.520535
10.412767
10.296094
10.172396
10.043256
9.909956
9.773573
10.169325
10.812777
11.574837
12.024584
12.309116
12.486168
12.588462
12.636294
12.642873
12.617260
12.559527
12.478228
12.378776
12.265115
12.140262
12.006596
11.866059
11.720225
11.570380
11.417641
11.776949
12.384620
13.113422
13.549650
13.824983
13.995094
14.091577
14.134017
14.135176
14.103858
14.039694
13.951172
13.843785
13.721570
13.587648
13.444489
13.294123
13.138194
12.978070
12.814916
13.146518
13.728302
14.434965
14.868320
15.145740
15.320214
15.421748
15.468935
15.473947
15.445248
15.382040
15.292715
15.182930
15.056909
14.918019
14.768907
14.611788
14.448532
14.280613
14.109313
14.416904
14.977612
15.669114
16.108623
16.399294
16.590080
16.708578
16.771676
16.790483
16.772860
16.717452
16.632431
16.523698
16.395836
16.252681
16.097355
15.932540
15.760488
15.583062
15.401790
15.640144
16.113025
16.714261
17.109718
17.378437
17.559696
17.675411
17.738954
17.759227
17.742681
17.687630
17.601218
17.488973
17.355599
17.205085
17.040966
16.866291
16.683666
16.495300
16.303005
16.520448
16.979893
17.579530
17.998300
18.302379
18.525720
18.686597
18.795492
18.858893
18.881323
18.859301
18.798376
18.703438
18.579120
18.430098
18.260789
18.075478
17.878054
17.671953
17.460070
17.645122
18.083460
18.682393
19.140065
19.508066
19.813796
20.070826
20.285959
20.461936
20.599029
20.688706
20.730155
20.722310
20.664807
20.558669
20.406774
20.213797
19.986111
19.731041
19.456252
19.551301
19.923044
20.502570
21.023154
21.519262
22.013638
22.523034
23.061263
23.640383
24.269395
24.944038
25.655399
26.377734
27.066207
27.661708
28.102364
28.337914
28.338500
28.096953
27.626999
27.272263
27.039492
26.922619
26.713872
26.427595
26.080190
25.686904
25.261092
24.814077
24.355049
23.883679
23.407500
22.932869
22.465021
22.008705
21.568034
21.146346
20.746325
20.369502
20.016569
19.687243
19.380701
19.095369
18.829634
18.581537
18.349169
18.130687
17.924384
17.728682
17.542189
17.363632
17.191989
17.026302
16.865816
16.709822
16.557748
16.409134
16.263582
16.120760
15.980379
15.842204
15.706079
15.571850
15.439354
15.308531
15.179322
15.051605
14.925380
14.800606
14.677258
14.555298
14.434728
14.315543
14.197745
14.081330
13.966302
13.852670
13.740447
13.629637
13.520230
13.412259
13.305711
13.200628
13.096981
12.994802
12.894069
12.794809
12.696992
12.600640
12.505732
12.412267
12.320238
12.229637
12.140434
12.052631
11.966184
11.881099
11.797351
11.714918
11.633776
11.553898
11.475272
11.397870
11.321652
11.246634
11.172760
11.100020
11.028396
10.957851
10.888374
10.819937
10.752517
10.686099
10.620662
10.556171
10.492624
10.429999
10.368264
10.307406
10.247412
10.188252
10.129907
10.072375
10.015629
9.959647
9.904416
9.849925
9.796148
9.743074
9.690687
9.638976
9.587918
9.537503
9.487716
9.438549
9.389978
9.341990
9.294581
9.247738
9.201439
9.155678
9.110441
9.065726
9.021512
8.977787
8.934536
8.891760
8.849450
8.807589
8.766165
8.725168
8.684596
8.644443
8.604691
8.565330
8.526354
8.487758
8.449539
8.411679
8.374173
8.337015
8.300194
8.263714
8.227561
8.191725
8.156202
8.120985
8.086068
8.051451
8.017124
7.983078
7.949309
7.915809
7.882579
7.849615
7.816907
7.784449
7.752237
7.720267
7.688537
7.657044
7.625780
7.594741
7.563922
7.533320
7.502929
7.472748
7.442777
7.413010
7.383439
7.354064
7.324879
7.295882
7.267071
7.238448
7.210005
7.181737
7.153640
7.125715
7.097958
7.070367
7.042942
7.015679
6.988575
6.961625
6.934827
6.908180
6.881682
6.855331
6.829130
6.803071
6.777153
6.751372
6.725727
6.700217
6.674839
6.649594
6.624482
6.599500
6.574643
6.549910
6.525299
6.500809
6.476439
6.452187
6.428056
6.404044
6.380146
6.356361
6.332688
6.309123
6.285666
6.262318
6.239078
6.215947
6.192922
6.170001
6.147183
6.124464
6.101845
6.079325
6.056904
6.034579
6.012354
5.990227
5.968196
5.946257
5.924411
5.902657
5.880993
5.859418
5.837933
5.816538
5.795233
5.774018
5.752890
5.731846
5.710888
5.690014
5.669222
5.648513
5.627885
5.607342
5.586881
5.566503
5.546205
5.525986
5.505846
5.485783
5.465797
5.445888
5.426055
5.406298
5.386618
5.367015
5.347488
5.328035
5.308655
5.289348
5.270112
5.250947
5.231854
5.212832
5.193880
5.175001
5.156194
5.137457
5.118788
5.100188
5.081656
5.063190
5.044792
5.026460
5.008195
4.989996
4.971863
4.953799
4.935800
4.917866
4.899997
4.882191
4.864449
4.846769
4.829152
4.811598
4.794106
4.776676
4.759309
4.742005
4.724763
4.707583
4.690462
4.673401
4.656400
4.639458
4.622576
4.605752
4.588987
4.572280
4.555632
4.539044
4.522515
4.506043
4.489628
4.473270
4.456968
4.440722
4.424532
4.408398
4.392320
4.376297
4.360329
4.344416
4.328560
4.312759
4.297012
4.281319
4.265680
4.250094
4.234561
4.219081
4.203653
4.188278
4.172956
4.157685
4.142467
4.127301
4.112189
4.097128
4.082119
4.067160
4.052252
4.037394
4.022586
4.007828
3.993119
3.978461
3.963851
3.949291
3.934781
3.920320
3.905910
3.891549
3.877235
3.862970
3.848753
3.834584
3.820461
3.806387
3.792359
3.778378
3.764444
3.750557
3.736717
3.722923
3.709176
3.695477
3.681824
3.668217
3.654655
3.641139
3.627667
3.614240
3.600858
3.587521
3.574228
3.560979
3.547774
3.534614
3.521498
3.508426
3.495399
3.482416
3.469477
3.456581
3.443728
3.430917
3.418149
3.405423
3.392739
3.380098
3.367499
3.354941
3.342425
3.329951
3.317519
3.305128
3.292779
3.280473
3.268208
3.255983
3.243800
3.231657
3.219554
3.207491
3.195468
3.183485
3.171541
3.159637
3.147773
3.135948
3.124162
3.112415
3.100708
3.089040
3.077412
3.065824
3.054274
3.042763
3.031290
3.019855
3.008457
2.997098
2.985775
2.974491
2.963244
2.952033
2.940861
2.929725
2.918626
2.907564
2.896540
2.885552
2.874601
2.863687
2.852811
2.841971
2.831167
2.820399
2.809667
2.798970
2.788308
2.777682
2.767091
2.756535
2.746014
2.735528
2.725077
2.714660
2.704279
2.693932
2.683619
2.673341
2.663098
2.652890
2.642717
2.632578
2.622473
2.612401
2.602363
2.592358
2.582387
2.572448
2.562543
2.552670
2.542830
2.533023
2.523249
2.513507
2.503798
2.494121
2.484477
2.474865
2.465285
2.455738
2.446223
2.436742
2.427292
2.417874
2.408487
2.399132
2.389809
2.380516
2.371254
2.362024
2.352824
2.343655
2.334516
2.325408
2.316330
2.307283
2.298267
2.289280
2.280324
2.271398
2.262503
2.253637
2.244802
2.235997
2.227222
2.218478
2.209762
2.201077
2.192421
2.183794
2.175196
2.166627
2.158086
2.149575
2.141092
2.132638
2.124212
2.115815
2.107445
2.099105
2.090792
2.082508
2.074252
2.066024
2.057824
2.049652
2.041507
2.033391
2.025303
2.017244
2.009212
2.001207
1.993230
1.985280
1.977358
1.969462
1.961593
1.953751
1.945936
1.938147
1.930385
1.922649
1.914940
1.907257
1.899600
1.891970
1.884365
1.876787
1.869235
1.861708
1.854208
1.846734
1.839285
1.831862
1.824465
1.817094
1.809750
1.802430
1.795137
1.787868
1.780625
1.773407
1.766214
1.759046
1.751903
1.744784
1.737691
1.730621
1.723577
1.716556
1.709560
1.702589
1.695641
1.688718
1.681819
1.674943
1.668092
1.661265
1.654462
1.647682
1.640927
1.634195
1.627487
1.620803
1.614142
1.607505
1.600892
1.594303
1.587737
1.581195
1.574675
1.568179
1.561706
1.555255
1.548828
1.542423
1.536041
1.529682
1.523345
1.517031
1.510739
1.504469
1.498222
1.491997
1.485794
1.479614
1.473455
1.467318
1.461204
1.455111
1.449040
1.442991
1.436963
1.430958
1.424974
1.419012
1.413071
1.407152
1.401255
1.395379
1.389525
1.383692
1.377881
1.372091
1.366322
1.360575
1.354848
1.349142
1.343457
1.337793
1.332149
1.326526
1.320924
1.315342
1.309781
1.304240
1.298719
1.293219
1.287739
1.282279
1.276839
1.271419
1.266020
1.260640
1.255280
1.249940
1.244620
1.239320
1.234039
1.228779
1.223537
1.218316
1.213114
1.207931
1.202768
1.197625
1.192501
1.187397
1.182311
1.177246
1.172200
1.167173
1.162165
1.157176
1.152206
1.147255
1.142323
1.137410
1.132515
1.127639
1.122782
1.117943
1.113123
1.108321
1.103537
1.098772
1.094026
1.089297
1.084587
1.079895
1.075221
1.070565
1.065927
1.061307
1.056705
1.052121
1.047554
1.043006
1.038475
1.033962
1.029466
1.024988
1.020528
1.016085
1.011659
1.007251
1.002861
0.998488
0.994132
0.989793
0.985472
0.981168
0.976881
0.972612
0.968360
0.964124
0.959906
0.955705
0.951521
0.947353
0.943203
0.939069
0.934952
0.930851
0.926767
0.922699
0.918648
0.914613
0.910595
0.906593
0.902607
0.898638
0.894684
0.890747
0.886826
0.882921
0.879032
0.875159
0.871302
0.867461
0.863635
0.859826
0.856032
0.852253
0.848491
0.844744
0.841013
0.837297
0.833596
0.829912
0.826242
0.822588
0.818949
0.815326
0.811717
0.808124
0.804546
0.800983
0.797435
0.793903
0.790385
0.786882
0.783394
0.779921
0.776463
0.773020
0.769591
0.766177
0.762778
0.759394
0.756025
0.752670
0.749329
0.746003
0.742692
0.739395
0.736112
0.732843
0.729589
0.726349
0.723123
0.719911
0.716713
0.713529
0.710360
0.707204
0.704061
0.700933
0.697819
0.694718
0.691631
0.688558
0.685498
0.682452
0.679419
0.676400
0.673395
0.670402
0.667423
0.664458
0.661506
0.658567
0.655641
0.652728
0.649829
0.646942
0.644069
0.641208
0.638361
0.635526
0.632704
0.629896
0.627099
0.624316
0.621545
0.618787
0.616042
0.613309
0.610589
0.607881
0.605186
0.602503
0.599832
0.597174
0.594528
0.591894
0.589273
0.586664
0.584066
0.581481
0.578908
0.576347
0.573798
0.571261
0.568735
0.566222
0.563720
0.561230
0.558752
0.556286
0.553831
0.551388
0.548957
0.546537
0.544128
0.541732
0.539346
0.536972
0.534609
0.532257
0.529917
0.527588
0.525270
0.522963
0.520667
0.518382
0.516108
0.513845
0.511593
0.509352
0.507121
0.504902
0.502692
0.500494
0.498306
0.496129
0.493962
0.491806
0.489661
0.487525
0.485400
0.483286
0.481182
0.479088
0.477004
0.474930
0.472867
0.470813
0.468770
0.466736
0.464713
0.462700
0.460696
0.458702
0.456718
0.454744
0.452779
0.450825
0.448879
0.446944
0.445018
0.443101
0.441194
0.439297
0.437408
0.435529
0.433660
0.431800
0.429948
0.428107
0.426274
0.424450
0.422636
0.420830
0.419033
0.417246
0.415467
0.413697
0.411936
0.410184
0.408440
0.406706
0.404979
0.403262
0.401553
0.399853
0.398161
0.396477
0.394802
0.393136
0.391477
0.389827
0.388186
0.386552
0.384927
0.383310
0.381701
0.380100
0.378507
0.376922
0.375345
0.373776
0.372214
0.370661
0.369115
0.367577
0.366047
0.364525
0.363010
0.361503
0.360003
0.358511
0.357026
0.355549
0.354079
0.352617
0.351162
0.349714
0.348274
0.346841
0.345414
0.343996
0.342584
0.341179
0.339781
0.338391
0.337007
0.335631
0.334261
0.332898
0.331542
0.330193
0.328850
0.327514
0.326185
0.324862
0.323546
0.322237
0.320934
0.319638
0.318348
0.317064
0.315787
0.314516
0.313252
0.311994
0.310742
0.309496
0.308256
0.307023
0.305795
0.304574
0.303359
0.302149
0.300946
0.299748
0.298557
0.297371
0.296191
0.295017
0.293849
0.292686
0.291529
0.290378
0.289232
0.288092
0.286957
0.285828
0.284705
0.283586
0.282474
0.281366
0.280264
0.279168
0.278077
0.276990
0.275910
0.274834
0.273763
0.272698
0.271638
0.270583
0.269533
0.268487
0.267447
0.266412
0.265382
0.264356
0.263336
0.262320
0.261309
0.260303
0.259302
0.258305
0.257313
0.256326
0.255343
0.254365
0.253391
0.252422
0.251458
0.250498
0.249542
0.248591
0.247644
0.246702
0.245764
0.244830
0.243900
0.242975
0.242054
0.241137
0.240225
0.239316
0.238412
0.237512
0.236615
0.235723
0.234835
0.233951
0.233071
0.232195
0.231322
0.230454
0.229590
0.228729
0.227872
0.227019
0.226170
0.225324
0.224482
0.223644
0.222809
0.221979
0.221151
0.220328
0.219508
0.218691
0.217878
0.217069
0.216263
0.215460
0.214661
0.213865
0.213073
0.212284
0.211499
0.210716
0.209937
0.209162
0.208389
0.207620
0.206854
0.206092
0.205332
0.204576
0.203822
0.203072
0.202325
0.201581
0.200840
0.200102
0.199368
0.198636
0.197907
0.197181
0.196458
0.195738
0.195021
0.194306
0.193595
0.192886
0.192180
0.191477
0.190777
0.190080
0.189385
0.188693
0.188004
0.187318
0.186634
0.185953
0.185274
0.184598
0.183925
0.183254
0.182586
0.181921
0.181258
0.180597
0.179939
0.179284
0.178631
0.177980
0.177332
0.176686
0.176043
0.175402
0.174764
0.174128
0.173494
0.172863
0.172234
0.171607
0.170983
0.170361
0.169741
0.169123
0.168508
0.167895
0.167284
0.166675
0.166069
0.165464
0.164862
0.164262
0.163664
0.163069
0.162475
0.161883
0.161294
0.160706
0.160121
0.159538
0.158956
0.158377
0.157800
0.157225
0.156651
0.156080
0.155511
0.154943
0.154378
0.153814
0.153253
0.152693
0.152135
0.151579
0.151025
0.150473
0.149923
0.149374
0.148827
0.148283
0.147739
0.147198
0.146659
0.146121
0.145585
0.145051
0.144518
0.143988
0.143459
0.142931
0.142406
0.141882
0.141360
0.140839
0.140320
0.139803
0.139288
0.138774
0.138262
0.137751
0.137242
0.136735
0.136229
0.135725
0.135222
0.134721
0.134221
0.133723
0.133227
0.132732
0.132239
0.131747
0.131257
0.130768
0.130281
0.129795
0.129311
0.128828
0.128347
0.127867
0.127389
0.126912
0.126436
0.125962
0.125489
0.125018
0.124548
0.124080
0.123613
0.123148
0.122683
0.122221
0.121759
0.121299
0.120840
0.120383
0.119927
0.119472
0.119019
0.118567
0.118116
0.117667
0.117219
0.116772
0.116327
0.115883
0.115440
0.114998
0.114558
0.114119
0.113681
0.113244
0.112809
0.112375
0.111942
0.111511
0.111081
0.110651
0.110224
0.109797
0.109372
0.108947
0.108524
0.108102
0.107682
0.107262
0.106844
0.106427
0.106011
0.105596
0.105183
0.104770
0.104359
0.103949
0.103540
0.103132
0.102725
0.102320
0.101915
0.101512
0.101110
0.100708
0.100308
0.099910
0.099512
0.099115
0.098719
0.098325
0.097931
0.097539
0.097148
0.096758
0.096368
0.095980
0.095593
0.095207
0.094822
0.094438
0.094056
0.093674
0.093293
0.092913
0.092535
0.092157
0.091780
0.091405
0.091030
0.090656
0.090284
0.089912
0.089542
0.089172
0.088804
0.088436
0.088069
0.087704
0.087339
0.086975
0.086613
0.086251
0.085890
0.085531
0.085172
0.084814
0.084457
0.084101
0.083746
0.083392
0.083039
0.082687
0.082335
0.081985
0.081636
0.081287
0.080940
0.080593
0.080248
0.079903
0.079559
0.079216
0.078874
0.078533
0.078193
0.077854
0.077515
0.077178
0.076841
0.076506
0.076171
0.075837
0.075504
0.075172
0.074840
0.074510
0.074180
0.073852
0.073524
0.073197
0.072871
0.072546
0.072221
0.071898
0.071575
0.071253
0.070933
0.070612
0.070293
0.069975
0.069657
0.069341
0.069025
0.068710
0.068395
0.068082
0.067769
0.067458
0.067147
0.066837
0.066527
0.066219
0.065911
0.065604
0.065298
0.064993
0.064689
0.064385
0.064082
0.063780
0.063479
0.063178
0.062879
0.062580
0.062282
0.061985
0.061688
0.061392
0.061097
0.060803
0.060510
0.060217
0.059925
0.059634
0.059344
0.059054
0.058766
0.058478
0.058190
0.057904
0.057618
0.057333
0.057049
0.056765
0.056482
0.056200
0.055919
0.055639
0.055359
0.055080
0.054802
0.054524
0.054247
0.053971
0.053696
0.053421
0.053147
0.052874
0.052601
0.052330
0.052059
0.051788
0.051519
0.051250
0.050982
0.050714
0.050447
0.050181
0.049916
0.049651
0.049387
0.049124
0.048862
0.048600
0.048339
0.048078
0.047818
0.047559
0.047301
0.047043
0.046786
0.046530
0.046274
0.046019
0.045765
0.045511
0.045258
0.045006
0.044754
0.044503
0.044253
0.044003
0.043755
0.043506
0.043259
0.043012
0.042765
0.042520
0.042275
0.042030
0.041787
0.041544
0.041301
0.041060
0.040818
0.040578
0.040338
0.040099
0.039861
0.039623
0.039385
0.039149
0.038913
0.038677
0.038443
0.038209
0.037975
0.037742
0.037510
0.037279
0.037048
0.036817
0.036587
0.036358
0.036130
0.035902
0.035675
0.035448
0.035222
0.034997
0.034772
0.034547
0.034324
0.034101
0.033878
0.033657
0.033435
0.033215
0.032995
0.032775
0.032556
0.032338
0.032121
0.031903
0.031687
0.031471
0.031256
0.031041
0.030827
0.030613
0.030400
0.030188
0.029976
0.029765
0.029554
0.029344
0.029134
0.028925
0.028717
0.028509
0.028302
0.028095
0.027889
0.027683
0.027478
0.027274
0.027070
0.026866
0.026664
0.026461
0.026260
0.026058
0.025858
0.025658
0.025458
0.025259
0.025061
0.024863
0.024665
0.024469
0.024272
0.024077
0.023881
0.023687
0.023492
0.023299
0.023106
0.022913
0.022721
0.022530
0.022339
0.022148
0.021958
0.021769
0.021580
0.021392
0.021204
0.021016
0.020830
0.020643
0.020457
0.020272
0.020087
0.019903
0.019719
0.019536
0.019353
0.019171
0.018989
0.018808
0.018627
0.018447
0.018267
0.018088
0.017909
0.017731
0.017553
0.017376
0.017199
0.017023
0.016847
0.016671
0.016497
0.016322
0.016148
0.015975
0.015802
0.015630
0.015458
0.015286
0.015115
0.014944
0.014774
0.014605
0.014436
0.014267
0.014099
0.013931
0.013764
0.013597
0.013431
0.013265
0.013099
0.012934
0.012770
0.012606
0.012442
0.012279
0.012116
0.011954
0.011792
0.011631
0.011470
0.011310
0.011150
0.010990
0.010831
0.010673
0.010514
0.010357
0.010199
0.010042
0.009886
0.009730
0.009574
0.009419
0.009265
0.009110
0.008956
0.008803
0.008650
0.008498
0.008345
0.008194
0.008042
0.007892
0.007741
0.007591
0.007442
0.007292
0.007144
0.006995
0.006847
0.006700
0.006553
0.006406
0.006260
0.006114
0.005969
0.005824
0.005679
0.005535
0.005391
0.005248
0.005105
0.004962
0.004820
0.004678
0.004537
0.004396
0.004255
0.004115
0.003975
0.003835
0.003696
0.003558
0.003420
0.003282
0.003144
0.003007
0.002870
0.002734
0.002598
0.002463
0.002328
0.002193
0.002058
0.001924
0.001791
0.001657
0.001525
0.001392
0.001260
0.001128
0.000997
0.000866
0.000735
0.000605
0.000475
0.000345
0.000216
0.000087
-0.000041
-0.000169
-0.000297
-0.000424
-0.000551
-0.000678
-0.000804
-0.000930
-0.001056
-0.001181
-0.001306
-0.001430
-0.001554
-0.001678
-0.001802
-0.001925
-0.002047
-0.002170
-0.002292
-0.002413
-0.002535
-0.002656
-0.002776
-0.002897
-0.003017
-0.003136
-0.003256
-0.003375
-0.003493
-0.003612
-0.003730
-0.003847
-0.003964
-0.004081
-0.004198
-0.004314
-0.004430
-0.004546
-0.004661
-0.004776
-0.004891
-0.005005
-0.005119
-0.005233
-0.005346
-0.005459
-0.005572
-0.005684
-0.005796
-0.005908
-0.006019
-0.006130
-0.006241
-0.006351
-0.006462
-0.006571
-0.006681
-0.006790
-0.006899
-0.007008
-0.007116
-0.007224
-0.007332
-0.007439
-0.007546
-0.007653
-0.007759
-0.007865
-0.007971
-0.008077
-0.008182
-0.008287
-0.008391
-0.008496
-0.008600
-0.008703
-0.008807
-0.008910
-0.009013
-0.009115
-0.009217
-0.009319
-0.009421
-0.009522
-0.009624
-0.009724
-0.009825
-0.009925
-0.010025
-0.010125
-0.010224
-0.010323
-0.010422
-0.010520
-0.010619
-0.010717
-0.010814
-0.010912
-0.011009
-0.011106
-0.011202
-0.011298
-0.011394
-0.011490
-0.011586
-0.011681
-0.011776
-0.011870
-0.011965
-0.012059
-0.012153
-0.012246
-0.012339
-0.012432
-0.012525
-0.012618
-0.012710
-0.012802
-0.012893
-0.012985
-0.013076
-0.013167
-0.013258
-0.013348
-0.013438
-0.013528
-0.013618
-0.013707
-0.013796
-0.013885
-0.013973
-0.014062
-0.014150
-0.014238
-0.014325
-0.014413
-0.014500
-0.014587
-0.014673
-0.014759
-0.014845
-0.014931
-0.015017
-0.015102
-0.015187
-0.015272
-0.015357
-0.015441
-0.015525
-0.015609
-0.015693
-0.015776
-0.015859
-0.015942
-0.016025
-0.016107
-0.016190
-0.016272
-0.016353
-0.016435
-0.016516
-0.016597
-0.016678
-0.016759
-0.016839
-0.016919
-0.016999
-0.017079
-0.017158
-0.017237
-0.017316
-0.017395
-0.017473
-0.017552
-0.017630
-0.017708
-0.017785
-0.017863
-0.017940
-0.018017
-0.018093
-0.018170
-0.018246
-0.018322
-0.018398
-0.018474
-0.018549
-0.018624
-0.018699
-0.018774
-0.018849
-0.018923
-0.018997
-0.019071
-0.019145
-0.019218
-0.019292
-0.019365
-0.019438
-0.019510
-0.019583
-0.019655
-0.019727
-0.019799
-0.019870
-0.019942
-0.020013
-0.020084
-0.020155
-0.020225
-0.020296
-0.020366
-0.020436
-0.020506
-0.020575
-0.020645
-0.020714
-0.020783
-0.020852
-0.020920
-0.020989
-0.021057
-0.021125
-0.021193
-0.021261
-0.021328
-0.021395
-0.021462
-0.021529
-0.021596
-0.021662
-0.021728
-0.021795
-0.021860
-0.021926
-0.021992
-0.022057
-0.022122
-0.022187
-0.022252
-0.022317
-0.022381
-0.022445
-0.022509
-0.022573
-0.022637
-0.022700
-0.022764
-0.022827
-0.022890
-0.022952
-0.023015
-0.023077
-0.023140
-0.023202
-0.023264
-0.023325
-0.023387
-0.023448
-0.023509
-0.023570
-0.023631
-0.023692
-0.023752
-0.023813
-0.023873
-0.023933
-0.023992
-0.024052
-0.024112
-0.024171
-0.024230
-0.024289
-0.024348
-0.024406
-0.024465
-0.024523
-0.024581
-0.024639
-0.024697
-0.024754
-0.024812
-0.024869
-0.024926
-0.024983
-0.025040
-0.025097
-0.025153
-0.025209
-0.025266
-0.025322
-0.025377
-0.025433
-0.025489
-0.025544
-0.025599
-0.025654
-0.025709
-0.025764
-0.025818
-0.025873
-0.025927
-0.025981
-0.026035
-0.026089
-0.026143
-0.026196
-0.026249
-0.026303
-0.026356
-0.026409
-0.026461
-0.026514
-0.026566
-0.026619
-0.026671
-0.026723
-0.026775
-0.026826
-0.026878
-0.026929
-0.026980
-0.027032
-0.027083
-0.027133
-0.027184
-0.027235
-0.027285
-0.027335
-0.027385
-0.027435
-0.027485
-0.027535
-0.027584
-0.027634
-0.027683
-0.027732
-0.027781
-0.027830
-0.027879
-0.027927
-0.027976
-0.028024
-0.028072
-0.028120
-0.028168
-0.028216
-0.028264
-0.028311
-0.028358
-0.028406
-0.028453
-0.028500
-0.028546
-0.028593
-0.028640
-0.028686
-0.028732
-0.028779
-0.028825
-0.028871
-0.028916
-0.028962
-0.029007
-0.029053
-0.029098
-0.029143
-0.029188
-0.029233
-0.029278
-0.029323
-0.029367
-0.029411
-0.029456
-0.029500
-0.029544
-0.029588
-0.029631
-0.029675
-0.029719
-0.029762
-0.029805
-0.029848
-0.029891
-0.029934
-0.029977
-0.030020
-0.030062
-0.030105
-0.030147
-0.030189
-0.030231
-0.030273
-0.030315
-0.030357
-0.030398
-0.030440
-0.030481
-0.030523
-0.030564
-0.030605
-0.030646
-0.030686
-0.030727
-0.030768
-0.030808
-0.030849
-0.030889
-0.030929
-0.030969
-0.031009
-0.031049
-0.031088
-0.031128
-0.031167
-0.031207
-0.031246
-0.031285
-0.031324
-0.031363
-0.031402
-0.031440
-0.031479
-0.031517
-0.031556
-0.031594
-0.031632
-0.031670
-0.031708
-0.031746
-0.031784
-0.031821
-0.031859
-0.031896
-0.031934
-0.031971
-0.032008
-0.032045
-0.032082
-0.032119
-0.032155
-0.032192
-0.032229
-0.032265
-0.032301
-0.032337
-0.032374
-0.032410
-0.032445
-0.032481
-0.032517
-0.032553
-0.032588
-0.032624
-0.032659
-0.032694
-0.032729
-0.032764
-0.032799
-0.032834
-0.032869
-0.032903
-0.032938
-0.032972
-0.033007
-0.033041
-0.033075
-0.033109
-0.033143
-0.033177
-0.033211
-0.033244
-0.033278
-0.033312
-0.033345
-0.033378
-0.033412
-0.033445
-0.033478
-0.033511
-0.033544
-0.033576
-0.033609
-0.033642
-0.033674
-0.033707
-0.033739
-0.033771
-0.033803
-0.033836
-0.033868
-0.033899
-0.033931
-0.033963
-0.033995
-0.034026
-0.034058
-0.034089
-0.034120
-0.034152
-0.034183
-0.034214
-0.034245
-0.034276
-0.034306
-0.034337
-0.034368
-0.034398
-0.034429
-0.034459
-0.034489
-0.034520
-0.034550
-0.034580
-0.034610
-0.034640
-0.034669
-0.034699
-0.034729
-0.034758
-0.034788
-0.034817
-0.034847
-0.034876
-0.034905
-0.034934
-0.034963
-0.034992
-0.035021
-0.035050
-0.035078
-0.035107
-0.035136
-0.035164
-0.035193
-0.035221
-0.035249
-0.035277
-0.035305
-0.035333
-0.035361
-0.035389
-0.035417
-0.035445
-0.035472
-0.035500
-0.035527
-0.035555
-0.035582
-0.035610
-0.035637
-0.035664
-0.035691
-0.035718
-0.035745
-0.035772
-0.035798
-0.035825
-0.035852
-0.035878
-0.035905
-0.035931
-0.035958
-0.035984
-0.036010
-0.036036
-0.036062
-0.036088
-0.036114
-0.036140
-0.036166
-0.036192
-0.036217
-0.036243
-0.036268
-0.036294
-0.036319
-0.036345
-0.036370
-0.036395
-0.036420
-0.036445
-0.036470
-0.036495
-0.036520
-0.036545
-0.036570
-0.036594
-0.036619
-0.036643
-0.036668
-0.036692
-0.036717
-0.036741
-0.036765
-0.036789
-0.036813
-0.036837
-0.036861
-0.036885
-0.036909
-0.036933
-0.036957
-0.036980
-0.037004
-0.037027
-0.037051
-0.037074
-0.037098
-0.037121
-0.037144
-0.037167
-0.037190
-0.037214
-0.037237
-0.037259
-0.037282
-0.037305
-0.037328
-0.037351
-0.037373
-0.037396
-0.037418
-0.037441
-0.037463
-0.037486
-0.037508
-0.037530
-0.037552
-0.037574
-0.037596
-0.037618
-0.037640
-0.037662
-0.037684
-0.037706
-0.037728
-0.037749
-0.037771
-0.037792
-0.037814
-0.037835
-0.037857
-0.037878
-0.037899
-0.037921
-0.037942
-0.037963
-0.037984
-0.038005
-0.038026
-0.038047
-0.038068
-0.038088
-0.038109
-0.038130
-0.038150
-0.038171
-0.038192
-0.038212
-0.038232
-0.038253
-0.038273
-0.038293
-0.038314
-0.038334
-0.038354
-0.038374
-0.038394
-0.038414
-0.038434
-0.038454
-0.038474
-0.038493
-0.038513
-0.038533
-0.038552
-0.038572
-0.038591
-0.038611
-0.038630
-0.038650
-0.038669
-0.038688
-0.038708
-0.038727
-0.038746
-0.038765
-0.038784
-0.038803
-0.038822
-0.038841
-0.038860
-0.038878
-0.038897
-0.038916
-0.038935
-0.038953
-0.038972
-0.038990
-0.039009
-0.039027
-0.039046
-0.039064
-0.039082
-0.039100
-0.039119
-0.039137
-0.039155
-0.039173
-0.039191
-0.039209
-0.039227
-0.039245
-0.039263
-0.039281
-0.039298
-0.039316
-0.039334
-0.039351
-0.039369
-0.039386
-0.039404
-0.039421
-0.039439
-0.039456
-0.039474
-0.039491
-0.039508
-0.039525
-0.039542
-0.039560
-0.039577
-0.039594
-0.039611
-0.039628
-0.039645
-0.039661
-0.039678
-0.039695
-0.039712
-0.039728
-0.039745
-0.039762
-0.039778
-0.039795
-0.039811
-0.039828
-0.039844
-0.039861
-0.039877
-0.039893
-0.039910
-0.039926
-0.039942
-0.039958
-0.039974
-0.039990
-0.040006
-0.040022
-0.040038
-0.040054
-0.040070
-0.040086
-0.040102
-0.040118
-0.040133
-0.040149
-0.040165
-0.040180
-0.040196
-0.040212
-0.040227
-0.040243
-0.040258
-0.040273
-0.040289
-0.040304
-0.040319
-0.040335
-0.040350
-0.040365
-0.040380
-0.040395
-0.040410
-0.040425
-0.040440
-0.040455
-0.040470
-0.040485
-0.040500
-0.040515
-0.040530
-0.040545
-0.040559
-0.040574
-0.040589
-0.040603
-0.040618
-0.040632
-0.040647
-0.040661
-0.040676
-0.040690
-0.040705
-0.040719
-0.040733
-0.040748
-0.040762
-0.040776
-0.040790
-0.040804
-0.040819
-0.040833
-0.040847
-0.040861
-0.040875
-0.040889
-0.040903
-0.040917
-0.040930
-0.040944
-0.040958
-0.040972
-0.040986
-0.040999
-0.041013
-0.041027
-0.041040
-0.041054
-0.041067
-0.041081
-0.041094
-0.041108
-0.041121
-0.041135
-0.041148
-0.041161
-0.041175
-0.041188
-0.041201
-0.041215
-0.041228
-0.041241
-0.041254
-0.041267
-0.041280
-0.041293
-0.041306
-0.041319
-0.041332
-0.041345
-0.041358
-0.041371
-0.041384
-0.041397
-0.041409
-0.041422
-0.041435
-0.041448
-0.041460
-0.041473
-0.041485
-0.041498
-0.041511
-0.041523
-0.041536
-0.041548
-0.041561
-0.041573
-0.041585
-0.041598
-0.041610
-0.041622
-0.041635
-0.041647
-0.041659
-0.041671
-0.041684
-0.041696
-0.041708
-0.041720
-0.041732
-0.041744
-0.041756
-0.041768
-0.041780
-0.041792
-0.041804
-0.041816
-0.041828
-0.041839
-0.041851
-0.041863
-0.041875
-0.041886
-0.041898
-0.041910
-0.041922
-0.041933
-0.041945
-0.041956
-0.041968
-0.041979
-0.041991
-0.042002
-0.042014
-0.042025
-0.042037
-0.042048
-0.042059
-0.042071
-0.042082
-0.042093
-0.042105
-0.042116
-0.042127
-0.042138
-0.042149
-0.042161
-0.042172
-0.042183
-0.042194
-0.042205
-0.042216
-0.042227
-0.042238
-0.042249
-0.042260
-0.042271
-0.042282
-0.042293
-0.042303
-0.042314
-0.042325
-0.042336
-0.042346
-0.042357
-0.042368
-0.042379
-0.042389
-0.042400
-0.042411
-0.042421
-0.042432
-0.042442
-0.042453
-0.042463
-0.042474
-0.042484
-0.042495
-0.042505
-0.042516
-0.042526
-0.042536
-0.042547
-0.042557
-0.042567
-0.042577
-0.042588
-0.042598
-0.042608
-0.042618
-0.042629
-0.042639
-0.042649
-0.042659
-0.042669
-0.042679
-0.042689
-0.042699
-0.042709
-0.042719
-0.042729
-0.042739
-0.042749
-0.042759
-0.042769
-0.042779
-0.042788
-0.042798
-0.042808
-0.042818
-0.042828
-0.042837
-0.042847
-0.042857
-0.042866
-0.042876
-0.042886
-0.042895
-0.042905
-0.042915
-0.042924
-0.042934
-0.042943
-0.042953
-0.042962
-0.042972
-0.042981
-0.042991
-0.043000
-0.043009
-0.043019
-0.043028
-0.043038
-0.043047
-0.043056
-0.043066
-0.043075
-0.043084
-0.043093
-0.043102
-0.043112
-0.043121
-0.043130
-0.043139
-0.043148
-0.043157
-0.043167
-0.043176
-0.043185
-0.043194
-0.043203
-0.043212
-0.043221
-0.043230
-0.043239
-0.043248
-0.043257
-0.043265
-0.043274
-0.043283
-0.043292
-0.043301
-0.043310
-0.043318
-0.043327
-0.043336
-0.043345
-0.043354
-0.043362
-0.043371
-0.043380
-0.043388
-0.043397
-0.043406
-0.043414
-0.043423
-0.043431
-0.043440
-0.043449
-0.043457
-0.043466
-0.043474
-0.043483
-0.043491
-0.043500
-0.043508
-0.043516
-0.043525
-0.043533
-0.043542
-0.043550
-0.043558
-0.043567
-0.043575
-0.043583
-0.043592
-0.043600
-0.043608
-0.043616
-0.043625
-0.043633
-0.043641
-0.043649
-0.043657
-0.043665
-0.043674
-0.043682
-0.043690
-0.043698
-0.043706
-0.043714
-0.043722
-0.043730
-0.043738
-0.043746
-0.043754
-0.043762
-0.043770
-0.043778
-0.043786
-0.043794
-0.043802
-0.043810
-0.043818
-0.043825
-0.043833
-0.043841
-0.043849
-0.043857
-0.043865
-0.043872
-0.043880
-0.043888
-0.043896
-0.043903
-0.043911
-0.043919

