0.000000
0.000000
-0.000026
-0.000052
-0.000077
-0.000103
-0.000128
-0.000153
-0.000177
-0.000201
-0.000224
-0.000247
-0.000270
-0.000293
-0.000315
-0.000337
-0.000359
-0.000380
-0.000402
-0.000423
-0.000444
-0.000465
-0.000485
-0.000506
-0.000526
-0.000547
-0.000567
-0.000587
-0.000607
-0.000627
-0.000647
-0.000667
-0.000687
-0.000707
-0.000726
-0.000746
-0.000766
-0.000785
-0.000805
-0.000824
-0.000844
-0.000863
-0.000883
-0.000902
-0.000922
-0.000941
-0.000961
-0.000980
-0.001000
-0.001019
-0.001038
-0.001058
-0.001077
-0.001097
-0.001116
-0.001135
-0.001155
-0.001174
-0.001194
-0.001213
-0.001233
-0.001252
-0.001271
-0.001291
-0.001310
-0.001330
-0.001349
-0.001369
-0.001388
-0.001408
-0.001428
-0.001447
-0.001467
-0.001486
-0.001506
-0.001525
-0.001545
-0.001565
-0.001584
-0.001604
-0.001624
-0.001644
-0.001663
-0.001683
-0.001703
-0.001723
-0.001743
-0.001762
-0.001782
-0.001802
-0.001822
-0.001842
-0.001862
-0.001882
-0.001902
-0.001922
-0.001942
-0.001962
-0.001982
-0.002002
-0.002022
-0.002042
-0.002063
-0.002083
-0.002103
-0.002123
-0.002143
-0.002164
-0.002184
-0.002204
-0.002225
-0.002245
-0.002265
-0.002286
-0.002306
-0.002326
-0.002347
-0.002367
-0.002388
-0.002408
-0.002429
-0.002449
-0.002470
-0.002491
-0.002511
-0.002532
-0.002553
-0.002573
-0.002594
-0.002615
-0.002635
-0.002656
-0.002677
-0.002698
-0.002719
-0.002739
-0.002760
-0.002781
-0.002802
-0.002823
-0.002844
-0.002865
-0.002886
-0.002907
-0.002928
-0.002949
-0.002970
-0.002991
-0.003012
-0.003033
-0.003054
-0.003075
-0.003097
-0.003118
-0.003139
-0.003160
-0.003181
-0.003203
-0.003224
-0.003245
-0.003266
-0.003288
-0.003309
-0.003330
-0.003352
-0.003373
-0.003395
-0.003416
-0.003437
-0.003459
-0.003480
-0.003502
-0.003523
-0.003545
-0.003566
-0.003588
-0.003610
-0.003631
-0.003653
-0.003674
-0.003696
-0.003718
-0.003739
-0.003761
-0.003783
-0.003804
-0.003826
-0.003848
-0.003869
-0.003891
-0.003913
-0.003935
-0.003956
-0.003978
-0.004000
-0.004022
-0.004044
-0.004066
-0.004088
-0.004109
-0.004131
-0.004153
-0.004175
-0.004197
-0.004219
-0.004241
-0.004263
-0.004285
-0.004307
-0.004329
-0.004351
-0.004373
-0.004395
-0.004417
-0.004439
-0.004461
-0.004483
-0.004505
-0.004527
-0.004550
-0.004572
-0.004594
-0.004616
-0.004638
-0.004660
-0.004683
-0.004705
-0.004727
-0.004749
-0.004771
-0.004794
-0.004816
-0.004838
-0.004860
-0.004883
-0.004905
-0.004927
-0.004949
-0.004972
-0.004994
-0.005016
-0.005039
-0.005061
-0.005083
-0.005106
-0.005128
-0.005150
-0.005173
-0.005195
-0.005218
-0.005240
-0.005262
-0.005285
-0.005307
-0.005330
-0.005352
-0.005375
-0.005397
-0.005419
-0.005442
-0.005464
-0.005487
-0.005509
-0.005532
-0.005554
-0.005577
-0.005599
-0.005622
-0.005644
-0.005667
-0.005690
-0.005712
-0.005735
-0.005757
-0.005780
-0.005802
-0.005825
-0.005847
-0.005870
-0.005893
-0.005915
-0.005938
-0.005960
-0.005983
-0.006006
-0.006028
-0.006051
-0.006073
-0.006096
-0.006119
-0.006141
-0.006164
-0.006187
-0.006209
-0.006232
-0.006255
-0.006277
-0.006300
-0.006323
-0.006345
-0.006368
-0.006391
-0.006413
-0.006436
-0.006459
-0.006482
-0.006504
-0.006527
-0.006550
-0.006572
-0.006595
-0.006618
-0.006641
-0.006663
-0.006686
-0.006709
-0.006731
-0.006754
-0.006777
-0.006800
-0.006822
-0.006845
-0.006868
-0.006891
-0.006913
-0.006936
-0.006959
-0.006982
-0.007004
-0.007027
-0.007050
-0.007073
-0.007095
-0.007118
-0.007141
-0.007164
-0.007187
-0.007209
-0.007232
-0.007255
-0.007278
-0.007300
-0.007323
-0.007346
-0.007369
-0.007392
-0.007414
-0.007437
-0.007460
-0.007483
-0.007505
-0.007528
-0.007551
-0.007574
-0.007597
-0.007619
-0.007642
-0.007665
-0.007688
-0.007711
-0.007733
-0.007756
-0.007779
-0.007802
-0.007825
-0.007847
-0.007870
-0.007893
-0.007916
-0.007939
-0.007961
-0.007984
-0.008007
-0.008030
-0.008052
-0.008075
-0.008098
-0.008121
-0.008144
-0.008166
-0.008189
-0.008212
-0.008235
-0.008258
-0.008280
-0.008303
-0.008326
-0.008349
-0.008371
-0.008394
-0.008417
-0.008440
-0.008462
-0.008485
-0.008508
-0.008531
-0.008554
-0.008576
-0.008599
-0.008622
-0.008645
-0.008667
-0.008690
-0.008713
-0.008736
-0.008758
-0.008781
-0.008804
-0.008827
-0.008849
-0.008872
-0.008895
-0.008917
-0.008940
-0.008963
-0.008986
-0.009008
-0.009031
-0.009054
-0.009077
-0.009099
-0.009122
-0.009145
-0.009167
-0.009190
-0.009213
-0.009235
-0.009258
-0.009281
-0.009304
-0.009326
-0.009349
-0.009372
-0.009394
-0.009417
-0.009440
-0.009462
-0.009485
-0.009508
-0.009530
-0.009553
-0.009576
-0.009598
-0.009621
-0.009643
-0.009666
-0.009689
-0.009711
-0.009734
-0.009757
-0.009779
-0.009802
-0.009824
-0.009847
-0.009870
-0.009892
-0.009915
-0.009937
-0.009960
-0.009983
-0.010005
-0.010028
-0.010050
-0.010073
-0.010095
-0.010118
-0.010141
-0.010163
-0.010186
-0.010208
-0.010231
-0.010253
-0.010276
-0.010298
-0.010321
-0.010343
-0.010366
-0.010388
-0.010411
-0.010433
-0.010456
-0.010478
-0.010501
-0.010523
-0.010546
-0.010568
-0.010591
-0.010613
-0.010636
-0.010658
-0.010680
-0.010703
-0.010725
-0.010748
-0.010770
-0.010793
-0.010815
-0.010837
-0.010860
-0.010882
-0.010905
-0.010927
0.639416
1.559440
2.605614
3.249057
3.703518
4.034743
4.279894
4.462120
4.596570
4.693625
4.755736
4.791540
4.806449
4.804495
4.788815
4.761910
4.725808
4.682190
4.632437
4.577713
5.115081
5.905659
6.814217
7.358112
7.723475
7.972693
8.141028
8.250404
8.315138
8.345075
8.341639
8.313525
8.266135
8.203463
8.128573
8.043911
7.951432
7.852753
7.749190
7.641889
8.091890
8.790615
9.606677
10.087564
10.397900
10.597518
10.720273
10.787126
10.811766
10.803571
10.763174
10.699198
10.617014
10.520535
10.412767
10.296094
10.172396
10.043256
9.909956
9.773573
10.169325
10.812777
11.574837
12.024584
12.309116
12.486168
12.588462
12.636294
12.642873
12.617260
12.559527
12.478228
12.378776
12.265115
12.140262
12.006596
11.866059
11.720225
11.570380
11.417641
11.776949
12.384620
13.113422
13.549650
13.824983
13.995094
14.091577
14.134017
14.135176
14.103858
14.039694
13.951172
13.843785
13.721570
13.587648
13.444489
13.294123
13.138194
12.978070
12.814916
13.146518
13.728302
14.434965
14.868320
15.145740
15.320214
15.421748
15.468935
15.473947
15.445248
15.382040
15.292715
15.182930
15.056909
14.918019
14.768907
14.611788
14.448532
14.280613
14.109313
14.416904
14.977612
15.669114
16.108623
16.399294
16.590080
16.708578
16.771676
16.790483
16.772860
16.717452
16.632431
16.523698
16.395836
16.252681
16.097355
15.932540
15.760488
15.583062
15.401790
15.640144
16.113025
16.714261
17.109718
17.378437
17.559696
17.675411
17.738954
17.759227
17.742681
17.687630
17.601218
17.488973
17.355599
17.205085
17.040966
16.866291
16.683666
16.495300
16.303005
16.520448
16.979893
17.579530
17.998300
18.302379
18.525720
18.686597
18.795492
18.858893
18.881323
18.859301
18.798376
18.703438
18.579120
18.430098
18.260789
18.075478
17.878054
17.671953
17.460070
17.645122
18.083460
18.682393
19.140065
19.508066
19.813796
20.070826
20.285959
20.461936
20.599029
20.688706
20.730155
20.722310
20.664807
20.558669
20.406774
20.213797
19.986111
19.731041
19.456252
19.551301
19.923044
20.502570
21.023154
21.519262
22.013638
22.523034
23.061263
23.640383
24.269395
24.944038
25.655399
26.377734
27.066207
27.661708
28.102364
28.337914
28.338500
28.096953
27.626999
27.272263
27.039492
26.922619
26.713872
26.427595
26.080190
25.686904
25.261092
24.814077
24.355049
23.883679
23.407500
22.932869
22.465021
22.008705
21.568034
21.146346
20.746325
20.369502
20.016569
20.052662
20.387611
20.948055
21.475210
21.992323
22.518784
23.068531
23.651193
24.271449
24.926945
25.596435
26.251095
26.848712
27.339560
27.676431
27.823928
27.764136
27.497657
27.041995
26.428131
26.008815
25.791613
25.755838
25.678614
25.555433
25.390162
25.187463
24.952356
24.689922
24.405217
24.095748
23.767461
23.426582
23.078845
22.729514
22.383437
22.044557
21.716321
21.401136
21.100817
21.164957
21.537101
22.162819
22.812626
23.498465
24.235243
25.028225
25.869184
26.729999
27.562005
28.295367
28.868912
29.237821
29.379295
29.291503
28.989290
28.500310
27.861985
27.118146
26.314142
25.490108
24.677433
23.897522
23.163333
22.481778
21.856164
21.287794
20.776234
20.319466
19.914352
19.556709
19.241729
18.964435
18.719775
18.503114
18.310141
18.137052
17.980437
17.837438
17.705556
17.582656
17.466935
17.356908
17.251277
17.149034
17.049290
16.951379
16.854706
16.758846
16.663438
16.568219
16.472988
16.377615
16.281988
16.186062
16.089826
15.993274
15.896437
15.799353
15.702055
15.604628
15.507115
15.409599
15.312126
15.214794
15.117638
15.020750
14.924174
14.827987
14.732223
14.636954
14.542216
14.448080
14.354565
14.261726
14.169592
14.078212
13.987593
13.897786
13.808789
13.720655
13.633387
13.547008
13.461539
13.376974
13.293349
13.210660
13.128926
13.048132
12.968301
12.889434
12.811521
12.734570
12.658565
12.583506
12.509398
12.436213
12.363972
12.292635
12.222197
12.152662
12.083994
12.016188
11.949245
11.883128
11.817827
11.753343
11.689642
11.626716
11.564560
11.503146
11.442456
11.382489
11.323217
11.264626
11.206707
11.149449
11.092828
11.036836
10.981467
10.926692
10.872506
10.818898
10.765862
10.713369
10.661416
10.609996
10.559102
10.508709
10.458809
10.409399
10.360468
10.312003
10.263994
10.216430
10.169314
10.122626
10.076353
10.030491
9.985044
9.939989
9.895324
9.851035
9.807123
9.763585
9.720404
9.677571
9.635083
9.592943
9.551136
9.509653
9.468488
9.427638
9.387106
9.346876
9.306943
9.267301
9.227947
9.188884
9.150096
9.111582
9.073333
9.035348
8.997625
8.960162
8.922949
8.885980
8.849254
8.812768
8.776523
8.740510
8.704724
8.669159
8.633814
8.598690
8.563785
8.529092
8.494604
8.460320
8.426236
8.392355
8.358676
8.325190
8.291893
8.258781
8.225856
8.193115
8.160560
8.128185
8.095983
8.063953
8.032092
8.000404
7.968890
7.937541
7.906355
7.875327
7.844458
7.813745
7.783190
7.752794
7.722551
7.692457
7.662509
7.632707
7.603050
7.573541
7.544177
7.514955
7.485870
7.456922
7.428110
7.399431
7.370889
7.342483
7.314210
7.286063
7.258045
7.230153
7.202387
7.174748
7.147236
7.119847
7.092581
7.065433
7.038404
7.011491
6.984697
6.958022
6.931465
6.905022
6.878693
6.852475
6.826368
6.800371
6.774484
6.748711
6.723045
6.697488
6.672037
6.646690
6.621449
6.596310
6.571275
6.546345
6.521519
6.496794
6.472170
6.447645
6.423217
6.398889
6.374657
6.350524
6.326491
6.302553
6.278710
6.254962
6.231306
6.207744
6.184273
6.160895
6.137611
6.114420
6.091319
6.068308
6.045386
6.022551
5.999805
5.977145
5.954574
5.932091
5.909697
5.887389
5.865165
5.843025
5.820969
5.798996
5.777106
5.755300
5.733577
5.711939
5.690384
5.668908
5.647513
5.626198
5.604962
5.583804
5.562726
5.541726
5.520806
5.499967
5.479205
5.458520
5.437911
5.417377
5.396919
5.376536
5.356228
5.335994
5.315837
5.295755
5.275749
5.255815
5.235954
5.216164
5.196446
5.176800
5.157224
5.137721
5.118289
5.098930
5.079643
5.060425
5.041277
5.022198
5.003186
4.984243
4.965368
4.946560
4.927821
4.909150
4.890549
4.872016
4.853549
4.835148
4.816813
4.798543
4.780337
4.762197
4.744121
4.726109
4.708163
4.690282
4.672467
4.654715
4.637027
4.619401
4.601838
4.584336
4.566896
4.549518
4.532201
4.514946
4.497752
4.480622
4.463553
4.446545
4.429597
4.412708
4.395879
4.379109
4.362397
4.345745
4.329151
4.312615
4.296137
4.279719
4.263361
4.247060
4.230817
4.214631
4.198502
4.182429
4.166412
4.150451
4.134545
4.118696
4.102901
4.087162
4.071481
4.055855
4.040284
4.024768
4.009306
3.993898
3.978544
3.963243
3.947995
3.932801
3.917659
3.902570
3.887533
3.872550
3.857621
3.842744
3.827920
3.813148
3.798426
3.783756
3.769137
3.754568
3.740050
3.725583
3.711165
3.696798
3.682480
3.668214
3.653998
3.639832
3.625716
3.611649
3.597630
3.583661
3.569740
3.555866
3.542041
3.528264
3.514535
3.500853
3.487219
3.473632
3.460093
3.446602
3.433159
3.419762
3.406412
3.393108
3.379851
3.366639
3.353473
3.340353
3.327278
3.314248
3.301263
3.288324
3.275429
3.262579
3.249774
3.237016
3.224301
3.211631
3.199005
3.186423
3.173884
3.161389
3.148937
3.136528
3.124162
3.111839
3.099559
3.087321
3.075125
3.062972
3.050862
3.038794
3.026769
3.014787
3.002846
2.990946
2.979088
2.967271
2.955494
2.943759
2.932064
2.920410
2.908796
2.897223
2.885689
2.874196
2.862743
2.851330
2.839956
2.828624
2.817331
2.806078
2.794865
2.783690
2.772554
2.761457
2.750399
2.739378
2.728397
2.717453
2.706547
2.695680
2.684850
2.674058
2.663304
2.652587
2.641908
2.631267
2.620664
2.610098
2.599570
2.589078
2.578624
2.568205
2.557823
2.547478
2.537168
2.526894
2.516657
2.506455
2.496289
2.486158
2.476063
2.466004
2.455979
2.445990
2.436037
2.426118
2.416235
2.406388
2.396576
2.386798
2.377055
2.367346
2.357671
2.348031
2.338424
2.328851
2.319311
2.309805
2.300333
2.290894
2.281489
2.272117
2.262777
2.253471
2.244199
2.234959
2.225752
2.216578
2.207437
2.198329
2.189254
2.180211
2.171201
2.162223
2.153276
2.144362
2.135479
2.126627
2.117807
2.109019
2.100262
2.091536
2.082841
2.074177
2.065544
2.056943
2.048372
2.039831
2.031322
2.022843
2.014395
2.005978
1.997592
1.989236
1.980911
1.972615
1.964350
1.956115
1.947909
1.939733
1.931587
1.923470
1.915382
1.907324
1.899294
1.891294
1.883322
1.875380
1.867466
1.859581
1.851725
1.843898
1.836099
1.828329
1.820587
1.812874
1.805189
1.797532
1.789904
1.782305
1.774733
1.767190
1.759675
1.752187
1.744727
1.737294
1.729889
1.722511
1.715160
1.707836
1.700539
1.693270
1.686027
1.678811
1.671621
1.664459
1.657323
1.650213
1.643130
1.636074
1.629044
1.622040
1.615062
1.608111
1.601186
1.594287
1.587415
1.580568
1.573748
1.566954
1.560185
1.553442
1.546725
1.540033
1.533366
1.526725
1.520109
1.513518
1.506952
1.500411
1.493894
1.487403
1.480936
1.474494
1.468076
1.461683
1.455315
1.448970
1.442651
1.436355
1.430084
1.423837
1.417614
1.411415
1.405240
1.399089
1.392963
1.386860
1.380781
1.374726
1.368694
1.362687
1.356703
1.350743
1.344806
1.338893
1.333002
1.327135
1.321291
1.315470
1.309672
1.303896
1.298144
1.292414
1.286707
1.281022
1.275360
1.269720
1.264103
1.258508
1.252935
1.247384
1.241856
1.236350
1.230866
1.225403
1.219963
1.214545
1.209148
1.203774
1.198421
1.193090
1.187780
1.182492
1.177226
1.171982
1.166758
1.161557
1.156377
1.151218
1.146081
1.140964
1.135869
1.130795
1.125741
1.120709
1.115697
1.110706
1.105735
1.100785
1.095856
1.090947
1.086059
1.081190
1.076343
1.071515
1.066707
1.061920
1.057153
1.052405
1.047678
1.042971
1.038283
1.033615
1.028967
1.024338
1.019730
1.015140
1.010570
1.006020
1.001489
0.996978
0.992486
0.988013
0.983559
0.979125
0.974709
0.970313
0.965936
0.961578
0.957239
0.952919
0.948618
0.944336
0.940073
0.935828
0.931601
0.927394
0.923204
0.919033
0.914881
0.910746
0.906630
0.902532
0.898452
0.894391
0.890347
0.886321
0.882313
0.878323
0.874350
0.870395
0.866458
0.862539
0.858637
0.854752
0.850885
0.847036
0.843203
0.839388
0.835590
0.831810
0.828046
0.824300
0.820570
0.816858
0.813162
0.809484
0.805822
0.802176
0.798548
0.794936
0.791341
0.787762
0.784200
0.780655
0.777125
0.773613
0.770116
0.766636
0.763172
0.759724
0.756292
0.752877
0.749477
0.746094
0.742726
0.739375
0.736039
0.732719
0.729415
0.726126
0.722853
0.719596
0.716354
0.713127
0.709915
0.706719
0.703538
0.700373
0.697222
0.694087
0.690966
0.687861
0.684770
0.681694
0.678633
0.675587
0.672555
0.669539
0.666536
0.663548
0.660575
0.657616
0.654672
0.651742
0.648826
0.645924
0.643037
0.640163
0.637304
0.634459
0.631627
0.628810
0.626006
0.623217
0.620441
0.617678
0.614930
0.612194
0.609473
0.606765
0.604070
0.601389
0.598721
0.596066
0.593425
0.590797
0.588182
0.585580
0.582991
0.580415
0.577851
0.575301
0.572764
0.570239
0.567727
0.565228
0.562741
0.560267
0.557806
0.555357
0.552920
0.550496
0.548084
0.545684
0.543297
0.540922
0.538559
0.536208
0.533869
0.531542
0.529227
0.526924
0.524632
0.522353
0.520085
0.517828
0.515584
0.513351
0.511129
0.508918
0.506720
0.504532
0.502356
0.500190
0.498036
0.495894
0.493762
0.491641
0.489531
0.487432
0.485344
0.483267
0.481200
0.479144
0.477099
0.475064
0.473040
0.471027
0.469024
0.467031
0.465049
0.463077
0.461115
0.459163
0.457222
0.455290
0.453369
0.451458
0.449556
0.447665
0.445783
0.443911
0.442049
0.440197
0.438354
0.436521
0.434698
0.432884
0.431079
0.429284
0.427498
0.425722
0.423954
0.422196
0.420448
0.418708
0.416977
0.415256
0.413543
0.411839
0.410144
0.408458
0.406781
0.405113
0.403453
0.401802
0.400159
0.398525
0.396900
0.395283
0.393674
0.392074
0.390482
0.388898
0.387323
0.385756
0.384197
0.382646
0.381103
0.379568
0.378041
0.376522
0.375010
0.373507
0.372011
0.370523
0.369043
0.367571
0.366106
0.364648
0.363198
0.361756
0.360321
0.358893
0.357473
0.356060
0.354654
0.353256
0.351864
0.350480
0.349103
0.347733
0.346370
0.345013
0.343664
0.342322
0.340986
0.339657
0.338335
0.337020
0.335712
0.334410
0.333114
0.331825
0.330543
0.329267
0.327998
0.326735
0.325478
0.324228
0.322984
0.321746
0.320514
0.319289
0.318069
0.316856
0.315649
0.314447
0.313252
0.312063
0.310879
0.309701
0.308529
0.307363
0.306203
0.305048
0.303899
0.302755
0.301617
0.300485
0.299358
0.298237
0.297121
0.296010
0.294905
0.293805
0.292710
0.291621
0.290537
0.289458
0.288384
0.287315
0.286252
0.285193
0.284140
0.283091
0.282047
0.281009
0.279975
0.278946
0.277922
0.276902
0.275888
0.274878
0.273873
0.272872
0.271876
0.270885
0.269898
0.268916
0.267938
0.266965
0.265996
0.265032
0.264072
0.263116
0.262165
0.261218
0.260275
0.259337
0.258402
0.257472
0.256546
0.255624
0.254707
0.253793
0.252883
0.251978
0.251076
0.250178
0.249284
0.248394
0.247508
0.246626
0.245748
0.244873
0.244002
0.243135
0.242272
0.241412
0.240556
0.239704
0.238855
0.238010
0.237168
0.236330
0.235496
0.234665
0.233837
0.233013
0.232192
0.231375
0.230561
0.229750
0.228943
0.228139
0.227338
0.226541
0.225747
0.224956
0.224168
0.223383
0.222602
0.221823
0.221048
0.220276
0.219507
0.218741
0.217978
0.217218
0.216461
0.215707
0.214955
0.214207
0.213462
0.212719
0.211980
0.211243
0.210509
0.209778
0.209050
0.208324
0.207601
0.206881
0.206164
0.205449
0.204737
0.204027
0.203321
0.202617
0.201915
0.201216
0.200520
0.199826
0.199135
0.198446
0.197760
0.197076
0.196395
0.195716
0.195039
0.194365
0.193694
0.193025
0.192358
0.191693
0.191031
0.190372
0.189714
0.189059
0.188406
0.187755
0.187107
0.186461
0.185817
0.185175
0.184536
0.183899
0.183264
0.182631
0.182000
0.181371
0.180745
0.180120
0.179498
0.178877
0.178259
0.177643
0.177029
0.176417
0.175807
0.175199
0.174592
0.173988
0.173386
0.172786
0.172188
0.171591
0.170997
0.170405
0.169814
0.169225
0.168639
0.168054
0.167470
0.166889
0.166310
0.165732
0.165156
0.164582
0.164010
0.163440
0.162871
0.162304
0.161739
0.161176
0.160614
0.160054
0.159496
0.158940
0.158385
0.157832
0.157280
0.156731
0.156183
0.155636
0.155091
0.154548
0.154007
0.153467
0.152928
0.152392
0.151856
0.151323
0.150791
0.150260
0.149732
0.149204
0.148678
0.148154
0.147632
0.147110
0.146591
0.146073
0.145556
0.145041
0.144527
0.144015
0.143504
0.142995
0.142487
0.141980
0.141475
0.140972
0.140470
0.139969
0.139470
0.138972
0.138476
0.137981
0.137487
0.136995
0.136504
0.136014
0.135526
0.135039
0.134554
0.134070
0.133587
0.133105
0.132625
0.132146
0.131669
0.131193
0.130718
0.130244
0.129772
0.129301
0.128831
0.128363
0.127896
0.127430
0.126965
0.126502
0.126040
0.125579
0.125119
0.124661
0.124204
0.123748
0.123293
0.122840
0.122388
0.121937
0.121487
0.121038
0.120591
0.120144
0.119699
0.119256
0.118813
0.118371
0.117931
0.117492
0.117054
0.116617
0.116181
0.115747
0.115313
0.114881
0.114450
0.114020
0.113591
0.113163
0.112736
0.112311
0.111886
0.111463
0.111041
0.110620
0.110200
0.109781
0.109363
0.108946
0.108531
0.108116
0.107703
0.107290
0.106879
0.106468
0.106059
0.105651
0.105244
0.104838
0.104433
0.104029
0.103626
0.103224
0.102823
0.102423
0.102024
0.101627
0.101230
0.100834
0.100439
0.100046
0.099653
0.099261
0.098871
0.098481
0.098092
0.097704
0.097318
0.096932
0.096547
0.096164
0.095781
0.095399
0.095018
0.094638
0.094259
0.093882
0.093505
0.093129
0.092754
0.092380
0.092006
0.091634
0.091263
0.090893
0.090523
0.090155
0.089788
0.089421
0.089056
0.088691
0.088327
0.087964
0.087603
0.087242
0.086882
0.086523
0.086164
0.085807
0.085451
0.085095
0.084741
0.084387
0.084034
0.083682
0.083332
0.082981
0.082632
0.082284
0.081937
0.081590
0.081244
0.080900
0.080556
0.080213
0.079871
0.079529
0.079189
0.078850
0.078511
0.078173
0.077836
0.077500
0.077165
0.076831
0.076497
0.076164
0.075833
0.075502
0.075172
0.074842
0.074514
0.074186
0.073859
0.073534
0.073208
0.072884
0.072561
0.072238
0.071916
0.071595
0.071275
0.070956
0.070637
0.070320
0.070003
0.069687
0.069372
0.069057
0.068744
0.068431
0.068119
0.067807
0.067497
0.067187
0.066878
0.066570
0.066263
0.065957
0.065651
0.065346
0.065042
0.064739
0.064436
0.064134
0.063833
0.063533
0.063234
0.062935
0.062637
0.062340
0.062044
0.061748
0.061453
0.061159
0.060866
0.060573
0.060281
0.059990
0.059700
0.059410
0.059122
0.058833
0.058546
0.058260
0.057974
0.057689
0.057404
0.057121
0.056838
0.056556
0.056274
0.055994
0.055714
0.055434
0.055156
0.054878
0.054601
0.054325
0.054049
0.053774
0.053500
0.053227
0.052954
0.052682
0.052410
0.052140
0.051870
0.051601
0.051332
0.051064
0.050797
0.050531
0.050265
0.050000
0.049736
0.049472
0.049209
0.048947
0.048685
0.048425
0.048164
0.047905
0.047646
0.047388
0.047130
0.046874
0.046617
0.046362
0.046107
0.045853
0.045600
0.045347
0.045095
0.044843
0.044593
0.044343
0.044093
0.043844
0.043596
0.043349
0.043102
0.042856
0.042610
0.042365
0.042121
0.041878
0.041635
0.041392
0.041151
0.040910
0.040669
0.040430
0.040191
0.039952
0.039714
0.039477
0.039241
0.039005
0.038769
0.038535
0.038301
0.038067
0.037834
0.037602
0.037371
0.037140
0.036910
0.036680
0.036451
0.036222
0.035994
0.035767
0.035540
0.035314
0.035089
0.034864
0.034640
0.034416
0.034193
0.033971
0.033749
0.033528
0.033307
0.033087
0.032868
0.032649
0.032431
0.032213
0.031996
0.031779
0.031563
0.031348
0.031133
0.030919
0.030705
0.030492
0.030280
0.030068
0.029857
0.029646
0.029436
0.029226
0.029017
0.028809
0.028601
0.028393
0.028187
0.027980
0.027775
0.027570
0.027365
0.027161
0.026958
0.026755
0.026552
0.026351
0.026149
0.025949
0.025749
0.025549
0.025350
0.025151
0.024953
0.024756
0.024559
0.024363
0.024167
0.023972
0.023777
0.023583
0.023389
0.023196
0.023003
0.022811
0.022619
0.022428
0.022238
0.022048
0.021858
0.021669
0.021481
0.021293
0.021105
0.020919
0.020732
0.020546
0.020361
0.020176
0.019992
0.019808
0.019624
0.019442
0.019259
0.019077
0.018896
0.018715
0.018535
0.018355
0.018176
0.017997
0.017818
0.017640
0.017463
0.017286
0.017110
0.016934
0.016758
0.016583
0.016409
0.016235
0.016062
0.015888
0.015716
0.015544
0.015372
0.015201
0.015031
0.014860
0.014691
0.014521
0.014353
0.014184
0.014017
0.013849
0.013682
0.013516
0.013350
0.013184
0.013019
0.012855
0.012691
0.012527
0.012364
0.012201
0.012039
0.011877
0.011715
0.011554
0.011394
0.011234
0.011074
0.010915
0.010756
0.010598
0.010440
0.010283
0.010126
0.009969
0.009813
0.009657
0.009502
0.009347
0.009193
0.009039
0.008886
0.008732
0.008580
0.008428
0.008276
0.008124
0.007973
0.007823
0.007673
0.007523
0.007374
0.007225
0.007077
0.006929
0.006781
0.006634
0.006487
0.006341
0.006195
0.006049
0.005904
0.005759
0.005615
0.005471
0.005328
0.005185
0.005042
0.004900
0.004758
0.004616
0.004475
0.004334
0.004194
0.004054
0.003915
0.003775
0.003637
0.003498
0.003360
0.003223
0.003086
0.002949
0.002812
0.002676
0.002541
0.002406
0.002271
0.002136
0.002002
0.001868
0.001735
0.001602
0.001469
0.001337
0.001205
0.001074
0.000943
0.000812
0.000682
0.000552
0.000422
0.000293
0.000164
0.000035
-0.000093
-0.000221
-0.000348
-0.000475
-0.000602
-0.000729
-0.000855
-0.000980
-0.001105
-0.001230
-0.001355
-0.001479
-0.001603
-0.001727
-0.001850
-0.001973
-0.002095
-0.002217
-0.002339
-0.002461
-0.002582
-0.002703
-0.002823
-0.002943
-0.003063
-0.003182
-0.003301
-0.003420
-0.003538
-0.003656
-0.003774
-0.003892
-0.004009
-0.004125
-0.004242
-0.004358
-0.004473
-0.004589
-0.004704
-0.004819
-0.004933
-0.005047
-0.005161
-0.005274
-0.005387
-0.005500
-0.005613
-0.005725
-0.005837
-0.005948
-0.006059
-0.006170
-0.006281
-0.006391
-0.006501
-0.006611
-0.006720
-0.006829
-0.006938
-0.007046
-0.007154
-0.007262
-0.007369
-0.007477
-0.007583
-0.007690
-0.007796
-0.007902
-0.008008
-0.008113
-0.008218
-0.008323
-0.008427
-0.008531
-0.008635
-0.008739
-0.008842
-0.008945
-0.009048
-0.009150
-0.009252
-0.009354
-0.009455
-0.009556
-0.009657
-0.009758
-0.009858
-0.009958
-0.010058
-0.010158
-0.010257
-0.010356
-0.010454
-0.010553
-0.010651
-0.010749
-0.010846
-0.010943
-0.011040
-0.011137
-0.011233
-0.011329
-0.011425
-0.011521
-0.011616
-0.011711
-0.011806
-0.011900
-0.011995
-0.012089
-0.012182
-0.012276
-0.012369
-0.012462
-0.012554
-0.012647
-0.012739
-0.012831
-0.012922
-0.013013
-0.013104
-0.013195
-0.013286
-0.013376
-0.013466
-0.013556
-0.013645
-0.013734
-0.013823
-0.013912
-0.014001
-0.014089
-0.014177
-0.014264
-0.014352
-0.014439
-0.014526
-0.014613
-0.014699
-0.014785
-0.014871
-0.014957
-0.015042
-0.015128
-0.015213
-0.015297
-0.015382
-0.015466
-0.015550
-0.015634
-0.015717
-0.015801
-0.015884
-0.015967
-0.016049
-0.016132
-0.016214
-0.016296
-0.016377
-0.016459
-0.016540
-0.016621
-0.016701
-0.016782
-0.016862
-0.016942
-0.017022
-0.017102
-0.017181
-0.017260
-0.017339
-0.017417
-0.017496
-0.017574
-0.017652
-0.017730
-0.017807
-0.017885
-0.017962
-0.018039
-0.018115
-0.018192
-0.018268
-0.018344
-0.018420
-0.018495
-0.018571
-0.018646
-0.018721
-0.018795
-0.018870
-0.018944
-0.019018
-0.019092
-0.019166
-0.019239
-0.019312
-0.019385
-0.019458
-0.019531
-0.019603
-0.019675
-0.019747
-0.019819
-0.019891
-0.019962
-0.020033
-0.020104
-0.020175
-0.020245
-0.020316
-0.020386
-0.020456
-0.020525
-0.020595
-0.020664
-0.020733
-0.020802
-0.020871
-0.020940
-0.021008
-0.021076
-0.021144
-0.021212
-0.021279
-0.021347
-0.021414
-0.021481
-0.021548
-0.021614
-0.021681
-0.021747
-0.021813
-0.021879
-0.021945
-0.022010
-0.022076
-0.022141
-0.022206
-0.022270
-0.022335
-0.022399
-0.022463
-0.022527
-0.022591
-0.022655
-0.022718
-0.022782
-0.022845
-0.022908
-0.022970
-0.023033
-0.023095
-0.023158
-0.023220
-0.023281
-0.023343
-0.023405
-0.023466
-0.023527
-0.023588
-0.023649
-0.023709
-0.023770
-0.023830
-0.023890
-0.023950
-0.024010
-0.024070
-0.024129
-0.024188
-0.024247
-0.024306
-0.024365
-0.024424
-0.024482
-0.024540
-0.024598
-0.024656
-0.024714
-0.024772
-0.024829
-0.024886
-0.024943
-0.025000
-0.025057
-0.025114
-0.025170
-0.025227
-0.025283
-0.025339
-0.025394
-0.025450
-0.025506
-0.025561
-0.025616
-0.025671
-0.025726
-0.025781
-0.025835
-0.025890
-0.025944
-0.025998
-0.026052
-0.026106
-0.026160
-0.026213
-0.026266
-0.026320
-0.026373
-0.026426
-0.026478
-0.026531
-0.026583
-0.026636
-0.026688
-0.026740
-0.026792
-0.026843
-0.026895
-0.026946
-0.026998
-0.027049
-0.027100
-0.027150
-0.027201
-0.027252
-0.027302
-0.027352
-0.027402
-0.027452
-0.027502
-0.027552
-0.027602
-0.027651
-0.027700
-0.027749
-0.027798
-0.027847
-0.027896
-0.027945
-0.027993
-0.028041
-0.028089
-0.028137
-0.028185
-0.028233
-0.028281
-0.028328
-0.028376
-0.028423
-0.028470
-0.028517
-0.028564
-0.028611
-0.028657
-0.028704
-0.028750
-0.028796
-0.028842
-0.028888
-0.028934
-0.028979
-0.029025
-0.029070
-0.029116
-0.029161
-0.029206
-0.029251
-0.029296
-0.029340
-0.029385
-0.029429
-0.029473
-0.029518
-0.029562
-0.029605
-0.029649
-0.029693
-0.029736
-0.029780
-0.029823
-0.029866
-0.029909
-0.029952
-0.029995
-0.030038
-0.030080
-0.030123
-0.030165
-0.030207
-0.030249
-0.030291
-0.030333
-0.030375
-0.030417
-0.030458
-0.030500
-0.030541
-0.030582
-0.030623
-0.030664
-0.030705
-0.030746
-0.030786
-0.030827
-0.030867
-0.030907
-0.030947
-0.030988
-0.031027
-0.031067
-0.031107
-0.031147
-0.031186
-0.031225
-0.031265
-0.031304
-0.031343
-0.031382
-0.031421
-0.031459
-0.031498
-0.031536
-0.031575
-0.031613
-0.031651
-0.031689
-0.031727
-0.031765
-0.031803
-0.031841
-0.031878
-0.031916
-0.031953
-0.031990
-0.032028
-0.032065
-0.032101
-0.032138
-0.032175
-0.032212
-0.032248
-0.032285
-0.032321
-0.032357
-0.032393
-0.032429
-0.032465
-0.032501
-0.032537
-0.032573
-0.032608
-0.032644
-0.032679
-0.032714
-0.032749
-0.032784
-0.032819
-0.032854
-0.032889
-0.032924
-0.032958
-0.032993
-0.033027
-0.033061
-0.033096
-0.033130
-0.033164
-0.033198
-0.033231
-0.033265
-0.033299
-0.033332
-0.033366
-0.033399
-0.033432
-0.033466
-0.033499
-0.033532
-0.033565
-0.033597
-0.033630
-0.033663
-0.033695
-0.033728
-0.033760
-0.033793
-0.033825
-0.033857
-0.033889
-0.033921
-0.033953
-0.033984
-0.034016
-0.034048
-0.034079
-0.034111
-0.034142
-0.034173
-0.034204
-0.034236
-0.034267
-0.034297
-0.034328
-0.034359
-0.034390
-0.034420
-0.034451
-0.034481
-0.034512
-0.034542
-0.034572
-0.034602
-0.034632
-0.034662
-0.034692
-0.034722
-0.034751
-0.034781
-0.034810
-0.034840
-0.034869
-0.034899
-0.034928
-0.034957
-0.034986
-0.035015
-0.035044
-0.035073
-0.035101
-0.035130
-0.035159
-0.035187
-0.035216
-0.035244
-0.035272
-0.035300
-0.035329
-0.035357
-0.035385
-0.035412
-0.035440
-0.035468
-0.035496
-0.035523
-0.035551
-0.035578
-0.035606
-0.035633
-0.035660
-0.035687
-0.035715
-0.035742
-0.035769
-0.035795
-0.035822
-0.035849
-0.035876
-0.035902
-0.035929
-0.035955
-0.035982
-0.036008
-0.036034
-0.036060
-0.036086
-0.036113
-0.036138
-0.036164
-0.036190
-0.036216
-0.036242
-0.036267
-0.036293
-0.036318
-0.036344
-0.036369
-0.036394
-0.036420
-0.036445
-0.036470
-0.036495
-0.036520
-0.036545
-0.036570
-0.036594
-0.036619
-0.036644
-0.036668
-0.036693
-0.036717
-0.036742
-0.036766
-0.036790
-0.036814
-0.036838
-0.036863
-0.036887
-0.036910
-0.036934
-0.036958
-0.036982
-0.037006
-0.037029
-0.037053
-0.037076
-0.037100
-0.037123
-0.037146
-0.037170
-0.037193
-0.037216
-0.037239
-0.037262
-0.037285
-0.037308
-0.037331
-0.037354
-0.037376
-0.037399
-0.037422
-0.037444
-0.037467
-0.037489
-0.037511
-0.037534
-0.037556
-0.037578
-0.037600
-0.037622
-0.037644
-0.037666
-0.037688
-0.037710
-0.037732
-0.037754
-0.037775
-0.037797
-0.037819
-0.037840
-0.037862
-0.037883
-0.037904
-0.037926
-0.037947
-0.037968
-0.037989
-0.038010
-0.038031
-0.038052
-0.038073
-0.038094
-0.038115
-0.038136
-0.038156
-0.038177
-0.038198
-0.038218
-0.038239
-0.038259
-0.038280
-0.038300
-0.038320
-0.038340
-0.038361
-0.038381
-0.038401
-0.038421
-0.038441
-0.038461
-0.038481
-0.038501
-0.038520
-0.038540
-0.038560
-0.038579
-0.038599
-0.038619
-0.038638
-0.038657
-0.038677
-0.038696
-0.038715
-0.038735
-0.038754
-0.038773
-0.038792
-0.038811
-0.038830
-0.038849
-0.038868
-0.038887
-0.038906
-0.038925
-0.038943
-0.038962
-0.038981
-0.038999
-0.039018
-0.039036
-0.039055
-0.039073
-0.039091
-0.039110
-0.039128
-0.039146
-0.039164
-0.039182
-0.039201
-0.039219
-0.039237
-0.039255
-0.039272
-0.039290
-0.039308
-0.039326
-0.039344
-0.039361
-0.039379
-0.039397
-0.039414
-0.039432
-0.039449
-0.039466
-0.039484
-0.039501
-0.039519
-0.039536
-0.039553
-0.039570
-0.039587
-0.039604
-0.039621
-0.039638
-0.039655
-0.039672
-0.039689
-0.039706
-0.039723
-0.039740
-0.039756
-0.039773
-0.039790
-0.039806
-0.039823
-0.039839
-0.039856
-0.039872
-0.039889
-0.039905
-0.039921
-0.039937
-0.039954
-0.039970
-0.039986
-0.040002
-0.040018
-0.040034
-0.040050
-0.040066
-0.040082
-0.040098
-0.040114
-0.040130
-0.040146
-0.040161
-0.040177
-0.040193
-0.040208
-0.040224
-0.040239
-0.040255
-0.040270
-0.040286
-0.040301
-0.040317
-0.040332
-0.040347
-0.040362
-0.040378
-0.040393
-0.040408
-0.040423
-0.040438
-0.040453
-0.040468
-0.040483
-0.040498
-0.040513
-0.040528
-0.040543
-0.040558
-0.040572
-0.040587
-0.040602
-0.040616
-0.040631
-0.040646
-0.040660
-0.040675
-0.040689
-0.040704
-0.040718
-0.040732
-0.040747
-0.040761
-0.040775
-0.040790
-0.040804
-0.040818
-0.040832
-0.040846
-0.040860
-0.040874
-0.040888
-0.040902
-0.040916
-0.040930
-0.040944
-0.040958
-0.040972
-0.040986
-0.040999
-0.041013
-0.041027
-0.041040
-0.041054
-0.041068
-0.041081
-0.041095
-0.041108
-0.041122
-0.041135
-0.041149
-0.041162
-0.041175
-0.041189
-0.041202
-0.041215
-0.041229
-0.041242
-0.041255
-0.041268
-0.041281
-0.041294
-0.041307
-0.041320
-0.041333
-0.041346
-0.041359
-0.041372
-0.041385
-0.041398
-0.041411
-0.041423
-0.041436
-0.041449
-0.041462
-0.041474
-0.041487
-0.041500
-0.041512
-0.041525
-0.041537
-0.041550
-0.041562
-0.041575
-0.041587
-0.041600
-0.041612
-0.041624
-0.041637
-0.041649
-0.041661
-0.041673
-0.041686
-0.041698
-0.041710
-0.041722
-0.041734
-0.041746
-0.041758
-0.041770
-0.041782
-0.041794
-0.041806
-0.041818
-0.041830
-0.041842
-0.041854
-0.041865
-0.041877
-0.041889
-0.041901
-0.041912
-0.041924
-0.041936
-0.041947
-0.041959
-0.041971
-0.041982
-0.041994
-0.042005
-0.042017
-0.042028
-0.042040
-0.042051
-0.042062
-0.042074
-0.042085
-0.042096
-0.042108
-0.042119
-0.042130
-0.042141
-0.042152
-0.042164
-0.042175
-0.042186
-0.042197
-0.042208
-0.042219
-0.042230
-0.042241
-0.042252
-0.042263
-0.042274
-0.042285
-0.042296
-0.042306
-0.042317
-0.042328
-0.042339
-0.042350
-0.042360
-0.042371
-0.042382
-0.042392
-0.042403
-0.042414
-0.042424
-0.042435
-0.042445
-0.042456
-0.042467
-0.042477
-0.042487
-0.042498
-0.042508
-0.042519
-0.042529
-0.042539
-0.042550
-0.042560
-0.042570
-0.042581
-0.042591
-0.042601
-0.042611
-0.042622
-0.042632
-0.042642
-0.042652
-0.042662
-0.042672
-0.042682
-0.042692
-0.042702
-0.042712
-0.042722
-0.042732
-0.042742
-0.042752
-0.042762
-0.042772
-0.042782
-0.042792
-0.042801
-0.042811
-0.042821
-0.042831
-0.042840
-0.042850
-0.042860
-0.042870
-0.042879
-0.042889
-0.042899
-0.042908
-0.042918
-0.042927
-0.042937
-0.042946
-0.042956
-0.042965
-0.042975
-0.042984
-0.042994
-0.043003
-0.043012
-0.043022
-0.043031
-0.043040
-0.043050
-0.043059
-0.043068
-0.043078

