0.000000
0.000000
-0.000006
-0.000014
-0.000023
-0.000034
-0.000045
-0.000058
-0.000070
-0.000083
-0.000097
-0.000111
-0.000125
-0.000140
-0.000155
-0.000170
-0.000185
-0.000201
-0.000217
-0.000233
-0.000249
-0.000265
-0.000282
-0.000299
-0.000316
-0.000333
-0.000351
-0.000368
-0.000386
-0.000404
-0.000422
-0.000440
-0.000459
-0.000477
-0.000496
-0.000515
-0.000534
-0.000553
-0.000572
-0.000591
-0.000611
-0.000631
-0.000650
-0.000670
-0.000690
-0.000711
-0.000731
-0.000751
-0.000772
-0.000793
-0.000813
-0.000834
-0.000855
-0.000876
-0.000898
-0.000919
-0.000940
-0.000962
-0.000984
-0.001005
-0.001027
-0.001049
-0.001071
-0.001093
-0.001115
-0.001138
-0.001160
-0.001183
-0.001205
-0.001228
-0.001250
-0.001273
-0.001296
-0.001319
-0.001342
-0.001365
-0.001389
-0.001412
-0.001435
-0.001459
-0.001482
-0.001506
-0.001530
-0.001553
-0.001577
-0.001601
-0.001625
-0.001649
-0.001673
-0.001697
-0.001722
-0.001746
-0.001770
-0.001795
-0.001819
-0.001844
-0.001868
-0.001893
-0.001918
-0.001942
-0.001967
-0.001992
-0.002017
-0.002042
-0.002067
-0.002092
-0.002117
-0.002143
-0.002168
-0.002193
-0.002219
-0.002244
-0.002269
-0.002295
-0.002321
-0.002346
-0.002372
-0.002398
-0.002423
-0.002449
-0.002475
-0.002501
-0.002527
-0.002553
-0.002579
-0.002605
-0.002631
-0.002657
-0.002684
-0.002710
-0.002736
-0.002762
-0.002789
-0.002815
-0.002842
-0.002868
-0.002895
-0.002921
-0.002948
-0.002975
-0.003001
-0.003028
-0.003055
-0.003081
-0.003108
-0.003135
-0.003162
-0.003189
-0.003216
-0.003243
-0.003270
-0.003297
-0.003324
-0.003351
-0.003378
-0.003405
-0.003433
-0.003460
-0.003487
-0.003515
-0.003542
-0.003569
-0.003597
-0.003624
-0.003651
-0.003679
-0.003706
-0.003734
-0.003762
-0.003789
-0.003817
-0.003844
-0.003872
-0.003900
-0.003927
-0.003955
-0.003983
-0.004011
-0.004038
-0.004066
-0.004094
-0.004122
-0.004150
-0.004178
-0.004206
-0.004234
-0.004262
-0.004290
-0.004318
-0.004346
-0.004374
-0.004402
-0.004430
-0.004458
-0.004486
-0.004515
-0.004543
-0.004571
-0.004599
-0.004628
-0.004656
-0.004684
-0.004712
-0.004741
-0.004769
-0.004797
-0.004826
-0.004854
-0.004883
-0.004911
-0.004940
-0.004968
-0.004996
-0.005025
-0.005054
-0.005082
-0.005111
-0.005139
-0.005168
-0.005196
-0.005225
-0.005254
-0.005282
-0.005311
-0.005340
-0.005368
-0.005397
-0.005426
-0.005454
-0.005483
-0.005512
-0.005541
-0.005569
-0.005598
-0.005627
-0.005656
-0.005685
-0.005713
-0.005742
-0.005771
-0.005800
-0.005829
-0.005858
-0.005887
-0.005916
-0.005945
-0.005973
-0.006002
-0.006031
-0.006060
-0.006089
-0.006118
-0.006147
-0.006176
-0.006205
-0.006234
-0.006263
-0.006292
-0.006322
-0.006351
-0.006380
-0.006409
-0.006438
-0.006467
-0.006496
-0.006525
-0.006554
-0.006583
-0.006613
-0.006642
-0.006671
-0.006700
-0.006729
-0.006758
-0.006788
-0.006817
-0.006846
-0.006875
-0.006904
-0.006934
-0.006963
-0.006992
-0.007021
-0.007051
-0.007080
-0.007109
-0.007138
-0.007168
-0.007197
-0.007226
-0.007255
-0.007285
-0.007314
-0.007343
-0.007373
-0.007402
-0.007431
-0.007461
-0.007490
-0.007519
-0.007549
-0.007578
-0.007607
-0.007637
-0.007666
-0.007695
-0.007725
-0.007754
-0.007783
-0.007813
-0.007842
-0.007872
-0.007901
-0.007930
-0.007960
-0.007989
-0.008018
-0.008048
-0.008077
-0.008107
-0.008136
-0.008166
-0.008195
-0.008224
-0.008254
-0.008283
-0.008313
-0.008342
-0.008371
-0.008401
-0.008430
-0.008460
-0.008489
-0.008519
-0.008548
-0.008577
-0.008607
-0.008636
-0.008666
-0.008695
-0.008725
-0.008754
-0.008783
-0.008813
-0.008842
-0.008872
-0.008901
-0.008931
-0.008960
-0.008990
-0.009019
-0.009048
-0.009078
-0.009107
-0.009137
-0.009166
-0.009196
-0.009225
-0.009255
-0.009284
-0.009313
-0.009343
-0.009372
-0.009402
-0.009431
-0.009461
-0.009490
-0.009520
-0.009549
-0.009578
-0.009608
-0.009637
-0.009667
-0.009696
-0.009726
-0.009755
-0.009784
-0.009814
-0.009843
-0.009873
-0.009902
-0.009932
-0.009961
-0.009990
-0.010020
-0.010049
-0.010079
-0.010108
-0.010137
-0.010167
-0.010196
-0.010226
-0.010255
-0.010284
-0.010314
-0.010343
-0.010373
-0.010402
-0.010431
-0.010461
-0.010490
-0.010520
-0.010549
-0.010578
-0.010608
-0.010637
-0.010666
-0.010696
-0.010725
-0.010754
-0.010784
-0.010813
-0.010842
-0.010872
-0.010901
-0.010930
-0.010960
-0.010989
-0.011018
-0.011048
-0.011077
-0.011106
-0.011136
-0.011165
-0.011194
-0.011224
-0.011253
-0.011282
-0.011311
-0.011341
-0.011370
-0.011399
-0.011428
-0.011458
-0.011487
-0.011516
-0.011545
-0.011575
-0.011604
-0.011633
-0.011662
-0.011692
-0.011721
-0.011750
-0.011779
-0.011808
-0.011838
-0.011867
-0.011896
-0.011925
-0.011954
-0.011984
-0.012013
-0.012042
-0.012071
-0.012100
-0.012129
-0.012158
-0.012188
-0.012217
-0.012246
-0.012275
-0.012304
-0.012333
-0.012362
-0.012391
-0.012421
-0.012450
-0.012479
-0.012508
-0.012537
-0.012566
-0.012595
-0.012624
-0.012653
-0.012682
-0.012711
-0.012740
-0.012769
-0.012798
-0.012827
-0.012856
-0.012885
-0.012914
-0.012943
-0.012972
-0.013001
-0.013030
-0.013059
-0.013088
-0.013117
-0.013146
-0.013175
-0.013204
-0.013233
-0.013261
-0.013290
-0.013319
-0.013348
-0.013377
-0.013406
-0.013435
-0.013464
-0.013493
-0.013521
-0.013550
-0.013579
-0.013608
-0.013637
-0.013665
-0.013694
-0.013723
-0.013752
-0.013781
-0.013809
-0.013838
-0.013867
-0.013896
-0.013924
-0.013953
-0.013982
-0.014011
-0.014039
-0.014068
-0.014097
-0.014125
-0.014154
-0.014183
-0.014212
-0.014240
-0.014269
-0.014297
-0.014326
-0.014355
-0.014383
-0.014412
-0.014441
-0.014469
-0.014498
-0.014526
-0.014555
-0.014584
-0.014612
-0.014641
-0.014669
-0.014698
-0.014726
-0.014755
-0.014783
-0.014812
-0.014840
-0.014869
-0.014897
-0.014926
-0.014954
-0.014983
-0.015011
-0.015040
-0.015068
-0.015096
-0.015125
-0.015153
-0.015182
-0.015210
-0.015238
-0.015267
-0.015295
-0.015323
-0.015352
-0.015380
-0.015408
-0.015437
-0.015465
-0.015493
-0.015522
-0.015550
-0.015578
-0.015607
-0.015635
-0.015663
-0.015691
-0.015720
-0.015748
-0.015776
-0.015804
-0.015832
-0.015861
-0.015889
-0.015917
-0.015945
-0.015973
-0.016001
-0.016029
-0.016058
-0.016086
-0.016114
-0.016142
-0.016170
-0.016198
-0.016226
-0.016254
-0.016282
-0.016310
-0.016338
-0.016366
-0.016394
-0.016422
-0.016450
-0.016478
-0.016506
-0.016534
-0.016562
-0.016590
-0.016618
-0.016646
-0.016674
-0.016702
-0.016730
-0.016758
-0.016786
-0.016813
-0.016841
-0.016573
-0.015435
-0.012754
-0.008119
-0.001445
0.007127
0.017342
0.028908
0.041538
0.054970
0.068972
0.083344
0.097914
0.112542
0.127113
0.141535
0.155735
0.169655
0.183252
0.196495
0.209359
0.221830
0.233898
0.245560
0.256813
0.267662
0.278111
0.288167
0.297839
0.307135
0.316067
0.324644
0.332879
0.340782
0.348365
0.355638
0.362613
0.369300
0.375711
0.381855
0.387742
0.393382
0.398784
0.403957
0.408910
0.413651
0.418187
0.422527
0.426678
0.430647
0.434441
0.438065
0.441527
0.444831
0.447984
0.450991
0.453858
0.456588
0.459188
0.461661
0.464013
0.466246
0.468366
0.470375
0.472279
0.474080
0.475782
0.477389
0.478902
0.480326
0.481664
0.482918
0.484091
0.485185
0.486204
0.487149
0.488024
0.488830
0.489569
0.490244
0.490857
0.491410
0.491904
0.492342
0.492725
0.493055
0.493334
0.493563
0.493744
0.493879
0.493968
0.494014
0.494018
0.493980
0.493903
0.493787
0.493635
0.493446
0.493222
0.492965
0.492675
0.492353
0.492001
0.491618
0.491207
0.490769
0.490303
0.489811
0.489294
0.488753
0.488187
0.487599
0.486989
0.486357
0.485705
0.485032
0.484340
0.483630
0.482901
0.482154
0.481391
0.480611
0.479815
0.479004
0.478178
0.477337
0.476483
0.475615
0.474735
0.473842
0.472937
0.472020
0.471092
0.470154
0.469204
0.468245
0.467276
0.466298
0.465310
0.464314
0.463310
0.462297
0.461277
0.460249
0.459215
0.458173
0.457124
0.456070
0.455009
0.453942
0.452869
0.451792
0.450709
0.449621
0.448528
0.447431
0.446329
0.445223
0.444114
0.443000
0.441883
0.440763
0.439639
0.438512
0.437383
0.436250
0.435115
0.433977
0.432838
0.431695
0.430551
0.429405
0.428257
0.427108
0.425956
0.424804
0.423650
0.422495
0.421338
0.420181
0.419023
0.417863
0.416703
0.415543
0.414382
0.413220
0.412058
0.410896
0.409734
0.408571
0.407408
0.406246
0.405083
0.403920
0.402758
0.401596
0.400434
0.399273
0.398112
0.396951
0.395791
0.394632
0.393473
0.392315
0.391158
0.390001
0.388846
0.387691
0.386537
0.385384
0.384233
0.383082
0.381932
0.380784
0.379636
0.378490
0.377345
0.376201
0.375059
0.373918
0.372778
0.371640
0.370503
0.369367
0.368233
0.367101
0.365969
0.364840
0.363712
0.362586
0.361461
0.360338
0.359216
0.358096
0.356978
0.355862
0.354747
0.353634
0.352523
0.351413
0.350305
0.349199
0.348095
0.346993
0.345893
0.344794
0.343697
0.342603
0.341510
0.340419
0.339329
0.338242
0.337157
0.336074
0.334992
0.333913
0.332835
0.331760
0.330686
0.329615
0.328546
0.327478
0.326413
0.325349
0.324288
0.323228
0.322171
0.321116
0.320063
0.319012
0.317963
0.316915
0.315871
0.314828
0.313787
0.312748
0.311712
0.310677
0.309645
0.308614
0.307586
0.306560
0.305536
0.304514
0.303494
0.302477
0.301461
0.300448
0.299437
0.298427
0.297420
0.296415
0.295413
0.294412
0.293413
0.292417
0.291423
0.290430
0.289440
0.288453
0.287467
0.286483
0.285502
0.284522
0.283545
0.282570
0.281597
0.280626
0.279658
0.278691
0.277727
0.276764
0.275804
0.274846
0.273890
0.272936
0.271985
0.271035
0.270088
0.269143
0.268199
0.267258
0.266319
0.265383
0.264448
0.263516
0.262585
0.261657
0.260731
0.259806
0.258885
0.257965
0.257047
0.256131
0.255218
0.254306
0.253397
0.252490
0.251584
0.250681
0.249780
0.248882
0.247985
0.247090
0.246197
0.245307
0.244418
0.243532
0.242648
0.241766
0.240885
0.240007
0.239131
0.238257
0.237386
0.236516
0.235648
0.234782
0.233919
0.233057
0.232197
0.231340
0.230484
0.229631
0.228780
0.227930
0.227083
0.226238
0.225394
0.224553
0.223714
0.222877
0.222042
0.221208
0.220377
0.219548
0.218721
0.217896
0.217073
0.216252
0.215432
0.214615
0.213800
0.212987
0.212176
0.211367
0.210559
0.209754
0.208951
0.208150
0.207350
0.206553
0.205758
0.204964
0.204173
0.203383
0.202596
0.201810
0.201026
0.200245
0.199465
0.198687
0.197911
0.197137
0.196365
0.195595
0.194827
0.194060
0.193296
0.192533
0.191773
0.191014
0.190257
0.189503
0.188750
0.187999
0.187249
0.186502
0.185757
0.185013
0.184272
0.183532
0.182794
0.182058
0.181324
0.180592
0.179861
0.179133
0.178406
0.177681
0.176958
0.176237
0.175518
0.174800
0.174085
0.173371
0.172659
0.171949
0.171241
0.170534
0.169830
0.169127
0.168426
0.167727
0.167029
0.166334
0.165640
0.164948
0.164258
0.163569
0.162882
0.162198
0.161515
0.160833
0.160154
0.159476
0.158800
0.158126
0.157453
0.156783
0.156114
0.155447
0.154781
0.154118
0.153456
0.152796
0.152137
0.151480
0.150825
0.150172
0.149521
0.148871
0.148223
0.147576
0.146932
0.146289
0.145648
0.145008
0.144370
0.143734
0.143100
0.142467
0.141836
0.141206
0.140579
0.139953
0.139328
0.138706
0.138085
0.137465
0.136848
0.136232
0.135617
0.135005
0.134394
0.133784
0.133177
0.132570
0.131966
0.131363
0.130762
0.130162
0.129564
0.128968
0.128373
0.127780
0.127189
0.126599
0.126011
0.125424
0.124839
0.124256
0.123674
0.123093
0.122515
0.121938
0.121362
0.120788
0.120216
0.119645
0.119076
0.118508
0.117942
0.117378
0.116815
0.116253
0.115693
0.115135
0.114578
0.114023
0.113469
0.112917
0.112367
0.111817
0.111270
0.110724
0.110179
0.109636
0.109095
0.108555
0.108016
0.107480
0.106944
0.106410
0.105878
0.105347
0.104817
0.104289
0.103763
0.103238
0.102714
0.102192
0.101672
0.101152
0.100635
0.100119
0.099604
0.099091
0.098579
0.098068
0.097559
0.097052
0.096546
0.096041
0.095538
0.095036
0.094536
0.094037
0.093540
0.093044
0.092549
0.092056
0.091564
0.091074
0.090585
0.090097
0.089611
0.089126
0.088643
0.088161
0.087680
0.087201
0.086723
0.086247
0.085772
0.085298
0.084826
0.084355
0.083885
0.083417
0.082950
0.082485
0.082020
0.081558
0.081096
0.080636
0.080177
0.079720
0.079264
0.078809
0.078356
0.077903
0.077453
0.077003
0.076555
0.076108
0.075663
0.075219
0.074776
0.074334
0.073894
0.073455
0.073017
0.072581
0.072146
0.071712
0.071279
0.070848
0.070418
0.069989
0.069562
0.069136
0.068711
0.068287
0.067865
0.067444
0.067024
0.066605
0.066188
0.065772
0.065357
0.064943
0.064531
0.064120
0.063710
0.063301
0.062894
0.062488
0.062083
0.061679
0.061276
0.060875
0.060475
0.060076
0.059678
0.059282
0.058886
0.058492
0.058099
0.057708
0.057317
0.056928
0.056539
0.056153
0.055767
0.055382
0.054999
0.054616
0.054235
0.053855
0.053477
0.053099
0.052723
0.052347
0.051973
0.051600
0.051228
0.050858
0.050488
0.050120
0.049752
0.049386
0.049021
0.048657
0.048294
0.047933
0.047572
0.047213
0.046855
0.046497
0.046141
0.045786
0.045433
0.045080
0.044728
0.044378
0.044028
0.043680
0.043333
0.042986
0.042641
0.042297
0.041954
0.041613
0.041272
0.040932
0.040594
0.040256
0.039919
0.039584
0.039250
0.038916
0.038584
0.038253
0.037923
0.037594
0.037266
0.036939
0.036613
0.036288
0.035964
0.035641
0.035319
0.034998
0.034678
0.034360
0.034042
0.033725
0.033409
0.033095
0.032781
0.032468
0.032157
0.031846
0.031536
0.031228
0.030920
0.030613
0.030308
0.030003
0.029699
0.029396
0.029095
0.028794
0.028494
0.028195
0.027897
0.027601
0.027305
0.027010
0.026716
0.026423
0.026131
0.025840
0.025549
0.025260
0.024972
0.024685
0.024398
0.024113
0.023828
0.023545
0.023262
0.022981
0.022700
0.022420
0.022141
0.021863
0.021586
0.021310
0.021035
0.020760
0.020487
0.020215
0.019943
0.019672
0.019403
0.019134
0.018866
0.018599
0.018333
0.018067
0.017803
0.017539
0.017277
0.017015
0.016754
0.016494
0.016235
0.015977
0.015720
0.015463
0.015207
0.014953
0.014699
0.014446
0.014194
0.013942
0.013692
0.013442
0.013194
0.012946
0.012699
0.012452
0.012207
0.011963
0.011719
0.011476
0.011234
0.010993
0.010752
0.010513
0.010274
0.010036
0.009799
0.009563
0.009327
0.009093
0.008859
0.008626
0.008394
0.008162
0.007932
0.007702
0.007473
0.007245
0.007018
0.006791
0.006565
0.006340
0.006116
0.005892
0.005670
0.005448
0.005227
0.005006
0.004787
0.004568
0.004350
0.004133
0.003916
0.003701
0.003486
0.003272
0.003058
0.002845
0.002633
0.002422
0.002212
0.002002
0.001793
0.001585
0.001378
0.001171
0.000965
0.000760
0.000555
0.000352
0.000149
-0.000054
-0.000255
-0.000456
-0.000656
-0.000856
-0.001054
-0.001252
-0.001450
-0.001646
-0.001842
-0.002037
-0.002232
-0.002425
-0.002618
-0.002811
-0.003002
-0.003193
-0.003383
-0.003573
-0.003762
-0.003950
-0.004137
-0.004324
-0.004510
-0.004696
-0.004880
-0.005064
-0.005248
-0.005430
-0.005612
-0.005794
-0.005974
-0.006154
-0.006334
-0.006512
-0.006690
-0.006868
-0.007045
-0.007221
-0.007396
-0.007571
-0.007745
-0.007918
-0.008091
-0.008263
-0.008435
-0.008606
-0.008776
-0.008946
-0.009115
-0.009283
-0.009451
-0.009618
-0.009784
-0.009950
-0.010115
-0.010280
-0.010444
-0.010607
-0.010770
-0.010932
-0.011093
-0.011254
-0.011414
-0.011574
-0.011733
-0.011892
-0.012049
-0.012207
-0.012363
-0.012519
-0.012675
-0.012830
-0.012984
-0.013138
-0.013291
-0.013443
-0.013595
-0.013747
-0.013897
-0.014048
-0.014197
-0.014346
-0.014495
-0.014643
-0.014790
-0.014937
-0.015083
-0.015228
-0.015373
-0.015518
-0.015662
-0.015805
-0.015948
-0.016090
-0.016232
-0.016373
-0.016514
-0.016654
-0.016793
-0.016932
-0.017071
-0.017209
-0.017346
-0.017483
-0.017619
-0.017755
-0.017890
-0.018025
-0.018159
-0.018292
-0.018425
-0.018558
-0.018690
-0.018822
-0.018953
-0.019083
-0.019213
-0.019342
-0.019471
-0.019600
-0.019728
-0.019855
-0.019982
-0.020108
-0.020234
-0.020360
-0.020485
-0.020609
-0.020733
-0.020856
-0.020979
-0.021102
-0.021224
-0.021345
-0.021466
-0.021587
-0.021707
-0.021826
-0.021945
-0.022064
-0.022182
-0.022299
-0.022417
-0.022533
-0.022649
-0.022765
-0.022880
-0.022995
-0.023110
-0.023223
-0.023337
-0.023450
-0.023562
-0.023674
-0.023786
-0.023897
-0.024008
-0.024118
-0.024228
-0.024337
-0.024446
-0.024554
-0.024662
-0.024770
-0.024877
-0.024984
-0.025090
-0.025196
-0.025301
-0.025406
-0.025511
-0.025615
-0.025719
-0.025822
-0.025925
-0.026027
-0.026129
-0.026231
-0.026332
-0.026433
-0.026533
-0.026633
-0.026732
-0.026831
-0.026930
-0.027028
-0.027126
-0.027224
-0.027321
-0.027418
-0.027514
-0.027610
-0.027705
-0.027800
-0.027895
-0.027989
-0.028083
-0.028177
-0.028270
-0.028363
-0.028455
-0.028547
-0.028639
-0.028730
-0.028821
-0.028911
-0.029001
-0.029091
-0.029180
-0.029269
-0.029358
-0.029446
-0.029534
-0.029621
-0.029708
-0.029795
-0.029882
-0.029968
-0.030053
-0.030139
-0.030224
-0.030308
-0.030393
-0.030477
-0.030560
-0.030643
-0.030726
-0.030809
-0.030891
-0.030973
-0.031054
-0.031135
-0.031216
-0.031297
-0.031377
-0.031457
-0.031536
-0.031615
-0.031694
-0.031773
-0.031851
-0.031929
-0.032006
-0.032083
-0.032160
-0.032237
-0.032313
-0.032389
-0.032464
-0.032539
-0.032614
-0.032689
-0.032763
-0.032837
-0.032911
-0.032984
-0.033057
-0.033130
-0.033203
-0.033275
-0.033347
-0.033418
-0.033489
-0.033560
-0.033631
-0.033701
-0.033771
-0.033841
-0.033911
-0.033980
-0.034049
-0.034117
-0.034186
-0.034254
-0.034321
-0.034389
-0.034456
-0.034523
-0.034589
-0.034656
-0.034722
-0.034788
-0.034853
-0.034918
-0.034983
-0.035048
-0.035112
-0.035177
-0.035240
-0.035304
-0.035367
-0.035430
-0.035493
-0.035556
-0.035618
-0.035680
-0.035742
-0.035803
-0.035864
-0.035925
-0.035986
-0.036047
-0.036107
-0.036167
-0.036227
-0.036286
-0.036345
-0.036404
-0.036463
-0.036521
-0.036580
-0.036638
-0.036695
-0.036753
-0.036810
-0.036867
-0.036924
-0.036981
-0.037037
-0.037093
-0.037149
-0.037204
-0.037260
-0.037315
-0.037370
-0.037425
-0.037479
-0.037533
-0.037587
-0.037641
-0.037695
-0.037748
-0.037801
-0.037854
-0.037907
-0.037959
-0.038012
-0.038064
-0.038115
-0.038167
-0.038218
-0.038270
-0.038321
-0.038371
-0.038422
-0.038472
-0.038522
-0.038572
-0.038622
-0.038672
-0.038721
-0.038770
-0.038819
-0.038868
-0.038916
-0.038964
-0.039013
-0.039061
-0.039108
-0.039156
-0.039203
-0.039250
-0.039297
-0.039344
-0.039391
-0.039437
-0.039483
-0.039529
-0.039575
-0.039621
-0.039666
-0.039711
-0.039756
-0.039801
-0.039846
-0.039890
-0.039935
-0.039979
-0.040023
-0.040067
-0.040110
-0.040154
-0.040197
-0.040240
-0.040283
-0.040326
-0.040369
-0.040411
-0.040453
-0.040495
-0.040537
-0.040579
-0.040620
-0.040662
-0.040703
-0.040744
-0.040785
-0.040826
-0.040866
-0.040907
-0.040947
-0.040987
-0.041027
-0.041067
-0.041107
-0.041146
-0.041185
-0.041225
-0.041264
-0.041303
-0.041341
-0.041380
-0.041418
-0.041456
-0.041495
-0.041532
-0.041570
-0.041608
-0.041645
-0.041683
-0.041720
-0.041757
-0.041794
-0.041831
-0.041867
-0.041904
-0.041940
-0.041977
-0.042013
-0.042049
-0.042084
-0.042120
-0.042155
-0.042191
-0.042226
-0.042261
-0.042296
-0.042331
-0.042366
-0.042400
-0.042435
-0.042469
-0.042503
-0.042537
-0.042571
-0.042605
-0.042639
-0.042672
-0.042706
-0.042739
-0.042772
-0.042805
-0.042838
-0.042871
-0.042903
-0.042936
-0.042968
-0.043001
-0.043033
-0.043065
-0.043097
-0.043129
-0.043160
-0.043192
-0.043223
-0.043255
-0.043286
-0.043317
-0.043348
-0.043379
-0.043410
-0.043440
-0.043471
-0.043501
-0.043532
-0.043562
-0.043592
-0.043622
-0.043652
-0.043682
-0.043711
-0.043741
-0.043770
-0.043800
-0.043829
-0.043858
-0.043887
-0.043916
-0.043945
-0.043973
-0.044002
-0.044031
-0.044059
-0.044087
-0.044115
-0.044144
-0.044172
-0.044199
-0.044227
-0.044255
-0.044283
-0.044310
-0.044337
-0.044365
-0.044392
-0.044419
-0.044446
-0.044473
-0.044500
-0.044527
-0.044553
-0.044580
-0.044606
-0.044633
-0.044659
-0.044685
-0.044711
-0.044737
-0.044763
-0.044789
-0.044815
-0.044840
-0.044866
-0.044891
-0.044917
-0.044942
-0.044967
-0.044993
-0.045018
-0.045043
-0.045067
-0.045092
-0.045117
-0.045142
-0.045166
-0.045191
-0.045215
-0.045239
-0.045263
-0.045288
-0.045312
-0.045336
-0.045360
-0.045383
-0.045407
-0.045431
-0.045454
-0.045478
-0.045501
-0.045525
-0.045548
-0.045571
-0.045594
-0.045617
-0.045640
-0.045663
-0.045686
-0.045709
-0.045731
-0.045754
-0.045777
-0.045799
-0.045821
-0.045844
-0.045866
-0.045888
-0.045910
-0.045932
-0.045954
-0.045976
-0.045998
-0.046020
-0.046041
-0.046063
-0.046085
-0.046106
-0.046128
-0.046149
-0.046170
-0.046191
-0.046213
-0.046234
-0.046255
-0.046276
-0.046297
-0.046317
-0.046338
-0.046359
-0.046379
-0.046400
-0.046421
-0.046441
-0.046461
-0.046482
-0.046502
-0.046522
-0.046542
-0.046562
-0.046583
-0.046602
-0.046622
-0.046642
-0.046662
-0.046682
-0.046701
-0.046721
-0.046741
-0.046760
-0.046780
-0.046799
-0.046818
-0.046838
-0.046857
-0.046876
-0.046895
-0.046914
-0.046933
-0.046952
-0.046971
-0.046990
-0.047009
-0.047027
-0.047046
-0.047065
-0.047083
-0.047102
-0.047120
-0.047139
-0.047157
-0.047175
-0.047193
-0.047212
-0.047230
-0.047248
-0.047266
-0.047284
-0.047302
-0.047320
-0.047338
-0.047356
-0.047373
-0.047391
-0.047409
-0.047426
-0.047444
-0.047461
-0.047479
-0.047496
-0.047514
-0.047531
-0.047548
-0.047566
-0.047583
-0.047600
-0.047617
-0.047634
-0.047651
-0.047668
-0.047685
-0.047702
-0.047719
-0.047735
-0.047752
-0.047769
-0.047786
-0.047802
-0.047819
-0.047835
-0.047852
-0.047868
-0.047885
-0.047901
-0.047917
-0.047934
-0.047950
-0.047966
-0.047982
-0.047998
-0.048014
-0.048030
-0.048046
-0.048062
-0.048078
-0.048094
-0.048110
-0.048126
-0.048142
-0.048157
-0.048173
-0.048189
-0.048204
-0.048220
-0.048235
-0.048251
-0.048266
-0.048282
-0.048297
-0.048312
-0.048328
-0.048343
-0.048358
-0.048373
-0.048389
-0.048404
-0.048419
-0.048434
-0.048449
-0.048464
-0.048479
-0.048494
-0.048509
-0.048523
-0.048538
-0.048553
-0.048568
-0.048582
-0.048597
-0.048612
-0.048626
-0.048641
-0.048656
-0.048670
-0.048684
-0.048699
-0.048713
-0.048728
-0.048742
-0.048756
-0.048771
-0.048785
-0.048799
-0.048813
-0.048827
-0.048842
-0.048856
-0.048870
-0.048884
-0.048898
-0.048912
-0.048926
-0.048940
-0.048954
-0.048967
-0.048981
-0.048995
-0.049009
-0.049022
-0.049036
-0.049050
-0.049064
-0.049077
-0.049091
-0.049104
-0.049118
-0.049131
-0.049145
-0.049158
-0.049172
-0.049185
-0.049198
-0.049212
-0.049225
-0.049238
-0.049252
-0.049265
-0.049278
-0.049291
-0.049304
-0.049318
-0.049331
-0.049344
-0.049357
-0.049370
-0.049383
-0.049396
-0.049409
-0.049422
-0.049435
-0.049447
-0.049460
-0.049473
-0.049486
-0.049499
-0.049511
-0.049524
-0.049537
-0.049549
-0.049562
-0.049575
-0.049587
-0.049600
-0.049612
-0.049625
-0.049637
-0.049650
-0.049662
-0.049675
-0.049687
-0.049700
-0.049712
-0.049724
-0.049737
-0.049749
-0.049761
-0.049774
-0.049786
-0.049798
-0.049810
-0.049822
-0.049834
-0.049847
-0.049859
-0.049871
-0.049883
-0.049895
-0.049907
-0.049919
-0.049931
-0.049943
-0.049955
-0.049967
-0.049979
-0.049990
-0.050002
-0.050014
-0.050026
-0.050038
-0.050049
-0.050061
-0.050073
-0.050085
-0.050096
-0.050108
-0.050120
-0.050131
-0.050143
-0.050154
-0.050166
-0.050178
-0.050189
-0.050201
-0.050212
-0.050224
-0.050235
-0.050246
-0.050258
-0.050269
-0.050281
-0.050292
-0.050303
-0.050315
-0.050326
-0.050337
-0.050349
-0.050360
-0.050371
-0.050382
-0.050393
-0.050405
-0.050416
-0.050427
-0.050438
-0.050449
-0.050460
-0.050471
-0.050482
-0.050493
-0.050505
-0.050516
-0.050527
-0.050538
-0.050548
-0.050559
-0.050570
-0.050581
-0.050592
-0.050603
-0.050614
-0.050625
-0.050636
-0.050646
-0.050657
-0.050668
-0.050679
-0.050689
-0.050700
-0.050711
-0.050722
-0.050732
-0.050743
-0.050754
-0.050764
-0.050775
-0.050786
-0.050796
-0.050807
-0.050817
-0.050828
-0.050838
-0.050849
-0.050859
-0.050870
-0.050880
-0.050891
-0.050901
-0.050912
-0.050922
-0.050933
-0.050943
-0.050953
-0.050964
-0.050974
-0.050984
-0.050995
-0.051005
-0.051015
-0.051026
-0.051036
-0.051046
-0.051056
-0.051067
-0.051077
-0.051087
-0.051097
-0.051107
-0.051118
-0.051128
-0.051138
-0.051148
-0.051158
-0.051168
-0.051178
-0.051188
-0.051198
-0.051208
-0.051219
-0.051229
-0.051239
-0.051249
-0.051259
-0.051268
-0.051278
-0.051288
-0.051298
-0.051308
-0.051318
-0.051328
-0.051338
-0.051348
-0.051358
-0.051368
-0.051377
-0.051387
-0.051397
-0.051407
-0.051417
-0.051426
-0.051436
-0.051446
-0.051456
-0.051465
-0.051475
-0.051485
-0.051494
-0.051504
-0.051514
-0.051523
-0.051533
-0.051543
-0.051552
-0.051562
-0.051572
-0.051581
-0.051591
-0.051600
-0.051610
-0.051620
-0.051629
-0.051639
-0.051648
-0.051658
-0.051667
-0.051677
-0.051686
-0.051696
-0.051705
-0.051714
-0.051724
-0.051733
-0.051743
-0.051752
-0.051762
-0.051771
-0.051780
-0.051790
-0.051799
-0.051808
-0.051818
-0.051827
-0.051836
-0.051846
-0.051855
-0.051864
-0.051873
-0.051883
-0.051892
-0.051901
-0.051911
-0.051920
-0.051929
-0.051938
-0.051947
-0.051957
-0.051966
-0.051975
-0.051984
-0.051993
-0.052002
-0.052011
-0.052021
-0.052030
-0.052039
-0.052048
-0.052057
-0.052066
-0.052075
-0.052084
-0.052093
-0.052102
-0.052111
-0.052120
-0.052129
-0.052138
-0.052147
-0.052156
-0.052165
-0.052174
-0.052183
-0.052192
-0.052201
-0.052210
-0.052219
-0.052228
-0.052237
-0.052246
-0.052255
-0.052264
-0.052273
-0.052281
-0.052290
-0.052299
-0.052308
-0.052317
-0.052326
-0.052334
-0.052343
-0.052352
-0.052361
-0.052370
-0.052378
-0.052387
-0.052396
-0.052405
-0.052414
-0.052422
-0.052431
-0.052440
-0.052448
-0.052457
-0.052466
-0.052475
-0.052483
-0.052492
-0.052501
-0.052509
-0.052518
-0.052527
-0.052535
-0.052544
-0.052553
-0.052561
-0.052570
-0.052578
-0.052587
-0.052596
-0.052604
-0.052613
-0.052621
-0.052630
-0.052638
-0.052647
-0.052655
-0.052664
-0.052673
-0.052681
-0.052690
-0.052698
-0.052707
-0.052715
-0.052724
-0.052732
-0.052741
-0.052749
-0.052757
-0.052766
-0.052774
-0.052783
-0.052791
-0.052800
-0.052808
-0.052816
-0.052825
-0.052833
-0.052842
-0.052850
-0.052858
-0.052867
-0.052875
-0.052884
-0.052892
-0.052900
-0.052909
-0.052917
-0.052925
-0.052934
-0.052942
-0.052950
-0.052958
-0.052967
-0.052975
-0.052983
-0.052992
-0.053000
-0.053008
-0.053016
-0.053025
-0.053033
-0.053041
-0.053049
-0.053058
-0.053066
-0.053074
-0.053082
-0.053090
-0.053099
-0.053107
-0.053115
-0.053123
-0.053131
-0.053139
-0.053148
-0.053156
-0.053164
-0.053172
-0.053180
-0.053188
-0.053196
-0.053205
-0.053213
-0.053221
-0.053229
-0.053237
-0.053245
-0.053253
-0.053261
-0.053269
-0.053277
-0.053285
-0.053293
-0.053301
-0.053310
-0.053318
-0.053326
-0.053334
-0.053342
-0.053350
-0.053358
-0.053366
-0.053374
-0.053382
-0.053390
-0.053398
-0.053406
-0.053414
-0.053422
-0.053429
-0.053437
-0.053445
-0.053453
-0.053461
-0.053469
-0.053477
-0.053485
-0.053493
-0.053501
-0.053509
-0.053517
-0.053525
-0.053532
-0.053540
-0.053548
-0.053556
-0.053564
-0.053572
-0.053580
-0.053588
-0.053595
-0.053603
-0.053611
-0.053619
-0.053627
-0.053635
-0.053642
-0.053650
-0.053658
-0.053666
-0.053674
-0.053681
-0.053689
-0.053697
-0.053705
-0.053713
-0.053720
-0.053728
-0.053736
-0.053744
-0.053751
-0.053759
-0.053767
-0.053775
-0.053782
-0.053790
-0.053798
-0.053805
-0.053813
-0.053821
-0.053829
-0.053836
-0.053844
-0.053852
-0.053859
-0.053867
-0.053875
-0.053882
-0.053890
-0.053898
-0.053905
-0.053913
-0.053921
-0.053928
-0.053936
-0.053944
-0.053951
-0.053959
-0.053966
-0.053974
-0.053982
-0.053989
-0.053997
-0.054004
-0.054012
-0.054020
-0.054027
-0.054035
-0.054042
-0.054050
-0.054057
-0.054065
-0.054073
-0.054080
-0.054088
-0.054095
-0.054103
-0.054110
-0.054118
-0.054125
-0.054133
-0.054140
-0.054148
-0.054155
-0.054163
-0.054170
-0.054178
-0.054185
-0.054193
-0.054200
-0.054208
-0.054215
-0.054223
-0.054230
-0.054238
-0.054245
-0.054253
-0.054260
-0.054267
-0.054275
-0.054282
-0.054290
-0.054297
-0.054305
-0.054312
-0.054319
-0.054327
-0.054334
-0.054342
-0.054349
-0.054356
-0.054364
-0.054371
-0.054379
-0.054386
-0.054393
-0.054401
-0.054408
-0.054415
-0.054423
-0.054430
-0.054438
-0.054445
-0.054452
-0.054460
-0.054467
-0.054474
-0.054482
-0.054489
-0.054496
-0.054503
-0.054511
-0.054518
-0.054525
-0.054533
-0.054540
-0.054547
-0.054555
-0.054562
-0.054569
-0.054576
-0.054584
-0.054591
-0.054598
-0.054605
-0.054613
-0.054620
-0.054627
-0.054634
-0.054642
-0.054649
-0.054656
-0.054663
-0.054671
-0.054678
-0.054685
-0.054692
-0.054699
-0.054707
-0.054714
-0.054721
-0.054728
-0.054735
-0.054743
-0.054750
-0.054757
-0.054764
-0.054771
-0.054779
-0.054786
-0.054793
-0.054800
-0.054807
-0.054814
-0.054821
-0.054829
-0.054836
-0.054843
-0.054850
-0.054857
-0.054864
-0.054871
-0.054878
-0.054886
-0.054893
-0.054900
-0.054907
-0.054914
-0.054921
-0.054928
-0.054935
-0.054942
-0.054949
-0.054957
-0.054964
-0.054971
-0.054978
-0.054985
-0.054992
-0.054999
-0.055006
-0.055013
-0.055020
-0.055027
-0.055034
-0.055041
-0.055048
-0.055055
-0.055062
-0.055069
-0.055076
-0.055083
-0.055090
-0.055097
-0.055104
-0.055111
-0.055118
-0.055125
-0.055132
-0.055139
-0.055146
-0.055153
-0.055160
-0.055167
-0.055174
-0.055181
-0.055188
-0.055195
-0.055202
-0.055209
-0.055216
-0.055223
-0.055230
-0.055237
-0.055244
-0.055251
-0.055257
-0.055264
-0.055271
-0.055278
-0.055285
-0.055292
-0.055299
-0.055306
-0.055313
-0.055320
-0.055327
-0.055333
-0.055340
-0.055347
-0.055354
-0.055361
-0.055368
-0.055375
-0.055382
-0.055388
-0.055395
-0.055402
-0.055409
-0.055416
-0.055423
-0.055430
-0.055436
-0.055443
-0.055450
-0.055457
-0.055464
-0.055471
-0.055477
-0.055484
-0.055491
-0.055498
-0.055505
-0.055511
-0.055518
-0.055525
-0.055532
-0.055539
-0.055545
-0.055552
-0.055559
-0.055566
-0.055572
-0.055579
-0.055586
-0.055593
-0.055600
-0.055606
-0.055613
-0.055620
-0.055627
-0.055633
-0.055640
-0.055647
-0.055654
-0.055660
-0.055667
-0.055674
-0.055680
-0.055687
-0.055694
-0.055701
-0.055707
-0.055714
-0.055721
-0.055727
-0.055734
-0.055741
-0.055747
-0.055754
-0.055761
-0.055768
-0.055774
-0.055781
-0.055788
-0.055794
-0.055801
-0.055808
-0.055814
-0.055821
-0.055828
-0.055834
-0.055841
-0.055847
-0.055854
-0.055861
-0.055867
-0.055874
-0.055881
-0.055887
-0.055894
-0.055901
-0.055907
-0.055914
-0.055920
-0.055927
-0.055934
-0.055940
-0.055947
-0.055953
-0.055960
-0.055967
-0.055973
-0.055980
-0.055986
-0.055993
-0.055999
-0.056006
-0.056013
-0.056019
-0.056026
-0.056032
-0.056039
-0.056045
-0.056052
-0.056058
-0.056065
-0.056072
-0.056078
-0.056085
-0.056091
-0.056098
-0.056104
-0.056111
-0.056117
-0.056124
-0.056130
-0.056137
-0.056143
-0.056150
-0.056156
-0.056163
-0.056169
-0.056176
-0.056182
-0.056189
-0.056195
-0.056202
-0.056208
-0.056215
-0.056221
-0.056228
-0.056234
-0.056241
-0.056247
-0.056253
-0.056260
-0.056266
-0.056273
-0.056279
-0.056286
-0.056292
-0.056299
-0.056305
-0.056311
-0.056318
-0.056324
-0.056331
-0.056337
-0.056343
-0.056350
-0.056356
-0.056363
-0.056369
-0.056376
-0.056382
-0.056388
-0.056395
-0.056401
-0.056407
-0.056414
-0.056420
-0.056427
-0.056433
-0.056439
-0.056446
-0.056452
-0.056458
-0.056465
-0.056471
-0.056477
-0.056484
-0.056490
-0.056497
-0.056503
-0.056509
-0.056516
-0.056522
-0.056528
-0.056534
-0.056541
-0.056547
-0.056553
-0.056560
-0.056566
-0.056572
-0.056579
-0.056585
-0.056591
-0.056598
-0.056604
-0.056610
-0.056616
-0.056623
-0.056629
-0.056635
-0.056642
-0.056648
-0.056654
-0.056660
-0.056667
-0.056673
-0.056679
-0.056685
-0.056692
-0.056698
-0.056704
-0.056710
-0.056717
-0.056723
-0.056729
-0.056735
-0.056742
-0.056748
-0.056754
-0.056760
-0.056766
-0.056773
-0.056779
-0.056785
-0.056791
-0.056797
-0.056804
-0.056810
-0.056816
-0.056822
-0.056828
-0.056835
-0.056841
-0.056847
-0.056853
-0.056859
-0.056866
-0.056872
-0.056878
-0.056884
-0.056890
-0.056896
-0.056902
-0.056909
-0.056915
-0.056921
-0.056927
-0.056933
-0.056939
-0.056945
-0.056952
-0.056958
-0.056964
-0.056970
-0.056976
-0.056982
-0.056988
-0.056994
-0.057001
-0.057007
-0.057013
-0.057019
-0.057025
-0.057031
-0.057037
-0.057043
-0.057049
-0.057055
-0.057061
-0.057068
-0.057074
-0.057080
-0.057086
-0.057092
-0.057098
-0.057104
-0.057110
-0.057116
-0.057122
-0.057128
-0.057134
-0.057140
-0.057146
-0.057152
-0.057158
-0.057164
-0.057170
-0.057176
-0.057182
-0.057188
-0.057194
-0.057201
-0.057207
-0.057213
-0.057219
-0.057225
-0.057231
-0.057237
-0.057243
-0.057249
-0.057255
-0.057260
-0.057266
-0.057272
-0.057278
-0.057284
-0.057290
-0.057296
-0.057302
-0.057308
-0.057314
-0.057320
-0.057326
-0.057332
-0.057338
-0.057344
-0.057350
-0.057356
-0.057362
-0.057368
-0.057374
-0.057380
-0.057386
-0.057391
-0.057397
-0.057403
-0.057409
-0.057415
-0.057421
-0.057427
-0.057433
-0.057439
-0.057445
-0.057451
-0.057456
-0.057462
-0.057468
-0.057474
-0.057480
-0.057486
-0.057492
-0.057498
-0.057503
-0.057509
-0.057515
-0.057521
-0.057527
-0.057533
-0.057539
-0.057545
-0.057550
-0.057556
-0.057562
-0.057568
-0.057574
-0.057580
-0.057585
-0.057591
-0.057597
-0.057603
-0.057609
-0.057615
-0.057620
-0.057626
-0.057632
-0.057638
-0.057644
-0.057649
-0.057655
-0.057661
-0.057667
-0.057673
-0.057678
-0.057684
-0.057690
-0.057696
-0.057701
-0.057707
-0.057713
-0.057719
-0.057725
-0.057730
-0.057736
-0.057742
-0.057748
-0.057753
-0.057759
-0.057765
-0.057771
-0.057776
-0.057782
-0.057788
-0.057793
-0.057799
-0.057805
-0.057811
-0.057816
-0.057822
-0.057828
-0.057834
-0.057839
-0.057845
-0.057851
-0.057856
-0.057862
-0.057868
-0.057873
-0.057879
-0.057885
-0.057891
-0.057896
-0.057902
-0.057908
-0.057913
-0.057919
-0.057925
-0.057930
-0.057936
-0.057942
-0.057947
-0.057953
-0.057959
-0.057964
-0.057970
-0.057975
-0.057981
-0.057987
-0.057992
-0.057998
-0.058004
-0.058009
-0.058015
-0.058021
-0.058026
-0.058032
-0.058037
-0.058043
-0.058049
-0.058054
-0.058060
-0.058065
-0.058071
-0.058077
-0.058082
-0.058088
-0.058093
-0.058099
-0.058105
-0.058110
-0.058116
-0.058121
-0.058127
-0.058132
-0.058138
-0.058143
-0.058149
-0.058155
-0.058160
-0.058166
-0.058171
-0.058177
-0.058182
-0.058188
-0.058193
-0.058199
-0.058204
-0.058210
-0.058216
-0.058221
-0.058227
-0.058232
-0.058238
-0.058243
-0.058249
-0.058254
-0.058260
-0.058265
-0.058271
-0.058276
-0.058282
-0.058287
-0.058293
-0.058298
-0.058304
-0.058309
-0.058315
-0.058320
-0.058325
-0.058331
-0.058336
-0.058342
-0.058347
-0.058353
-0.058358
-0.058364
-0.058369
-0.058375
-0.058380
-0.058386
-0.058391
-0.058396
-0.058402
-0.058407
-0.058413
-0.058418
-0.058424
-0.058429
-0.058434
-0.058440
-0.058445
-0.058451
-0.058456
-0.058461
-0.058467
-0.058472
-0.058478
-0.058483
-0.058488
-0.058494
-0.058499
-0.058505
-0.058510
-0.058515
-0.058521
-0.058526
-0.058531
-0.058537
-0.058542
-0.058548
-0.058553
-0.058558
-0.058564
-0.058569
-0.058574
-0.058580
-0.058585
-0.058590
-0.058596
-0.058601
-0.058606
-0.058612
-0.058617
-0.058622
-0.058628
-0.058633
-0.058638
-0.058644
-0.058649
-0.058654
-0.058659
-0.058665
-0.058670
-0.058675
-0.058681
-0.058686
-0.058691
-0.058697
-0.058702
-0.058707
-0.058712
-0.058718
-0.058723
-0.058728
-0.058733
-0.058739
-0.058744
-0.058749
-0.058754
-0.058760
-0.058765
-0.058770
-0.058775
-0.058781
-0.058786
-0.058791
-0.058796
-0.058802
-0.058807
-0.058812
-0.058817
-0.058823
-0.058828
-0.058833
-0.058838
-0.058843
-0.058849
-0.058854

