0.000000
0.000000
-0.000006
-0.000014
-0.000023
-0.000034
-0.000045
-0.000058
-0.000070
-0.000083
-0.000097
-0.000111
-0.000125
-0.000140
-0.000155
-0.000170
-0.000185
-0.000201
-0.000217
-0.000233
-0.000249
-0.000265
-0.000282
-0.000299
-0.000316
-0.000333
-0.000351
-0.000368
-0.000386
-0.000404
-0.000422
-0.000440
-0.000459
-0.000477
-0.000496
-0.000515
-0.000534
-0.000553
-0.000572
-0.000591
-0.000611
-0.000631
-0.000650
-0.000670
-0.000690
-0.000711
-0.000731
-0.000751
-0.000772
-0.000793
-0.000813
-0.000834
-0.000855
-0.000876
-0.000898
-0.000919
-0.000940
-0.000962
-0.000984
-0.001005
-0.001027
-0.001049
-0.001071
-0.001093
-0.001115
-0.001138
-0.001160
-0.001183
-0.001205
-0.001228
-0.001250
-0.001273
-0.001296
-0.001319
-0.001342
-0.001365
-0.001389
-0.001412
-0.001435
-0.001459
-0.001482
-0.001506
-0.001530
-0.001553
-0.001577
-0.001601
-0.001625
-0.001649
-0.001673
-0.001697
-0.001722
-0.001746
-0.001770
-0.001795
-0.001819
-0.001844
-0.001868
-0.001893
-0.001918
-0.001942
-0.001967
-0.001992
-0.002017
-0.002042
-0.002067
-0.002092
-0.002117
-0.002143
-0.002168
-0.002193
-0.002219
-0.002244
-0.002269
-0.002295
-0.002321
-0.002346
-0.002372
-0.002398
-0.002423
-0.002449
-0.002475
-0.002501
-0.002527
-0.002553
-0.002579
-0.002605
-0.002631
-0.002657
-0.002684
-0.002710
-0.002736
-0.002762
-0.002789
-0.002815
-0.002842
-0.002868
-0.002895
-0.002921
-0.002948
-0.002975
-0.003001
-0.003028
-0.003055
-0.003081
-0.003108
-0.003135
-0.003162
-0.003189
-0.003216
-0.003243
-0.003270
-0.003297
-0.003324
-0.003351
-0.003378
-0.003405
-0.003433
-0.003460
-0.003487
-0.003515
-0.003542
-0.003569
-0.003597
-0.003624
-0.003651
-0.003679
-0.003706
-0.003734
-0.003762
-0.003789
-0.003817
-0.003844
-0.003872
-0.003900
-0.003927
-0.003955
-0.003983
-0.004011
-0.004038
-0.004066
-0.004094
-0.004122
-0.004150
-0.004178
-0.004206
-0.004234
-0.004262
-0.004290
-0.004318
-0.004346
-0.004374
-0.004402
-0.004430
-0.004458
-0.004486
-0.004515
-0.004543
-0.004571
-0.004599
-0.004628
-0.004656
-0.004684
-0.004712
-0.004741
-0.004769
-0.004797
-0.004826
-0.004854
-0.004883
-0.004911
-0.004940
-0.004968
-0.004996
-0.005025
-0.005054
-0.005082
-0.005111
-0.005139
-0.005168
-0.005196
-0.005225
-0.005254
-0.005282
-0.005311
-0.005340
-0.005368
-0.005397
-0.005426
-0.005454
-0.005483
-0.005512
-0.005541
-0.005569
-0.005598
-0.005627
-0.005656
-0.005685
-0.005713
-0.005742
-0.005771
-0.005800
-0.005829
-0.005858
-0.005887
-0.005916
-0.005945
-0.005973
-0.006002
-0.006031
-0.006060
-0.006089
-0.006118
-0.006147
-0.006176
-0.006205
-0.006234
-0.006263
-0.006292
-0.006322
-0.006351
-0.006380
-0.006409
-0.006438
-0.006467
-0.006496
-0.006525
-0.006554
-0.006583
-0.006613
-0.006642
-0.006671
-0.006700
-0.006729
-0.006758
-0.006788
-0.006817
-0.006846
-0.006875
-0.006904
-0.006934
-0.006963
-0.006992
-0.007021
-0.007051
-0.007080
-0.007109
-0.007138
-0.007168
-0.007197
-0.007226
-0.007255
-0.007285
-0.007314
-0.007343
-0.007373
-0.007402
-0.007431
-0.007461
-0.007490
-0.007519
-0.007549
-0.007578
-0.007607
-0.007637
-0.007666
-0.007695
-0.007725
-0.007754
-0.007783
-0.007813
-0.007842
-0.007872
-0.007901
-0.007930
-0.007960
-0.007989
-0.008018
-0.008048
-0.008077
-0.008107
-0.008136
-0.008166
-0.008195
-0.008224
-0.008254
-0.008283
-0.008313
-0.008342
-0.008371
-0.008401
-0.008430
-0.008460
-0.008489
-0.008519
-0.008548
-0.008577
-0.008607
-0.008636
-0.008666
-0.008695
-0.008725
-0.008754
-0.008783
-0.008813
-0.008842
-0.008872
-0.008901
-0.008931
-0.008960
-0.008990
-0.009019
-0.009048
-0.009078
-0.009107
-0.009137
-0.009166
-0.009196
-0.009225
-0.009255
-0.009284
-0.009313
-0.009343
-0.009372
-0.009402
-0.009431
-0.009461
-0.009490
-0.009520
-0.009549
-0.009578
-0.009608
-0.009637
-0.009667
-0.009696
-0.009726
-0.009755
-0.009784
-0.009814
-0.009843
-0.009873
-0.009902
-0.009932
-0.009961
-0.009990
-0.010020
-0.010049
-0.010079
-0.010108
-0.010137
-0.010167
-0.010196
-0.010226
-0.010255
-0.010284
-0.010314
-0.010343
-0.010373
-0.010402
-0.010431
-0.010461
-0.010490
-0.010520
-0.010549
-0.010578
-0.010608
-0.010637
-0.010666
-0.010696
-0.010725
-0.010754
-0.010784
-0.010813
-0.010842
-0.010872
-0.010901
-0.010930
-0.010960
-0.010989
-0.011018
-0.011048
-0.011077
-0.011106
-0.011136
-0.011165
-0.011194
-0.011224
-0.011253
-0.011282
-0.011311
-0.011341
-0.011370
-0.011399
-0.011428
-0.011458
-0.011487
-0.011516
-0.011545
-0.011575
-0.011604
-0.011633
-0.011662
-0.011692
-0.011721
-0.011750
-0.011779
-0.011808
-0.011838
-0.011867
-0.011896
-0.011925
-0.011954
-0.011984
-0.012013
-0.012042
-0.012071
-0.012100
-0.012129
-0.012158
-0.012188
-0.012217
-0.012246
-0.012275
-0.012304
-0.012333
-0.012362
-0.012391
-0.012421
-0.012450
-0.012479
-0.012508
-0.012537
-0.012566
-0.012595
-0.012624
-0.012653
-0.012682
-0.012711
-0.012740
-0.012769
-0.012798
-0.012827
-0.012856
-0.012885
-0.012914
-0.012943
-0.012972
-0.013001
-0.013030
-0.013059
-0.013088
-0.013117
-0.013146
-0.013175
-0.013204
-0.013233
-0.013261
-0.013290
-0.013319
-0.013348
-0.013377
-0.013406
-0.013435
-0.013464
-0.013493
-0.013521
-0.013550
-0.013579
-0.013608
-0.013637
-0.013665
-0.013694
-0.013723
-0.013752
-0.013781
-0.013809
-0.013838
-0.013867
-0.013896
-0.013924
-0.013953
-0.013982
-0.014011
-0.014039
-0.014068
-0.014097
-0.014125
-0.014154
-0.014183
-0.014212
-0.014240
-0.014269
-0.014297
-0.014326
-0.014355
-0.014383
-0.014412
-0.014441
-0.014469
-0.014498
-0.014526
-0.014555
-0.014584
-0.014612
-0.014641
-0.014669
-0.014698
-0.014726
-0.014755
-0.014783
-0.014812
-0.014840
-0.014869
-0.014897
-0.014926
-0.014954
-0.014983
-0.015011
-0.015040
-0.015068
-0.015096
-0.015125
-0.015153
-0.015182
-0.015210
-0.015238
-0.015267
-0.015295
-0.015323
-0.015352
-0.015380
-0.015408
-0.015437
-0.015465
-0.015493
-0.015522
-0.015550
-0.015578
-0.015607
-0.015635
-0.015663
-0.015691
-0.015720
-0.015748
-0.015776
-0.015804
-0.015832
-0.015861
-0.015889
-0.015917
-0.015945
-0.015973
-0.016001
-0.016029
-0.016058
-0.016086
-0.016114
-0.016142
-0.016170
-0.016198
-0.016226
-0.016254
-0.016282
-0.016310
-0.016338
-0.016366
-0.016394
-0.016422
-0.016450
-0.016478
-0.016506
-0.016534
-0.016562
-0.016590
-0.016618
-0.016646
-0.016674
-0.016702
-0.016730
-0.016758
-0.016786
-0.016813
-0.016841
-0.016869
-0.016897
-0.016925
-0.016953
-0.016980
-0.017008
-0.017036
-0.017064
-0.017092
-0.017119
-0.017147
-0.017175
-0.017203
-0.017230
-0.017258
-0.017286
-0.017313
-0.017341
-0.017369
-0.017396
-0.017424
-0.017452
-0.017479
-0.017507
-0.017535
-0.017562
-0.017590
-0.017617
-0.017645
-0.017673
-0.017700
-0.017728
-0.017755
-0.017783
-0.017810
-0.017838
-0.017865
-0.017893
-0.017920
-0.017948
-0.017975
-0.018003
-0.018030
-0.018057
-0.018085
-0.018112
-0.018140
-0.018167
-0.018194
-0.018222
-0.018249
-0.018276
-0.018304
-0.018331
-0.018358
-0.018386
-0.018413
-0.018440
-0.018468
-0.018495
-0.018522
-0.018549
-0.018577
-0.018604
-0.018631
-0.018658
-0.018685
-0.018713
-0.018740
-0.018767
-0.018794
-0.018821
-0.018848
-0.018875
-0.018902
-0.018930
-0.018957
-0.018984
-0.019011
-0.019038
-0.019065
-0.019092
-0.019119
-0.019146
-0.019173
-0.019200
-0.019227
-0.019254
-0.019281
-0.019308
-0.019335
-0.019362
-0.019388
-0.019415
-0.019442
-0.019469
-0.019496
-0.019523
-0.019550
-0.019577
-0.019603
-0.019630
-0.019657
-0.019684
-0.019711
-0.019737
-0.019764
-0.019791
-0.019818
-0.019844
-0.019871
-0.019898
-0.019924
-0.019951
-0.019978
-0.020004
-0.020031
-0.020058
-0.020084
-0.020111
-0.020138
-0.020164
-0.020191
-0.020217
-0.020244
-0.020270
-0.020297
-0.020324
-0.020350
-0.020377
-0.020403
-0.020430
-0.020456
-0.020483
-0.020509
-0.020535
-0.020562
-0.020588
-0.020615
-0.020641
-0.020667
-0.020694
-0.020720
-0.020747
-0.020773
-0.020799
-0.020826
-0.020852
-0.020878
-0.020904
-0.020931
-0.020957
-0.020983
-0.021010
-0.021036
-0.021062
-0.021088
-0.021114
-0.021141
-0.021167
-0.021193
-0.021219
-0.021245
-0.021271
-0.021297
-0.021324
-0.021350
-0.021376
-0.021402
-0.021428
-0.021454
-0.021480
-0.021506
-0.021532
-0.021558
-0.021584
-0.021610
-0.021636
-0.021662
-0.021688
-0.021714
-0.021740
-0.021766
-0.021792
-0.021818
-0.021843
-0.021869
-0.021895
-0.021921
-0.021947
-0.021973
-0.021998
-0.022024
-0.022050
-0.022076
-0.022102
-0.022127
-0.022153
-0.022179
-0.022205
-0.022230
-0.022256
-0.022282
-0.022307
-0.022333
-0.022359
-0.022384
-0.022410
-0.022436
-0.022461
-0.022487
-0.022512
-0.022538
-0.022564
-0.022589
-0.022615
-0.022640
-0.022666
-0.022691
-0.022717
-0.022742
-0.022768
-0.022793
-0.022819
-0.022844
-0.022870
-0.022895
-0.022920
-0.022946
-0.022971
-0.022997
-0.023022
-0.023047
-0.023073
-0.023098
-0.023123
-0.023149
-0.023174
-0.023199
-0.023224
-0.023250
-0.023275
-0.023300
-0.023325
-0.023351
-0.023376
-0.023401
-0.023426
-0.023451
-0.023476
-0.023502
-0.023527
-0.023552
-0.023577
-0.023602
-0.023627
-0.023652
-0.023677
-0.023702
-0.023727
-0.023752
-0.023777
-0.023802
-0.023827
-0.023852
-0.023877
-0.023902
-0.023927
-0.023952
-0.023977
-0.024002
-0.024027
-0.024052
-0.024077
-0.024102
-0.024126
-0.024151
-0.024176
-0.024201
-0.024226
-0.024251
-0.024275
-0.024300
-0.024325
-0.024350
-0.024374
-0.024399
-0.024424
-0.024449
-0.024473
-0.024498
-0.024523
-0.024547
-0.024572
-0.024597
-0.024621
-0.024646
-0.024670
-0.024695
-0.024720
-0.024744
-0.024769
-0.024793
-0.024818
-0.024842
-0.024867
-0.024891
-0.024916
-0.024940
-0.024965
-0.024989
-0.025014
-0.025038
-0.025063
-0.025087
-0.025111
-0.025136
-0.025160
-0.025184
-0.025209
-0.025233
-0.025257
-0.025282
-0.025306
-0.025330
-0.025355
-0.025379
-0.025403
-0.025427
-0.025452
-0.025476
-0.025500
-0.025524
-0.025549
-0.025573
-0.025597
-0.025621
-0.025645
-0.025669
-0.025693
-0.025718
-0.025742
-0.025766
-0.025790
-0.025814
-0.025838
-0.025862
-0.025886
-0.025910
-0.025934
-0.025958
-0.025982
-0.026006
-0.026030
-0.026054
-0.026078
-0.026102
-0.026126
-0.026150
-0.026173
-0.026197
-0.026221
-0.026245
-0.026269
-0.026293
-0.026316
-0.026340
-0.026364
-0.026388
-0.026412
-0.026435
-0.026459
-0.026483
-0.026507
-0.026530
-0.026554
-0.026578
-0.026601
-0.026625
-0.026649
-0.026672
-0.026696
-0.026720
-0.026743
-0.026767
-0.026791
-0.026814
-0.026838
-0.026861
-0.026885
-0.026908
-0.026932
-0.026955
-0.026979
-0.027002
-0.027026
-0.027049
-0.027073
-0.027096
-0.027120
-0.026910
-0.025985
-0.023755
-0.019822
-0.014069
-0.006594
0.002393
0.012634
0.023872
0.035870
0.048413
0.061318
0.074427
0.087610
0.100760
0.113789
0.126630
0.139229
0.151544
0.163545
0.175211
0.186525
0.197479
0.208067
0.218289
0.228146
0.237643
0.246785
0.255579
0.264035
0.272160
0.279965
0.287460
0.294654
0.301557
0.308180
0.314533
0.320624
0.326464
0.332063
0.337428
0.342568
0.347493
0.352209
0.356726
0.361049
0.365188
0.369147
0.372935
0.376557
0.380019
0.383328
0.386489
0.389507
0.392387
0.395134
0.397753
0.400249
0.402626
0.404888
0.407038
0.409081
0.411021
0.412861
0.414604
0.416254
0.417814
0.419286
0.420674
0.421981
0.423209
0.424361
0.425438
0.426445
0.427383
0.428253
0.429059
0.429803
0.430486
0.431111
0.431678
0.432191
0.432651
0.433059
0.433418
0.433728
0.433992
0.434210
0.434384
0.434516
0.434607
0.434659
0.434671
0.434647
0.434586
0.434490
0.434360
0.434197
0.434003
0.433778
0.433523
0.433239
0.432927
0.432588
0.432223
0.431833
0.431418
0.430979
0.430517
0.430033
0.429527
0.429000
0.428453
0.427887
0.427302
0.426698
0.426077
0.425438
0.424783
0.424112
0.423425
0.422723
0.422007
0.421277
0.420534
0.419777
0.419007
0.418226
0.417432
0.416627
0.415812
0.414985
0.414149
0.413302
0.412446
0.411581
0.410706
0.409824
0.408933
0.408034
0.407127
0.406213
0.405292
0.404364
0.403430
0.402489
0.401543
0.400590
0.399632
0.398668
0.397699
0.396726
0.395747
0.394764
0.393777
0.392786
0.391790
0.390791
0.389788
0.388782
0.387773
0.386760
0.385744
0.384726
0.383705
0.382681
0.381655
0.380626
0.379596
0.378563
0.377529
0.376492
0.375455
0.374415
0.373374
0.372332
0.371288
0.370244
0.369198
0.368152
0.367104
0.366056
0.365007
0.363957
0.362907
0.361857
0.360806
0.359754
0.358703
0.357651
0.356600
0.355548
0.354496
0.353445
0.352393
0.351342
0.350291
0.349241
0.348190
0.347141
0.346091
0.345043
0.343994
0.342947
0.341900
0.340854
0.339808
0.338764
0.337720
0.336677
0.335635
0.334594
0.333554
0.332515
0.331476
0.330440
0.329404
0.328369
0.327335
0.326303
0.325272
0.324242
0.323213
0.322186
0.321160
0.320135
0.319112
0.318090
0.317069
0.316050
0.315033
0.314017
0.313002
0.311989
0.310977
0.309967
0.308958
0.307951
0.306946
0.305942
0.304940
0.303939
0.302940
0.301943
0.300948
0.299954
0.298962
0.297971
0.296982
0.295995
0.295010
0.294026
0.293044
0.292064
0.291086
0.290109
0.289135
0.288162
0.287191
0.286221
0.285254
0.284288
0.283324
0.282362
0.281402
0.280444
0.279487
0.278533
0.277580
0.276629
0.275680
0.274733
0.273787
0.272844
0.271903
0.270963
0.270025
0.269090
0.268156
0.267224
0.266294
0.265365
0.264439
0.263515
0.262592
0.261672
0.260753
0.259837
0.258922
0.258009
0.257098
0.256189
0.255282
0.254377
0.253474
0.252573
0.251674
0.250776
0.249881
0.248987
0.248096
0.247206
0.246318
0.245433
0.244549
0.243667
0.242787
0.241909
0.241033
0.240159
0.239287
0.238417
0.237548
0.236682
0.235818
0.234955
0.234095
0.233236
0.232379
0.231525
0.230672
0.229821
0.228972
0.228125
0.227280
0.226437
0.225595
0.224756
0.223918
0.223083
0.222249
0.221418
0.220588
0.219760
0.218934
0.218110
0.217288
0.216468
0.215650
0.214833
0.214019
0.213206
0.212395
0.211587
0.210780
0.209975
0.209172
0.208370
0.207571
0.206773
0.205978
0.205184
0.204392
0.203602
0.202814
0.202028
0.201244
0.200461
0.199681
0.198902
0.198125
0.197350
0.196577
0.195806
0.195036
0.194269
0.193503
0.192739
0.191977
0.191217
0.190459
0.189702
0.188948
0.188195
0.187444
0.186694
0.185947
0.185202
0.184458
0.183716
0.182976
0.182238
0.181501
0.180766
0.180034
0.179303
0.178573
0.177846
0.177120
0.176396
0.175674
0.174954
0.174236
0.173519
0.172804
0.172091
0.171379
0.170670
0.169962
0.169256
0.168552
0.167849
0.167148
0.166449
0.165752
0.165056
0.164363
0.163671
0.162980
0.162292
0.161605
0.160920
0.160237
0.159555
0.158875
0.158197
0.157521
0.156846
0.156173
0.155502
0.154832
0.154164
0.153498
0.152833
0.152171
0.151510
0.150850
0.150193
0.149537
0.148882
0.148230
0.147579
0.146930
0.146282
0.145636
0.144992
0.144349
0.143708
0.143069
0.142431
0.141796
0.141161
0.140529
0.139898
0.139268
0.138641
0.138015
0.137390
0.136767
0.136146
0.135527
0.134909
0.134292
0.133678
0.133065
0.132453
0.131843
0.131235
0.130629
0.130024
0.129420
0.128818
0.128218
0.127619
0.127022
0.126427
0.125833
0.125241
0.124650
0.124061
0.123473
0.122887
0.122303
0.121720
0.121139
0.120559
0.119981
0.119404
0.118829
0.118255
0.117683
0.117113
0.116544
0.115976
0.115410
0.114846
0.114283
0.113722
0.113162
0.112604
0.112047
0.111492
0.110938
0.110386
0.109835
0.109286
0.108738
0.108192
0.107647
0.107104
0.106562
0.106022
0.105483
0.104946
0.104410
0.103876
0.103343
0.102811
0.102281
0.101753
0.101226
0.100700
0.100176
0.099653
0.099132
0.098612
0.098094
0.097577
0.097061
0.096547
0.096035
0.095523
0.095014
0.094505
0.093998
0.093493
0.092989
0.092486
0.091985
0.091485
0.090986
0.090489
0.089993
0.089499
0.089006
0.088515
0.088025
0.087536
0.087048
0.086562
0.086078
0.085595
0.085113
0.084632
0.084153
0.083675
0.083199
0.082724
0.082250
0.081778
0.081307
0.080837
0.080369
0.079902
0.079436
0.078972
0.078509
0.078047
0.077587
0.077128
0.076670
0.076213
0.075758
0.075305
0.074852
0.074401
0.073951
0.073503
0.073055
0.072609
0.072165
0.071721
0.071279
0.070838
0.070399
0.069961
0.069524
0.069088
0.068654
0.068220
0.067788
0.067358
0.066928
0.066500
0.066074
0.065648
0.065224
0.064800
0.064379
0.063958
0.063539
0.063120
0.062704
0.062288
0.061873
0.061460
0.061048
0.060637
0.060228
0.059820
0.059412
0.059006
0.058602
0.058198
0.057796
0.057395
0.056995
0.056596
0.056199
0.055802
0.055407
0.055013
0.054620
0.054229
0.053838
0.053449
0.053061
0.052674
0.052288
0.051904
0.051520
0.051138
0.050757
0.050377
0.049998
0.049621
0.049244
0.048869
0.048494
0.048121
0.047749
0.047379
0.047009
0.046640
0.046273
0.045907
0.045541
0.045177
0.044814
0.044453
0.044092
0.043732
0.043374
0.043016
0.042660
0.042305
0.041951
0.041598
0.041246
0.040895
0.040545
0.040196
0.039849
0.039502
0.039157
0.038812
0.038469
0.038127
0.037786
0.037446
0.037107
0.036769
0.036432
0.036096
0.035761
0.035427
0.035094
0.034763
0.034432
0.034103
0.033774
0.033446
0.033120
0.032794
0.032470
0.032147
0.031824
0.031503
0.031183
0.030863
0.030545
0.030228
0.029911
0.029596
0.029282
0.028968
0.028656
0.028345
0.028035
0.027725
0.027417
0.027110
0.026803
0.026498
0.026194
0.025890
0.025588
0.025286
0.024986
0.024686
0.024388
0.024090
0.023794
0.023498
0.023203
0.022909
0.022617
0.022325
0.022034
0.021744
0.021455
0.021167
0.020880
0.020594
0.020308
0.020024
0.019741
0.019458
0.019177
0.018896
0.018616
0.018338
0.018060
0.017783
0.017507
0.017232
0.016958
0.016684
0.016412
0.016140
0.015870
0.015600
0.015331
0.015064
0.014796
0.014530
0.014265
0.014001
0.013737
0.013475
0.013213
0.012952
0.012692
0.012433
0.012175
0.011918
0.011661
0.011405
0.011151
0.010897
0.010644
0.010392
0.010140
0.009890
0.009640
0.009391
0.009143
0.008896
0.008650
0.008405
0.008160
0.007916
0.007673
0.007431
0.007190
0.006949
0.006710
0.006471
0.006233
0.005996
0.005759
0.005524
0.005289
0.005055
0.004822
0.004590
0.004358
0.004127
0.003898
0.003668
0.003440
0.003213
0.002986
0.002760
0.002535
0.002310
0.002087
0.001864
0.001642
0.001420
0.001200
0.000980
0.000761
0.000543
0.000326
0.000109
-0.000107
-0.000322
-0.000537
-0.000750
-0.000963
-0.001175
-0.001387
-0.001597
-0.001807
-0.002016
-0.002225
-0.002432
-0.002639
-0.002846
-0.003051
-0.003256
-0.003460
-0.003663
-0.003866
-0.004067
-0.004268
-0.004469
-0.004668
-0.004867
-0.005066
-0.005263
-0.005460
-0.005656
-0.005851
-0.006046
-0.006240
-0.006433
-0.006626
-0.006818
-0.007009
-0.007200
-0.007389
-0.007578
-0.007767
-0.007955
-0.008142
-0.008328
-0.008514
-0.008699
-0.008883
-0.009067
-0.009250
-0.009432
-0.009614
-0.009795
-0.009975
-0.010155
-0.010334
-0.010512
-0.010690
-0.010867
-0.011043
-0.011219
-0.011394
-0.011568
-0.011742
-0.011915
-0.012088
-0.012260
-0.012431
-0.012602
-0.012771
-0.012941
-0.013109
-0.013278
-0.013445
-0.013612
-0.013778
-0.013943
-0.014108
-0.014273
-0.014436
-0.014599
-0.014762
-0.014924
-0.015085
-0.015246
-0.015406
-0.015565
-0.015724
-0.015882
-0.016040
-0.016197
-0.016353
-0.016509
-0.016664
-0.016819
-0.016973
-0.017126
-0.017279
-0.017431
-0.017583
-0.017734
-0.017885
-0.018035
-0.018184
-0.018333
-0.018481
-0.018629
-0.018776
-0.018923
-0.019069
-0.019214
-0.019359
-0.019503
-0.019647
-0.019790
-0.019933
-0.020075
-0.020216
-0.020357
-0.020498
-0.020638
-0.020777
-0.020916
-0.021054
-0.021192
-0.021329
-0.021466
-0.021602
-0.021738
-0.021873
-0.022007
-0.022141
-0.022275
-0.022408
-0.022540
-0.022672
-0.022803
-0.022934
-0.023065
-0.023194
-0.023324
-0.023453
-0.023581
-0.023709
-0.023836
-0.023963
-0.024089
-0.024215
-0.024340
-0.024465
-0.024589
-0.024713
-0.024837
-0.024959
-0.025082
-0.025204
-0.025325
-0.025446
-0.025566
-0.025686
-0.025806
-0.025925
-0.026043
-0.026161
-0.026279
-0.026396
-0.026512
-0.026629
-0.026744
-0.026859
-0.026974
-0.027088
-0.027202
-0.027316
-0.027429
-0.027541
-0.027653
-0.027765
-0.027876
-0.027986
-0.028096
-0.028206
-0.028316
-0.028424
-0.028533
-0.028641
-0.028748
-0.028855
-0.028962
-0.029068
-0.029174
-0.029280
-0.029384
-0.029489
-0.029593
-0.029697
-0.029800
-0.029903
-0.030005
-0.030107
-0.030209
-0.030310
-0.030411
-0.030511
-0.030611
-0.030710
-0.030809
-0.030908
-0.031006
-0.031104
-0.031202
-0.031299
-0.031396
-0.031492
-0.031588
-0.031683
-0.031778
-0.031873
-0.031967
-0.032061
-0.032155
-0.032248
-0.032341
-0.032433
-0.032525
-0.032617
-0.032708
-0.032799
-0.032889
-0.032979
-0.033069
-0.033158
-0.033247
-0.033336
-0.033424
-0.033512
-0.033600
-0.033687
-0.033774
-0.033860
-0.033946
-0.034032
-0.034117
-0.034202
-0.034287
-0.034371
-0.034455
-0.034539
-0.034622
-0.034705
-0.034787
-0.034870
-0.034952
-0.035033
-0.035114
-0.035195
-0.035276
-0.035356
-0.035436
-0.035515
-0.035594
-0.035673
-0.035752
-0.035830
-0.035908
-0.035985
-0.036062
-0.036139
-0.036216
-0.036292
-0.036368
-0.036444
-0.036519
-0.036594
-0.036668
-0.036743
-0.036817
-0.036891
-0.036964
-0.037037
-0.037110
-0.037182
-0.037254
-0.037326
-0.037398
-0.037469
-0.037540
-0.037611
-0.037681
-0.037751
-0.037821
-0.037891
-0.037960
-0.038029
-0.038097
-0.038166
-0.038234
-0.038301
-0.038369
-0.038436
-0.038503
-0.038570
-0.038636
-0.038702
-0.038768
-0.038833
-0.038899
-0.038964
-0.039028
-0.039093
-0.039157
-0.039221
-0.039284
-0.039348
-0.039411
-0.039473
-0.039536
-0.039598
-0.039660
-0.039722
-0.039784
-0.039845
-0.039906
-0.039967
-0.040027
-0.040087
-0.040147
-0.040207
-0.040266
-0.040326
-0.040385
-0.040443
-0.040502
-0.040560
-0.040618
-0.040676
-0.040733
-0.040790
-0.040847
-0.040904
-0.040961
-0.041017
-0.041073
-0.041129
-0.041184
-0.041240
-0.041295
-0.041350
-0.041404
-0.041459
-0.041513
-0.041567
-0.041621
-0.041674
-0.041728
-0.041781
-0.041834
-0.041886
-0.041939
-0.041991
-0.042043
-0.042095
-0.042146
-0.042198
-0.042249
-0.042300
-0.042350
-0.042401
-0.042451
-0.042501
-0.042551
-0.042601
-0.042650
-0.042699
-0.042748
-0.042797
-0.042846
-0.042894
-0.042942
-0.042990
-0.043038
-0.043086
-0.043133
-0.043180
-0.043227
-0.043274
-0.043321
-0.043367
-0.043414
-0.043460
-0.043506
-0.043551
-0.043597
-0.043642
-0.043687
-0.043732
-0.043777
-0.043822
-0.043866
-0.043910
-0.043954
-0.043998
-0.044042
-0.044085
-0.044128
-0.044172
-0.044214
-0.044257
-0.044300
-0.044342
-0.044385
-0.044427
-0.044469
-0.044510
-0.044552
-0.044593
-0.044634
-0.044675
-0.044716
-0.044757
-0.044798
-0.044838
-0.044878
-0.044918
-0.044958
-0.044998
-0.045038
-0.045077
-0.045116
-0.045155
-0.045194
-0.045233
-0.045272
-0.045310
-0.045348
-0.045387
-0.045425
-0.045462
-0.045500
-0.045538
-0.045575
-0.045612
-0.045649
-0.045686
-0.045723
-0.045760
-0.045796
-0.045833
-0.045869
-0.045905
-0.045941
-0.045977
-0.046012
-0.046048
-0.046083
-0.046119
-0.046154
-0.046189
-0.046223
-0.046258
-0.046293
-0.046327
-0.046361
-0.046395
-0.046429
-0.046463
-0.046497
-0.046530
-0.046564
-0.046597
-0.046630
-0.046663
-0.046696
-0.046729
-0.046762
-0.046794
-0.046827
-0.046859
-0.046891
-0.046923
-0.046955
-0.046987
-0.047019
-0.047050
-0.047082
-0.047113
-0.047144
-0.047175
-0.047206
-0.047237
-0.047268
-0.047298
-0.047329
-0.047359
-0.047389
-0.047419
-0.047449
-0.047479
-0.047509
-0.047539
-0.047568
-0.047598
-0.047627
-0.047656
-0.047685
-0.047714
-0.047743
-0.047772
-0.047801
-0.047829
-0.047858
-0.047886
-0.047914
-0.047942
-0.047970
-0.047998
-0.048026
-0.048054
-0.048081
-0.048109
-0.048136
-0.048163
-0.048191
-0.048218
-0.048245
-0.048271
-0.048298
-0.048325
-0.048352
-0.048378
-0.048404
-0.048431
-0.048457
-0.048483
-0.048509
-0.048535
-0.048561
-0.048586
-0.048612
-0.048637
-0.048663
-0.048688
-0.048713
-0.048739
-0.048764
-0.048789
-0.048814
-0.048838
-0.048863
-0.048888
-0.048912
-0.048937
-0.048961
-0.048985
-0.049009
-0.049033
-0.049057
-0.049081
-0.049105
-0.049129
-0.049153
-0.049176
-0.049200
-0.049223
-0.049246
-0.049270
-0.049293
-0.049316
-0.049339
-0.049362
-0.049384
-0.049407
-0.049430
-0.049452
-0.049475
-0.049497
-0.049520
-0.049542
-0.049564
-0.049586
-0.049608
-0.049630
-0.049652
-0.049674
-0.049696
-0.049717
-0.049739
-0.049760
-0.049782
-0.049803
-0.049825
-0.049846
-0.049867
-0.049888
-0.049909
-0.049930
-0.049951
-0.049972
-0.049992
-0.050013
-0.050033
-0.050054
-0.050074
-0.050095
-0.050115
-0.050135
-0.050155
-0.050175
-0.050196
-0.050215
-0.050235
-0.050255
-0.050275
-0.050295
-0.050314
-0.050334
-0.050353
-0.050373
-0.050392
-0.050411
-0.050431
-0.050450
-0.050469
-0.050488
-0.050507
-0.050526
-0.050545
-0.050564
-0.050582
-0.050601
-0.050620
-0.050638
-0.050657
-0.050675
-0.050694
-0.050712
-0.050730
-0.050748
-0.050766
-0.050785
-0.050803
-0.050821
-0.050838
-0.050856
-0.050874
-0.050892
-0.050910
-0.050927
-0.050945
-0.050962
-0.050980
-0.050997
-0.051015
-0.051032
-0.051049
-0.051066
-0.051083
-0.051101
-0.051118
-0.051135
-0.051152
-0.051168
-0.051185
-0.051202
-0.051219
-0.051235
-0.051252
-0.051269
-0.051285
-0.051302
-0.051318
-0.051334
-0.051351
-0.051367
-0.051383
-0.051399
-0.051416
-0.051432
-0.051448
-0.051464
-0.051480
-0.051495
-0.051511
-0.051527
-0.051543
-0.051558
-0.051574
-0.051590
-0.051605
-0.051621
-0.051636
-0.051652
-0.051667
-0.051682
-0.051698
-0.051713
-0.051728
-0.051743
-0.051758
-0.051774
-0.051789
-0.051804
-0.051818
-0.051833
-0.051848
-0.051863
-0.051878
-0.051893
-0.051907
-0.051922
-0.051936
-0.051951
-0.051966
-0.051980
-0.051994
-0.052009
-0.052023
-0.052038
-0.052052
-0.052066
-0.052080
-0.052094
-0.052109
-0.052123
-0.052137
-0.052151
-0.052165
-0.052179
-0.052192
-0.052206
-0.052220
-0.052234
-0.052248
-0.052261
-0.052275
-0.052289
-0.052302
-0.052316
-0.052329
-0.052343
-0.052356
-0.052370
-0.052383
-0.052396
-0.052410
-0.052423
-0.052436
-0.052449
-0.052463
-0.052476
-0.052489
-0.052502
-0.052515
-0.052528
-0.052541
-0.052554
-0.052567
-0.052579
-0.052592
-0.052605
-0.052618
-0.052631
-0.052643
-0.052656
-0.052669
-0.052681
-0.052694
-0.052706
-0.052719
-0.052731
-0.052744
-0.052756
-0.052769
-0.052781
-0.052793
-0.052805
-0.052818
-0.052830
-0.052842
-0.052854
-0.052866
-0.052879
-0.052891
-0.052903
-0.052915
-0.052927
-0.052939
-0.052951
-0.052962
-0.052974
-0.052986
-0.052998
-0.053010
-0.053022
-0.053033
-0.053045
-0.053057
-0.053068
-0.053080
-0.053092
-0.053103
-0.053115
-0.053126
-0.053138
-0.053149
-0.053161
-0.053172
-0.053183
-0.053195
-0.053206
-0.053217
-0.053229
-0.053240
-0.053251
-0.053262
-0.053273
-0.053285
-0.053296
-0.053307
-0.053318
-0.053329
-0.053340
-0.053351
-0.053362
-0.053373
-0.053384
-0.053395
-0.053405
-0.053416
-0.053427
-0.053438
-0.053449
-0.053459
-0.053470
-0.053481
-0.053492
-0.053502
-0.053513
-0.053524
-0.053534
-0.053545
-0.053555
-0.053566
-0.053576
-0.053587
-0.053597
-0.053608
-0.053618
-0.053628
-0.053639
-0.053649
-0.053659
-0.053670
-0.053680
-0.053690
-0.053701
-0.053711
-0.053721
-0.053731
-0.053741
-0.053751
-0.053762
-0.053772
-0.053782
-0.053792
-0.053802
-0.053812
-0.053822
-0.053832
-0.053842
-0.053852
-0.053862
-0.053871
-0.053881
-0.053891
-0.053901
-0.053911
-0.053921
-0.053930
-0.053940
-0.053950
-0.053960
-0.053969
-0.053979
-0.053989
-0.053998
-0.054008
-0.054017
-0.054027
-0.054037
-0.054046
-0.054056
-0.054065
-0.054075
-0.054084
-0.054094
-0.054103
-0.054112
-0.054122
-0.054131
-0.054141
-0.054150
-0.054159
-0.054169
-0.054178
-0.054187
-0.054196
-0.054206
-0.054215
-0.054224
-0.054233
-0.054243
-0.054252
-0.054261
-0.054270
-0.054279
-0.054288
-0.054297
-0.054306
-0.054315
-0.054324
-0.054333
-0.054342
-0.054351
-0.054360
-0.054369
-0.054378
-0.054387
-0.054396
-0.054405
-0.054414
-0.054423
-0.054432
-0.054441
-0.054449
-0.054458
-0.054467
-0.054476
-0.054484
-0.054493
-0.054502
-0.054511
-0.054519
-0.054528
-0.054537
-0.054545
-0.054554
-0.054563
-0.054571
-0.054580
-0.054588
-0.054597
-0.054606
-0.054614
-0.054623
-0.054631
-0.054640
-0.054648
-0.054657
-0.054665
-0.054673
-0.054682
-0.054690
-0.054699
-0.054707
-0.054715
-0.054724
-0.054732
-0.054741
-0.054749
-0.054757
-0.054765
-0.054774
-0.054782
-0.054790
-0.054799
-0.054807
-0.054815
-0.054823
-0.054831
-0.054840
-0.054848
-0.054856
-0.054864
-0.054872
-0.054880
-0.054888
-0.054897
-0.054905
-0.054913
-0.054921
-0.054929
-0.054937
-0.054945
-0.054953
-0.054961
-0.054969
-0.054977
-0.054985
-0.054993
-0.055001
-0.055009
-0.055017
-0.055025
-0.055033
-0.055040
-0.055048
-0.055056
-0.055064
-0.055072
-0.055080
-0.055088
-0.055095
-0.055103
-0.055111
-0.055119
-0.055126
-0.055134
-0.055142
-0.055150
-0.055157
-0.055165
-0.055173
-0.055181
-0.055188
-0.055196
-0.055204
-0.055211
-0.055219
-0.055227
-0.055234
-0.055242
-0.055249
-0.055257
-0.055265
-0.055272
-0.055280
-0.055287
-0.055295
-0.055302
-0.055310
-0.055317
-0.055325
-0.055332
-0.055340
-0.055347
-0.055355
-0.055362
-0.055370
-0.055377
-0.055385
-0.055392
-0.055399
-0.055407
-0.055414
-0.055422
-0.055429
-0.055436
-0.055444
-0.055451
-0.055458
-0.055466
-0.055473
-0.055480
-0.055488
-0.055495
-0.055502
-0.055509
-0.055517
-0.055524
-0.055531
-0.055538
-0.055546
-0.055553
-0.055560
-0.055567
-0.055575
-0.055582
-0.055589
-0.055596
-0.055603
-0.055610
-0.055618
-0.055625
-0.055632
-0.055639
-0.055646
-0.055653
-0.055660
-0.055667
-0.055674
-0.055682
-0.055689
-0.055696
-0.055703
-0.055710
-0.055717
-0.055724
-0.055731
-0.055738
-0.055745
-0.055752
-0.055759
-0.055766
-0.055773
-0.055780
-0.055787
-0.055794
-0.055801
-0.055808
-0.055814
-0.055821
-0.055828
-0.055835
-0.055842
-0.055849
-0.055856
-0.055863
-0.055870
-0.055876
-0.055883
-0.055890
-0.055897
-0.055904
-0.055911
-0.055917
-0.055924
-0.055931
-0.055938
-0.055945
-0.055951
-0.055958
-0.055965
-0.055972
-0.055979
-0.055985
-0.055992
-0.055999
-0.056005
-0.056012
-0.056019
-0.056026
-0.056032
-0.056039
-0.056046
-0.056052
-0.056059
-0.056066
-0.056072
-0.056079
-0.056086
-0.056092
-0.056099
-0.056106
-0.056112
-0.056119
-0.056126
-0.056132
-0.056139
-0.056145
-0.056152
-0.056158
-0.056165
-0.056172
-0.056178
-0.056185
-0.056191
-0.056198
-0.056204
-0.056211
-0.056217
-0.056224
-0.056230
-0.056237
-0.056243
-0.056250
-0.056256
-0.056263
-0.056269
-0.056276
-0.056282
-0.056289
-0.056295
-0.056302
-0.056308
-0.056315
-0.056321
-0.056327
-0.056334
-0.056340
-0.056347
-0.056353
-0.056360
-0.056366
-0.056372
-0.056379
-0.056385
-0.056391
-0.056398
-0.056404
-0.056411
-0.056417
-0.056423
-0.056430
-0.056436
-0.056442
-0.056449
-0.056455
-0.056461
-0.056467
-0.056474
-0.056480
-0.056486
-0.056493
-0.056499
-0.056505
-0.056511
-0.056518
-0.056524
-0.056530
-0.056537
-0.056543
-0.056549
-0.056555
-0.056561
-0.056568
-0.056574
-0.056580
-0.056586
-0.056593
-0.056599
-0.056605
-0.056611
-0.056617
-0.056623
-0.056630
-0.056636
-0.056642
-0.056648
-0.056654
-0.056660
-0.056667
-0.056673
-0.056679
-0.056685
-0.056691
-0.056697
-0.056703
-0.056710
-0.056716
-0.056722
-0.056728
-0.056734
-0.056740
-0.056746
-0.056752
-0.056758
-0.056764
-0.056770
-0.056776
-0.056783
-0.056789
-0.056795
-0.056801
-0.056807
-0.056813
-0.056819
-0.056825
-0.056831
-0.056837
-0.056843
-0.056849
-0.056855
-0.056861
-0.056867
-0.056873
-0.056879
-0.056885
-0.056891
-0.056897
-0.056903
-0.056909
-0.056915
-0.056921
-0.056927
-0.056933
-0.056939
-0.056944
-0.056950
-0.056956
-0.056962
-0.056968
-0.056974
-0.056980
-0.056986
-0.056992
-0.056998
-0.057004
-0.057010
-0.057015
-0.057021
-0.057027
-0.057033
-0.057039
-0.057045
-0.057051
-0.057057
-0.057062
-0.057068
-0.057074
-0.057080
-0.057086
-0.057092
-0.057098
-0.057103
-0.057109
-0.057115
-0.057121
-0.057127
-0.057133
-0.057138
-0.057144
-0.057150
-0.057156
-0.057162
-0.057167
-0.057173
-0.057179
-0.057185
-0.057190
-0.057196
-0.057202
-0.057208
-0.057214
-0.057219
-0.057225
-0.057231
-0.057237
-0.057242
-0.057248
-0.057254
-0.057260
-0.057265
-0.057271
-0.057277
-0.057282
-0.057288
-0.057294
-0.057300
-0.057305
-0.057311
-0.057317
-0.057322
-0.057328
-0.057334
-0.057339
-0.057345
-0.057351
-0.057356
-0.057362
-0.057368
-0.057373
-0.057379
-0.057385
-0.057390
-0.057396
-0.057402
-0.057407
-0.057413
-0.057419
-0.057424
-0.057430
-0.057436
-0.057441
-0.057447
-0.057452
-0.057458
-0.057464
-0.057469
-0.057475
-0.057480
-0.057486
-0.057492
-0.057497
-0.057503
-0.057508
-0.057514
-0.057520
-0.057525
-0.057531
-0.057536
-0.057542
-0.057547
-0.057553
-0.057559
-0.057564
-0.057570
-0.057575
-0.057581
-0.057586
-0.057592
-0.057597
-0.057603
-0.057608
-0.057614
-0.057619
-0.057625
-0.057630
-0.057636
-0.057641
-0.057647
-0.057652
-0.057658
-0.057663
-0.057669
-0.057674
-0.057680
-0.057685
-0.057691
-0.057696
-0.057702
-0.057707
-0.057713
-0.057718
-0.057724
-0.057729
-0.057735
-0.057740
-0.057746
-0.057751
-0.057756
-0.057762
-0.057767
-0.057773
-0.057778
-0.057784
-0.057789
-0.057795
-0.057800
-0.057805
-0.057811
-0.057816
-0.057822
-0.057827
-0.057832
-0.057838
-0.057843
-0.057849
-0.057854
-0.057859
-0.057865
-0.057870
-0.057876
-0.057881
-0.057886
-0.057892
-0.057897
-0.057902
-0.057908
-0.057913
-0.057918
-0.057924
-0.057929
-0.057935
-0.057940
-0.057945
-0.057951
-0.057956
-0.057961
-0.057967
-0.057972
-0.057977
-0.057983
-0.057988
-0.057993
-0.057999
-0.058004
-0.058009
-0.058014
-0.058020
-0.058025
-0.058030
-0.058036
-0.058041
-0.058046
-0.058052
-0.058057
-0.058062
-0.058067
-0.058073
-0.058078
-0.058083
-0.058089
-0.058094
-0.058099
-0.058104
-0.058110
-0.058115
-0.058120
-0.058125
-0.058131
-0.058136
-0.058141
-0.058146
-0.058152
-0.058157
-0.058162
-0.058167
-0.058173
-0.058178
-0.058183
-0.058188
-0.058193
-0.058199
-0.058204
-0.058209
-0.058214
-0.058219
-0.058225
-0.058230
-0.058235
-0.058240
-0.058245
-0.058251
-0.058256
-0.058261
-0.058266
-0.058271
-0.058277
-0.058282
-0.058287
-0.058292
-0.058297
-0.058302
-0.058308
-0.058313
-0.058318
-0.058323
-0.058328
-0.058333
-0.058339
-0.058344
-0.058349
-0.058354
-0.058359
-0.058364
-0.058369
-0.058375
-0.058380
-0.058385
-0.058390
-0.058395
-0.058400
-0.058405
-0.058410
-0.058415
-0.058421
-0.058426
-0.058431
-0.058436
-0.058441
-0.058446
-0.058451
-0.058456
-0.058461
-0.058466
-0.058472
-0.058477
-0.058482
-0.058487
-0.058492
-0.058497
-0.058502
-0.058507
-0.058512
-0.058517
-0.058522
-0.058527
-0.058532
-0.058537
-0.058542
-0.058548
-0.058553
-0.058558
-0.058563
-0.058568
-0.058573
-0.058578
-0.058583
-0.058588
-0.058593
-0.058598
-0.058603
-0.058608
-0.058613
-0.058618
-0.058623
-0.058628
-0.058633
-0.058638
-0.058643
-0.058648
-0.058653
-0.058658
-0.058663
-0.058668
-0.058673
-0.058678
-0.058683
-0.058688
-0.058693
-0.058698
-0.058703
-0.058708
-0.058713
-0.058718
-0.058723
-0.058728
-0.058733
-0.058738
-0.058743
-0.058748
-0.058753
-0.058757
-0.058762
-0.058767
-0.058772
-0.058777
-0.058782
-0.058787
-0.058792
-0.058797
-0.058802
-0.058807
-0.058812
-0.058817
-0.058822
-0.058827
-0.058831
-0.058836
-0.058841
-0.058846
-0.058851
-0.058856
-0.058861
-0.058866
-0.058871
-0.058876
-0.058880
-0.058885
-0.058890
-0.058895
-0.058900
-0.058905
-0.058910
-0.058915
-0.058920
-0.058924
-0.058929
-0.058934
-0.058939
-0.058944
-0.058949
-0.058954
-0.058959
-0.058963
-0.058968
-0.058973
-0.058978
-0.058983
-0.058988
-0.058992
-0.058997
-0.059002
-0.059007
-0.059012
-0.059017
-0.059021
-0.059026
-0.059031
-0.059036
-0.059041
-0.059046
-0.059050
-0.059055
-0.059060

