0.000000
0.000000
-0.000006
-0.000014
-0.000023
-0.000034
-0.000045
-0.000058
-0.000070
-0.000083
-0.000097
-0.000111
-0.000125
-0.000140
-0.000155
-0.000170
-0.000185
-0.000201
-0.000217
-0.000233
-0.000249
-0.000265
-0.000282
-0.000299
-0.000316
-0.000333
-0.000351
-0.000368
-0.000386
-0.000404
-0.000422
-0.000440
-0.000459
-0.000477
-0.000496
-0.000515
-0.000534
-0.000553
-0.000572
-0.000591
-0.000611
-0.000631
-0.000650
-0.000670
-0.000690
-0.000711
-0.000731
-0.000751
-0.000772
-0.000793
-0.000813
-0.000834
-0.000855
-0.000876
-0.000898
-0.000919
-0.000940
-0.000962
-0.000984
-0.001005
-0.001027
-0.001049
-0.001071
-0.001093
-0.001115
-0.001138
-0.001160
-0.001183
-0.001205
-0.001228
-0.001250
-0.001273
-0.001296
-0.001319
-0.001342
-0.001365
-0.001389
-0.001412
-0.001435
-0.001459
-0.001482
-0.001506
-0.001530
-0.001553
-0.001577
-0.001601
-0.001625
-0.001649
-0.001673
-0.001697
-0.001722
-0.001746
-0.001770
-0.001795
-0.001819
-0.001844
-0.001868
-0.001893
-0.001918
-0.001942
-0.001967
-0.001992
-0.002017
-0.002042
-0.002067
-0.002092
-0.002117
-0.002143
-0.002168
-0.002193
-0.002219
-0.002244
-0.002269
-0.002295
-0.002321
-0.002346
-0.002372
-0.002398
-0.002423
-0.002449
-0.002475
-0.002501
-0.002527
-0.002553
-0.002579
-0.002605
-0.002631
-0.002657
-0.002684
-0.002710
-0.002736
-0.002762
-0.002789
-0.002815
-0.002842
-0.002868
-0.002895
-0.002921
-0.002948
-0.002975
-0.003001
-0.003028
-0.003055
-0.003081
-0.003108
-0.003135
-0.003162
-0.003189
-0.003216
-0.003243
-0.003270
-0.003297
-0.003324
-0.003351
-0.003378
-0.003405
-0.003433
-0.003460
-0.003487
-0.003515
-0.003542
-0.003569
-0.003597
-0.003624
-0.003651
-0.003679
-0.003706
-0.003734
-0.003762
-0.003789
-0.003817
-0.003844
-0.003872
-0.003900
-0.003927
-0.003955
-0.003983
-0.004011
-0.004038
-0.004066
-0.004094
-0.004122
-0.004150
-0.004178
-0.004206
-0.004234
-0.004262
-0.004290
-0.004318
-0.004346
-0.004374
-0.004402
-0.004430
-0.004458
-0.004486
-0.004515
-0.004543
-0.004571
-0.004599
-0.004628
-0.004656
-0.004684
-0.004712
-0.004741
-0.004769
-0.004797
-0.004826
-0.004854
-0.004883
-0.004911
-0.004940
-0.004968
-0.004996
-0.005025
-0.005054
-0.005082
-0.005111
-0.005139
-0.005168
-0.005196
-0.005225
-0.005254
-0.005282
-0.005311
-0.005340
-0.005368
-0.005397
-0.005426
-0.005454
-0.005483
-0.005512
-0.005541
-0.005569
-0.005598
-0.005627
-0.005656
-0.005685
-0.005713
-0.005742
-0.005771
-0.005800
-0.005829
-0.005858
-0.005887
-0.005916
-0.005945
-0.005973
-0.006002
-0.006031
-0.006060
-0.006089
-0.006118
-0.006147
-0.006176
-0.006205
-0.006234
-0.006263
-0.006292
-0.006322
-0.006351
-0.006380
-0.006409
-0.006438
-0.006467
-0.006496
-0.006525
-0.006554
-0.006583
-0.006613
-0.006642
-0.006671
-0.006700
-0.006729
-0.006758
-0.006788
-0.006817
-0.006846
-0.006875
-0.006904
-0.006934
-0.006963
-0.006992
-0.007021
-0.007051
-0.007080
-0.007109
-0.007138
-0.007168
-0.007197
-0.007226
-0.007255
-0.007285
-0.007314
-0.007343
-0.007373
-0.007402
-0.007431
-0.007461
-0.007490
-0.007519
-0.007549
-0.007578
-0.007607
-0.007637
-0.007666
-0.007695
-0.007725
-0.007754
-0.007783
-0.007813
-0.007842
-0.007872
-0.007901
-0.007930
-0.007960
-0.007989
-0.008018
-0.008048
-0.008077
-0.008107
-0.008136
-0.008166
-0.008195
-0.008224
-0.008254
-0.008283
-0.008313
-0.008342
-0.008371
-0.008401
-0.008430
-0.008460
-0.008489
-0.008519
-0.008548
-0.008577
-0.008607
-0.008636
-0.008666
-0.008695
-0.008725
-0.008754
-0.008783
-0.008813
-0.008842
-0.008872
-0.008901
-0.008931
-0.008960
-0.008990
-0.009019
-0.009048
-0.009078
-0.009107
-0.009137
-0.009166
-0.009196
-0.009225
-0.009255
-0.009284
-0.009313
-0.009343
-0.009372
-0.009402
-0.009431
-0.009461
-0.009490
-0.009520
-0.009549
-0.009578
-0.009608
-0.009637
-0.009667
-0.009696
-0.009726
-0.009755
-0.009784
-0.009814
-0.009843
-0.009873
-0.009902
-0.009932
-0.009961
-0.009990
-0.010020
-0.010049
-0.010079
-0.010108
-0.010137
-0.010167
-0.010196
-0.010226
-0.010255
-0.010284
-0.010314
-0.010343
-0.010373
-0.010402
-0.010431
-0.010461
-0.010490
-0.010520
-0.010549
-0.010578
-0.010608
-0.010637
-0.010666
-0.010696
-0.010725
-0.010754
-0.010784
-0.010813
-0.010842
-0.010872
-0.010901
-0.010930
-0.010960
-0.010989
-0.011018
-0.011048
-0.011077
-0.011106
-0.011136
-0.011165
-0.011194
-0.011224
-0.011253
-0.011282
-0.011311
-0.011341
-0.011370
-0.011399
-0.011428
-0.011458
-0.011487
-0.011516
-0.011545
-0.011575
-0.011604
-0.011633
-0.011662
-0.011692
-0.011721
-0.011750
-0.011779
-0.011808
-0.011838
-0.011867
-0.011896
-0.011925
-0.011954
-0.011984
-0.012013
-0.012042
-0.012071
-0.012100
-0.012129
-0.012158
-0.012188
-0.012217
-0.012246
-0.012275
-0.012304
-0.012333
-0.012362
-0.012391
-0.012421
-0.012450
-0.012479
-0.012508
-0.012537
-0.012566
-0.012595
-0.012624
-0.012653
-0.012682
-0.012711
-0.012740
-0.012769
-0.012798
-0.012827
-0.012856
-0.012885
-0.012914
-0.012943
-0.012972
-0.013001
-0.013030
-0.013059
-0.013088
-0.013117
-0.013146
-0.013175
-0.013204
-0.013233
-0.013261
-0.013290
-0.013319
-0.013348
-0.013377
-0.013406
-0.013435
-0.013150
-0.011956
-0.009172
-0.004400
0.002425
0.011144
0.021495
0.033182
0.045916
0.059437
0.073513
0.087945
0.102565
0.117232
0.131834
0.146280
0.160497
0.174428
0.188033
0.201279
0.214144
0.226612
0.238676
0.250331
0.261576
0.272415
0.282854
0.292898
0.302557
0.311840
0.320758
0.329322
0.337542
0.345431
0.352999
0.360257
0.367217
0.373889
0.380285
0.386413
0.392580
0.399357
0.407403
0.417115
0.428574
0.441646
0.456093
0.471644
0.488034
0.505019
0.522385
0.539947
0.557548
0.575058
0.592371
0.609405
0.626094
0.642387
0.658247
0.673647
0.688568
0.703000
0.716936
0.730376
0.743322
0.755780
0.767757
0.779264
0.790310
0.800907
0.811068
0.820805
0.830131
0.839060
0.847604
0.855776
0.863589
0.871056
0.878188
0.884996
0.891777
0.899086
0.907572
0.917631
0.929355
0.942624
0.957210
0.972854
0.989296
1.006301
1.023657
1.041183
1.058723
1.076149
1.093357
1.110264
1.126803
1.142925
1.158593
1.173779
1.188466
1.202641
1.216299
1.229439
1.242064
1.254180
1.265793
1.276915
1.287555
1.297727
1.307441
1.316712
1.325552
1.333975
1.341994
1.349623
1.356874
1.363761
1.370295
1.376489
1.382630
1.389263
1.397028
1.406327
1.417258
1.429714
1.443476
1.458289
1.473900
1.490075
1.506606
1.523309
1.540031
1.556641
1.573036
1.589130
1.604857
1.620166
1.635019
1.649387
1.663251
1.676600
1.689427
1.701730
1.713512
1.724778
1.735535
1.745794
1.755564
1.764858
1.773688
1.782067
1.790008
1.797525
1.804632
1.811341
1.817665
1.823619
1.829213
1.834461
1.839642
1.845293
1.852047
1.860309
1.870189
1.881586
1.894290
1.908053
1.922623
1.937768
1.953282
1.968981
1.984711
2.000340
2.015762
2.030891
2.045660
2.060015
2.073918
2.087339
2.100257
2.112660
2.124541
2.135898
2.146732
2.157048
2.166853
2.176156
2.184969
2.193301
2.201167
2.208578
2.215549
2.222092
2.228221
2.233949
2.239290
2.244256
2.248860
2.253115
2.257293
2.261924
2.267634
2.274833
2.283638
2.293959
2.305592
2.318293
2.331815
2.345928
2.360423
2.375120
2.389861
2.404514
2.418972
2.433146
2.446968
2.460384
2.473352
2.485842
2.497832
2.509309
2.520265
2.530697
2.540606
2.549997
2.558875
2.567250
2.575132
2.582533
2.589465
2.595940
2.601972
2.607575
2.612761
2.617544
2.621938
2.625954
2.629607
2.632909
2.636126
2.639780
2.644493
2.650677
2.658459
2.667756
2.678371
2.690066
2.702595
2.715730
2.729266
2.743017
2.756828
2.770565
2.784118
2.797398
2.810334
2.822871
2.834966
2.846587
2.857711
2.868324
2.878418
2.887987
2.897034
2.905561
2.913575
2.921085
2.928100
2.934632
2.940693
2.946296
2.951453
2.956179
2.960486
2.964389
2.967900
2.971032
2.973798
2.976212
2.978509
2.981159
2.984723
2.989579
2.995852
3.003475
3.012277
3.022045
3.032560
3.043618
3.055031
3.066634
3.078284
3.089857
3.101256
3.112397
3.123216
3.133660
3.143692
3.153281
3.162406
3.171055
3.179217
3.186890
3.194074
3.200772
3.206991
3.212737
3.218021
3.222852
3.227242
3.231203
3.234746
3.237885
3.240632
3.242999
3.245000
3.246645
3.247948
3.248919
3.249571
3.249915
3.249961
3.249720
3.249202
3.248417
3.247375
3.246084
3.244553
3.242792
3.240808
3.238609
3.236202
3.233596
3.230797
3.227811
3.224647
3.221309
3.217804
3.214138
3.210317
3.206345
3.202229
3.197973
3.193582
3.189062
3.184416
3.179649
3.174765
3.169768
3.164663
3.159453
3.154142
3.148734
3.143231
3.137638
3.131957
3.126193
3.120347
3.114422
3.108422
3.102350
3.096208
3.089998
3.083723
3.077386
3.070989
3.064534
3.058023
3.051459
3.044844
3.038179
3.031467
3.024709
3.017907
3.011064
3.004180
2.997257
2.990298
2.983304
2.976275
2.969214
2.962123
2.955001
2.947852
2.940676
2.933474
2.926247
2.918998
2.911727
2.904434
2.897122
2.889791
2.882442
2.875077
2.867696
2.860300
2.852890
2.845467
2.838032
2.830586
2.823129
2.815662
2.808187
2.800703
2.793212
2.785714
2.778209
2.770700
2.763185
2.755666
2.748144
2.740618
2.733090
2.725560
2.718029
2.710497
2.702964
2.695432
2.687900
2.680369
2.672840
2.665312
2.657787
2.650265
2.642745
2.635230
2.627718
2.620210
2.612707
2.605209
2.597716
2.590229
2.582747
2.575272
2.567803
2.560341
2.552886
2.545438
2.537998
2.530566
2.523142
2.515726
2.508318
2.500920
2.493530
2.486149
2.478778
2.471417
2.464065
2.456723
2.449391
2.442069
2.434758
2.427457
2.420168
2.412889
2.405621
2.398364
2.391119
2.383885
2.376663
2.369452
2.362254
2.355067
2.347893
2.340730
2.333580
2.326442
2.319317
2.312205
2.305105
2.298017
2.290943
2.283882
2.276833
2.269798
2.262776
2.255767
2.248772
2.241790
2.234821
2.227866
2.220924
2.213996
2.207082
2.200181
2.193294
2.186421
2.179562
2.172717
2.165886
2.159069
2.152266
2.145477
2.138702
2.131941
2.125194
2.118462
2.111744
2.105040
2.098351
2.091676
2.085015
2.078368
2.071736
2.065119
2.058516
2.051927
2.045353
2.038793
2.032248
2.025718
2.019202
2.012700
2.006213
1.999741
1.993283
1.986840
1.980412
1.973998
1.967599
1.961214
1.954844
1.948489
1.942148
1.935822
1.929510
1.923213
1.916931
1.910664
1.904411
1.898173
1.891949
1.885740
1.879546
1.873366
1.867201
1.861051
1.854915
1.848793
1.842687
1.836595
1.830517
1.824454
1.818406
1.812372
1.806353
1.800349
1.794359
1.788383
1.782422
1.776476
1.770544
1.764626
1.758723
1.752834
1.746960
1.741100
1.735255
1.729424
1.723608
1.717806
1.712018
1.706244
1.700485
1.694741
1.689010
1.683294
1.677592
1.671905
1.666231
1.660572
1.654927
1.649297
1.643680
1.638078
1.632489
1.626915
1.621355
1.615809
1.610278
1.604760
1.599256
1.593766
1.588291
1.582829
1.577381
1.571947
1.566527
1.561121
1.555729
1.550351
1.544987
1.539636
1.534299
1.528976
1.523667
1.518372
1.513090
1.507822
1.502568
1.497327
1.492100
1.486887
1.481687
1.476501
1.471328
1.466169
1.461023
1.455891
1.450772
1.445667
1.440576
1.435497
1.430432
1.425381
1.420343
1.415318
1.410306
1.405308
1.400323
1.395351
1.390393
1.385447
1.380515
1.375596
1.370690
1.365797
1.360917
1.356051
1.351197
1.346356
1.341529
1.336714
1.331912
1.327123
1.322347
1.317584
1.312834
1.308097
1.303372
1.298661
1.293962
1.289276
1.284602
1.279941
1.275293
1.270658
1.266035
1.261425
1.256827
1.252242
1.247669
1.243109
1.238562
1.234026
1.229504
1.224994
1.220496
1.216010
1.211537
1.207076
1.202628
1.198192
1.193768
1.189356
1.184957
1.180569
1.176194
1.171831
1.167480
1.163142
1.158815
1.154500
1.150198
1.145907
1.141629
1.137362
1.133107
1.128864
1.124634
1.120414
1.116207
1.112012
1.107828
1.103656
1.099496
1.095348
1.091211
1.087086
1.082973
1.078871
1.074781
1.070703
1.066636
1.062581
1.058537
1.054504
1.050484
1.046474
1.042476
1.038490
1.034514
1.030551
1.026598
1.022657
1.018727
1.014808
1.010901
1.007005
1.003120
0.999246
0.995383
0.991532
0.987691
0.983862
0.980044
0.976237
0.972440
0.968655
0.964881
0.961117
0.957365
0.953624
0.949893
0.946173
0.942464
0.938766
0.935079
0.931402
0.927736
0.924081
0.920437
0.916803
0.913180
0.909568
0.905966
0.902375
0.898794
0.895224
0.891664
0.888115
0.884577
0.881049
0.877531
0.874023
0.870527
0.867040
0.863564
0.860098
0.856642
0.853197
0.849762
0.846337
0.842922
0.839518
0.836123
0.832739
0.829365
0.826001
0.822647
0.819303
0.815970
0.812646
0.809332
0.806028
0.802734
0.799450
0.796176
0.792912
0.789658
0.786414
0.783179
0.779954
0.776739
0.773534
0.770338
0.767152
0.763976
0.760810
0.757653
0.754506
0.751368
0.748240
0.745122
0.742013
0.738913
0.735823
0.732743
0.729672
0.726610
0.723558
0.720515
0.717482
0.714458
0.711443
0.708438
0.705442
0.702455
0.699477
0.696509
0.693550
0.690600
0.687659
0.684728
0.681805
0.678892
0.675987
0.673092
0.670206
0.667328
0.664460
0.661601
0.658751
0.655909
0.653077
0.650254
0.647439
0.644633
0.641836
0.639048
0.636269
0.633498
0.630737
0.627984
0.625239
0.622504
0.619777
0.617059
0.614349
0.611648
0.608955
0.606272
0.603596
0.600930
0.598271
0.595622
0.592981
0.590348
0.587723
0.585108
0.582500
0.579901
0.577310
0.574728
0.572154
0.569588
0.567030
0.564481
0.561940
0.559407
0.556883
0.554366
0.551858
0.549358
0.546866
0.544383
0.541907
0.539439
0.536980
0.534528
0.532085
0.529649
0.527222
0.524802
0.522391
0.519987
0.517592
0.515204
0.512824
0.510452
0.508087
0.505731
0.503382
0.501041
0.498708
0.496383
0.494065
0.491755
0.489453
0.487159
0.484872
0.482592
0.480321
0.478057
0.475800
0.473551
0.471310
0.469076
0.466850
0.464631
0.462419
0.460215
0.458019
0.455830
0.453648
0.451474
0.449307
0.447147
0.444995
0.442850
0.440712
0.438582
0.436458
0.434342
0.432234
0.430132
0.428038
0.425951
0.423871
0.421798
0.419732
0.417674
0.415622
0.413578
0.411540
0.409510
0.407486
0.405470
0.403461
0.401458
0.399463
0.397474
0.395492
0.393518
0.391550
0.389589
0.387635
0.385687
0.383747
0.381813
0.379886
0.377966
0.376053
0.374146
0.372246
0.370353
0.368466
0.366586
0.364713
0.362846
0.360986
0.359133
0.357286
0.355445
0.353612
0.351784
0.349964
0.348150
0.346342
0.344540
0.342746
0.340957
0.339175
0.337400
0.335630
0.333868
0.332111
0.330361
0.328617
0.326880
0.325148
0.323423
0.321705
0.319992
0.318286
0.316586
0.314892
0.313205
0.311523
0.309848
0.308178
0.306515
0.304858
0.303207
0.301562
0.299924
0.298291
0.296664
0.295043
0.293429
0.291820
0.290217
0.288620
0.287029
0.285444
0.283865
0.282292
0.280724
0.279163
0.277607
0.276057
0.274513
0.272975
0.271442
0.269915
0.268394
0.266879
0.265369
0.263866
0.262367
0.260875
0.259388
0.257907
0.256431
0.254961
0.253497
0.252038
0.250585
0.249137
0.247695
0.246258
0.244827
0.243402
0.241981
0.240567
0.239158
0.237754
0.236355
0.234962
0.233575
0.232193
0.230816
0.229444
0.228078
0.226717
0.225362
0.224011
0.222666
0.221326
0.219992
0.218663
0.217339
0.216020
0.214706
0.213398
0.212094
0.210796
0.209503
0.208215
0.206932
0.205654
0.204382
0.203114
0.201851
0.200594
0.199341
0.198094
0.196851
0.195614
0.194381
0.193153
0.191930
0.190713
0.189500
0.188292
0.187088
0.185890
0.184697
0.183508
0.182324
0.181145
0.179971
0.178802
0.177637
0.176477
0.175322
0.174171
0.173026
0.171885
0.170748
0.169617
0.168490
0.167367
0.166249
0.165136
0.164028
0.162924
0.161824
0.160729
0.159639
0.158553
0.157472
0.156396
0.155323
0.154256
0.153192
0.152133
0.151079
0.150029
0.148984
0.147942
0.146906
0.145873
0.144845
0.143822
0.142802
0.141787
0.140776
0.139770
0.138768
0.137770
0.136776
0.135787
0.134802
0.133821
0.132844
0.131872
0.130903
0.129939
0.128979
0.128023
0.127071
0.126124
0.125180
0.124241
0.123305
0.122374
0.121447
0.120523
0.119604
0.118689
0.117778
0.116871
0.115967
0.115068
0.114173
0.113281
0.112394
0.111510
0.110630
0.109755
0.108883
0.108015
0.107150
0.106290
0.105433
0.104581
0.103732
0.102886
0.102045
0.101207
0.100373
0.099543
0.098717
0.097894
0.097075
0.096260
0.095448
0.094640
0.093835
0.093035
0.092237
0.091444
0.090654
0.089868
0.089085
0.088306
0.087530
0.086758
0.085989
0.085224
0.084463
0.083704
0.082950
0.082199
0.081451
0.080707
0.079966
0.079228
0.078494
0.077764
0.077037
0.076313
0.075592
0.074875
0.074161
0.073451
0.072744
0.072040
0.071339
0.070642
0.069948
0.069257
0.068569
0.067885
0.067204
0.066526
0.065851
0.065180
0.064511
0.063846
0.063184
0.062525
0.061869
0.061217
0.060567
0.059921
0.059277
0.058637
0.058000
0.057365
0.056734
0.056106
0.055481
0.054859
0.054239
0.053623
0.053010
0.052400
0.051792
0.051188
0.050586
0.049988
0.049392
0.048799
0.048210
0.047623
0.047038
0.046457
0.045879
0.045303
0.044730
0.044160
0.043593
0.043028
0.042467
0.041908
0.041351
0.040798
0.040247
0.039699
0.039154
0.038611
0.038071
0.037534
0.036999
0.036467
0.035938
0.035411
0.034887
0.034366
0.033847
0.033331
0.032817
0.032306
0.031797
0.031291
0.030788
0.030287
0.029789
0.029293
0.028799
0.028308
0.027820
0.027334
0.026850
0.026369
0.025891
0.025414
0.024941
0.024469
0.024000
0.023534
0.023069
0.022607
0.022148
0.021691
0.021236
0.020783
0.020333
0.019885
0.019440
0.018996
0.018555
0.018117
0.017680
0.017246
0.016814
0.016384
0.015957
0.015531
0.015108
0.014687
0.014268
0.013852
0.013437
0.013025
0.012615
0.012207
0.011801
0.011397
0.010996
0.010596
0.010199
0.009803
0.009410
0.009019
0.008629
0.008242
0.007857
0.007474
0.007093
0.006714
0.006337
0.005962
0.005589
0.005217
0.004848
0.004481
0.004116
0.003752
0.003391
0.003032
0.002674
0.002318
0.001965
0.001613
0.001263
0.000914
0.000568
0.000224
-0.000119
-0.000460
-0.000799
-0.001136
-0.001471
-0.001805
-0.002136
-0.002466
-0.002794
-0.003121
-0.003445
-0.003768
-0.004089
-0.004409
-0.004727
-0.005043
-0.005357
-0.005669
-0.005980
-0.006289
-0.006597
-0.006903
-0.007207
-0.007510
-0.007810
-0.008110
-0.008407
-0.008703
-0.008998
-0.009290
-0.009582
-0.009871
-0.010159
-0.010445
-0.010730
-0.011014
-0.011295
-0.011576
-0.011854
-0.012131
-0.012407
-0.012681
-0.012953
-0.013225
-0.013494
-0.013762
-0.014029
-0.014294
-0.014558
-0.014820
-0.015081
-0.015340
-0.015598
-0.015854
-0.016109
-0.016363
-0.016615
-0.016866
-0.017115
-0.017363
-0.017610
-0.017855
-0.018099
-0.018341
-0.018583
-0.018822
-0.019061
-0.019298
-0.019534
-0.019768
-0.020002
-0.020233
-0.020464
-0.020693
-0.020921
-0.021148
-0.021374
-0.021598
-0.021821
-0.022042
-0.022263
-0.022482
-0.022700
-0.022917
-0.023132
-0.023346
-0.023559
-0.023771
-0.023982
-0.024191
-0.024400
-0.024607
-0.024813
-0.025018
-0.025221
-0.025424
-0.025625
-0.025825
-0.026024
-0.026222
-0.026419
-0.026614
-0.026809
-0.027002
-0.027195
-0.027386
-0.027576
-0.027765
-0.027953
-0.028140
-0.028326
-0.028510
-0.028694
-0.028877
-0.029058
-0.029239
-0.029419
-0.029597
-0.029774
-0.029951
-0.030126
-0.030301
-0.030474
-0.030647
-0.030818
-0.030989
-0.031158
-0.031327
-0.031494
-0.031661
-0.031826
-0.031991
-0.032155
-0.032317
-0.032479
-0.032640
-0.032800
-0.032959
-0.033117
-0.033274
-0.033431
-0.033586
-0.033741
-0.033894
-0.034047
-0.034199
-0.034349
-0.034500
-0.034649
-0.034797
-0.034944
-0.035091
-0.035237
-0.035382
-0.035526
-0.035669
-0.035811
-0.035953
-0.036093
-0.036233
-0.036372
-0.036511
-0.036648
-0.036785
-0.036921
-0.037056
-0.037190
-0.037323
-0.037456
-0.037588
-0.037719
-0.037850
-0.037979
-0.038108
-0.038236
-0.038364
-0.038490
-0.038616
-0.038741
-0.038865
-0.038989
-0.039112
-0.039234
-0.039356
-0.039477
-0.039597
-0.039716
-0.039835
-0.039952
-0.040070
-0.040186
-0.040302
-0.040417
-0.040532
-0.040646
-0.040759
-0.040871
-0.040983
-0.041094
-0.041205
-0.041315
-0.041424
-0.041532
-0.041640
-0.041748
-0.041854
-0.041960
-0.042066
-0.042170
-0.042274
-0.042378
-0.042481
-0.042583
-0.042685
-0.042786
-0.042886
-0.042986
-0.043085
-0.043184
-0.043282
-0.043380
-0.043477
-0.043573
-0.043669
-0.043764
-0.043858
-0.043953
-0.044046
-0.044139
-0.044231
-0.044323
-0.044415
-0.044505
-0.044595
-0.044685
-0.044774
-0.044863
-0.044951
-0.045038
-0.045125
-0.045212
-0.045298
-0.045383
-0.045468
-0.045553
-0.045637
-0.045720
-0.045803
-0.045885
-0.045967
-0.046049
-0.046130
-0.046210
-0.046290
-0.046369
-0.046448
-0.046527
-0.046605
-0.046683
-0.046760
-0.046836
-0.046912
-0.046988
-0.047063
-0.047138
-0.047213
-0.047287
-0.047360
-0.047433
-0.047506
-0.047578
-0.047649
-0.047721
-0.047791
-0.047862
-0.047932
-0.048001
-0.048071
-0.048139
-0.048207
-0.048275
-0.048343
-0.048410
-0.048477
-0.048543
-0.048609
-0.048674
-0.048739
-0.048804
-0.048868
-0.048932
-0.048995
-0.049058
-0.049121
-0.049183
-0.049245
-0.049307
-0.049368
-0.049429
-0.049489
-0.049549
-0.049609
-0.049668
-0.049727
-0.049786
-0.049844
-0.049902
-0.049959
-0.050017
-0.050073
-0.050130
-0.050186
-0.050242
-0.050297
-0.050352
-0.050407
-0.050461
-0.050515
-0.050569
-0.050623
-0.050676
-0.050729
-0.050781
-0.050833
-0.050885
-0.050936
-0.050987
-0.051038
-0.051089
-0.051139
-0.051189
-0.051239
-0.051288
-0.051337
-0.051385
-0.051434
-0.051482
-0.051530
-0.051577
-0.051624
-0.051671
-0.051718
-0.051764
-0.051810
-0.051856
-0.051901
-0.051946
-0.051991
-0.052036
-0.052080
-0.052124
-0.052168
-0.052212
-0.052255
-0.052298
-0.052340
-0.052383
-0.052425
-0.052467
-0.052509
-0.052550
-0.052591
-0.052632
-0.052672
-0.052713
-0.052753
-0.052793
-0.052832
-0.052872
-0.052911
-0.052950
-0.052988
-0.053027
-0.053065
-0.053103
-0.053140
-0.053178
-0.053215
-0.053252
-0.053288
-0.053325
-0.053361
-0.053397
-0.053433
-0.053468
-0.053504
-0.053539
-0.053574
-0.053608
-0.053643
-0.053677
-0.053711
-0.053745
-0.053778
-0.053812
-0.053845
-0.053878
-0.053910
-0.053943
-0.053975
-0.054007
-0.054039
-0.054071
-0.054102
-0.054134
-0.054165
-0.054195
-0.054226
-0.054257
-0.054287
-0.054317
-0.054347
-0.054377
-0.054406
-0.054435
-0.054465
-0.054494
-0.054522
-0.054551
-0.054579
-0.054607
-0.054636
-0.054663
-0.054691
-0.054718
-0.054746
-0.054773
-0.054800
-0.054827
-0.054853
-0.054880
-0.054906
-0.054932
-0.054958
-0.054984
-0.055009
-0.055035
-0.055060
-0.055085
-0.055110
-0.055135
-0.055159
-0.055184
-0.055208
-0.055232
-0.055256
-0.055280
-0.055303
-0.055327
-0.055350
-0.055373
-0.055397
-0.055419
-0.055442
-0.055465
-0.055487
-0.055509
-0.055531
-0.055553
-0.055575
-0.055597
-0.055619
-0.055640
-0.055661
-0.055682
-0.055703
-0.055724
-0.055745
-0.055765
-0.055786
-0.055806
-0.055826
-0.055846
-0.055866
-0.055886
-0.055906
-0.055925
-0.055944
-0.055964
-0.055983
-0.056002
-0.056020
-0.056039
-0.056058
-0.056076
-0.056095
-0.056113
-0.056131
-0.056149
-0.056167
-0.056184
-0.056202
-0.056219
-0.056237
-0.056254
-0.056271
-0.056288
-0.056305
-0.056322
-0.056339
-0.056355
-0.056372
-0.056388
-0.056404
-0.056420
-0.056436
-0.056452
-0.056468
-0.056483
-0.056499
-0.056514
-0.056530
-0.056545
-0.056560
-0.056575
-0.056590
-0.056605
-0.056620
-0.056634
-0.056649
-0.056663
-0.056677
-0.056692
-0.056706
-0.056720
-0.056734
-0.056747
-0.056761
-0.056775
-0.056788
-0.056802
-0.056815
-0.056828
-0.056841
-0.056855
-0.056867
-0.056880
-0.056893
-0.056906
-0.056918
-0.056931
-0.056943
-0.056956
-0.056968
-0.056980
-0.056992
-0.057004
-0.057016
-0.057028
-0.057040
-0.057051
-0.057063
-0.057074
-0.057086
-0.057097
-0.057108
-0.057119
-0.057130
-0.057141
-0.057152
-0.057163
-0.057174
-0.057184
-0.057195
-0.057206
-0.057216
-0.057226
-0.057237
-0.057247
-0.057257
-0.057267
-0.057277
-0.057287
-0.057297
-0.057307
-0.057316
-0.057326
-0.057335
-0.057345
-0.057354
-0.057364
-0.057373
-0.057382
-0.057391
-0.057400
-0.057409
-0.057418
-0.057427
-0.057436
-0.057445
-0.057453
-0.057462
-0.057470
-0.057479
-0.057487
-0.057496
-0.057504
-0.057512
-0.057520
-0.057528
-0.057536
-0.057544
-0.057552
-0.057560
-0.057568
-0.057576
-0.057583
-0.057591
-0.057598
-0.057606
-0.057613
-0.057621
-0.057628
-0.057635
-0.057643
-0.057650
-0.057657
-0.057664
-0.057671
-0.057678
-0.057685
-0.057691
-0.057698
-0.057705
-0.057712
-0.057718
-0.057725
-0.057731
-0.057738
-0.057744
-0.057750
-0.057757
-0.057763
-0.057769
-0.057775
-0.057781
-0.057787
-0.057793
-0.057799
-0.057805
-0.057811
-0.057817
-0.057823
-0.057828
-0.057834
-0.057840
-0.057845
-0.057851
-0.057856
-0.057862
-0.057867
-0.057873
-0.057878
-0.057883
-0.057888
-0.057894
-0.057899
-0.057904
-0.057909
-0.057914
-0.057919
-0.057924
-0.057929
-0.057933
-0.057938
-0.057943
-0.057948
-0.057952
-0.057957
-0.057962
-0.057966
-0.057971
-0.057975
-0.057980
-0.057984
-0.057988
-0.057993
-0.057997
-0.058001
-0.058006
-0.058010
-0.058014
-0.058018
-0.058022
-0.058026
-0.058030
-0.058034
-0.058038
-0.058042
-0.058046
-0.058050
-0.058053
-0.058057
-0.058061
-0.058065
-0.058068
-0.058072
-0.058075
-0.058079
-0.058083
-0.058086
-0.058090
-0.058093
-0.058096
-0.058100
-0.058103
-0.058106
-0.058110
-0.058113
-0.058116
-0.058119
-0.058123
-0.058126
-0.058129
-0.058132
-0.058135
-0.058138
-0.058141
-0.058144
-0.058147
-0.058150
-0.058153
-0.058156
-0.058158
-0.058161
-0.058164
-0.058167
-0.058170
-0.058172
-0.058175
-0.058178
-0.058180
-0.058183
-0.058185
-0.058188
-0.058190
-0.058193
-0.058195
-0.058198
-0.058200
-0.058203
-0.058205
-0.058207
-0.058210
-0.058212
-0.058214
-0.058217
-0.058219
-0.058221
-0.058223
-0.058226
-0.058228
-0.058230
-0.058232
-0.058234
-0.058236
-0.058238
-0.058240
-0.058242
-0.058244
-0.058246
-0.058248
-0.058250
-0.058252
-0.058254
-0.058256
-0.058258
-0.058259
-0.058261
-0.058263
-0.058265
-0.058267
-0.058268
-0.058270
-0.058272
-0.058273
-0.058275
-0.058277
-0.058278
-0.058280
-0.058282
-0.058283
-0.058285
-0.058286
-0.058288
-0.058289
-0.058291
-0.058292
-0.058294
-0.058295
-0.058297
-0.058298
-0.058299
-0.058301
-0.058302
-0.058304
-0.058305
-0.058306
-0.058308
-0.058309
-0.058310
-0.058311
-0.058313
-0.058314
-0.058315
-0.058316
-0.058318
-0.058319
-0.058320
-0.058321
-0.058322
-0.058323
-0.058324
-0.058326
-0.058327
-0.058328
-0.058329
-0.058330
-0.058331
-0.058332
-0.058333
-0.058334
-0.058335
-0.058336
-0.058337
-0.058338
-0.058339
-0.058340
-0.058341
-0.058342
-0.058342
-0.058343
-0.058344
-0.058345
-0.058346
-0.058347
-0.058348
-0.058348
-0.058349
-0.058350
-0.058351
-0.058352
-0.058352
-0.058353
-0.058354
-0.058355
-0.058356
-0.058356
-0.058357
-0.058358
-0.058358
-0.058359
-0.058360
-0.058360
-0.058361
-0.058362
-0.058362
-0.058363
-0.058364
-0.058364
-0.058365
-0.058366
-0.058366
-0.058367
-0.058367
-0.058368
-0.058369
-0.058369
-0.058370
-0.058370
-0.058371
-0.058371
-0.058372
-0.058372
-0.058373
-0.058374
-0.058374
-0.058375
-0.058375
-0.058376
-0.058376
-0.058376
-0.058377
-0.058377
-0.058378
-0.058378
-0.058379
-0.058379
-0.058380
-0.058380
-0.058381
-0.058381
-0.058381
-0.058382
-0.058382
-0.058383
-0.058383
-0.058383
-0.058384
-0.058384
-0.058385
-0.058385
-0.058385
-0.058386
-0.058386
-0.058386
-0.058387
-0.058387
-0.058387
-0.058388
-0.058388
-0.058388
-0.058389
-0.058389
-0.058389
-0.058390
-0.058390
-0.058390
-0.058391
-0.058391
-0.058391
-0.058392
-0.058392
-0.058392
-0.058392
-0.058393
-0.058393
-0.058393
-0.058394
-0.058394
-0.058394
-0.058394
-0.058395
-0.058395
-0.058395
-0.058395
-0.058396
-0.058396
-0.058396
-0.058396
-0.058397
-0.058397
-0.058397
-0.058397
-0.058398
-0.058398
-0.058398
-0.058398
-0.058399
-0.058399
-0.058399
-0.058399
-0.058400
-0.058400
-0.058400
-0.058400
-0.058400
-0.058401
-0.058401
-0.058401
-0.058401
-0.058402
-0.058402
-0.058402
-0.058402
-0.058402
-0.058403
-0.058403
-0.058403
-0.058403
-0.058404
-0.058404
-0.058404
-0.058404
-0.058404
-0.058405
-0.058405
-0.058405
-0.058405
-0.058405
-0.058406
-0.058406
-0.058406
-0.058406
-0.058406
-0.058407
-0.058407
-0.058407
-0.058407
-0.058408
-0.058408
-0.058408
-0.058408
-0.058408
-0.058409
-0.058409
-0.058409
-0.058409
-0.058409
-0.058410
-0.058410
-0.058410
-0.058410
-0.058411
-0.058411
-0.058411
-0.058411
-0.058412
-0.058412
-0.058412
-0.058412
-0.058412
-0.058413
-0.058413
-0.058413
-0.058413
-0.058414
-0.058414
-0.058414
-0.058414
-0.058415
-0.058415
-0.058415
-0.058415
-0.058416
-0.058416
-0.058416
-0.058416
-0.058417
-0.058417
-0.058417
-0.058417
-0.058418
-0.058418
-0.058418
-0.058418
-0.058419
-0.058419
-0.058419
-0.058420
-0.058420
-0.058420
-0.058420
-0.058421
-0.058421
-0.058421
-0.058422
-0.058422
-0.058422
-0.058423
-0.058423
-0.058423
-0.058423
-0.058424
-0.058424
-0.058424
-0.058425
-0.058425
-0.058425
-0.058426
-0.058426
-0.058426
-0.058427
-0.058427
-0.058427
-0.058428
-0.058428
-0.058428
-0.058429
-0.058429
-0.058430
-0.058430
-0.058430
-0.058431
-0.058431
-0.058431
-0.058432
-0.058432
-0.058433
-0.058433
-0.058433
-0.058434
-0.058434
-0.058434
-0.058435
-0.058435
-0.058436
-0.058436
-0.058437
-0.058437
-0.058437
-0.058438
-0.058438
-0.058439
-0.058439
-0.058440
-0.058440
-0.058440
-0.058441
-0.058441
-0.058442
-0.058442
-0.058443
-0.058443
-0.058444
-0.058444
-0.058445
-0.058445
-0.058446
-0.058446
-0.058447
-0.058447
-0.058448
-0.058448
-0.058449
-0.058449
-0.058450
-0.058450
-0.058451
-0.058451
-0.058452
-0.058452
-0.058453
-0.058453
-0.058454
-0.058455
-0.058455
-0.058456
-0.058456
-0.058457
-0.058457
-0.058458
-0.058459
-0.058459
-0.058460
-0.058460
-0.058461
-0.058462
-0.058462
-0.058463
-0.058463
-0.058464
-0.058465
-0.058465
-0.058466
-0.058467
-0.058467
-0.058468
-0.058468
-0.058469
-0.058470
-0.058470
-0.058471
-0.058472
-0.058472
-0.058473
-0.058474
-0.058475
-0.058475
-0.058476
-0.058477
-0.058477
-0.058478
-0.058479
-0.058479
-0.058480
-0.058481
-0.058482
-0.058482
-0.058483
-0.058484
-0.058485
-0.058485
-0.058486
-0.058487
-0.058488
-0.058488
-0.058489
-0.058490
-0.058491
-0.058492
-0.058492
-0.058493
-0.058494
-0.058495
-0.058496
-0.058496
-0.058497
-0.058498
-0.058499
-0.058500
-0.058501
-0.058501
-0.058502
-0.058503
-0.058504
-0.058505
-0.058506
-0.058507
-0.058508
-0.058508
-0.058509
-0.058510
-0.058511
-0.058512
-0.058513
-0.058514
-0.058515
-0.058516
-0.058517
-0.058518
-0.058519
-0.058519
-0.058520
-0.058521
-0.058522
-0.058523
-0.058524
-0.058525
-0.058526
-0.058527
-0.058528
-0.058529
-0.058530
-0.058531
-0.058532
-0.058533
-0.058534
-0.058535
-0.058536
-0.058537
-0.058538
-0.058539
-0.058540
-0.058541
-0.058542
-0.058544
-0.058545
-0.058546
-0.058547
-0.058548
-0.058549
-0.058550
-0.058551
-0.058552
-0.058553
-0.058554
-0.058556
-0.058557
-0.058558
-0.058559
-0.058560
-0.058561
-0.058562
-0.058563
-0.058565
-0.058566
-0.058567
-0.058568
-0.058569
-0.058570
-0.058572
-0.058573
-0.058574
-0.058575
-0.058576
-0.058578
-0.058579
-0.058580
-0.058581
-0.058582
-0.058584
-0.058585
-0.058586
-0.058587
-0.058589
-0.058590
-0.058591
-0.058592
-0.058594
-0.058595
-0.058596
-0.058598
-0.058599
-0.058600
-0.058601
-0.058603
-0.058604
-0.058605
-0.058607
-0.058608
-0.058609
-0.058611
-0.058612
-0.058613
-0.058615
-0.058616
-0.058617
-0.058619
-0.058620
-0.058621
-0.058623
-0.058624
-0.058626
-0.058627
-0.058628
-0.058630
-0.058631
-0.058633
-0.058634
-0.058635
-0.058637
-0.058638
-0.058640
-0.058641
-0.058643
-0.058644
-0.058646
-0.058647
-0.058648
-0.058650
-0.058651
-0.058653
-0.058654
-0.058656
-0.058657
-0.058659
-0.058660
-0.058662
-0.058663
-0.058665
-0.058666
-0.058668
-0.058669
-0.058671
-0.058673
-0.058674
-0.058676
-0.058677
-0.058679
-0.058680
-0.058682
-0.058683
-0.058685
-0.058687
-0.058688
-0.058690
-0.058691
-0.058693
-0.058695
-0.058696
-0.058698
-0.058699
-0.058701
-0.058703
-0.058704
-0.058706
-0.058708
-0.058709
-0.058711
-0.058713
-0.058714
-0.058716
-0.058718
-0.058719
-0.058721
-0.058723
-0.058724
-0.058726
-0.058728
-0.058729
-0.058731
-0.058733
-0.058735
-0.058736
-0.058738
-0.058740
-0.058742
-0.058743
-0.058745
-0.058747
-0.058749
-0.058750
-0.058752
-0.058754
-0.058756
-0.058757
-0.058759
-0.058761
-0.058763
-0.058765
-0.058766
-0.058768
-0.058770
-0.058772
-0.058774
-0.058775
-0.058777
-0.058779
-0.058781
-0.058783
-0.058785
-0.058786
-0.058788
-0.058790
-0.058792
-0.058794
-0.058796
-0.058798
-0.058800
-0.058801
-0.058803
-0.058805
-0.058807
-0.058809
-0.058811
-0.058813
-0.058815
-0.058817
-0.058819
-0.058821
-0.058823
-0.058824
-0.058826
-0.058828
-0.058830
-0.058832
-0.058834
-0.058836
-0.058838
-0.058840
-0.058842
-0.058844
-0.058846
-0.058848
-0.058850
-0.058852
-0.058854
-0.058856
-0.058858
-0.058860
-0.058862
-0.058864
-0.058866
-0.058868
-0.058870
-0.058872
-0.058874
-0.058876
-0.058878
-0.058880
-0.058883
-0.058885
-0.058887
-0.058889
-0.058891
-0.058893
-0.058895
-0.058897
-0.058899
-0.058901
-0.058903
-0.058906
-0.058908
-0.058910
-0.058912
-0.058914
-0.058916
-0.058918
-0.058920
-0.058923
-0.058925
-0.058927
-0.058929
-0.058931
-0.058933
-0.058935
-0.058938
-0.058940
-0.058942
-0.058944
-0.058946
-0.058949
-0.058951
-0.058953
-0.058955
-0.058957
-0.058960
-0.058962
-0.058964
-0.058966
-0.058968
-0.058971
-0.058973
-0.058975
-0.058977
-0.058980
-0.058982
-0.058984
-0.058986
-0.058989
-0.058991
-0.058993
-0.058995
-0.058998
-0.059000
-0.059002
-0.059005
-0.059007
-0.059009
-0.059011
-0.059014
-0.059016
-0.059018
-0.059021
-0.059023
-0.059025
-0.059028
-0.059030
-0.059032
-0.059035
-0.059037
-0.059039
-0.059042
-0.059044
-0.059046
-0.059049
-0.059051
-0.059053
-0.059056
-0.059058
-0.059060
-0.059063
-0.059065
-0.059068
-0.059070
-0.059072
-0.059075
-0.059077
-0.059080
-0.059082
-0.059084
-0.059087
-0.059089
-0.059092
-0.059094
-0.059096
-0.059099
-0.059101
-0.059104
-0.059106
-0.059109
-0.059111
-0.059114
-0.059116
-0.059118
-0.059121
-0.059123
-0.059126
-0.059128
-0.059131
-0.059133
-0.059136
-0.059138
-0.059141
-0.059143
-0.059146
-0.059148
-0.059151
-0.059153
-0.059156
-0.059158
-0.059161
-0.059163
-0.059166
-0.059168
-0.059171
-0.059173
-0.059176
-0.059178
-0.059181
-0.059183
-0.059186
-0.059189
-0.059191
-0.059194
-0.059196
-0.059199
-0.059201
-0.059204
-0.059206
-0.059209
-0.059212
-0.059214
-0.059217
-0.059219
-0.059222
-0.059225
-0.059227
-0.059230
-0.059232
-0.059235
-0.059238
-0.059240
-0.059243
-0.059245
-0.059248
-0.059251
-0.059253
-0.059256
-0.059258
-0.059261
-0.059264
-0.059266
-0.059269
-0.059272
-0.059274
-0.059277
-0.059280
-0.059282
-0.059285
-0.059288
-0.059290
-0.059293
-0.059296
-0.059298
-0.059301
-0.059304
-0.059306
-0.059309
-0.059312
-0.059314
-0.059317
-0.059320
-0.059322
-0.059325
-0.059328
-0.059331
-0.059333
-0.059336
-0.059339
-0.059341
-0.059344
-0.059347
-0.059350
-0.059352
-0.059355
-0.059358
-0.059360
-0.059363
-0.059366
-0.059369
-0.059371
-0.059374
-0.059377
-0.059380
-0.059382
-0.059385
-0.059388
-0.059391
-0.059394
-0.059396
-0.059399
-0.059402
-0.059405
-0.059407
-0.059410
-0.059413
-0.059416
-0.059419
-0.059421
-0.059424
-0.059427
-0.059430
-0.059433
-0.059435

