0.000000
0.000000
-0.000006
-0.000014
-0.000023
-0.000034
-0.000045
-0.000058
-0.000070
-0.000083
-0.000097
-0.000111
-0.000125
-0.000140
-0.000155
-0.000170
-0.000185
-0.000201
-0.000217
-0.000233
-0.000249
-0.000265
-0.000282
-0.000299
-0.000316
-0.000333
-0.000351
-0.000368
-0.000386
-0.000404
-0.000422
-0.000440
-0.000459
-0.000477
-0.000496
-0.000515
-0.000534
-0.000553
-0.000572
-0.000591
-0.000611
-0.000631
-0.000650
-0.000670
-0.000690
-0.000711
-0.000731
-0.000751
-0.000772
-0.000793
-0.000813
-0.000834
-0.000855
-0.000876
-0.000898
-0.000919
-0.000940
-0.000962
-0.000984
-0.001005
-0.001027
-0.001049
-0.001071
-0.001093
-0.001115
-0.001138
-0.001160
-0.001183
-0.001205
-0.001228
-0.001250
-0.001273
-0.001296
-0.001319
-0.001342
-0.001365
-0.001389
-0.001412
-0.001435
-0.001459
-0.001482
-0.001506
-0.001530
-0.001553
-0.001577
-0.001601
-0.001625
-0.001649
-0.001673
-0.001697
-0.001722
-0.001746
-0.001770
-0.001795
-0.001819
-0.001844
-0.001868
-0.001893
-0.001918
-0.001942
-0.001967
-0.001992
-0.002017
-0.002042
-0.002067
-0.002092
-0.002117
-0.002143
-0.002168
-0.002193
-0.002219
-0.002244
-0.002269
-0.002295
-0.002321
-0.002346
-0.002372
-0.002398
-0.002423
-0.002449
-0.002475
-0.002501
-0.002527
-0.002553
-0.002579
-0.002605
-0.002631
-0.002657
-0.002684
-0.002710
-0.002736
-0.002762
-0.002789
-0.002815
-0.002842
-0.002868
-0.002895
-0.002921
-0.002948
-0.002975
-0.003001
-0.003028
-0.003055
-0.003081
-0.003108
-0.003135
-0.003162
-0.003189
-0.003216
-0.003243
-0.003270
-0.003297
-0.003324
-0.003351
-0.003378
-0.003405
-0.003433
-0.003460
-0.003487
-0.003515
-0.003542
-0.003569
-0.003597
-0.003624
-0.003651
-0.003679
-0.003706
-0.003734
-0.003762
-0.003789
-0.003817
-0.003844
-0.003872
-0.003900
-0.003927
-0.003955
-0.003983
-0.004011
-0.004038
-0.004066
-0.004094
-0.004122
-0.004150
-0.004178
-0.004206
-0.004234
-0.004262
-0.004290
-0.004318
-0.004346
-0.004374
-0.004402
-0.004430
-0.004458
-0.004486
-0.004515
-0.004543
-0.004571
-0.004599
-0.004628
-0.004656
-0.004684
-0.004712
-0.004741
-0.004769
-0.004797
-0.004826
-0.004854
-0.004883
-0.004911
-0.004940
-0.004968
-0.004996
-0.005025
-0.005054
-0.005082
-0.005111
-0.005139
-0.005168
-0.005196
-0.005225
-0.005254
-0.005282
-0.005311
-0.005340
-0.005368
-0.005397
-0.005426
-0.005454
-0.005483
-0.005512
-0.005541
-0.005569
-0.005598
-0.005627
-0.005656
-0.005685
-0.005713
-0.005742
-0.005771
-0.005800
-0.005829
-0.005858
-0.005887
-0.005916
-0.005945
-0.005973
-0.006002
-0.006031
-0.006060
-0.006089
-0.006118
-0.006147
-0.006176
-0.006205
-0.006234
-0.006263
-0.006292
-0.006322
-0.006351
-0.006380
-0.006409
-0.006438
-0.006467
-0.006496
-0.006525
-0.006554
-0.006583
-0.006613
-0.006642
-0.006671
-0.006700
-0.006729
-0.006758
-0.006788
-0.006817
-0.006846
-0.006875
-0.006904
-0.006934
-0.006963
-0.006992
-0.007021
-0.007051
-0.007080
-0.007109
-0.007138
-0.007168
-0.007197
-0.007226
-0.007255
-0.007285
-0.007314
-0.007343
-0.007373
-0.007402
-0.007431
-0.007461
-0.007490
-0.007519
-0.007549
-0.007578
-0.007607
-0.007637
-0.007666
-0.007695
-0.007725
-0.007754
-0.007783
-0.007813
-0.007842
-0.007872
-0.007901
-0.007930
-0.007960
-0.007989
-0.008018
-0.008048
-0.008077
-0.008107
-0.008136
-0.008166
-0.008195
-0.008224
-0.008254
-0.008283
-0.008313
-0.008342
-0.008371
-0.008401
-0.008430
-0.008460
-0.008489
-0.008519
-0.008548
-0.008577
-0.008607
-0.008636
-0.008666
-0.008695
-0.008725
-0.008754
-0.008783
-0.008813
-0.008842
-0.008872
-0.008901
-0.008931
-0.008960
-0.008990
-0.009019
-0.009048
-0.009078
-0.009107
-0.009137
-0.009166
-0.009196
-0.009225
-0.009255
-0.009284
-0.009313
-0.009343
-0.009372
-0.009402
-0.009431
-0.009461
-0.009490
-0.009520
-0.009549
-0.009578
-0.009608
-0.009637
-0.009667
-0.009696
-0.009726
-0.009755
-0.009784
-0.009814
-0.009843
-0.009873
-0.009902
-0.009932
-0.009961
-0.009990
-0.010020
-0.010049
-0.010079
-0.010108
-0.010137
-0.010167
-0.010196
-0.010226
-0.010255
-0.010284
-0.010314
-0.010343
-0.010373
-0.010402
-0.010431
-0.010461
-0.010490
-0.010520
-0.010549
-0.010578
-0.010608
-0.010637
-0.010666
-0.010696
-0.010725
-0.010754
-0.010784
-0.010813
-0.010842
-0.010872
-0.010901
-0.010930
-0.010960
-0.010989
-0.011018
-0.011048
-0.011077
-0.011106
-0.011136
-0.011165
-0.011194
-0.011224
-0.011253
-0.011282
-0.011311
-0.011341
-0.011370
-0.011399
-0.011428
-0.011458
-0.011487
-0.011516
-0.011545
-0.011575
-0.011604
-0.011633
-0.011662
-0.011692
-0.011721
-0.011750
-0.011779
-0.011808
-0.011838
-0.011867
-0.011896
-0.011925
-0.011954
-0.011984
-0.012013
-0.012042
-0.012071
-0.012100
-0.012129
-0.012158
-0.012188
-0.012217
-0.012246
-0.012275
-0.012304
-0.012333
-0.012362
-0.012391
-0.012421
-0.012450
-0.012479
-0.012508
-0.012537
-0.012566
-0.012595
-0.012624
-0.012653
-0.012682
-0.012711
-0.012740
-0.012769
-0.012798
-0.012827
-0.012856
-0.012885
-0.012914
-0.012943
-0.012972
-0.013001
-0.013030
-0.013059
-0.013088
-0.013117
-0.013146
-0.013175
-0.013204
-0.013233
-0.013261
-0.013290
-0.013319
-0.013348
-0.013377
-0.013406
-0.013435
-0.013150
-0.011956
-0.009172
-0.004400
0.002425
0.011144
0.021495
0.033182
0.045916
0.059437
0.073513
0.087945
0.102565
0.117232
0.131834
0.146280
0.160497
0.174428
0.188033
0.201279
0.214144
0.226612
0.238676
0.250331
0.261576
0.272415
0.282854
0.292898
0.302557
0.311840
0.320758
0.329322
0.337542
0.345431
0.352999
0.360257
0.367217
0.373889
0.380285
0.386413
0.392580
0.399357
0.407403
0.417115
0.428574
0.441646
0.456093
0.471644
0.488034
0.505019
0.522385
0.539947
0.557548
0.575058
0.592371
0.609405
0.626094
0.642387
0.658247
0.673647
0.688568
0.703000
0.716936
0.730376
0.743322
0.755780
0.767757
0.779264
0.790310
0.800907
0.811068
0.820805
0.830131
0.839060
0.847604
0.855776
0.863589
0.871056
0.878188
0.884996
0.891494
0.897691
0.903598
0.909225
0.914583
0.919682
0.924529
0.929135
0.933507
0.937654
0.941584
0.945304
0.948821
0.952144
0.955277
0.958228
0.961003
0.963608
0.966048
0.968330
0.970458
0.972437
0.974273
0.975970
0.977534
0.978967
0.980275
0.981461
0.982530
0.983485
0.984330
0.985069
0.985704
0.986240
0.986680
0.987026
0.987281
0.987449
0.987533
0.987534
0.987456
0.987301
0.987071
0.986770
0.986399
0.985960
0.985456
0.984888
0.984259
0.983571
0.982826
0.982024
0.981169
0.980262
0.979305
0.978298
0.977245
0.976145
0.975002
0.973816
0.972588
0.971320
0.970014
0.968670
0.967289
0.965874
0.964425
0.962943
0.961429
0.959885
0.958311
0.956708
0.955078
0.953421
0.951738
0.950031
0.948299
0.946544
0.944767
0.942968
0.941148
0.939308
0.937449
0.935571
0.933675
0.931762
0.929832
0.927885
0.925924
0.923947
0.921956
0.919951
0.917933
0.915902
0.913859
0.911804
0.909738
0.907661
0.905574
0.903476
0.901369
0.899253
0.897129
0.894996
0.892855
0.890706
0.888551
0.886388
0.884219
0.882043
0.879862
0.877675
0.875483
0.873285
0.871083
0.868877
0.866666
0.864452
0.862233
0.860012
0.857787
0.855559
0.853328
0.851094
0.848859
0.846621
0.844381
0.842140
0.839896
0.837652
0.835406
0.833159
0.830912
0.828663
0.826414
0.824165
0.821915
0.819665
0.817416
0.815166
0.812917
0.810668
0.808419
0.806171
0.803924
0.801678
0.799433
0.797189
0.794946
0.792704
0.790464
0.788225
0.785988
0.783753
0.781519
0.779287
0.777057
0.774828
0.772602
0.770378
0.768157
0.765937
0.763720
0.761505
0.759293
0.757083
0.754876
0.752672
0.750470
0.748271
0.746074
0.743881
0.741690
0.739503
0.737318
0.735136
0.732958
0.730783
0.728610
0.726441
0.724276
0.722113
0.719954
0.717798
0.715646
0.713497
0.711351
0.709209
0.707070
0.704935
0.702804
0.700676
0.698552
0.696431
0.694314
0.692201
0.690091
0.687985
0.685883
0.683785
0.681690
0.679599
0.677512
0.675429
0.673350
0.671274
0.669203
0.667135
0.665072
0.663012
0.660956
0.658904
0.656856
0.654812
0.652772
0.650736
0.648704
0.646676
0.644653
0.642633
0.640617
0.638605
0.636597
0.634594
0.632594
0.630599
0.628607
0.626620
0.624637
0.622658
0.620683
0.618712
0.616745
0.614782
0.612824
0.610870
0.608919
0.606973
0.605031
0.603093
0.601160
0.599230
0.597305
0.595384
0.593466
0.591553
0.589645
0.587740
0.585840
0.583943
0.582051
0.580163
0.578279
0.576400
0.574524
0.572653
0.570785
0.568922
0.567064
0.565209
0.563358
0.561512
0.559669
0.557831
0.555997
0.554167
0.552342
0.550520
0.548703
0.546889
0.545080
0.543275
0.541474
0.539677
0.537885
0.536096
0.534312
0.532531
0.530755
0.528983
0.527215
0.525451
0.523691
0.521936
0.520184
0.518436
0.516693
0.514953
0.513218
0.511487
0.509760
0.508037
0.506318
0.504603
0.502892
0.501185
0.499482
0.497783
0.496088
0.494398
0.492711
0.491028
0.489350
0.487675
0.486004
0.484338
0.482675
0.481016
0.479361
0.477711
0.476064
0.474421
0.472783
0.471148
0.469517
0.467890
0.466267
0.464648
0.463033
0.461422
0.459815
0.458211
0.456612
0.455017
0.453425
0.451837
0.450254
0.448674
0.447098
0.445526
0.443958
0.442393
0.440833
0.439276
0.437724
0.436175
0.434630
0.433088
0.431551
0.430017
0.428488
0.426962
0.425440
0.423921
0.422407
0.420896
0.419389
0.417886
0.416387
0.414891
0.413399
0.411911
0.410427
0.408947
0.407470
0.405997
0.404527
0.403062
0.401600
0.400142
0.398687
0.397236
0.395789
0.394346
0.392906
0.391470
0.390038
0.388609
0.387184
0.385763
0.384345
0.382931
0.381520
0.380113
0.378710
0.377311
0.375915
0.374522
0.373133
0.371748
0.370367
0.368989
0.367614
0.366243
0.364876
0.363512
0.362152
0.360795
0.359442
0.358093
0.356746
0.355404
0.354065
0.352729
0.351397
0.350069
0.348744
0.347422
0.346104
0.344790
0.343479
0.342171
0.340867
0.339566
0.338269
0.336975
0.335684
0.334397
0.333114
0.331833
0.330557
0.329283
0.328013
0.326747
0.325483
0.324223
0.322967
0.321714
0.320464
0.319218
0.317975
0.316735
0.315498
0.314265
0.313036
0.311809
0.310586
0.309366
0.308150
0.306937
0.305727
0.304520
0.303316
0.302116
0.300919
0.299726
0.298535
0.297348
0.296164
0.294984
0.293806
0.292632
0.291461
0.290293
0.289129
0.287967
0.286809
0.285654
0.284502
0.283353
0.282208
0.281065
0.279926
0.278790
0.277657
0.276527
0.275400
0.274277
0.273156
0.272039
0.270925
0.269813
0.268705
0.267600
0.266498
0.265400
0.264304
0.263211
0.262121
0.261035
0.259951
0.258870
0.257793
0.256718
0.255647
0.254578
0.253513
0.252450
0.251391
0.250334
0.249281
0.248230
0.247183
0.246138
0.245096
0.244058
0.243022
0.241989
0.240959
0.239932
0.238908
0.237887
0.236869
0.235853
0.234841
0.233831
0.232825
0.231821
0.230820
0.229822
0.228827
0.227834
0.226845
0.225858
0.224874
0.223893
0.222915
0.221940
0.220967
0.219998
0.219031
0.218067
0.217105
0.216147
0.215191
0.214238
0.213288
0.212340
0.211396
0.210454
0.209514
0.208578
0.207644
0.206713
0.205785
0.204859
0.203936
0.203016
0.202099
0.201184
0.200272
0.199362
0.198456
0.197552
0.196650
0.195752
0.194855
0.193962
0.193071
0.192183
0.191297
0.190415
0.189534
0.188657
0.187781
0.186909
0.186039
0.185172
0.184307
0.183445
0.182585
0.181728
0.180874
0.180022
0.179173
0.178326
0.177482
0.176640
0.175801
0.174964
0.174130
0.173298
0.172469
0.171643
0.170819
0.169997
0.169178
0.168361
0.167547
0.166735
0.165926
0.165119
0.164315
0.163513
0.162713
0.161916
0.161122
0.160329
0.159540
0.158752
0.157967
0.157185
0.156405
0.155627
0.154852
0.154079
0.153308
0.152540
0.151774
0.151010
0.150249
0.149490
0.148734
0.147980
0.147228
0.146478
0.145731
0.144986
0.144244
0.143504
0.142766
0.142030
0.141297
0.140566
0.139837
0.139111
0.138386
0.137664
0.136945
0.136227
0.135512
0.134799
0.134088
0.133380
0.132674
0.131970
0.131268
0.130568
0.129871
0.129176
0.128483
0.127792
0.127103
0.126417
0.125733
0.125050
0.124371
0.123693
0.123017
0.122344
0.121672
0.121003
0.120336
0.119671
0.119009
0.118348
0.117690
0.117033
0.116379
0.115727
0.115077
0.114429
0.113783
0.113139
0.112497
0.111857
0.111220
0.110584
0.109951
0.109319
0.108690
0.108063
0.107437
0.106814
0.106193
0.105573
0.104956
0.104341
0.103728
0.103117
0.102508
0.101900
0.101295
0.100692
0.100091
0.099492
0.098894
0.098299
0.097706
0.097114
0.096525
0.095937
0.095352
0.094768
0.094187
0.093607
0.093029
0.092453
0.091879
0.091307
0.090737
0.090169
0.089602
0.089038
0.088475
0.087914
0.087356
0.086799
0.086244
0.085690
0.085139
0.084590
0.084042
0.083496
0.082952
0.082410
0.081870
0.081331
0.080795
0.080260
0.079727
0.079196
0.078666
0.078139
0.077613
0.077089
0.076567
0.076046
0.075528
0.075011
0.074496
0.073982
0.073471
0.072961
0.072453
0.071947
0.071442
0.070939
0.070438
0.069939
0.069441
0.068945
0.068451
0.067959
0.067468
0.066979
0.066492
0.066006
0.065522
0.065040
0.064559
0.064080
0.063603
0.063127
0.062654
0.062181
0.061711
0.061242
0.060775
0.060309
0.059845
0.059383
0.058922
0.058463
0.058005
0.057550
0.057095
0.056643
0.056192
0.055742
0.055295
0.054848
0.054404
0.053961
0.053519
0.053080
0.052641
0.052205
0.051769
0.051336
0.050904
0.050473
0.050044
0.049617
0.049191
0.048767
0.048344
0.047923
0.047503
0.047085
0.046669
0.046254
0.045840
0.045428
0.045017
0.044608
0.044201
0.043794
0.043390
0.042987
0.042585
0.042185
0.041786
0.041389
0.040993
0.040599
0.040206
0.039815
0.039425
0.039036
0.038649
0.038263
0.037879
0.037496
0.037115
0.036735
0.036357
0.035980
0.035604
0.035230
0.034857
0.034485
0.034115
0.033746
0.033379
0.033013
0.032649
0.032285
0.031924
0.031563
0.031204
0.030846
0.030490
0.030135
0.029781
0.029429
0.029078
0.028729
0.028380
0.028033
0.027688
0.027343
0.027000
0.026659
0.026318
0.025979
0.025641
0.025305
0.024970
0.024636
0.024303
0.023972
0.023642
0.023313
0.022986
0.022660
0.022335
0.022011
0.021689
0.021368
0.021048
0.020729
0.020412
0.020096
0.019781
0.019467
0.019155
0.018844
0.018534
0.018225
0.017917
0.017611
0.017306
0.017002
0.016699
0.016398
0.016097
0.015798
0.015500
0.015204
0.014908
0.014614
0.014320
0.014028
0.013738
0.013448
0.013159
0.012872
0.012586
0.012301
0.012017
0.011734
0.011452
0.011172
0.010892
0.010614
0.010337
0.010061
0.009786
0.009512
0.009240
0.008968
0.008698
0.008428
0.008160
0.007893
0.007627
0.007362
0.007098
0.006835
0.006574
0.006313
0.006053
0.005795
0.005537
0.005281
0.005026
0.004771
0.004518
0.004266
0.004015
0.003765
0.003516
0.003268
0.003021
0.002775
0.002530
0.002286
0.002043
0.001801
0.001561
0.001321
0.001082
0.000844
0.000607
0.000371
0.000136
-0.000097
-0.000330
-0.000562
-0.000793
-0.001023
-0.001252
-0.001480
-0.001707
-0.001933
-0.002158
-0.002382
-0.002606
-0.002828
-0.003049
-0.003269
-0.003489
-0.003707
-0.003925
-0.004142
-0.004357
-0.004572
-0.004786
-0.004999
-0.005211
-0.005422
-0.005632
-0.005841
-0.006050
-0.006257
-0.006464
-0.006670
-0.006874
-0.007078
-0.007281
-0.007483
-0.007685
-0.007885
-0.008085
-0.008283
-0.008481
-0.008678
-0.008874
-0.009069
-0.009264
-0.009457
-0.009650
-0.009842
-0.010033
-0.010223
-0.010412
-0.010601
-0.010788
-0.010975
-0.011161
-0.011346
-0.011531
-0.011714
-0.011897
-0.012079
-0.012260
-0.012440
-0.012620
-0.012799
-0.012977
-0.013154
-0.013330
-0.013506
-0.013680
-0.013855
-0.014028
-0.014200
-0.014372
-0.014543
-0.014713
-0.014882
-0.015051
-0.015219
-0.015386
-0.015553
-0.015718
-0.015883
-0.016047
-0.016211
-0.016373
-0.016535
-0.016697
-0.016857
-0.017017
-0.017176
-0.017334
-0.017492
-0.017649
-0.017805
-0.017960
-0.018115
-0.018269
-0.018423
-0.018575
-0.018727
-0.018879
-0.019029
-0.019179
-0.019329
-0.019477
-0.019625
-0.019772
-0.019919
-0.020065
-0.020210
-0.020354
-0.020498
-0.020642
-0.020784
-0.020926
-0.021067
-0.021208
-0.021348
-0.021487
-0.021626
-0.021764
-0.021902
-0.022038
-0.022175
-0.022310
-0.022445
-0.022579
-0.022713
-0.022846
-0.022978
-0.023110
-0.023242
-0.023372
-0.023502
-0.023632
-0.023760
-0.023889
-0.024016
-0.024143
-0.024270
-0.024396
-0.024521
-0.024646
-0.024770
-0.024893
-0.025016
-0.025139
-0.025260
-0.025382
-0.025502
-0.025623
-0.025742
-0.025861
-0.025980
-0.026098
-0.026215
-0.026332
-0.026448
-0.026564
-0.026679
-0.026794
-0.026908
-0.027021
-0.027134
-0.027247
-0.027359
-0.027470
-0.027581
-0.027692
-0.027802
-0.027911
-0.028020
-0.028128
-0.028236
-0.028344
-0.028450
-0.028557
-0.028663
-0.028768
-0.028873
-0.028977
-0.029081
-0.029185
-0.029287
-0.029390
-0.029492
-0.029593
-0.029694
-0.029795
-0.029895
-0.029994
-0.030094
-0.030192
-0.030290
-0.030388
-0.030485
-0.030582
-0.030679
-0.030774
-0.030870
-0.030965
-0.031059
-0.031153
-0.031247
-0.031340
-0.031433
-0.031525
-0.031617
-0.031709
-0.031800
-0.031890
-0.031981
-0.032070
-0.032160
-0.032249
-0.032337
-0.032425
-0.032513
-0.032600
-0.032687
-0.032773
-0.032859
-0.032945
-0.033030
-0.033115
-0.033199
-0.033284
-0.033367
-0.033450
-0.033533
-0.033616
-0.033698
-0.033779
-0.033861
-0.033941
-0.034022
-0.034102
-0.034182
-0.034261
-0.034340
-0.034419
-0.034497
-0.034575
-0.034653
-0.034730
-0.034807
-0.034883
-0.034959
-0.035035
-0.035110
-0.035185
-0.035260
-0.035334
-0.035408
-0.035482
-0.035555
-0.035628
-0.035700
-0.035773
-0.035845
-0.035916
-0.035987
-0.036058
-0.036129
-0.036199
-0.036269
-0.036339
-0.036408
-0.036477
-0.036545
-0.036614
-0.036681
-0.036749
-0.036816
-0.036883
-0.036950
-0.037016
-0.037083
-0.037148
-0.037214
-0.037279
-0.037344
-0.037408
-0.037472
-0.037536
-0.037600
-0.037663
-0.037726
-0.037789
-0.037852
-0.037914
-0.037976
-0.038037
-0.038099
-0.038160
-0.038220
-0.038281
-0.038341
-0.038401
-0.038460
-0.038520
-0.038579
-0.038638
-0.038696
-0.038754
-0.038812
-0.038870
-0.038927
-0.038985
-0.039041
-0.039098
-0.039154
-0.039211
-0.039266
-0.039322
-0.039377
-0.039432
-0.039487
-0.039542
-0.039596
-0.039650
-0.039704
-0.039758
-0.039811
-0.039864
-0.039917
-0.039970
-0.040022
-0.040074
-0.040126
-0.040178
-0.040229
-0.040280
-0.040331
-0.040382
-0.040432
-0.040482
-0.040533
-0.040582
-0.040632
-0.040681
-0.040730
-0.040779
-0.040828
-0.040876
-0.040925
-0.040973
-0.041020
-0.041068
-0.041115
-0.041162
-0.041209
-0.041256
-0.041303
-0.041349
-0.041395
-0.041441
-0.041486
-0.041532
-0.041577
-0.041622
-0.041667
-0.041712
-0.041756
-0.041800
-0.041844
-0.041888
-0.041932
-0.041975
-0.042019
-0.042062
-0.042105
-0.042147
-0.042190
-0.042232
-0.042274
-0.042316
-0.042358
-0.042400
-0.042441
-0.042482
-0.042523
-0.042564
-0.042605
-0.042645
-0.042685
-0.042726
-0.042766
-0.042805
-0.042845
-0.042884
-0.042924
-0.042963
-0.043002
-0.043040
-0.043079
-0.043117
-0.043155
-0.043194
-0.043231
-0.043269
-0.043307
-0.043344
-0.043381
-0.043418
-0.043455
-0.043492
-0.043529
-0.043565
-0.043601
-0.043638
-0.043673
-0.043709
-0.043745
-0.043780
-0.043816
-0.043851
-0.043886
-0.043921
-0.043956
-0.043990
-0.044025
-0.044059
-0.044093
-0.044127
-0.044161
-0.044195
-0.044228
-0.044262
-0.044295
-0.044328
-0.044361
-0.044394
-0.044427
-0.044459
-0.044492
-0.044524
-0.044556
-0.044589
-0.044620
-0.044652
-0.044684
-0.044715
-0.044747
-0.044778
-0.044809
-0.044840
-0.044871
-0.044902
-0.044932
-0.044963
-0.044993
-0.045023
-0.045054
-0.045084
-0.045113
-0.045143
-0.045173
-0.045202
-0.045232
-0.045261
-0.045290
-0.045319
-0.045348
-0.045377
-0.045405
-0.045434
-0.045462
-0.045491
-0.045519
-0.045547
-0.045575
-0.045603
-0.045630
-0.045658
-0.045686
-0.045713
-0.045740
-0.045768
-0.045795
-0.045822
-0.045848
-0.045875
-0.045902
-0.045928
-0.045955
-0.045981
-0.046007
-0.046034
-0.046060
-0.046086
-0.046111
-0.046137
-0.046163
-0.046188
-0.046214
-0.046239
-0.046264
-0.046289
-0.046314
-0.046339
-0.046364
-0.046389
-0.046413
-0.046438
-0.046462
-0.046487
-0.046511
-0.046535
-0.046559
-0.046583
-0.046607
-0.046631
-0.046655
-0.046678
-0.046702
-0.046725
-0.046749
-0.046772
-0.046795
-0.046818
-0.046841
-0.046864
-0.046887
-0.046909
-0.046932
-0.046955
-0.046977
-0.047000
-0.047022
-0.047044
-0.047066
-0.047088
-0.047110
-0.047132
-0.047154
-0.047176
-0.047197
-0.047219
-0.047241
-0.047262
-0.047283
-0.047305
-0.047326
-0.047347
-0.047368
-0.047389
-0.047410
-0.047431
-0.047451
-0.047472
-0.047492
-0.047513
-0.047533
-0.047554
-0.047574
-0.047594
-0.047614
-0.047635
-0.047655
-0.047674
-0.047694
-0.047714
-0.047734
-0.047753
-0.047773
-0.047793
-0.047812
-0.047831
-0.047851
-0.047870
-0.047889
-0.047908
-0.047927
-0.047946
-0.047965
-0.047984
-0.048003
-0.048021
-0.048040
-0.048059
-0.048077
-0.048096
-0.048114
-0.048132
-0.048151
-0.048169
-0.048187
-0.048205
-0.048223
-0.048241
-0.048259
-0.048277
-0.048295
-0.048312
-0.048330
-0.048348
-0.048365
-0.048383
-0.048400
-0.048417
-0.048435
-0.048452
-0.048469
-0.048486
-0.048504
-0.048521
-0.048538
-0.048554
-0.048571
-0.048588
-0.048605
-0.048622
-0.048638
-0.048655
-0.048671
-0.048688
-0.048704
-0.048721
-0.048737
-0.048753
-0.048770
-0.048786
-0.048802
-0.048818
-0.048834
-0.048850
-0.048866
-0.048882
-0.048898
-0.048913
-0.048929
-0.048945
-0.048961
-0.048976
-0.048992
-0.049007
-0.049023
-0.049038
-0.049053
-0.049069
-0.049084
-0.049099
-0.049114
-0.049129
-0.049145
-0.049160
-0.049175
-0.049189
-0.049204
-0.049219
-0.049234
-0.049249
-0.049264
-0.049278
-0.049293
-0.049307
-0.049322
-0.049336
-0.049351
-0.049365
-0.049380
-0.049394
-0.049408
-0.049423
-0.049437
-0.049451
-0.049465
-0.049479
-0.049493
-0.049507
-0.049521
-0.049535
-0.049549
-0.049563
-0.049577
-0.049591
-0.049604
-0.049618
-0.049632
-0.049645
-0.049659
-0.049672
-0.049686
-0.049699
-0.049713
-0.049726
-0.049740
-0.049753
-0.049766
-0.049780
-0.049793
-0.049806
-0.049819
-0.049832
-0.049845
-0.049858
-0.049871
-0.049884
-0.049897
-0.049910
-0.049923
-0.049936
-0.049949
-0.049961
-0.049974
-0.049987
-0.050000
-0.050012
-0.050025
-0.050037
-0.050050
-0.050062
-0.050075
-0.050087
-0.050100
-0.050112
-0.050125
-0.050137
-0.050149
-0.050161
-0.050174
-0.050186
-0.050198
-0.050210
-0.050222
-0.050234
-0.050246
-0.050258
-0.050270
-0.050282
-0.050294
-0.050306
-0.050318
-0.050330
-0.050342
-0.050354
-0.050365
-0.050377
-0.050389
-0.050400
-0.050412
-0.050424
-0.050435
-0.050447
-0.050458
-0.050470
-0.050481
-0.050493
-0.050504
-0.050516
-0.050527
-0.050538
-0.050550
-0.050561
-0.050572
-0.050584
-0.050595
-0.050606
-0.050617
-0.050628
-0.050639
-0.050651
-0.050662
-0.050673
-0.050684
-0.050695
-0.050706
-0.050717
-0.050728
-0.050738
-0.050749
-0.050760
-0.050771
-0.050782
-0.050793
-0.050803
-0.050814
-0.050825
-0.050836
-0.050846
-0.050857
-0.050867
-0.050878
-0.050889
-0.050899
-0.050910
-0.050920
-0.050931
-0.050941
-0.050952
-0.050962
-0.050973
-0.050983
-0.050993
-0.051004
-0.051014
-0.051024
-0.051035
-0.051045
-0.051055
-0.051065
-0.051075
-0.051086
-0.051096
-0.051106
-0.051116
-0.051126
-0.051136
-0.051146
-0.051156
-0.051166
-0.051176
-0.051186
-0.051196
-0.051206
-0.051216
-0.051226
-0.051236
-0.051246
-0.051256
-0.051266
-0.051275
-0.051285
-0.051295
-0.051305
-0.051314
-0.051324
-0.051334
-0.051344
-0.051353
-0.051363
-0.051373
-0.051382
-0.051392
-0.051401
-0.051411
-0.051421
-0.051430
-0.051440
-0.051449
-0.051459
-0.051468
-0.051477
-0.051487
-0.051496
-0.051506
-0.051515
-0.051525
-0.051534
-0.051543
-0.051553
-0.051562
-0.051571
-0.051580
-0.051590
-0.051599
-0.051608
-0.051617
-0.051627
-0.051636
-0.051645
-0.051654
-0.051663
-0.051672
-0.051681
-0.051691
-0.051700
-0.051709
-0.051718
-0.051727
-0.051736
-0.051745
-0.051754
-0.051763
-0.051772
-0.051781
-0.051790
-0.051799
-0.051808
-0.051816
-0.051825
-0.051834
-0.051843
-0.051852
-0.051861
-0.051870
-0.051878
-0.051887
-0.051896
-0.051905
-0.051913
-0.051922
-0.051931
-0.051940
-0.051948
-0.051957
-0.051966
-0.051974
-0.051983
-0.051992
-0.052000
-0.052009
-0.052017
-0.052026
-0.052035
-0.052043
-0.052052
-0.052060
-0.052069
-0.052077
-0.052086
-0.052094
-0.052103
-0.052111
-0.052120
-0.052128
-0.052137
-0.052145
-0.052154
-0.052162
-0.052170
-0.052179
-0.052187
-0.052195
-0.052204
-0.052212
-0.052220
-0.052229
-0.052237
-0.052245
-0.052254
-0.052262
-0.052270
-0.052278
-0.052287
-0.052295
-0.052303
-0.052311
-0.052320
-0.052328
-0.052336
-0.052344
-0.052352
-0.052360
-0.052369
-0.052377
-0.052385
-0.052393
-0.052401
-0.052409
-0.052417
-0.052425
-0.052433
-0.052441
-0.052449
-0.052457
-0.052465
-0.052473
-0.052481
-0.052489
-0.052497
-0.052505
-0.052513
-0.052521
-0.052529
-0.052537
-0.052545
-0.052553
-0.052561
-0.052569
-0.052577
-0.052585
-0.052593
-0.052601
-0.052608
-0.052616
-0.052624
-0.052632
-0.052640
-0.052648
-0.052655
-0.052663
-0.052671
-0.052679
-0.052687
-0.052694
-0.052702
-0.052710
-0.052718
-0.052725
-0.052733
-0.052741
-0.052749
-0.052756
-0.052764
-0.052772
-0.052779
-0.052787
-0.052795
-0.052802
-0.052810
-0.052818
-0.052825
-0.052833
-0.052841
-0.052848
-0.052856
-0.052863
-0.052871
-0.052879
-0.052886
-0.052894
-0.052901
-0.052909
-0.052916
-0.052924
-0.052932
-0.052939
-0.052947
-0.052954
-0.052962
-0.052969
-0.052977
-0.052984
-0.052992
-0.052999
-0.053007
-0.053014
-0.053021
-0.053029
-0.053036
-0.053044
-0.053051
-0.053059
-0.053066
-0.053074
-0.053081
-0.053088
-0.053096
-0.053103
-0.053110
-0.053118
-0.053125
-0.053133
-0.053140
-0.053147
-0.053155
-0.053162
-0.053169
-0.053177
-0.053184
-0.053191
-0.053199
-0.053206
-0.053213
-0.053221
-0.053228
-0.053235
-0.053242
-0.053250
-0.053257
-0.053264
-0.053271
-0.053279
-0.053286
-0.053293
-0.053300
-0.053308
-0.053315
-0.053322
-0.053329
-0.053336
-0.053344
-0.053351
-0.053358
-0.053365
-0.053372
-0.053379
-0.053387
-0.053394
-0.053401
-0.053408
-0.053415
-0.053422
-0.053430
-0.053437
-0.053444
-0.053451
-0.053458
-0.053465
-0.053472
-0.053479
-0.053486
-0.053494
-0.053501
-0.053508
-0.053515
-0.053522
-0.053529
-0.053536
-0.053543
-0.053550
-0.053557
-0.053564
-0.053571
-0.053578
-0.053585
-0.053592
-0.053599
-0.053606
-0.053613
-0.053620
-0.053627
-0.053634
-0.053641
-0.053648
-0.053655
-0.053662
-0.053669
-0.053676
-0.053683
-0.053690
-0.053697
-0.053704
-0.053711
-0.053718
-0.053725
-0.053732
-0.053739
-0.053746
-0.053753
-0.053759
-0.053766
-0.053773
-0.053780
-0.053787
-0.053794
-0.053801
-0.053808
-0.053815
-0.053821
-0.053828
-0.053835
-0.053842
-0.053849
-0.053856
-0.053863
-0.053870
-0.053876
-0.053883
-0.053890
-0.053897
-0.053904
-0.053911
-0.053917
-0.053924
-0.053931
-0.053938
-0.053945
-0.053951
-0.053958
-0.053965
-0.053972
-0.053979
-0.053985
-0.053992
-0.053999
-0.054006
-0.054013
-0.054019
-0.054026
-0.054033
-0.054040
-0.054046
-0.054053
-0.054060
-0.054067
-0.054073
-0.054080
-0.054087
-0.054094
-0.054100
-0.054107
-0.054114
-0.054120
-0.054127
-0.054134
-0.054141
-0.054147
-0.054154
-0.054161
-0.054167
-0.054174
-0.054181
-0.054187
-0.054194
-0.054201
-0.054207
-0.054214
-0.054221
-0.054227
-0.054234
-0.054241
-0.054247
-0.054254
-0.054261
-0.054267
-0.054274
-0.054281
-0.054287
-0.054294
-0.054300
-0.054307
-0.054314
-0.054320
-0.054327
-0.054334
-0.054340
-0.054347
-0.054353
-0.054360
-0.054367
-0.054373
-0.054380
-0.054386
-0.054393
-0.054400
-0.054406
-0.054413
-0.054419
-0.054426
-0.054432
-0.054439
-0.054446
-0.054452
-0.054459
-0.054465
-0.054472
-0.054478
-0.054485
-0.054491
-0.054498
-0.054505
-0.054511
-0.054518
-0.054524
-0.054531
-0.054537
-0.054544
-0.054550
-0.054557
-0.054563
-0.054570
-0.054576
-0.054583
-0.054589
-0.054596
-0.054602
-0.054609
-0.054615
-0.054622
-0.054628
-0.054635
-0.054641
-0.054648
-0.054654
-0.054661
-0.054667
-0.054674
-0.054680
-0.054687
-0.054693
-0.054699
-0.054706
-0.054712
-0.054719
-0.054725
-0.054732
-0.054738
-0.054745
-0.054751
-0.054757
-0.054764
-0.054770
-0.054777
-0.054783
-0.054790
-0.054796
-0.054802
-0.054809
-0.054815
-0.054822
-0.054828
-0.054835
-0.054841
-0.054847
-0.054854
-0.054860
-0.054866
-0.054873
-0.054879
-0.054886
-0.054892
-0.054898
-0.054905
-0.054911
-0.054918
-0.054924
-0.054930
-0.054937
-0.054943
-0.054949
-0.054956
-0.054962
-0.054969
-0.054975
-0.054981
-0.054988
-0.054994
-0.055000
-0.055007
-0.055013
-0.055019
-0.055026
-0.055032
-0.055038
-0.055045
-0.055051
-0.055057
-0.055064
-0.055070
-0.055076
-0.055083
-0.055089
-0.055095
-0.055101
-0.055108
-0.055114
-0.055120
-0.055127
-0.055133
-0.055139
-0.055146
-0.055152
-0.055158
-0.055164
-0.055171
-0.055177
-0.055183
-0.055190
-0.055196
-0.055202
-0.055208
-0.055215
-0.055221
-0.055227
-0.055234
-0.055240
-0.055246
-0.055252
-0.055259
-0.055265
-0.055271
-0.055277
-0.055284
-0.055290
-0.055296
-0.055302
-0.055309
-0.055315
-0.055321
-0.055327
-0.055333
-0.055340
-0.055346
-0.055352
-0.055358
-0.055365
-0.055371
-0.055377
-0.055383
-0.055389
-0.055396
-0.055402
-0.055408
-0.055414
-0.055421
-0.055427
-0.055433
-0.055439
-0.055445
-0.055452
-0.055458
-0.055464
-0.055470
-0.055476
-0.055482
-0.055489
-0.055495
-0.055501
-0.055507
-0.055513
-0.055520
-0.055526
-0.055532
-0.055538
-0.055544
-0.055550
-0.055557
-0.055563
-0.055569
-0.055575
-0.055581
-0.055587
-0.055593
-0.055600
-0.055606
-0.055612
-0.055618
-0.055624
-0.055630
-0.055636
-0.055643
-0.055649
-0.055655
-0.055661
-0.055667
-0.055673
-0.055679
-0.055685
-0.055692
-0.055698
-0.055704
-0.055710
-0.055716
-0.055722
-0.055728
-0.055734
-0.055740
-0.055747
-0.055753
-0.055759
-0.055765
-0.055771
-0.055777
-0.055783
-0.055789
-0.055795
-0.055801
-0.055807
-0.055814
-0.055820
-0.055826
-0.055832
-0.055838
-0.055844
-0.055850
-0.055856
-0.055862
-0.055868
-0.055874
-0.055880
-0.055886
-0.055892
-0.055898
-0.055904
-0.055911
-0.055917
-0.055923
-0.055929
-0.055935
-0.055941
-0.055947
-0.055953
-0.055959
-0.055965
-0.055971
-0.055977
-0.055983
-0.055989
-0.055995
-0.056001
-0.056007
-0.056013
-0.056019
-0.056025
-0.056031
-0.056037
-0.056043
-0.056049
-0.056055
-0.056061
-0.056067
-0.056073
-0.056079
-0.056085
-0.056091
-0.056097
-0.056103
-0.056109
-0.056115
-0.056121
-0.056127
-0.056133
-0.056139
-0.056145
-0.056151
-0.056157
-0.056163
-0.056169
-0.056175
-0.056181
-0.056187
-0.056193
-0.056199
-0.056205
-0.056211
-0.056217
-0.056223
-0.056229
-0.056235
-0.056240
-0.056246
-0.056252
-0.056258
-0.056264
-0.056270
-0.056276
-0.056282
-0.056288
-0.056294
-0.056300
-0.056306
-0.056312
-0.056318
-0.056324
-0.056329
-0.056335
-0.056341
-0.056347
-0.056353
-0.056359
-0.056365
-0.056371
-0.056377
-0.056383
-0.056389
-0.056394
-0.056400
-0.056406
-0.056412
-0.056418
-0.056424
-0.056430
-0.056436
-0.056442
-0.056448
-0.056453
-0.056459
-0.056465
-0.056471
-0.056477
-0.056483
-0.056489
-0.056495
-0.056500
-0.056506
-0.056512
-0.056518
-0.056524
-0.056530
-0.056536
-0.056541
-0.056547
-0.056553
-0.056559
-0.056565
-0.056571
-0.056577
-0.056582
-0.056588
-0.056594
-0.056600
-0.056606
-0.056612
-0.056617
-0.056623
-0.056629
-0.056635
-0.056641
-0.056647
-0.056652
-0.056658
-0.056664
-0.056670
-0.056676
-0.056681
-0.056687
-0.056693
-0.056699
-0.056705
-0.056710
-0.056716
-0.056722
-0.056728
-0.056734
-0.056739
-0.056745
-0.056751
-0.056757
-0.056763
-0.056768
-0.056774
-0.056780
-0.056786
-0.056791
-0.056797
-0.056803
-0.056809
-0.056815
-0.056820
-0.056826
-0.056832
-0.056838
-0.056843
-0.056849
-0.056855
-0.056861
-0.056866
-0.056872
-0.056878
-0.056884
-0.056889
-0.056895
-0.056901
-0.056907
-0.056912
-0.056918
-0.056924
-0.056930
-0.056935
-0.056941
-0.056947
-0.056952
-0.056958
-0.056964
-0.056970
-0.056975
-0.056981
-0.056987
-0.056992
-0.056998
-0.057004
-0.057010
-0.057015
-0.057021
-0.057027
-0.057032
-0.057038
-0.057044
-0.057049
-0.057055
-0.057061
-0.057067
-0.057072
-0.057078
-0.057084
-0.057089
-0.057095
-0.057101
-0.057106
-0.057112
-0.057118
-0.057123
-0.057129
-0.057135
-0.057140
-0.057146
-0.057152
-0.057157
-0.057163
-0.057169
-0.057174
-0.057180
-0.057186
-0.057191
-0.057197
-0.057202
-0.057208
-0.057214
-0.057219
-0.057225
-0.057231
-0.057236
-0.057242
-0.057248
-0.057253
-0.057259
-0.057264
-0.057270
-0.057276
-0.057281
-0.057287
-0.057292
-0.057298
-0.057304
-0.057309
-0.057315
-0.057321
-0.057326
-0.057332
-0.057337
-0.057343
-0.057348
-0.057354
-0.057360
-0.057365
-0.057371
-0.057376
-0.057382
-0.057388
-0.057393
-0.057399
-0.057404
-0.057410
-0.057415
-0.057421
-0.057427
-0.057432
-0.057438
-0.057443
-0.057449
-0.057454
-0.057460
-0.057465
-0.057471
-0.057477
-0.057482
-0.057488
-0.057493
-0.057499
-0.057504
-0.057510
-0.057515
-0.057521
-0.057526
-0.057532
-0.057537
-0.057543
-0.057549
-0.057554
-0.057560
-0.057565
-0.057571
-0.057576
-0.057582
-0.057587
-0.057593
-0.057598
-0.057604
-0.057609
-0.057615
-0.057620
-0.057626
-0.057631
-0.057637
-0.057642
-0.057648
-0.057653
-0.057659
-0.057664
-0.057670
-0.057675
-0.057680
-0.057686
-0.057691
-0.057697
-0.057702
-0.057708
-0.057713
-0.057719
-0.057724
-0.057730
-0.057735
-0.057741
-0.057746
-0.057751
-0.057757
-0.057762
-0.057768
-0.057773
-0.057779
-0.057784
-0.057790
-0.057795
-0.057800
-0.057806
-0.057811
-0.057817
-0.057822
-0.057828
-0.057833
-0.057838
-0.057844
-0.057849
-0.057855
-0.057860
-0.057865
-0.057871
-0.057876
-0.057882
-0.057887
-0.057892
-0.057898
-0.057903
-0.057909
-0.057914
-0.057919
-0.057925
-0.057930
-0.057936
-0.057941
-0.057946
-0.057952
-0.057957
-0.057962
-0.057968
-0.057973
-0.057978
-0.057984
-0.057989
-0.057995
-0.058000
-0.058005
-0.058011
-0.058016
-0.058021
-0.058027
-0.058032
-0.058037
-0.058043
-0.058048
-0.058053
-0.058059
-0.058064
-0.058069
-0.058075
-0.058080
-0.058085
-0.058091
-0.058096
-0.058101
-0.058107
-0.058112
-0.058117
-0.058123
-0.058128
-0.058133
-0.058138
-0.058144
-0.058149
-0.058154
-0.058160
-0.058165
-0.058170
-0.058176
-0.058181
-0.058186
-0.058191
-0.058197
-0.058202
-0.058207
-0.058213
-0.058218
-0.058223
-0.058228
-0.058234
-0.058239
-0.058244
-0.058249
-0.058255
-0.058260
-0.058265
-0.058270
-0.058276
-0.058281
-0.058286
-0.058291
-0.058297
-0.058302
-0.058307
-0.058312
-0.058318
-0.058323
-0.058328
-0.058333
-0.058338
-0.058344
-0.058349
-0.058354
-0.058359
-0.058365
-0.058370
-0.058375
-0.058380
-0.058385
-0.058391
-0.058396
-0.058401
-0.058406
-0.058411
-0.058417
-0.058422
-0.058427
-0.058432
-0.058437
-0.058443
-0.058448
-0.058453
-0.058458
-0.058463
-0.058468
-0.058474
-0.058479
-0.058484
-0.058489
-0.058494
-0.058499
-0.058505
-0.058510
-0.058515
-0.058520
-0.058525
-0.058530
-0.058535
-0.058541
-0.058546
-0.058551
-0.058556
-0.058561
-0.058566
-0.058571
-0.058577
-0.058582
-0.058587
-0.058592
-0.058597
-0.058602
-0.058607
-0.058612
-0.058617
-0.058623
-0.058628
-0.058633
-0.058638
-0.058643
-0.058648
-0.058653
-0.058658
-0.058663
-0.058668
-0.058674
-0.058679
-0.058684
-0.058689
-0.058694
-0.058699
-0.058704
-0.058709
-0.058714
-0.058719
-0.058724
-0.058729
-0.058734
-0.058739
-0.058745
-0.058750
-0.058755
-0.058760
-0.058765
-0.058770
-0.058775
-0.058780
-0.058785
-0.058790
-0.058795
-0.058800
-0.058805
-0.058810
-0.058815
-0.058820
-0.058825
-0.058830
-0.058835
-0.058840
-0.058845
-0.058850
-0.058855
-0.058860
-0.058865
-0.058870
-0.058875

