0.000000
0.000000
-0.000006
-0.000014
-0.000023
-0.000034
-0.000045
-0.000058
-0.000070
-0.000083
-0.000097
-0.000111
-0.000125
-0.000140
-0.000155
-0.000170
-0.000185
-0.000201
-0.000217
-0.000233
-0.000249
-0.000265
-0.000282
-0.000299
-0.000316
-0.000333
-0.000351
-0.000368
-0.000386
-0.000404
-0.000422
-0.000440
-0.000459
-0.000477
-0.000496
-0.000515
-0.000534
-0.000553
-0.000572
-0.000591
-0.000611
-0.000631
-0.000650
-0.000670
-0.000690
-0.000711
-0.000731
-0.000751
-0.000772
-0.000793
-0.000813
-0.000834
-0.000855
-0.000876
-0.000898
-0.000919
-0.000940
-0.000962
-0.000984
-0.001005
-0.001027
-0.001049
-0.001071
-0.001093
-0.001115
-0.001138
-0.001160
-0.001183
-0.001205
-0.001228
-0.001250
-0.001273
-0.001296
-0.001319
-0.001342
-0.001365
-0.001389
-0.001412
-0.001435
-0.001459
-0.001482
-0.001506
-0.001530
-0.001553
-0.001577
-0.001601
-0.001625
-0.001649
-0.001673
-0.001697
-0.001722
-0.001746
-0.001770
-0.001795
-0.001819
-0.001844
-0.001868
-0.001893
-0.001918
-0.001942
-0.001967
-0.001992
-0.002017
-0.002042
-0.002067
-0.002092
-0.002117
-0.002143
-0.002168
-0.002193
-0.002219
-0.002244
-0.002269
-0.002295
-0.002321
-0.002346
-0.002372
-0.002398
-0.002423
-0.002449
-0.002475
-0.002501
-0.002527
-0.002553
-0.002579
-0.002605
-0.002631
-0.002657
-0.002684
-0.002710
-0.002736
-0.002762
-0.002789
-0.002815
-0.002842
-0.002868
-0.002895
-0.002921
-0.002948
-0.002975
-0.003001
-0.003028
-0.003055
-0.003081
-0.003108
-0.003135
-0.003162
-0.003189
-0.003216
-0.003243
-0.003270
-0.003297
-0.003324
-0.003351
-0.003378
-0.003405
-0.003433
-0.003460
-0.003487
-0.003515
-0.003542
-0.003569
-0.003597
-0.003624
-0.003651
-0.003679
-0.003706
-0.003734
-0.003762
-0.003789
-0.003817
-0.003844
-0.003872
-0.003900
-0.003927
-0.003955
-0.003983
-0.004011
-0.004038
-0.004066
-0.004094
-0.004122
-0.004150
-0.004178
-0.004206
-0.004234
-0.004262
-0.004290
-0.004318
-0.004346
-0.004374
-0.004402
-0.004430
-0.004458
-0.004486
-0.004515
-0.004543
-0.004571
-0.004599
-0.004628
-0.004656
-0.004684
-0.004712
-0.004741
-0.004769
-0.004797
-0.004826
-0.004854
-0.004883
-0.004911
-0.004940
-0.004968
-0.004996
-0.005025
-0.005054
-0.005082
-0.005111
-0.005139
-0.005168
-0.005196
-0.005225
-0.005254
-0.005282
-0.005311
-0.005340
-0.005368
-0.005397
-0.005426
-0.005454
-0.005483
-0.005512
-0.005541
-0.005569
-0.005598
-0.005627
-0.005656
-0.005685
-0.005713
-0.005742
-0.005771
-0.005800
-0.005829
-0.005858
-0.005887
-0.005916
-0.005945
-0.005973
-0.006002
-0.006031
-0.006060
-0.006089
-0.006118
-0.006147
-0.006176
-0.006205
-0.006234
-0.006263
-0.006292
-0.006322
-0.006351
-0.006380
-0.006409
-0.006438
-0.006467
-0.006496
-0.006525
-0.006554
-0.006583
-0.006613
-0.006642
-0.006671
-0.006700
-0.006729
-0.006758
-0.006788
-0.006817
-0.006846
-0.006875
-0.006904
-0.006934
-0.006963
-0.006992
-0.007021
-0.007051
-0.007080
-0.007109
-0.007138
-0.007168
-0.007197
-0.007226
-0.007255
-0.007285
-0.007314
-0.007343
-0.007373
-0.007402
-0.007431
-0.007461
-0.007490
-0.007519
-0.007549
-0.007578
-0.007607
-0.007637
-0.007666
-0.007695
-0.007725
-0.007754
-0.007783
-0.007813
-0.007842
-0.007872
-0.007901
-0.007930
-0.007960
-0.007989
-0.008018
-0.008048
-0.008077
-0.008107
-0.008136
-0.008166
-0.008195
-0.008224
-0.008254
-0.008283
-0.008313
-0.008342
-0.008371
-0.008401
-0.008430
-0.008460
-0.008489
-0.008519
-0.008548
-0.008577
-0.008607
-0.008636
-0.008666
-0.008695
-0.008725
-0.008754
-0.008783
-0.008813
-0.008842
-0.008872
-0.008901
-0.008931
-0.008960
-0.008990
-0.009019
-0.009048
-0.009078
-0.009107
-0.009137
-0.009166
-0.009196
-0.009225
-0.009255
-0.009284
-0.009313
-0.009343
-0.009372
-0.009402
-0.009431
-0.009461
-0.009490
-0.009520
-0.009549
-0.009578
-0.009608
-0.009637
-0.009667
-0.009696
-0.009726
-0.009755
-0.009784
-0.009814
-0.009843
-0.009873
-0.009902
-0.009932
-0.009961
-0.009990
-0.010020
-0.010049
-0.010079
-0.010108
-0.010137
-0.010167
-0.010196
-0.010226
-0.010255
-0.010284
-0.010314
-0.010343
-0.010373
-0.010402
-0.010431
-0.010461
-0.010490
-0.010520
-0.010549
-0.010578
-0.010608
-0.010637
-0.010666
-0.010696
-0.010725
-0.010754
-0.010784
-0.010813
-0.010842
-0.010872
-0.010901
-0.010930
-0.010960
-0.010989
-0.011018
-0.011048
-0.011077
-0.011106
-0.011136
-0.011165
-0.011194
-0.011224
-0.011253
-0.011282
-0.011311
-0.011341
-0.011370
-0.011399
-0.011428
-0.011458
-0.011487
-0.011516
-0.011545
-0.011575
-0.011604
-0.011633
-0.011662
-0.011692
-0.011721
-0.011750
-0.011779
-0.011808
-0.011838
-0.011867
-0.011896
-0.011925
-0.011954
-0.011984
-0.012013
-0.012042
-0.012071
-0.012100
-0.012129
-0.012158
-0.012188
-0.012217
-0.012246
-0.012275
-0.012304
-0.012333
-0.012362
-0.012391
-0.012421
-0.012450
-0.012479
-0.012508
-0.012537
-0.012566
-0.012595
-0.012624
-0.012653
-0.012682
-0.012711
-0.012740
-0.012769
-0.012798
-0.012827
-0.012856
-0.012885
-0.012914
-0.012943
-0.012972
-0.013001
-0.013030
-0.013059
-0.013088
-0.013117
-0.013146
-0.013175
-0.013204
-0.013233
-0.013261
-0.013290
-0.013319
-0.013348
-0.013377
-0.013406
-0.013435
-0.013150
-0.011956
-0.009172
-0.004400
0.002425
0.011144
0.021495
0.033182
0.045916
0.059437
0.073513
0.087945
0.102565
0.117232
0.131834
0.146280
0.160497
0.174428
0.188033
0.201279
0.214144
0.226612
0.238676
0.250331
0.261576
0.272415
0.282854
0.292898
0.302557
0.311840
0.320758
0.329322
0.337542
0.345431
0.352999
0.360257
0.367217
0.373889
0.380285
0.386413
0.392580
0.399357
0.407403
0.417115
0.428574
0.441646
0.456093
0.471644
0.488034
0.505019
0.522385
0.539947
0.557548
0.575058
0.592371
0.609405
0.626094
0.642387
0.658247
0.673647
0.688568
0.703000
0.716936
0.730376
0.743322
0.755780
0.767757
0.779264
0.790310
0.800907
0.811068
0.820805
0.830131
0.839060
0.847604
0.855776
0.863589
0.871056
0.878188
0.884996
0.891777
0.899086
0.907572
0.917631
0.929355
0.942624
0.957210
0.972854
0.989296
1.006301
1.023657
1.041183
1.058723
1.076149
1.093357
1.110264
1.126803
1.142925
1.158593
1.173779
1.188466
1.202641
1.216299
1.229439
1.242064
1.254180
1.265793
1.276915
1.287555
1.297727
1.307441
1.316712
1.325552
1.333975
1.341994
1.349623
1.356874
1.363761
1.370295
1.376489
1.382630
1.389263
1.397028
1.406327
1.417258
1.429714
1.443476
1.458289
1.473900
1.490075
1.506606
1.523309
1.540031
1.556641
1.573036
1.589130
1.604857
1.620166
1.635019
1.649387
1.663251
1.676600
1.689427
1.701730
1.713512
1.724778
1.735535
1.745794
1.755564
1.764858
1.773688
1.782067
1.790008
1.797525
1.804632
1.811341
1.817665
1.823619
1.829213
1.834461
1.839642
1.845293
1.852047
1.860309
1.870189
1.881586
1.894290
1.908053
1.922623
1.937768
1.953282
1.968981
1.984711
2.000340
2.015762
2.030891
2.045660
2.060015
2.073918
2.087339
2.100257
2.112660
2.124541
2.135898
2.146732
2.157048
2.166853
2.176156
2.184969
2.193301
2.201167
2.208578
2.215549
2.222092
2.228221
2.233949
2.239290
2.244256
2.248860
2.253115
2.257293
2.261924
2.267634
2.274833
2.283638
2.293959
2.305592
2.318293
2.331815
2.345928
2.360423
2.375120
2.389861
2.404514
2.418972
2.433146
2.446968
2.460384
2.473352
2.485842
2.497832
2.509309
2.520265
2.530697
2.540606
2.549997
2.558875
2.567250
2.575132
2.582533
2.589465
2.595940
2.601972
2.607575
2.612761
2.617544
2.621938
2.625954
2.629607
2.632909
2.636126
2.639780
2.644493
2.650677
2.658459
2.667756
2.678371
2.690066
2.702595
2.715730
2.729266
2.743017
2.756828
2.770565
2.784118
2.797398
2.810334
2.822871
2.834966
2.846587
2.857711
2.868324
2.878418
2.887987
2.897034
2.905561
2.913575
2.921085
2.928100
2.934632
2.940693
2.946296
2.951453
2.956179
2.960486
2.964389
2.967900
2.971032
2.973798
2.976212
2.978509
2.981159
2.984723
2.989579
2.995852
3.003475
3.012277
3.022045
3.032560
3.043618
3.055031
3.066634
3.078284
3.089857
3.101256
3.112397
3.123216
3.133660
3.143692
3.153281
3.162406
3.171055
3.179217
3.186890
3.194074
3.200772
3.206991
3.212737
3.218021
3.222852
3.227242
3.231203
3.234746
3.237885
3.240632
3.242999
3.245000
3.246645
3.247948
3.248919
3.249793
3.251032
3.253197
3.256668
3.261575
3.267857
3.275345
3.283829
3.293091
3.302925
3.313143
3.323579
3.334087
3.344543
3.354847
3.364913
3.374675
3.384081
3.393088
3.401667
3.409794
3.417456
3.424642
3.431349
3.437575
3.443323
3.448600
3.453411
3.457766
3.461675
3.465149
3.468199
3.470838
3.473077
3.474929
3.476407
3.477523
3.478288
3.478716
3.478817
3.478821
3.479187
3.480471
3.483058
3.487082
3.492487
3.499110
3.506742
3.515169
3.524183
3.533599
3.543249
3.552985
3.562685
3.572244
3.581577
3.590616
3.599306
3.607606
3.615484
3.622915
3.629885
3.636384
3.642405
3.647949
3.653016
3.657614
3.661747
3.665425
3.668658
3.671456
3.673832
3.675796
3.677362
3.678541
3.679346
3.679789
3.679883
3.679639
3.679070
3.678401
3.678086
3.678679
3.680567
3.683889
3.688596
3.694526
3.701477
3.709233
3.717591
3.726364
3.735384
3.744503
3.753596
3.762559
3.771306
3.779766
3.787884
3.795616
3.802930
3.809802
3.816214
3.822156
3.827621
3.832610
3.837123
3.841164
3.844741
3.847863
3.850538
3.852777
3.854592
3.855995
3.856997
3.857613
3.857853
3.857730
3.857256
3.856444
3.855306
3.854064
3.853168
3.853169
3.854456
3.857175
3.861278
3.866611
3.872973
3.880152
3.887946
3.896166
3.904646
3.913238
3.921815
3.930271
3.938518
3.946486
3.954117
3.961368
3.968203
3.974598
3.980535
3.986003
3.990994
3.995508
3.999546
4.003111
4.006210
4.008851
4.011044
4.012800
4.014130
4.015045
4.015558
4.015682
4.015428
4.014810
4.013839
4.012528
4.010889
4.008933
4.006672
4.004117
4.001278
3.998166
3.994791
3.991162
3.987289
3.983181
3.978847
3.974294
3.969531
3.964566
3.959406
3.954059
3.948530
3.942828
3.936957
3.930926
3.924738
3.918401
3.911920
3.905299
3.898545
3.891662
3.884655
3.877528
3.870286
3.862933
3.855474
3.847912
3.840251
3.832495
3.824648
3.816713
3.808693
3.800592
3.792413
3.784159
3.775833
3.767437
3.758975
3.750450
3.741863
3.733217
3.724515
3.715759
3.706951
3.698094
3.689189
3.680240
3.671247
3.662213
3.653139
3.644028
3.634881
3.625700
3.616487
3.607242
3.597969
3.588668
3.579340
3.569988
3.560613
3.551215
3.541796
3.532358
3.522902
3.513429
3.503939
3.494435
3.484917
3.475387
3.465844
3.456291
3.446728
3.437157
3.427577
3.417991
3.408398
3.398800
3.389197
3.379591
3.369982
3.360370
3.350757
3.341143
3.331528
3.321914
3.312301
3.302690
3.293081
3.283475
3.273872
3.264273
3.254679
3.245089
3.235505
3.225927
3.216355
3.206791
3.197233
3.187683
3.178141
3.168608
3.159083
3.149568
3.140062
3.130566
3.121081
3.111606
3.102142
3.092690
3.083249
3.073820
3.064403
3.054998
3.045606
3.036227
3.026861
3.017509
3.008170
2.998845
2.989535
2.980238
2.970956
2.961689
2.952437
2.943199
2.933977
2.924771
2.915580
2.906405
2.897246
2.888102
2.878975
2.869865
2.860771
2.851693
2.842633
2.833589
2.824562
2.815553
2.806560
2.797585
2.788628
2.779688
2.770765
2.761860
2.752974
2.744105
2.735254
2.726421
2.717606
2.708809
2.700031
2.691271
2.682530
2.673807
2.665102
2.656417
2.647749
2.639101
2.630471
2.621860
2.613268
2.604695
2.596141
2.587606
2.579089
2.570592
2.562114
2.553655
2.545215
2.536794
2.528393
2.520010
2.511647
2.503304
2.494979
2.486674
2.478388
2.470121
2.461874
2.453646
2.445438
2.437249
2.429079
2.420929
2.412798
2.404686
2.396594
2.388522
2.380468
2.372435
2.364420
2.356425
2.348450
2.340494
2.332557
2.324640
2.316742
2.308864
2.301005
2.293165
2.285345
2.277545
2.269763
2.262001
2.254258
2.246535
2.238831
2.231147
2.223481
2.215835
2.208209
2.200601
2.193013
2.185444
2.177894
2.170364
2.162852
2.155360
2.147887
2.140433
2.132998
2.125583
2.118186
2.110809
2.103450
2.096111
2.088790
2.081489
2.074206
2.066943
2.059698
2.052472
2.045266
2.038078
2.030908
2.023758
2.016626
2.009513
2.002419
1.995344
1.988287
1.981249
1.974230
1.967229
1.960246
1.953283
1.946337
1.939411
1.932502
1.925612
1.918741
1.911888
1.905053
1.898237
1.891439
1.884659
1.877898
1.871154
1.864429
1.857722
1.851033
1.844363
1.837710
1.831076
1.824459
1.817860
1.811280
1.804717
1.798172
1.791645
1.785136
1.778645
1.772172
1.765716
1.759278
1.752858
1.746455
1.740070
1.733702
1.727353
1.721020
1.714705
1.708408
1.702128
1.695866
1.689621
1.683393
1.677182
1.670989
1.664813
1.658655
1.652513
1.646389
1.640282
1.634191
1.628118
1.622062
1.616024
1.610001
1.603996
1.598008
1.592037
1.586083
1.580145
1.574224
1.568320
1.562433
1.556562
1.550708
1.544870
1.539050
1.533245
1.527458
1.521686
1.515932
1.510193
1.504471
1.498766
1.493077
1.487404
1.481747
1.476106
1.470482
1.464874
1.459282
1.453706
1.448147
1.442603
1.437075
1.431564
1.426068
1.420588
1.415124
1.409676
1.404244
1.398827
1.393427
1.388042
1.382672
1.377319
1.371981
1.366658
1.361351
1.356060
1.350784
1.345524
1.340279
1.335050
1.329835
1.324637
1.319453
1.314285
1.309132
1.303994
1.298872
1.293764
1.288672
1.283595
1.278533
1.273486
1.268453
1.263436
1.258434
1.253447
1.248474
1.243517
1.238574
1.233646
1.228733
1.223834
1.218950
1.214081
1.209226
1.204386
1.199561
1.194750
1.189953
1.185171
1.180403
1.175650
1.170911
1.166187
1.161477
1.156781
1.152099
1.147432
1.142778
1.138139
1.133514
1.128903
1.124307
1.119724
1.115155
1.110600
1.106059
1.101532
1.097019
1.092520
1.088034
1.083563
1.079105
1.074660
1.070230
1.065813
1.061410
1.057020
1.052644
1.048282
1.043933
1.039597
1.035275
1.030966
1.026671
1.022389
1.018121
1.013866
1.009624
1.005395
1.001180
0.996977
0.992788
0.988612
0.984449
0.980299
0.976163
0.972039
0.967928
0.963830
0.959745
0.955673
0.951614
0.947567
0.943534
0.939513
0.935505
0.931510
0.927527
0.923557
0.919600
0.915655
0.911723
0.907803
0.903896
0.900002
0.896120
0.892250
0.888393
0.884548
0.880715
0.876895
0.873087
0.869291
0.865508
0.861736
0.857977
0.854230
0.850496
0.846773
0.843062
0.839364
0.835677
0.832002
0.828340
0.824689
0.821050
0.817423
0.813808
0.810205
0.806613
0.803033
0.799465
0.795909
0.792364
0.788831
0.785310
0.781800
0.778302
0.774815
0.771340
0.767876
0.764424
0.760983
0.757554
0.754136
0.750729
0.747334
0.743950
0.740577
0.737216
0.733866
0.730527
0.727199
0.723882
0.720576
0.717282
0.713998
0.710726
0.707464
0.704214
0.700974
0.697746
0.694528
0.691321
0.688125
0.684940
0.681766
0.678602
0.675450
0.672307
0.669176
0.666055
0.662945
0.659846
0.656757
0.653679
0.650611
0.647554
0.644507
0.641471
0.638445
0.635429
0.632424
0.629430
0.626445
0.623471
0.620508
0.617554
0.614611
0.611678
0.608755
0.605843
0.602940
0.600048
0.597165
0.594293
0.591431
0.588579
0.585737
0.582904
0.580082
0.577270
0.574467
0.571675
0.568892
0.566119
0.563356
0.560602
0.557859
0.555125
0.552400
0.549686
0.546981
0.544286
0.541600
0.538924
0.536257
0.533600
0.530953
0.528314
0.525686
0.523067
0.520457
0.517857
0.515266
0.512684
0.510111
0.507548
0.504995
0.502450
0.499915
0.497389
0.494872
0.492364
0.489865
0.487375
0.484895
0.482423
0.479961
0.477508
0.475063
0.472628
0.470201
0.467784
0.465375
0.462975
0.460584
0.458202
0.455829
0.453464
0.451108
0.448761
0.446423
0.444093
0.441772
0.439459
0.437156
0.434860
0.432574
0.430296
0.428026
0.425765
0.423513
0.421269
0.419033
0.416806
0.414587
0.412376
0.410174
0.407981
0.405795
0.403618
0.401449
0.399288
0.397136
0.394991
0.392855
0.390727
0.388607
0.386496
0.384392
0.382297
0.380209
0.378130
0.376058
0.373994
0.371939
0.369891
0.367852
0.365820
0.363796
0.361780
0.359771
0.357771
0.355778
0.353793
0.351816
0.349847
0.347885
0.345931
0.343984
0.342045
0.340114
0.338191
0.336275
0.334366
0.332465
0.330572
0.328686
0.326807
0.324936
0.323072
0.321216
0.319367
0.317526
0.315692
0.313865
0.312045
0.310233
0.308428
0.306630
0.304840
0.303056
0.301280
0.299511
0.297749
0.295995
0.294247
0.292506
0.290773
0.289046
0.287327
0.285614
0.283908
0.282210
0.280518
0.278833
0.277155
0.275484
0.273820
0.272163
0.270512
0.268868
0.267231
0.265601
0.263978
0.262361
0.260751
0.259147
0.257550
0.255960
0.254376
0.252799
0.251229
0.249665
0.248108
0.246557
0.245013
0.243475
0.241943
0.240418
0.238900
0.237387
0.235882
0.234382
0.232889
0.231402
0.229922
0.228447
0.226979
0.225518
0.224062
0.222613
0.221170
0.219733
0.218302
0.216877
0.215458
0.214046
0.212639
0.211239
0.209845
0.208456
0.207074
0.205697
0.204327
0.202962
0.201604
0.200251
0.198904
0.197563
0.196228
0.194898
0.193575
0.192257
0.190945
0.189639
0.188338
0.187043
0.185754
0.184471
0.183193
0.181921
0.180654
0.179393
0.178138
0.176888
0.175644
0.174405
0.173172
0.171944
0.170722
0.169505
0.168293
0.167087
0.165887
0.164692
0.163502
0.162317
0.161138
0.159964
0.158795
0.157632
0.156474
0.155321
0.154174
0.153031
0.151894
0.150762
0.149635
0.148513
0.147396
0.146285
0.145178
0.144077
0.142980
0.141889
0.140803
0.139721
0.138645
0.137573
0.136507
0.135445
0.134388
0.133337
0.132290
0.131248
0.130210
0.129178
0.128150
0.127127
0.126109
0.125096
0.124087
0.123083
0.122084
0.121089
0.120100
0.119114
0.118134
0.117158
0.116186
0.115220
0.114257
0.113300
0.112347
0.111398
0.110454
0.109514
0.108579
0.107648
0.106722
0.105800
0.104882
0.103969
0.103061
0.102156
0.101256
0.100360
0.099469
0.098582
0.097699
0.096820
0.095946
0.095076
0.094210
0.093348
0.092490
0.091637
0.090788
0.089942
0.089101
0.088264
0.087431
0.086603
0.085778
0.084957
0.084140
0.083328
0.082519
0.081714
0.080913
0.080116
0.079324
0.078534
0.077749
0.076968
0.076191
0.075417
0.074647
0.073881
0.073119
0.072361
0.071607
0.070856
0.070109
0.069365
0.068626
0.067890
0.067158
0.066429
0.065704
0.064983
0.064265
0.063551
0.062841
0.062134
0.061431
0.060731
0.060035
0.059342
0.058653
0.057967
0.057285
0.056606
0.055931
0.055259
0.054590
0.053925
0.053264
0.052605
0.051951
0.051299
0.050651
0.050006
0.049364
0.048726
0.048091
0.047459
0.046831
0.046205
0.045583
0.044965
0.044349
0.043737
0.043127
0.042521
0.041918
0.041318
0.040722
0.040128
0.039537
0.038950
0.038366
0.037784
0.037206
0.036631
0.036058
0.035489
0.034923
0.034359
0.033799
0.033242
0.032687
0.032136
0.031587
0.031041
0.030498
0.029958
0.029421
0.028887
0.028355
0.027827
0.027301
0.026778
0.026257
0.025740
0.025225
0.024713
0.024204
0.023697
0.023193
0.022692
0.022193
0.021698
0.021204
0.020714
0.020226
0.019741
0.019258
0.018778
0.018300
0.017825
0.017353
0.016883
0.016416
0.015951
0.015489
0.015029
0.014572
0.014117
0.013665
0.013215
0.012767
0.012322
0.011880
0.011440
0.011002
0.010566
0.010133
0.009703
0.009274
0.008849
0.008425
0.008004
0.007585
0.007168
0.006754
0.006341
0.005932
0.005524
0.005119
0.004716
0.004315
0.003916
0.003519
0.003125
0.002733
0.002343
0.001955
0.001570
0.001186
0.000805
0.000425
0.000048
-0.000327
-0.000700
-0.001071
-0.001439
-0.001806
-0.002171
-0.002534
-0.002894
-0.003253
-0.003610
-0.003964
-0.004317
-0.004668
-0.005016
-0.005363
-0.005708
-0.006051
-0.006392
-0.006731
-0.007068
-0.007403
-0.007737
-0.008068
-0.008398
-0.008725
-0.009051
-0.009375
-0.009697
-0.010018
-0.010336
-0.010653
-0.010968
-0.011281
-0.011593
-0.011902
-0.012210
-0.012516
-0.012821
-0.013123
-0.013424
-0.013724
-0.014021
-0.014317
-0.014611
-0.014903
-0.015194
-0.015483
-0.015771
-0.016057
-0.016341
-0.016623
-0.016904
-0.017183
-0.017461
-0.017737
-0.018012
-0.018285
-0.018556
-0.018826
-0.019094
-0.019361
-0.019626
-0.019890
-0.020152
-0.020412
-0.020671
-0.020929
-0.021185
-0.021440
-0.021693
-0.021944
-0.022195
-0.022443
-0.022691
-0.022937
-0.023181
-0.023424
-0.023666
-0.023906
-0.024145
-0.024382
-0.024618
-0.024853
-0.025086
-0.025318
-0.025548
-0.025778
-0.026006
-0.026232
-0.026457
-0.026681
-0.026904
-0.027125
-0.027345
-0.027564
-0.027781
-0.027997
-0.028212
-0.028426
-0.028638
-0.028849
-0.029059
-0.029268
-0.029475
-0.029681
-0.029886
-0.030090
-0.030292
-0.030494
-0.030694
-0.030893
-0.031091
-0.031287
-0.031483
-0.031677
-0.031870
-0.032062
-0.032253
-0.032443
-0.032631
-0.032819
-0.033005
-0.033190
-0.033374
-0.033558
-0.033739
-0.033920
-0.034100
-0.034279
-0.034457
-0.034633
-0.034809
-0.034983
-0.035157
-0.035329
-0.035500
-0.035671
-0.035840
-0.036008
-0.036176
-0.036342
-0.036507
-0.036672
-0.036835
-0.036997
-0.037159
-0.037319
-0.037479
-0.037637
-0.037795
-0.037951
-0.038107
-0.038262
-0.038415
-0.038568
-0.038720
-0.038871
-0.039021
-0.039170
-0.039319
-0.039466
-0.039612
-0.039758
-0.039903
-0.040047
-0.040190
-0.040332
-0.040473
-0.040613
-0.040753
-0.040891
-0.041029
-0.041166
-0.041302
-0.041438
-0.041572
-0.041706
-0.041839
-0.041971
-0.042102
-0.042233
-0.042362
-0.042491
-0.042619
-0.042747
-0.042873
-0.042999
-0.043124
-0.043248
-0.043372
-0.043494
-0.043616
-0.043737
-0.043858
-0.043978
-0.044097
-0.044215
-0.044332
-0.044449
-0.044565
-0.044681
-0.044795
-0.044909
-0.045022
-0.045135
-0.045247
-0.045358
-0.045468
-0.045578
-0.045687
-0.045796
-0.045903
-0.046011
-0.046117
-0.046223
-0.046328
-0.046432
-0.046536
-0.046639
-0.046742
-0.046844
-0.046945
-0.047046
-0.047146
-0.047245
-0.047344
-0.047442
-0.047540
-0.047636
-0.047733
-0.047828
-0.047924
-0.048018
-0.048112
-0.048205
-0.048298
-0.048390
-0.048482
-0.048573
-0.048663
-0.048753
-0.048843
-0.048931
-0.049020
-0.049107
-0.049194
-0.049281
-0.049367
-0.049452
-0.049537
-0.049622
-0.049706
-0.049789
-0.049872
-0.049954
-0.050036
-0.050117
-0.050198
-0.050278
-0.050358
-0.050437
-0.050516
-0.050594
-0.050672
-0.050749
-0.050825
-0.050902
-0.050977
-0.051053
-0.051127
-0.051202
-0.051276
-0.051349
-0.051422
-0.051494
-0.051566
-0.051638
-0.051709
-0.051779
-0.051850
-0.051919
-0.051988
-0.052057
-0.052126
-0.052193
-0.052261
-0.052328
-0.052395
-0.052461
-0.052527
-0.052592
-0.052657
-0.052721
-0.052785
-0.052849
-0.052912
-0.052975
-0.053037
-0.053100
-0.053161
-0.053222
-0.053283
-0.053344
-0.053404
-0.053463
-0.053523
-0.053581
-0.053640
-0.053698
-0.053756
-0.053813
-0.053870
-0.053927
-0.053983
-0.054039
-0.054094
-0.054149
-0.054204
-0.054258
-0.054312
-0.054366
-0.054419
-0.054472
-0.054525
-0.054577
-0.054629
-0.054681
-0.054732
-0.054783
-0.054834
-0.054884
-0.054934
-0.054983
-0.055033
-0.055081
-0.055130
-0.055178
-0.055226
-0.055274
-0.055321
-0.055368
-0.055415
-0.055461
-0.055507
-0.055553
-0.055598
-0.055644
-0.055688
-0.055733
-0.055777
-0.055821
-0.055865
-0.055908
-0.055951
-0.055994
-0.056036
-0.056078
-0.056120
-0.056162
-0.056203
-0.056244
-0.056285
-0.056325
-0.056366
-0.056405
-0.056445
-0.056485
-0.056524
-0.056562
-0.056601
-0.056639
-0.056677
-0.056715
-0.056753
-0.056790
-0.056827
-0.056864
-0.056900
-0.056936
-0.056972
-0.057008
-0.057044
-0.057079
-0.057114
-0.057149
-0.057183
-0.057217
-0.057251
-0.057285
-0.057319
-0.057352
-0.057385
-0.057418
-0.057451
-0.057483
-0.057515
-0.057547
-0.057579
-0.057610
-0.057641
-0.057672
-0.057703
-0.057734
-0.057764
-0.057794
-0.057824
-0.057854
-0.057884
-0.057913
-0.057942
-0.057971
-0.057999
-0.058028
-0.058056
-0.058084
-0.058112
-0.058140
-0.058167
-0.058194
-0.058221
-0.058248
-0.058275
-0.058301
-0.058328
-0.058354
-0.058380
-0.058405
-0.058431
-0.058456
-0.058481
-0.058506
-0.058531
-0.058555
-0.058580
-0.058604
-0.058628
-0.058652
-0.058676
-0.058699
-0.058722
-0.058746
-0.058768
-0.058791
-0.058814
-0.058836
-0.058859
-0.058881
-0.058903
-0.058924
-0.058946
-0.058967
-0.058989
-0.059010
-0.059031
-0.059052
-0.059072
-0.059093
-0.059113
-0.059133
-0.059153
-0.059173
-0.059193
-0.059212
-0.059232
-0.059251
-0.059270
-0.059289
-0.059308
-0.059326
-0.059345
-0.059363
-0.059381
-0.059399
-0.059417
-0.059435
-0.059453
-0.059470
-0.059487
-0.059505
-0.059522
-0.059539
-0.059555
-0.059572
-0.059588
-0.059605
-0.059621
-0.059637
-0.059653
-0.059669
-0.059685
-0.059700
-0.059716
-0.059731
-0.059746
-0.059761
-0.059776
-0.059791
-0.059806
-0.059820
-0.059835
-0.059849
-0.059863
-0.059877
-0.059891
-0.059905
-0.059919
-0.059933
-0.059946
-0.059960
-0.059973
-0.059986
-0.059999
-0.060012
-0.060025
-0.060037
-0.060050
-0.060062
-0.060075
-0.060087
-0.060099
-0.060111
-0.060123
-0.060135
-0.060147
-0.060158
-0.060170
-0.060181
-0.060192
-0.060204
-0.060215
-0.060226
-0.060237
-0.060247
-0.060258
-0.060269
-0.060279
-0.060290
-0.060300
-0.060310
-0.060320
-0.060330
-0.060340
-0.060350
-0.060360
-0.060369
-0.060379
-0.060388
-0.060397
-0.060407
-0.060416
-0.060425
-0.060434
-0.060443
-0.060452
-0.060460
-0.060469
-0.060478
-0.060486
-0.060494
-0.060503
-0.060511
-0.060519
-0.060527
-0.060535
-0.060543
-0.060551
-0.060558
-0.060566
-0.060574
-0.060581
-0.060589
-0.060596
-0.060603
-0.060610
-0.060617
-0.060624
-0.060631
-0.060638
-0.060645
-0.060652
-0.060658
-0.060665
-0.060671
-0.060678
-0.060684
-0.060690
-0.060696
-0.060703
-0.060709
-0.060715
-0.060720
-0.060726
-0.060732
-0.060738
-0.060743
-0.060749
-0.060754
-0.060760
-0.060765
-0.060771
-0.060776
-0.060781
-0.060786
-0.060791
-0.060796
-0.060801
-0.060806
-0.060811
-0.060815
-0.060820
-0.060825
-0.060829
-0.060834
-0.060838
-0.060842
-0.060847
-0.060851
-0.060855
-0.060859
-0.060863
-0.060867
-0.060871
-0.060875
-0.060879
-0.060883
-0.060887
-0.060890
-0.060894
-0.060897
-0.060901
-0.060904
-0.060908
-0.060911
-0.060914
-0.060918
-0.060921
-0.060924
-0.060927
-0.060930
-0.060933
-0.060936
-0.060939
-0.060942
-0.060945
-0.060947
-0.060950
-0.060953
-0.060955
-0.060958
-0.060960
-0.060963
-0.060965
-0.060968
-0.060970
-0.060972
-0.060974
-0.060977
-0.060979
-0.060981
-0.060983
-0.060985
-0.060987
-0.060989
-0.060991
-0.060992
-0.060994
-0.060996
-0.060998
-0.060999
-0.061001
-0.061003
-0.061004
-0.061006
-0.061007
-0.061008
-0.061010
-0.061011
-0.061013
-0.061014
-0.061015
-0.061016
-0.061017
-0.061018
-0.061020
-0.061021
-0.061022
-0.061023
-0.061024
-0.061024
-0.061025
-0.061026
-0.061027
-0.061028
-0.061028
-0.061029
-0.061030
-0.061030
-0.061031
-0.061031
-0.061032
-0.061032
-0.061033
-0.061033
-0.061034
-0.061034
-0.061034
-0.061035
-0.061035
-0.061035
-0.061035
-0.061036
-0.061036
-0.061036
-0.061036
-0.061036
-0.061036
-0.061036
-0.061036
-0.061036
-0.061036
-0.061036
-0.061036
-0.061035
-0.061035
-0.061035
-0.061035
-0.061034
-0.061034
-0.061034
-0.061033
-0.061033
-0.061033
-0.061032
-0.061032
-0.061031
-0.061031
-0.061030
-0.061030
-0.061029
-0.061028
-0.061028
-0.061027
-0.061026
-0.061026
-0.061025
-0.061024
-0.061023
-0.061023
-0.061022
-0.061021
-0.061020
-0.061019
-0.061018
-0.061017
-0.061017
-0.061016
-0.061015
-0.061014
-0.061012
-0.061011
-0.061010
-0.061009
-0.061008
-0.061007
-0.061006
-0.061005
-0.061004
-0.061002
-0.061001
-0.061000
-0.060999
-0.060997
-0.060996
-0.060995
-0.060993
-0.060992
-0.060991
-0.060989
-0.060988
-0.060986
-0.060985
-0.060983
-0.060982
-0.060981
-0.060979
-0.060977
-0.060976
-0.060974
-0.060973
-0.060971
-0.060970
-0.060968
-0.060966
-0.060965
-0.060963
-0.060961
-0.060960
-0.060958
-0.060956
-0.060955
-0.060953
-0.060951
-0.060949
-0.060948
-0.060946
-0.060944
-0.060942
-0.060940
-0.060938
-0.060937
-0.060935
-0.060933
-0.060931
-0.060929
-0.060927
-0.060925
-0.060923
-0.060921
-0.060919
-0.060917
-0.060915
-0.060913
-0.060911
-0.060909
-0.060907
-0.060905
-0.060903
-0.060901
-0.060899
-0.060897
-0.060895
-0.060893
-0.060891
-0.060888
-0.060886
-0.060884
-0.060882
-0.060880
-0.060878
-0.060876
-0.060873
-0.060871
-0.060869
-0.060867
-0.060864
-0.060862
-0.060860
-0.060858
-0.060856
-0.060853
-0.060851
-0.060849
-0.060846
-0.060844
-0.060842
-0.060840
-0.060837
-0.060835
-0.060833
-0.060830
-0.060828
-0.060826
-0.060823
-0.060821
-0.060819
-0.060816
-0.060814
-0.060811
-0.060809
-0.060807
-0.060804
-0.060802
-0.060799
-0.060797
-0.060795
-0.060792
-0.060790
-0.060787
-0.060785
-0.060782
-0.060780
-0.060778
-0.060775
-0.060773
-0.060770
-0.060768
-0.060765
-0.060763
-0.060760
-0.060758
-0.060755
-0.060753
-0.060750
-0.060748
-0.060745
-0.060743
-0.060740
-0.060738
-0.060735
-0.060733
-0.060730
-0.060728
-0.060725
-0.060723
-0.060720
-0.060718
-0.060715
-0.060712
-0.060710
-0.060707
-0.060705
-0.060702
-0.060700
-0.060697
-0.060695
-0.060692
-0.060690
-0.060687
-0.060684
-0.060682
-0.060679
-0.060677
-0.060674
-0.060672
-0.060669
-0.060666
-0.060664
-0.060661
-0.060659
-0.060656
-0.060654
-0.060651
-0.060649
-0.060646
-0.060643
-0.060641
-0.060638
-0.060636
-0.060633
-0.060630
-0.060628
-0.060625
-0.060623
-0.060620
-0.060618
-0.060615
-0.060612
-0.060610
-0.060607
-0.060605
-0.060602
-0.060600
-0.060597
-0.060594
-0.060592
-0.060589
-0.060587
-0.060584
-0.060582
-0.060579
-0.060577
-0.060574
-0.060571
-0.060569
-0.060566
-0.060564
-0.060561
-0.060559
-0.060556
-0.060554
-0.060551
-0.060548
-0.060546
-0.060543
-0.060541
-0.060538
-0.060536
-0.060533
-0.060531
-0.060528
-0.060526
-0.060523
-0.060521
-0.060518
-0.060516
-0.060513
-0.060511
-0.060508
-0.060505
-0.060503
-0.060500
-0.060498
-0.060495
-0.060493
-0.060491
-0.060488
-0.060486
-0.060483
-0.060481
-0.060478
-0.060476
-0.060473
-0.060471
-0.060468
-0.060466
-0.060463
-0.060461
-0.060458
-0.060456
-0.060454
-0.060451
-0.060449
-0.060446
-0.060444
-0.060441
-0.060439
-0.060437
-0.060434
-0.060432
-0.060429
-0.060427
-0.060425
-0.060422
-0.060420
-0.060417
-0.060415
-0.060413
-0.060410
-0.060408
-0.060405
-0.060403
-0.060401
-0.060398
-0.060396
-0.060394
-0.060391
-0.060389
-0.060387
-0.060384
-0.060382
-0.060380
-0.060377
-0.060375
-0.060373
-0.060371
-0.060368
-0.060366
-0.060364
-0.060361
-0.060359
-0.060357
-0.060355
-0.060352
-0.060350
-0.060348
-0.060346
-0.060343
-0.060341
-0.060339
-0.060337
-0.060334
-0.060332
-0.060330
-0.060328
-0.060326
-0.060323
-0.060321
-0.060319
-0.060317
-0.060315
-0.060313
-0.060310
-0.060308
-0.060306
-0.060304
-0.060302
-0.060300
-0.060298
-0.060296
-0.060293
-0.060291
-0.060289
-0.060287
-0.060285
-0.060283
-0.060281
-0.060279
-0.060277
-0.060275
-0.060273
-0.060271
-0.060269
-0.060266
-0.060264
-0.060262
-0.060260
-0.060258
-0.060256
-0.060254
-0.060252
-0.060250
-0.060248
-0.060246
-0.060245
-0.060243
-0.060241
-0.060239
-0.060237
-0.060235
-0.060233
-0.060231
-0.060229
-0.060227
-0.060225
-0.060223
-0.060221
-0.060220
-0.060218
-0.060216
-0.060214
-0.060212
-0.060210
-0.060208
-0.060206
-0.060205
-0.060203
-0.060201
-0.060199
-0.060197
-0.060196
-0.060194
-0.060192
-0.060190
-0.060188
-0.060187
-0.060185
-0.060183
-0.060181
-0.060180
-0.060178
-0.060176
-0.060175
-0.060173
-0.060171
-0.060169
-0.060168
-0.060166
-0.060164
-0.060163
-0.060161
-0.060159
-0.060158
-0.060156
-0.060154
-0.060153
-0.060151
-0.060150
-0.060148
-0.060146
-0.060145
-0.060143
-0.060142
-0.060140
-0.060138
-0.060137
-0.060135
-0.060134
-0.060132
-0.060131
-0.060129
-0.060128
-0.060126
-0.060125
-0.060123
-0.060122
-0.060120
-0.060119
-0.060117
-0.060116
-0.060114
-0.060113
-0.060111
-0.060110
-0.060109
-0.060107
-0.060106
-0.060104
-0.060103
-0.060102
-0.060100
-0.060099
-0.060097
-0.060096
-0.060095
-0.060093
-0.060092
-0.060091
-0.060089
-0.060088
-0.060087
-0.060086
-0.060084
-0.060083
-0.060082
-0.060080
-0.060079
-0.060078
-0.060077
-0.060075
-0.060074
-0.060073
-0.060072
-0.060071
-0.060069
-0.060068
-0.060067
-0.060066
-0.060065
-0.060063
-0.060062
-0.060061
-0.060060
-0.060059
-0.060058
-0.060057
-0.060055
-0.060054
-0.060053
-0.060052
-0.060051
-0.060050
-0.060049
-0.060048
-0.060047
-0.060046
-0.060045
-0.060044
-0.060043
-0.060042
-0.060041
-0.060040
-0.060039
-0.060038
-0.060037
-0.060036
-0.060035
-0.060034
-0.060033
-0.060032
-0.060031
-0.060030
-0.060029
-0.060028
-0.060027
-0.060026
-0.060025
-0.060025
-0.060024
-0.060023
-0.060022
-0.060021
-0.060020
-0.060019
-0.060019
-0.060018
-0.060017
-0.060016
-0.060015
-0.060015
-0.060014
-0.060013
-0.060012
-0.060011
-0.060011
-0.060010
-0.060009
-0.060008
-0.060008
-0.060007
-0.060006
-0.060006
-0.060005
-0.060004
-0.060004
-0.060003
-0.060002
-0.060001
-0.060001
-0.060000
-0.060000
-0.059999
-0.059998
-0.059998
-0.059997
-0.059996
-0.059996
-0.059995
-0.059995
-0.059994
-0.059994
-0.059993
-0.059992
-0.059992
-0.059991
-0.059991
-0.059990
-0.059990
-0.059989
-0.059989
-0.059988
-0.059988
-0.059987
-0.059987
-0.059986
-0.059986
-0.059986
-0.059985
-0.059985
-0.059984
-0.059984
-0.059983
-0.059983
-0.059983
-0.059982
-0.059982
-0.059981
-0.059981
-0.059981
-0.059980
-0.059980
-0.059980
-0.059979
-0.059979
-0.059979
-0.059978
-0.059978
-0.059978
-0.059978
-0.059977
-0.059977
-0.059977
-0.059976
-0.059976
-0.059976
-0.059976
-0.059976
-0.059975
-0.059975
-0.059975
-0.059975
-0.059974
-0.059974
-0.059974
-0.059974
-0.059974
-0.059974
-0.059973
-0.059973
-0.059973
-0.059973
-0.059973
-0.059973
-0.059973
-0.059973
-0.059973
-0.059972
-0.059972
-0.059972
-0.059972
-0.059972
-0.059972
-0.059972
-0.059972
-0.059972
-0.059972
-0.059972
-0.059972
-0.059972
-0.059972
-0.059972
-0.059972
-0.059972
-0.059972
-0.059972
-0.059972
-0.059972
-0.059972
-0.059972
-0.059972
-0.059972
-0.059973
-0.059973
-0.059973
-0.059973
-0.059973
-0.059973
-0.059973
-0.059973
-0.059973
-0.059974
-0.059974
-0.059974
-0.059974
-0.059974
-0.059974
-0.059975
-0.059975
-0.059975
-0.059975
-0.059976
-0.059976
-0.059976
-0.059976
-0.059976
-0.059977
-0.059977
-0.059977
-0.059977
-0.059978
-0.059978
-0.059978
-0.059979
-0.059979
-0.059979
-0.059980
-0.059980
-0.059980
-0.059981
-0.059981
-0.059981
-0.059982
-0.059982
-0.059982
-0.059983
-0.059983
-0.059983
-0.059984
-0.059984
-0.059985
-0.059985
-0.059986
-0.059986
-0.059986
-0.059987
-0.059987
-0.059988
-0.059988
-0.059989
-0.059989
-0.059990
-0.059990
-0.059991
-0.059991
-0.059992
-0.059992
-0.059993
-0.059993
-0.059994
-0.059994
-0.059995
-0.059995
-0.059996
-0.059996
-0.059997
-0.059998
-0.059998
-0.059999
-0.059999
-0.060000
-0.060000
-0.060001
-0.060002
-0.060002
-0.060003
-0.060004
-0.060004
-0.060005
-0.060006
-0.060006
-0.060007
-0.060008
-0.060008
-0.060009
-0.060010
-0.060010
-0.060011
-0.060012
-0.060012
-0.060013
-0.060014
-0.060015
-0.060015
-0.060016
-0.060017
-0.060018
-0.060018
-0.060019
-0.060020
-0.060021
-0.060021
-0.060022
-0.060023
-0.060024
-0.060025
-0.060025
-0.060026
-0.060027
-0.060028
-0.060029
-0.060030
-0.060031
-0.060031
-0.060032
-0.060033
-0.060034
-0.060035
-0.060036
-0.060037
-0.060038
-0.060038
-0.060039
-0.060040
-0.060041
-0.060042
-0.060043
-0.060044
-0.060045
-0.060046
-0.060047
-0.060048

