0.000000
0.000000
-0.000006
-0.000014
-0.000023
-0.000034
-0.000045
-0.000058
-0.000070
-0.000084
-0.000097
-0.000111
-0.000125
-0.000140
-0.000155
-0.000170
-0.000185
-0.000201
-0.000217
-0.000233
-0.000249
-0.000266
-0.000282
-0.000299
-0.000316
-0.000333
-0.000351
-0.000368
-0.000386
-0.000404
-0.000422
-0.000440
-0.000459
-0.000477
-0.000496
-0.000515
-0.000534
-0.000553
-0.000572
-0.000591
-0.000611
-0.000631
-0.000651
-0.000670
-0.000691
-0.000711
-0.000731
-0.000751
-0.000772
-0.000793
-0.000813
-0.000834
-0.000855
-0.000876
-0.000898
-0.000919
-0.000940
-0.000962
-0.000984
-0.001005
-0.001027
-0.001049
-0.001071
-0.001093
-0.001115
-0.001138
-0.001160
-0.001183
-0.001205
-0.001228
-0.001251
-0.001273
-0.001296
-0.001319
-0.001342
-0.001366
-0.001389
-0.001412
-0.001435
-0.001459
-0.001482
-0.001506
-0.001530
-0.001553
-0.001577
-0.001601
-0.001625
-0.001649
-0.001673
-0.001697
-0.001722
-0.001746
-0.001770
-0.001795
-0.001819
-0.001844
-0.001868
-0.001893
-0.001918
-0.001942
-0.001967
-0.001992
-0.002017
-0.002042
-0.002067
-0.002092
-0.002118
-0.002143
-0.002168
-0.002193
-0.002219
-0.002244
-0.002270
-0.002295
-0.002321
-0.002346
-0.002372
-0.002398
-0.002424
-0.002449
-0.002475
-0.002501
-0.002527
-0.002553
-0.002579
-0.002605
-0.002631
-0.002658
-0.002684
-0.002710
-0.002736
-0.002763
-0.002789
-0.002815
-0.002842
-0.002868
-0.002895
-0.002921
-0.002948
-0.002975
-0.003001
-0.003028
-0.003055
-0.003082
-0.003108
-0.003135
-0.003162
-0.003189
-0.003216
-0.003243
-0.003270
-0.003297
-0.003324
-0.003351
-0.003379
-0.003406
-0.003433
-0.003460
-0.003487
-0.003515
-0.003542
-0.003569
-0.003597
-0.003624
-0.003652
-0.003679
-0.003707
-0.003734
-0.003762
-0.003789
-0.003817
-0.003845
-0.003872
-0.003900
-0.003928
-0.003955
-0.003983
-0.004011
-0.004039
-0.004067
-0.004094
-0.004122
-0.004150
-0.004178
-0.004206
-0.004234
-0.004262
-0.004290
-0.004318
-0.004346
-0.004374
-0.004402
-0.004430
-0.004459
-0.004487
-0.004515
-0.004543
-0.004571
-0.004599
-0.004628
-0.004656
-0.004684
-0.004713
-0.004741
-0.004769
-0.004798
-0.004826
-0.004854
-0.004883
-0.004911
-0.004940
-0.004968
-0.004997
-0.005025
-0.005054
-0.005082
-0.005111
-0.005139
-0.005168
-0.005197
-0.005225
-0.005254
-0.005282
-0.005311
-0.005340
-0.005368
-0.005397
-0.005426
-0.005455
-0.005483
-0.005512
-0.005541
-0.005570
-0.005598
-0.005627
-0.005656
-0.005685
-0.005714
-0.005743
-0.005771
-0.005800
-0.005829
-0.005858
-0.005887
-0.005916
-0.005945
-0.005974
-0.006003
-0.006032
-0.006061
-0.006090
-0.006119
-0.006148
-0.006177
-0.006206
-0.006235
-0.006264
-0.006293
-0.006322
-0.006351
-0.006380
-0.006409
-0.006438
-0.006467
-0.006496
-0.006525
-0.006555
-0.006584
-0.006613
-0.006642
-0.006671
-0.006700
-0.006729
-0.006759
-0.006788
-0.006817
-0.006846
-0.006875
-0.006905
-0.006934
-0.006963
-0.006992
-0.007022
-0.007051
-0.007080
-0.007109
-0.007139
-0.007168
-0.007197
-0.007226
-0.007256
-0.007285
-0.007314
-0.007344
-0.007373
-0.007402
-0.007432
-0.007461
-0.007490
-0.007520
-0.007549
-0.007578
-0.007608
-0.007637
-0.007666
-0.007696
-0.007725
-0.007754
-0.007784
-0.007813
-0.007842
-0.007872
-0.007901
-0.007931
-0.007960
-0.007989
-0.008019
-0.008048
-0.008078
-0.008107
-0.008136
-0.008166
-0.008195
-0.008225
-0.008254
-0.008283
-0.008313
-0.008342
-0.008372
-0.008401
-0.008431
-0.008460
-0.008489
-0.008519
-0.008548
-0.008578
-0.008607
-0.008637
-0.008666
-0.008695
-0.008725
-0.008754
-0.008784
-0.008813
-0.008843
-0.008872
-0.008902
-0.008931
-0.008960
-0.008990
-0.009019
-0.009049
-0.009078
-0.009108
-0.009137
-0.009167
-0.009196
-0.009225
-0.009255
-0.009284
-0.009314
-0.009343
-0.009373
-0.009402
-0.009432
-0.009461
-0.009490
-0.009520
-0.009549
-0.009579
-0.009608
-0.009638
-0.009667
-0.009696
-0.009726
-0.009755
-0.009785
-0.009814
-0.009844
-0.009873
-0.009902
-0.009932
-0.009961
-0.009991
-0.010020
-0.010050
-0.010079
-0.010108
-0.010138
-0.010167
-0.010197
-0.010226
-0.010255
-0.010285
-0.010314
-0.010344
-0.010373
-0.010402
-0.010432
-0.010461
-0.010490
-0.010520
-0.010549
-0.010579
-0.010608
-0.010637
-0.010667
-0.010696
-0.010725
-0.010755
-0.010784
-0.010813
-0.010843
-0.010872
-0.010901
-0.010931
-0.010960
-0.010989
-0.011019
-0.011048
-0.011077
-0.011107
-0.011136
-0.011165
-0.011195
-0.011224
-0.011253
-0.011282
-0.011312
-0.011341
-0.011370
-0.011400
-0.011429
-0.011458
-0.011487
-0.011517
-0.011546
-0.011575
-0.011604
-0.011634
-0.011663
-0.011692
-0.011721
-0.011750
-0.011780
-0.011809
-0.011838
-0.011867
-0.011896
-0.011926
-0.011955
-0.011984
-0.012013
-0.012042
-0.012071
-0.012101
-0.012130
-0.012159
-0.012188
-0.012217
-0.012246
-0.012275
-0.012304
-0.012334
-0.012363
-0.012392
-0.012421
-0.012450
-0.012479
-0.012508
-0.012537
-0.012566
-0.012595
-0.012624
-0.012653
-0.012682
-0.012711
-0.012740
-0.012769
-0.012798
-0.012827
-0.012856
-0.012885
-0.012914
-0.012943
-0.012972
-0.013001
-0.013030
-0.013059
-0.013088
-0.013117
-0.013146
-0.013175
-0.013204
-0.013233
-0.013262
-0.013291
-0.013320
-0.013348
-0.013377
-0.013406
-0.013435
-0.013464
-0.013493
-0.013522
-0.013551
-0.013579
-0.013608
-0.013637
-0.013666
-0.013695
-0.013723
-0.013752
-0.013781
-0.013810
-0.013839
-0.013867
-0.013896
-0.013925
-0.013954
-0.013982
-0.014011
-0.014040
-0.014068
-0.014097
-0.014126
-0.014155
-0.014183
-0.014212
-0.014241
-0.014269
-0.014298
-0.014326
-0.014355
-0.014384
-0.014412
-0.014441
-0.014470
-0.014498
-0.014527
-0.014555
-0.014584
-0.014612
-0.014641
-0.014670
-0.014698
-0.014727
-0.014755
-0.014784
-0.014812
-0.014841
-0.014869
-0.014898
-0.014926
-0.014955
-0.014983
-0.015011
-0.015040
-0.015068
-0.015097
-0.015125
-0.015154
-0.015182
-0.015210
-0.015239
-0.015267
-0.015295
-0.015324
-0.015352
-0.015380
-0.015409
-0.015437
-0.015465
-0.015494
-0.015522
-0.015550
-0.015579
-0.015607
-0.015635
-0.015663
-0.015692
-0.015720
-0.015748
-0.015776
-0.015804
-0.015833
-0.015861
-0.015889
-0.015917
-0.015945
-0.015974
-0.016002
-0.016030
-0.016058
-0.016086
-0.016114
-0.016142
-0.016170
-0.016198
-0.016226
-0.016255
-0.016283
-0.016311
-0.016339
-0.016367
-0.016395
-0.016423
-0.016451
-0.016479
-0.016507
-0.016535
-0.016563
-0.016590
-0.016618
-0.016646
-0.016674
-0.016702
-0.016730
-0.016758
-0.016786
-0.016814
-0.016842
-0.016574
-0.015436
-0.012755
-0.008119
-0.001445
0.007127
0.017342
0.028908
0.041538
0.054970
0.068972
0.083343
0.097913
0.112542
0.127113
0.141535
0.155734
0.169655
0.183252
0.196494
0.209359
0.221830
0.233898
0.245559
0.256813
0.267662
0.278111
0.288167
0.297838
0.307135
0.316066
0.324644
0.332879
0.340782
0.348364
0.355638
0.362613
0.369300
0.375711
0.381854
0.387741
0.393381
0.398783
0.403956
0.408909
0.413650
0.418187
0.422527
0.426678
0.430647
0.434440
0.438065
0.441526
0.444831
0.447984
0.450991
0.453857
0.456588
0.459188
0.461661
0.464012
0.466246
0.468365
0.470375
0.472279
0.474080
0.475782
0.477388
0.478902
0.480326
0.481664
0.482917
0.484090
0.485185
0.486204
0.487149
0.488024
0.488830
0.489569
0.490244
0.490857
0.491410
0.491904
0.492342
0.492725
0.493055
0.493334
0.493563
0.493744
0.493878
0.493968
0.494014
0.494017
0.493980
0.493903
0.493787
0.493634
0.493446
0.493222
0.492965
0.492674
0.492353
0.492000
0.491618
0.491207
0.490768
0.490303
0.489811
0.489294
0.488752
0.488187
0.487599
0.486989
0.486357
0.485704
0.485032
0.484340
0.483629
0.482900
0.482154
0.481390
0.480610
0.479814
0.479003
0.478177
0.477337
0.476483
0.475615
0.474735
0.473842
0.472937
0.472020
0.471092
0.470153
0.469204
0.468245
0.467276
0.466297
0.465310
0.464314
0.463310
0.462297
0.461277
0.460249
0.459214
0.458172
0.457124
0.456069
0.455008
0.453942
0.452869
0.451791
0.450708
0.449620
0.448528
0.447430
0.446329
0.445223
0.444113
0.443000
0.441883
0.440762
0.439639
0.438512
0.437382
0.436250
0.435115
0.433977
0.432837
0.431695
0.430551
0.429405
0.428257
0.427107
0.425956
0.424803
0.423649
0.422494
0.421338
0.420180
0.419022
0.417863
0.416703
0.415543
0.414382
0.413220
0.412058
0.410896
0.409733
0.408571
0.407408
0.406245
0.405082
0.403920
0.402758
0.401595
0.400434
0.399272
0.398111
0.396951
0.395791
0.394631
0.393473
0.392315
0.391158
0.390001
0.388845
0.387691
0.386537
0.385384
0.384232
0.383081
0.381932
0.380783
0.379636
0.378490
0.377345
0.376201
0.375059
0.373917
0.372778
0.371639
0.370502
0.369367
0.368233
0.367100
0.365969
0.364840
0.363712
0.362585
0.361460
0.360337
0.359216
0.358096
0.356978
0.355861
0.354747
0.353634
0.352522
0.351413
0.350305
0.349199
0.348095
0.346993
0.345892
0.344794
0.343697
0.342602
0.341509
0.340418
0.339329
0.338242
0.337157
0.336073
0.334992
0.333913
0.332835
0.331760
0.330686
0.329615
0.328545
0.327478
0.326412
0.325349
0.324288
0.323228
0.322171
0.321116
0.320062
0.319011
0.317962
0.316915
0.315870
0.314827
0.313787
0.312748
0.311711
0.310677
0.309644
0.308614
0.307586
0.306560
0.305536
0.304514
0.303494
0.302476
0.301461
0.300447
0.299436
0.298427
0.297420
0.296415
0.295412
0.294412
0.293413
0.292417
0.291422
0.290430
0.289440
0.288452
0.287466
0.286483
0.285501
0.284522
0.283545
0.282570
0.281597
0.280626
0.279657
0.278691
0.277726
0.276764
0.275804
0.274846
0.273890
0.272936
0.271984
0.271035
0.270087
0.269142
0.268199
0.267258
0.266319
0.265382
0.264448
0.263515
0.262585
0.261656
0.260730
0.259806
0.258884
0.257964
0.257047
0.256131
0.255217
0.254306
0.253397
0.252489
0.251584
0.250681
0.249780
0.248881
0.247984
0.247090
0.246197
0.245307
0.244418
0.243532
0.242647
0.241765
0.240885
0.240007
0.239131
0.238257
0.237385
0.236515
0.235648
0.234782
0.233918
0.233057
0.232197
0.231340
0.230484
0.229631
0.228779
0.227930
0.227083
0.226237
0.225394
0.224553
0.223714
0.222876
0.222041
0.221208
0.220377
0.219548
0.218721
0.217895
0.217072
0.216251
0.215432
0.214615
0.213800
0.212987
0.212175
0.211366
0.210559
0.209754
0.208951
0.208149
0.207350
0.206553
0.205757
0.204964
0.204172
0.203383
0.202595
0.201810
0.201026
0.200244
0.199464
0.198687
0.197911
0.197137
0.196365
0.195594
0.194826
0.194060
0.193296
0.192533
0.191773
0.191014
0.190257
0.189502
0.188749
0.187998
0.187249
0.186502
0.185757
0.185013
0.184271
0.183532
0.182794
0.182058
0.181324
0.180591
0.179861
0.179132
0.178406
0.177681
0.176958
0.176237
0.175518
0.174800
0.174085
0.173371
0.172659
0.171949
0.171240
0.170534
0.169829
0.169126
0.168425
0.167726
0.167029
0.166333
0.165639
0.164947
0.164257
0.163569
0.162882
0.162197
0.161514
0.160833
0.160153
0.159476
0.158800
0.158126
0.157453
0.156782
0.156114
0.155446
0.154781
0.154117
0.153455
0.152795
0.152137
0.151480
0.150825
0.150172
0.149520
0.148870
0.148222
0.147576
0.146931
0.146288
0.145647
0.145008
0.144370
0.143734
0.143099
0.142467
0.141835
0.141206
0.140578
0.139952
0.139328
0.138705
0.138084
0.137465
0.136847
0.136231
0.135617
0.135004
0.134393
0.133784
0.133176
0.132570
0.131966
0.131363
0.130762
0.130162
0.129564
0.128968
0.128373
0.127780
0.127188
0.126599
0.126010
0.125424
0.124839
0.124255
0.123673
0.123093
0.122514
0.121937
0.121362
0.120788
0.120215
0.119645
0.119075
0.118508
0.117942
0.117377
0.116814
0.116253
0.115693
0.115135
0.114578
0.114023
0.113469
0.112917
0.112366
0.111817
0.111270
0.110724
0.110179
0.109636
0.109095
0.108555
0.108016
0.107479
0.106944
0.106410
0.105877
0.105346
0.104817
0.104289
0.103762
0.103237
0.102714
0.102192
0.101671
0.101152
0.100634
0.100118
0.099603
0.099090
0.098578
0.098068
0.097559
0.097052
0.096546
0.096041
0.095538
0.095036
0.094536
0.094037
0.093539
0.093043
0.092549
0.092056
0.091564
0.091073
0.090584
0.090097
0.089611
0.089126
0.088643
0.088161
0.087680
0.087201
0.086723
0.086247
0.085771
0.085298
0.084825
0.084355
0.083885
0.083417
0.082950
0.082484
0.082020
0.081557
0.081096
0.080636
0.080177
0.079720
0.079263
0.078809
0.078355
0.077903
0.077452
0.077003
0.076555
0.076108
0.075662
0.075218
0.074775
0.074334
0.073893
0.073454
0.073017
0.072580
0.072145
0.071711
0.071279
0.070848
0.070418
0.069989
0.069561
0.069135
0.068710
0.068287
0.067864
0.067443
0.067023
0.066605
0.066187
0.065771
0.065357
0.064943
0.064531
0.064119
0.063710
0.063301
0.062893
0.062487
0.062082
0.061678
0.061276
0.060875
0.060474
0.060075
0.059678
0.059281
0.058886
0.058492
0.058099
0.057707
0.057317
0.056927
0.056539
0.056152
0.055766
0.055382
0.054998
0.054616
0.054235
0.053855
0.053476
0.053099
0.052722
0.052347
0.051973
0.051600
0.051228
0.050857
0.050488
0.050119
0.049752
0.049386
0.049021
0.048657
0.048294
0.047932
0.047572
0.047213
0.046854
0.046497
0.046141
0.045786
0.045432
0.045080
0.044728
0.044377
0.044028
0.043680
0.043332
0.042986
0.042641
0.042297
0.041954
0.041612
0.041272
0.040932
0.040593
0.040256
0.039919
0.039584
0.039249
0.038916
0.038584
0.038253
0.037922
0.037593
0.037265
0.036938
0.036612
0.036287
0.035963
0.035641
0.035319
0.034998
0.034678
0.034359
0.034042
0.033725
0.033409
0.033094
0.032781
0.032468
0.032156
0.031846
0.031536
0.031227
0.030920
0.030613
0.030307
0.030003
0.029699
0.029396
0.029094
0.028794
0.028494
0.028195
0.027897
0.027600
0.027304
0.027009
0.026715
0.026422
0.026130
0.025839
0.025549
0.025260
0.024972
0.024684
0.024398
0.024113
0.023828
0.023545
0.023262
0.022980
0.022699
0.022420
0.022141
0.021863
0.021586
0.021310
0.021034
0.020760
0.020487
0.020214
0.019943
0.019672
0.019402
0.019133
0.018865
0.018598
0.018332
0.018067
0.017803
0.017539
0.017276
0.017015
0.016754
0.016494
0.016235
0.015977
0.015719
0.015463
0.015207
0.014952
0.014699
0.014446
0.014193
0.013942
0.013692
0.013442
0.013193
0.012945
0.012698
0.012452
0.012207
0.011962
0.011718
0.011476
0.011234
0.010992
0.010752
0.010513
0.010274
0.010036
0.009799
0.009563
0.009327
0.009093
0.008859
0.008626
0.008394
0.008162
0.007932
0.007702
0.007473
0.007245
0.007017
0.006791
0.006565
0.006340
0.006116
0.005892
0.005669
0.005448
0.005226
0.005006
0.004787
0.004568
0.004350
0.004133
0.003916
0.003700
0.003485
0.003271
0.003058
0.002845
0.002633
0.002422
0.002212
0.002002
0.001793
0.001585
0.001377
0.001171
0.000965
0.000759
0.000555
0.000351
0.000148
-0.000054
-0.000256
-0.000457
-0.000657
-0.000856
-0.001055
-0.001253
-0.001450
-0.001646
-0.001842
-0.002037
-0.002232
-0.002426
-0.002619
-0.002811
-0.003002
-0.003193
-0.003384
-0.003573
-0.003762
-0.003950
-0.004138
-0.004324
-0.004510
-0.004696
-0.004881
-0.005065
-0.005248
-0.005431
-0.005613
-0.005794
-0.005975
-0.006155
-0.006334
-0.006513
-0.006691
-0.006868
-0.007045
-0.007221
-0.007396
-0.007571
-0.007745
-0.007919
-0.008091
-0.008264
-0.008435
-0.008606
-0.008776
-0.008946
-0.009115
-0.009283
-0.009451
-0.009618
-0.009784
-0.009950
-0.010115
-0.010280
-0.010444
-0.010607
-0.010770
-0.010932
-0.011094
-0.011254
-0.011415
-0.011574
-0.011733
-0.011892
-0.012050
-0.012207
-0.012364
-0.012520
-0.012675
-0.012830
-0.012984
-0.013138
-0.013291
-0.013444
-0.013596
-0.013747
-0.013898
-0.014048
-0.014197
-0.014346
-0.014495
-0.014643
-0.014790
-0.014937
-0.015083
-0.015229
-0.015374
-0.015518
-0.015662
-0.015806
-0.015948
-0.016091
-0.016232
-0.016373
-0.016514
-0.016654
-0.016794
-0.016933
-0.017071
-0.017209
-0.017346
-0.017483
-0.017619
-0.017755
-0.017890
-0.018025
-0.018159
-0.018293
-0.018426
-0.018558
-0.018690
-0.018822
-0.018953
-0.019083
-0.019213
-0.019343
-0.019472
-0.019600
-0.019728
-0.019855
-0.019982
-0.020109
-0.020235
-0.020360
-0.020485
-0.020609
-0.020733
-0.020857
-0.020980
-0.021102
-0.021224
-0.021345
-0.021466
-0.021587
-0.021707
-0.021826
-0.021946
-0.022064
-0.022182
-0.022300
-0.022417
-0.022534
-0.022650
-0.022766
-0.022881
-0.022996
-0.023110
-0.023224
-0.023337
-0.023450
-0.023563
-0.023675
-0.023786
-0.023897
-0.024008
-0.024118
-0.024228
-0.024337
-0.024446
-0.024555
-0.024663
-0.024770
-0.024878
-0.024984
-0.025090
-0.025196
-0.025302
-0.025407
-0.025511
-0.025615
-0.025719
-0.025822
-0.025925
-0.026027
-0.026129
-0.026231
-0.026332
-0.026433
-0.026533
-0.026633
-0.026733
-0.026832
-0.026930
-0.027029
-0.027127
-0.027224
-0.027321
-0.027418
-0.027514
-0.027610
-0.027706
-0.027801
-0.027895
-0.027990
-0.028083
-0.028177
-0.028270
-0.028363
-0.028455
-0.028547
-0.028639
-0.028730
-0.028821
-0.028911
-0.029001
-0.029091
-0.029181
-0.029269
-0.029358
-0.029446
-0.029534
-0.029622
-0.029709
-0.029796
-0.029882
-0.029968
-0.030054
-0.030139
-0.030224
-0.030309
-0.030393
-0.030477
-0.030560
-0.030644
-0.030727
-0.030809
-0.030891
-0.030973
-0.031055
-0.031136
-0.031217
-0.031297
-0.031377
-0.031457
-0.031536
-0.031616
-0.031694
-0.031773
-0.031851
-0.031929
-0.032006
-0.032083
-0.032160
-0.032237
-0.032313
-0.032389
-0.032465
-0.032540
-0.032615
-0.032689
-0.032764
-0.032838
-0.032911
-0.032985
-0.033058
-0.033130
-0.033203
-0.033275
-0.033347
-0.033418
-0.033490
-0.033561
-0.033631
-0.033702
-0.033772
-0.033841
-0.033911
-0.033980
-0.034049
-0.034118
-0.034186
-0.034254
-0.034322
-0.034389
-0.034456
-0.034523
-0.034590
-0.034656
-0.034722
-0.034788
-0.034853
-0.034919
-0.034984
-0.035048
-0.035113
-0.035177
-0.035241
-0.035304
-0.035368
-0.035431
-0.035493
-0.035556
-0.035618
-0.035680
-0.035742
-0.035804
-0.035865
-0.035926
-0.035987
-0.036047
-0.036107
-0.036167
-0.036227
-0.036286
-0.036346
-0.036405
-0.036463
-0.036522
-0.036580
-0.036638
-0.036696
-0.036753
-0.036811
-0.036868
-0.036924
-0.036981
-0.037037
-0.037093
-0.037149
-0.037205
-0.037260
-0.037315
-0.037370
-0.037425
-0.037479
-0.037534
-0.037588
-0.037642
-0.037695
-0.037748
-0.037802
-0.037854
-0.037907
-0.037960
-0.038012
-0.038064
-0.038116
-0.038167
-0.038219
-0.038270
-0.038321
-0.038372
-0.038422
-0.038473
-0.038523
-0.038573
-0.038622
-0.038672
-0.038721
-0.038770
-0.038819
-0.038868
-0.038916
-0.038965
-0.039013
-0.039061
-0.039109
-0.039156
-0.039203
-0.039251
-0.039298
-0.039344
-0.039391
-0.039437
-0.039483
-0.039529
-0.039575
-0.039621
-0.039666
-0.039712
-0.039757
-0.039802
-0.039846
-0.039891
-0.039935
-0.039979
-0.040023
-0.040067
-0.040111
-0.040154
-0.040197
-0.040241
-0.040283
-0.040326
-0.040369
-0.040411
-0.040454
-0.040496
-0.040537
-0.040579
-0.040621
-0.040662
-0.040703
-0.040745
-0.040785
-0.040826
-0.040867
-0.040907
-0.040948
-0.040988
-0.041028
-0.041067
-0.041107
-0.041146
-0.041186
-0.041225
-0.041264
-0.041303
-0.041342
-0.041380
-0.041418
-0.041457
-0.041495
-0.041533
-0.041571
-0.041608
-0.041646
-0.041683
-0.041720
-0.041757
-0.041794
-0.041831
-0.041868
-0.041904
-0.041941
-0.041977
-0.042013
-0.042049
-0.042085
-0.042120
-0.042156
-0.042191
-0.042226
-0.042262
-0.042297
-0.042331
-0.042366
-0.042401
-0.042435
-0.042469
-0.042504
-0.042538
-0.042572
-0.042605
-0.042639
-0.042673
-0.042706
-0.042739
-0.042772
-0.042805
-0.042838
-0.042871
-0.042904
-0.042936
-0.042969
-0.043001
-0.043033
-0.043065
-0.043097
-0.043129
-0.043161
-0.043192
-0.043224
-0.043255
-0.043286
-0.043317
-0.043348
-0.043379
-0.043410
-0.043441
-0.043471
-0.043502
-0.043532
-0.043562
-0.043592
-0.043622
-0.043652
-0.043682
-0.043712
-0.043741
-0.043771
-0.043800
-0.043829
-0.043858
-0.043887
-0.043916
-0.043945
-0.043974
-0.044002
-0.044031
-0.044059
-0.044088
-0.044116
-0.044144
-0.044172
-0.044200
-0.044228
-0.044255
-0.044283
-0.044310
-0.044338
-0.044365
-0.044392
-0.044419
-0.044446
-0.044473
-0.044500
-0.044527
-0.044554
-0.044580
-0.044607
-0.044633
-0.044659
-0.044685
-0.044712
-0.044738
-0.044764
-0.044789
-0.044815
-0.044841
-0.044866
-0.044892
-0.044917
-0.044942
-0.044968
-0.044993
-0.045018
-0.045043
-0.045068
-0.045093
-0.045117
-0.045142
-0.045166
-0.045191
-0.045215
-0.045240
-0.045264
-0.045288
-0.045312
-0.045336
-0.045360
-0.045384
-0.045407
-0.045431
-0.045455
-0.045478
-0.045502
-0.045525
-0.045548
-0.045571
-0.045595
-0.045618
-0.045641
-0.045663
-0.045686
-0.045709
-0.045732
-0.045754
-0.045777
-0.045799
-0.045822
-0.045844
-0.045866
-0.045888
-0.045911
-0.045933
-0.045955
-0.045976
-0.045998
-0.046020
-0.046042
-0.046063
-0.046085
-0.046106
-0.046128
-0.046149
-0.046170
-0.046192
-0.046213
-0.046234
-0.046255
-0.046276
-0.046297
-0.046318
-0.046338
-0.046359
-0.046380
-0.046400
-0.046421
-0.046441
-0.046462
-0.046482
-0.046502
-0.046523
-0.046543
-0.046563
-0.046583
-0.046603
-0.046623
-0.046643
-0.046662
-0.046682
-0.046702
-0.046721
-0.046741
-0.046760
-0.046780
-0.046799
-0.046819
-0.046838
-0.046857
-0.046876
-0.046895
-0.046914
-0.046933
-0.046952
-0.046971
-0.046990
-0.047009
-0.047028
-0.047046
-0.047065
-0.047083
-0.047102
-0.047120
-0.047139
-0.047157
-0.047176
-0.047194
-0.047212
-0.047230
-0.047248
-0.047266
-0.047284
-0.047302
-0.047320
-0.047338
-0.047356
-0.047374
-0.047391
-0.047409
-0.047427
-0.047444
-0.047462
-0.047479
-0.047497
-0.047514
-0.047531
-0.047549
-0.047566
-0.047583
-0.047600
-0.047617
-0.047634
-0.047651
-0.047668
-0.047685
-0.047702
-0.047719
-0.047736
-0.047753
-0.047769
-0.047786
-0.047803
-0.047819
-0.047836
-0.047852
-0.047869
-0.047885
-0.047901
-0.047918
-0.047934
-0.047950
-0.047966
-0.047983
-0.047999
-0.048015
-0.048031
-0.048047
-0.048063
-0.048079
-0.048094
-0.048110
-0.048126
-0.048142
-0.048158
-0.048173
-0.048189
-0.048205
-0.048220
-0.048236
-0.048251
-0.048267
-0.048282
-0.048297
-0.048313
-0.048328
-0.048343
-0.048359
-0.048374
-0.048389
-0.048404
-0.048419
-0.048434
-0.048449
-0.048464
-0.048479
-0.048494
-0.048509
-0.048524
-0.048539
-0.048553
-0.048568
-0.048583
-0.048597
-0.048612
-0.048627
-0.048641
-0.048656
-0.048670
-0.048685
-0.048699
-0.048714
-0.048728
-0.048742
-0.048757
-0.048771
-0.048785
-0.048799
-0.048814
-0.048828
-0.048842
-0.048856
-0.048870
-0.048884
-0.048898
-0.048912
-0.048926
-0.048940
-0.048954
-0.048968
-0.048982
-0.048995
-0.049009
-0.049023
-0.049037
-0.049050
-0.049064
-0.049077
-0.049091
-0.049105
-0.049118
-0.049132
-0.049145
-0.049159
-0.049172
-0.049185
-0.049199
-0.049212
-0.049225
-0.049239
-0.049252
-0.049265
-0.049278
-0.049292
-0.049305
-0.049318
-0.049331
-0.049344
-0.049357
-0.049370
-0.049383
-0.049396
-0.049409
-0.049422
-0.049435
-0.049448
-0.049461
-0.049473
-0.049486
-0.049499
-0.049512
-0.049524
-0.049537
-0.049550
-0.049562
-0.049575
-0.049588
-0.049600
-0.049613
-0.049625
-0.049638
-0.049650
-0.049663
-0.049675
-0.049688
-0.049700
-0.049712
-0.049725
-0.049737
-0.049749
-0.049762
-0.049774
-0.049786
-0.049798
-0.049810
-0.049823
-0.049835
-0.049847
-0.049859
-0.049871
-0.049883
-0.049895
-0.049907
-0.049919
-0.049931
-0.049943
-0.049955
-0.049967
-0.049979
-0.049991
-0.050003
-0.050014
-0.050026
-0.050038
-0.050050
-0.050061
-0.050073
-0.050085
-0.050097
-0.050108
-0.050120
-0.050132
-0.050143
-0.050155
-0.050166
-0.050178
-0.050189
-0.050201
-0.050212
-0.050224
-0.050235
-0.050247
-0.050258
-0.050270
-0.050281
-0.050292
-0.050304
-0.050315
-0.050326
-0.050338
-0.050349
-0.050360
-0.050371
-0.050383
-0.050394
-0.050405
-0.050416
-0.050427
-0.050438
-0.050450
-0.050461
-0.050472
-0.050483
-0.050494
-0.050505
-0.050516
-0.050527
-0.050538
-0.050549
-0.050560
-0.050571
-0.050582
-0.050592
-0.050603
-0.050614
-0.050625
-0.050636
-0.050647
-0.050658
-0.050668
-0.050679
-0.050690
-0.050701
-0.050711
-0.050722
-0.050733
-0.050743
-0.050754
-0.050765
-0.050775
-0.050786
-0.050796
-0.050807
-0.050818
-0.050828
-0.050839
-0.050849
-0.050860
-0.050870
-0.050881
-0.050891
-0.050902
-0.050912
-0.050923
-0.050933
-0.050943
-0.050954
-0.050964
-0.050974
-0.050985
-0.050995
-0.051005
-0.051016
-0.051026
-0.051036
-0.051047
-0.051057
-0.051067
-0.051077
-0.051087
-0.051098
-0.051108
-0.051118
-0.051128
-0.051138
-0.051148
-0.051158
-0.051169
-0.051179
-0.051189
-0.051199
-0.051209
-0.051219
-0.051229
-0.051239
-0.051249
-0.051259
-0.051269
-0.051279
-0.051289
-0.051299
-0.051309
-0.051318
-0.051328
-0.051338
-0.051348
-0.051358
-0.051368
-0.051378
-0.051387
-0.051397
-0.051407
-0.051417
-0.051427
-0.051436
-0.051446
-0.051456
-0.051466
-0.051475
-0.051485
-0.051495
-0.051504
-0.051514
-0.051524
-0.051533
-0.051543
-0.051553
-0.051562
-0.051572
-0.051582
-0.051591
-0.051601
-0.051610
-0.051620
-0.051629
-0.051639
-0.051648
-0.051658
-0.051667
-0.051677
-0.051686
-0.051696
-0.051705
-0.051715
-0.051724
-0.051734
-0.051743
-0.051752
-0.051762
-0.051771
-0.051781
-0.051790
-0.051799
-0.051809
-0.051818
-0.051827
-0.051837
-0.051846
-0.051855
-0.051865
-0.051874
-0.051883
-0.051892
-0.051902
-0.051911
-0.051920
-0.051929
-0.051938
-0.051948
-0.051957
-0.051966
-0.051975
-0.051984
-0.051994
-0.052003
-0.052012
-0.052021
-0.052030
-0.052039
-0.052048
-0.052057
-0.052066
-0.052076
-0.052085
-0.052094
-0.052103
-0.052112
-0.052121
-0.052130
-0.052139
-0.052148
-0.052157
-0.052166
-0.052175
-0.052184
-0.052193
-0.052202
-0.052211
-0.052219
-0.052228
-0.052237
-0.052246
-0.052255
-0.052264
-0.052273
-0.052282
-0.052291
-0.052299
-0.052308
-0.052317
-0.052326
-0.052335
-0.052344
-0.052352
-0.052361
-0.052370
-0.052379
-0.052388
-0.052396
-0.052405
-0.052414
-0.052423
-0.052431
-0.052440
-0.052449
-0.052457
-0.052466
-0.052475
-0.052484
-0.052492
-0.052501
-0.052510
-0.052518
-0.052527
-0.052536
-0.052544
-0.052553
-0.052561
-0.052570
-0.052579
-0.052587
-0.052596
-0.052604
-0.052613
-0.052622
-0.052630
-0.052639
-0.052647
-0.052656
-0.052664
-0.052673
-0.052681
-0.052690
-0.052698
-0.052707
-0.052715
-0.052724
-0.052732
-0.052741
-0.052749
-0.052758
-0.052766
-0.052775
-0.052783
-0.052792
-0.052800
-0.052808
-0.052817
-0.052825
-0.052834
-0.052842
-0.052850
-0.052859
-0.052867
-0.052875
-0.052884
-0.052892
-0.052901
-0.052909
-0.052917
-0.052926
-0.052934
-0.052942
-0.052950
-0.052959
-0.052967
-0.052975
-0.052984
-0.052992
-0.053000
-0.053008
-0.053017
-0.053025
-0.053033
-0.053041
-0.053050
-0.053058
-0.053066
-0.053074
-0.053082
-0.053091
-0.053099
-0.053107
-0.053115
-0.053123
-0.053132
-0.053140
-0.053148
-0.053156
-0.053164
-0.053172
-0.053180
-0.053189
-0.053197
-0.053205
-0.053213
-0.053221
-0.053229
-0.053237
-0.053245
-0.053253
-0.053262
-0.053270
-0.053278
-0.053286
-0.053294
-0.053302
-0.053310
-0.053318
-0.053326
-0.053334
-0.053342
-0.053350
-0.053358
-0.053366
-0.053374
-0.053382
-0.053390
-0.053398
-0.053406
-0.053414
-0.053422
-0.053430
-0.053438
-0.053446
-0.053454
-0.053462
-0.053470
-0.053477
-0.053485
-0.053493
-0.053501
-0.053509
-0.053517
-0.053525
-0.053533
-0.053541
-0.053549
-0.053556
-0.053564
-0.053572
-0.053580
-0.053588
-0.053596
-0.053604
-0.053611
-0.053619
-0.053627
-0.053635
-0.053643
-0.053651
-0.053658
-0.053666
-0.053674
-0.053682
-0.053690
-0.053697
-0.053705
-0.053713
-0.053721
-0.053728
-0.053736
-0.053744
-0.053752
-0.053759
-0.053767
-0.053775
-0.053783
-0.053790
-0.053798
-0.053806
-0.053813
-0.053821
-0.053829
-0.053837
-0.053844
-0.053852
-0.053860
-0.053867
-0.053875
-0.053883
-0.053890
-0.053898
-0.053906
-0.053913
-0.053921
-0.053929
-0.053936
-0.053944
-0.053951
-0.053959
-0.053967
-0.053974
-0.053982
-0.053990
-0.053997
-0.054005
-0.054012
-0.054020
-0.054028
-0.054035
-0.054043
-0.054050
-0.054058
-0.054065
-0.054073
-0.054080
-0.054088
-0.054096
-0.054103
-0.054111
-0.054118
-0.054126
-0.054133
-0.054141
-0.054148
-0.054156
-0.054163
-0.054171
-0.054178
-0.054186
-0.054193
-0.054201
-0.054208
-0.054216
-0.054223
-0.054231
-0.054238
-0.054245
-0.054253
-0.054260
-0.054268
-0.054275
-0.054283
-0.054290
-0.054298
-0.054305
-0.054312
-0.054320
-0.054327
-0.054335
-0.054342
-0.054349
-0.054357
-0.054364
-0.054372
-0.054379
-0.054386
-0.054394
-0.054401
-0.054408
-0.054416
-0.054423
-0.054431
-0.054438
-0.054445
-0.054453
-0.054460
-0.054467
-0.054475
-0.054482
-0.054489
-0.054496
-0.054504
-0.054511
-0.054518
-0.054526
-0.054533
-0.054540
-0.054548
-0.054555
-0.054562
-0.054569
-0.054577
-0.054584
-0.054591
-0.054599
-0.054606
-0.054613
-0.054620
-0.054628
-0.054635
-0.054642
-0.054649
-0.054656
-0.054664
-0.054671
-0.054678
-0.054685
-0.054693
-0.054700
-0.054707
-0.054714
-0.054721
-0.054729
-0.054736
-0.054743
-0.054750
-0.054757
-0.054764
-0.054772
-0.054779
-0.054786
-0.054793
-0.054800
-0.054807
-0.054815
-0.054822
-0.054829
-0.054836
-0.054843
-0.054850
-0.054857
-0.054865
-0.054872
-0.054879
-0.054886
-0.054893
-0.054900
-0.054907
-0.054914
-0.054921
-0.054928
-0.054936
-0.054943
-0.054950
-0.054957
-0.054964
-0.054971
-0.054978
-0.054985
-0.054992
-0.054999
-0.055006
-0.055013
-0.055020
-0.055027
-0.055034
-0.055041
-0.055048
-0.055056
-0.055063
-0.055070
-0.055077
-0.055084
-0.055091
-0.055098
-0.055105
-0.055112
-0.055119
-0.055126
-0.055133
-0.055140
-0.055147
-0.055154
-0.055161
-0.055167
-0.055174
-0.055181
-0.055188
-0.055195
-0.055202
-0.055209
-0.055216
-0.055223
-0.055230
-0.055237
-0.055244
-0.055251
-0.055258
-0.055265
-0.055272
-0.055279
-0.055285
-0.055292
-0.055299
-0.055306
-0.055313
-0.055320
-0.055327
-0.055334
-0.055341
-0.055348
-0.055354
-0.055361
-0.055368
-0.055375
-0.055382
-0.055389
-0.055396
-0.055402
-0.055409
-0.055416
-0.055423
-0.055430
-0.055437
-0.055444
-0.055450
-0.055457
-0.055464
-0.055471
-0.055478
-0.055484
-0.055491
-0.055498
-0.055505
-0.055512
-0.055519
-0.055525
-0.055532
-0.055539
-0.055546
-0.055552
-0.055559
-0.055566
-0.055573
-0.055580
-0.055586
-0.055593
-0.055600
-0.055607
-0.055613
-0.055620
-0.055627
-0.055634
-0.055640
-0.055647
-0.055654
-0.055661
-0.055667
-0.055674
-0.055681
-0.055687
-0.055694
-0.055701
-0.055708
-0.055714
-0.055721
-0.055728
-0.055734
-0.055741
-0.055748
-0.055755
-0.055761
-0.055768
-0.055775
-0.055781
-0.055788
-0.055795
-0.055801
-0.055808
-0.055815
-0.055821
-0.055828
-0.055835
-0.055841
-0.055848
-0.055854
-0.055861
-0.055868
-0.055874
-0.055881
-0.055888
-0.055894
-0.055901
-0.055907
-0.055914
-0.055921
-0.055927
-0.055934
-0.055941
-0.055947
-0.055954
-0.055960
-0.055967
-0.055973
-0.055980
-0.055987
-0.055993
-0.056000
-0.056006
-0.056013
-0.056019
-0.056026
-0.056033
-0.056039
-0.056046
-0.056052
-0.056059
-0.056065
-0.056072
-0.056078
-0.056085
-0.056091
-0.056098
-0.056105
-0.056111
-0.056118
-0.056124
-0.056131
-0.056137
-0.056144
-0.056150
-0.056157
-0.056163
-0.056170
-0.056176
-0.056183
-0.056189
-0.056196
-0.056202
-0.056209
-0.056215
-0.056221
-0.056228
-0.056234
-0.056241
-0.056247
-0.056254
-0.056260
-0.056267
-0.056273
-0.056280
-0.056286
-0.056292
-0.056299
-0.056305
-0.056312
-0.056318
-0.056325
-0.056331
-0.056337
-0.056344
-0.056350
-0.056357
-0.056363
-0.056369
-0.056376
-0.056382
-0.056389
-0.056395
-0.056401
-0.056408
-0.056414
-0.056421
-0.056427
-0.056433
-0.056440
-0.056446
-0.056452
-0.056459
-0.056465
-0.056471
-0.056478
-0.056484
-0.056490
-0.056497
-0.056503
-0.056510
-0.056516
-0.056522
-0.056528
-0.056535
-0.056541
-0.056547
-0.056554
-0.056560
-0.056566
-0.056573
-0.056579
-0.056585
-0.056592
-0.056598
-0.056604
-0.056610
-0.056617
-0.056623
-0.056629
-0.056636
-0.056642
-0.056648
-0.056654
-0.056661
-0.056667
-0.056673
-0.056679
-0.056686
-0.056692
-0.056698
-0.056704
-0.056711
-0.056717
-0.056723
-0.056729
-0.056736
-0.056742
-0.056748
-0.056754
-0.056761
-0.056767
-0.056773
-0.056779
-0.056785
-0.056792
-0.056798
-0.056804
-0.056810
-0.056816
-0.056823
-0.056829
-0.056835
-0.056841
-0.056847
-0.056854
-0.056860
-0.056866
-0.056872
-0.056878
-0.056884
-0.056890
-0.056897
-0.056903
-0.056909
-0.056915
-0.056921
-0.056927
-0.056934
-0.056940
-0.056946
-0.056952
-0.056958
-0.056964
-0.056970
-0.056976
-0.056983
-0.056989
-0.056995
-0.057001
-0.057007
-0.057013
-0.057019
-0.057025
-0.057031
-0.057037
-0.057044
-0.057050
-0.057056
-0.057062
-0.057068
-0.057074
-0.057080
-0.057086
-0.057092
-0.057098
-0.057104
-0.057110
-0.057116
-0.057122
-0.057128
-0.057135
-0.057141
-0.057147
-0.057153
-0.057159
-0.057165
-0.057171
-0.057177
-0.057183
-0.057189
-0.057195
-0.057201
-0.057207
-0.057213
-0.057219
-0.057225
-0.057231
-0.057237
-0.057243
-0.057249
-0.057255
-0.057261
-0.057267
-0.057273
-0.057279
-0.057285
-0.057291
-0.057297
-0.057303
-0.057309
-0.057315
-0.057321
-0.057326
-0.057332
-0.057338
-0.057344
-0.057350
-0.057356
-0.057362
-0.057368
-0.057374
-0.057380
-0.057386
-0.057392
-0.057398
-0.057404
-0.057410
-0.057415
-0.057421
-0.057427
-0.057433
-0.057439
-0.057445
-0.057451
-0.057457
-0.057463
-0.057469
-0.057474
-0.057480
-0.057486
-0.057492
-0.057498
-0.057504
-0.057510
-0.057516
-0.057521
-0.057527
-0.057533
-0.057539
-0.057545
-0.057551
-0.057557
-0.057562
-0.057568
-0.057574
-0.057580
-0.057586
-0.057592
-0.057597
-0.057603
-0.057609
-0.057615
-0.057621
-0.057626
-0.057632
-0.057638
-0.057644
-0.057650
-0.057655
-0.057661
-0.057667
-0.057673
-0.057679
-0.057684
-0.057690
-0.057696
-0.057702
-0.057708
-0.057713
-0.057719
-0.057725
-0.057731
-0.057736
-0.057742
-0.057748
-0.057754
-0.057759
-0.057765
-0.057771
-0.057777
-0.057782
-0.057788
-0.057794
-0.057800
-0.057805
-0.057811
-0.057817
-0.057822
-0.057828
-0.057834
-0.057840
-0.057845
-0.057851
-0.057857
-0.057862
-0.057868
-0.057874
-0.057879
-0.057885
-0.057891
-0.057897
-0.057902
-0.057908
-0.057914
-0.057919
-0.057925
-0.057931
-0.057936
-0.057942
-0.057948
-0.057953
-0.057959
-0.057964
-0.057970
-0.057976
-0.057981
-0.057987
-0.057993
-0.057998
-0.058004
-0.058010
-0.058015
-0.058021
-0.058026
-0.058032
-0.058038
-0.058043
-0.058049
-0.058055
-0.058060
-0.058066
-0.058071
-0.058077
-0.058082
-0.058088
-0.058094
-0.058099
-0.058105
-0.058110
-0.058116
-0.058122
-0.058127
-0.058133
-0.058138
-0.058144
-0.058149
-0.058155
-0.058160
-0.058166
-0.058172
-0.058177
-0.058183
-0.058188
-0.058194
-0.058199
-0.058205
-0.058210
-0.058216
-0.058221
-0.058227
-0.058232
-0.058238
-0.058243
-0.058249
-0.058254
-0.058260
-0.058265
-0.058271
-0.058276
-0.058282
-0.058287
-0.058293
-0.058298
-0.058304
-0.058309
-0.058315
-0.058320
-0.058326
-0.058331
-0.058337
-0.058342
-0.058348
-0.058353
-0.058359
-0.058364
-0.058369
-0.058375
-0.058380
-0.058386
-0.058391
-0.058397
-0.058402
-0.058408
-0.058413
-0.058418
-0.058424
-0.058429
-0.058435
-0.058440
-0.058446
-0.058451
-0.058456
-0.058462
-0.058467
-0.058473
-0.058478
-0.058483
-0.058489
-0.058494
-0.058499
-0.058505
-0.058510
-0.058516
-0.058521
-0.058526
-0.058532
-0.058537
-0.058542
-0.058548
-0.058553
-0.058559
-0.058564
-0.058569
-0.058575
-0.058580
-0.058585
-0.058591
-0.058596
-0.058601
-0.058607
-0.058612
-0.058617
-0.058623
-0.058628
-0.058633
-0.058639
-0.058644
-0.058649
-0.058654
-0.058660
-0.058665
-0.058670
-0.058676
-0.058681
-0.058686
-0.058692
-0.058697
-0.058702
-0.058707
-0.058713
-0.058718
-0.058723
-0.058728
-0.058734
-0.058739
-0.058744
-0.058750
-0.058755
-0.058760
-0.058765
-0.058771
-0.058776
-0.058781
-0.058786
-0.058792
-0.058797
-0.058802
-0.058807
-0.058812
-0.058818
-0.058823
-0.058828
-0.058833
-0.058839
-0.058844
-0.058849
-0.058854

