0.000000
0.000000
-0.000006
-0.000014
-0.000023
-0.000034
-0.000045
-0.000058
-0.000070
-0.000084
-0.000097
-0.000111
-0.000125
-0.000140
-0.000155
-0.000170
-0.000185
-0.000201
-0.000217
-0.000233
-0.000249
-0.000266
-0.000282
-0.000299
-0.000316
-0.000333
-0.000351
-0.000368
-0.000386
-0.000404
-0.000422
-0.000440
-0.000459
-0.000477
-0.000496
-0.000515
-0.000534
-0.000553
-0.000572
-0.000591
-0.000611
-0.000631
-0.000651
-0.000670
-0.000691
-0.000711
-0.000731
-0.000751
-0.000772
-0.000793
-0.000813
-0.000834
-0.000855
-0.000876
-0.000898
-0.000919
-0.000940
-0.000962
-0.000984
-0.001005
-0.001027
-0.001049
-0.001071
-0.001093
-0.001115
-0.001138
-0.001160
-0.001183
-0.001205
-0.001228
-0.001251
-0.001273
-0.001296
-0.001319
-0.001342
-0.001366
-0.001389
-0.001412
-0.001435
-0.001459
-0.001482
-0.001506
-0.001530
-0.001553
-0.001577
-0.001601
-0.001625
-0.001649
-0.001673
-0.001697
-0.001722
-0.001746
-0.001770
-0.001795
-0.001819
-0.001844
-0.001868
-0.001893
-0.001918
-0.001942
-0.001967
-0.001992
-0.002017
-0.002042
-0.002067
-0.002092
-0.002118
-0.002143
-0.002168
-0.002193
-0.002219
-0.002244
-0.002270
-0.002295
-0.002321
-0.002346
-0.002372
-0.002398
-0.002424
-0.002449
-0.002475
-0.002501
-0.002527
-0.002553
-0.002579
-0.002605
-0.002631
-0.002658
-0.002684
-0.002710
-0.002736
-0.002763
-0.002789
-0.002815
-0.002842
-0.002868
-0.002895
-0.002921
-0.002948
-0.002975
-0.003001
-0.003028
-0.003055
-0.003082
-0.003108
-0.003135
-0.003162
-0.003189
-0.003216
-0.003243
-0.003270
-0.003297
-0.003324
-0.003351
-0.003379
-0.003406
-0.003433
-0.003460
-0.003487
-0.003515
-0.003542
-0.003569
-0.003597
-0.003624
-0.003652
-0.003679
-0.003707
-0.003734
-0.003762
-0.003789
-0.003817
-0.003845
-0.003872
-0.003900
-0.003928
-0.003955
-0.003983
-0.004011
-0.004039
-0.004067
-0.004094
-0.004122
-0.004150
-0.004178
-0.004206
-0.004234
-0.004262
-0.004290
-0.004318
-0.004346
-0.004374
-0.004402
-0.004430
-0.004459
-0.004487
-0.004515
-0.004543
-0.004571
-0.004599
-0.004628
-0.004656
-0.004684
-0.004713
-0.004741
-0.004769
-0.004798
-0.004826
-0.004854
-0.004883
-0.004911
-0.004940
-0.004968
-0.004997
-0.005025
-0.005054
-0.005082
-0.005111
-0.005139
-0.005168
-0.005197
-0.005225
-0.005254
-0.005282
-0.005311
-0.005340
-0.005368
-0.005397
-0.005426
-0.005455
-0.005483
-0.005512
-0.005541
-0.005570
-0.005598
-0.005627
-0.005656
-0.005685
-0.005714
-0.005743
-0.005771
-0.005800
-0.005829
-0.005858
-0.005887
-0.005916
-0.005945
-0.005974
-0.006003
-0.006032
-0.006061
-0.006090
-0.006119
-0.006148
-0.006177
-0.006206
-0.006235
-0.006264
-0.006293
-0.006322
-0.006351
-0.006380
-0.006409
-0.006438
-0.006467
-0.006496
-0.006525
-0.006555
-0.006584
-0.006613
-0.006642
-0.006671
-0.006700
-0.006729
-0.006759
-0.006788
-0.006817
-0.006846
-0.006875
-0.006905
-0.006934
-0.006963
-0.006992
-0.007022
-0.007051
-0.007080
-0.007109
-0.007139
-0.007168
-0.007197
-0.007226
-0.007256
-0.007285
-0.007314
-0.007344
-0.007373
-0.007402
-0.007432
-0.007461
-0.007490
-0.007520
-0.007549
-0.007578
-0.007608
-0.007637
-0.007666
-0.007696
-0.007725
-0.007754
-0.007784
-0.007813
-0.007842
-0.007872
-0.007901
-0.007931
-0.007960
-0.007989
-0.008019
-0.008048
-0.008078
-0.008107
-0.008136
-0.008166
-0.008195
-0.008225
-0.008254
-0.008283
-0.008313
-0.008342
-0.008372
-0.008401
-0.008431
-0.008460
-0.008489
-0.008519
-0.008548
-0.008578
-0.008607
-0.008637
-0.008666
-0.008695
-0.008725
-0.008754
-0.008784
-0.008813
-0.008843
-0.008872
-0.008902
-0.008931
-0.008960
-0.008990
-0.009019
-0.009049
-0.009078
-0.009108
-0.009137
-0.009167
-0.009196
-0.009225
-0.009255
-0.009284
-0.009314
-0.009343
-0.009373
-0.009402
-0.009432
-0.009461
-0.009490
-0.009520
-0.009549
-0.009579
-0.009608
-0.009638
-0.009667
-0.009696
-0.009726
-0.009755
-0.009785
-0.009814
-0.009844
-0.009873
-0.009902
-0.009932
-0.009961
-0.009991
-0.010020
-0.010050
-0.010079
-0.010108
-0.010138
-0.010167
-0.010197
-0.010226
-0.010255
-0.010285
-0.010314
-0.010344
-0.010373
-0.010402
-0.010432
-0.010461
-0.010490
-0.010520
-0.010549
-0.010579
-0.010608
-0.010637
-0.010667
-0.010696
-0.010725
-0.010755
-0.010784
-0.010813
-0.010843
-0.010872
-0.010901
-0.010931
-0.010960
-0.010989
-0.011019
-0.011048
-0.011077
-0.011107
-0.011136
-0.011165
-0.011195
-0.011224
-0.011253
-0.011282
-0.011312
-0.011341
-0.011370
-0.011400
-0.011429
-0.011458
-0.011487
-0.011517
-0.011546
-0.011575
-0.011604
-0.011634
-0.011663
-0.011692
-0.011721
-0.011750
-0.011780
-0.011809
-0.011838
-0.011867
-0.011896
-0.011926
-0.011955
-0.011984
-0.012013
-0.012042
-0.012071
-0.012101
-0.012130
-0.012159
-0.012188
-0.012217
-0.012246
-0.012275
-0.012304
-0.012334
-0.012363
-0.012392
-0.012421
-0.012450
-0.012479
-0.012508
-0.012537
-0.012566
-0.012595
-0.012624
-0.012653
-0.012682
-0.012711
-0.012740
-0.012769
-0.012798
-0.012827
-0.012856
-0.012885
-0.012914
-0.012943
-0.012972
-0.013001
-0.013030
-0.013059
-0.013088
-0.013117
-0.013146
-0.013175
-0.013204
-0.013233
-0.013262
-0.013291
-0.013320
-0.013348
-0.013377
-0.013406
-0.013435
-0.013464
-0.013493
-0.013522
-0.013551
-0.013579
-0.013608
-0.013637
-0.013666
-0.013695
-0.013723
-0.013752
-0.013781
-0.013810
-0.013839
-0.013867
-0.013896
-0.013925
-0.013954
-0.013982
-0.014011
-0.014040
-0.014068
-0.014097
-0.014126
-0.014155
-0.014183
-0.014212
-0.014241
-0.014269
-0.014298
-0.014326
-0.014355
-0.014384
-0.014412
-0.014441
-0.014470
-0.014498
-0.014527
-0.014555
-0.014584
-0.014612
-0.014641
-0.014670
-0.014698
-0.014727
-0.014755
-0.014784
-0.014812
-0.014841
-0.014869
-0.014898
-0.014926
-0.014955
-0.014983
-0.015011
-0.015040
-0.015068
-0.015097
-0.015125
-0.015154
-0.015182
-0.015210
-0.015239
-0.015267
-0.015295
-0.015324
-0.015352
-0.015380
-0.015409
-0.015437
-0.015465
-0.015494
-0.015522
-0.015550
-0.015579
-0.015607
-0.015635
-0.015663
-0.015692
-0.015720
-0.015748
-0.015776
-0.015804
-0.015833
-0.015861
-0.015889
-0.015917
-0.015945
-0.015974
-0.016002
-0.016030
-0.016058
-0.016086
-0.016114
-0.016142
-0.016170
-0.016198
-0.016226
-0.016255
-0.016283
-0.016311
-0.016339
-0.016367
-0.016395
-0.016423
-0.016451
-0.016479
-0.016507
-0.016535
-0.016563
-0.016590
-0.016618
-0.016646
-0.016674
-0.016702
-0.016730
-0.016758
-0.016786
-0.016814
-0.016842
-0.016869
-0.016897
-0.016925
-0.016953
-0.016981
-0.017009
-0.017036
-0.017064
-0.017092
-0.017120
-0.017147
-0.017175
-0.017203
-0.017231
-0.017258
-0.017286
-0.017314
-0.017341
-0.017369
-0.017397
-0.017424
-0.017452
-0.017480
-0.017507
-0.017535
-0.017563
-0.017590
-0.017618
-0.017645
-0.017673
-0.017700
-0.017728
-0.017756
-0.017783
-0.017811
-0.017838
-0.017866
-0.017893
-0.017921
-0.017948
-0.017975
-0.018003
-0.018030
-0.018058
-0.018085
-0.018113
-0.018140
-0.018167
-0.018195
-0.018222
-0.018249
-0.018277
-0.018304
-0.018331
-0.018359
-0.018386
-0.018413
-0.018441
-0.018468
-0.018495
-0.018522
-0.018550
-0.018577
-0.018604
-0.018631
-0.018658
-0.018686
-0.018713
-0.018740
-0.018767
-0.018794
-0.018821
-0.018849
-0.018876
-0.018903
-0.018930
-0.018957
-0.018984
-0.019011
-0.019038
-0.018825
-0.017881
-0.015611
-0.011623
-0.005806
0.001736
0.010787
0.021088
0.032381
0.044427
0.057014
0.069957
0.083100
0.096312
0.109486
0.122537
0.135396
0.148010
0.160338
0.172349
0.184023
0.195343
0.206301
0.216892
0.227116
0.236973
0.246469
0.255610
0.264402
0.272854
0.280976
0.288777
0.296266
0.303454
0.310352
0.316968
0.323314
0.329398
0.335231
0.340822
0.346179
0.351312
0.356228
0.360936
0.365444
0.369760
0.373889
0.377840
0.381619
0.385233
0.388687
0.391986
0.395138
0.398147
0.401019
0.403757
0.406368
0.408855
0.411223
0.413476
0.415618
0.417653
0.419584
0.421416
0.423150
0.424792
0.426343
0.427807
0.429187
0.430486
0.431705
0.432849
0.433919
0.434917
0.435847
0.436710
0.437508
0.438244
0.438920
0.439536
0.440097
0.440602
0.441054
0.441455
0.441806
0.442109
0.442365
0.442576
0.442744
0.442869
0.442953
0.442997
0.443002
0.442971
0.442903
0.442800
0.442664
0.442494
0.442293
0.442061
0.441800
0.441509
0.441191
0.440845
0.440474
0.440077
0.439655
0.439210
0.438742
0.438251
0.437739
0.437206
0.436653
0.436081
0.435489
0.434879
0.434252
0.433607
0.432946
0.432269
0.431576
0.430868
0.430146
0.429410
0.428661
0.427898
0.427123
0.426335
0.425536
0.424725
0.423904
0.423072
0.422229
0.421377
0.420515
0.419644
0.418764
0.417876
0.416979
0.416075
0.415163
0.414243
0.413317
0.412383
0.411443
0.410497
0.409545
0.408587
0.407623
0.406654
0.405680
0.404701
0.403717
0.402729
0.401736
0.400739
0.399739
0.398734
0.397726
0.396714
0.395700
0.394682
0.393661
0.392637
0.391610
0.390581
0.389550
0.388516
0.387481
0.386443
0.385403
0.384362
0.383319
0.382274
0.381228
0.380181
0.379132
0.378082
0.377032
0.375980
0.374927
0.373874
0.372820
0.371765
0.370710
0.369654
0.368598
0.367542
0.366486
0.365429
0.364372
0.363316
0.362259
0.361202
0.360146
0.359090
0.358034
0.356978
0.355923
0.354868
0.353814
0.352761
0.351707
0.350655
0.349603
0.348552
0.347502
0.346452
0.345403
0.344356
0.343309
0.342263
0.341218
0.340174
0.339131
0.338089
0.337048
0.336009
0.334970
0.333933
0.332897
0.331862
0.330829
0.329797
0.328766
0.327737
0.326708
0.325682
0.324657
0.323633
0.322610
0.321589
0.320570
0.319552
0.318536
0.317521
0.316507
0.315496
0.314486
0.313477
0.312470
0.311465
0.310461
0.309459
0.308459
0.307461
0.306464
0.305468
0.304475
0.303483
0.302493
0.301505
0.300519
0.299534
0.298551
0.297570
0.296590
0.295613
0.294637
0.293663
0.292691
0.291721
0.290752
0.289786
0.288821
0.287858
0.286897
0.285938
0.284980
0.284025
0.283071
0.282120
0.281170
0.280222
0.279276
0.278332
0.277389
0.276449
0.275511
0.274574
0.273640
0.272707
0.271776
0.270847
0.269920
0.268995
0.268072
0.267151
0.266232
0.265315
0.264399
0.263486
0.262574
0.261665
0.260757
0.259852
0.258948
0.258046
0.257146
0.256248
0.255352
0.254458
0.253566
0.252676
0.251788
0.250902
0.250017
0.249135
0.248254
0.247376
0.246499
0.245625
0.244752
0.243881
0.243013
0.242146
0.241281
0.240418
0.239557
0.238698
0.237840
0.236985
0.236132
0.235281
0.234431
0.233584
0.232738
0.231894
0.231053
0.230213
0.229375
0.228539
0.227705
0.226873
0.226042
0.225214
0.224388
0.223563
0.222741
0.221920
0.221101
0.220284
0.219469
0.218656
0.217845
0.217036
0.216228
0.215423
0.214619
0.213818
0.213018
0.212220
0.211424
0.210630
0.209837
0.209047
0.208258
0.207472
0.206687
0.205904
0.205123
0.204344
0.203566
0.202791
0.202017
0.201245
0.200475
0.199707
0.198941
0.198177
0.197414
0.196654
0.195895
0.195138
0.194383
0.193629
0.192878
0.192128
0.191380
0.190634
0.189890
0.189147
0.188407
0.187668
0.186931
0.186196
0.185462
0.184731
0.184001
0.183273
0.182547
0.181823
0.181100
0.180379
0.179660
0.178943
0.178227
0.177514
0.176802
0.176092
0.175383
0.174677
0.173972
0.173269
0.172567
0.171868
0.171170
0.170474
0.169780
0.169087
0.168396
0.167707
0.167020
0.166334
0.165650
0.164968
0.164287
0.163609
0.162932
0.162256
0.161583
0.160911
0.160241
0.159572
0.158905
0.158240
0.157577
0.156915
0.156255
0.155597
0.154940
0.154286
0.153632
0.152981
0.152331
0.151683
0.151036
0.150391
0.149748
0.149106
0.148467
0.147828
0.147192
0.146557
0.145923
0.145292
0.144662
0.144033
0.143407
0.142782
0.142158
0.141536
0.140916
0.140298
0.139681
0.139065
0.138451
0.137839
0.137229
0.136620
0.136013
0.135407
0.134803
0.134200
0.133599
0.133000
0.132402
0.131806
0.131211
0.130618
0.130027
0.129437
0.128849
0.128262
0.127677
0.127093
0.126511
0.125930
0.125351
0.124774
0.124198
0.123624
0.123051
0.122480
0.121910
0.121342
0.120775
0.120210
0.119646
0.119084
0.118524
0.117965
0.117407
0.116851
0.116297
0.115743
0.115192
0.114642
0.114093
0.113546
0.113001
0.112457
0.111914
0.111373
0.110833
0.110295
0.109758
0.109223
0.108689
0.108157
0.107626
0.107097
0.106569
0.106043
0.105518
0.104994
0.104472
0.103951
0.103432
0.102914
0.102398
0.101883
0.101369
0.100857
0.100346
0.099837
0.099329
0.098823
0.098318
0.097814
0.097312
0.096811
0.096312
0.095814
0.095317
0.094822
0.094328
0.093836
0.093345
0.092855
0.092367
0.091880
0.091394
0.090910
0.090427
0.089946
0.089465
0.088987
0.088509
0.088033
0.087559
0.087085
0.086613
0.086143
0.085673
0.085205
0.084739
0.084273
0.083809
0.083347
0.082885
0.082425
0.081966
0.081509
0.081053
0.080598
0.080145
0.079692
0.079242
0.078792
0.078344
0.077897
0.077451
0.077007
0.076563
0.076122
0.075681
0.075242
0.074804
0.074367
0.073932
0.073497
0.073064
0.072633
0.072202
0.071773
0.071345
0.070918
0.070493
0.070069
0.069646
0.069224
0.068804
0.068384
0.067966
0.067550
0.067134
0.066720
0.066307
0.065895
0.065484
0.065074
0.064666
0.064259
0.063853
0.063449
0.063045
0.062643
0.062242
0.061842
0.061443
0.061046
0.060650
0.060254
0.059860
0.059468
0.059076
0.058686
0.058296
0.057908
0.057521
0.057136
0.056751
0.056368
0.055985
0.055604
0.055224
0.054845
0.054468
0.054091
0.053715
0.053341
0.052968
0.052596
0.052225
0.051855
0.051487
0.051119
0.050753
0.050387
0.050023
0.049660
0.049298
0.048937
0.048577
0.048219
0.047861
0.047505
0.047149
0.046795
0.046442
0.046090
0.045739
0.045389
0.045040
0.044692
0.044345
0.044000
0.043655
0.043312
0.042969
0.042628
0.042287
0.041948
0.041610
0.041273
0.040937
0.040601
0.040267
0.039934
0.039602
0.039272
0.038942
0.038613
0.038285
0.037958
0.037632
0.037308
0.036984
0.036661
0.036339
0.036019
0.035699
0.035380
0.035063
0.034746
0.034431
0.034116
0.033802
0.033490
0.033178
0.032867
0.032558
0.032249
0.031941
0.031634
0.031329
0.031024
0.030720
0.030417
0.030115
0.029814
0.029514
0.029215
0.028917
0.028620
0.028324
0.028029
0.027735
0.027442
0.027149
0.026858
0.026567
0.026278
0.025989
0.025702
0.025415
0.025129
0.024845
0.024561
0.024278
0.023996
0.023715
0.023434
0.023155
0.022877
0.022599
0.022323
0.022047
0.021772
0.021498
0.021225
0.020953
0.020682
0.020412
0.020142
0.019874
0.019606
0.019340
0.019074
0.018809
0.018545
0.018281
0.018019
0.017758
0.017497
0.017237
0.016979
0.016721
0.016463
0.016207
0.015952
0.015697
0.015443
0.015190
0.014938
0.014687
0.014437
0.014187
0.013939
0.013691
0.013444
0.013198
0.012953
0.012708
0.012464
0.012222
0.011980
0.011738
0.011498
0.011258
0.011020
0.010782
0.010545
0.010308
0.010073
0.009838
0.009604
0.009371
0.009139
0.008907
0.008676
0.008447
0.008217
0.007989
0.007761
0.007535
0.007309
0.007083
0.006859
0.006635
0.006412
0.006190
0.005969
0.005748
0.005529
0.005310
0.005091
0.004874
0.004657
0.004441
0.004226
0.004011
0.003797
0.003584
0.003372
0.003160
0.002950
0.002740
0.002530
0.002322
0.002114
0.001907
0.001700
0.001495
0.001290
0.001086
0.000882
0.000679
0.000477
0.000276
0.000075
-0.000125
-0.000324
-0.000522
-0.000720
-0.000917
-0.001114
-0.001309
-0.001504
-0.001698
-0.001892
-0.002085
-0.002277
-0.002469
-0.002659
-0.002850
-0.003039
-0.003228
-0.003416
-0.003603
-0.003790
-0.003976
-0.004162
-0.004346
-0.004530
-0.004714
-0.004896
-0.005078
-0.005260
-0.005441
-0.005621
-0.005800
-0.005979
-0.006157
-0.006334
-0.006511
-0.006687
-0.006863
-0.007038
-0.007212
-0.007386
-0.007559
-0.007731
-0.007903
-0.008074
-0.008244
-0.008414
-0.008583
-0.008752
-0.008920
-0.009087
-0.009254
-0.009420
-0.009585
-0.009750
-0.009914
-0.010078
-0.010241
-0.010403
-0.010565
-0.010726
-0.010887
-0.011047
-0.011206
-0.011365
-0.011524
-0.011681
-0.011838
-0.011995
-0.012150
-0.012306
-0.012460
-0.012615
-0.012768
-0.012921
-0.013073
-0.013225
-0.013376
-0.013527
-0.013677
-0.013827
-0.013976
-0.014124
-0.014272
-0.014419
-0.014566
-0.014712
-0.014858
-0.015003
-0.015147
-0.015291
-0.015434
-0.015577
-0.015720
-0.015861
-0.016003
-0.016143
-0.016283
-0.016423
-0.016562
-0.016700
-0.016838
-0.016976
-0.017113
-0.017249
-0.017385
-0.017521
-0.017655
-0.017790
-0.017923
-0.018057
-0.018190
-0.018322
-0.018454
-0.018585
-0.018715
-0.018846
-0.018975
-0.019105
-0.019233
-0.019361
-0.019489
-0.019616
-0.019743
-0.019869
-0.019995
-0.020120
-0.020245
-0.020369
-0.020493
-0.020616
-0.020739
-0.020861
-0.020983
-0.021105
-0.021226
-0.021346
-0.021466
-0.021585
-0.021704
-0.021823
-0.021941
-0.022059
-0.022176
-0.022292
-0.022409
-0.022524
-0.022640
-0.022755
-0.022869
-0.022983
-0.023096
-0.023209
-0.023322
-0.023434
-0.023546
-0.023657
-0.023768
-0.023878
-0.023988
-0.024098
-0.024207
-0.024316
-0.024424
-0.024531
-0.024639
-0.024746
-0.024852
-0.024958
-0.025064
-0.025169
-0.025274
-0.025378
-0.025482
-0.025586
-0.025689
-0.025792
-0.025894
-0.025996
-0.026097
-0.026198
-0.026299
-0.026399
-0.026499
-0.026599
-0.026698
-0.026796
-0.026895
-0.026993
-0.027090
-0.027187
-0.027284
-0.027380
-0.027476
-0.027572
-0.027667
-0.027762
-0.027856
-0.027950
-0.028044
-0.028137
-0.028230
-0.028322
-0.028414
-0.028506
-0.028598
-0.028689
-0.028779
-0.028869
-0.028959
-0.029049
-0.029138
-0.029227
-0.029315
-0.029404
-0.029491
-0.029579
-0.029666
-0.029752
-0.029839
-0.029925
-0.030010
-0.030096
-0.030181
-0.030265
-0.030349
-0.030433
-0.030517
-0.030600
-0.030683
-0.030766
-0.030848
-0.030930
-0.031011
-0.031093
-0.031173
-0.031254
-0.031334
-0.031414
-0.031494
-0.031573
-0.031652
-0.031731
-0.031809
-0.031887
-0.031965
-0.032042
-0.032119
-0.032196
-0.032272
-0.032348
-0.032424
-0.032499
-0.032575
-0.032649
-0.032724
-0.032798
-0.032872
-0.032946
-0.033019
-0.033092
-0.033165
-0.033237
-0.033310
-0.033382
-0.033453
-0.033524
-0.033595
-0.033666
-0.033737
-0.033807
-0.033877
-0.033946
-0.034015
-0.034084
-0.034153
-0.034222
-0.034290
-0.034358
-0.034425
-0.034493
-0.034560
-0.034626
-0.034693
-0.034759
-0.034825
-0.034891
-0.034956
-0.035021
-0.035086
-0.035151
-0.035215
-0.035280
-0.035343
-0.035407
-0.035470
-0.035534
-0.035596
-0.035659
-0.035721
-0.035783
-0.035845
-0.035907
-0.035968
-0.036029
-0.036090
-0.036151
-0.036211
-0.036271
-0.036331
-0.036390
-0.036450
-0.036509
-0.036568
-0.036627
-0.036685
-0.036743
-0.036801
-0.036859
-0.036916
-0.036974
-0.037031
-0.037087
-0.037144
-0.037200
-0.037256
-0.037312
-0.037368
-0.037423
-0.037479
-0.037534
-0.037588
-0.037643
-0.037697
-0.037751
-0.037805
-0.037859
-0.037913
-0.037966
-0.038019
-0.038072
-0.038124
-0.038177
-0.038229
-0.038281
-0.038333
-0.038384
-0.038436
-0.038487
-0.038538
-0.038589
-0.038639
-0.038690
-0.038740
-0.038790
-0.038839
-0.038889
-0.038938
-0.038988
-0.039037
-0.039085
-0.039134
-0.039182
-0.039231
-0.039279
-0.039326
-0.039374
-0.039422
-0.039469
-0.039516
-0.039563
-0.039610
-0.039656
-0.039702
-0.039749
-0.039795
-0.039840
-0.039886
-0.039932
-0.039977
-0.040022
-0.040067
-0.040112
-0.040156
-0.040201
-0.040245
-0.040289
-0.040333
-0.040377
-0.040420
-0.040463
-0.040507
-0.040550
-0.040593
-0.040635
-0.040678
-0.040720
-0.040762
-0.040805
-0.040846
-0.040888
-0.040930
-0.040971
-0.041012
-0.041054
-0.041094
-0.041135
-0.041176
-0.041216
-0.041257
-0.041297
-0.041337
-0.041377
-0.041416
-0.041456
-0.041495
-0.041535
-0.041574
-0.041613
-0.041652
-0.041690
-0.041729
-0.041767
-0.041805
-0.041844
-0.041881
-0.041919
-0.041957
-0.041994
-0.042032
-0.042069
-0.042106
-0.042143
-0.042180
-0.042217
-0.042253
-0.042290
-0.042326
-0.042362
-0.042398
-0.042434
-0.042470
-0.042505
-0.042541
-0.042576
-0.042611
-0.042647
-0.042681
-0.042716
-0.042751
-0.042786
-0.042820
-0.042854
-0.042889
-0.042923
-0.042957
-0.042990
-0.043024
-0.043058
-0.043091
-0.043125
-0.043158
-0.043191
-0.043224
-0.043257
-0.043289
-0.043322
-0.043355
-0.043387
-0.043419
-0.043451
-0.043483
-0.043515
-0.043547
-0.043579
-0.043610
-0.043642
-0.043673
-0.043705
-0.043736
-0.043767
-0.043798
-0.043828
-0.043859
-0.043890
-0.043920
-0.043951
-0.043981
-0.044011
-0.044041
-0.044071
-0.044101
-0.044131
-0.044160
-0.044190
-0.044219
-0.044249
-0.044278
-0.044307
-0.044336
-0.044365
-0.044394
-0.044422
-0.044451
-0.044480
-0.044508
-0.044536
-0.044565
-0.044593
-0.044621
-0.044649
-0.044677
-0.044704
-0.044732
-0.044760
-0.044787
-0.044815
-0.044842
-0.044869
-0.044896
-0.044923
-0.044950
-0.044977
-0.045004
-0.045030
-0.045057
-0.045083
-0.045110
-0.045136
-0.045162
-0.045188
-0.045214
-0.045240
-0.045266
-0.045292
-0.045318
-0.045343
-0.045369
-0.045394
-0.045420
-0.045445
-0.045470
-0.045495
-0.045520
-0.045545
-0.045570
-0.045595
-0.045620
-0.045644
-0.045669
-0.045693
-0.045718
-0.045742
-0.045766
-0.045791
-0.045815
-0.045839
-0.045863
-0.045886
-0.045910
-0.045934
-0.045958
-0.045981
-0.046005
-0.046028
-0.046051
-0.046075
-0.046098
-0.046121
-0.046144
-0.046167
-0.046190
-0.046213
-0.046235
-0.046258
-0.046281
-0.046303
-0.046326
-0.046348
-0.046371
-0.046393
-0.046415
-0.046437
-0.046459
-0.046481
-0.046503
-0.046525
-0.046547
-0.046569
-0.046590
-0.046612
-0.046633
-0.046655
-0.046676
-0.046698
-0.046719
-0.046740
-0.046761
-0.046782
-0.046803
-0.046824
-0.046845
-0.046866
-0.046887
-0.046908
-0.046928
-0.046949
-0.046969
-0.046990
-0.047010
-0.047031
-0.047051
-0.047071
-0.047091
-0.047112
-0.047132
-0.047152
-0.047172
-0.047192
-0.047211
-0.047231
-0.047251
-0.047271
-0.047290
-0.047310
-0.047329
-0.047349
-0.047368
-0.047387
-0.047407
-0.047426
-0.047445
-0.047464
-0.047483
-0.047502
-0.047521
-0.047540
-0.047559
-0.047578
-0.047597
-0.047615
-0.047634
-0.047652
-0.047671
-0.047690
-0.047708
-0.047726
-0.047745
-0.047763
-0.047781
-0.047799
-0.047818
-0.047836
-0.047854
-0.047872
-0.047890
-0.047908
-0.047925
-0.047943
-0.047961
-0.047979
-0.047996
-0.048014
-0.048032
-0.048049
-0.048067
-0.048084
-0.048101
-0.048119
-0.048136
-0.048153
-0.048171
-0.048188
-0.048205
-0.048222
-0.048239
-0.048256
-0.048273
-0.048290
-0.048307
-0.048324
-0.048340
-0.048357
-0.048374
-0.048390
-0.048407
-0.048424
-0.048440
-0.048457
-0.048473
-0.048489
-0.048506
-0.048522
-0.048538
-0.048555
-0.048571
-0.048587
-0.048603
-0.048619
-0.048635
-0.048651
-0.048667
-0.048683
-0.048699
-0.048715
-0.048731
-0.048746
-0.048762
-0.048778
-0.048793
-0.048809
-0.048825
-0.048840
-0.048856
-0.048871
-0.048887
-0.048902
-0.048917
-0.048933
-0.048948
-0.048963
-0.048978
-0.048994
-0.049009
-0.049024
-0.049039
-0.049054
-0.049069
-0.049084
-0.049099
-0.049114
-0.049129
-0.049143
-0.049158
-0.049173
-0.049188
-0.049202
-0.049217
-0.049232
-0.049246
-0.049261
-0.049275
-0.049290
-0.049304
-0.049319
-0.049333
-0.049348
-0.049362
-0.049376
-0.049391
-0.049405
-0.049419
-0.049433
-0.049447
-0.049462
-0.049476
-0.049490
-0.049504
-0.049518
-0.049532
-0.049546
-0.049560
-0.049573
-0.049587
-0.049601
-0.049615
-0.049629
-0.049642
-0.049656
-0.049670
-0.049683
-0.049697
-0.049711
-0.049724
-0.049738
-0.049751
-0.049765
-0.049778
-0.049792
-0.049805
-0.049818
-0.049832
-0.049845
-0.049858
-0.049872
-0.049885
-0.049898
-0.049911
-0.049924
-0.049938
-0.049951
-0.049964
-0.049977
-0.049990
-0.050003
-0.050016
-0.050029
-0.050042
-0.050055
-0.050067
-0.050080
-0.050093
-0.050106
-0.050119
-0.050131
-0.050144
-0.050157
-0.050170
-0.050182
-0.050195
-0.050207
-0.050220
-0.050233
-0.050245
-0.050258
-0.050270
-0.050283
-0.050295
-0.050307
-0.050320
-0.050332
-0.050344
-0.050357
-0.050369
-0.050381
-0.050394
-0.050406
-0.050418
-0.050430
-0.050442
-0.050455
-0.050467
-0.050479
-0.050491
-0.050503
-0.050515
-0.050527
-0.050539
-0.050551
-0.050563
-0.050575
-0.050587
-0.050599
-0.050610
-0.050622
-0.050634
-0.050646
-0.050658
-0.050669
-0.050681
-0.050693
-0.050705
-0.050716
-0.050728
-0.050740
-0.050751
-0.050763
-0.050774
-0.050786
-0.050797
-0.050809
-0.050820
-0.050832
-0.050843
-0.050855
-0.050866
-0.050878
-0.050889
-0.050900
-0.050912
-0.050923
-0.050934
-0.050946
-0.050957
-0.050968
-0.050979
-0.050991
-0.051002
-0.051013
-0.051024
-0.051035
-0.051046
-0.051058
-0.051069
-0.051080
-0.051091
-0.051102
-0.051113
-0.051124
-0.051135
-0.051146
-0.051157
-0.051168
-0.051179
-0.051190
-0.051200
-0.051211
-0.051222
-0.051233
-0.051244
-0.051255
-0.051265
-0.051276
-0.051287
-0.051298
-0.051308
-0.051319
-0.051330
-0.051340
-0.051351
-0.051362
-0.051372
-0.051383
-0.051394
-0.051404
-0.051415
-0.051425
-0.051436
-0.051446
-0.051457
-0.051467
-0.051478
-0.051488
-0.051499
-0.051509
-0.051519
-0.051530
-0.051540
-0.051551
-0.051561
-0.051571
-0.051582
-0.051592
-0.051602
-0.051612
-0.051623
-0.051633
-0.051643
-0.051653
-0.051664
-0.051674
-0.051684
-0.051694
-0.051704
-0.051714
-0.051725
-0.051735
-0.051745
-0.051755
-0.051765
-0.051775
-0.051785
-0.051795
-0.051805
-0.051815
-0.051825
-0.051835
-0.051845
-0.051855
-0.051865
-0.051875
-0.051885
-0.051895
-0.051904
-0.051914
-0.051924
-0.051934
-0.051944
-0.051954
-0.051963
-0.051973
-0.051983
-0.051993
-0.052003
-0.052012
-0.052022
-0.052032
-0.052041
-0.052051
-0.052061
-0.052070
-0.052080
-0.052090
-0.052099
-0.052109
-0.052119
-0.052128
-0.052138
-0.052147
-0.052157
-0.052167
-0.052176
-0.052186
-0.052195
-0.052205
-0.052214
-0.052224
-0.052233
-0.052242
-0.052252
-0.052261
-0.052271
-0.052280
-0.052290
-0.052299
-0.052308
-0.052318
-0.052327
-0.052336
-0.052346
-0.052355
-0.052364
-0.052374
-0.052383
-0.052392
-0.052402
-0.052411
-0.052420
-0.052429
-0.052439
-0.052448
-0.052457
-0.052466
-0.052475
-0.052485
-0.052494
-0.052503
-0.052512
-0.052521
-0.052530
-0.052539
-0.052549
-0.052558
-0.052567
-0.052576
-0.052585
-0.052594
-0.052603
-0.052612
-0.052621
-0.052630
-0.052639
-0.052648
-0.052657
-0.052666
-0.052675
-0.052684
-0.052693
-0.052702
-0.052711
-0.052720
-0.052729
-0.052738
-0.052746
-0.052755
-0.052764
-0.052773
-0.052782
-0.052791
-0.052800
-0.052808
-0.052817
-0.052826
-0.052835
-0.052844
-0.052852
-0.052861
-0.052870
-0.052879
-0.052888
-0.052896
-0.052905
-0.052914
-0.052922
-0.052931
-0.052940
-0.052949
-0.052957
-0.052966
-0.052975
-0.052983
-0.052992
-0.053001
-0.053009
-0.053018
-0.053026
-0.053035
-0.053044
-0.053052
-0.053061
-0.053069
-0.053078
-0.053086
-0.053095
-0.053104
-0.053112
-0.053121
-0.053129
-0.053138
-0.053146
-0.053155
-0.053163
-0.053172
-0.053180
-0.053189
-0.053197
-0.053205
-0.053214
-0.053222
-0.053231
-0.053239
-0.053248
-0.053256
-0.053264
-0.053273
-0.053281
-0.053289
-0.053298
-0.053306
-0.053315
-0.053323
-0.053331
-0.053340
-0.053348
-0.053356
-0.053364
-0.053373
-0.053381
-0.053389
-0.053398
-0.053406
-0.053414
-0.053422
-0.053431
-0.053439
-0.053447
-0.053455
-0.053464
-0.053472
-0.053480
-0.053488
-0.053496
-0.053505
-0.053513
-0.053521
-0.053529
-0.053537
-0.053545
-0.053553
-0.053562
-0.053570
-0.053578
-0.053586
-0.053594
-0.053602
-0.053610
-0.053618
-0.053626
-0.053635
-0.053643
-0.053651
-0.053659
-0.053667
-0.053675
-0.053683
-0.053691
-0.053699
-0.053707
-0.053715
-0.053723
-0.053731
-0.053739
-0.053747
-0.053755
-0.053763
-0.053771
-0.053779
-0.053787
-0.053795
-0.053803
-0.053811
-0.053818
-0.053826
-0.053834
-0.053842
-0.053850
-0.053858
-0.053866
-0.053874
-0.053882
-0.053890
-0.053897
-0.053905
-0.053913
-0.053921
-0.053929
-0.053937
-0.053944
-0.053952
-0.053960
-0.053968
-0.053976
-0.053984
-0.053991
-0.053999
-0.054007
-0.054015
-0.054022
-0.054030
-0.054038
-0.054046
-0.054053
-0.054061
-0.054069
-0.054077
-0.054084
-0.054092
-0.054100
-0.054108
-0.054115
-0.054123
-0.054131
-0.054138
-0.054146
-0.054154
-0.054161
-0.054169
-0.054177
-0.054184
-0.054192
-0.054200
-0.054207
-0.054215
-0.054223
-0.054230
-0.054238
-0.054245
-0.054253
-0.054261
-0.054268
-0.054276
-0.054283
-0.054291
-0.054299
-0.054306
-0.054314
-0.054321
-0.054329
-0.054336
-0.054344
-0.054351
-0.054359
-0.054367
-0.054374
-0.054382
-0.054389
-0.054397
-0.054404
-0.054412
-0.054419
-0.054427
-0.054434
-0.054442
-0.054449
-0.054456
-0.054464
-0.054471
-0.054479
-0.054486
-0.054494
-0.054501
-0.054509
-0.054516
-0.054523
-0.054531
-0.054538
-0.054546
-0.054553
-0.054561
-0.054568
-0.054575
-0.054583
-0.054590
-0.054597
-0.054605
-0.054612
-0.054620
-0.054627
-0.054634
-0.054642
-0.054649
-0.054656
-0.054664
-0.054671
-0.054678
-0.054686
-0.054693
-0.054700
-0.054708
-0.054715
-0.054722
-0.054729
-0.054737
-0.054744
-0.054751
-0.054759
-0.054766
-0.054773
-0.054780
-0.054788
-0.054795
-0.054802
-0.054809
-0.054817
-0.054824
-0.054831
-0.054838
-0.054846
-0.054853
-0.054860
-0.054867
-0.054874
-0.054882
-0.054889
-0.054896
-0.054903
-0.054910
-0.054918
-0.054925
-0.054932
-0.054939
-0.054946
-0.054953
-0.054960
-0.054968
-0.054975
-0.054982
-0.054989
-0.054996
-0.055003
-0.055010
-0.055018
-0.055025
-0.055032
-0.055039
-0.055046
-0.055053
-0.055060
-0.055067
-0.055074
-0.055081
-0.055089
-0.055096
-0.055103
-0.055110
-0.055117
-0.055124
-0.055131
-0.055138
-0.055145
-0.055152
-0.055159
-0.055166
-0.055173
-0.055180
-0.055187
-0.055194
-0.055201
-0.055208
-0.055215
-0.055222
-0.055229
-0.055236
-0.055243
-0.055250
-0.055257
-0.055264
-0.055271
-0.055278
-0.055285
-0.055292
-0.055299
-0.055306
-0.055313
-0.055320
-0.055327
-0.055334
-0.055341
-0.055348
-0.055354
-0.055361
-0.055368
-0.055375
-0.055382
-0.055389
-0.055396
-0.055403
-0.055410
-0.055417
-0.055423
-0.055430
-0.055437
-0.055444
-0.055451
-0.055458
-0.055465
-0.055472
-0.055478
-0.055485
-0.055492
-0.055499
-0.055506
-0.055513
-0.055519
-0.055526
-0.055533
-0.055540
-0.055547
-0.055554
-0.055560
-0.055567
-0.055574
-0.055581
-0.055588
-0.055594
-0.055601
-0.055608
-0.055615
-0.055622
-0.055628
-0.055635
-0.055642
-0.055649
-0.055655
-0.055662
-0.055669
-0.055676
-0.055682
-0.055689
-0.055696
-0.055703
-0.055709
-0.055716
-0.055723
-0.055730
-0.055736
-0.055743
-0.055750
-0.055756
-0.055763
-0.055770
-0.055777
-0.055783
-0.055790
-0.055797
-0.055803
-0.055810
-0.055817
-0.055823
-0.055830
-0.055837
-0.055843
-0.055850
-0.055857
-0.055863
-0.055870
-0.055877
-0.055883
-0.055890
-0.055896
-0.055903
-0.055910
-0.055916
-0.055923
-0.055930
-0.055936
-0.055943
-0.055949
-0.055956
-0.055963
-0.055969
-0.055976
-0.055982
-0.055989
-0.055996
-0.056002
-0.056009
-0.056015
-0.056022
-0.056028
-0.056035
-0.056042
-0.056048
-0.056055
-0.056061
-0.056068
-0.056074
-0.056081
-0.056087
-0.056094
-0.056100
-0.056107
-0.056114
-0.056120
-0.056127
-0.056133
-0.056140
-0.056146
-0.056153
-0.056159
-0.056166
-0.056172
-0.056179
-0.056185
-0.056192
-0.056198
-0.056205
-0.056211
-0.056217
-0.056224
-0.056230
-0.056237
-0.056243
-0.056250
-0.056256
-0.056263
-0.056269
-0.056276
-0.056282
-0.056288
-0.056295
-0.056301
-0.056308
-0.056314
-0.056321
-0.056327
-0.056333
-0.056340
-0.056346
-0.056353
-0.056359
-0.056365
-0.056372
-0.056378
-0.056385
-0.056391
-0.056397
-0.056404
-0.056410
-0.056416
-0.056423
-0.056429
-0.056436
-0.056442
-0.056448
-0.056455
-0.056461
-0.056467
-0.056474
-0.056480
-0.056486
-0.056493
-0.056499
-0.056505
-0.056512
-0.056518
-0.056524
-0.056531
-0.056537
-0.056543
-0.056550
-0.056556
-0.056562
-0.056568
-0.056575
-0.056581
-0.056587
-0.056594
-0.056600
-0.056606
-0.056612
-0.056619
-0.056625
-0.056631
-0.056638
-0.056644
-0.056650
-0.056656
-0.056663
-0.056669
-0.056675
-0.056681
-0.056688
-0.056694
-0.056700
-0.056706
-0.056712
-0.056719
-0.056725
-0.056731
-0.056737
-0.056744
-0.056750
-0.056756
-0.056762
-0.056768
-0.056775
-0.056781
-0.056787
-0.056793
-0.056799
-0.056806
-0.056812
-0.056818
-0.056824
-0.056830
-0.056836
-0.056843
-0.056849
-0.056855
-0.056861
-0.056867
-0.056873
-0.056879
-0.056886
-0.056892
-0.056898
-0.056904
-0.056910
-0.056916
-0.056922
-0.056929
-0.056935
-0.056941
-0.056947
-0.056953
-0.056959
-0.056965
-0.056971
-0.056977
-0.056984
-0.056990
-0.056996
-0.057002
-0.057008
-0.057014
-0.057020
-0.057026
-0.057032
-0.057038
-0.057044
-0.057050
-0.057056
-0.057062
-0.057069
-0.057075
-0.057081
-0.057087
-0.057093
-0.057099
-0.057105
-0.057111
-0.057117
-0.057123
-0.057129
-0.057135
-0.057141
-0.057147
-0.057153
-0.057159
-0.057165
-0.057171
-0.057177
-0.057183
-0.057189
-0.057195
-0.057201
-0.057207
-0.057213
-0.057219
-0.057225
-0.057231
-0.057237
-0.057243
-0.057249
-0.057255
-0.057261
-0.057267
-0.057273
-0.057279
-0.057285
-0.057291
-0.057296
-0.057302
-0.057308
-0.057314
-0.057320
-0.057326
-0.057332
-0.057338
-0.057344
-0.057350
-0.057356
-0.057362
-0.057368
-0.057373
-0.057379
-0.057385
-0.057391
-0.057397
-0.057403
-0.057409
-0.057415
-0.057421
-0.057427
-0.057432
-0.057438
-0.057444
-0.057450
-0.057456
-0.057462
-0.057468
-0.057473
-0.057479
-0.057485
-0.057491
-0.057497
-0.057503
-0.057509
-0.057514
-0.057520
-0.057526
-0.057532
-0.057538
-0.057544
-0.057549
-0.057555
-0.057561
-0.057567
-0.057573
-0.057578
-0.057584
-0.057590
-0.057596
-0.057602
-0.057607
-0.057613
-0.057619
-0.057625
-0.057631
-0.057636
-0.057642
-0.057648
-0.057654
-0.057660
-0.057665
-0.057671
-0.057677
-0.057683
-0.057688
-0.057694
-0.057700
-0.057706
-0.057711
-0.057717
-0.057723
-0.057729
-0.057734
-0.057740
-0.057746
-0.057751
-0.057757
-0.057763
-0.057769
-0.057774
-0.057780
-0.057786
-0.057791
-0.057797
-0.057803
-0.057809
-0.057814
-0.057820
-0.057826
-0.057831
-0.057837
-0.057843
-0.057848
-0.057854
-0.057860
-0.057865
-0.057871
-0.057877
-0.057882
-0.057888
-0.057894
-0.057899
-0.057905
-0.057911
-0.057916
-0.057922
-0.057928
-0.057933
-0.057939
-0.057944
-0.057950
-0.057956
-0.057961
-0.057967
-0.057973
-0.057978
-0.057984
-0.057989
-0.057995
-0.058001
-0.058006
-0.058012
-0.058017
-0.058023
-0.058029
-0.058034
-0.058040
-0.058045
-0.058051
-0.058057
-0.058062
-0.058068
-0.058073
-0.058079
-0.058084
-0.058090
-0.058095
-0.058101
-0.058107
-0.058112
-0.058118
-0.058123
-0.058129
-0.058134
-0.058140
-0.058145
-0.058151
-0.058156
-0.058162
-0.058167
-0.058173
-0.058179
-0.058184
-0.058190
-0.058195
-0.058201
-0.058206
-0.058212
-0.058217
-0.058223
-0.058228
-0.058234
-0.058239
-0.058244
-0.058250
-0.058255
-0.058261
-0.058266
-0.058272
-0.058277
-0.058283
-0.058288
-0.058294
-0.058299
-0.058305
-0.058310
-0.058316
-0.058321
-0.058326
-0.058332
-0.058337
-0.058343
-0.058348
-0.058354
-0.058359
-0.058364
-0.058370
-0.058375
-0.058381
-0.058386
-0.058392
-0.058397
-0.058402
-0.058408
-0.058413
-0.058419
-0.058424
-0.058429
-0.058435
-0.058440
-0.058446
-0.058451
-0.058456
-0.058462
-0.058467
-0.058472
-0.058478
-0.058483
-0.058489
-0.058494
-0.058499
-0.058505
-0.058510
-0.058515
-0.058521
-0.058526
-0.058531
-0.058537
-0.058542
-0.058547
-0.058553
-0.058558
-0.058563
-0.058569
-0.058574
-0.058579
-0.058585
-0.058590
-0.058595
-0.058601
-0.058606
-0.058611
-0.058616
-0.058622
-0.058627
-0.058632
-0.058638
-0.058643
-0.058648
-0.058653
-0.058659
-0.058664
-0.058669
-0.058675
-0.058680
-0.058685
-0.058690
-0.058696
-0.058701
-0.058706
-0.058711
-0.058717
-0.058722
-0.058727
-0.058732
-0.058738
-0.058743
-0.058748
-0.058753
-0.058759
-0.058764
-0.058769
-0.058774
-0.058779
-0.058785
-0.058790
-0.058795
-0.058800
-0.058805
-0.058811
-0.058816
-0.058821
-0.058826
-0.058831
-0.058837
-0.058842
-0.058847
-0.058852
-0.058857
-0.058863
-0.058868
-0.058873
-0.058878

