0.000000
0.000000
-0.000026
-0.000052
-0.000077
-0.000103
-0.000128
-0.000153
-0.000177
-0.000201
-0.000224
-0.000247
-0.000270
-0.000293
-0.000315
-0.000337
-0.000359
-0.000380
-0.000402
-0.000423
-0.000444
-0.000465
-0.000485
-0.000506
-0.000526
-0.000547
-0.000567
-0.000587
-0.000607
-0.000627
-0.000647
-0.000667
-0.000687
-0.000707
-0.000726
-0.000746
-0.000766
-0.000785
-0.000805
-0.000824
-0.000844
-0.000863
-0.000883
-0.000902
-0.000922
-0.000941
-0.000961
-0.000980
-0.001000
-0.001019
-0.001038
-0.001058
-0.001077
-0.001097
-0.001116
-0.001135
-0.001155
-0.001174
-0.001194
-0.001213
-0.001233
-0.001252
-0.001271
-0.001291
-0.001310
-0.001330
-0.001349
-0.001369
-0.001388
-0.001408
-0.001428
-0.001447
-0.001467
-0.001486
-0.001506
-0.001525
-0.001545
-0.001565
-0.001584
-0.001604
-0.001624
-0.001644
-0.001663
-0.001683
-0.001703
-0.001723
-0.001743
-0.001762
-0.001782
-0.001802
-0.001822
-0.001842
-0.001862
-0.001882
-0.001902
-0.001922
-0.001942
-0.001962
-0.001982
-0.002002
-0.002022
-0.002042
-0.002063
-0.002083
-0.002103
-0.002123
-0.002143
-0.002164
-0.002184
-0.002204
-0.002225
-0.002245
-0.002265
-0.002286
-0.002306
-0.002326
-0.002347
-0.002367
-0.002388
-0.002408
-0.002429
-0.002449
-0.002470
-0.002491
-0.002511
-0.002532
-0.002553
-0.002573
-0.002594
-0.002615
-0.002635
-0.002656
-0.002677
-0.002698
-0.002719
-0.002739
-0.002760
-0.002781
-0.002802
-0.002823
-0.002844
-0.002865
-0.002886
-0.002907
-0.002928
-0.002949
-0.002970
-0.002991
-0.003012
-0.003033
-0.003054
-0.003075
-0.003097
-0.003118
-0.003139
-0.003160
-0.003181
-0.003203
-0.003224
-0.003245
-0.003266
-0.003288
-0.003309
-0.003330
-0.003352
-0.003373
-0.003395
-0.003416
-0.003437
-0.003459
-0.003480
-0.003502
-0.003523
-0.003545
-0.003566
-0.003588
-0.003610
-0.003631
-0.003653
-0.003674
-0.003696
-0.003718
-0.003739
-0.003761
-0.003783
-0.003804
-0.003826
-0.003848
-0.003869
-0.003891
-0.003913
-0.003935
-0.003956
-0.003978
-0.004000
-0.004022
-0.004044
-0.004066
-0.004088
-0.004109
-0.004131
-0.004153
-0.004175
-0.004197
-0.004219
-0.004241
-0.004263
-0.004285
-0.004307
-0.004329
-0.004351
-0.004373
-0.004395
-0.004417
-0.004439
-0.004461
-0.004483
-0.004505
-0.004527
-0.004550
-0.004572
-0.004594
-0.004616
-0.004638
-0.004660
-0.004683
-0.004705
-0.004727
-0.004749
-0.004771
-0.004794
-0.004816
-0.004838
-0.004860
-0.004883
-0.004905
-0.004927
-0.004949
-0.004972
-0.004994
-0.005016
-0.005039
-0.005061
-0.005083
-0.005106
-0.005128
-0.005150
-0.005173
-0.005195
-0.005218
-0.005240
-0.005262
-0.005285
-0.005307
-0.005330
-0.005352
-0.005375
-0.005397
-0.005419
-0.005442
-0.005464
-0.005487
-0.005509
-0.005532
-0.005554
-0.005577
-0.005599
-0.005622
-0.005644
-0.005667
-0.005690
-0.005712
-0.005735
-0.005757
-0.005780
-0.005802
-0.005825
-0.005847
-0.005870
-0.005893
-0.005915
-0.005938
-0.005960
-0.005983
-0.006006
-0.006028
-0.006051
-0.006073
-0.006096
-0.006119
-0.006141
-0.006164
-0.006187
-0.006209
-0.006232
-0.006255
-0.006277
-0.006300
-0.006323
-0.006345
-0.006368
-0.006391
-0.006413
-0.006436
-0.006459
-0.006482
-0.006504
-0.006527
-0.006550
-0.006572
-0.006595
-0.006618
-0.006641
-0.006663
-0.006686
-0.006709
-0.006731
-0.006754
-0.006777
-0.006800
-0.006822
-0.006845
-0.006868
-0.006891
-0.006913
-0.006936
-0.006959
-0.006982
-0.007004
-0.007027
-0.007050
-0.007073
-0.007095
-0.007118
-0.007141
-0.007164
-0.007187
-0.007209
-0.007232
-0.007255
-0.007278
-0.007300
-0.007323
-0.007346
-0.007369
-0.007392
-0.007414
-0.007437
-0.007460
-0.007483
-0.007505
-0.007528
-0.007551
-0.007574
-0.007597
-0.007619
-0.007642
-0.007665
-0.007688
-0.007711
-0.007733
-0.007756
-0.007779
-0.007802
-0.007825
-0.007847
-0.007870
-0.007893
-0.007916
-0.007939
-0.007961
-0.007984
-0.008007
-0.008030
-0.008052
-0.008075
-0.008098
-0.008121
-0.008144
-0.008166
-0.008189
-0.008212
-0.008235
-0.008258
-0.008280
-0.008303
-0.008326
-0.008349
-0.008371
-0.008394
-0.008417
-0.008440
-0.008462
-0.008485
-0.008508
-0.008531
-0.008554
-0.008576
-0.008599
-0.008622
-0.008645
-0.008667
-0.008690
-0.008713
-0.008736
-0.008758
-0.008781
-0.008804
-0.008827
-0.008849
-0.008872
-0.008895
-0.008917
-0.008940
-0.008963
-0.008986
-0.009008
-0.009031
-0.009054
-0.009077
-0.009099
-0.009122
-0.009145
-0.009167
-0.009190
-0.009213
-0.009235
-0.009258
-0.009281
-0.009304
-0.009326
-0.009349
-0.009372
-0.009394
-0.009417
-0.009440
-0.009462
-0.009485
-0.009508
-0.009530
-0.009553
-0.009576
-0.009598
-0.009621
-0.009643
-0.009666
-0.009689
-0.009711
-0.009734
-0.009757
-0.009779
-0.009802
-0.009824
-0.009847
-0.009870
-0.009892
-0.009915
-0.009937
-0.009960
-0.009983
-0.010005
-0.010028
-0.010050
-0.010073
-0.010095
-0.010118
-0.010141
-0.010163
-0.010186
-0.010208
-0.010231
-0.010253
-0.010276
-0.010298
-0.010321
-0.010343
-0.010366
-0.010388
-0.010411
-0.010433
-0.010456
-0.010478
-0.010501
-0.010523
-0.010546
-0.010568
-0.010591
-0.010613
-0.010636
-0.010658
-0.010680
-0.010703
-0.010725
-0.010748
-0.010770
-0.010793
-0.010815
-0.010837
-0.010860
-0.010882
-0.010905
-0.010927
-0.010949
-0.010972
-0.010994
-0.011017
-0.011039
-0.011061
-0.011084
-0.011106
-0.011128
-0.011151
-0.011173
-0.011195
-0.011218
-0.011240
-0.011262
-0.011285
-0.011307
-0.011329
-0.011351
-0.011374
-0.011396
-0.011418
-0.011440
-0.011463
-0.011485
-0.011507
-0.011529
-0.011552
-0.011574
-0.011596
-0.011618
-0.011641
-0.011663
-0.011685
-0.011707
-0.011729
-0.011752
-0.011774
-0.011796
-0.011818
-0.011840
-0.011862
-0.011884
-0.011907
-0.011929
-0.011951
-0.011973
-0.011995
-0.012017
-0.012039
-0.012061
-0.012083
-0.012106
-0.012128
-0.012150
-0.012172
-0.012194
-0.012216
-0.012238
-0.012260
-0.012282
-0.012304
-0.012326
-0.012348
-0.012370
-0.012392
-0.012414
-0.012436
-0.012458
-0.012480
-0.012502
-0.012524
-0.012546
-0.012568
-0.012590
-0.012612
-0.012634
-0.012655
-0.012677
-0.012699
-0.012721
-0.012743
-0.012765
-0.012787
-0.012809
-0.012831
-0.012852
-0.012874
-0.012896
-0.012918
-0.012940
-0.012962
-0.012983
-0.013005
-0.013027
-0.013049
-0.013070
-0.013092
-0.013114
-0.013136
-0.013158
-0.013179
-0.013201
-0.013223
-0.013244
-0.013266
-0.013288
-0.013310
-0.013331
-0.013353
-0.013375
-0.013396
-0.013418
-0.013440
-0.013461
-0.013483
-0.013505
-0.013526
-0.013548
-0.013569
-0.013591
-0.013613
-0.013634
-0.013656
-0.013677
-0.013699
-0.013721
-0.013742
-0.013764
-0.013785
-0.013807
-0.013828
-0.013850
-0.013871
-0.013893
-0.013914
-0.013936
-0.013957
-0.013979
-0.014000
-0.014022
-0.014043
-0.014065
-0.014086
-0.014107
-0.014129
-0.014150
-0.014172
-0.014193
-0.014214
-0.014236
-0.014257
-0.014278
-0.014300
-0.014321
-0.014343
-0.014364
-0.014385
-0.014406
-0.014428
-0.014449
-0.014470
-0.014492
-0.014513
-0.014534
-0.014555
-0.014577
-0.014598
-0.014619
-0.014640
-0.014662
-0.014683
-0.014704
-0.014725
-0.014746
-0.014768
-0.014789
-0.014810
-0.014831
-0.014852
-0.014873
-0.014894
-0.014916
-0.014937
-0.014958
-0.014979
-0.015000
-0.015021
-0.015042
-0.015063
-0.015084
-0.015105
-0.015126
-0.015147
-0.015168
-0.015189
-0.015210
-0.015231
-0.015252
-0.015273
-0.015294
-0.015315
-0.015336
-0.015357
-0.015378
-0.015399
-0.015420
-0.015441
-0.015462
-0.015483
-0.015504
-0.015524
-0.015545
-0.015566
-0.015587
-0.015608
-0.015629
-0.015650
-0.015670
-0.015691
-0.015712
-0.015733
-0.015754
-0.015774
-0.015795
-0.015816
-0.015837
-0.015857
-0.015878
-0.015899
-0.015920
-0.015940
-0.015961
-0.015982
-0.016002
-0.016023
-0.016044
-0.016064
-0.016085
-0.016106
-0.016126
-0.016147
-0.016168
-0.016188
-0.016209
-0.016229
-0.016250
-0.016271
-0.016291
-0.016312
-0.016332
-0.016353
-0.016373
-0.016394
-0.016414
-0.016435
-0.016455
-0.016476
-0.016496
-0.016517
-0.016537
-0.016558
-0.016578
-0.016599
-0.016619
-0.016639
-0.016660
-0.016680
-0.016701
-0.016721
-0.016741
-0.016762
-0.016782
-0.016802
-0.016823
-0.016843
-0.016863
-0.016884
-0.016904
-0.016924
-0.016945
-0.016965
-0.016985
-0.017005
-0.017026
-0.017046
-0.017066
-0.017086
-0.017107
-0.017127
-0.017147
-0.017167
-0.017187
-0.017207
-0.017228
-0.017248
-0.017268
-0.017288
-0.017308
-0.017328
-0.017348
-0.017369
-0.017389
-0.017409
-0.017429
-0.017449
-0.017469
-0.017489
-0.017509
-0.017529
-0.017549
-0.017569
-0.017589
-0.017609
-0.017629
-0.017649
-0.017669
-0.017689
-0.017709
-0.017729
-0.017749
-0.017769
-0.017789
-0.017808
-0.017828
-0.017848
-0.017868
-0.017888
-0.017908
-0.017928
-0.017948
-0.017967
-0.017987
-0.018007
-0.018027
-0.018047
-0.018066
-0.018086
-0.018106
-0.018126
-0.018145
-0.018165
-0.018185
-0.018205
-0.018224
-0.018244
-0.018264
-0.018284
-0.018303
-0.018323
-0.018343
-0.018362
-0.018382
-0.018401
-0.018421
-0.018441
-0.018460
-0.018480
-0.018500
-0.018519
-0.018539
-0.018558
-0.018578
-0.018597
-0.018617
-0.018636
-0.018656
-0.018675
-0.018695
-0.018714
-0.018734
-0.018753
-0.018773
-0.018792
-0.018812
-0.018831
-0.018851
-0.018870
-0.018889
-0.018909
-0.018928
-0.018948
-0.018967
-0.018986
-0.019006
-0.019025
-0.019044
-0.019064
-0.019083
-0.019102
-0.019122
-0.019141
-0.019160
-0.019179
-0.019199
-0.019218
-0.019237
-0.019256
-0.019276
-0.019295
-0.019314
-0.019333
-0.019353
-0.019372
-0.019391
-0.019410
-0.019429
-0.019448
-0.019468
-0.019487
-0.019506
-0.019525
-0.019544
-0.019563
-0.019582
-0.019601
-0.019620
-0.019639
-0.019658
-0.019677
-0.019696
-0.019715
-0.019734
-0.019753
-0.019772
-0.019791
-0.019810
-0.019829
-0.019848
-0.019867
-0.019886
-0.019905
-0.019924
-0.019943
-0.019962
-0.019981
-0.020000
-0.020019
-0.020037
-0.020056
-0.020075
-0.020094
-0.020113
-0.020132
-0.020150
-0.020169
-0.020188
-0.020207
-0.020226
-0.020244
-0.020263
-0.020282
-0.020301
-0.020319
-0.020338
-0.020357
-0.020375
-0.020394
-0.020413
-0.020432
-0.020450
-0.020469
-0.020488
-0.020506
-0.020525
-0.020543
-0.020562
-0.020581
-0.020599
-0.020618
-0.020636
-0.020655
-0.020674
-0.020692
-0.020711
-0.020729
-0.020748
-0.020766
-0.020785
-0.020803
-0.020822
-0.020840
-0.020859
-0.020877
-0.020895
-0.020914
-0.020932
-0.020951
-0.020969
-0.020988
-0.021006
-0.021024
-0.021043
-0.021061
-0.021079
-0.021098
-0.021116
-0.021135
-0.021153
-0.021171
-0.021189
-0.021208
-0.021226
-0.021244
-0.021263
-0.021281
-0.021299
-0.021317
-0.021336
-0.021354
-0.021372
-0.021390
-0.021408
-0.021427
-0.021445
-0.021463
-0.021481
-0.021499
-0.021517
-0.021536
-0.021554
-0.021572
-0.021590
-0.021608
-0.021626
-0.021644
-0.021662
-0.021680
-0.021698
-0.021716
-0.021734
-0.021752
-0.021770
-0.021788
-0.021806
-0.021824
-0.021842
-0.021860
-0.021878
-0.021896
-0.021914
-0.021932
-0.021950
-0.021968
-0.021986
-0.022004
-0.022022
-0.022040
-0.022058
-0.022075
-0.022093
-0.022111
-0.022129
-0.022147
-0.022165
-0.022182
-0.022200
-0.022218
-0.022236
-0.022254
-0.022271
-0.022289
-0.022307
-0.022325
-0.022342
-0.022360
-0.022378
-0.022395
-0.022413
-0.022431
-0.022448
-0.022466
-0.022484
-0.022501
-0.022519
-0.022537
-0.022554
-0.022572
-0.022590
-0.022607
-0.022625
-0.022642
-0.022660
-0.022677
-0.022695
-0.022713
-0.022730
-0.022748
-0.022765
-0.022783
-0.022800
-0.022818
-0.022835
-0.022853
-0.022870
-0.022887
-0.022905
-0.022922
-0.022940
-0.022957
-0.022975
-0.022992
-0.023009
-0.023027
-0.023044
-0.023062
-0.023079
-0.023096
-0.023114
-0.023131
-0.023148
-0.023166
-0.023183
-0.023200
-0.023217
-0.023235
-0.023252
-0.023269
-0.023286
-0.023304
-0.023321
-0.023338
-0.023355
-0.023373
-0.023390
-0.023407
-0.023424
-0.023441
-0.023458
-0.023476
-0.023493
-0.023510
-0.023527
-0.023544
-0.023561
-0.023578
-0.023595
-0.023613
-0.023630
-0.023647
-0.023664
-0.023681
-0.023698
-0.023715
-0.023732
-0.023749
-0.023766
-0.023783
-0.023800
-0.023817
-0.023834
-0.023851
-0.023868
-0.023885
-0.023902
-0.023919
-0.023935
-0.023952
-0.023969
-0.023986
-0.024003
-0.024020
-0.024037
-0.024054
-0.024070
-0.024087
-0.024104
-0.024121
-0.024138
-0.024155
-0.024171
-0.024188
-0.024205
-0.024222
-0.024238
-0.024255
-0.024272
-0.024289
-0.024305
-0.024322
-0.024339
-0.024356
-0.024372
-0.024389
-0.024406
-0.024422
-0.024439
-0.024456
-0.024472
-0.024489
-0.024505
-0.024522
-0.024539
-0.024555
-0.024572
-0.024588
-0.024605
-0.024622
-0.024638
-0.024655
-0.024671
-0.024688
-0.024704
-0.024721
-0.024737
-0.024754
-0.024770
-0.024787
-0.024803
-0.024820
-0.024836
-0.024852
-0.024869
-0.024885
-0.024902
-0.024918
-0.024935
-0.024951
-0.024967
-0.024984
-0.025000
-0.025016
-0.025033
-0.025049
-0.025065
-0.025082
-0.025098
-0.025114
-0.025131
-0.025147
-0.025163
-0.025179
-0.025196
-0.025212
-0.025228
-0.025244
-0.025261
-0.025277
-0.025293
-0.025309
-0.025326
-0.025342
-0.025358
-0.025374
-0.025390
-0.025406
-0.025423
-0.025439
-0.025455
-0.025471
-0.025487
-0.025503
-0.025519
-0.025535
-0.025551
-0.025567
-0.025583
-0.025600
-0.025616
-0.025632
-0.025648
-0.025664
-0.025680
-0.025696
-0.025712
-0.025728
-0.025744
-0.025760
-0.025775
-0.025791
-0.025807
-0.025823
-0.025839
-0.025855
-0.025871
-0.025887
-0.025903
-0.025919
-0.025935
-0.025950
-0.025966
-0.025982
-0.025998
-0.026014
-0.026030
-0.026045
-0.026061
-0.026077
-0.026093
-0.026109
-0.026124
-0.026140
-0.026156
-0.026172
-0.026187
-0.026203
-0.026219
-0.026235
-0.026250
-0.026266
-0.026282
-0.026297
-0.026313
-0.026329
-0.026344
-0.026360
-0.026376
-0.026391
-0.026407
-0.026422
-0.026438
-0.026454
-0.026469
-0.026485
-0.026500
-0.026516
-0.026532
-0.026547
-0.026563
-0.026578
-0.026594
-0.026609
-0.026625
-0.026640
-0.026656
-0.026671
-0.026687
-0.026702
-0.026718
-0.026733
-0.026748
-0.026764
-0.026779
-0.026795
-0.026810
-0.026825
-0.026841
-0.026856
-0.026872
-0.026887
-0.026902
-0.026918
-0.026933
-0.026948
-0.026964
-0.026979
-0.026994
-0.027010
-0.027025
-0.027040
-0.027055
-0.027071
-0.027086
-0.027101
-0.027116
-0.027132
-0.027147
-0.027162
-0.027177
-0.027193
-0.027208
-0.027223
-0.027238
-0.027253
-0.027268
-0.027284
-0.027299
-0.027314
-0.027329
-0.027344
-0.027359
-0.027374
-0.027389
-0.027405
-0.027420
-0.027435
-0.027450
-0.027465
-0.027480
-0.027495
-0.027510
-0.027525
-0.027540
-0.027555
-0.027570
-0.027585
-0.027600
-0.027615
-0.027630
-0.027645
-0.027660
-0.027675
-0.027690
-0.027705
-0.027720
-0.027734
-0.027749
-0.027764
-0.027779
-0.027794
-0.027809
-0.027824
-0.027839
-0.027853
-0.027868
-0.027883
-0.027898
-0.027913
-0.027928
-0.027942
-0.027957
-0.027972
-0.027987
-0.028001
-0.028016
-0.028031
-0.028046
-0.028060
-0.028075
-0.028090
-0.028105
-0.028119
-0.028134
-0.028149
-0.028163
-0.028178
-0.028193
-0.028207
-0.028222
-0.028237
-0.028251
-0.028266
-0.028281
-0.028295
-0.028310
-0.028324
-0.028339
-0.028353
-0.028368
-0.028383
-0.028397
-0.028412
-0.028426
-0.028441
-0.028455
-0.028470
-0.028484
-0.028499
-0.028513
-0.028528
-0.028542
-0.028557
-0.028571
-0.028586
-0.028600
-0.028614
-0.028629
-0.028643
-0.028658
-0.028672
-0.028687
-0.028701
-0.028715
-0.028730
-0.028744
-0.028758
-0.028773
-0.028787
-0.028801
-0.028816
-0.028830
-0.028844
-0.028859
-0.028873
-0.028887
-0.028902
-0.028916
-0.028930
-0.028944
-0.028959
-0.028973
-0.028987
-0.029001
-0.029015
-0.029030
-0.029044
-0.029058
-0.029072
-0.029086
-0.029101
-0.029115
-0.029129
-0.029143
-0.029157
-0.029171
-0.029185
-0.029200
-0.029214
-0.029228
-0.029242
-0.029256
-0.029270
-0.029284
-0.029298
-0.029312
-0.029326
-0.029340
-0.029354
-0.029368
-0.029382
-0.029396
-0.029410
-0.029424
-0.029438
-0.029452
-0.029466
-0.029480
-0.029494
-0.029508
-0.029522
-0.029536
-0.029550
-0.029564
-0.029578
-0.029592
-0.029606
-0.029620
-0.029633
-0.029647
-0.029661
-0.029675
-0.029689
-0.029703
-0.029717
-0.029730
-0.029744
-0.029758
-0.029772
-0.029786
-0.029799
-0.029813
-0.029827
-0.029841
-0.029854
-0.029868
-0.029882
-0.029896
-0.029909
-0.029923
-0.029937
-0.029951
-0.029964
-0.029978
-0.029992
-0.030005
-0.030019
-0.030033
-0.030046
-0.030060
-0.030074
-0.030087
-0.030101
-0.030114
-0.030128
-0.030142
-0.030155
-0.030169
-0.030182
-0.030196
-0.030209
-0.030223
-0.030237
-0.030250
-0.030264
-0.030277
-0.030291
-0.030304
-0.030318
-0.030331
-0.030345
-0.030358
-0.030372
-0.030385
-0.030399
-0.030412
-0.030425
-0.030439
-0.030452
-0.030466
-0.030479
-0.030493
-0.030506
-0.030519
-0.030533
-0.030546
-0.030559
-0.030573
-0.030586
-0.030600
-0.030613
-0.030626
-0.030640
-0.030653
-0.030666
-0.030679
-0.030693
-0.030706
-0.030719
-0.030733
-0.030746
-0.030759
-0.030772
-0.030786
-0.030799
-0.030812
-0.030825
-0.030839
-0.030852
-0.030865
-0.030878
-0.030891
-0.030905
-0.030918
-0.030931
-0.030944
-0.030957
-0.030970
-0.030983
-0.030997
-0.031010
-0.031023
-0.031036
-0.031049
-0.031062
-0.031075
-0.031088
-0.031101
-0.031114
-0.031127
-0.031140
-0.031154
-0.031167
-0.031180
-0.031193
-0.031206
-0.031219
-0.031232
-0.031245
-0.031258
-0.031271
-0.031284
-0.031296
-0.031309
-0.031322
-0.031335
-0.031348
-0.031361
-0.031374
-0.031387
-0.031400
-0.031413
-0.031426
-0.031439
-0.031451
-0.031464
-0.031477
-0.031490
-0.031503
-0.031516
-0.031529
-0.031541
-0.031554
-0.031567
-0.031580
-0.031593
-0.031605
-0.031618
-0.031631
-0.031644
-0.031656
-0.031669
-0.031682
-0.031695
-0.031707
-0.031720
-0.031733
-0.031746
-0.031758
-0.031771
-0.031784
-0.031796
-0.031809
-0.031822
-0.031834
-0.031847
-0.031860
-0.031872
-0.031885
-0.031898
-0.031910
-0.031923
-0.031935
-0.031948
-0.031961
-0.031973
-0.031986
-0.031998
-0.032011
-0.032023
-0.032036
-0.032049
-0.032061
-0.032074
-0.032086
-0.032099
-0.032111
-0.032124
-0.032136
-0.032149
-0.032161
-0.032174
-0.032186
-0.032199
-0.032211
-0.032223
-0.032236
-0.032248
-0.032261
-0.032273
-0.032286
-0.032298
-0.032310
-0.032323
-0.032335
-0.032347
-0.032360
-0.032372
-0.032385
-0.032397
-0.032409
-0.032422
-0.032434
-0.032446
-0.032459
-0.032471
-0.032483
-0.032495
-0.032508
-0.032520
-0.032532
-0.032545
-0.032557
-0.032569
-0.032581
-0.032594
-0.032606
-0.032618
-0.032630
-0.032642
-0.032655
-0.032667
-0.032679
-0.032691
-0.032703
-0.032716
-0.032728
-0.032740
-0.032752
-0.032764
-0.032776
-0.032788
-0.032800
-0.032813
-0.032825
-0.032837
-0.032849
-0.032861
-0.032873
-0.032885
-0.032897
-0.032909
-0.032921
-0.032933
-0.032945
-0.032957
-0.032969
-0.032981
-0.032993
-0.033005
-0.033017
-0.033029
-0.033041
-0.033053
-0.033065
-0.033077
-0.033089
-0.033101
-0.033113
-0.033125
-0.033137
-0.033149
-0.033161
-0.033173
-0.033185
-0.033197
-0.033209
-0.033220
-0.033232
-0.033244
-0.033256
-0.033268
-0.033280
-0.033292
-0.033303
-0.033315
-0.033327
-0.033339
-0.033351
-0.033362
-0.033374
-0.033386
-0.033398
-0.033410
-0.033421
-0.033433
-0.033445
-0.033457
-0.033468
-0.033480
-0.033492
-0.033504
-0.033515
-0.033527
-0.033539
-0.033550
-0.033562
-0.033574
-0.033585
-0.033597
-0.033609
-0.033620
-0.033632
-0.033644
-0.033655
-0.033667
-0.033679
-0.033690
-0.033702
-0.033713
-0.033725
-0.033737
-0.033748
-0.033760
-0.033771
-0.033783
-0.033795
-0.033806
-0.033818
-0.033829
-0.033841
-0.033852
-0.033864
-0.033875
-0.033887
-0.033898
-0.033910
-0.033921
-0.033933
-0.033944
-0.033956
-0.033967
-0.033979
-0.033990
-0.034001
-0.034013
-0.034024
-0.034036
-0.034047
-0.034059
-0.034070
-0.034081
-0.034093
-0.034104
-0.034116
-0.034127
-0.034138
-0.034150
-0.034161
-0.034172
-0.034184
-0.034195
-0.034206
-0.034218
-0.034229
-0.034240
-0.034252
-0.034263
-0.034274
-0.034285
-0.034297
-0.034308
-0.034319
-0.034330
-0.034342
-0.034353
-0.034364
-0.034375
-0.034387
-0.034398
-0.034409
-0.034420
-0.034431
-0.034443
-0.034454
-0.034465
-0.034476
-0.034487
-0.034498
-0.034510
-0.034521
-0.034532
-0.034543
-0.034554
-0.034565
-0.034576
-0.034588
-0.034599
-0.034610
-0.034621
-0.034632
-0.034643
-0.034654
-0.034665
-0.034676
-0.034687
-0.034698
-0.034709
-0.034720
-0.034731
-0.034742
-0.034753
-0.034764
-0.034775
-0.034786
-0.034797
-0.034808
-0.034819
-0.034830
-0.034841
-0.034852
-0.034863
-0.034874
-0.034885
-0.034896
-0.034907
-0.034918
-0.034929
-0.034940
-0.034950
-0.034961
-0.034972
-0.034983
-0.034994
-0.035005
-0.035016
-0.035027
-0.035037
-0.035048
-0.035059
-0.035070
-0.035081
-0.035092
-0.035102
-0.035113
-0.035124
-0.035135
-0.035146
-0.035156
-0.035167
-0.035178
-0.035189
-0.035199
-0.035210
-0.035221
-0.035232
-0.035242
-0.035253
-0.035264
-0.035275
-0.035285
-0.035296
-0.035307
-0.035317
-0.035328
-0.035339
-0.035349
-0.035360
-0.035371
-0.035381
-0.035392
-0.035403
-0.035413
-0.035424
-0.035435
-0.035445
-0.035456
-0.035466
-0.035477
-0.035488
-0.035498
-0.035509
-0.035519
-0.035530
-0.035540
-0.035551
-0.035562
-0.035572
-0.035583
-0.035593
-0.035604
-0.035614
-0.035625
-0.035635
-0.035646
-0.035656
-0.035667
-0.035677
-0.035688
-0.035698
-0.035709
-0.035719
-0.035729
-0.035740
-0.035750
-0.035761
-0.035771
-0.035782
-0.035792
-0.035802
-0.035813
-0.035823
-0.035834
-0.035844
-0.035854
-0.035865
-0.035875
-0.035885
-0.035896
-0.035906
-0.035917
0.601091
1.513591
2.555532
3.206209
3.665150
3.999273
4.246420
4.430128
4.565699
4.663662
4.726619
4.763112
4.778587
4.777114
4.761849
4.735305
4.699523
4.656179
4.606677
4.552177
4.493660
4.431953
4.367770
4.301693
4.234227
4.165807
4.096789
4.027479
3.958144
3.888999
3.820227
3.751992
3.684418
3.617613
3.551667
3.486665
3.422656
3.359689
3.297812
3.237045
3.177410
3.118929
3.061608
3.005451
2.950458
2.896633
2.843965
2.792446
2.742066
2.692816
2.644680
2.597642
2.551686
2.506794
2.462955
2.420145
2.378345
2.337537
2.297700
2.258820
2.220873
2.183840
2.147701
2.112436
2.078026
2.044456
2.011703
1.979749
1.948574
1.918160
1.888489
1.859543
1.831309
1.803766
1.776896
1.750684
1.725113
1.700167
1.675829
1.652086
1.628924
1.606327
1.584280
1.562769
1.541780
1.521300
1.501316
1.481814
1.462782
1.444208
1.426082
1.408390
1.391122
1.374266
1.357811
1.341746
1.326062
1.310747
1.295793
1.281189
1.916306
2.834527
3.888100
4.566256
5.058760
5.428484
5.711080
5.928695
6.096020
6.223215
6.307101
6.359433
6.387016
6.394768
6.386425
6.364921
6.332608
6.291409
6.242916
6.188458
6.129177
6.065999
5.999722
5.931025
5.860524
5.788671
5.715885
5.642562
5.568964
5.495349
5.421973
5.348981
5.276549
5.204796
5.133825
5.063744
4.994615
4.926495
4.859428
4.793488
4.728671
4.664998
4.602513
4.541202
4.481069
4.422132
4.364377
4.307797
4.252381
4.198138
4.145040
4.093072
4.042218
3.992478
3.943822
3.896232
3.849688
3.804169
3.759677
3.716174
3.673641
3.632057
3.591401
3.551672
3.512835
3.474869
3.437755
3.401474
3.366014
3.331353
3.297471
3.264348
3.231966
3.200306
3.169351
3.139095
3.109513
3.080586
3.052299
3.024636
2.997580
2.971116
2.945230
2.919918
2.895155
2.870927
2.847221
2.824024
2.801321
2.779100
2.757349
2.736056
2.715216
2.694812
2.674831
2.655263
2.636097
2.617321
2.598926
2.580902
2.563239
2.545927
2.528956
2.512324
2.496018
2.480028
2.464347
2.448965
2.433875
2.419069
2.404540
2.390279
2.376281
2.362537
2.349041
2.335787
2.322768
2.309977
2.297414
2.285069
2.272935
2.261007
2.249280
2.237748
2.226406
2.215248
2.204271
2.193468
2.182837
2.172371
2.162066
2.151919
2.141925
2.132080
2.122380
2.112822
2.103401
2.094114
2.084961
2.075935
2.067034
2.058254
2.049591
2.041043
2.032607
2.024279
2.016058
2.007939
1.999921
1.992000
1.984175
1.976443
1.968801
1.961248
1.953780
1.946396
1.939094
1.931872
1.924727
1.917657
1.910661
1.903738
1.896884
1.890099
1.883380
1.876727
1.870139
1.863613
1.857148
1.850742
1.844394
1.838102
1.831866
1.825682
1.819551
1.813471
1.807441
1.801459
1.795525
1.789637
1.783795
1.777997
1.772242
1.766529
1.760858
1.755227
1.749636
1.744083
1.738568
1.733089
1.727647
1.722240
1.716868
1.711530
1.706224
1.700951
1.695710
1.690500
1.685320
1.680170
1.675049
1.669957
1.664893
1.659857
1.654849
1.649867
1.644912
1.639982
1.635077
1.630196
1.625340
1.620507
1.615698
1.610911
1.606147
1.601404
1.596683
1.591983
1.587304
1.582646
1.578007
1.573389
1.568789
1.564209
1.559648
1.555105
1.550580
1.546073
1.541584
1.537112
1.532658
1.528220
1.523799
1.519394
1.515005
1.510633
1.506276
1.501934
1.497608
1.493297
1.489000
1.484719
1.480452
1.476199
1.471960
1.467735
1.463525
1.459327
1.455144
1.450973
1.446816
1.442673
1.438542
1.434425
1.430321
1.426229
1.422149
1.418082
1.414028
1.409985
1.405954
1.401935
1.397928
1.393932
1.389948
1.385975
1.382013
1.378063
1.374124
1.370195
1.366278
1.362372
1.358476
1.354591
1.350716
1.346852
1.342998
1.339155
1.335322
1.331499
1.327686
1.323884
1.320091
1.316308
1.312536
1.308773
1.305019
1.301276
1.297542
1.293817
1.290103
1.286397
1.282701
1.279015
1.275338
1.271670
1.268011
1.264362
1.260721
1.257090
1.253468
1.249854
1.246250
1.242655
1.239069
1.235491
1.231922
1.228362
1.224812
1.221270
1.217737
1.214213
1.210697
1.207190
1.203692
1.200202
1.196721
1.193249
1.189784
1.186328
1.182881
1.179442
1.176011
1.172588
1.169174
1.165768
1.162370
1.158980
1.155599
1.152225
1.148860
1.145503
1.142154
1.138812
1.135479
1.132154
1.128837
1.125527
1.122226
1.118932
1.115647
1.112369
1.109099
1.105836
1.102582
1.099335
1.096096
1.092865
1.089641
1.086426
1.083217
1.080017
1.076824
1.073638
1.070461
1.067291
1.064128
1.060973
1.057825
1.054685
1.051553
1.048428
1.045310
1.042200
1.039097
1.036002
1.032914
1.029833
1.026760
1.023694
1.020635
1.017584
1.014540
1.011503
1.008474
1.005452
1.002438
0.999431
0.996431
0.993438
0.990453
0.987475
0.984504
0.981540
0.978583
0.975634
0.972691
0.969756
0.966828
0.963906
0.960992
0.958085
0.955185
0.952292
0.949406
0.946526
0.943654
0.940789
0.937930
0.935079
0.932234
0.929396
0.926565
0.923741
0.920924
0.918114
0.915310
0.912513
0.909724
0.906940
0.904164
0.901394
0.898631
0.895875
0.893126
0.890383
0.887647
0.884917
0.882194
0.879478
0.876769
0.874066
0.871369
0.868680
0.865997
0.863320
0.860650
0.857987
0.855330
0.852679
0.850035
0.847398
0.844767
0.842143
0.839525
0.836913
0.834308
0.831709
0.829117
0.826531
0.823952
0.821379
0.818812
0.816251
0.813697
0.811150
0.808608
0.806073
0.803544
0.801022
0.798505
0.795995
0.793491
0.790994
0.788503
0.786018
0.783540
0.781067
0.778601
0.776141
0.773688
0.771240
0.768799
0.766363
0.763934
0.761511
0.759094
0.756683
0.754278
0.751879
0.749487
0.747100
0.744719
0.742344
0.739975
0.737613
0.735256
0.732905
0.730560
0.728221
0.725887
0.723560
0.721239
0.718923
0.716613
0.714310
0.712012
0.709719
0.707433
0.705153
0.702878
0.700609
0.698346
0.696088
0.693836
0.691590
0.689350
0.687116
0.684887
0.682664
0.680446
0.678234
0.676028
0.673828
0.671633
0.669444
0.667260
0.665082
0.662909
0.660742
0.658581
0.656425
0.654275
0.652130
0.649991
0.647857
0.645729
0.643606
0.641489
0.639377
0.637271
0.635170
0.633075
0.630985
0.628900
0.626821
0.624747
0.622678
0.620615
0.618558
0.616505
0.614458
0.612416
0.610380
0.608348
0.606323
0.604302
0.602286
0.600276
0.598271
0.596272
0.594277
0.592288
0.590304
0.588325
0.586351
0.584383
0.582420
0.580461
0.578508
0.576560
0.574617
0.572680
0.570747
0.568820
0.566898
0.564980
0.563068
0.561161
0.559259
0.557362
0.555470
0.553583
0.551701
0.549824
0.547952
0.546085
0.544223
0.542365
0.540513
0.538665
0.536823
0.534985
0.533152
0.531324
0.529501
0.527683
0.525870
0.524061
0.522257
0.520458
0.518664
0.516875
0.515090
0.513310
0.511535
0.509765
0.507999
0.506238
0.504482
0.502730
0.500983
0.499241
0.497503
0.495771
0.494042
0.492319
0.490600
0.488885
0.487175
0.485470
0.483770
0.482074
0.480382
0.478695
0.477013
0.475335
0.473661
0.471993
0.470328
0.468668
0.467013
0.465362
0.463716
0.462074
0.460436
0.458803
0.457174
0.455550
0.453930
0.452315
0.450704
0.449097
0.447494
0.445896
0.444303
0.442713
0.441128
0.439548
0.437971
0.436399
0.434831
0.433268
0.431708
0.430153
0.428602
0.427056
0.425513
0.423975
0.422441
0.420911
0.419386
0.417864
0.416347
0.414834
0.413325
0.411820
0.410320
0.408823
0.407331
0.405843
0.404358
0.402878
0.401402
0.399930
0.398462
0.396998
0.395538
0.394082
0.392631
0.391183
0.389739
0.388299
0.386863
0.385431
0.384003
0.382579
0.381159
0.379743
0.378331
0.376922
0.375518
0.374118
0.372721
0.371328
0.369939
0.368554
0.367173
0.365796
0.364422
0.363053
0.361687
0.360325
0.358967
0.357612
0.356262
0.354915
0.353572
0.352232
0.350897
0.349565
0.348237
0.346913
0.345592
0.344275
0.342962
0.341653
0.340347
0.339045
0.337746
0.336451
0.335160
0.333872
0.332588
0.331308
0.330031
0.328758
0.327489
0.326223
0.324960
0.323701
0.322446
0.321194
0.319946
0.318701
0.317460
0.316222
0.314988
0.313757
0.312530
0.311306
0.310086
0.308869
0.307656
0.306446
0.305240
0.304036
0.302837
0.301641
0.300448
0.299258
0.298072
0.296890
0.295710
0.294534
0.293362
0.292192
0.291026
0.289864
0.288705
0.287549
0.286396
0.285247
0.284100
0.282958
0.281818
0.280682
0.279549
0.278419
0.277292
0.276169
0.275049
0.273932
0.272819
0.271708
0.270601
0.269497
0.268396
0.267298
0.266204
0.265112
0.264024
0.262939
0.261857
0.260778
0.259702
0.258629
0.257560
0.256493
0.255430
0.254370
0.253312
0.252258
0.251207
0.250159
0.249114
0.248072
0.247033
0.245997
0.244964
0.243934
0.242907
0.241883
0.240862
0.239844
0.238829
0.237817
0.236808
0.235801
0.234798
0.233798
0.232800
0.231806
0.230814
0.229825
0.228839
0.227857
0.226876
0.225899
0.224925
0.223953
0.222985
0.222019
0.221056
0.220096
0.219139
0.218184
0.217233
0.216284
0.215338
0.214394
0.213454
0.212516
0.211581
0.210649
0.209719
0.208793
0.207869
0.206947
0.206029
0.205113
0.204200
0.203289
0.202382
0.201477
0.200574
0.199675
0.198778
0.197883
0.196992
0.196103
0.195216
0.194332
0.193451
0.192573
0.191697
0.190824
0.189953
0.189085
0.188220
0.187357
0.186496
0.185639
0.184783
0.183931
0.183081
0.182233
0.181388
0.180546
0.179706
0.178868
0.178034
0.177201
0.176371
0.175544
0.174719
0.173897
0.173077
0.172259
0.171444
0.170632
0.169822
0.169014
0.168209
0.167406
0.166606
0.165808
0.165012
0.164219
0.163428
0.162640
0.161854
0.161070
0.160289
0.159511
0.158734
0.157960
0.157188
0.156419
0.155652
0.154887
0.154125
0.153365
0.152607
0.151852
0.151099
0.150348
0.149599
0.148853
0.148109
0.147368
0.146628
0.145891
0.145156
0.144424
0.143693
0.142965
0.142239
0.141516
0.140794
0.140075
0.139358
0.138644
0.137931
0.137221
0.136513
0.135807
0.135103
0.134401
0.133702
0.133005
0.132310
0.131617
0.130926
0.130237
0.129551
0.128867
0.128184
0.127504
0.126826
0.126151
0.125477
0.124805
0.124136
0.123468
0.122803
0.122140
0.121478
0.120819
0.120162
0.119507
0.118854
0.118203
0.117554
0.116907
0.116263
0.115620
0.114979
0.114340
0.113704
0.113069
0.112436
0.111806
0.111177
0.110550
0.109925
0.109303
0.108682
0.108063
0.107446
0.106831
0.106218
0.105607
0.104998
0.104391
0.103786
0.103183
0.102581
0.101982
0.101385
0.100789
0.100195
0.099604
0.099014
0.098426
0.097840
0.097255
0.096673
0.096093
0.095514
0.094937
0.094362
0.093789
0.093218
0.092649
0.092081
0.091516
0.090952
0.090390
0.089830
0.089271
0.088715
0.088160
0.087607
0.087056
0.086507
0.085959
0.085413
0.084869
0.084327
0.083787
0.083248
0.082711
0.082176
0.081643
0.081111
0.080581
0.080053
0.079527
0.079002
0.078479
0.077958
0.077438
0.076920
0.076404
0.075890
0.075377
0.074866
0.074357
0.073850
0.073344
0.072840
0.072337
0.071836
0.071337
0.070840
0.070344
0.069850
0.069357
0.068866
0.068377
0.067889
0.067404
0.066919
0.066437
0.065956
0.065476
0.064998
0.064522
0.064048
0.063575
0.063103
0.062634
0.062165
0.061699
0.061234
0.060771
0.060309
0.059849
0.059390
0.058933
0.058477
0.058023
0.057571
0.057120
0.056671
0.056223
0.055777
0.055332
0.054889
0.054448
0.054008
0.053569
0.053132
0.052696
0.052263
0.051830
0.051399
0.050970
0.050542
0.050115
0.049690
0.049267
0.048845
0.048424
0.048005
0.047588
0.047172
0.046757
0.046344
0.045932
0.045522
0.045113
0.044706
0.044300
0.043896
0.043493
0.043091
0.042691
0.042293
0.041895
0.041499
0.041105
0.040712
0.040321
0.039930
0.039542
0.039154
0.038768
0.038384
0.038001
0.037619
0.037239
0.036860
0.036482
0.036106
0.035731
0.035358
0.034985
0.034615
0.034245
0.033877
0.033511
0.033145
0.032782
0.032419
0.032058
0.031698
0.031339
0.030982
0.030626
0.030272
0.029918
0.029566
0.029216
0.028867
0.028519
0.028172
0.027827
0.027483
0.027140
0.026798
0.026458
0.026119
0.025782
0.025445
0.025111
0.024777
0.024444
0.024113
0.023783
0.023455
0.023127
0.022801
0.022476
0.022153
0.021831
0.021510
0.021190
0.020871
0.020554
0.020238
0.019923
0.019609
0.019297
0.018986
0.018676
0.018367
0.018060
0.017754
0.017449
0.017145
0.016842
0.016541
0.016241
0.015942
0.015644
0.015347
0.015052
0.014757
0.014464
0.014173
0.013882
0.013592
0.013304
0.013017
0.012731
0.012446
0.012163
0.011880
0.011599
0.011319
0.011040
0.010762
0.010485
0.010210
0.009935
0.009662
0.009390
0.009119
0.008849
0.008580
0.008313
0.008046
0.007781
0.007517
0.007254
0.006992
0.006731
0.006471
0.006213
0.005955
0.005699
0.005443
0.005189
0.004936
0.004684
0.004433
0.004183
0.003934
0.003687
0.003440
0.003194
0.002950
0.002706
0.002464
0.002223
0.001983
0.001743
0.001505
0.001268
0.001032
0.000797
0.000564
0.000331
0.000099
-0.000132
-0.000362
-0.000590
-0.000818
-0.001045
-0.001270
-0.001495
-0.001718
-0.001941
-0.002162
-0.002383
-0.002602
-0.002821
-0.003038
-0.003255
-0.003470
-0.003685
-0.003898
-0.004111
-0.004322
-0.004533
-0.004742
-0.004951
-0.005158
-0.005365
-0.005571
-0.005775
-0.005979
-0.006181
-0.006383
-0.006584
-0.006784
-0.006983
-0.007181
-0.007377
-0.007573
-0.007769
-0.007963
-0.008156
-0.008348
-0.008539
-0.008730
-0.008919
-0.009108
-0.009295
-0.009482
-0.009668
-0.009852
-0.010036
-0.010219
-0.010401
-0.010583
-0.010763
-0.010942
-0.011121
-0.011298
-0.011475
-0.011651
-0.011826
-0.012000
-0.012173
-0.012345
-0.012516
-0.012687
-0.012856
-0.013025
-0.013193
-0.013360
-0.013526
-0.013692
-0.013856
-0.014020
-0.014182
-0.014344
-0.014505
-0.014666
-0.014825
-0.014983
-0.015141
-0.015298
-0.015454
-0.015609
-0.015764
-0.015917
-0.016070
-0.016222
-0.016373
-0.016523
-0.016673
-0.016822
-0.016969
-0.017117
-0.017263
-0.017408
-0.017553
-0.017697
-0.017840
-0.017983
-0.018124
-0.018265
-0.018405
-0.018544
-0.018683
-0.018821
-0.018958
-0.019094
-0.019229
-0.019364
-0.019498
-0.019631
-0.019764
-0.019896
-0.020027
-0.020157
-0.020286
-0.020415
-0.020543
-0.020671
-0.020797
-0.020923
-0.021048
-0.021173
-0.021297
-0.021420
-0.021542
-0.021664
-0.021785
-0.021905
-0.022024
-0.022143
-0.022262
-0.022379
-0.022496
-0.022612
-0.022727
-0.022842
-0.022956
-0.023070
-0.023183
-0.023295
-0.023406
-0.023517
-0.023627
-0.023737
-0.023846
-0.023954
-0.024062
-0.024169
-0.024275
-0.024381
-0.024486
-0.024590
-0.024694
-0.024797
-0.024900
-0.025002
-0.025103
-0.025204
-0.025304
-0.025404
-0.025502
-0.025601
-0.025699
-0.025796
-0.025892
-0.025988
-0.026084
-0.026179
-0.026273
-0.026367
-0.026460
-0.026552
-0.026644
-0.026736
-0.026826
-0.026917
-0.027007
-0.027096
-0.027184
-0.027273
-0.027360
-0.027447
-0.027534
-0.027620
-0.027705
-0.027790
-0.027874
-0.027958
-0.028042
-0.028125
-0.028207
-0.028289
-0.028370
-0.028451
-0.028531
-0.028611
-0.028690
-0.028769
-0.028848
-0.028925
-0.029003
-0.029080
-0.029156
-0.029232
-0.029308
-0.029383
-0.029457
-0.029531
-0.029605
-0.029678
-0.029751
-0.029823
-0.029895
-0.029966
-0.030037
-0.030107
-0.030178
-0.030247
-0.030316
-0.030385
-0.030453
-0.030521
-0.030589
-0.030656
-0.030722
-0.030789
-0.030854
-0.030920
-0.030985
-0.031049
-0.031114
-0.031177
-0.031241
-0.031304
-0.031366
-0.031429
-0.031491
-0.031552
-0.031613
-0.031674
-0.031734
-0.031794
-0.031854
-0.031913
-0.031972
-0.032030
-0.032088
-0.032146
-0.032204
-0.032261
-0.032318
-0.032374
-0.032430
-0.032486
-0.032541
-0.032596
-0.032651
-0.032705
-0.032759
-0.032813
-0.032866
-0.032919
-0.032972
-0.033025
-0.033077
-0.033129
-0.033180
-0.033231
-0.033282
-0.033333
-0.033383
-0.033433
-0.033483
-0.033532
-0.033581
-0.033630
-0.033679
-0.033727
-0.033775
-0.033823
-0.033870
-0.033917
-0.033964
-0.034011
-0.034057
-0.034103
-0.034149
-0.034194
-0.034239
-0.034284
-0.034329
-0.034374
-0.034418
-0.034462
-0.034506
-0.034549
-0.034592
-0.034635
-0.034678
-0.034721
-0.034763
-0.034805
-0.034847
-0.034888
-0.034930
-0.034971
-0.035012
-0.035053
-0.035093
-0.035133
-0.035173
-0.035213
-0.035253
-0.035292
-0.035331
-0.035370
-0.035409
-0.035448
-0.035486
-0.035524
-0.035562
-0.035600
-0.035637
-0.035675
-0.035712
-0.035749
-0.035786
-0.035822
-0.035859
-0.035895
-0.035931
-0.035967
-0.036003
-0.036038
-0.036073
-0.036109
-0.036144
-0.036178
-0.036213
-0.036247
-0.036282
-0.036316
-0.036350
-0.036384
-0.036417
-0.036451
-0.036484
-0.036517
-0.036550
-0.036583
-0.036616
-0.036648
-0.036681
-0.036713
-0.036745
-0.036777
-0.036809
-0.036841
-0.036872
-0.036903
-0.036935
-0.036966
-0.036997
-0.037028
-0.037058
-0.037089
-0.037119
-0.037150
-0.037180
-0.037210
-0.037240
-0.037269
-0.037299
-0.037329
-0.037358
-0.037387
-0.037416
-0.037446
-0.037474
-0.037503
-0.037532
-0.037561
-0.037589
-0.037617
-0.037646
-0.037674
-0.037702
-0.037730
-0.037757
-0.037785
-0.037813
-0.037840
-0.037867
-0.037895
-0.037922
-0.037949
-0.037976
-0.038003
-0.038029
-0.038056
-0.038083
-0.038109
-0.038135
-0.038162
-0.038188
-0.038214
-0.038240
-0.038266
-0.038291
-0.038317
-0.038343
-0.038368
-0.038394
-0.038419
-0.038444
-0.038470
-0.038495
-0.038520
-0.038545
-0.038569
-0.038594
-0.038619
-0.038643
-0.038668
-0.038692
-0.038717
-0.038741
-0.038765
-0.038789
-0.038813
-0.038837
-0.038861
-0.038885
-0.038909
-0.038932
-0.038956
-0.038980
-0.039003
-0.039026
-0.039050
-0.039073
-0.039096
-0.039119
-0.039142
-0.039165
-0.039188
-0.039211
-0.039234
-0.039257
-0.039279
-0.039302
-0.039324
-0.039347
-0.039369
-0.039391
-0.039414
-0.039436
-0.039458
-0.039480
-0.039502
-0.039524
-0.039546
-0.039568
-0.039590
-0.039611
-0.039633
-0.039655
-0.039676
-0.039698
-0.039719
-0.039741
-0.039762
-0.039783
-0.039805
-0.039826
-0.039847
-0.039868
-0.039889
-0.039910
-0.039931
-0.039952
-0.039972
-0.039993
-0.040014
-0.040035
-0.040055
-0.040076
-0.040096
-0.040117
-0.040137
-0.040157
-0.040178
-0.040198
-0.040218
-0.040238
-0.040259
-0.040279
-0.040299
-0.040319
-0.040339
-0.040359
-0.040378
-0.040398
-0.040418
-0.040438
-0.040457
-0.040477
-0.040497
-0.040516
-0.040536
-0.040555
-0.040574
-0.040594
-0.040613
-0.040632
-0.040652
-0.040671
-0.040690
-0.040709
-0.040728
-0.040747
-0.040766
-0.040785
-0.040804
-0.040823
-0.040842
-0.040861
-0.040880
-0.040898
-0.040917
-0.040936
-0.040954
-0.040973
-0.040991
-0.041010
-0.041028
-0.041047
-0.041065
-0.041083
-0.041102
-0.041120
-0.041138
-0.041156
-0.041175
-0.041193
-0.041211
-0.041229
-0.041247
-0.041265
-0.041283
-0.041301
-0.041319
-0.041336
-0.041354
-0.041372
-0.041390
-0.041407
-0.041425
-0.041443
-0.041460
-0.041478
-0.041495
-0.041513
-0.041530
-0.041548
-0.041565
-0.041583
-0.041600
-0.041617
-0.041635
-0.041652
-0.041669
-0.041686
-0.041703
-0.041720
-0.041737
-0.041755
-0.041772
-0.041789
-0.041805
-0.041822
-0.041839
-0.041856
-0.041873
-0.041890
-0.041906
-0.041923
-0.041940
-0.041957
-0.041973
-0.041990
-0.042006
-0.042023
-0.042039
-0.042056
-0.042072
-0.042089
-0.042105
-0.042122
-0.042138
-0.042154
-0.042170
-0.042187
-0.042203
-0.042219
-0.042235
-0.042251
-0.042267
-0.042283
-0.042299
-0.042315
-0.042331
-0.042347
-0.042363
-0.042379
-0.042395
-0.042411
-0.042427
-0.042442
-0.042458
-0.042474
-0.042490
-0.042505
-0.042521
-0.042536
-0.042552
-0.042568
-0.042583
-0.042599
-0.042614
-0.042630
-0.042645
-0.042660
-0.042676
-0.042691
-0.042706
-0.042722
-0.042737
-0.042752
-0.042767
-0.042782
-0.042797
-0.042813
-0.042828
-0.042843
-0.042858
-0.042873
-0.042888
-0.042903
-0.042917
-0.042932
-0.042947
-0.042962
-0.042977
-0.042992
-0.043006
-0.043021
-0.043036
-0.043050
-0.043065
-0.043080
-0.043094
-0.043109
-0.043123
-0.043138
-0.043152
-0.043167
-0.043181
-0.043196
-0.043210
-0.043224
-0.043239
-0.043253
-0.043267
-0.043282
-0.043296
-0.043310
-0.043324
-0.043338
-0.043352
-0.043367
-0.043381
-0.043395
-0.043409
-0.043423
-0.043437
-0.043451
-0.043465
-0.043478
-0.043492
-0.043506
-0.043520
-0.043534
-0.043547
-0.043561
-0.043575
-0.043589
-0.043602
-0.043616
-0.043630
-0.043643
-0.043657
-0.043670
-0.043684
-0.043697
-0.043711
-0.043724
-0.043738
-0.043751
-0.043764
-0.043778
-0.043791
-0.043804
-0.043818
-0.043831
-0.043844
-0.043857
-0.043870
-0.043884
-0.043897
-0.043910
-0.043923
-0.043936
-0.043949
-0.043962
-0.043975
-0.043988
-0.044001
-0.044014
-0.044027
-0.044040
-0.044052
-0.044065
-0.044078
-0.044091
-0.044103
-0.044116
-0.044129
-0.044142
-0.044154
-0.044167
-0.044179
-0.044192
-0.044205
-0.044217
-0.044230
-0.044242
-0.044255
-0.044267
-0.044279
-0.044292
-0.044304
-0.044317
-0.044329
-0.044341
-0.044353
-0.044366
-0.044378
-0.044390
-0.044402
-0.044414
-0.044427
-0.044439
-0.044451
-0.044463
-0.044475
-0.044487
-0.044499
-0.044511
-0.044523
-0.044535
-0.044547
-0.044559
-0.044571
-0.044582
-0.044594
-0.044606
-0.044618
-0.044630
-0.044641
-0.044653
-0.044665
-0.044676
-0.044688
-0.044700
-0.044711
-0.044723
-0.044734
-0.044746
-0.044757
-0.044769
-0.044780
-0.044792
-0.044803
-0.044815
-0.044826
-0.044837
-0.044849
-0.044860
-0.044871
-0.044883
-0.044894
-0.044905
-0.044916
-0.044928
-0.044939
-0.044950
-0.044961
-0.044972
-0.044983
-0.044994
-0.045005
-0.045016
-0.045027
-0.045038
-0.045049
-0.045060
-0.045071
-0.045082
-0.045093
-0.045104
-0.045115
-0.045126
-0.045136
-0.045147
-0.045158
-0.045169
-0.045179
-0.045190
-0.045201
-0.045211
-0.045222
-0.045233
-0.045243
-0.045254
-0.045264
-0.045275
-0.045285
-0.045296
-0.045306
-0.045317
-0.045327
-0.045338
-0.045348
-0.045358
-0.045369
-0.045379
-0.045389
-0.045400
-0.045410
-0.045420
-0.045430
-0.045441
-0.045451
-0.045461
-0.045471
-0.045481
-0.045491
-0.045501
-0.045511
-0.045522
-0.045532
-0.045542
-0.045552
-0.045562
-0.045571
-0.045581
-0.045591
-0.045601
-0.045611
-0.045621
-0.045631
-0.045641
-0.045650
-0.045660
-0.045670
-0.045680
-0.045689
-0.045699
-0.045709
-0.045719
-0.045728
-0.045738
-0.045747
-0.045757
-0.045767
-0.045776
-0.045786
-0.045795
-0.045805
-0.045814
-0.045824
-0.045833
-0.045843
-0.045852
-0.045861
-0.045871
-0.045880
-0.045889
-0.045899
-0.045908
-0.045917
-0.045927
-0.045936
-0.045945
-0.045954
-0.045964
-0.045973
-0.045982
-0.045991
-0.046000
-0.046009
-0.046018
-0.046027
-0.046036
-0.046045
-0.046055
-0.046064
-0.046072
-0.046081
-0.046090
-0.046099
-0.046108
-0.046117
-0.046126
-0.046135
-0.046144
-0.046153
-0.046161
-0.046170
-0.046179
-0.046188
-0.046196
-0.046205
-0.046214
-0.046223
-0.046231
-0.046240
-0.046249
-0.046257
-0.046266
-0.046274
-0.046283
-0.046291
-0.046300
-0.046309
-0.046317
-0.046326
-0.046334
-0.046342
-0.046351
-0.046359
-0.046368
-0.046376
-0.046384
-0.046393
-0.046401
-0.046409
-0.046418
-0.046426
-0.046434
-0.046443
-0.046451
-0.046459
-0.046467
-0.046476
-0.046484
-0.046492
-0.046500
-0.046508
-0.046516
-0.046524
-0.046532
-0.046540
-0.046549
-0.046557
-0.046565
-0.046573
-0.046581
-0.046589
-0.046597
-0.046604
-0.046612
-0.046620
-0.046628
-0.046636
-0.046644
-0.046652
-0.046660
-0.046667
-0.046675
-0.046683
-0.046691
-0.046699
-0.046706
-0.046714
-0.046722
-0.046729
-0.046737
-0.046745
-0.046753
-0.046760
-0.046768
-0.046775
-0.046783
-0.046791
-0.046798
-0.046806
-0.046813
-0.046821
-0.046828
-0.046836
-0.046843
-0.046851
-0.046858
-0.046866
-0.046873
-0.046880
-0.046888
-0.046895
-0.046903
-0.046910
-0.046917
-0.046925
-0.046932
-0.046939
-0.046946
-0.046954
-0.046961
-0.046968
-0.046975
-0.046983
-0.046990
-0.046997
-0.047004
-0.047011
-0.047018
-0.047026
-0.047033
-0.047040
-0.047047
-0.047054
-0.047061
-0.047068
-0.047075
-0.047082
-0.047089
-0.047096
-0.047103
-0.047110
-0.047117
-0.047124
-0.047131
-0.047138
-0.047145
-0.047151
-0.047158
-0.047165
-0.047172
-0.047179
-0.047186
-0.047192
-0.047199
-0.047206
-0.047213
-0.047219
-0.047226
-0.047233
-0.047240
-0.047246
-0.047253
-0.047260
-0.047266
-0.047273
-0.047280
-0.047286
-0.047293
-0.047299
-0.047306
-0.047313
-0.047319
-0.047326
-0.047332
-0.047339
-0.047345
-0.047352
-0.047358
-0.047365
-0.047371
-0.047378
-0.047384
-0.047390
-0.047397
-0.047403
-0.047410
-0.047416
-0.047422
-0.047429
-0.047435
-0.047441
-0.047448
-0.047454
-0.047460
-0.047467
-0.047473
-0.047479
-0.047485
-0.047492
-0.047498
-0.047504
-0.047510
-0.047516
-0.047522
-0.047529
-0.047535
-0.047541
-0.047547
-0.047553
-0.047559
-0.047565
-0.047571
-0.047577
-0.047583
-0.047590
-0.047596
-0.047602
-0.047608
-0.047614
-0.047620
-0.047626
-0.047631
-0.047637
-0.047643

