0.000000
0.000000
-0.000006
-0.000014
-0.000023
-0.000034
-0.000045
-0.000058
-0.000070
-0.000084
-0.000097
-0.000111
-0.000125
-0.000140
-0.000155
-0.000170
-0.000185
-0.000201
-0.000217
-0.000233
-0.000249
-0.000266
-0.000282
-0.000299
-0.000316
-0.000333
-0.000351
-0.000368
-0.000386
-0.000404
-0.000422
-0.000440
-0.000459
-0.000477
-0.000496
-0.000515
-0.000534
-0.000553
-0.000572
-0.000591
-0.000611
-0.000631
-0.000651
-0.000670
-0.000691
-0.000711
-0.000731
-0.000751
-0.000772
-0.000793
-0.000813
-0.000834
-0.000855
-0.000876
-0.000898
-0.000919
-0.000940
-0.000962
-0.000984
-0.001005
-0.001027
-0.001049
-0.001071
-0.001093
-0.001115
-0.001138
-0.001160
-0.001183
-0.001205
-0.001228
-0.001251
-0.001273
-0.001296
-0.001319
-0.001342
-0.001366
-0.001389
-0.001412
-0.001435
-0.001459
-0.001482
-0.001506
-0.001530
-0.001553
-0.001577
-0.001601
-0.001625
-0.001649
-0.001673
-0.001697
-0.001722
-0.001746
-0.001770
-0.001795
-0.001819
-0.001844
-0.001868
-0.001893
-0.001918
-0.001942
-0.001967
-0.001992
-0.002017
-0.002042
-0.002067
-0.002092
-0.002118
-0.002143
-0.002168
-0.002193
-0.002219
-0.002244
-0.002270
-0.002295
-0.002321
-0.002346
-0.002372
-0.002398
-0.002424
-0.002449
-0.002475
-0.002501
-0.002527
-0.002553
-0.002579
-0.002605
-0.002631
-0.002658
-0.002684
-0.002710
-0.002736
-0.002763
-0.002789
-0.002815
-0.002842
-0.002868
-0.002895
-0.002921
-0.002948
-0.002975
-0.003001
-0.003028
-0.003055
-0.003082
-0.003108
-0.003135
-0.003162
-0.003189
-0.003216
-0.003243
-0.003270
-0.003297
-0.003324
-0.003351
-0.003379
-0.003406
-0.003433
-0.003460
-0.003487
-0.003515
-0.003542
-0.003569
-0.003597
-0.003624
-0.003652
-0.003679
-0.003707
-0.003734
-0.003762
-0.003789
-0.003817
-0.003845
-0.003872
-0.003900
-0.003928
-0.003955
-0.003983
-0.004011
-0.004039
-0.004067
-0.004094
-0.004122
-0.004150
-0.004178
-0.004206
-0.004234
-0.004262
-0.004290
-0.004318
-0.004346
-0.004374
-0.004402
-0.004430
-0.004459
-0.004487
-0.004515
-0.004543
-0.004571
-0.004599
-0.004628
-0.004656
-0.004684
-0.004713
-0.004741
-0.004769
-0.004798
-0.004826
-0.004854
-0.004883
-0.004911
-0.004940
-0.004968
-0.004997
-0.005025
-0.005054
-0.005082
-0.005111
-0.005139
-0.005168
-0.005197
-0.005225
-0.005254
-0.005282
-0.005311
-0.005340
-0.005368
-0.005397
-0.005426
-0.005455
-0.005483
-0.005512
-0.005541
-0.005570
-0.005598
-0.005627
-0.005656
-0.005685
-0.005714
-0.005743
-0.005771
-0.005800
-0.005829
-0.005858
-0.005887
-0.005916
-0.005945
-0.005974
-0.006003
-0.006032
-0.006061
-0.006090
-0.006119
-0.006148
-0.006177
-0.006206
-0.006235
-0.006264
-0.006293
-0.006322
-0.006351
-0.006380
-0.006409
-0.006438
-0.006467
-0.006496
-0.006525
-0.006555
-0.006584
-0.006613
-0.006642
-0.006671
-0.006700
-0.006729
-0.006759
-0.006788
-0.006817
-0.006846
-0.006875
-0.006905
-0.006934
-0.006963
-0.006992
-0.007022
-0.007051
-0.007080
-0.007109
-0.007139
-0.007168
-0.007197
-0.007226
-0.007256
-0.007285
-0.007314
-0.007344
-0.007373
-0.007402
-0.007432
-0.007461
-0.007490
-0.007520
-0.007549
-0.007578
-0.007608
-0.007637
-0.007666
-0.007696
-0.007725
-0.007754
-0.007784
-0.007813
-0.007842
-0.007872
-0.007901
-0.007931
-0.007960
-0.007989
-0.008019
-0.008048
-0.008078
-0.008107
-0.008136
-0.008166
-0.008195
-0.008225
-0.008254
-0.008283
-0.008313
-0.008342
-0.008372
-0.008401
-0.008431
-0.008460
-0.008489
-0.008519
-0.008548
-0.008578
-0.008607
-0.008637
-0.008666
-0.008695
-0.008725
-0.008754
-0.008784
-0.008813
-0.008843
-0.008872
-0.008902
-0.008931
-0.008960
-0.008990
-0.009019
-0.009049
-0.009078
-0.009108
-0.009137
-0.009167
-0.009196
-0.009225
-0.009255
-0.009284
-0.009314
-0.009343
-0.009373
-0.009402
-0.009432
-0.009461
-0.009490
-0.009520
-0.009549
-0.009579
-0.009608
-0.009638
-0.009667
-0.009696
-0.009726
-0.009755
-0.009785
-0.009814
-0.009844
-0.009873
-0.009902
-0.009932
-0.009961
-0.009991
-0.010020
-0.010050
-0.010079
-0.010108
-0.010138
-0.010167
-0.010197
-0.010226
-0.010255
-0.010285
-0.010314
-0.010344
-0.010373
-0.010402
-0.010432
-0.010461
-0.010490
-0.010520
-0.010549
-0.010579
-0.010608
-0.010637
-0.010667
-0.010696
-0.010725
-0.010755
-0.010784
-0.010813
-0.010843
-0.010872
-0.010901
-0.010931
-0.010960
-0.010989
-0.011019
-0.011048
-0.011077
-0.011107
-0.011136
-0.011165
-0.011195
-0.011224
-0.011253
-0.011282
-0.011312
-0.011341
-0.011370
-0.011400
-0.011429
-0.011458
-0.011487
-0.011517
-0.011546
-0.011575
-0.011604
-0.011634
-0.011663
-0.011692
-0.011721
-0.011750
-0.011780
-0.011809
-0.011838
-0.011867
-0.011896
-0.011926
-0.011955
-0.011984
-0.012013
-0.012042
-0.012071
-0.012101
-0.012130
-0.012159
-0.012188
-0.012217
-0.012246
-0.012275
-0.012304
-0.012334
-0.012363
-0.012392
-0.012421
-0.012450
-0.012479
-0.012508
-0.012537
-0.012566
-0.012595
-0.012624
-0.012653
-0.012682
-0.012711
-0.012740
-0.012769
-0.012798
-0.012827
-0.012856
-0.012885
-0.012914
-0.012943
-0.012972
-0.013001
-0.013030
-0.013059
-0.013088
-0.013117
-0.013146
-0.013175
-0.013204
-0.013233
-0.013262
-0.013291
-0.013320
-0.013348
-0.013377
-0.013406
-0.013435
-0.013464
-0.013493
-0.013522
-0.013551
-0.013579
-0.013608
-0.013637
-0.013666
-0.013695
-0.013723
-0.013752
-0.013781
-0.013810
-0.013839
-0.013867
-0.013896
-0.013925
-0.013954
-0.013982
-0.014011
-0.014040
-0.014068
-0.014097
-0.014126
-0.014155
-0.014183
-0.014212
-0.014241
-0.014269
-0.014298
-0.014326
-0.014355
-0.014384
-0.014412
-0.014441
-0.014470
-0.014498
-0.014527
-0.014555
-0.014584
-0.014612
-0.014641
-0.014670
-0.014698
-0.014727
-0.014755
-0.014784
-0.014812
-0.014841
-0.014869
-0.014898
-0.014926
-0.014955
-0.014983
-0.015011
-0.015040
-0.015068
-0.015097
-0.015125
-0.015154
-0.015182
-0.015210
-0.015239
-0.015267
-0.015295
-0.015324
-0.015352
-0.015380
-0.015409
-0.015437
-0.015465
-0.015494
-0.015522
-0.015550
-0.015579
-0.015607
-0.015635
-0.015663
-0.015692
-0.015720
-0.015748
-0.015776
-0.015804
-0.015833
-0.015861
-0.015889
-0.015917
-0.015945
-0.015974
-0.016002
-0.016030
-0.016058
-0.016086
-0.016114
-0.016142
-0.016170
-0.016198
-0.016226
-0.016255
-0.016283
-0.016311
-0.016339
-0.016367
-0.016395
-0.016423
-0.016451
-0.016479
-0.016507
-0.016535
-0.016563
-0.016590
-0.016618
-0.016646
-0.016674
-0.016702
-0.016730
-0.016758
-0.016786
-0.016814
-0.016842
-0.016869
-0.016897
-0.016925
-0.016953
-0.016981
-0.017009
-0.017036
-0.017064
-0.017092
-0.017120
-0.017147
-0.017175
-0.017203
-0.017231
-0.017258
-0.017286
-0.017314
-0.017341
-0.017369
-0.017397
-0.017424
-0.017452
-0.017480
-0.017507
-0.017535
-0.017563
-0.017590
-0.017618
-0.017645
-0.017673
-0.017700
-0.017728
-0.017756
-0.017783
-0.017811
-0.017838
-0.017866
-0.017893
-0.017921
-0.017948
-0.017975
-0.018003
-0.018030
-0.018058
-0.018085
-0.018113
-0.018140
-0.018167
-0.018195
-0.018222
-0.018249
-0.018277
-0.018304
-0.018331
-0.018359
-0.018386
-0.018413
-0.018441
-0.018468
-0.018495
-0.018522
-0.018550
-0.018577
-0.018604
-0.018631
-0.018658
-0.018686
-0.018713
-0.018740
-0.018767
-0.018794
-0.018821
-0.018849
-0.018876
-0.018903
-0.018930
-0.018957
-0.018984
-0.019011
-0.019038
-0.019065
-0.019092
-0.019119
-0.019146
-0.019173
-0.019200
-0.019227
-0.019254
-0.019281
-0.019308
-0.019335
-0.019362
-0.019389
-0.019416
-0.019443
-0.019469
-0.019496
-0.019523
-0.019550
-0.019577
-0.019604
-0.019631
-0.019657
-0.019684
-0.019711
-0.019738
-0.019764
-0.019791
-0.019818
-0.019845
-0.019871
-0.019898
-0.019925
-0.019951
-0.019978
-0.020005
-0.020031
-0.020058
-0.020085
-0.020111
-0.020138
-0.020165
-0.020191
-0.020218
-0.020244
-0.020271
-0.020297
-0.020324
-0.020350
-0.020377
-0.020403
-0.020430
-0.020456
-0.020483
-0.020509
-0.020536
-0.020562
-0.020589
-0.020615
-0.020641
-0.020668
-0.020694
-0.020721
-0.020747
-0.020773
-0.020800
-0.020826
-0.020852
-0.020879
-0.020905
-0.020931
-0.020957
-0.020984
-0.021010
-0.021036
-0.021062
-0.021089
-0.021115
-0.021141
-0.021167
-0.021193
-0.021219
-0.021246
-0.021272
-0.021298
-0.021324
-0.021350
-0.021376
-0.021402
-0.021428
-0.021454
-0.021480
-0.021506
-0.021532
-0.021558
-0.021584
-0.021610
-0.021636
-0.021662
-0.021688
-0.021714
-0.021740
-0.021766
-0.021792
-0.021818
-0.021844
-0.021870
-0.021895
-0.021921
-0.021947
-0.021973
-0.021999
-0.022025
-0.022050
-0.022076
-0.022102
-0.022128
-0.022153
-0.022179
-0.022205
-0.022231
-0.022256
-0.022282
-0.022308
-0.022333
-0.022359
-0.022385
-0.022410
-0.022436
-0.022462
-0.022487
-0.022513
-0.022538
-0.022564
-0.022589
-0.022615
-0.022641
-0.022666
-0.022692
-0.022717
-0.022743
-0.022768
-0.022794
-0.022819
-0.022844
-0.022870
-0.022895
-0.022921
-0.022946
-0.022971
-0.022997
-0.023022
-0.023048
-0.023073
-0.023098
-0.023124
-0.023149
-0.023174
-0.023199
-0.023225
-0.023015
-0.022085
-0.019844
-0.015895
-0.010124
-0.002629
0.006376
0.016636
0.027890
0.039902
0.052459
0.065376
0.078495
0.091687
0.104845
0.117881
0.130727
0.143331
0.155650
0.167655
0.179323
0.190639
0.201594
0.212183
0.222405
0.232262
0.241759
0.250900
0.259694
0.268148
0.276273
0.284076
0.291569
0.298761
0.305662
0.312283
0.318633
0.324722
0.330559
0.336155
0.341517
0.346655
0.351576
0.356290
0.360803
0.365124
0.369259
0.373216
0.377000
0.380619
0.384078
0.387384
0.390541
0.393556
0.396433
0.399177
0.401793
0.404286
0.406659
0.408917
0.411065
0.413105
0.415042
0.416878
0.418618
0.420265
0.421822
0.423291
0.424676
0.425980
0.427204
0.428353
0.429428
0.430431
0.431366
0.432233
0.433037
0.433777
0.434457
0.435079
0.435644
0.436154
0.436611
0.437016
0.437372
0.437679
0.437940
0.438155
0.438327
0.438456
0.438544
0.438593
0.438603
0.438575
0.438512
0.438413
0.438280
0.438115
0.437918
0.437690
0.437433
0.437146
0.436832
0.436490
0.436122
0.435729
0.435312
0.434870
0.434406
0.433919
0.433411
0.432881
0.432332
0.431763
0.431175
0.430569
0.429945
0.429304
0.428646
0.427973
0.427284
0.426579
0.425861
0.425128
0.424382
0.423623
0.422851
0.422067
0.421271
0.420464
0.419646
0.418817
0.417978
0.417129
0.416270
0.415402
0.414526
0.413641
0.412747
0.411846
0.410937
0.410021
0.409098
0.408167
0.407231
0.406288
0.405338
0.404384
0.403423
0.402457
0.401486
0.400510
0.399529
0.398544
0.397555
0.396561
0.395563
0.394562
0.393557
0.392548
0.391536
0.390521
0.389503
0.388482
0.387459
0.386433
0.385405
0.384374
0.383341
0.382306
0.381270
0.380231
0.379191
0.378149
0.377106
0.376062
0.375016
0.373969
0.372921
0.371872
0.370822
0.369772
0.368721
0.367669
0.366617
0.365564
0.364511
0.363457
0.362404
0.361350
0.360296
0.359242
0.358188
0.357134
0.356081
0.355027
0.353974
0.352921
0.351869
0.350817
0.349766
0.348715
0.347664
0.346614
0.345565
0.344517
0.343469
0.342423
0.341377
0.340331
0.339287
0.338244
0.337202
0.336160
0.335120
0.334081
0.333043
0.332006
0.330970
0.329936
0.328903
0.327871
0.326840
0.325810
0.324782
0.323755
0.322730
0.321706
0.320683
0.319662
0.318642
0.317624
0.316607
0.315592
0.314578
0.313566
0.312555
0.311546
0.310538
0.309532
0.308528
0.307525
0.306524
0.305525
0.304527
0.303531
0.302537
0.301544
0.300553
0.299564
0.298577
0.297591
0.296607
0.295625
0.294644
0.293666
0.292689
0.291714
0.290741
0.289769
0.288800
0.287832
0.286866
0.285902
0.284940
0.283979
0.283021
0.282064
0.281109
0.280156
0.279205
0.278256
0.277308
0.276363
0.275419
0.274478
0.273538
0.272600
0.271664
0.270730
0.269798
0.268868
0.267939
0.267013
0.266088
0.265166
0.264245
0.263327
0.262410
0.261495
0.260582
0.259671
0.258762
0.257855
0.256950
0.256046
0.255145
0.254246
0.253348
0.252453
0.251559
0.250667
0.249778
0.248890
0.248004
0.247120
0.246238
0.245358
0.244480
0.243604
0.242730
0.241858
0.240987
0.240119
0.239253
0.238388
0.237525
0.236665
0.235806
0.234949
0.234095
0.233242
0.232391
0.231542
0.230694
0.229849
0.229006
0.228165
0.227325
0.226488
0.225652
0.224818
0.223987
0.223157
0.222329
0.221503
0.220679
0.219857
0.219036
0.218218
0.217401
0.216587
0.215774
0.214963
0.214154
0.213347
0.212542
0.211739
0.210938
0.210138
0.209341
0.208545
0.207751
0.206959
0.206169
0.205381
0.204595
0.203811
0.203028
0.202247
0.201469
0.200692
0.199916
0.199143
0.198372
0.197602
0.196835
0.196069
0.195305
0.194543
0.193782
0.193024
0.192267
0.191512
0.190759
0.190008
0.189259
0.188512
0.187766
0.187022
0.186280
0.185540
0.184801
0.184065
0.183330
0.182597
0.181866
0.181136
0.180409
0.179683
0.178959
0.178237
0.177516
0.176798
0.176081
0.175366
0.174653
0.173941
0.173231
0.172523
0.171817
0.171113
0.170410
0.169709
0.169010
0.168312
0.167617
0.166923
0.166231
0.165540
0.164851
0.164164
0.163479
0.162796
0.162114
0.161434
0.160756
0.160079
0.159404
0.158731
0.158059
0.157390
0.156722
0.156055
0.155391
0.154728
0.154066
0.153407
0.152749
0.152093
0.151438
0.150785
0.150134
0.149485
0.148837
0.148191
0.147546
0.146904
0.146263
0.145623
0.144985
0.144349
0.143715
0.143082
0.142451
0.141821
0.141193
0.140567
0.139942
0.139319
0.138698
0.138078
0.137460
0.136843
0.136228
0.135615
0.135003
0.134393
0.133785
0.133178
0.132573
0.131969
0.131367
0.130766
0.130168
0.129570
0.128975
0.128380
0.127788
0.127197
0.126607
0.126020
0.125433
0.124849
0.124265
0.123684
0.123104
0.122525
0.121948
0.121373
0.120799
0.120227
0.119656
0.119087
0.118519
0.117953
0.117388
0.116825
0.116263
0.115703
0.115145
0.114588
0.114032
0.113478
0.112925
0.112374
0.111825
0.111277
0.110730
0.110185
0.109642
0.109100
0.108559
0.108020
0.107482
0.106946
0.106411
0.105878
0.105346
0.104816
0.104287
0.103760
0.103234
0.102709
0.102186
0.101665
0.101144
0.100626
0.100108
0.099593
0.099078
0.098565
0.098054
0.097543
0.097035
0.096527
0.096021
0.095517
0.095014
0.094512
0.094012
0.093513
0.093016
0.092520
0.092025
0.091532
0.091040
0.090549
0.090060
0.089572
0.089086
0.088601
0.088117
0.087635
0.087154
0.086675
0.086196
0.085719
0.085244
0.084770
0.084297
0.083826
0.083356
0.082887
0.082419
0.081953
0.081489
0.081025
0.080563
0.080102
0.079643
0.079185
0.078728
0.078272
0.077818
0.077365
0.076914
0.076463
0.076014
0.075567
0.075120
0.074675
0.074231
0.073789
0.073348
0.072908
0.072469
0.072031
0.071595
0.071160
0.070727
0.070294
0.069863
0.069434
0.069005
0.068578
0.068152
0.067727
0.067303
0.066881
0.066460
0.066040
0.065621
0.065204
0.064788
0.064373
0.063959
0.063547
0.063135
0.062725
0.062316
0.061909
0.061502
0.061097
0.060693
0.060290
0.059889
0.059488
0.059089
0.058691
0.058294
0.057899
0.057504
0.057111
0.056719
0.056328
0.055938
0.055549
0.055162
0.054776
0.054391
0.054007
0.053624
0.053242
0.052862
0.052482
0.052104
0.051727
0.051351
0.050977
0.050603
0.050230
0.049859
0.049489
0.049120
0.048752
0.048385
0.048019
0.047654
0.047291
0.046929
0.046567
0.046207
0.045848
0.045490
0.045133
0.044777
0.044423
0.044069
0.043717
0.043365
0.043015
0.042666
0.042317
0.041970
0.041624
0.041279
0.040935
0.040593
0.040251
0.039910
0.039571
0.039232
0.038895
0.038558
0.038223
0.037888
0.037555
0.037223
0.036891
0.036561
0.036232
0.035904
0.035577
0.035251
0.034926
0.034602
0.034279
0.033957
0.033636
0.033316
0.032997
0.032679
0.032362
0.032046
0.031731
0.031417
0.031105
0.030793
0.030482
0.030172
0.029863
0.029555
0.029248
0.028942
0.028637
0.028333
0.028030
0.027728
0.027427
0.027126
0.026827
0.026529
0.026232
0.025936
0.025640
0.025346
0.025052
0.024760
0.024468
0.024178
0.023888
0.023599
0.023312
0.023025
0.022739
0.022454
0.022170
0.021887
0.021605
0.021323
0.021043
0.020764
0.020485
0.020207
0.019931
0.019655
0.019380
0.019106
0.018833
0.018561
0.018290
0.018019
0.017750
0.017481
0.017214
0.016947
0.016681
0.016416
0.016152
0.015888
0.015626
0.015364
0.015104
0.014844
0.014585
0.014327
0.014070
0.013813
0.013558
0.013303
0.013050
0.012797
0.012545
0.012294
0.012043
0.011794
0.011545
0.011297
0.011050
0.010804
0.010559
0.010314
0.010071
0.009828
0.009586
0.009345
0.009104
0.008865
0.008626
0.008388
0.008151
0.007915
0.007679
0.007445
0.007211
0.006978
0.006745
0.006514
0.006283
0.006053
0.005824
0.005596
0.005368
0.005142
0.004916
0.004691
0.004466
0.004243
0.004020
0.003798
0.003577
0.003356
0.003136
0.002917
0.002699
0.002482
0.002265
0.002049
0.001834
0.001620
0.001406
0.001193
0.000981
0.000770
0.000559
0.000349
0.000140
-0.000069
-0.000276
-0.000483
-0.000689
-0.000895
-0.001100
-0.001304
-0.001507
-0.001710
-0.001912
-0.002113
-0.002313
-0.002513
-0.002712
-0.002910
-0.003108
-0.003305
-0.003501
-0.003696
-0.003891
-0.004085
-0.004279
-0.004471
-0.004663
-0.004855
-0.005045
-0.005235
-0.005424
-0.005613
-0.005801
-0.005988
-0.006174
-0.006360
-0.006545
-0.006730
-0.006914
-0.007097
-0.007279
-0.007461
-0.007642
-0.007823
-0.008002
-0.008182
-0.008360
-0.008538
-0.008715
-0.008892
-0.009068
-0.009243
-0.009417
-0.009591
-0.009765
-0.009937
-0.010109
-0.010281
-0.010452
-0.010622
-0.010791
-0.010960
-0.011128
-0.011296
-0.011463
-0.011629
-0.011795
-0.011960
-0.012125
-0.012289
-0.012452
-0.012615
-0.012777
-0.012938
-0.013099
-0.013259
-0.013419
-0.013578
-0.013736
-0.013894
-0.014052
-0.014208
-0.014364
-0.014520
-0.014675
-0.014829
-0.014983
-0.015136
-0.015289
-0.015441
-0.015592
-0.015743
-0.015893
-0.016043
-0.016192
-0.016340
-0.016488
-0.016636
-0.016783
-0.016929
-0.017075
-0.017220
-0.017364
-0.017509
-0.017652
-0.017795
-0.017937
-0.018079
-0.018221
-0.018361
-0.018502
-0.018641
-0.018780
-0.018919
-0.019057
-0.019195
-0.019332
-0.019468
-0.019604
-0.019740
-0.019874
-0.020009
-0.020143
-0.020276
-0.020409
-0.020541
-0.020673
-0.020804
-0.020935
-0.021065
-0.021195
-0.021324
-0.021453
-0.021581
-0.021709
-0.021836
-0.021963
-0.022089
-0.022214
-0.022340
-0.022464
-0.022589
-0.022712
-0.022836
-0.022958
-0.023081
-0.023202
-0.023324
-0.023445
-0.023565
-0.023685
-0.023804
-0.023923
-0.024042
-0.024160
-0.024277
-0.024394
-0.024511
-0.024627
-0.024743
-0.024858
-0.024972
-0.025087
-0.025201
-0.025314
-0.025427
-0.025539
-0.025651
-0.025763
-0.025874
-0.025985
-0.026095
-0.026205
-0.026314
-0.026423
-0.026531
-0.026639
-0.026747
-0.026854
-0.026961
-0.027067
-0.027173
-0.027279
-0.027384
-0.027488
-0.027592
-0.027696
-0.027800
-0.027902
-0.028005
-0.028107
-0.028209
-0.028310
-0.028411
-0.028511
-0.028611
-0.028711
-0.028810
-0.028909
-0.029007
-0.029105
-0.029203
-0.029300
-0.029397
-0.029494
-0.029590
-0.029685
-0.029781
-0.029875
-0.029970
-0.030064
-0.030158
-0.030251
-0.030344
-0.030437
-0.030529
-0.030621
-0.030712
-0.030803
-0.030894
-0.030984
-0.031074
-0.031164
-0.031253
-0.031342
-0.031430
-0.031518
-0.031606
-0.031693
-0.031780
-0.031867
-0.031953
-0.032039
-0.032125
-0.032210
-0.032295
-0.032380
-0.032464
-0.032548
-0.032631
-0.032715
-0.032797
-0.032880
-0.032962
-0.033044
-0.033125
-0.033207
-0.033287
-0.033368
-0.033448
-0.033528
-0.033607
-0.033686
-0.033765
-0.033844
-0.033922
-0.034000
-0.034077
-0.034155
-0.034232
-0.034308
-0.034384
-0.034460
-0.034536
-0.034611
-0.034686
-0.034761
-0.034835
-0.034909
-0.034983
-0.035057
-0.035130
-0.035203
-0.035275
-0.035348
-0.035420
-0.035491
-0.035563
-0.035634
-0.035704
-0.035775
-0.035845
-0.035915
-0.035985
-0.036054
-0.036123
-0.036192
-0.036260
-0.036328
-0.036396
-0.036464
-0.036531
-0.036598
-0.036665
-0.036732
-0.036798
-0.036864
-0.036930
-0.036995
-0.037060
-0.037125
-0.037190
-0.037254
-0.037318
-0.037382
-0.037445
-0.037509
-0.037572
-0.037634
-0.037697
-0.037759
-0.037821
-0.037883
-0.037944
-0.038006
-0.038067
-0.038127
-0.038188
-0.038248
-0.038308
-0.038368
-0.038427
-0.038486
-0.038545
-0.038604
-0.038663
-0.038721
-0.038779
-0.038837
-0.038894
-0.038952
-0.039009
-0.039065
-0.039122
-0.039178
-0.039235
-0.039290
-0.039346
-0.039402
-0.039457
-0.039512
-0.039567
-0.039621
-0.039675
-0.039730
-0.039783
-0.039837
-0.039891
-0.039944
-0.039997
-0.040050
-0.040102
-0.040154
-0.040207
-0.040259
-0.040310
-0.040362
-0.040413
-0.040464
-0.040515
-0.040566
-0.040616
-0.040666
-0.040716
-0.040766
-0.040816
-0.040865
-0.040915
-0.040964
-0.041013
-0.041061
-0.041110
-0.041158
-0.041206
-0.041254
-0.041302
-0.041349
-0.041396
-0.041443
-0.041490
-0.041537
-0.041584
-0.041630
-0.041676
-0.041722
-0.041768
-0.041813
-0.041859
-0.041904
-0.041949
-0.041994
-0.042039
-0.042083
-0.042127
-0.042172
-0.042216
-0.042259
-0.042303
-0.042347
-0.042390
-0.042433
-0.042476
-0.042519
-0.042561
-0.042604
-0.042646
-0.042688
-0.042730
-0.042772
-0.042813
-0.042855
-0.042896
-0.042937
-0.042978
-0.043019
-0.043059
-0.043100
-0.043140
-0.043180
-0.043220
-0.043260
-0.043300
-0.043339
-0.043378
-0.043418
-0.043457
-0.043496
-0.043534
-0.043573
-0.043611
-0.043650
-0.043688
-0.043726
-0.043764
-0.043801
-0.043839
-0.043876
-0.043913
-0.043951
-0.043988
-0.044024
-0.044061
-0.044098
-0.044134
-0.044170
-0.044206
-0.044242
-0.044278
-0.044314
-0.044349
-0.044385
-0.044420
-0.044455
-0.044490
-0.044525
-0.044560
-0.044595
-0.044629
-0.044663
-0.044698
-0.044732
-0.044766
-0.044800
-0.044833
-0.044867
-0.044900
-0.044934
-0.044967
-0.045000
-0.045033
-0.045066
-0.045098
-0.045131
-0.045163
-0.045196
-0.045228
-0.045260
-0.045292
-0.045324
-0.045356
-0.045387
-0.045419
-0.045450
-0.045481
-0.045512
-0.045543
-0.045574
-0.045605
-0.045636
-0.045666
-0.045697
-0.045727
-0.045758
-0.045788
-0.045818
-0.045848
-0.045877
-0.045907
-0.045937
-0.045966
-0.045995
-0.046025
-0.046054
-0.046083
-0.046112
-0.046141
-0.046169
-0.046198
-0.046227
-0.046255
-0.046283
-0.046311
-0.046340
-0.046368
-0.046396
-0.046423
-0.046451
-0.046479
-0.046506
-0.046534
-0.046561
-0.046588
-0.046615
-0.046642
-0.046669
-0.046696
-0.046723
-0.046749
-0.046776
-0.046802
-0.046829
-0.046855
-0.046881
-0.046907
-0.046933
-0.046959
-0.046985
-0.047011
-0.047036
-0.047062
-0.047087
-0.047113
-0.047138
-0.047163
-0.047188
-0.047213
-0.047238
-0.047263
-0.047288
-0.047312
-0.047337
-0.047362
-0.047386
-0.047410
-0.047435
-0.047459
-0.047483
-0.047507
-0.047531
-0.047555
-0.047578
-0.047602
-0.047626
-0.047649
-0.047673
-0.047696
-0.047719
-0.047743
-0.047766
-0.047789
-0.047812
-0.047835
-0.047857
-0.047880
-0.047903
-0.047925
-0.047948
-0.047970
-0.047993
-0.048015
-0.048037
-0.048059
-0.048082
-0.048104
-0.048126
-0.048147
-0.048169
-0.048191
-0.048213
-0.048234
-0.048256
-0.048277
-0.048298
-0.048320
-0.048341
-0.048362
-0.048383
-0.048404
-0.048425
-0.048446
-0.048467
-0.048488
-0.048509
-0.048529
-0.048550
-0.048570
-0.048591
-0.048611
-0.048631
-0.048652
-0.048672
-0.048692
-0.048712
-0.048732
-0.048752
-0.048772
-0.048792
-0.048811
-0.048831
-0.048851
-0.048870
-0.048890
-0.048909
-0.048929
-0.048948
-0.048967
-0.048986
-0.049006
-0.049025
-0.049044
-0.049063
-0.049082
-0.049100
-0.049119
-0.049138
-0.049157
-0.049175
-0.049194
-0.049212
-0.049231
-0.049249
-0.049268
-0.049286
-0.049304
-0.049322
-0.049341
-0.049359
-0.049377
-0.049395
-0.049413
-0.049430
-0.049448
-0.049466
-0.049484
-0.049501
-0.049519
-0.049537
-0.049554
-0.049572
-0.049589
-0.049606
-0.049624
-0.049641
-0.049658
-0.049675
-0.049692
-0.049710
-0.049727
-0.049744
-0.049760
-0.049777
-0.049794
-0.049811
-0.049828
-0.049844
-0.049861
-0.049878
-0.049894
-0.049911
-0.049927
-0.049944
-0.049960
-0.049976
-0.049992
-0.050009
-0.050025
-0.050041
-0.050057
-0.050073
-0.050089
-0.050105
-0.050121
-0.050137
-0.050153
-0.050169
-0.050184
-0.050200
-0.050216
-0.050231
-0.050247
-0.050262
-0.050278
-0.050293
-0.050309
-0.050324
-0.050340
-0.050355
-0.050370
-0.050385
-0.050401
-0.050416
-0.050431
-0.050446
-0.050461
-0.050476
-0.050491
-0.050506
-0.050520
-0.050535
-0.050550
-0.050565
-0.050580
-0.050594
-0.050609
-0.050623
-0.050638
-0.050653
-0.050667
-0.050682
-0.050696
-0.050710
-0.050725
-0.050739
-0.050753
-0.050767
-0.050782
-0.050796
-0.050810
-0.050824
-0.050838
-0.050852
-0.050866
-0.050880
-0.050894
-0.050908
-0.050922
-0.050936
-0.050949
-0.050963
-0.050977
-0.050991
-0.051004
-0.051018
-0.051031
-0.051045
-0.051058
-0.051072
-0.051085
-0.051099
-0.051112
-0.051126
-0.051139
-0.051152
-0.051166
-0.051179
-0.051192
-0.051205
-0.051218
-0.051231
-0.051245
-0.051258
-0.051271
-0.051284
-0.051297
-0.051310
-0.051322
-0.051335
-0.051348
-0.051361
-0.051374
-0.051387
-0.051399
-0.051412
-0.051425
-0.051437
-0.051450
-0.051463
-0.051475
-0.051488
-0.051500
-0.051513
-0.051525
-0.051538
-0.051550
-0.051562
-0.051575
-0.051587
-0.051599
-0.051612
-0.051624
-0.051636
-0.051648
-0.051660
-0.051672
-0.051685
-0.051697
-0.051709
-0.051721
-0.051733
-0.051745
-0.051757
-0.051769
-0.051781
-0.051792
-0.051804
-0.051816
-0.051828
-0.051840
-0.051851
-0.051863
-0.051875
-0.051887
-0.051898
-0.051910
-0.051921
-0.051933
-0.051945
-0.051956
-0.051968
-0.051979
-0.051991
-0.052002
-0.052014
-0.052025
-0.052036
-0.052048
-0.052059
-0.052070
-0.052082
-0.052093
-0.052104
-0.052115
-0.052127
-0.052138
-0.052149
-0.052160
-0.052171
-0.052182
-0.052193
-0.052204
-0.052215
-0.052226
-0.052237
-0.052248
-0.052259
-0.052270
-0.052281
-0.052292
-0.052303
-0.052314
-0.052325
-0.052335
-0.052346
-0.052357
-0.052368
-0.052378
-0.052389
-0.052400
-0.052410
-0.052421
-0.052432
-0.052442
-0.052453
-0.052463
-0.052474
-0.052485
-0.052495
-0.052506
-0.052516
-0.052526
-0.052537
-0.052547
-0.052558
-0.052568
-0.052578
-0.052589
-0.052599
-0.052609
-0.052620
-0.052630
-0.052640
-0.052651
-0.052661
-0.052671
-0.052681
-0.052691
-0.052701
-0.052712
-0.052722
-0.052732
-0.052742
-0.052752
-0.052762
-0.052772
-0.052782
-0.052792
-0.052802
-0.052812
-0.052822
-0.052832
-0.052842
-0.052852
-0.052862
-0.052871
-0.052881
-0.052891
-0.052901
-0.052911
-0.052920
-0.052930
-0.052940
-0.052950
-0.052959
-0.052969
-0.052979
-0.052988
-0.052998
-0.053008
-0.053017
-0.053027
-0.053037
-0.053046
-0.053056
-0.053065
-0.053075
-0.053084
-0.053094
-0.053103
-0.053113
-0.053122
-0.053132
-0.053141
-0.053151
-0.053160
-0.053169
-0.053179
-0.053188
-0.053198
-0.053207
-0.053216
-0.053226
-0.053235
-0.053244
-0.053253
-0.053263
-0.053272
-0.053281
-0.053290
-0.053299
-0.053309
-0.053318
-0.053327
-0.053336
-0.053345
-0.053354
-0.053364
-0.053373
-0.053382
-0.053391
-0.053400
-0.053409
-0.053418
-0.053427
-0.053436
-0.053445
-0.053454
-0.053463
-0.053472
-0.053481
-0.053490
-0.053499
-0.053507
-0.053516
-0.053525
-0.053534
-0.053543
-0.053552
-0.053561
-0.053569
-0.053578
-0.053587
-0.053596
-0.053605
-0.053613
-0.053622
-0.053631
-0.053640
-0.053648
-0.053657
-0.053666
-0.053674
-0.053683
-0.053692
-0.053700
-0.053709
-0.053718
-0.053726
-0.053735
-0.053743
-0.053752
-0.053761
-0.053769
-0.053778
-0.053786
-0.053795
-0.053803
-0.053812
-0.053820
-0.053829
-0.053837
-0.053846
-0.053854
-0.053862
-0.053871
-0.053879
-0.053888
-0.053896
-0.053905
-0.053913
-0.053921
-0.053930
-0.053938
-0.053946
-0.053955
-0.053963
-0.053971
-0.053980
-0.053988
-0.053996
-0.054004
-0.054013
-0.054021
-0.054029
-0.054037
-0.054046
-0.054054
-0.054062
-0.054070
-0.054078
-0.054087
-0.054095
-0.054103
-0.054111
-0.054119
-0.054127
-0.054135
-0.054143
-0.054152
-0.054160
-0.054168
-0.054176
-0.054184
-0.054192
-0.054200
-0.054208
-0.054216
-0.054224
-0.054232
-0.054240
-0.054248
-0.054256
-0.054264
-0.054272
-0.054280
-0.054288
-0.054296
-0.054304
-0.054312
-0.054319
-0.054327
-0.054335
-0.054343
-0.054351
-0.054359
-0.054367
-0.054375
-0.054382
-0.054390
-0.054398
-0.054406
-0.054414
-0.054422
-0.054429
-0.054437
-0.054445
-0.054453
-0.054460
-0.054468
-0.054476
-0.054484
-0.054491
-0.054499
-0.054507
-0.054515
-0.054522
-0.054530
-0.054538
-0.054545
-0.054553
-0.054561
-0.054568
-0.054576
-0.054584
-0.054591
-0.054599
-0.054606
-0.054614
-0.054622
-0.054629
-0.054637
-0.054644
-0.054652
-0.054660
-0.054667
-0.054675
-0.054682
-0.054690
-0.054697
-0.054705
-0.054712
-0.054720
-0.054727
-0.054735
-0.054742
-0.054750
-0.054757
-0.054765
-0.054772
-0.054780
-0.054787
-0.054794
-0.054802
-0.054809
-0.054817
-0.054824
-0.054832
-0.054839
-0.054846
-0.054854
-0.054861
-0.054868
-0.054876
-0.054883
-0.054891
-0.054898
-0.054905
-0.054913
-0.054920
-0.054927
-0.054935
-0.054942
-0.054949
-0.054956
-0.054964
-0.054971
-0.054978
-0.054986
-0.054993
-0.055000
-0.055007
-0.055015
-0.055022
-0.055029
-0.055036
-0.055043
-0.055051
-0.055058
-0.055065
-0.055072
-0.055079
-0.055087
-0.055094
-0.055101
-0.055108
-0.055115
-0.055122
-0.055130
-0.055137
-0.055144
-0.055151
-0.055158
-0.055165
-0.055172
-0.055179
-0.055187
-0.055194
-0.055201
-0.055208
-0.055215
-0.055222
-0.055229
-0.055236
-0.055243
-0.055250
-0.055257
-0.055264
-0.055271
-0.055278
-0.055285
-0.055292
-0.055299
-0.055306
-0.055313
-0.055320
-0.055327
-0.055334
-0.055341
-0.055348
-0.055355
-0.055362
-0.055369
-0.055376
-0.055383
-0.055390
-0.055397
-0.055404
-0.055411
-0.055418
-0.055425
-0.055431
-0.055438
-0.055445
-0.055452
-0.055459
-0.055466
-0.055473
-0.055480
-0.055487
-0.055493
-0.055500
-0.055507
-0.055514
-0.055521
-0.055528
-0.055534
-0.055541
-0.055548
-0.055555
-0.055562
-0.055569
-0.055575
-0.055582
-0.055589
-0.055596
-0.055603
-0.055609
-0.055616
-0.055623
-0.055630
-0.055636
-0.055643
-0.055650
-0.055657
-0.055663
-0.055670
-0.055677
-0.055684
-0.055690
-0.055697
-0.055704
-0.055710
-0.055717
-0.055724
-0.055731
-0.055737
-0.055744
-0.055751
-0.055757
-0.055764
-0.055771
-0.055777
-0.055784
-0.055791
-0.055797
-0.055804
-0.055810
-0.055817
-0.055824
-0.055830
-0.055837
-0.055844
-0.055850
-0.055857
-0.055863
-0.055870
-0.055877
-0.055883
-0.055890
-0.055896
-0.055903
-0.055910
-0.055916
-0.055923
-0.055929
-0.055936
-0.055942
-0.055949
-0.055955
-0.055962
-0.055968
-0.055975
-0.055982
-0.055988
-0.055995
-0.056001
-0.056008
-0.056014
-0.056021
-0.056027
-0.056034
-0.056040
-0.056047
-0.056053
-0.056060
-0.056066
-0.056072
-0.056079
-0.056085
-0.056092
-0.056098
-0.056105
-0.056111
-0.056118
-0.056124
-0.056131
-0.056137
-0.056143
-0.056150
-0.056156
-0.056163
-0.056169
-0.056175
-0.056182
-0.056188
-0.056195
-0.056201
-0.056207
-0.056214
-0.056220
-0.056227
-0.056233
-0.056239
-0.056246
-0.056252
-0.056258
-0.056265
-0.056271
-0.056277
-0.056284
-0.056290
-0.056296
-0.056303
-0.056309
-0.056315
-0.056322
-0.056328
-0.056334
-0.056341
-0.056347
-0.056353
-0.056360
-0.056366
-0.056372
-0.056378
-0.056385
-0.056391
-0.056397
-0.056404
-0.056410
-0.056416
-0.056422
-0.056429
-0.056435
-0.056441
-0.056447
-0.056454
-0.056460
-0.056466
-0.056472
-0.056478
-0.056485
-0.056491
-0.056497
-0.056503
-0.056510
-0.056516
-0.056522
-0.056528
-0.056534
-0.056541
-0.056547
-0.056553
-0.056559
-0.056565
-0.056571
-0.056578
-0.056584
-0.056590
-0.056596
-0.056602
-0.056608
-0.056615
-0.056621
-0.056627
-0.056633
-0.056639
-0.056645
-0.056651
-0.056658
-0.056664
-0.056670
-0.056676
-0.056682
-0.056688
-0.056694
-0.056700
-0.056706
-0.056713
-0.056719
-0.056725
-0.056731
-0.056737
-0.056743
-0.056749
-0.056755
-0.056761
-0.056767
-0.056773
-0.056779
-0.056786
-0.056792
-0.056798
-0.056804
-0.056810
-0.056816
-0.056822
-0.056828
-0.056834
-0.056840
-0.056846
-0.056852
-0.056858
-0.056864
-0.056870
-0.056876
-0.056882
-0.056888
-0.056894
-0.056900
-0.056906
-0.056912
-0.056918
-0.056924
-0.056930
-0.056936
-0.056942
-0.056948
-0.056954
-0.056960
-0.056966
-0.056972
-0.056978
-0.056984
-0.056990
-0.056996
-0.057002
-0.057007
-0.057013
-0.057019
-0.057025
-0.057031
-0.057037
-0.057043
-0.057049
-0.057055
-0.057061
-0.057067
-0.057073
-0.057079
-0.057084
-0.057090
-0.057096
-0.057102
-0.057108
-0.057114
-0.057120
-0.057126
-0.057132
-0.057137
-0.057143
-0.057149
-0.057155
-0.057161
-0.057167
-0.057173
-0.057178
-0.057184
-0.057190
-0.057196
-0.057202
-0.057208
-0.057214
-0.057219
-0.057225
-0.057231
-0.057237
-0.057243
-0.057249
-0.057254
-0.057260
-0.057266
-0.057272
-0.057278
-0.057283
-0.057289
-0.057295
-0.057301
-0.057307
-0.057312
-0.057318
-0.057324
-0.057330
-0.057335
-0.057341
-0.057347
-0.057353
-0.057359
-0.057364
-0.057370
-0.057376
-0.057382
-0.057387
-0.057393
-0.057399
-0.057405
-0.057410
-0.057416
-0.057422
-0.057428
-0.057433
-0.057439
-0.057445
-0.057450
-0.057456
-0.057462
-0.057468
-0.057473
-0.057479
-0.057485
-0.057490
-0.057496
-0.057502
-0.057507
-0.057513
-0.057519
-0.057525
-0.057530
-0.057536
-0.057542
-0.057547
-0.057553
-0.057559
-0.057564
-0.057570
-0.057576
-0.057581
-0.057587
-0.057593
-0.057598
-0.057604
-0.057610
-0.057615
-0.057621
-0.057626
-0.057632
-0.057638
-0.057643
-0.057649
-0.057655
-0.057660
-0.057666
-0.057671
-0.057677
-0.057683
-0.057688
-0.057694
-0.057699
-0.057705
-0.057711
-0.057716
-0.057722
-0.057727
-0.057733
-0.057739
-0.057744
-0.057750
-0.057755
-0.057761
-0.057766
-0.057772
-0.057778
-0.057783
-0.057789
-0.057794
-0.057800
-0.057805
-0.057811
-0.057816
-0.057822
-0.057828
-0.057833
-0.057839
-0.057844
-0.057850
-0.057855
-0.057861
-0.057866
-0.057872
-0.057877
-0.057883
-0.057888
-0.057894
-0.057899
-0.057905
-0.057910
-0.057916
-0.057921
-0.057927
-0.057932
-0.057938
-0.057943
-0.057949
-0.057954
-0.057960
-0.057965
-0.057971
-0.057976
-0.057982
-0.057987
-0.057993
-0.057998
-0.058003
-0.058009
-0.058014
-0.058020
-0.058025
-0.058031
-0.058036
-0.058042
-0.058047
-0.058052
-0.058058
-0.058063
-0.058069
-0.058074
-0.058080
-0.058085
-0.058090
-0.058096
-0.058101
-0.058107
-0.058112
-0.058117
-0.058123
-0.058128
-0.058134
-0.058139
-0.058144
-0.058150
-0.058155
-0.058161
-0.058166
-0.058171
-0.058177
-0.058182
-0.058187
-0.058193
-0.058198
-0.058204
-0.058209
-0.058214
-0.058220
-0.058225
-0.058230
-0.058236
-0.058241
-0.058246
-0.058252
-0.058257
-0.058262
-0.058268
-0.058273
-0.058278
-0.058284
-0.058289
-0.058294
-0.058300
-0.058305
-0.058310
-0.058316
-0.058321
-0.058326
-0.058331
-0.058337
-0.058342
-0.058347
-0.058353
-0.058358
-0.058363
-0.058369
-0.058374
-0.058379
-0.058384
-0.058390
-0.058395
-0.058400
-0.058405
-0.058411
-0.058416
-0.058421
-0.058426
-0.058432
-0.058437
-0.058442
-0.058447
-0.058453
-0.058458
-0.058463
-0.058468
-0.058474
-0.058479
-0.058484
-0.058489
-0.058495
-0.058500
-0.058505
-0.058510
-0.058515
-0.058521
-0.058526
-0.058531
-0.058536
-0.058542
-0.058547
-0.058552
-0.058557
-0.058562
-0.058567
-0.058573
-0.058578
-0.058583
-0.058588
-0.058593
-0.058599
-0.058604
-0.058609
-0.058614
-0.058619
-0.058624
-0.058630
-0.058635
-0.058640
-0.058645
-0.058650
-0.058655
-0.058661
-0.058666
-0.058671
-0.058676
-0.058681
-0.058686
-0.058691
-0.058696
-0.058702
-0.058707
-0.058712
-0.058717
-0.058722
-0.058727
-0.058732
-0.058737
-0.058743
-0.058748
-0.058753
-0.058758
-0.058763
-0.058768
-0.058773
-0.058778
-0.058783
-0.058788
-0.058794
-0.058799
-0.058804
-0.058809
-0.058814
-0.058819
-0.058824
-0.058829
-0.058834
-0.058839
-0.058844
-0.058849
-0.058854
-0.058859
-0.058864
-0.058869
-0.058875
-0.058880
-0.058885
-0.058890
-0.058895
-0.058900
-0.058905
-0.058910
-0.058915
-0.058920
-0.058925
-0.058930
-0.058935
-0.058940
-0.058945
-0.058950
-0.058955

