0.000000
0.000000
-0.000006
-0.000014
-0.000023
-0.000034
-0.000045
-0.000058
-0.000070
-0.000084
-0.000097
-0.000111
-0.000125
-0.000140
-0.000155
-0.000170
-0.000185
-0.000201
-0.000217
-0.000233
-0.000249
-0.000266
-0.000282
-0.000299
-0.000316
-0.000333
-0.000351
-0.000368
-0.000386
-0.000404
-0.000422
-0.000440
-0.000459
-0.000477
-0.000496
-0.000515
-0.000534
-0.000553
-0.000572
-0.000591
-0.000611
-0.000631
-0.000651
-0.000670
-0.000691
-0.000711
-0.000731
-0.000751
-0.000772
-0.000793
-0.000813
-0.000834
-0.000855
-0.000876
-0.000898
-0.000919
-0.000940
-0.000962
-0.000984
-0.001005
-0.001027
-0.001049
-0.001071
-0.001093
-0.001115
-0.001138
-0.001160
-0.001183
-0.001205
-0.001228
-0.001251
-0.001273
-0.001296
-0.001319
-0.001342
-0.001366
-0.001389
-0.001412
-0.001435
-0.001459
-0.001482
-0.001506
-0.001530
-0.001553
-0.001577
-0.001601
-0.001625
-0.001649
-0.001673
-0.001697
-0.001722
-0.001746
-0.001770
-0.001795
-0.001819
-0.001844
-0.001868
-0.001893
-0.001918
-0.001942
-0.001967
-0.001992
-0.002017
-0.002042
-0.002067
-0.002092
-0.002118
-0.002143
-0.002168
-0.002193
-0.002219
-0.002244
-0.002270
-0.002295
-0.002321
-0.002346
-0.002372
-0.002398
-0.002424
-0.002449
-0.002475
-0.002501
-0.002527
-0.002553
-0.002579
-0.002605
-0.002631
-0.002658
-0.002684
-0.002710
-0.002736
-0.002763
-0.002789
-0.002815
-0.002842
-0.002868
-0.002895
-0.002921
-0.002948
-0.002975
-0.003001
-0.003028
-0.003055
-0.003082
-0.003108
-0.003135
-0.003162
-0.003189
-0.003216
-0.003243
-0.003270
-0.003297
-0.003324
-0.003351
-0.003379
-0.003406
-0.003433
-0.003460
-0.003487
-0.003515
-0.003542
-0.003569
-0.003597
-0.003624
-0.003652
-0.003679
-0.003707
-0.003734
-0.003762
-0.003789
-0.003817
-0.003845
-0.003872
-0.003900
-0.003928
-0.003955
-0.003983
-0.004011
-0.004039
-0.004067
-0.004094
-0.004122
-0.004150
-0.004178
-0.004206
-0.004234
-0.004262
-0.004290
-0.004318
-0.004346
-0.004374
-0.004402
-0.004430
-0.004459
-0.004487
-0.004515
-0.004543
-0.004571
-0.004599
-0.004628
-0.004656
-0.004684
-0.004713
-0.004741
-0.004769
-0.004798
-0.004826
-0.004854
-0.004883
-0.004911
-0.004940
-0.004968
-0.004997
-0.005025
-0.005054
-0.005082
-0.005111
-0.005139
-0.005168
-0.005197
-0.005225
-0.005254
-0.005282
-0.005311
-0.005340
-0.005368
-0.005397
-0.005426
-0.005455
-0.005483
-0.005512
-0.005541
-0.005570
-0.005598
-0.005627
-0.005656
-0.005685
-0.005714
-0.005743
-0.005771
-0.005800
-0.005829
-0.005858
-0.005887
-0.005916
-0.005945
-0.005974
-0.006003
-0.006032
-0.006061
-0.006090
-0.006119
-0.006148
-0.006177
-0.006206
-0.006235
-0.006264
-0.006293
-0.006322
-0.006351
-0.006380
-0.006409
-0.006438
-0.006467
-0.006496
-0.006525
-0.006555
-0.006584
-0.006613
-0.006642
-0.006671
-0.006700
-0.006729
-0.006759
-0.006788
-0.006817
-0.006846
-0.006875
-0.006905
-0.006934
-0.006963
-0.006992
-0.007022
-0.007051
-0.007080
-0.007109
-0.007139
-0.007168
-0.007197
-0.007226
-0.007256
-0.007285
-0.007314
-0.007344
-0.007373
-0.007402
-0.007432
-0.007461
-0.007490
-0.007520
-0.007549
-0.007578
-0.007608
-0.007637
-0.007666
-0.007696
-0.007725
-0.007754
-0.007784
-0.007813
-0.007842
-0.007872
-0.007901
-0.007931
-0.007960
-0.007989
-0.008019
-0.008048
-0.008078
-0.008107
-0.008136
-0.008166
-0.008195
-0.008225
-0.008254
-0.008283
-0.008313
-0.008342
-0.008372
-0.008401
-0.008431
-0.008460
-0.008489
-0.008519
-0.008548
-0.008578
-0.008607
-0.008637
-0.008666
-0.008695
-0.008725
-0.008754
-0.008784
-0.008813
-0.008843
-0.008872
-0.008902
-0.008931
-0.008960
-0.008990
-0.009019
-0.009049
-0.009078
-0.009108
-0.009137
-0.009167
-0.009196
-0.009225
-0.009255
-0.009284
-0.009314
-0.009343
-0.009373
-0.009402
-0.009432
-0.009461
-0.009490
-0.009520
-0.009549
-0.009579
-0.009608
-0.009638
-0.009667
-0.009696
-0.009726
-0.009755
-0.009785
-0.009814
-0.009844
-0.009873
-0.009902
-0.009932
-0.009961
-0.009991
-0.010020
-0.010050
-0.010079
-0.010108
-0.010138
-0.010167
-0.010197
-0.010226
-0.010255
-0.010285
-0.010314
-0.010344
-0.010373
-0.010402
-0.010432
-0.010461
-0.010490
-0.010520
-0.010549
-0.010579
-0.010608
-0.010637
-0.010667
-0.010696
-0.010725
-0.010755
-0.010784
-0.010813
-0.010843
-0.010872
-0.010901
-0.010931
-0.010960
-0.010989
-0.011019
-0.011048
-0.011077
-0.011107
-0.011136
-0.011165
-0.011195
-0.011224
-0.011253
-0.011282
-0.011312
-0.011341
-0.011370
-0.011400
-0.011429
-0.011458
-0.011487
-0.011517
-0.011546
-0.011575
-0.011604
-0.011634
-0.011663
-0.011692
-0.011721
-0.011750
-0.011780
-0.011809
-0.011838
-0.011867
-0.011896
-0.011926
-0.011955
-0.011984
-0.012013
-0.012042
-0.012071
-0.012101
-0.012130
-0.012159
-0.012188
-0.012217
-0.012246
-0.012275
-0.012304
-0.012334
-0.012363
-0.012392
-0.012421
-0.012450
-0.012479
-0.012508
-0.012537
-0.012566
-0.012595
-0.012624
-0.012653
-0.012682
-0.012711
-0.012740
-0.012769
-0.012798
-0.012827
-0.012856
-0.012885
-0.012914
-0.012943
-0.012972
-0.013001
-0.013030
-0.013059
-0.013088
-0.013117
-0.013146
-0.013175
-0.013204
-0.013233
-0.013262
-0.013291
-0.013320
-0.013348
-0.013377
-0.013406
-0.013435
-0.013150
-0.011956
-0.009172
-0.004400
0.002425
0.011144
0.021495
0.033181
0.045916
0.059436
0.073512
0.087944
0.102564
0.117232
0.131834
0.146280
0.160496
0.174428
0.188033
0.201279
0.214431
0.228025
0.242684
0.258781
0.276386
0.295362
0.315475
0.336461
0.358061
0.380045
0.402206
0.424370
0.446388
0.468141
0.489532
0.510485
0.530944
0.550865
0.570218
0.588983
0.607418
0.626038
0.645449
0.666021
0.687839
0.710788
0.734657
0.759204
0.784190
0.809400
0.834643
0.859754
0.884596
0.909057
0.933046
0.956493
0.979347
1.001568
1.023129
1.044014
1.064471
1.085000
1.106188
1.128408
1.151753
1.176124
1.201325
1.227128
1.253303
1.279645
1.305968
1.332112
1.357943
1.383350
1.408243
1.432555
1.456231
1.479235
1.501538
1.523125
1.544235
1.565351
1.587051
1.609707
1.633426
1.658120
1.683608
1.709669
1.736085
1.762652
1.789189
1.815537
1.841560
1.867147
1.892206
1.916668
1.940476
1.963592
1.985986
2.007640
2.028783
2.049889
2.071524
2.094067
2.117634
2.142157
2.167466
2.193353
2.219604
2.246021
2.272423
2.298649
2.324560
2.350041
2.374996
2.399350
2.423042
2.446030
2.468281
2.489775
2.510729
2.531607
2.552968
2.575199
2.598436
2.622630
2.647631
2.673243
2.699261
2.725490
2.751746
2.777865
2.803699
2.829123
2.854033
2.878344
2.901986
2.924909
2.947075
2.968456
2.989241
3.009835
3.030748
3.052342
3.074765
3.098003
3.121940
3.146416
3.171256
3.196284
3.221332
3.246245
3.270879
3.295110
3.318831
3.341952
3.364401
3.386124
3.407076
3.427229
3.446565
3.465073
3.482751
3.499606
3.515644
3.530881
3.545332
3.559016
3.571953
3.584163
3.595668
3.606490
3.616651
3.626172
3.635074
3.643379
3.651106
3.658276
3.664908
3.671019
3.676629
3.681755
3.686413
3.690620
3.694392
3.697744
3.700689
3.703244
3.705420
3.707232
3.708691
3.709809
3.710599
3.711071
3.711236
3.711105
3.710686
3.709991
3.709027
3.707803
3.706329
3.704613
3.702661
3.700482
3.698084
3.695473
3.692655
3.689639
3.686429
3.683033
3.679456
3.675704
3.671783
3.667697
3.663453
3.659056
3.654509
3.649819
3.644990
3.640026
3.634932
3.629711
3.624369
3.618908
3.613334
3.607648
3.601857
3.595962
3.589967
3.583876
3.577691
3.571417
3.565055
3.558610
3.552083
3.545478
3.538798
3.532044
3.525220
3.518328
3.511371
3.504350
3.497268
3.490128
3.482931
3.475680
3.468376
3.461022
3.453619
3.446170
3.438676
3.431138
3.423559
3.415941
3.408284
3.400591
3.392863
3.385101
3.377306
3.369482
3.361627
3.353745
3.345836
3.337901
3.329942
3.321959
3.313955
3.305929
3.297884
3.289820
3.281738
3.273639
3.265524
3.257394
3.249250
3.241093
3.232924
3.224743
3.216551
3.208349
3.200139
3.191919
3.183692
3.175458
3.167218
3.158972
3.150721
3.142465
3.134206
3.125943
3.117678
3.109410
3.101141
3.092871
3.084600
3.076329
3.068059
3.059789
3.051521
3.043255
3.034990
3.026728
3.018470
3.010214
3.001963
2.993715
2.985472
2.977234
2.969001
2.960774
2.952552
2.944336
2.936127
2.927925
2.919729
2.911541
2.903360
2.895188
2.887023
2.878866
2.870718
2.862579
2.854449
2.846328
2.838216
2.830114
2.822022
2.813940
2.805868
2.797806
2.789755
2.781715
2.773686
2.765667
2.757660
2.749664
2.741680
2.733708
2.725747
2.717798
2.709861
2.701936
2.694024
2.686124
2.678237
2.670362
2.662500
2.654651
2.646814
2.638991
2.631181
2.623384
2.615601
2.607831
2.600075
2.592332
2.584602
2.576887
2.569185
2.561497
2.553824
2.546164
2.538518
2.530886
2.523269
2.515666
2.508077
2.500502
2.492942
2.485397
2.477866
2.470349
2.462847
2.455360
2.447887
2.440429
2.432986
2.425558
2.418145
2.410746
2.403362
2.395994
2.388640
2.381301
2.373977
2.366669
2.359375
2.352096
2.344833
2.337584
2.330351
2.323133
2.315930
2.308743
2.301571
2.294413
2.287272
2.280145
2.273034
2.265938
2.258857
2.251791
2.244741
2.237707
2.230687
2.223683
2.216694
2.209721
2.202763
2.195820
2.188893
2.181981
2.175084
2.168203
2.161337
2.154487
2.147652
2.140832
2.134028
2.127239
2.120465
2.113707
2.106964
2.100237
2.093525
2.086828
2.080146
2.073480
2.066829
2.060194
2.053574
2.046969
2.040379
2.033805
2.027246
2.020703
2.014174
2.007661
2.001163
1.994681
1.988213
1.981761
1.975324
1.968902
1.962496
1.956104
1.949728
1.943367
1.937021
1.930690
1.924374
1.918074
1.911788
1.905518
1.899262
1.893022
1.886797
1.880586
1.874391
1.868211
1.862045
1.855895
1.849759
1.843639
1.837533
1.831442
1.825366
1.819305
1.813259
1.807228
1.801211
1.795210
1.789222
1.783250
1.777293
1.771350
1.765422
1.759508
1.753610
1.747725
1.741856
1.736001
1.730161
1.724335
1.718524
1.712727
1.706945
1.701177
1.695424
1.689685
1.683961
1.678251
1.672556
1.666874
1.661208
1.655555
1.649917
1.644293
1.638684
1.633088
1.627507
1.621940
1.616388
1.610849
1.605325
1.599815
1.594318
1.588836
1.583368
1.577914
1.572474
1.567048
1.561637
1.556239
1.550854
1.545484
1.540128
1.534786
1.529457
1.524142
1.518841
1.513554
1.508281
1.503021
1.497775
1.492543
1.487324
1.482120
1.476928
1.471750
1.466586
1.461436
1.456299
1.451175
1.446065
1.440969
1.435886
1.430816
1.425760
1.420717
1.415687
1.410671
1.405668
1.400678
1.395702
1.390739
1.385789
1.380852
1.375929
1.371018
1.366121
1.361237
1.356366
1.351508
1.346662
1.341830
1.337011
1.332205
1.327412
1.322632
1.317865
1.313110
1.308369
1.303640
1.298924
1.294221
1.289530
1.284853
1.280188
1.275535
1.270896
1.266269
1.261654
1.257052
1.252463
1.247887
1.243322
1.238771
1.234231
1.229705
1.225190
1.220688
1.216199
1.211721
1.207257
1.202804
1.198364
1.193936
1.189520
1.185116
1.180725
1.176346
1.171979
1.167624
1.163281
1.158950
1.154632
1.150325
1.146030
1.141748
1.137477
1.133218
1.128971
1.124736
1.120513
1.116302
1.112102
1.107915
1.103739
1.099575
1.095422
1.091281
1.087152
1.083035
1.078929
1.074835
1.070752
1.066681
1.062622
1.058574
1.054537
1.050512
1.046499
1.042497
1.038506
1.034527
1.030559
1.026602
1.022657
1.018723
1.014800
1.010888
1.006988
1.003099
0.999221
0.995354
0.991498
0.987654
0.983820
0.979998
0.976186
0.972386
0.968596
0.964818
0.961050
0.957293
0.953548
0.949813
0.946089
0.942375
0.938673
0.934981
0.931301
0.927631
0.923971
0.920322
0.916684
0.913057
0.909440
0.905834
0.902238
0.898653
0.895079
0.891515
0.887961
0.884418
0.880886
0.877364
0.873852
0.870351
0.866859
0.863379
0.859908
0.856448
0.852998
0.849559
0.846129
0.842710
0.839301
0.835902
0.832514
0.829135
0.825766
0.822408
0.819060
0.815721
0.812393
0.809074
0.805766
0.802468
0.799179
0.795900
0.792632
0.789373
0.786123
0.782884
0.779655
0.776435
0.773225
0.770025
0.766834
0.763653
0.760482
0.757320
0.754168
0.751026
0.747893
0.744770
0.741656
0.738552
0.735457
0.732372
0.729296
0.726229
0.723172
0.720125
0.717086
0.714057
0.711038
0.708028
0.705026
0.702035
0.699052
0.696079
0.693115
0.690160
0.687214
0.684277
0.681350
0.678431
0.675522
0.672621
0.669730
0.666848
0.663974
0.661110
0.658255
0.655408
0.652571
0.649742
0.646922
0.644111
0.641309
0.638516
0.635731
0.632956
0.630189
0.627430
0.624681
0.621940
0.619208
0.616484
0.613769
0.611063
0.608365
0.605676
0.602995
0.600323
0.597660
0.595005
0.592358
0.589720
0.587090
0.584469
0.581856
0.579251
0.576655
0.574067
0.571488
0.568916
0.566353
0.563799
0.561252
0.558714
0.556184
0.553662
0.551148
0.548643
0.546145
0.543656
0.541175
0.538701
0.536236
0.533779
0.531330
0.528889
0.526456
0.524031
0.521614
0.519204
0.516803
0.514410
0.512024
0.509646
0.507276
0.504914
0.502560
0.500213
0.497874
0.495543
0.493220
0.490904
0.488596
0.486296
0.484003
0.481718
0.479440
0.477171
0.474908
0.472654
0.470406
0.468167
0.465934
0.463710
0.461492
0.459283
0.457080
0.454885
0.452698
0.450518
0.448345
0.446179
0.444021
0.441870
0.439727
0.437590
0.435461
0.433339
0.431225
0.429118
0.427017
0.424924
0.422838
0.420760
0.418688
0.416623
0.414566
0.412516
0.410472
0.408436
0.406407
0.404385
0.402369
0.400361
0.398360
0.396365
0.394378
0.392397
0.390423
0.388456
0.386496
0.384543
0.382597
0.380657
0.378724
0.376798
0.374879
0.372966
0.371060
0.369161
0.367269
0.365383
0.363504
0.361631
0.359765
0.357906
0.356053
0.354207
0.352368
0.350535
0.348708
0.346888
0.345075
0.343268
0.341467
0.339673
0.337885
0.336104
0.334329
0.332560
0.330798
0.329042
0.327293
0.325549
0.323812
0.322082
0.320357
0.318639
0.316927
0.315222
0.313522
0.311829
0.310142
0.308461
0.306786
0.305118
0.303455
0.301799
0.300148
0.298504
0.296866
0.295233
0.293607
0.291987
0.290373
0.288765
0.287162
0.285566
0.283976
0.282391
0.280813
0.279240
0.277673
0.276112
0.274557
0.273008
0.271464
0.269927
0.268395
0.266869
0.265348
0.263834
0.262325
0.260821
0.259324
0.257832
0.256346
0.254865
0.253391
0.251921
0.250458
0.249000
0.247547
0.246100
0.244659
0.243223
0.241793
0.240368
0.238949
0.237535
0.236126
0.234723
0.233326
0.231934
0.230547
0.229166
0.227790
0.226419
0.225054
0.223694
0.222340
0.220990
0.219646
0.218308
0.216974
0.215646
0.214323
0.213005
0.211693
0.210386
0.209083
0.207786
0.206495
0.205208
0.203926
0.202650
0.201378
0.200112
0.198851
0.197595
0.196344
0.195098
0.193856
0.192620
0.191389
0.190163
0.188942
0.187726
0.186514
0.185308
0.184106
0.182910
0.181718
0.180531
0.179349
0.178172
0.177000
0.175832
0.174669
0.173511
0.172358
0.171210
0.170066
0.168927
0.167793
0.166663
0.165538
0.164418
0.163302
0.162192
0.161085
0.159984
0.158887
0.157794
0.156706
0.155623
0.154544
0.153470
0.152400
0.151335
0.150274
0.149218
0.148167
0.147119
0.146076
0.145038
0.144004
0.142975
0.141949
0.140929
0.139912
0.138900
0.137893
0.136889
0.135890
0.134896
0.133905
0.132919
0.131937
0.130959
0.129986
0.129017
0.128052
0.127091
0.126135
0.125182
0.124234
0.123290
0.122350
0.121414
0.120483
0.119555
0.118632
0.117712
0.116797
0.115886
0.114978
0.114075
0.113176
0.112281
0.111389
0.110502
0.109619
0.108740
0.107864
0.106993
0.106125
0.105261
0.104402
0.103546
0.102694
0.101845
0.101001
0.100160
0.099324
0.098491
0.097662
0.096836
0.096015
0.095197
0.094383
0.093572
0.092765
0.091962
0.091163
0.090368
0.089576
0.088787
0.088003
0.087221
0.086444
0.085670
0.084900
0.084133
0.083370
0.082611
0.081855
0.081102
0.080353
0.079608
0.078866
0.078127
0.077392
0.076661
0.075932
0.075208
0.074486
0.073769
0.073054
0.072343
0.071635
0.070931
0.070230
0.069532
0.068838
0.068147
0.067459
0.066775
0.066094
0.065416
0.064741
0.064070
0.063401
0.062736
0.062075
0.061416
0.060761
0.060109
0.059460
0.058814
0.058171
0.057531
0.056895
0.056261
0.055631
0.055004
0.054380
0.053759
0.053140
0.052525
0.051913
0.051304
0.050698
0.050095
0.049495
0.048898
0.048304
0.047713
0.047125
0.046539
0.045957
0.045377
0.044801
0.044227
0.043656
0.043088
0.042523
0.041960
0.041401
0.040844
0.040290
0.039739
0.039191
0.038645
0.038102
0.037562
0.037025
0.036490
0.035958
0.035429
0.034902
0.034378
0.033857
0.033338
0.032822
0.032309
0.031798
0.031290
0.030785
0.030282
0.029782
0.029284
0.028789
0.028296
0.027806
0.027318
0.026833
0.026351
0.025871
0.025393
0.024918
0.024445
0.023975
0.023507
0.023042
0.022579
0.022119
0.021661
0.021205
0.020752
0.020301
0.019852
0.019406
0.018962
0.018521
0.018081
0.017645
0.017210
0.016778
0.016348
0.015920
0.015494
0.015071
0.014650
0.014231
0.013815
0.013400
0.012988
0.012578
0.012170
0.011765
0.011361
0.010960
0.010561
0.010164
0.009769
0.009376
0.008985
0.008597
0.008210
0.007826
0.007444
0.007063
0.006685
0.006309
0.005935
0.005563
0.005192
0.004824
0.004458
0.004094
0.003732
0.003371
0.003013
0.002657
0.002302
0.001950
0.001599
0.001251
0.000904
0.000559
0.000216
-0.000125
-0.000464
-0.000801
-0.001137
-0.001471
-0.001802
-0.002132
-0.002461
-0.002787
-0.003112
-0.003434
-0.003756
-0.004075
-0.004392
-0.004708
-0.005022
-0.005334
-0.005645
-0.005954
-0.006261
-0.006566
-0.006870
-0.007172
-0.007472
-0.007771
-0.008068
-0.008363
-0.008657
-0.008949
-0.009240
-0.009529
-0.009816
-0.010101
-0.010385
-0.010668
-0.010949
-0.011228
-0.011506
-0.011782
-0.012056
-0.012329
-0.012601
-0.012871
-0.013139
-0.013406
-0.013672
-0.013936
-0.014198
-0.014459
-0.014719
-0.014977
-0.015233
-0.015489
-0.015742
-0.015995
-0.016245
-0.016495
-0.016743
-0.016989
-0.017235
-0.017478
-0.017721
-0.017962
-0.018202
-0.018440
-0.018677
-0.018912
-0.019147
-0.019379
-0.019611
-0.019841
-0.020070
-0.020298
-0.020524
-0.020749
-0.020973
-0.021195
-0.021417
-0.021637
-0.021855
-0.022073
-0.022289
-0.022504
-0.022717
-0.022930
-0.023141
-0.023351
-0.023560
-0.023767
-0.023974
-0.024179
-0.024383
-0.024586
-0.024788
-0.024988
-0.025188
-0.025386
-0.025583
-0.025779
-0.025973
-0.026167
-0.026360
-0.026551
-0.026741
-0.026931
-0.027119
-0.027306
-0.027492
-0.027676
-0.027860
-0.028043
-0.028225
-0.028405
-0.028585
-0.028763
-0.028941
-0.029117
-0.029292
-0.029467
-0.029640
-0.029812
-0.029984
-0.030154
-0.030323
-0.030492
-0.030659
-0.030825
-0.030991
-0.031155
-0.031319
-0.031481
-0.031643
-0.031803
-0.031963
-0.032122
-0.032280
-0.032436
-0.032592
-0.032747
-0.032901
-0.033055
-0.033207
-0.033358
-0.033509
-0.033659
-0.033807
-0.033955
-0.034102
-0.034248
-0.034394
-0.034538
-0.034682
-0.034824
-0.034966
-0.035107
-0.035248
-0.035387
-0.035525
-0.035663
-0.035800
-0.035936
-0.036072
-0.036206
-0.036340
-0.036473
-0.036605
-0.036736
-0.036867
-0.036996
-0.037126
-0.037254
-0.037381
-0.037508
-0.037634
-0.037759
-0.037884
-0.038007
-0.038130
-0.038253
-0.038374
-0.038495
-0.038615
-0.038735
-0.038853
-0.038971
-0.039089
-0.039205
-0.039321
-0.039436
-0.039551
-0.039665
-0.039778
-0.039890
-0.040002
-0.040113
-0.040224
-0.040333
-0.040443
-0.040551
-0.040659
-0.040766
-0.040873
-0.040979
-0.041084
-0.041189
-0.041293
-0.041396
-0.041499
-0.041601
-0.041703
-0.041803
-0.041904
-0.042004
-0.042103
-0.042201
-0.042299
-0.042397
-0.042493
-0.042590
-0.042685
-0.042780
-0.042875
-0.042969
-0.043062
-0.043155
-0.043247
-0.043339
-0.043430
-0.043520
-0.043610
-0.043700
-0.043789
-0.043877
-0.043965
-0.044052
-0.044139
-0.044226
-0.044311
-0.044397
-0.044481
-0.044566
-0.044649
-0.044732
-0.044815
-0.044897
-0.044979
-0.045060
-0.045141
-0.045221
-0.045301
-0.045380
-0.045459
-0.045537
-0.045615
-0.045693
-0.045770
-0.045846
-0.045922
-0.045997
-0.046073
-0.046147
-0.046221
-0.046295
-0.046368
-0.046441
-0.046513
-0.046585
-0.046657
-0.046728
-0.046798
-0.046869
-0.046938
-0.047008
-0.047077
-0.047145
-0.047213
-0.047281
-0.047348
-0.047415
-0.047481
-0.047548
-0.047613
-0.047678
-0.047743
-0.047808
-0.047872
-0.047935
-0.047999
-0.048061
-0.048124
-0.048186
-0.048248
-0.048309
-0.048370
-0.048431
-0.048491
-0.048551
-0.048610
-0.048670
-0.048728
-0.048787
-0.048845
-0.048902
-0.048960
-0.049017
-0.049073
-0.049130
-0.049186
-0.049241
-0.049297
-0.049352
-0.049406
-0.049460
-0.049514
-0.049568
-0.049621
-0.049674
-0.049727
-0.049779
-0.049831
-0.049883
-0.049934
-0.049985
-0.050036
-0.050086
-0.050136
-0.050186
-0.050235
-0.050285
-0.050333
-0.050382
-0.050430
-0.050478
-0.050526
-0.050573
-0.050620
-0.050667
-0.050714
-0.050760
-0.050806
-0.050851
-0.050897
-0.050942
-0.050986
-0.051031
-0.051075
-0.051119
-0.051163
-0.051206
-0.051249
-0.051292
-0.051335
-0.051377
-0.051419
-0.051461
-0.051503
-0.051544
-0.051585
-0.051626
-0.051666
-0.051707
-0.051747
-0.051787
-0.051826
-0.051865
-0.051904
-0.051943
-0.051982
-0.052020
-0.052058
-0.052096
-0.052134
-0.052171
-0.052208
-0.052245
-0.052282
-0.052318
-0.052355
-0.052391
-0.052426
-0.052462
-0.052497
-0.052532
-0.052567
-0.052602
-0.052636
-0.052670
-0.052704
-0.052738
-0.052772
-0.052805
-0.052838
-0.052871
-0.052904
-0.052937
-0.052969
-0.053001
-0.053033
-0.053065
-0.053096
-0.053128
-0.053159
-0.053190
-0.053220
-0.053251
-0.053281
-0.053312
-0.053341
-0.053371
-0.053401
-0.053430
-0.053459
-0.053489
-0.053517
-0.053546
-0.053575
-0.053603
-0.053631
-0.053659
-0.053687
-0.053714
-0.053742
-0.053769
-0.053796
-0.053823
-0.053850
-0.053876
-0.053902
-0.053929
-0.053955
-0.053981
-0.054006
-0.054032
-0.054057
-0.054082
-0.054108
-0.054132
-0.054157
-0.054182
-0.054206
-0.054230
-0.054255
-0.054279
-0.054302
-0.054326
-0.054349
-0.054373
-0.054396
-0.054419
-0.054442
-0.054465
-0.054487
-0.054510
-0.054532
-0.054554
-0.054576
-0.054598
-0.054620
-0.054642
-0.054663
-0.054684
-0.054705
-0.054727
-0.054747
-0.054768
-0.054789
-0.054809
-0.054830
-0.054850
-0.054870
-0.054890
-0.054910
-0.054930
-0.054949
-0.054969
-0.054988
-0.055007
-0.055026
-0.055045
-0.055064
-0.055083
-0.055101
-0.055120
-0.055138
-0.055156
-0.055174
-0.055192
-0.055210
-0.055228
-0.055246
-0.055263
-0.055281
-0.055298
-0.055315
-0.055332
-0.055349
-0.055366
-0.055383
-0.055399
-0.055416
-0.055432
-0.055448
-0.055464
-0.055481
-0.055496
-0.055512
-0.055528
-0.055544
-0.055559
-0.055575
-0.055590
-0.055605
-0.055620
-0.055635
-0.055650
-0.055665
-0.055680
-0.055694
-0.055709
-0.055723
-0.055738
-0.055752
-0.055766
-0.055780
-0.055794
-0.055808
-0.055822
-0.055835
-0.055849
-0.055862
-0.055876
-0.055889
-0.055902
-0.055916
-0.055929
-0.055942
-0.055954
-0.055967
-0.055980
-0.055992
-0.056005
-0.056017
-0.056030
-0.056042
-0.056054
-0.056066
-0.056078
-0.056090
-0.056102
-0.056114
-0.056125
-0.056137
-0.056149
-0.056160
-0.056171
-0.056183
-0.056194
-0.056205
-0.056216
-0.056227
-0.056238
-0.056249
-0.056260
-0.056270
-0.056281
-0.056291
-0.056302
-0.056312
-0.056323
-0.056333
-0.056343
-0.056353
-0.056363
-0.056373
-0.056383
-0.056393
-0.056402
-0.056412
-0.056422
-0.056431
-0.056441
-0.056450
-0.056460
-0.056469
-0.056478
-0.056487
-0.056496
-0.056505
-0.056514
-0.056523
-0.056532
-0.056541
-0.056549
-0.056558
-0.056567
-0.056575
-0.056584
-0.056592
-0.056600
-0.056609
-0.056617
-0.056625
-0.056633
-0.056641
-0.056649
-0.056657
-0.056665
-0.056673
-0.056681
-0.056688
-0.056696
-0.056704
-0.056711
-0.056719
-0.056726
-0.056733
-0.056741
-0.056748
-0.056755
-0.056762
-0.056770
-0.056777
-0.056784
-0.056791
-0.056798
-0.056804
-0.056811
-0.056818
-0.056825
-0.056831
-0.056838
-0.056845
-0.056851
-0.056858
-0.056864
-0.056870
-0.056877
-0.056883
-0.056889
-0.056895
-0.056902
-0.056908
-0.056914
-0.056920
-0.056926
-0.056932
-0.056937
-0.056943
-0.056949
-0.056955
-0.056961
-0.056966
-0.056972
-0.056977
-0.056983
-0.056988
-0.056994
-0.056999
-0.057005
-0.057010
-0.057015
-0.057021
-0.057026
-0.057031
-0.057036
-0.057041
-0.057046
-0.057051
-0.057056
-0.057061
-0.057066
-0.057071
-0.057076
-0.057081
-0.057085
-0.057090
-0.057095
-0.057099
-0.057104
-0.057109
-0.057113
-0.057118
-0.057122
-0.057127
-0.057131
-0.057135
-0.057140
-0.057144
-0.057148
-0.057153
-0.057157
-0.057161
-0.057165
-0.057169
-0.057173
-0.057177
-0.057181
-0.057185
-0.057189
-0.057193
-0.057197
-0.057201
-0.057205
-0.057209
-0.057212
-0.057216
-0.057220
-0.057224
-0.057227
-0.057231
-0.057234
-0.057238
-0.057242
-0.057245
-0.057249
-0.057252
-0.057255
-0.057259
-0.057262
-0.057266
-0.057269
-0.057272
-0.057276
-0.057279
-0.057282
-0.057285
-0.057288
-0.057292
-0.057295
-0.057298
-0.057301
-0.057304
-0.057307
-0.057310
-0.057313
-0.057316
-0.057319
-0.057322
-0.057325
-0.057327
-0.057330
-0.057333
-0.057336
-0.057339
-0.057341
-0.057344
-0.057347
-0.057350
-0.057352
-0.057355
-0.057358
-0.057360
-0.057363
-0.057365
-0.057368
-0.057370
-0.057373
-0.057375
-0.057378
-0.057380
-0.057383
-0.057385
-0.057387
-0.057390
-0.057392
-0.057394
-0.057397
-0.057399
-0.057401
-0.057404
-0.057406
-0.057408
-0.057410
-0.057412
-0.057415
-0.057417
-0.057419
-0.057421
-0.057423
-0.057425
-0.057427
-0.057429
-0.057431
-0.057433
-0.057435
-0.057437
-0.057439
-0.057441
-0.057443
-0.057445
-0.057447
-0.057449
-0.057451
-0.057453
-0.057454
-0.057456
-0.057458
-0.057460
-0.057462
-0.057463
-0.057465
-0.057467
-0.057469
-0.057470
-0.057472
-0.057474
-0.057476
-0.057477
-0.057479
-0.057480
-0.057482
-0.057484
-0.057485
-0.057487
-0.057489
-0.057490
-0.057492
-0.057493
-0.057495
-0.057496
-0.057498
-0.057499
-0.057501
-0.057502
-0.057504
-0.057505
-0.057507
-0.057508
-0.057509
-0.057511
-0.057512
-0.057514
-0.057515
-0.057516
-0.057518
-0.057519
-0.057520
-0.057522
-0.057523
-0.057524
-0.057526
-0.057527
-0.057528
-0.057529
-0.057531
-0.057532
-0.057533
-0.057534
-0.057536
-0.057537
-0.057538
-0.057539
-0.057540
-0.057542
-0.057543
-0.057544
-0.057545
-0.057546
-0.057547
-0.057549
-0.057550
-0.057551
-0.057552
-0.057553
-0.057554
-0.057555
-0.057556
-0.057557
-0.057558
-0.057559
-0.057561
-0.057562
-0.057563
-0.057564
-0.057565
-0.057566
-0.057567
-0.057568
-0.057569
-0.057570
-0.057571
-0.057572
-0.057573
-0.057574
-0.057575
-0.057576
-0.057577
-0.057577
-0.057578
-0.057579
-0.057580
-0.057581
-0.057582
-0.057583
-0.057584
-0.057585
-0.057586
-0.057587
-0.057588
-0.057588
-0.057589
-0.057590
-0.057591
-0.057592
-0.057593
-0.057594
-0.057595
-0.057595
-0.057596
-0.057597
-0.057598
-0.057599
-0.057600
-0.057600
-0.057601
-0.057602
-0.057603
-0.057604
-0.057605
-0.057605
-0.057606
-0.057607
-0.057608
-0.057609
-0.057609
-0.057610
-0.057611
-0.057612
-0.057613
-0.057613
-0.057614
-0.057615
-0.057616
-0.057616
-0.057617
-0.057618
-0.057619
-0.057620
-0.057620
-0.057621
-0.057622
-0.057623
-0.057623
-0.057624
-0.057625
-0.057626
-0.057626
-0.057627
-0.057628
-0.057629
-0.057629
-0.057630
-0.057631
-0.057631
-0.057632
-0.057633
-0.057634
-0.057634
-0.057635
-0.057636
-0.057637
-0.057637
-0.057638
-0.057639
-0.057639
-0.057640
-0.057641
-0.057642
-0.057642
-0.057643
-0.057644
-0.057645
-0.057645
-0.057646
-0.057647
-0.057647
-0.057648
-0.057649
-0.057650
-0.057650
-0.057651
-0.057652
-0.057652
-0.057653
-0.057654
-0.057655
-0.057655
-0.057656
-0.057657
-0.057657
-0.057658
-0.057659
-0.057660
-0.057660
-0.057661
-0.057662
-0.057662
-0.057663
-0.057664
-0.057665
-0.057665
-0.057666
-0.057667
-0.057667
-0.057668
-0.057669
-0.057670
-0.057670
-0.057671
-0.057672
-0.057673
-0.057673
-0.057674
-0.057675
-0.057676
-0.057676
-0.057677
-0.057678
-0.057678
-0.057679
-0.057680
-0.057681
-0.057681
-0.057682
-0.057683
-0.057684
-0.057684
-0.057685
-0.057686
-0.057687
-0.057687
-0.057688
-0.057689
-0.057690
-0.057691
-0.057691
-0.057692
-0.057693
-0.057694
-0.057694
-0.057695
-0.057696
-0.057697
-0.057697
-0.057698
-0.057699
-0.057700
-0.057701
-0.057701
-0.057702
-0.057703
-0.057704
-0.057705
-0.057705
-0.057706
-0.057707
-0.057708
-0.057709
-0.057709
-0.057710
-0.057711
-0.057712
-0.057713
-0.057714
-0.057714
-0.057715
-0.057716
-0.057717
-0.057718
-0.057719
-0.057719
-0.057720
-0.057721
-0.057722
-0.057723
-0.057724
-0.057725
-0.057725
-0.057726
-0.057727
-0.057728
-0.057729
-0.057730
-0.057731
-0.057732
-0.057733
-0.057733
-0.057734
-0.057735
-0.057736
-0.057737
-0.057738
-0.057739
-0.057740
-0.057741
-0.057742
-0.057743
-0.057743
-0.057744
-0.057745
-0.057746
-0.057747
-0.057748
-0.057749
-0.057750
-0.057751
-0.057752
-0.057753
-0.057754
-0.057755
-0.057756
-0.057757
-0.057758
-0.057759
-0.057760
-0.057761
-0.057762
-0.057763
-0.057764
-0.057765
-0.057766
-0.057767
-0.057768
-0.057769
-0.057770
-0.057771
-0.057772
-0.057773
-0.057774
-0.057775
-0.057776
-0.057777
-0.057778
-0.057779
-0.057780
-0.057781
-0.057782
-0.057783
-0.057784
-0.057786
-0.057787
-0.057788
-0.057789
-0.057790
-0.057791
-0.057792
-0.057793
-0.057794
-0.057795
-0.057797
-0.057798
-0.057799
-0.057800
-0.057801
-0.057802
-0.057803
-0.057805
-0.057806
-0.057807
-0.057808
-0.057809
-0.057810
-0.057811
-0.057813
-0.057814
-0.057815
-0.057816
-0.057817
-0.057819
-0.057820
-0.057821
-0.057822
-0.057823
-0.057825
-0.057826
-0.057827
-0.057828
-0.057830
-0.057831
-0.057832
-0.057833
-0.057835
-0.057836
-0.057837
-0.057838
-0.057840
-0.057841
-0.057842
-0.057843
-0.057845
-0.057846
-0.057847
-0.057849
-0.057850
-0.057851
-0.057852
-0.057854
-0.057855
-0.057856
-0.057858
-0.057859
-0.057860
-0.057862
-0.057863
-0.057864
-0.057866
-0.057867
-0.057869
-0.057870
-0.057871
-0.057873
-0.057874
-0.057875
-0.057877
-0.057878
-0.057880
-0.057881
-0.057882
-0.057884
-0.057885
-0.057887
-0.057888
-0.057890
-0.057891
-0.057892
-0.057894
-0.057895
-0.057897
-0.057898
-0.057900
-0.057901
-0.057903
-0.057904
-0.057906
-0.057907
-0.057909
-0.057910
-0.057912
-0.057913
-0.057915
-0.057916
-0.057918
-0.057919
-0.057921
-0.057922
-0.057924
-0.057925
-0.057927
-0.057928
-0.057930
-0.057931
-0.057933
-0.057935
-0.057936
-0.057938
-0.057939
-0.057941
-0.057943
-0.057944
-0.057946
-0.057947
-0.057949
-0.057951
-0.057952
-0.057954
-0.057955
-0.057957
-0.057959
-0.057960
-0.057962
-0.057964
-0.057965
-0.057967
-0.057969
-0.057970
-0.057972
-0.057974
-0.057975
-0.057977
-0.057979
-0.057980
-0.057982
-0.057984
-0.057985
-0.057987
-0.057989
-0.057991
-0.057992
-0.057994
-0.057996
-0.057998
-0.057999
-0.058001
-0.058003
-0.058005
-0.058006
-0.058008
-0.058010
-0.058012
-0.058013
-0.058015
-0.058017
-0.058019
-0.058021
-0.058022
-0.058024
-0.058026
-0.058028
-0.058030
-0.058032
-0.058033
-0.058035
-0.058037
-0.058039
-0.058041
-0.058043
-0.058044
-0.058046
-0.058048
-0.058050
-0.058052
-0.058054
-0.058056
-0.058058
-0.058059
-0.058061
-0.058063
-0.058065
-0.058067
-0.058069
-0.058071
-0.058073
-0.058075
-0.058077
-0.058079
-0.058081
-0.058083
-0.058084
-0.058086
-0.058088
-0.058090
-0.058092
-0.058094
-0.058096
-0.058098
-0.058100
-0.058102
-0.058104
-0.058106
-0.058108
-0.058110
-0.058112
-0.058114
-0.058116
-0.058118
-0.058120
-0.058122
-0.058124
-0.058127
-0.058129
-0.058131
-0.058133
-0.058135
-0.058137
-0.058139
-0.058141
-0.058143
-0.058145
-0.058147
-0.058149
-0.058151
-0.058154
-0.058156
-0.058158
-0.058160
-0.058162
-0.058164
-0.058166
-0.058168
-0.058170
-0.058173
-0.058175
-0.058177
-0.058179
-0.058181
-0.058183
-0.058186
-0.058188
-0.058190
-0.058192
-0.058194
-0.058196
-0.058199
-0.058201
-0.058203
-0.058205
-0.058207
-0.058210
-0.058212
-0.058214
-0.058216
-0.058219
-0.058221
-0.058223
-0.058225
-0.058228
-0.058230
-0.058232
-0.058234
-0.058237
-0.058239
-0.058241
-0.058243
-0.058246
-0.058248
-0.058250
-0.058253
-0.058255
-0.058257
-0.058259
-0.058262
-0.058264
-0.058266
-0.058269
-0.058271
-0.058273
-0.058276
-0.058278
-0.058280
-0.058283
-0.058285
-0.058287
-0.058290
-0.058292
-0.058294
-0.058297
-0.058299
-0.058302
-0.058304
-0.058306
-0.058309
-0.058311
-0.058313
-0.058316
-0.058318
-0.058321
-0.058323
-0.058326
-0.058328
-0.058330
-0.058333
-0.058335
-0.058338
-0.058340
-0.058343
-0.058345
-0.058347
-0.058350
-0.058352
-0.058355
-0.058357
-0.058360
-0.058362
-0.058365
-0.058367
-0.058370
-0.058372
-0.058375
-0.058377
-0.058380
-0.058382
-0.058385
-0.058387
-0.058390
-0.058392
-0.058395
-0.058397
-0.058400
-0.058402
-0.058405
-0.058407
-0.058410
-0.058412
-0.058415
-0.058418
-0.058420
-0.058423
-0.058425
-0.058428
-0.058430
-0.058433
-0.058436
-0.058438
-0.058441
-0.058443
-0.058446
-0.058448
-0.058451
-0.058454
-0.058456
-0.058459
-0.058462
-0.058464
-0.058467
-0.058469
-0.058472
-0.058475
-0.058477
-0.058480
-0.058483
-0.058485
-0.058488
-0.058491
-0.058493
-0.058496
-0.058498
-0.058501
-0.058504
-0.058506
-0.058509
-0.058512
-0.058515
-0.058517
-0.058520
-0.058523
-0.058525
-0.058528
-0.058531
-0.058533
-0.058536
-0.058539
-0.058542
-0.058544
-0.058547
-0.058550
-0.058552
-0.058555
-0.058558
-0.058561
-0.058563
-0.058566
-0.058569
-0.058572
-0.058574
-0.058577
-0.058580
-0.058583
-0.058585
-0.058588
-0.058591
-0.058594
-0.058597
-0.058599
-0.058602
-0.058605
-0.058608
-0.058611
-0.058613
-0.058616
-0.058619
-0.058622
-0.058625
-0.058627
-0.058630
-0.058633
-0.058636
-0.058639
-0.058641
-0.058644
-0.058647
-0.058650
-0.058653
-0.058656
-0.058659
-0.058661
-0.058664
-0.058667
-0.058670
-0.058673
-0.058676
-0.058679
-0.058681
-0.058684
-0.058687
-0.058690
-0.058693
-0.058696
-0.058699
-0.058702
-0.058705
-0.058707
-0.058710
-0.058713
-0.058716
-0.058719
-0.058722
-0.058725
-0.058728
-0.058731
-0.058734
-0.058737
-0.058739
-0.058742
-0.058745
-0.058748
-0.058751
-0.058754
-0.058757
-0.058760
-0.058763
-0.058766
-0.058769
-0.058772
-0.058775
-0.058778
-0.058781
-0.058784
-0.058787
-0.058790
-0.058793
-0.058796
-0.058799
-0.058802
-0.058805
-0.058808
-0.058811
-0.058814
-0.058817
-0.058820
-0.058823
-0.058826
-0.058829
-0.058832
-0.058835
-0.058838
-0.058841
-0.058844
-0.058847
-0.058850
-0.058853
-0.058856
-0.058859
-0.058862
-0.058865
-0.058868
-0.058871
-0.058874
-0.058877
-0.058880
-0.058883
-0.058886
-0.058889
-0.058892
-0.058895
-0.058898
-0.058901
-0.058905
-0.058908
-0.058911
-0.058914
-0.058917
-0.058920
-0.058923
-0.058926
-0.058929
-0.058932
-0.058935
-0.058938
-0.058942
-0.058945
-0.058948
-0.058951
-0.058954
-0.058957
-0.058960
-0.058963
-0.058966
-0.058970
-0.058973
-0.058976
-0.058979
-0.058982
-0.058985
-0.058988
-0.058991
-0.058995
-0.058998
-0.059001
-0.059004
-0.059007
-0.059010
-0.059013
-0.059017
-0.059020
-0.059023
-0.059026
-0.059029
-0.059032
-0.059035
-0.059039
-0.059042
-0.059045
-0.059048
-0.059051
-0.059054
-0.059058
-0.059061
-0.059064
-0.059067
-0.059070
-0.059074
-0.059077
-0.059080
-0.059083
-0.059086
-0.059089
-0.059093
-0.059096
-0.059099
-0.059102
-0.059105
-0.059109
-0.059112
-0.059115
-0.059118
-0.059122
-0.059125
-0.059128
-0.059131
-0.059134
-0.059138
-0.059141
-0.059144
-0.059147
-0.059151
-0.059154
-0.059157
-0.059160
-0.059163
-0.059167
-0.059170
-0.059173
-0.059176
-0.059180
-0.059183
-0.059186
-0.059189
-0.059193
-0.059196
-0.059199
-0.059202
-0.059206
-0.059209
-0.059212
-0.059215
-0.059219
-0.059222

