0.000000
0.000000
-0.000006
-0.000014
-0.000023
-0.000034
-0.000045
-0.000058
-0.000070
-0.000084
-0.000097
-0.000111
-0.000125
-0.000140
-0.000155
-0.000170
-0.000185
-0.000201
-0.000217
-0.000233
-0.000249
-0.000266
-0.000282
-0.000299
-0.000316
-0.000333
-0.000351
-0.000368
-0.000386
-0.000404
-0.000422
-0.000440
-0.000459
-0.000477
-0.000496
-0.000515
-0.000534
-0.000553
-0.000572
-0.000591
-0.000611
-0.000631
-0.000651
-0.000670
-0.000691
-0.000711
-0.000731
-0.000751
-0.000772
-0.000793
-0.000813
-0.000834
-0.000855
-0.000876
-0.000898
-0.000919
-0.000940
-0.000962
-0.000984
-0.001005
-0.001027
-0.001049
-0.001071
-0.001093
-0.001115
-0.001138
-0.001160
-0.001183
-0.001205
-0.001228
-0.001251
-0.001273
-0.001296
-0.001319
-0.001342
-0.001366
-0.001389
-0.001412
-0.001435
-0.001459
-0.001482
-0.001506
-0.001530
-0.001553
-0.001577
-0.001601
-0.001625
-0.001649
-0.001673
-0.001697
-0.001722
-0.001746
-0.001770
-0.001795
-0.001819
-0.001844
-0.001868
-0.001893
-0.001918
-0.001942
-0.001967
-0.001992
-0.002017
-0.002042
-0.002067
-0.002092
-0.002118
-0.002143
-0.002168
-0.002193
-0.002219
-0.002244
-0.002270
-0.002295
-0.002321
-0.002346
-0.002372
-0.002398
-0.002424
-0.002449
-0.002475
-0.002501
-0.002527
-0.002553
-0.002579
-0.002605
-0.002631
-0.002658
-0.002684
-0.002710
-0.002736
-0.002763
-0.002789
-0.002815
-0.002842
-0.002868
-0.002895
-0.002921
-0.002948
-0.002975
-0.003001
-0.003028
-0.003055
-0.003082
-0.003108
-0.003135
-0.003162
-0.003189
-0.003216
-0.003243
-0.003270
-0.003297
-0.003324
-0.003351
-0.003379
-0.003406
-0.003433
-0.003460
-0.003487
-0.003515
-0.003542
-0.003569
-0.003597
-0.003624
-0.003652
-0.003679
-0.003707
-0.003734
-0.003762
-0.003789
-0.003817
-0.003845
-0.003872
-0.003900
-0.003928
-0.003955
-0.003983
-0.004011
-0.004039
-0.004067
-0.004094
-0.004122
-0.004150
-0.004178
-0.004206
-0.004234
-0.004262
-0.004290
-0.004318
-0.004346
-0.004374
-0.004402
-0.004430
-0.004459
-0.004487
-0.004515
-0.004543
-0.004571
-0.004599
-0.004628
-0.004656
-0.004684
-0.004713
-0.004741
-0.004769
-0.004798
-0.004826
-0.004854
-0.004883
-0.004911
-0.004940
-0.004968
-0.004997
-0.005025
-0.005054
-0.005082
-0.005111
-0.005139
-0.005168
-0.005197
-0.005225
-0.005254
-0.005282
-0.005311
-0.005340
-0.005368
-0.005397
-0.005426
-0.005455
-0.005483
-0.005512
-0.005541
-0.005570
-0.005598
-0.005627
-0.005656
-0.005685
-0.005714
-0.005743
-0.005771
-0.005800
-0.005829
-0.005858
-0.005887
-0.005916
-0.005945
-0.005974
-0.006003
-0.006032
-0.006061
-0.006090
-0.006119
-0.006148
-0.006177
-0.006206
-0.006235
-0.006264
-0.006293
-0.006322
-0.006351
-0.006380
-0.006409
-0.006438
-0.006467
-0.006496
-0.006525
-0.006555
-0.006584
-0.006613
-0.006642
-0.006671
-0.006700
-0.006729
-0.006759
-0.006788
-0.006817
-0.006846
-0.006875
-0.006905
-0.006934
-0.006963
-0.006992
-0.007022
-0.007051
-0.007080
-0.007109
-0.007139
-0.007168
-0.007197
-0.007226
-0.007256
-0.007285
-0.007314
-0.007344
-0.007373
-0.007402
-0.007432
-0.007461
-0.007490
-0.007520
-0.007549
-0.007578
-0.007608
-0.007637
-0.007666
-0.007696
-0.007725
-0.007754
-0.007784
-0.007813
-0.007842
-0.007872
-0.007901
-0.007931
-0.007960
-0.007989
-0.008019
-0.008048
-0.008078
-0.008107
-0.008136
-0.008166
-0.008195
-0.008225
-0.008254
-0.008283
-0.008313
-0.008342
-0.008372
-0.008401
-0.008431
-0.008460
-0.008489
-0.008519
-0.008548
-0.008578
-0.008607
-0.008637
-0.008666
-0.008695
-0.008725
-0.008754
-0.008784
-0.008813
-0.008843
-0.008872
-0.008902
-0.008931
-0.008960
-0.008990
-0.009019
-0.009049
-0.009078
-0.009108
-0.009137
-0.009167
-0.009196
-0.009225
-0.009255
-0.009284
-0.009314
-0.009343
-0.009373
-0.009402
-0.009432
-0.009461
-0.009490
-0.009520
-0.009549
-0.009579
-0.009608
-0.009638
-0.009667
-0.009696
-0.009726
-0.009755
-0.009785
-0.009814
-0.009844
-0.009873
-0.009902
-0.009932
-0.009961
-0.009991
-0.010020
-0.010050
-0.010079
-0.010108
-0.010138
-0.010167
-0.010197
-0.010226
-0.010255
-0.010285
-0.010314
-0.010344
-0.010373
-0.010402
-0.010432
-0.010461
-0.010490
-0.010520
-0.010549
-0.010579
-0.010608
-0.010637
-0.010667
-0.010696
-0.010725
-0.010755
-0.010784
-0.010813
-0.010843
-0.010872
-0.010901
-0.010931
-0.010960
-0.010989
-0.011019
-0.011048
-0.011077
-0.011107
-0.011136
-0.011165
-0.011195
-0.011224
-0.011253
-0.011282
-0.011312
-0.011341
-0.011370
-0.011400
-0.011429
-0.011458
-0.011487
-0.011517
-0.011546
-0.011575
-0.011604
-0.011634
-0.011663
-0.011692
-0.011721
-0.011750
-0.011780
-0.011809
-0.011838
-0.011867
-0.011896
-0.011926
-0.011955
-0.011984
-0.012013
-0.012042
-0.012071
-0.012101
-0.012130
-0.012159
-0.012188
-0.012217
-0.012246
-0.012275
-0.012304
-0.012334
-0.012363
-0.012392
-0.012421
-0.012450
-0.012479
-0.012508
-0.012537
-0.012566
-0.012595
-0.012624
-0.012653
-0.012682
-0.012711
-0.012740
-0.012769
-0.012798
-0.012827
-0.012856
-0.012885
-0.012914
-0.012943
-0.012972
-0.013001
-0.013030
-0.013059
-0.013088
-0.013117
-0.013146
-0.013175
-0.013204
-0.013233
-0.013262
-0.013291
-0.013320
-0.013348
-0.013377
-0.013406
-0.013435
-0.013150
-0.011956
-0.009172
-0.004400
0.002425
0.011144
0.021495
0.033181
0.045916
0.059436
0.073512
0.087944
0.102564
0.117232
0.131834
0.146280
0.160496
0.174428
0.188033
0.201279
0.214431
0.228025
0.242684
0.258781
0.276386
0.295362
0.315475
0.336461
0.358061
0.380045
0.402206
0.424370
0.446388
0.468141
0.489532
0.510485
0.530944
0.550865
0.570218
0.588983
0.607418
0.626038
0.645449
0.666021
0.687839
0.710788
0.734657
0.759204
0.784190
0.809400
0.834643
0.859754
0.884596
0.909057
0.933046
0.956493
0.979347
1.001568
1.023129
1.044014
1.064471
1.085000
1.106188
1.128408
1.151753
1.176124
1.201325
1.227128
1.253303
1.279645
1.305968
1.332112
1.357943
1.383350
1.408243
1.432555
1.456231
1.479235
1.501538
1.523125
1.544235
1.565351
1.587051
1.609707
1.633426
1.658120
1.683608
1.709669
1.736085
1.762652
1.789189
1.815537
1.841560
1.867147
1.892206
1.916668
1.940476
1.963592
1.985986
2.007640
2.028783
2.049889
2.071524
2.094067
2.117634
2.142157
2.167466
2.193353
2.219604
2.246021
2.272423
2.298649
2.324560
2.350041
2.374996
2.399350
2.423042
2.446030
2.468281
2.489775
2.510729
2.531607
2.552968
2.575199
2.598436
2.622630
2.647631
2.673243
2.699261
2.725490
2.751746
2.777865
2.803699
2.829123
2.854033
2.878344
2.901986
2.924909
2.947075
2.968456
2.989241
3.009835
3.030748
3.052342
3.074765
3.098003
3.121940
3.146416
3.171256
3.196284
3.221332
3.246245
3.270879
3.295110
3.318831
3.341952
3.364401
3.386124
3.407076
3.427229
3.446764
3.466081
3.485693
3.505982
3.527131
3.549157
3.571979
3.595458
3.619437
3.643748
3.668221
3.692690
3.716999
3.741002
3.764566
3.787578
3.809941
3.831574
3.852415
3.872416
3.891740
3.910774
3.930037
3.949943
3.970729
3.992479
4.015176
4.038744
4.063074
4.088040
4.113499
4.139298
4.165271
4.191248
4.217056
4.242521
4.267475
4.291761
4.315240
4.337789
4.359496
4.380699
4.401910
4.423605
4.446142
4.469760
4.494625
4.520865
4.548596
4.577940
4.609029
4.642004
4.676997
4.714107
4.753357
4.794649
4.837729
4.882162
4.927341
4.972517
5.017016
5.060383
5.102417
5.143037
5.182168
5.219712
5.255554
5.289578
5.321683
5.351797
5.379870
5.405881
5.429831
5.451747
5.471675
5.489680
5.505842
5.520257
5.533030
5.544271
5.554272
5.563546
5.572746
5.582478
5.593202
5.605247
5.618849
5.634189
5.651418
5.670674
5.692076
5.715714
5.741621
5.769746
5.799917
5.831822
5.864999
5.898851
5.932685
5.965762
5.997517
6.027689
6.056313
6.083551
6.109559
6.134440
6.158235
6.180944
6.202538
6.222977
6.242210
6.260189
6.276868
6.292215
6.306210
6.318849
6.330147
6.340133
6.348849
6.356349
6.362867
6.368865
6.374980
6.381844
6.389995
6.399872
6.411837
6.426204
6.443239
6.463147
6.486035
6.511872
6.540451
6.571375
6.604058
6.637760
6.671637
6.704811
6.736448
6.765825
6.792383
6.815746
6.835715
6.852246
6.865418
6.875399
6.882419
6.886740
6.888644
6.888414
6.886328
6.882647
6.877614
6.871450
6.864349
6.856485
6.848005
6.839036
6.829682
6.820032
6.810155
6.800108
6.789936
6.779670
6.769337
6.758952
6.748528
6.738069
6.727578
6.717054
6.706494
6.695893
6.685244
6.674541
6.663776
6.652941
6.642029
6.631033
6.619945
6.608760
6.597471
6.586073
6.574562
6.562933
6.551183
6.539309
6.527309
6.515181
6.502923
6.490536
6.478018
6.465369
6.452591
6.439685
6.426650
6.413489
6.400204
6.386796
6.373267
6.359620
6.345858
6.331982
6.317996
6.303903
6.289705
6.275405
6.261006
6.246512
6.231926
6.217250
6.202488
6.187643
6.172718
6.157716
6.142641
6.127495
6.112281
6.097003
6.081663
6.066264
6.050809
6.035302
6.019744
6.004138
5.988487
5.972793
5.957059
5.941287
5.925480
5.909639
5.893768
5.877867
5.861940
5.845987
5.830012
5.814016
5.798000
5.781967
5.765918
5.749855
5.733779
5.717692
5.701595
5.685490
5.669379
5.653262
5.637141
5.621017
5.604891
5.588765
5.572640
5.556516
5.540395
5.524278
5.508166
5.492060
5.475961
5.459869
5.443786
5.427713
5.411650
5.395598
5.379558
5.363530
5.347516
5.331516
5.315531
5.299561
5.283608
5.267671
5.251751
5.235849
5.219966
5.204102
5.188258
5.172433
5.156629
5.140846
5.125085
5.109346
5.093629
5.077935
5.062264
5.046617
5.030995
5.015396
4.999822
4.984274
4.968751
4.953254
4.937783
4.922338
4.906921
4.891530
4.876166
4.860831
4.845523
4.830243
4.814991
4.799768
4.784574
4.769409
4.754273
4.739167
4.724090
4.709043
4.694027
4.679040
4.664084
4.649158
4.634263
4.619398
4.604565
4.589763
4.574992
4.560252
4.545544
4.530868
4.516223
4.501610
4.487029
4.472481
4.457964
4.443480
4.429027
4.414608
4.400221
4.385866
4.371544
4.357255
4.342998
4.328775
4.314584
4.300426
4.286301
4.272210
4.258151
4.244125
4.230133
4.216174
4.202248
4.188356
4.174496
4.160670
4.146878
4.133119
4.119393
4.105701
4.092042
4.078416
4.064824
4.051266
4.037741
4.024249
4.010791
3.997367
3.983975
3.970618
3.957294
3.944003
3.930746
3.917522
3.904332
3.891175
3.878052
3.864962
3.851905
3.838882
3.825892
3.812936
3.800013
3.787123
3.774266
3.761443
3.748653
3.735896
3.723172
3.710482
3.697824
3.685200
3.672609
3.660050
3.647525
3.635033
3.622573
3.610147
3.597753
3.585392
3.573064
3.560769
3.548506
3.536276
3.524079
3.511914
3.499782
3.487682
3.475615
3.463580
3.451578
3.439607
3.427669
3.415764
3.403890
3.392049
3.380239
3.368462
3.356717
3.345003
3.333322
3.321672
3.310054
3.298468
3.286914
3.275391
3.263900
3.252440
3.241012
3.229615
3.218249
3.206915
3.195612
3.184341
3.173100
3.161891
3.150713
3.139565
3.128449
3.117363
3.106309
3.095285
3.084291
3.073329
3.062397
3.051495
3.040624
3.029784
3.018974
3.008194
2.997444
2.986725
2.976036
2.965377
2.954747
2.944148
2.933579
2.923039
2.912530
2.902050
2.891600
2.881179
2.870788
2.860426
2.850094
2.839791
2.829518
2.819273
2.809058
2.798872
2.788716
2.778588
2.768489
2.758419
2.748378
2.738365
2.728381
2.718426
2.708500
2.698602
2.688732
2.678891
2.669079
2.659294
2.649538
2.639810
2.630110
2.620438
2.610794
2.601178
2.591590
2.582029
2.572497
2.562992
2.553514
2.544064
2.534642
2.525247
2.515880
2.506539
2.497226
2.487941
2.478682
2.469450
2.460246
2.451068
2.441917
2.432794
2.423696
2.414626
2.405582
2.396565
2.387574
2.378610
2.369672
2.360761
2.351875
2.343016
2.334183
2.325377
2.316596
2.307841
2.299112
2.290409
2.281732
2.273081
2.264455
2.255855
2.247281
2.238731
2.230208
2.221710
2.213237
2.204789
2.196367
2.187969
2.179597
2.171250
2.162928
2.154630
2.146358
2.138110
2.129887
2.121689
2.113516
2.105366
2.097242
2.089142
2.081066
2.073015
2.064987
2.056984
2.049006
2.041051
2.033120
2.025214
2.017331
2.009472
2.001637
1.993825
1.986038
1.978274
1.970533
1.962816
1.955123
1.947453
1.939806
1.932183
1.924582
1.917005
1.909452
1.901921
1.894413
1.886928
1.879466
1.872027
1.864611
1.857217
1.849846
1.842498
1.835172
1.827869
1.820588
1.813330
1.806094
1.798880
1.791689
1.784519
1.777372
1.770247
1.763144
1.756063
1.749004
1.741966
1.734951
1.727957
1.720985
1.714034
1.707105
1.700198
1.693312
1.686448
1.679605
1.672783
1.665983
1.659203
1.652445
1.645708
1.638992
1.632297
1.625623
1.618970
1.612338
1.605727
1.599136
1.592566
1.586016
1.579488
1.572979
1.566492
1.560024
1.553577
1.547151
1.540745
1.534359
1.527993
1.521647
1.515321
1.509015
1.502730
1.496464
1.490218
1.483992
1.477786
1.471599
1.465432
1.459285
1.453157
1.447049
1.440961
1.434891
1.428842
1.422811
1.416800
1.410808
1.404835
1.398882
1.392947
1.387032
1.381135
1.375257
1.369399
1.363559
1.357738
1.351936
1.346152
1.340387
1.334641
1.328913
1.323204
1.317513
1.311841
1.306187
1.300552
1.294934
1.289335
1.283754
1.278192
1.272647
1.267120
1.261612
1.256121
1.250649
1.245194
1.239757
1.234338
1.228936
1.223552
1.218186
1.212838
1.207507
1.202193
1.196897
1.191619
1.186357
1.181114
1.175887
1.170678
1.165485
1.160310
1.155153
1.150012
1.144888
1.139781
1.134691
1.129618
1.124562
1.119523
1.114501
1.109495
1.104506
1.099533
1.094577
1.089638
1.084715
1.079809
1.074919
1.070045
1.065188
1.060347
1.055522
1.050714
1.045921
1.041145
1.036385
1.031641
1.026913
1.022201
1.017505
1.012825
1.008161
1.003512
0.998879
0.994262
0.989661
0.985075
0.980505
0.975950
0.971411
0.966888
0.962380
0.957887
0.953409
0.948947
0.944501
0.940069
0.935653
0.931252
0.926866
0.922495
0.918139
0.913798
0.909472
0.905161
0.900865
0.896584
0.892318
0.888066
0.883829
0.879607
0.875400
0.871207
0.867029
0.862865
0.858716
0.854581
0.850461
0.846355
0.842264
0.838186
0.834124
0.830075
0.826041
0.822020
0.818014
0.814022
0.810045
0.806081
0.802131
0.798195
0.794273
0.790365
0.786471
0.782591
0.778724
0.774871
0.771032
0.767207
0.763395
0.759597
0.755813
0.752042
0.748284
0.744540
0.740810
0.737092
0.733389
0.729698
0.726021
0.722357
0.718706
0.715069
0.711444
0.707833
0.704235
0.700650
0.697078
0.693519
0.689973
0.686439
0.682919
0.679412
0.675917
0.672435
0.668966
0.665510
0.662066
0.658635
0.655217
0.651811
0.648418
0.645037
0.641669
0.638313
0.634970
0.631639
0.628320
0.625014
0.621720
0.618438
0.615169
0.611912
0.608666
0.605434
0.602213
0.599004
0.595807
0.592623
0.589450
0.586289
0.583140
0.580003
0.576878
0.573765
0.570664
0.567574
0.564496
0.561430
0.558375
0.555332
0.552301
0.549281
0.546273
0.543276
0.540291
0.537317
0.534355
0.531404
0.528464
0.525536
0.522619
0.519713
0.516819
0.513935
0.511063
0.508203
0.505353
0.502514
0.499687
0.496870
0.494065
0.491270
0.488487
0.485714
0.482952
0.480201
0.477461
0.474732
0.472013
0.469306
0.466609
0.463922
0.461247
0.458582
0.455927
0.453283
0.450650
0.448027
0.445415
0.442813
0.440222
0.437641
0.435070
0.432510
0.429960
0.427420
0.424891
0.422372
0.419863
0.417364
0.414875
0.412397
0.409929
0.407470
0.405022
0.402584
0.400155
0.397737
0.395329
0.392930
0.390541
0.388163
0.385794
0.383435
0.381085
0.378746
0.376416
0.374095
0.371785
0.369484
0.367192
0.364911
0.362639
0.360376
0.358123
0.355879
0.353645
0.351420
0.349204
0.346998
0.344802
0.342614
0.340436
0.338267
0.336108
0.333957
0.331816
0.329684
0.327561
0.325447
0.323342
0.321246
0.319160
0.317082
0.315013
0.312953
0.310903
0.308861
0.306827
0.304803
0.302788
0.300781
0.298783
0.296794
0.294814
0.292842
0.290879
0.288924
0.286978
0.285041
0.283112
0.281192
0.279281
0.277377
0.275483
0.273596
0.271719
0.269849
0.267988
0.266135
0.264291
0.262454
0.260626
0.258807
0.256995
0.255192
0.253397
0.251609
0.249831
0.248060
0.246297
0.244542
0.242795
0.241056
0.239326
0.237603
0.235888
0.234181
0.232481
0.230790
0.229106
0.227430
0.225762
0.224102
0.222449
0.220805
0.219167
0.217538
0.215916
0.214301
0.212694
0.211095
0.209503
0.207919
0.206342
0.204773
0.203211
0.201656
0.200109
0.198569
0.197037
0.195511
0.193994
0.192483
0.190979
0.189483
0.187994
0.186512
0.185037
0.183570
0.182109
0.180655
0.179209
0.177769
0.176337
0.174911
0.173493
0.172081
0.170676
0.169278
0.167887
0.166503
0.165126
0.163755
0.162391
0.161034
0.159683
0.158340
0.157003
0.155672
0.154348
0.153031
0.151720
0.150416
0.149118
0.147827
0.146542
0.145264
0.143992
0.142727
0.141468
0.140215
0.138969
0.137729
0.136495
0.135268
0.134046
0.132831
0.131623
0.130420
0.129223
0.128033
0.126849
0.125671
0.124499
0.123333
0.122172
0.121018
0.119870
0.118728
0.117592
0.116462
0.115337
0.114219
0.113106
0.111999
0.110898
0.109803
0.108713
0.107629
0.106551
0.105479
0.104412
0.103351
0.102295
0.101245
0.100201
0.099162
0.098129
0.097101
0.096078
0.095062
0.094050
0.093044
0.092043
0.091048
0.090058
0.089074
0.088095
0.087121
0.086152
0.085189
0.084230
0.083277
0.082330
0.081387
0.080449
0.079517
0.078590
0.077668
0.076750
0.075838
0.074931
0.074029
0.073132
0.072240
0.071352
0.070470
0.069593
0.068720
0.067852
0.066989
0.066131
0.065278
0.064429
0.063586
0.062747
0.061912
0.061083
0.060257
0.059437
0.058621
0.057810
0.057004
0.056202
0.055404
0.054611
0.053823
0.053039
0.052259
0.051484
0.050714
0.049947
0.049186
0.048428
0.047675
0.046926
0.046182
0.045441
0.044705
0.043974
0.043246
0.042523
0.041804
0.041089
0.040378
0.039672
0.038969
0.038271
0.037576
0.036886
0.036200
0.035517
0.034839
0.034165
0.033495
0.032828
0.032166
0.031507
0.030853
0.030202
0.029555
0.028912
0.028273
0.027637
0.027005
0.026377
0.025753
0.025133
0.024516
0.023903
0.023293
0.022688
0.022085
0.021487
0.020892
0.020301
0.019713
0.019129
0.018548
0.017971
0.017397
0.016827
0.016260
0.015697
0.015137
0.014580
0.014027
0.013477
0.012931
0.012388
0.011848
0.011312
0.010779
0.010249
0.009722
0.009199
0.008679
0.008162
0.007648
0.007137
0.006630
0.006126
0.005624
0.005126
0.004631
0.004140
0.003651
0.003165
0.002682
0.002202
0.001726
0.001252
0.000781
0.000313
-0.000152
-0.000614
-0.001073
-0.001529
-0.001982
-0.002433
-0.002880
-0.003325
-0.003767
-0.004206
-0.004643
-0.005076
-0.005507
-0.005935
-0.006361
-0.006784
-0.007204
-0.007621
-0.008036
-0.008448
-0.008857
-0.009264
-0.009668
-0.010070
-0.010469
-0.010865
-0.011259
-0.011650
-0.012039
-0.012425
-0.012809
-0.013191
-0.013570
-0.013946
-0.014320
-0.014692
-0.015061
-0.015427
-0.015792
-0.016154
-0.016513
-0.016871
-0.017226
-0.017578
-0.017929
-0.018277
-0.018622
-0.018966
-0.019307
-0.019646
-0.019983
-0.020317
-0.020650
-0.020980
-0.021308
-0.021634
-0.021957
-0.022279
-0.022598
-0.022915
-0.023231
-0.023544
-0.023855
-0.024164
-0.024470
-0.024775
-0.025078
-0.025379
-0.025677
-0.025974
-0.026269
-0.026562
-0.026853
-0.027141
-0.027428
-0.027713
-0.027996
-0.028278
-0.028557
-0.028834
-0.029110
-0.029383
-0.029655
-0.029925
-0.030193
-0.030460
-0.030724
-0.030987
-0.031248
-0.031507
-0.031764
-0.032020
-0.032274
-0.032526
-0.032777
-0.033025
-0.033272
-0.033518
-0.033761
-0.034003
-0.034244
-0.034482
-0.034719
-0.034955
-0.035188
-0.035420
-0.035651
-0.035880
-0.036107
-0.036333
-0.036557
-0.036780
-0.037001
-0.037221
-0.037439
-0.037655
-0.037870
-0.038084
-0.038296
-0.038507
-0.038716
-0.038923
-0.039130
-0.039334
-0.039538
-0.039740
-0.039940
-0.040139
-0.040337
-0.040533
-0.040728
-0.040921
-0.041113
-0.041304
-0.041494
-0.041682
-0.041869
-0.042054
-0.042238
-0.042421
-0.042602
-0.042783
-0.042962
-0.043139
-0.043316
-0.043491
-0.043665
-0.043837
-0.044009
-0.044179
-0.044348
-0.044516
-0.044682
-0.044848
-0.045012
-0.045175
-0.045336
-0.045497
-0.045657
-0.045815
-0.045972
-0.046128
-0.046283
-0.046437
-0.046589
-0.046741
-0.046891
-0.047041
-0.047189
-0.047336
-0.047482
-0.047627
-0.047771
-0.047914
-0.048056
-0.048197
-0.048337
-0.048476
-0.048613
-0.048750
-0.048886
-0.049021
-0.049154
-0.049287
-0.049419
-0.049550
-0.049679
-0.049808
-0.049936
-0.050063
-0.050189
-0.050314
-0.050438
-0.050562
-0.050684
-0.050805
-0.050926
-0.051045
-0.051164
-0.051282
-0.051399
-0.051515
-0.051630
-0.051744
-0.051857
-0.051970
-0.052082
-0.052193
-0.052303
-0.052412
-0.052520
-0.052628
-0.052734
-0.052840
-0.052945
-0.053050
-0.053153
-0.053256
-0.053358
-0.053459
-0.053559
-0.053659
-0.053758
-0.053856
-0.053953
-0.054049
-0.054145
-0.054240
-0.054335
-0.054428
-0.054521
-0.054613
-0.054705
-0.054795
-0.054885
-0.054975
-0.055063
-0.055151
-0.055238
-0.055325
-0.055411
-0.055496
-0.055580
-0.055664
-0.055747
-0.055830
-0.055912
-0.055993
-0.056073
-0.056153
-0.056233
-0.056311
-0.056389
-0.056467
-0.056543
-0.056620
-0.056695
-0.056770
-0.056844
-0.056918
-0.056991
-0.057064
-0.057136
-0.057207
-0.057278
-0.057348
-0.057418
-0.057487
-0.057556
-0.057624
-0.057691
-0.057758
-0.057824
-0.057890
-0.057955
-0.058020
-0.058084
-0.058148
-0.058211
-0.058273
-0.058335
-0.058397
-0.058458
-0.058518
-0.058578
-0.058638
-0.058697
-0.058755
-0.058813
-0.058871
-0.058928
-0.058984
-0.059040
-0.059096
-0.059151
-0.059206
-0.059260
-0.059314
-0.059367
-0.059420
-0.059472
-0.059524
-0.059575
-0.059626
-0.059677
-0.059727
-0.059777
-0.059826
-0.059875
-0.059923
-0.059971
-0.060019
-0.060066
-0.060113
-0.060159
-0.060205
-0.060250
-0.060295
-0.060340
-0.060384
-0.060428
-0.060472
-0.060515
-0.060557
-0.060600
-0.060642
-0.060683
-0.060724
-0.060765
-0.060806
-0.060846
-0.060885
-0.060925
-0.060964
-0.061002
-0.061041
-0.061078
-0.061116
-0.061153
-0.061190
-0.061226
-0.061263
-0.061298
-0.061334
-0.061369
-0.061404
-0.061438
-0.061472
-0.061506
-0.061540
-0.061573
-0.061606
-0.061638
-0.061671
-0.061702
-0.061734
-0.061765
-0.061796
-0.061827
-0.061857
-0.061887
-0.061917
-0.061947
-0.061976
-0.062005
-0.062033
-0.062062
-0.062090
-0.062117
-0.062145
-0.062172
-0.062199
-0.062225
-0.062252
-0.062278
-0.062304
-0.062329
-0.062354
-0.062379
-0.062404
-0.062429
-0.062453
-0.062477
-0.062501
-0.062524
-0.062547
-0.062570
-0.062593
-0.062615
-0.062637
-0.062659
-0.062681
-0.062703
-0.062724
-0.062745
-0.062766
-0.062786
-0.062806
-0.062826
-0.062846
-0.062866
-0.062885
-0.062904
-0.062923
-0.062942
-0.062961
-0.062979
-0.062997
-0.063015
-0.063032
-0.063050
-0.063067
-0.063084
-0.063101
-0.063117
-0.063134
-0.063150
-0.063166
-0.063182
-0.063197
-0.063213
-0.063228
-0.063243
-0.063258
-0.063272
-0.063287
-0.063301
-0.063315
-0.063329
-0.063343
-0.063356
-0.063369
-0.063382
-0.063395
-0.063408
-0.063421
-0.063433
-0.063445
-0.063457
-0.063469
-0.063481
-0.063493
-0.063504
-0.063515
-0.063526
-0.063537
-0.063548
-0.063559
-0.063569
-0.063579
-0.063589
-0.063599
-0.063609
-0.063619
-0.063628
-0.063637
-0.063647
-0.063656
-0.063664
-0.063673
-0.063682
-0.063690
-0.063698
-0.063706
-0.063714
-0.063722
-0.063730
-0.063738
-0.063745
-0.063752
-0.063759
-0.063766
-0.063773
-0.063780
-0.063787
-0.063793
-0.063799
-0.063806
-0.063812
-0.063818
-0.063824
-0.063829
-0.063835
-0.063840
-0.063846
-0.063851
-0.063856
-0.063861
-0.063866
-0.063870
-0.063875
-0.063880
-0.063884
-0.063888
-0.063892
-0.063896
-0.063900
-0.063904
-0.063908
-0.063911
-0.063915
-0.063918
-0.063921
-0.063925
-0.063928
-0.063931
-0.063933
-0.063936
-0.063939
-0.063941
-0.063944
-0.063946
-0.063948
-0.063950
-0.063952
-0.063954
-0.063956
-0.063958
-0.063960
-0.063961
-0.063963
-0.063964
-0.063965
-0.063966
-0.063968
-0.063969
-0.063969
-0.063970
-0.063971
-0.063972
-0.063972
-0.063973
-0.063973
-0.063973
-0.063974
-0.063974
-0.063974
-0.063974
-0.063974
-0.063973
-0.063973
-0.063973
-0.063972
-0.063972
-0.063971
-0.063971
-0.063970
-0.063969
-0.063968
-0.063967
-0.063966
-0.063965
-0.063964
-0.063963
-0.063961
-0.063960
-0.063958
-0.063957
-0.063955
-0.063953
-0.063952
-0.063950
-0.063948
-0.063946
-0.063944
-0.063942
-0.063940
-0.063938
-0.063935
-0.063933
-0.063931
-0.063928
-0.063926
-0.063923
-0.063920
-0.063918
-0.063915
-0.063912
-0.063909
-0.063906
-0.063903
-0.063900
-0.063897
-0.063894
-0.063891
-0.063887
-0.063884
-0.063881
-0.063877
-0.063874
-0.063870
-0.063867
-0.063863
-0.063859
-0.063856
-0.063852
-0.063848
-0.063844
-0.063840
-0.063836
-0.063832
-0.063828
-0.063824
-0.063820
-0.063815
-0.063811
-0.063807
-0.063802
-0.063798
-0.063793
-0.063789
-0.063784
-0.063780
-0.063775
-0.063771
-0.063766
-0.063761
-0.063756
-0.063751
-0.063746
-0.063742
-0.063737
-0.063732
-0.063727
-0.063721
-0.063716
-0.063711
-0.063706
-0.063701
-0.063695
-0.063690
-0.063685
-0.063679
-0.063674
-0.063669
-0.063663
-0.063658
-0.063652
-0.063646
-0.063641
-0.063635
-0.063629
-0.063624
-0.063618
-0.063612
-0.063606
-0.063601
-0.063595
-0.063589
-0.063583
-0.063577
-0.063571
-0.063565
-0.063559
-0.063553
-0.063547
-0.063541
-0.063534
-0.063528
-0.063522
-0.063516
-0.063509
-0.063503
-0.063497
-0.063490
-0.063484
-0.063478
-0.063471
-0.063465
-0.063458
-0.063452
-0.063445
-0.063439
-0.063432
-0.063426
-0.063419
-0.063412
-0.063406
-0.063399
-0.063392
-0.063386
-0.063379
-0.063372
-0.063365
-0.063359
-0.063352
-0.063345
-0.063338
-0.063331
-0.063324
-0.063317
-0.063311
-0.063304
-0.063297
-0.063290
-0.063283
-0.063276
-0.063269
-0.063261
-0.063254
-0.063247
-0.063240
-0.063233
-0.063226
-0.063219
-0.063212
-0.063204
-0.063197
-0.063190
-0.063183
-0.063176
-0.063168
-0.063161
-0.063154
-0.063147
-0.063139
-0.063132
-0.063125
-0.063117
-0.063110
-0.063103
-0.063095
-0.063088
-0.063080
-0.063073
-0.063066
-0.063058
-0.063051
-0.063043
-0.063036
-0.063028
-0.063021
-0.063013
-0.063006
-0.062998
-0.062991
-0.062983
-0.062976
-0.062968
-0.062961
-0.062953
-0.062945
-0.062938
-0.062930
-0.062923
-0.062915
-0.062907
-0.062900
-0.062892
-0.062885
-0.062877
-0.062869
-0.062862
-0.062854
-0.062846
-0.062839
-0.062831
-0.062823
-0.062816
-0.062808
-0.062800
-0.062792
-0.062785
-0.062777
-0.062769
-0.062762
-0.062754
-0.062746
-0.062738
-0.062731
-0.062723
-0.062715
-0.062707
-0.062700
-0.062692
-0.062684
-0.062676
-0.062669
-0.062661
-0.062653
-0.062645
-0.062638
-0.062630
-0.062622
-0.062614
-0.062607
-0.062599
-0.062591
-0.062583
-0.062576
-0.062568
-0.062560
-0.062552
-0.062544
-0.062537
-0.062529
-0.062521
-0.062513
-0.062505
-0.062498
-0.062490
-0.062482
-0.062474
-0.062467
-0.062459
-0.062451
-0.062443
-0.062436
-0.062428
-0.062420
-0.062412
-0.062404
-0.062397
-0.062389
-0.062381
-0.062373
-0.062366
-0.062358
-0.062350
-0.062342
-0.062335
-0.062327
-0.062319
-0.062311
-0.062304
-0.062296
-0.062288
-0.062280
-0.062273
-0.062265
-0.062257
-0.062250
-0.062242
-0.062234
-0.062226
-0.062219
-0.062211
-0.062203
-0.062196
-0.062188
-0.062180
-0.062173
-0.062165
-0.062157
-0.062150
-0.062142
-0.062134
-0.062127
-0.062119
-0.062112
-0.062104
-0.062096
-0.062089
-0.062081
-0.062073
-0.062066
-0.062058
-0.062051
-0.062043
-0.062036
-0.062028
-0.062020
-0.062013
-0.062005
-0.061998
-0.061990
-0.061983
-0.061975
-0.061968
-0.061960
-0.061953
-0.061945
-0.061938
-0.061930
-0.061923
-0.061915
-0.061908
-0.061900
-0.061893
-0.061885
-0.061878
-0.061871
-0.061863
-0.061856
-0.061848
-0.061841
-0.061834
-0.061826
-0.061819
-0.061812
-0.061804
-0.061797
-0.061790
-0.061782
-0.061775
-0.061768
-0.061760
-0.061753
-0.061746
-0.061738
-0.061731
-0.061724
-0.061717
-0.061709
-0.061702
-0.061695
-0.061688
-0.061681
-0.061673
-0.061666
-0.061659
-0.061652
-0.061645
-0.061638
-0.061630
-0.061623
-0.061616
-0.061609
-0.061602
-0.061595
-0.061588
-0.061581
-0.061574
-0.061567
-0.061560
-0.061553
-0.061546
-0.061539
-0.061532
-0.061525
-0.061518
-0.061511
-0.061504
-0.061497
-0.061490
-0.061483
-0.061476
-0.061469
-0.061462
-0.061455
-0.061448
-0.061442
-0.061435
-0.061428
-0.061421
-0.061414
-0.061407
-0.061401
-0.061394
-0.061387
-0.061380
-0.061374
-0.061367
-0.061360
-0.061353
-0.061347
-0.061340
-0.061333
-0.061327
-0.061320
-0.061313
-0.061307
-0.061300
-0.061293
-0.061287
-0.061280
-0.061274
-0.061267
-0.061261
-0.061254
-0.061247
-0.061241
-0.061234
-0.061228
-0.061221
-0.061215
-0.061209
-0.061202
-0.061196
-0.061189
-0.061183
-0.061176
-0.061170
-0.061164
-0.061157
-0.061151
-0.061145
-0.061138
-0.061132
-0.061126
-0.061119
-0.061113
-0.061107
-0.061101
-0.061094
-0.061088
-0.061082
-0.061076
-0.061069
-0.061063
-0.061057
-0.061051
-0.061045
-0.061039
-0.061033
-0.061026
-0.061020
-0.061014
-0.061008
-0.061002
-0.060996
-0.060990
-0.060984
-0.060978
-0.060972
-0.060966
-0.060960
-0.060954
-0.060948
-0.060942
-0.060936
-0.060931
-0.060925
-0.060919
-0.060913
-0.060907
-0.060901
-0.060895
-0.060890
-0.060884
-0.060878
-0.060872
-0.060867
-0.060861
-0.060855
-0.060849
-0.060844
-0.060838
-0.060832
-0.060827
-0.060821
-0.060815
-0.060810
-0.060804
-0.060798
-0.060793
-0.060787
-0.060782
-0.060776
-0.060771
-0.060765
-0.060760
-0.060754
-0.060749
-0.060743
-0.060738
-0.060732
-0.060727
-0.060721
-0.060716
-0.060711
-0.060705
-0.060700
-0.060695
-0.060689
-0.060684
-0.060679
-0.060673
-0.060668
-0.060663
-0.060658
-0.060652
-0.060647
-0.060642
-0.060637
-0.060632
-0.060626
-0.060621
-0.060616
-0.060611
-0.060606
-0.060601
-0.060596
-0.060591
-0.060586
-0.060581
-0.060575
-0.060570
-0.060565
-0.060560
-0.060555
-0.060551
-0.060546
-0.060541
-0.060536
-0.060531
-0.060526
-0.060521
-0.060516
-0.060511
-0.060506
-0.060502
-0.060497
-0.060492
-0.060487
-0.060482
-0.060478
-0.060473
-0.060468
-0.060464
-0.060459
-0.060454
-0.060449
-0.060445
-0.060440
-0.060435
-0.060431
-0.060426
-0.060422
-0.060417
-0.060412
-0.060408
-0.060403
-0.060399
-0.060394
-0.060390
-0.060385
-0.060381
-0.060376
-0.060372
-0.060368
-0.060363
-0.060359
-0.060354
-0.060350
-0.060346
-0.060341
-0.060337
-0.060333
-0.060328
-0.060324
-0.060320
-0.060315
-0.060311
-0.060307
-0.060303
-0.060299
-0.060294
-0.060290
-0.060286
-0.060282
-0.060278
-0.060274
-0.060269
-0.060265
-0.060261
-0.060257
-0.060253
-0.060249
-0.060245
-0.060241
-0.060237
-0.060233
-0.060229
-0.060225
-0.060221
-0.060217
-0.060213
-0.060209
-0.060205
-0.060201
-0.060198
-0.060194
-0.060190
-0.060186
-0.060182
-0.060178
-0.060175
-0.060171
-0.060167
-0.060163
-0.060160
-0.060156
-0.060152
-0.060148
-0.060145
-0.060141
-0.060137
-0.060134
-0.060130
-0.060126
-0.060123
-0.060119
-0.060116
-0.060112
-0.060109
-0.060105
-0.060102
-0.060098
-0.060095
-0.060091
-0.060088
-0.060084
-0.060081
-0.060077
-0.060074
-0.060070
-0.060067
-0.060064
-0.060060
-0.060057
-0.060054
-0.060050
-0.060047
-0.060044
-0.060040
-0.060037
-0.060034
-0.060031
-0.060027
-0.060024
-0.060021
-0.060018
-0.060014
-0.060011
-0.060008
-0.060005
-0.060002
-0.059999
-0.059996
-0.059993
-0.059989
-0.059986
-0.059983
-0.059980
-0.059977
-0.059974
-0.059971
-0.059968
-0.059965
-0.059962
-0.059959
-0.059956
-0.059953
-0.059951
-0.059948
-0.059945
-0.059942
-0.059939
-0.059936
-0.059933
-0.059931
-0.059928
-0.059925
-0.059922
-0.059919
-0.059917
-0.059914
-0.059911
-0.059908
-0.059906
-0.059903
-0.059900
-0.059898
-0.059895
-0.059892
-0.059890
-0.059887
-0.059884
-0.059882
-0.059879
-0.059877
-0.059874
-0.059872
-0.059869
-0.059867
-0.059864
-0.059861
-0.059859
-0.059857
-0.059854
-0.059852
-0.059849
-0.059847
-0.059844
-0.059842
-0.059840
-0.059837
-0.059835
-0.059832
-0.059830
-0.059828
-0.059826
-0.059823
-0.059821
-0.059819
-0.059816
-0.059814
-0.059812
-0.059810
-0.059807
-0.059805
-0.059803
-0.059801
-0.059799
-0.059797
-0.059794
-0.059792
-0.059790
-0.059788
-0.059786
-0.059784
-0.059782
-0.059780
-0.059778
-0.059776
-0.059774
-0.059772
-0.059770
-0.059768
-0.059766
-0.059764
-0.059762
-0.059760
-0.059758
-0.059756
-0.059754
-0.059752
-0.059750
-0.059748
-0.059746
-0.059745
-0.059743
-0.059741
-0.059739
-0.059737
-0.059736
-0.059734
-0.059732
-0.059730
-0.059728
-0.059727
-0.059725
-0.059723
-0.059722
-0.059720
-0.059718
-0.059717
-0.059715
-0.059713
-0.059712
-0.059710
-0.059708
-0.059707
-0.059705
-0.059704
-0.059702
-0.059701
-0.059699
-0.059697
-0.059696
-0.059694
-0.059693
-0.059691
-0.059690
-0.059689
-0.059687
-0.059686
-0.059684
-0.059683
-0.059681
-0.059680
-0.059679
-0.059677
-0.059676
-0.059674
-0.059673
-0.059672
-0.059670
-0.059669
-0.059668
-0.059667
-0.059665
-0.059664
-0.059663
-0.059662
-0.059660
-0.059659
-0.059658
-0.059657
-0.059655
-0.059654
-0.059653
-0.059652
-0.059651
-0.059650
-0.059649
-0.059647
-0.059646
-0.059645
-0.059644
-0.059643
-0.059642
-0.059641
-0.059640
-0.059639
-0.059638
-0.059637
-0.059636
-0.059635
-0.059634
-0.059633
-0.059632
-0.059631
-0.059630
-0.059629
-0.059628
-0.059627
-0.059626
-0.059625
-0.059625
-0.059624
-0.059623
-0.059622
-0.059621
-0.059620
-0.059619
-0.059619
-0.059618
-0.059617
-0.059616
-0.059616
-0.059615
-0.059614
-0.059613
-0.059613
-0.059612
-0.059611
-0.059610
-0.059610
-0.059609
-0.059608
-0.059608
-0.059607
-0.059606
-0.059606
-0.059605
-0.059605
-0.059604
-0.059603
-0.059603
-0.059602
-0.059602
-0.059601
-0.059601
-0.059600
-0.059599
-0.059599
-0.059598
-0.059598
-0.059597
-0.059597
-0.059596
-0.059596
-0.059596
-0.059595
-0.059595
-0.059594
-0.059594
-0.059593
-0.059593
-0.059593
-0.059592
-0.059592
-0.059592
-0.059591
-0.059591
-0.059591
-0.059590
-0.059590
-0.059590
-0.059589
-0.059589
-0.059589
-0.059589
-0.059588
-0.059588
-0.059588
-0.059588
-0.059587
-0.059587
-0.059587
-0.059587
-0.059587
-0.059586
-0.059586
-0.059586
-0.059586
-0.059586
-0.059586
-0.059586
-0.059585
-0.059585
-0.059585
-0.059585
-0.059585
-0.059585
-0.059585
-0.059585
-0.059585
-0.059585
-0.059585
-0.059585
-0.059585
-0.059585
-0.059585
-0.059585
-0.059585
-0.059585
-0.059585
-0.059585
-0.059585
-0.059585
-0.059585
-0.059585
-0.059585
-0.059585
-0.059585
-0.059586
-0.059586
-0.059586
-0.059586
-0.059586
-0.059586
-0.059586
-0.059587
-0.059587
-0.059587
-0.059587
-0.059587
-0.059588
-0.059588
-0.059588
-0.059588
-0.059589
-0.059589
-0.059589
-0.059589
-0.059590
-0.059590
-0.059590
-0.059591
-0.059591
-0.059591
-0.059592
-0.059592
-0.059592
-0.059593
-0.059593
-0.059593
-0.059594
-0.059594
-0.059594
-0.059595
-0.059595
-0.059596
-0.059596
-0.059597
-0.059597
-0.059597
-0.059598
-0.059598
-0.059599
-0.059599
-0.059600
-0.059600
-0.059601
-0.059601
-0.059602
-0.059602
-0.059603
-0.059603
-0.059604
-0.059604
-0.059605
-0.059606
-0.059606
-0.059607
-0.059607
-0.059608
-0.059608
-0.059609
-0.059610
-0.059610
-0.059611
-0.059612
-0.059612
-0.059613
-0.059614
-0.059614
-0.059615
-0.059616
-0.059616
-0.059617
-0.059618
-0.059618
-0.059619
-0.059620
-0.059621
-0.059621
-0.059622
-0.059623
-0.059624
-0.059624
-0.059625
-0.059626
-0.059627
-0.059627
-0.059628
-0.059629
-0.059630
-0.059631
-0.059632
-0.059632
-0.059633
-0.059634
-0.059635
-0.059636
-0.059637
-0.059637
-0.059638
-0.059639
-0.059640
-0.059641
-0.059642
-0.059643

