-70
-70.0002
-70.0003
-70.0004
-70.0005
-70.0006
-70.0007
-70.0007
-70.0008
-70.0009
-70.0009
-70.001
-70.001
-70.0011
-70.0011
-70.0012
-70.0012
-70.0013
-70.0013
-70.0014
-70.0014
-70.0015
-70.0015
-70.0016
-70.0016
-70.0016
-70.0017
-70.0017
-70.0018
-70.0018
-70.0019
-70.0019
-70.0019
-70.002
-70.002
-70.0021
-70.0021
-70.0022
-70.0022
-70.0022
-70.0023
-70.0023
-70.0024
-70.0024
-70.0024
-70.0025
-70.0025
-70.0026
-70.0026
-70.0026
-70.0027
-70.0027
-70.0028
-70.0028
-70.0028
-70.0029
-70.0029
-70.0029
-70.003
-70.003
-70.0031
-70.0031
-70.0031
-70.0032
-70.0032
-70.0033
-70.0033
-70.0033
-70.0034
-70.0034
-70.0034
-70.0035
-70.0035
-70.0036
-70.0036
-70.0036
-70.0037
-70.0037
-70.0037
-70.0038
-70.0038
-70.0039
-70.0039
-70.0039
-70.004
-70.004
-70.004
-70.0041
-70.0041
-70.0041
-70.0042
-70.0042
-70.0043
-70.0043
-70.0043
-70.0044
-70.0044
-70.0044
-70.0045
-70.0045
-70.0045
-70.0046
-70.0046
-70.0029
-69.9971
-69.9853
-69.9663
-69.94
-69.9061
-69.8649
-69.8165
-69.7618
-69.7015
-69.6369
-69.5691
-69.499
-69.4278
-69.3561
-69.2844
-69.2131
-69.1425
-69.0728
-69.0039
-68.9359
-68.8689
-68.8028
-68.7376
-68.6734
-68.6101
-68.5478
-68.4864
-68.426
-68.3666
-68.3081
-68.2505
-68.1939
-68.1382
-68.0834
-68.0296
-67.9766
-67.9245
-67.8732
-67.8228
-67.7732
-67.7244
-67.6764
-67.6292
-67.5828
-67.5371
-67.4921
-67.4479
-67.4044
-67.3615
-67.3193
-67.2778
-67.237
-67.1968
-67.1572
-67.1182
-67.0798
-67.0419
-67.0047
-66.968
-66.9318
-66.8962
-66.8611
-66.8265
-66.7923
-66.7587
-66.7255
-66.6928
-66.6606
-66.6288
-66.5974
-66.5664
-66.5358
-66.5057
-66.4759
-66.4465
-66.4175
-66.3888
-66.3605
-66.3326
-66.305
-66.2778
-66.2509
-66.2243
-66.198
-66.1721
-66.1464
-66.1211
-66.0961
-66.0714
-66.0469
-66.0228
-65.9989
-65.9754
-65.9521
-65.929
-65.9063
-65.8838
-65.8615
-65.8396
-65.8178
-65.7964
-65.7752
-65.7542
-65.7335
-65.713
-65.6927
-65.6727
-65.6529
-65.6334
-65.6141
-65.595
-65.5761
-65.5575
-65.539
-65.5208
-65.5028
-65.485
-65.4675
-65.4501
-65.4329
-65.416
-65.3992
-65.3827
-65.3663
-65.3502
-65.3342
-65.3184
-65.3028
-65.2874
-65.2722
-65.2572
-65.2424
-65.2277
-65.2133
-65.199
-65.1849
-65.1709
-65.1572
-65.1436
-65.1302
-65.1169
-65.1038
-65.0909
-65.0782
-65.0656
-65.0532
-65.0409
-65.0288
-65.0169
-65.0051
-64.9935
-64.982
-64.9707
-64.9596
-64.9485
-64.9377
-64.927
-64.9164
-64.906
-64.8957
-64.8856
-64.8756
-64.8657
-64.856
-64.8464
-64.837
-64.8277
-64.8185
-64.8095
-64.8006
-64.7918
-64.7832
-64.7747
-64.7663
-64.7581
-64.7499
-64.7419
-64.7341
-64.7263
-64.7187
-64.7112
-64.7038
-64.6965
-64.6894
-64.6823
-64.6754
-64.6686
-64.6619
-64.6554
-64.6489
-64.6425
-64.6363
-64.6302
-64.6242
-64.6182
-64.6124
-64.6067
-64.6011
-64.5957
-64.5903
-64.585
-64.5798
-64.5747
-64.5697
-64.5649
-64.5601
-64.5554
-64.5508
-64.5463
-64.5419
-64.5376
-64.5334
-64.5293
-64.5253
-64.5214
-64.5175
-64.5138
-64.5101
-64.5065
-64.5031
-64.4997
-64.4964
-64.4931
-64.49
-64.487
-64.484
-64.4811
-64.4783
-64.4756
-64.4729
-64.4704
-64.4679
-64.4655
-64.4632
-64.4609
-64.4587
-64.4567
-64.4546
-64.4527
-64.4508
-64.449
-64.4473
-64.4457
-64.4441
-64.4426
-64.4411
-64.4398
-64.4385
-64.4373
-64.4361
-64.435
-64.434
-64.433
-64.4321
-64.4313
-64.4306
-64.4299
-64.4292
-64.4287
-64.4282
-64.4277
-64.4273
-64.427
-64.4268
-64.4266
-64.4264
-64.4264
-64.4263
-64.4264
-64.4265
-64.4266
-64.4268
-64.4271
-64.4274
-64.4278
-64.4282
-64.4287
-64.4293
-64.4298
-64.4305
-64.4312
-64.4319
-64.4328
-64.4336
-64.4345
-64.4355
-64.4365
-64.4375
-64.4386
-64.4398
-64.441
-64.4422
-64.4435
-64.4449
-64.4463
-64.4477
-64.4492
-64.4507
-64.4523
-64.4539
-64.4556
-64.4573
-64.459
-64.4608
-64.4626
-64.4645
-64.4664
-64.4684
-64.4704
-64.4724
-64.4745
-64.4766
-64.4788
-64.481
-64.4833
-64.4855
-64.4879
-64.4902
-64.4926
-64.495
-64.4975
-64.5
-64.5026
-64.5051
-64.5078
-64.5104
-64.5131
-64.5158
-64.5186
-64.5214
-64.5242
-64.5271
-64.53
-64.5329
-64.5358
-64.5388
-64.5419
-64.5449
-64.548
-64.5511
-64.5543
-64.5575
-64.5607
-64.5639
-64.5672
-64.5705
-64.5738
-64.5772
-64.5806
-64.584
-64.5875
-64.5909
-64.5945
-64.598
-64.6016
-64.6051
-64.6088
-64.6124
-64.6161
-64.6198
-64.6235
-64.6273
-64.631
-64.6348
-64.6387
-64.6425
-64.6464
-64.6503
-64.6542
-64.6582
-64.6622
-64.6662
-64.6702
-64.6742
-64.6783
-64.6824
-64.6865
-64.6907
-64.6948
-64.699
-64.7032
-64.7074
-64.7117
-64.716
-64.7203
-64.7246
-64.7289
-64.7333
-64.7376
-64.742
-64.7464
-64.7509
-64.7553
-64.7598
-64.7643
-64.7688
-64.7734
-64.7779
-64.7825
-64.7871
-64.7917
-64.7963
-64.801
-64.8056
-64.8103
-64.815
-64.8197
-64.8244
-64.8292
-64.834
-64.8387
-64.8435
-64.8484
-64.8532
-64.858
-64.8629
-64.8678
-64.8727
-64.8776
-64.8825
-64.8875
-64.8924
-64.8974
-64.9024
-64.9074
-64.9124
-64.9174
-64.9225
-64.9275
-64.9326
-64.9377
-64.9428
-64.9479
-64.953
-64.9582
-64.9633
-64.9685
-64.9737
-64.9789
-64.9841
-64.9893
-64.9945
-64.9997
-65.005
-65.0103
-65.0155
-65.0208
-65.0261
-65.0314
-65.0367
-65.0421
-65.0474
-65.0528
-65.0581
-65.0635
-65.0689
-65.0743
-65.0797
-65.0851
-65.0906
-65.096
-65.1014
-65.1069
-65.1124
-65.1178
-65.1233
-65.1288
-65.1343
-65.1398
-65.1453
-65.1509
-65.1564
-65.162
-65.1675
-65.1731
-65.1786
-65.1842
-65.1898
-65.1954
-65.201
-65.2066
-65.2122
-65.2179
-65.2235
-65.2291
-65.2348
-65.2404
-65.2461
-65.2518
-65.2575
-65.2631
-65.2688
-65.2745
-65.2802
-65.2859
-65.2917
-65.2974
-65.3031
-65.3088
-65.3146
-65.3203
-65.3261
-65.3318
-65.3376
-65.3434
-65.3491
-65.3549
-65.3607
-65.3665
-65.3723
-65.3781
-65.3839
-65.3897
-65.3955
-65.4013
-65.4071
-65.413
-65.4188
-65.4246
-65.4305
-65.4363
-65.4421
-65.448
-65.4538
-65.4597
-65.4656
-65.4714
-65.4773
-65.4832
-65.4891
-65.4949
-65.5008
-65.5067
-65.5126
-65.5185
-65.5244
-65.5303
-65.5362
-65.5421
-65.548
-65.5539
-65.5598
-65.5657
-65.5716
-65.5776
-65.5835
-65.5894
-65.5953
-65.6012
-65.6072
-65.6131
-65.619
-65.625
-65.6309
-65.6368
-65.6428
-65.6487
-65.6547
-65.6606
-65.6666
-65.6725
-65.6785
-65.6844
-65.6904
-65.6963
-65.7023
-65.7082
-65.7142
-65.7201
-65.7261
-65.732
-65.738
-65.7439
-65.7499
-65.7559
-65.7618
-65.7678
-65.7737
-65.7797
-65.7857
-65.7916
-65.7976
-65.8035
-65.8095
-65.8155
-65.8214
-65.8274
-65.8333
-65.8393
-65.8452
-65.8512
-65.8572
-65.8631
-65.8691
-65.875
-65.881
-65.8869
-65.8929
-65.8989
-65.9048
-65.9108
-65.9167
-65.9227
-65.9286
-65.9346
-65.9405
-65.9465
-65.9524
-65.9583
-65.9643
-65.9702
-65.9762
-65.9821
-65.988
-65.994
-65.9999
-66.0058
-66.0118
-66.0177
-66.0236
-66.0295
-66.0355
-66.0414
-66.0473
-66.0532
-66.0591
-66.0651
-66.071
-66.0769
-66.0828
-66.0887
-66.0946
-66.1005
-66.1064
-66.1123
-66.1182
-66.1241
-66.13
-66.1358
-66.1417
-66.1476
-66.1535
-66.1594
-66.1652
-66.1711
-66.177
-66.1828
-66.1887
-66.1946
-66.2004
-66.2063
-66.2121
-66.218
-66.2238
-66.2296
-66.2355
-66.2413
-66.2472
-66.253
-66.2588
-66.2646
-66.2705
-66.2763
-66.2821
-66.2879
-66.2937
-66.2995
-66.3053
-66.3111
-66.3169
-66.3227
-66.3285
-66.3342
-66.34
-66.3458
-66.3516
-66.3573
-66.3631
-66.3689
-66.3746
-66.3804
-66.3861
-66.3919
-66.3976
-66.4034
-66.4091
-66.4148
-66.4205
-66.4263
-66.432
-66.4377
-66.4434
-66.4491
-66.4548
-66.4605
-66.4662
-66.4719
-66.4776
-66.4833
-66.4889
-66.4946
-66.5003
-66.506
-66.5116
-66.5173
-66.5229
-66.5286
-66.5342
-66.5398
-66.5455
-66.5511
-66.5567
-66.5624
-66.568
-66.5736
-66.5792
-66.5848
-66.5904
-66.596
-66.6016
-66.6072
-66.6127
-66.6183
-66.6239
-66.6294
-66.635
-66.6406
-66.6461
-66.6517
-66.6572
-66.6627
-66.6683
-66.6738
-66.6793
-66.6848
-66.6903
-66.6959
-66.7014
-66.7069
-66.7123
-66.7178
-66.7233
-66.7288
-66.7343
-66.7397
-66.7452
-66.7507
-66.7561
-66.7616
-66.767
-66.7724
-66.7779
-66.7833
-66.7887
-66.7941
-66.7995
-66.8049
-66.8103
-66.8157
-66.8211
-66.8265
-66.8319
-66.8373
-66.8426
-66.848
-66.8533
-66.8587
-66.864
-66.8694
-66.8747
-66.8801
-66.8854
-66.8907
-66.896
-66.9013
-66.9066
-66.9119
-66.9172
-66.9225
-66.9278
-66.9331
-66.9383
-66.9436
-66.9489
-66.9541
-66.9594
-66.9646
-66.9698
-66.9751
-66.9803
-66.9855
-66.9907
-66.9959
-67.0011
-67.0063
-67.0115
-67.0167
-67.0219
-67.0271
-67.0322
-67.0374
-67.0426
-67.0477
-67.0529
-67.058
-67.0631
-67.0683
-67.0734
-67.0785
-67.0836
-67.0887
-67.0938
-67.0989
-67.104
-67.1091
-67.1142
-67.1192
-67.1243
-67.1294
-67.1344
-67.1395
-67.1445
-67.1495
-67.1546
-67.1596
-67.1646
-67.1696
-67.1746
-67.1796
-67.1846
-67.1896
-67.1946
-67.1996
-67.2045
-67.2095
-67.2144
-67.2194
-67.2243
-67.2293
-67.2342
-67.2391
-67.2441
-67.249
-67.2539
-67.2588
-67.2637
-67.2686
-67.2735
-67.2783
-67.2832
-67.2881
-67.2929
-67.2978
-67.3027
-67.3075
-67.3123
-67.3172
-67.322
-67.3268
-67.3316
-67.3364
-67.3412
-67.346
-67.3508
-67.3556
-67.3604
-67.3651
-67.3699
-67.3747
-67.3794
-67.3842
-67.3889
-67.3936
-67.3984
-67.4031
-67.4078
-67.4125
-67.4172
-67.4219
-67.4266
-67.4313
-67.436
-67.4406
-67.4453
-67.4499
-67.4546
-67.4592
-67.4639
-67.4685
-67.4732
-67.4778
-67.4824
-67.487
-67.4916
-67.4962
-67.5008
-67.5054
-67.51
-67.5145
-67.5191
-67.5237
-67.5282
-67.5328
-67.5373
-67.5418
-67.5464
-67.5509
-67.5554
-67.5599
-67.5644
-67.5689
-67.5734
-67.5779
-67.5824
-67.5868
-67.5913
-67.5958
-67.6002
-67.6047
-67.6091
-67.6135
-67.618
-67.6224
-67.6268
-67.6312
-67.6356
-67.64
-67.6444
-67.6488
-67.6532
-67.6575
-67.6619
-67.6663
-67.6706
-67.675
-67.6793
-67.6837
-67.688
-67.6923
-67.6966
-67.7009
-67.7052
-67.7095
-67.7138
-67.7181
-67.7224
-67.7267
-67.7309
-67.7352
-67.7394
-67.7437
-67.7479
-67.7522
-67.7564
-67.7606
-67.7648
-67.7691
-67.7733
-67.7775
-67.7816
-67.7858
-67.79
-67.7942
-67.7984
-67.8025
-67.8067
-67.8108
-67.815
-67.8191
-67.8232
-67.8274
-67.8315
-67.8356
-67.8397
-67.8438
-67.8479
-67.852
-67.856
-67.8601
-67.8642
-67.8682
-67.8723
-67.8764
-67.8804
-67.8844
-67.8885
-67.8925
-67.8965
-67.9005
-67.9045
-67.9085
-67.9125
-67.9165
-67.9205
-67.9245
-67.9284
-67.9324
-67.9364
-67.9403
-67.9443
-67.9482
-67.9521
-67.9561
-67.96
-67.9639
-67.9678
-67.9717
-67.9756
-67.9795
-67.9834
-67.9873
-67.9911
-67.995
-67.9988
-68.0027
-68.0065
-68.0104
-68.0142
-68.0181
-68.0219
-68.0257
-68.0295
-68.0333
-68.0371
-68.0409
-68.0447
-68.0485
-68.0522
-68.056
-68.0598
-68.0635
-68.0673
-68.071
-68.0748
-68.0785
-68.0822
-68.0859
-68.0897
-68.0934
-68.0971
-68.1008
-68.1045
-68.1081
-68.1118
-68.1155
-68.1192
-68.1228
-68.1265
-68.1301
-68.1338
-68.1374
-68.141
-68.1447
-68.1483
-68.1519
-68.1555
-68.1591
-68.1627
-68.1663
-68.1699
-68.1734
-68.177
-68.1806
-68.1841
-68.1877
-68.1912
-68.1948
-68.1983
-68.2018
-68.2054
-68.2089
-68.2124
-68.2159
-68.2194
-68.2229
-68.2264
-68.2299
-68.2333
-68.2368
-68.2403
-68.2437
-68.2472
-68.2506
-68.2541
-68.2575
-68.261
-68.2644
-68.2678
-68.2712
-68.2746
-68.278
-68.2814
-68.2848
-68.2882
-68.2916
-68.2949
-68.2983
-68.3017
-68.305
-68.3084
-68.3117
-68.3151
-68.3184
-68.3217
-68.325
-68.3284
-68.3317
-68.335
-68.3383
-68.3416
-68.3449
-68.3481
-68.3514
-68.3547
-68.3579
-68.3612
-68.3645
-68.3677
-68.3709
-68.3742
-68.3774
-68.3806
-68.3839
-68.3871
-68.3903
-68.3935
-68.3967
-68.3999
-68.4031
-68.4062
-68.4094
-68.4126
-68.4157
-68.4189
-68.422
-68.4252
-68.4283
-68.4315
-68.4346
-68.4377
-68.4408
-68.444
-68.4471
-68.4502
-68.4533
-68.4564
-68.4594
-68.4625
-68.4656
-68.4687
-68.4717
-68.4748
-68.4778
-68.4809
-68.4839
-68.487
-68.49
-68.493
-68.496
-68.4991
-68.5021
-68.5051
-68.5081
-68.5111
-68.5141
-68.517
-68.52
-68.523
-68.526
-68.5289
-68.5319
-68.5348
-68.5378
-68.5407
-68.5436
-68.5466
-68.5495
-68.5524
-68.5553
-68.5582
-68.5611
-68.564
-68.5669
-68.5698
-68.5727
-68.5756
-68.5784
-68.5813
-68.5842
-68.587
-68.5899
-68.5927
-68.5956
-68.5984
-68.6012
-68.604
-68.6069
-68.6097
-68.6125
-68.6153
-68.6181
-68.6209
-68.6237
-68.6264
-68.6292
-68.632
-68.6348
-68.6375
-68.6403
-68.643
-68.6458
-68.6485
-68.6513
-68.654
-68.6567
-68.6594
-68.6621
-68.6649
-68.6676
-68.6703
-68.673
-68.6756
-68.6783
-68.681
-68.6837
-68.6864
-68.689
-68.6917
-68.6943
-68.697
-68.6996
-68.7023
-68.7049
-68.7075
-68.7102
-68.7128
-68.7154
-68.718
-68.7206
-68.7232
-68.7258
-68.7284
-68.731
-68.7336
-68.7361
-68.7387
-68.7413
-68.7438
-68.7464
-68.749
-68.7515
-68.754
-68.7566
-68.7591
-68.7616
-68.7642
-68.7667
-68.7692
-68.7717
-68.7742
-68.7767
-68.7792
-68.7817
-68.7842
-68.7866
-68.7891
-68.7916
-68.794
-68.7965
-68.799
-68.8014
-68.8039
-68.8063
-68.8087
-68.8112
-68.8136
-68.816
-68.8184
-68.8208
-68.8233
-68.8257
-68.8281
-68.8304
-68.8328
-68.8352
-68.8376
-68.84
-68.8423
-68.8447
-68.8471
-68.8494
-68.8518
-68.8541
-68.8565
-68.8588
-68.8611
-68.8635
-68.8658
-68.8681
-68.8704
-68.8727
-68.875
-68.8774
-68.8796
-68.8819
-68.8842
-68.8865
-68.8888
-68.8911
-68.8933
-68.8956
-68.8979
-68.9001
-68.9024
-68.9046
-68.9069
-68.9091
-68.9113
-68.9136
-68.9158
-68.918
-68.9202
-68.9224
-68.9246
-68.9268
-68.929
-68.9312
-68.9334
-68.9356
-68.9378
-68.94
-68.9421
-68.9443
-68.9465
-68.9486
-68.9508
-68.9529
-68.9551
-68.9572
-68.9594
-68.9615
-68.9636
-68.9658
-68.9679
-68.97
-68.9721
-68.9742
-68.9763
-68.9784
-68.9805
-68.9826
-68.9847
-68.9868
-68.9889
-68.9909
-68.993
-68.9951
-68.9971
-68.9992
-69.0012
-69.0033
-69.0053
-69.0074
-69.0094
-69.0114
-69.0135
-69.0155
-69.0175
-69.0195
-69.0215
-69.0235
-69.0255
-69.0275
-69.0295
-69.0315
-69.0335
-69.0355
-69.0375
-69.0395
-69.0414
-69.0434
-69.0454
-69.0473
-69.0493
-69.0512
-69.0532
-69.0551
-69.057
-69.059
-69.0609
-69.0628
-69.0648
-69.0667
-69.0686
-69.0705
-69.0724
-69.0743
-69.0762
-69.0781
-69.08
-69.0819
-69.0838
-69.0856
-69.0875
-69.0894
-69.0913
-69.0931
-69.095
-69.0968
-69.0987
-69.1005
-69.1024
-69.1042
-69.1061
-69.1079
-69.1097
-69.1115
-69.1134
-69.1152
-69.117
-69.1188
-69.1206
-69.1224
-69.1242
-69.126
-69.1278
-69.1296
-69.1314
-69.1331
-69.1349
-69.1367
-69.1385
-69.1402
-69.142
-69.1437
-69.1455
-69.1472
-69.149
-69.1507
-69.1525
-69.1542
-69.1559
-69.1577
-69.1594
-69.1611
-69.1628
-69.1645
-69.1662
-69.168
-69.1697
-69.1714
-69.173
-69.1747
-69.1764
-69.1781
-69.1798
-69.1815
-69.1831
-69.1848
-69.1865
-69.1881
-69.1898
-69.1915
-69.1931
-69.1948
-69.1964
-69.198
-69.1997
-69.2013
-69.2029
-69.2046
-69.2062
-69.2078
-69.2094
-69.2111
-69.2127
-69.2143
-69.2159
-69.2175
-69.2191
-69.2207
-69.2222
-69.2238
-69.2254
-69.227
-69.2286
-69.2301
-69.2317
-69.2333
-69.2348
-69.2364
-69.238
-69.2395
-69.2411
-69.2426
-69.2441
-69.2457
-69.2472
-69.2488
-69.2503
-69.2518
-69.2533
-69.2548
-69.2564
-69.2579
-69.2594
-69.2609
-69.2624
-69.2639
-69.2654
-69.2669
-69.2684
-69.2699
-69.2713
-69.2728
-69.2743
-69.2758
-69.2772
-69.2787
-69.2802
-69.2816
-69.2831
-69.2845
-69.286
-69.2874
-69.2889
-69.2903
-69.2918
-69.2932
-69.2946
-69.2961
-69.2975
-69.2989
-69.3003
-69.3018
-69.3032
-69.3046
-69.306
-69.3074
-69.3088
-69.3102
-69.3116
-69.313
-69.3144
-69.3157
-69.3171
-69.3185
-69.3199
-69.3213
-69.3226
-69.324
-69.3254
-69.3267
-69.3281
-69.3294
-69.3308
-69.3321
-69.3335
-69.3348
-69.3362
-69.3375
-69.3388
-69.3402
-69.3415
-69.3428
-69.3442
-69.3455
-69.3468
-69.3481
-69.3494
-69.3507
-69.352
-69.3533
-69.3546
-69.3559
-69.3572
-69.3585
-69.3598
-69.3611
-69.3624
-69.3637
-69.3649
-69.3662
-69.3675
-69.3687
-69.37
-69.3713
-69.3725
-69.3738
-69.375
-69.3763
-69.3775
-69.3788
-69.38
-69.3813
-69.3825
-69.3837
-69.385
-69.3862
-69.3874
-69.3887
-69.3899
-69.3911
-69.3923
-69.3935
-69.3947
-69.3959
-69.3971
-69.3984
-69.3995
-69.4007
-69.4019
-69.4031
-69.4043
-69.4055
-69.4067
-69.4079
-69.409
-69.4102
-69.4114
-69.4126
-69.4137
-69.4149
-69.4161
-69.4172
-69.4184
-69.4195
-69.4207
-69.4218
-69.423
-69.4241
-69.4253
-69.4264
-69.4275
-69.4287
-69.4298
-69.4309
-69.4321
-69.4332
-69.4343
-69.4354
-69.4365
-69.4377
-69.4388
-69.4399
-69.441
-69.4421
-69.4432
-69.4443
-69.4454
-69.4465
-69.4476
-69.4486
-69.4497
-69.4508
-69.4519
-69.453
-69.4541
-69.4551
-69.4562
-69.4573
-69.4583
-69.4594
-69.4605
-69.4615
-69.4626
-69.4636
-69.4647
-69.4657
-69.4668
-69.4678
-69.4689
-69.4699
-69.4709
-69.472
-69.473
-69.474
-69.4751
-69.4761
-69.4771
-69.4781
-69.4792
-69.4802
-69.4812
-69.4822
-69.4832
-69.4842
-69.4852
-69.4862
-69.4872
-69.4882
-69.4892
-69.4902
-69.4912
-69.4922
-69.4932
-69.4942
-69.4952
-69.4961
-69.4971
-69.4981
-69.4991
-69.5
-69.501
-69.502
-69.5029
-69.5039
-69.5049
-69.5058
-69.5068
-69.5077
-69.5087
-69.5096
-69.5106
-69.5115
-69.5125
-69.5134
-69.5143
-69.5153
-69.5162
-69.5171
-69.5181
-69.519
-69.5199
-69.5208
-69.5218
-69.5227
-69.5236
-69.5245
-69.5254
-69.5263
-69.5273
-69.5282
-69.5291
-69.53
-69.5309
-69.5318
-69.5327
-69.5336
-69.5344
-69.5353
-69.5362
-69.5371
-69.538
-69.5389
-69.5398
-69.5406
-69.5415
-69.5424
-69.5433
-69.5441
-69.545
-69.5459
-69.5467
-69.5476
-69.5484
-69.5493
-69.5502
-69.551
-69.5519
-69.5527
-69.5536
-69.5544
-69.5553
-69.5561
-69.5569
-69.5578
-69.5586
-69.5594
-69.5603
-69.5611
-69.5619
-69.5628
-69.5636
-69.5644
-69.5652
-69.5661
-69.5669
-69.5677
-69.5685
-69.5693
-69.5701
-69.5709
-69.5717
-69.5725
-69.5733
-69.5741
-69.5749
-69.5757
-69.5765
-69.5773
-69.5781
-69.5789
-69.5797
-69.5805
-69.5813
-69.582
-69.5828
-69.5836
-69.5844
-69.5852
-69.5859
-69.5867
-69.5875
-69.5882
-69.589
-69.5898
-69.5905
-69.5913
-69.5921
-69.5928
-69.5936
-69.5943
-69.5951
-69.5958
-69.5966
-69.5973
-69.5981
-69.5988
-69.5995
-69.6003
-69.601
-69.6018
-69.6025
-69.6032
-69.604
-69.6047
-69.6054
-69.6061
-69.6069
-69.6076
-69.6083
-69.609
-69.6097
-69.6105
-69.6112
-69.6119
-69.6126
-69.6133
-69.614
-69.6147
-69.6154
-69.6161
-69.6168
-69.6175
-69.6182
-69.6189
-69.6196
-69.6203
-69.621
-69.6217
-69.6224
-69.6231
-69.6238
-69.6244
-69.6251
-69.6258
-69.6265
-69.6272
-69.6278
-69.6285
-69.6292
-69.6299
-69.6305
-69.6312
-69.6319
-69.6325
-69.6332
-69.6339
-69.6345
-69.6352
-69.6358
-69.6365
-69.6371
-69.6378
-69.6384
-69.6391
-69.6397
-69.6404
-69.641
-69.6417
-69.6423
-69.643
-69.6436
-69.6442
-69.6449
-69.6455
-69.6461
-69.6468
-69.6474
-69.648
-69.6487
-69.6493
-69.6499
-69.6505
-69.6512
-69.6518
-69.6524
-69.653
-69.6536
-69.6542
-69.6549
-69.6555
-69.6561
-69.6567
-69.6573
-69.6579
-69.6585
-69.6591
-69.6597
-69.6603
-69.6609
-69.6615
-69.6621
-69.6627
-69.6633
-69.6639
-69.6645
-69.6651
-69.6657
-69.6662
-69.6668
-69.6674
-69.668
-69.6686
-69.6692
-69.6697
-69.6703
-69.6709
-69.6715
-69.672
-69.6726
-69.6732
-69.6738
-69.6743
-69.6749
-69.6755
-69.676
-69.6766
-69.6771
-69.6777
-69.6783
-69.6788
-69.6794
-69.6799
-69.6805
-69.681
-69.6816
-69.6821
-69.6827
-69.6832
-69.6838
-69.6843
-69.6849
-69.6854
-69.686
-69.6865
-69.687
-69.6876
-69.6881
-69.6886
-69.6892
-69.6897
-69.6902
-69.6908
-69.6913
-69.6918
-69.6924
-69.6929
-69.6934
-69.6939
-69.6944
-69.695
-69.6955
-69.696
-69.6965
-69.697
-69.6976
-69.6981
-69.6986
-69.6991
-69.6996
-69.7001
-69.7006
-69.7011
-69.7016
-69.7021
-69.7026
-69.7031
-69.7036
-69.7041
-69.7046
-69.7051
-69.7056
-69.7061
-69.7066
-69.7071
-69.7076
-69.7081
-69.7086
-69.7091
-69.7096
-69.71
-69.7105
-69.711
-69.7115
-69.712
-69.7125
-69.7129
-69.7134
-69.7139
-69.7144
-69.7148
-69.7153
-69.7158
-69.7163
-69.7167
-69.7172
-69.7177
-69.7181
-69.7186
-69.7191
-69.7195
-69.72
-69.7205
-69.7209
-69.7214
-69.7218
-69.7223
-69.7228
-69.7232
-69.7237
-69.7241
-69.7246
-69.725
-69.7255
-69.7259
-69.7264
-69.7268
-69.7273
-69.7277
-69.7282
-69.7286
-69.7291
-69.7295
-69.7299
-69.7304
-69.7308
-69.7312
-69.7317
-69.7321
-69.7326
-69.733
-69.7334
-69.7339
-69.7343
-69.7347
-69.7351
-69.7356
-69.736
-69.7364
-69.7369
-69.7373
-69.7377
-69.7381
-69.7385
-69.739
-69.7394
-69.7398
-69.7402
-69.7406
-69.7411
-69.7415
-69.7419
-69.7423
-69.7427
-69.7431
-69.7435
-69.7439
-69.7443
-69.7448
-69.7452
-69.7456
-69.746
-69.7464
-69.7468
-69.7472
-69.7476
-69.748
-69.7484
-69.7488
-69.7492
-69.7496
-69.75
-69.7504
-69.7508
-69.7512
-69.7515
-69.7519
-69.7523
-69.7527
-69.7531
-69.7535
-69.7539
-69.7543
-69.7547
-69.755
-69.7554
-69.7558
-69.7562
-69.7566
-69.7569
-69.7573
-69.7577
-69.7581
-69.7585
-69.7588
-69.7592
-69.7596
-69.76
-69.7603
-69.7607
-69.7611
-69.7614
-69.7618
-69.7622
-69.7626
-69.7629
-69.7633
-69.7637
-69.764
-69.7644
-69.7647
-69.7651
-69.7655
-69.7658
-69.7662
-69.7666
-69.7669
-69.7673
-69.7676
-69.768
-69.7683
-69.7687
-69.769
-69.7694
-69.7697
-69.7701
-69.7705
-69.7708
-69.7711
-69.7715
-69.7718
-69.7722
-69.7725
-69.7729
-69.7732
-69.7736
-69.7739
-69.7743
-69.7746
-69.7749
-69.7753
-69.7756
-69.776
-69.7763
-69.7766
-69.777
-69.7773
-69.7776
-69.778
-69.7783
-69.7786
-69.779
-69.7793
-69.7796
-69.78
-69.7803
-69.7806
-69.781
-69.7813
-69.7816
-69.7819
-69.7823
-69.7826
-69.7829
-69.7832
-69.7836
-69.7839
-69.7842
-69.7845
-69.7848
-69.7852
-69.7855
-69.7858
-69.7861
-69.7864
-69.7867
-69.7871
-69.7874
-69.7877
-69.788
-69.7883
-69.7886
-69.7889
-69.7892
-69.7896
-69.7899
-69.7902
-69.7905
-69.7908
-69.7911
-69.7914
-69.7917
-69.792
-69.7923
-69.7926
-69.7929
-69.7932
-69.7935
-69.7938
-69.7941
-69.7944
-69.7947
-69.795
-69.7953
-69.7956
-69.7959
-69.7962
-69.7965
-69.7968
-69.7971
-69.7974
-69.7977
-69.798
-69.7983
-69.7985
-69.7988
-69.7991
-69.7994
-69.7997
-69.8
-69.8003
-69.8006
-69.8008
-69.8011
-69.8014
-69.8017
-69.802
-69.8023
-69.8026
-69.8028
-69.8031
-69.8034
-69.8037
-69.804
-69.8042
-69.8045
-69.8048
-69.8051
-69.8053
-69.8056
-69.8059
-69.8062
-69.8064
-69.8067
-69.807
-69.8073
-69.8075
-69.8078
-69.8081
-69.8084
-69.8086
-69.8089
-69.8092
-69.8094
-69.8097
-69.81
-69.8102
-69.8105
-69.8108
-69.811
-69.8113
-69.8116
-69.8118
-69.8121
-69.8123
-69.8126
-69.8129
-69.8131
-69.8134
-69.8136
-69.8139
-69.8142
-69.8144
-69.8147
-69.8149
-69.8152
-69.8155
-69.8157
-69.816
-69.8162
-69.8165
-69.8167
-69.817
-69.8172
-69.8175
-69.8177
-69.818
-69.8182
-69.8185
-69.8187
-69.819
-69.8192
-69.8195
-69.8197
-69.82
-69.8202
-69.8205
-69.8207
-69.821
-69.8212
-69.8214
-69.8217
-69.8219
-69.8222
-69.8224
-69.8227
-69.8229
-69.8231
-69.8234
-69.8236
-69.8239
-69.8241
-69.8243
-69.8246
-69.8248
-69.8251
-69.8253
-69.8255
-69.8258
-69.826
-69.8262
-69.8265
-69.8267
-69.8269
-69.8272
-69.8274
-69.8276
-69.8279
-69.8281
-69.8283
-69.8286
-69.8288
-69.829
-69.8292
-69.8295
-69.8297
-69.8299
-69.8302
-69.8304
-69.8306
-69.8308
-69.8311
-69.8313
-69.8315
-69.8317
-69.832
-69.8322
-69.8324
-69.8326
-69.8328
-69.8331
-69.8333
-69.8335
-69.8337
-69.834
-69.8342
-69.8344
-69.8346
-69.8348
-69.835
-69.8353
-69.8355
-69.8357
-69.8359
-69.8361
-69.8363
-69.8366
-69.8368
-69.837
-69.8372
-69.8374
-69.8376
-69.8378
-69.8381
-69.8383
-69.8385
-69.8387
-69.8389
-69.8391
-69.8393
-69.8395
-69.8397
-69.8399
-69.8402
-69.8404
-69.8406
-69.8408
-69.841
-69.8412
-69.8414
-69.8416
-69.8418
-69.842
-69.8422
-69.8424
-69.8426
-69.8428
-69.843
-69.8432
-69.8434
-69.8436
-69.8438
-69.844
-69.8442
-69.8444
-69.8446
-69.8448
-69.845
-69.8452
-69.8454
-69.8456
-69.8458
-69.846
-69.8462
-69.8464
-69.8466
-69.8468
-69.847
-69.8472
-69.8474
-69.8476
-69.8478
-69.848
-69.8482
-69.8484
-69.8486
-69.8488
-69.849
-69.8491
-69.8493
-69.8495
-69.8497
-69.8499
-69.8501
-69.8503
-69.8505
-69.8507
-69.8509
-69.851
-69.8512
-69.8514
-69.8516
-69.8518
-69.852
-69.8522
-69.8524
-69.8525
-69.8527
-69.8529
-69.8531
-69.8533
-69.8535
-69.8537
-69.8538
-69.854
-69.8542
-69.8544
-69.8546
-69.8548
-69.8549
-69.8551
-69.8553
-69.8555
-69.8557
-69.8558
-69.856
-69.8562
-69.8564
-69.8566
-69.8567
-69.8569
-69.8571
-69.8573
-69.8574
-69.8576

