-70
-70.0002
-70.0003
-70.0004
-70.0005
-70.0005
-70.0006
-70.0007
-70.0007
-70.0008
-70.0008
-70.0009
-70.0009
-70.001
-70.001
-70.0011
-70.0011
-70.0012
-70.0012
-70.0013
-70.0013
-70.0014
-70.0014
-70.0014
-70.0015
-70.0015
-70.0016
-70.0016
-70.0017
-70.0017
-70.0017
-70.0018
-70.0018
-70.0019
-70.0019
-70.002
-70.002
-70.002
-70.0021
-70.0021
-70.0022
-70.0022
-70.0022
-70.0023
-70.0023
-70.0024
-70.0024
-70.0024
-70.0025
-70.0025
-70.0026
-70.0026
-70.0026
-70.0027
-70.0027
-70.0028
-70.0028
-70.0028
-70.0029
-70.0029
-70.003
-70.003
-70.003
-70.0031
-70.0031
-70.0032
-70.0032
-70.0032
-70.0033
-70.0033
-70.0033
-70.0034
-70.0034
-70.0035
-70.0035
-70.0035
-70.0036
-70.0036
-70.0036
-70.0037
-70.0037
-70.0038
-70.0038
-70.0038
-70.0039
-70.0039
-70.0039
-70.004
-70.004
-70.0041
-70.0041
-70.0041
-70.0042
-70.0042
-70.0042
-70.0043
-70.0043
-70.0043
-70.0044
-70.0044
-70.0044
-70.0045
-70.0045
-70.0023
-69.9952
-69.9814
-69.9603
-69.9319
-69.8968
-69.8558
-69.8097
-69.7592
-69.7048
-69.6469
-69.5857
-69.5216
-69.4551
-69.3868
-69.3176
-69.2481
-69.1792
-69.1113
-69.0448
-68.9802
-68.9174
-68.8565
-68.7975
-68.7403
-68.6849
-68.6312
-68.579
-68.5284
-68.4793
-68.4315
-68.3851
-68.34
-68.2962
-68.2535
-68.212
-68.1717
-68.1325
-68.0943
-68.0572
-68.0211
-67.986
-67.9518
-67.9185
-67.8861
-67.8546
-67.824
-67.7941
-67.765
-67.7367
-67.7091
-67.6823
-67.6561
-67.6306
-67.6057
-67.5815
-67.5578
-67.5348
-67.5123
-67.4903
-67.4689
-67.448
-67.4276
-67.4077
-67.3883
-67.3693
-67.3507
-67.3325
-67.3148
-67.2975
-67.2805
-67.2639
-67.2477
-67.2318
-67.2163
-67.2011
-67.1862
-67.1716
-67.1574
-67.1434
-67.1297
-67.1163
-67.1031
-67.0903
-67.0776
-67.0652
-67.0531
-67.0412
-67.0295
-67.0181
-67.0068
-66.9958
-66.985
-66.9744
-66.964
-66.9538
-66.9437
-66.9339
-66.9242
-66.9147
-66.9054
-66.8963
-66.8873
-66.8785
-66.8698
-66.8613
-66.8529
-66.8447
-66.8367
-66.8288
-66.821
-66.8134
-66.8059
-66.7985
-66.7913
-66.7842
-66.7773
-66.7704
-66.7637
-66.7571
-66.7506
-66.7443
-66.738
-66.7319
-66.7259
-66.72
-66.7142
-66.7085
-66.7029
-66.6974
-66.6921
-66.6868
-66.6816
-66.6765
-66.6716
-66.6667
-66.6619
-66.6572
-66.6526
-66.6481
-66.6437
-66.6394
-66.6352
-66.631
-66.6269
-66.623
-66.6191
-66.6153
-66.6115
-66.6079
-66.6043
-66.6008
-66.5974
-66.5941
-66.5908
-66.5876
-66.5845
-66.5815
-66.5785
-66.5756
-66.5728
-66.5701
-66.5674
-66.5648
-66.5622
-66.5598
-66.5574
-66.555
-66.5527
-66.5505
-66.5484
-66.5463
-66.5443
-66.5423
-66.5404
-66.5386
-66.5368
-66.5351
-66.5334
-66.5318
-66.5303
-66.5288
-66.5273
-66.526
-66.5246
-66.5234
-66.5221
-66.521
-66.5199
-66.5188
-66.5178
-66.5169
-66.5159
-66.5151
-66.5143
-66.5135
-66.5128
-66.5122
-66.5116
-66.511
-66.5105
-66.51
-66.5096
-66.5092
-66.5088
-66.5086
-66.5083
-66.5081
-66.5079
-66.5078
-66.5077
-66.5077
-66.5077
-66.5077
-66.5078
-66.508
-66.5081
-66.5083
-66.5086
-66.5088
-66.5092
-66.5095
-66.5099
-66.5104
-66.5108
-66.5113
-66.5119
-66.5124
-66.5131
-66.5137
-66.5144
-66.5151
-66.5158
-66.5166
-66.5174
-66.5183
-66.5192
-66.5201
-66.521
-66.522
-66.523
-66.524
-66.5251
-66.5262
-66.5273
-66.5285
-66.5296
-66.5309
-66.5321
-66.5334
-66.5347
-66.536
-66.5374
-66.5387
-66.5401
-66.5416
-66.543
-66.5445
-66.546
-66.5476
-66.5492
-66.5507
-66.5524
-66.554
-66.5557
-66.5574
-66.5591
-66.5608
-66.5626
-66.5644
-66.5662
-66.568
-66.5699
-66.5717
-66.5736
-66.5756
-66.5775
-66.5795
-66.5815
-66.5835
-66.5855
-66.5875
-66.5896
-66.5917
-66.5938
-66.596
-66.5981
-66.6003
-66.6025
-66.6047
-66.6069
-66.6092
-66.6114
-66.6137
-66.616
-66.6183
-66.6207
-66.623
-66.6254
-66.6278
-66.6302
-66.6326
-66.6351
-66.6375
-66.64
-66.6425
-66.645
-66.6476
-66.6501
-66.6527
-66.6552
-66.6578
-66.6604
-66.6631
-66.6657
-66.6684
-66.671
-66.6737
-66.6764
-66.6791
-66.6818
-66.6846
-66.6873
-66.6901
-66.6929
-66.6957
-66.6985
-66.7013
-66.7041
-66.707
-66.7098
-66.7127
-66.7156
-66.7185
-66.7214
-66.7243
-66.7273
-66.7302
-66.7332
-66.7361
-66.7391
-66.7421
-66.7451
-66.7481
-66.7512
-66.7542
-66.7573
-66.7603
-66.7634
-66.7665
-66.7696
-66.7727
-66.7758
-66.7789
-66.7821
-66.7852
-66.7884
-66.7915
-66.7947
-66.7979
-66.8011
-66.8043
-66.8075
-66.8107
-66.8139
-66.8172
-66.8204
-66.8237
-66.8269
-66.8302
-66.8335
-66.8368
-66.8401
-66.8434
-66.8467
-66.85
-66.8534
-66.8567
-66.86
-66.8634
-66.8668
-66.8701
-66.8735
-66.8769
-66.8803
-66.8837
-66.8871
-66.8905
-66.8939
-66.8974
-66.9008
-66.9042
-66.9077
-66.9111
-66.9146
-66.9181
-66.9215
-66.925
-66.9285
-66.932
-66.9355
-66.939
-66.9425
-66.946
-66.9495
-66.9531
-66.9566
-66.9601
-66.9637
-66.9672
-66.9708
-66.9743
-66.9779
-66.9815
-66.985
-66.9886
-66.9922
-66.9958
-66.9994
-67.003
-67.0066
-67.0102
-67.0138
-67.0174
-67.021
-67.0247
-67.0283
-67.0319
-67.0356
-67.0392
-67.0428
-67.0465
-67.0501
-67.0538
-67.0575
-67.0611
-67.0648
-67.0685
-67.0721
-67.0758
-67.0795
-67.0832
-67.0869
-67.0906
-67.0943
-67.098
-67.1017
-67.1054
-67.1091
-67.1128
-67.1165
-67.1202
-67.1239
-67.1277
-67.1314
-67.1351
-67.1388
-67.1426
-67.1463
-67.15
-67.1538
-67.1575
-67.1613
-67.165
-67.1688
-67.1725
-67.1763
-67.18
-67.1838
-67.1875
-67.1913
-67.195
-67.1988
-67.2026
-67.2063
-67.2101
-67.2139
-67.2176
-67.2214
-67.2252
-67.229
-67.2327
-67.2365
-67.2403
-67.2441
-67.2479
-67.2517
-67.2554
-67.2592
-67.263
-67.2668
-67.2706
-67.2744
-67.2782
-67.282
-67.2858
-67.2896
-67.2933
-67.2971
-67.3009
-67.3047
-67.3085
-67.3123
-67.3161
-67.3199
-67.3237
-67.3275
-67.3313
-67.3351
-67.3389
-67.3427
-67.3465
-67.3503
-67.3541
-67.3579
-67.3617
-67.3655
-67.3693
-67.3731
-67.3769
-67.3807
-67.3845
-67.3883
-67.3921
-67.3959
-67.3997
-67.4035
-67.4073
-67.4111
-67.4149
-67.4187
-67.4225
-67.4263
-67.4301
-67.4339
-67.4377
-67.4415
-67.4453
-67.4491
-67.4529
-67.4567
-67.4605
-67.4643
-67.4681
-67.4719
-67.4757
-67.4794
-67.4832
-67.487
-67.4908
-67.4946
-67.4984
-67.5022
-67.5059
-67.5097
-67.5135
-67.5173
-67.5211
-67.5248
-67.5286
-67.5324
-67.5362
-67.5399
-67.5437
-67.5475
-67.5512
-67.555
-67.5588
-67.5625
-67.5663
-67.57
-67.5738
-67.5776
-67.5813
-67.5851
-67.5888
-67.5926
-67.5963
-67.6001
-67.6038
-67.6076
-67.6113
-67.615
-67.6188
-67.6225
-67.6262
-67.63
-67.6337
-67.6374
-67.6412
-67.6449
-67.6486
-67.6523
-67.6561
-67.6598
-67.6635
-67.6672
-67.6709
-67.6746
-67.6783
-67.682
-67.6857
-67.6894
-67.6931
-67.6968
-67.7005
-67.7042
-67.7079
-67.7116
-67.7153
-67.719
-67.7226
-67.7263
-67.73
-67.7337
-67.7373
-67.741
-67.7447
-67.7483
-67.752
-67.7557
-67.7593
-67.763
-67.7666
-67.7703
-67.7739
-67.7776
-67.7812
-67.7848
-67.7885
-67.7921
-67.7957
-67.7994
-67.803
-67.8066
-67.8102
-67.8139
-67.8175
-67.8211
-67.8247
-67.8283
-67.8319
-67.8355
-67.8391
-67.8427
-67.8463
-67.8499
-67.8535
-67.857
-67.8606
-67.8642
-67.8678
-67.8713
-67.8749
-67.8785
-67.882
-67.8856
-67.8892
-67.8927
-67.8963
-67.8998
-67.9033
-67.9069
-67.9104
-67.914
-67.9175
-67.921
-67.9245
-67.9281
-67.9316
-67.9351
-67.9386
-67.9421
-67.9456
-67.9491
-67.9526
-67.9561
-67.9596
-67.9631
-67.9666
-67.9701
-67.9736
-67.977
-67.9805
-67.984
-67.9875
-67.9909
-67.9944
-67.9978
-68.0013
-68.0047
-68.0082
-68.0116
-68.0151
-68.0185
-68.0219
-68.0254
-68.0288
-68.0322
-68.0356
-68.0391
-68.0425
-68.0459
-68.0493
-68.0527
-68.0561
-68.0595
-68.0629
-68.0663
-68.0696
-68.073
-68.0764
-68.0798
-68.0831
-68.0865
-68.0899
-68.0932
-68.0966
-68.0999
-68.1033
-68.1066
-68.11
-68.1133
-68.1166
-68.12
-68.1233
-68.1266
-68.1299
-68.1333
-68.1366
-68.1399
-68.1432
-68.1465
-68.1498
-68.1531
-68.1564
-68.1596
-68.1629
-68.1662
-68.1695
-68.1728
-68.176
-68.1793
-68.1825
-68.1858
-68.189
-68.1923
-68.1955
-68.1988
-68.202
-68.2052
-68.2085
-68.2117
-68.2149
-68.2181
-68.2214
-68.2246
-68.2278
-68.231
-68.2342
-68.2374
-68.2406
-68.2437
-68.2469
-68.2501
-68.2533
-68.2564
-68.2596
-68.2628
-68.2659
-68.2691
-68.2722
-68.2754
-68.2785
-68.2817
-68.2848
-68.2879
-68.2911
-68.2942
-68.2973
-68.3004
-68.3035
-68.3066
-68.3097
-68.3128
-68.3159
-68.319
-68.3221
-68.3252
-68.3283
-68.3314
-68.3344
-68.3375
-68.3406
-68.3436
-68.3467
-68.3497
-68.3528
-68.3558
-68.3589
-68.3619
-68.3649
-68.3679
-68.371
-68.374
-68.377
-68.38
-68.383
-68.386
-68.389
-68.392
-68.395
-68.398
-68.401
-68.404
-68.4069
-68.4099
-68.4129
-68.4158
-68.4188
-68.4217
-68.4247
-68.4276
-68.4306
-68.4335
-68.4365
-68.4394
-68.4423
-68.4452
-68.4482
-68.4511
-68.454
-68.4569
-68.4598
-68.4627
-68.4656
-68.4685
-68.4713
-68.4742
-68.4771
-68.48
-68.4828
-68.4857
-68.4886
-68.4914
-68.4943
-68.4971
-68.5
-68.5028
-68.5056
-68.5085
-68.5113
-68.5141
-68.517
-68.5198
-68.5226
-68.5254
-68.5282
-68.531
-68.5338
-68.5366
-68.5394
-68.5421
-68.5449
-68.5477
-68.5505
-68.5532
-68.556
-68.5587
-68.5615
-68.5642
-68.567
-68.5697
-68.5725
-68.5752
-68.5779
-68.5807
-68.5834
-68.5861
-68.5888
-68.5915
-68.5942
-68.5969
-68.5996
-68.6023
-68.605
-68.6077
-68.6104
-68.613
-68.6157
-68.6184
-68.621
-68.6237
-68.6263
-68.629
-68.6316
-68.6343
-68.6369
-68.6396
-68.6422
-68.6448
-68.6474
-68.6501
-68.6527
-68.6553
-68.6579
-68.6605
-68.6631
-68.6657
-68.6683
-68.6709
-68.6734
-68.676
-68.6786
-68.6812
-68.6837
-68.6863
-68.6888
-68.6914
-68.6939
-68.6965
-68.699
-68.7016
-68.7041
-68.7066
-68.7091
-68.7117
-68.7142
-68.7167
-68.7192
-68.7217
-68.7242
-68.7267
-68.7292
-68.7317
-68.7342
-68.7366
-68.7391
-68.7416
-68.7441
-68.7465
-68.749
-68.7514
-68.7539
-68.7563
-68.7588
-68.7612
-68.7636
-68.7661
-68.7685
-68.7709
-68.7733
-68.7758
-68.7782
-68.7806
-68.783
-68.7854
-68.7878
-68.7902
-68.7925
-68.7949
-68.7973
-68.7997
-68.8021
-68.8044
-68.8068
-68.8091
-68.8115
-68.8138
-68.8162
-68.8185
-68.8209
-68.8232
-68.8255
-68.8279
-68.8302
-68.8325
-68.8348
-68.8371
-68.8394
-68.8417
-68.844
-68.8463
-68.8486
-68.8509
-68.8532
-68.8555
-68.8578
-68.86
-68.8623
-68.8646
-68.8668
-68.8691
-68.8713
-68.8736
-68.8758
-68.8781
-68.8803
-68.8825
-68.8848
-68.887
-68.8892
-68.8914
-68.8936
-68.8958
-68.8981
-68.9003
-68.9025
-68.9046
-68.9068
-68.909
-68.9112
-68.9134
-68.9156
-68.9177
-68.9199
-68.9221
-68.9242
-68.9264
-68.9285
-68.9307
-68.9328
-68.935
-68.9371
-68.9392
-68.9413
-68.9435
-68.9456
-68.9477
-68.9498
-68.9519
-68.954
-68.9561
-68.9582
-68.9603
-68.9624
-68.9645
-68.9666
-68.9687
-68.9707
-68.9728
-68.9749
-68.977
-68.979
-68.9811
-68.9831
-68.9852
-68.9872
-68.9893
-68.9913
-68.9933
-68.9954
-68.9974
-68.9994
-69.0014
-69.0034
-69.0055
-69.0075
-69.0095
-69.0115
-69.0135
-69.0155
-69.0175
-69.0194
-69.0214
-69.0234
-69.0254
-69.0273
-69.0293
-69.0313
-69.0332
-69.0352
-69.0371
-69.0391
-69.041
-69.043
-69.0449
-69.0469
-69.0488
-69.0507
-69.0526
-69.0546
-69.0565
-69.0584
-69.0603
-69.0622
-69.0641
-69.066
-69.0679
-69.0698
-69.0717
-69.0736
-69.0754
-69.0773
-69.0792
-69.0811
-69.0829
-69.0848
-69.0867
-69.0885
-69.0904
-69.0922
-69.0941
-69.0959
-69.0977
-69.0996
-69.1014
-69.1032
-69.1051
-69.1069
-69.1087
-69.1105
-69.1123
-69.1141
-69.1159
-69.1177
-69.1195
-69.1213
-69.1231
-69.1249
-69.1267
-69.1285
-69.1302
-69.132
-69.1338
-69.1355
-69.1373
-69.1391
-69.1408
-69.1426
-69.1443
-69.1461
-69.1478
-69.1495
-69.1513
-69.153
-69.1547
-69.1565
-69.1582
-69.1599
-69.1616
-69.1633
-69.165
-69.1667
-69.1684
-69.1701
-69.1718
-69.1735
-69.1752
-69.1769
-69.1786
-69.1803
-69.1819
-69.1836
-69.1853
-69.1869
-69.1886
-69.1903
-69.1919
-69.1936
-69.1952
-69.1968
-69.1985
-69.2001
-69.2018
-69.2034
-69.205
-69.2066
-69.2083
-69.2099
-69.2115
-69.2131
-69.2147
-69.2163
-69.2179
-69.2195
-69.2211
-69.2227
-69.2243
-69.2259
-69.2275
-69.2291
-69.2306
-69.2322
-69.2338
-69.2354
-69.2369
-69.2385
-69.24
-69.2416
-69.2431
-69.2447
-69.2462
-69.2478
-69.2493
-69.2509
-69.2524
-69.2539
-69.2554
-69.257
-69.2585
-69.26
-69.2615
-69.263
-69.2645
-69.266
-69.2676
-69.269
-69.2705
-69.272
-69.2735
-69.275
-69.2765
-69.278
-69.2795
-69.2809
-69.2824
-69.2839
-69.2853
-69.2868
-69.2883
-69.2897
-69.2912
-69.2926
-69.2941
-69.2955
-69.297
-69.2984
-69.2998
-69.3013
-69.3027
-69.3041
-69.3055
-69.307
-69.3084
-69.3098
-69.3112
-69.3126
-69.314
-69.3154
-69.3168
-69.3182
-69.3196
-69.321
-69.3224
-69.3238
-69.3252
-69.3265
-69.3279
-69.3293
-69.3307
-69.332
-69.3334
-69.3348
-69.3361
-69.3375
-69.3388
-69.3402
-69.3415
-69.3429
-69.3442
-69.3456
-69.3469
-69.3482
-69.3496
-69.3509
-69.3522
-69.3536
-69.3549
-69.3562
-69.3575
-69.3588
-69.3601
-69.3614
-69.3627
-69.364
-69.3653
-69.3666
-69.3679
-69.3692
-69.3705
-69.3718
-69.3731
-69.3743
-69.3756
-69.3769
-69.3782
-69.3794
-69.3807
-69.382
-69.3832
-69.3845
-69.3857
-69.387
-69.3882
-69.3895
-69.3907
-69.392
-69.3932
-69.3945
-69.3957
-69.3969
-69.3981
-69.3994
-69.4006
-69.4018
-69.403
-69.4042
-69.4055
-69.4067
-69.4079
-69.4091
-69.4103
-69.4115
-69.4127
-69.4139
-69.4151
-69.4163
-69.4174
-69.4186
-69.4198
-69.421
-69.4222
-69.4233
-69.4245
-69.4257
-69.4268
-69.428
-69.4292
-69.4303
-69.4315
-69.4326
-69.4338
-69.4349
-69.4361
-69.4372
-69.4384
-69.4395
-69.4406
-69.4418
-69.4429
-69.444
-69.4452
-69.4463
-69.4474
-69.4485
-69.4496
-69.4508
-69.4519
-69.453
-69.4541
-69.4552
-69.4563
-69.4574
-69.4585
-69.4596
-69.4607
-69.4618
-69.4629
-69.4639
-69.465
-69.4661
-69.4672
-69.4683
-69.4693
-69.4704
-69.4715
-69.4725
-69.4736
-69.4747
-69.4757
-69.4768
-69.4778
-69.4789
-69.4799
-69.481
-69.482
-69.4831
-69.4841
-69.4852
-69.4862
-69.4872
-69.4883
-69.4893
-69.4903
-69.4913
-69.4924
-69.4934
-69.4944
-69.4954
-69.4964
-69.4974
-69.4985
-69.4995
-69.5005
-69.5015
-69.5025
-69.5035
-69.5045
-69.5055
-69.5064
-69.5074
-69.5084
-69.5094
-69.5104
-69.5114
-69.5123
-69.5133
-69.5143
-69.5153
-69.5162
-69.5172
-69.5182
-69.5191
-69.5201
-69.5211
-69.522
-69.523
-69.5239
-69.5249
-69.5258
-69.5268
-69.5277
-69.5286
-69.5296
-69.5305
-69.5315
-69.5324
-69.5333
-69.5342
-69.5352
-69.5361
-69.537
-69.5379
-69.5389
-69.5398
-69.5407
-69.5416
-69.5425
-69.5434
-69.5443
-69.5452
-69.5461
-69.547
-69.5479
-69.5488
-69.5497
-69.5506
-69.5515
-69.5524
-69.5533
-69.5542
-69.555
-69.5559
-69.5568
-69.5577
-69.5586
-69.5594
-69.5603
-69.5612
-69.562
-69.5629
-69.5638
-69.5646
-69.5655
-69.5663
-69.5672
-69.568
-69.5689
-69.5697
-69.5706
-69.5714
-69.5723
-69.5731
-69.574
-69.5748
-69.5756
-69.5765
-69.5773
-69.5781
-69.579
-69.5798
-69.5806
-69.5814
-69.5822
-69.5831
-69.5839
-69.5847
-69.5855
-69.5863
-69.5871
-69.5879
-69.5887
-69.5895
-69.5903
-69.5911
-69.5919
-69.5927
-69.5935
-69.5943
-69.5951
-69.5959
-69.5967
-69.5975
-69.5983
-69.599
-69.5998
-69.6006
-69.6014
-69.6022
-69.6029
-69.6037
-69.6045
-69.6052
-69.606
-69.6068
-69.6075
-69.6083
-69.609
-69.6098
-69.6106
-69.6113
-69.6121
-69.6128
-69.6136
-69.6143
-69.6151
-69.6158
-69.6165
-69.6173
-69.618
-69.6188
-69.6195
-69.6202
-69.6209
-69.6217
-69.6224
-69.6231
-69.6239
-69.6246
-69.6253
-69.626
-69.6267
-69.6275
-69.6282
-69.6289
-69.6296
-69.6303
-69.631
-69.6317
-69.6324
-69.6331
-69.6338
-69.6345
-69.6352
-69.6359
-69.6366
-69.6373
-69.638
-69.6387
-69.6394
-69.6401
-69.6408
-69.6414
-69.6421
-69.6428
-69.6435
-69.6442
-69.6448
-69.6455
-69.6462
-69.6469
-69.6475
-69.6482
-69.6489
-69.6495
-69.6502
-69.6509
-69.6515
-69.6522
-69.6528
-69.6535
-69.6541
-69.6548
-69.6554
-69.6561
-69.6567
-69.6574
-69.658
-69.6587
-69.6593
-69.66
-69.6606
-69.6612
-69.6619
-69.6625
-69.6632
-69.6638
-69.6644
-69.665
-69.6657
-69.6663
-69.6669
-69.6675
-69.6682
-69.6688
-69.6694
-69.67
-69.6706
-69.6713
-69.6719
-69.6725
-69.6731
-69.6737
-69.6743
-69.6749
-69.6755
-69.6761
-69.6767
-69.6773
-69.6779
-69.6785
-69.6791
-69.6797
-69.6803
-69.6809
-69.6815
-69.6821
-69.6827
-69.6833
-69.6838
-69.6844
-69.685
-69.6856
-69.6862
-69.6868
-69.6873
-69.6879
-69.6885
-69.6891
-69.6896
-69.6902
-69.6908
-69.6913
-69.6919
-69.6925
-69.693
-69.6936
-69.6942
-69.6947
-69.6953
-69.6958
-69.6964
-69.6969
-69.6975
-69.698
-69.6986
-69.6992
-69.6997
-69.7002
-69.7008
-69.7013
-69.7019
-69.7024
-69.703
-69.7035
-69.704
-69.7046
-69.7051
-69.7057
-69.7062
-69.7067
-69.7072
-69.7078
-69.7083
-69.7088
-69.7094
-69.7099
-69.7104
-69.7109
-69.7115
-69.712
-69.7125
-69.713
-69.7135
-69.714
-69.7146
-69.7151
-69.7156
-69.7161
-69.7166
-69.7171
-69.7176
-69.7181
-69.7186
-69.7191
-69.7196
-69.7201
-69.7206
-69.7211
-69.7216
-69.7221
-69.7226
-69.7231
-69.7236
-69.7241
-69.7246
-69.7251
-69.7256
-69.7261
-69.7265
-69.727
-69.7275
-69.728
-69.7285
-69.729
-69.7294
-69.7299
-69.7304
-69.7309
-69.7313
-69.7318
-69.7323
-69.7328
-69.7332
-69.7337
-69.7342
-69.7346
-69.7351
-69.7356
-69.736
-69.7365
-69.737
-69.7374
-69.7379
-69.7383
-69.7388
-69.7392
-69.7397
-69.7402
-69.7406
-69.7411
-69.7415
-69.742
-69.7424
-69.7429
-69.7433
-69.7438
-69.7442
-69.7446
-69.7451
-69.7455
-69.746
-69.7464
-69.7468
-69.7473
-69.7477
-69.7482
-69.7486
-69.749
-69.7495
-69.7499
-69.7503
-69.7508
-69.7512
-69.7516
-69.752
-69.7525
-69.7529
-69.7533
-69.7537
-69.7542
-69.7546
-69.755
-69.7554
-69.7558
-69.7563
-69.7567
-69.7571
-69.7575
-69.7579
-69.7583
-69.7587
-69.7591
-69.7596
-69.76
-69.7604
-69.7608
-69.7612
-69.7616
-69.762
-69.7624
-69.7628
-69.7632
-69.7636
-69.764
-69.7644
-69.7648
-69.7652
-69.7656
-69.766
-69.7664
-69.7668
-69.7672
-69.7676
-69.7679
-69.7683
-69.7687
-69.7691
-69.7695
-69.7699
-69.7703
-69.7707
-69.771
-69.7714
-69.7718
-69.7722
-69.7726
-69.7729
-69.7733
-69.7737
-69.7741
-69.7744
-69.7748
-69.7752
-69.7756
-69.7759
-69.7763
-69.7767
-69.7771
-69.7774
-69.7778
-69.7782
-69.7785
-69.7789
-69.7792
-69.7796
-69.78
-69.7803
-69.7807
-69.7811
-69.7814
-69.7818
-69.7821
-69.7825
-69.7828
-69.7832
-69.7836
-69.7839
-69.7843
-69.7846
-69.785
-69.7853
-69.7857
-69.786
-69.7864
-69.7867
-69.7871
-69.7874
-69.7878
-69.7881
-69.7884
-69.7888
-69.7891
-69.7895
-69.7898
-69.7901
-69.7905
-69.7908
-69.7912
-69.7915
-69.7918
-69.7922
-69.7925
-69.7928
-69.7932
-69.7935
-69.7938
-69.7942
-69.7945
-69.7948
-69.7951
-69.7955
-69.7958
-69.7961
-69.7965
-69.7968
-69.7971
-69.7974
-69.7978
-69.7981
-69.7984
-69.7987
-69.799
-69.7994
-69.7997
-69.8
-69.8003
-69.8006
-69.8009
-69.8013
-69.8016
-69.8019
-69.8022
-69.8025
-69.8028
-69.8031
-69.8034
-69.8037
-69.8041
-69.8044
-69.8047
-69.805
-69.8053
-69.8056
-69.8059
-69.8062
-69.8065
-69.8068
-69.8071
-69.8074
-69.8077
-69.808
-69.8083
-69.8086
-69.8089
-69.8092
-69.8095
-69.8098
-69.8101
-69.8104
-69.8107
-69.811
-69.8113
-69.8115
-69.8118
-69.8121
-69.8124
-69.8127
-69.813
-69.8133
-69.8136
-69.8139
-69.8141
-69.8144
-69.8147
-69.815
-69.8153
-69.8156
-69.8158
-69.8161
-69.8164
-69.8167
-69.817
-69.8172
-69.8175
-69.8178
-69.8181
-69.8184
-69.8186
-69.8189
-69.8192
-69.8195
-69.8197
-69.82
-69.8203
-69.8206
-69.8208
-69.8211
-69.8214
-69.8216
-69.8219
-69.8222
-69.8224
-69.8227
-69.823
-69.8232
-69.8235
-69.8238
-69.824
-69.8243
-69.8246
-69.8248
-69.8251
-69.8254
-69.8256
-69.8259
-69.8261
-69.8264
-69.8267
-69.8269
-69.8272
-69.8274
-69.8277
-69.8279
-69.8282
-69.8284
-69.8287
-69.829
-69.8292
-69.8295
-69.8297
-69.83
-69.8302
-69.8305
-69.8307
-69.831
-69.8312
-69.8315
-69.8317
-69.832
-69.8322
-69.8325
-69.8327
-69.8329
-69.8332
-69.8334
-69.8337
-69.8339
-69.8342
-69.8344
-69.8347
-69.8349
-69.8351
-69.8354
-69.8356
-69.8359
-69.8361
-69.8363
-69.8366
-69.8368
-69.837
-69.8373
-69.8375
-69.8377
-69.838
-69.8382
-69.8385
-69.8387
-69.8389
-69.8391
-69.8394
-69.8396
-69.8398
-69.8401
-69.8403
-69.8405
-69.8408
-69.841
-69.8412
-69.8414
-69.8417
-69.8419
-69.8421
-69.8424
-69.8426
-69.8428
-69.843
-69.8433
-69.8435
-69.8437
-69.8439
-69.8441
-69.8444
-69.8446
-69.8448
-69.845
-69.8452
-69.8455
-69.8457
-69.8459
-69.8461
-69.8463
-69.8466
-69.8468
-69.847
-69.8472
-69.8474
-69.8476
-69.8478
-69.8481
-69.8483
-69.8485
-69.8487
-69.8489
-69.8491
-69.8493
-69.8495
-69.8498
-69.85
-69.8502
-69.8504
-69.8506
-69.8508
-69.851
-69.8512
-69.8514
-69.8516
-69.8518
-69.852
-69.8522
-69.8525
-69.8527
-69.8529
-69.8531
-69.8533
-69.8535
-69.8537
-69.8539
-69.8541
-69.8543
-69.8545
-69.8547
-69.8549
-69.8551
-69.8553
-69.8555
-69.8557
-69.8559
-69.8561
-69.8563
-69.8565
-69.8567
-69.8569
-69.8571
-69.8573
-69.8574
-69.8576
-69.8578
-69.858
-69.8582
-69.8584
-69.8586
-69.8588
-69.859
-69.8592
-69.8594
-69.8596
-69.8598
-69.8599
-69.8601
-69.8603
-69.8605
-69.8607
-69.8609
-69.8611
-69.8613
-69.8615
-69.8616
-69.8618
-69.862
-69.8622
-69.8624
-69.8626
-69.8628
-69.8629
-69.8631
-69.8633
-69.8635
-69.8637
-69.8639
-69.864
-69.8642
-69.8644
-69.8646
-69.8648
-69.8649
-69.8651
-69.8653
-69.8655
-69.8657
-69.8658
-69.866
-69.8662
-69.8664
-69.8665
-69.8667
-69.8669
-69.8671
-69.8673
-69.8674
-69.8676
-69.8678
-69.868
-69.8681
-69.8683
-69.8685
-69.8687
-69.8688
-69.869
-69.8692
-69.8693
-69.8695
-69.8697
-69.8699
-69.87
-69.8702
-69.8704
-69.8705
-69.8707
-69.8709
-69.871
-69.8712
-69.8714
-69.8715
-69.8717
-69.8719
-69.872
-69.8722
-69.8724
-69.8725
-69.8727
-69.8729
-69.873
-69.8732
-69.8734
-69.8735
-69.8737
-69.8739
-69.874
-69.8742
-69.8744
-69.8745
-69.8747
-69.8748
-69.875
-69.8752
-69.8753
-69.8755
-69.8756
-69.8758
-69.876
-69.8761
-69.8763
-69.8764
-69.8766
-69.8768
-69.8769
-69.8771
-69.8772
-69.8774
-69.8775
-69.8777
-69.8779
-69.878
-69.8782
-69.8783
-69.8785
-69.8786
-69.8788
-69.8789
-69.8791
-69.8793
-69.8794
-69.8796
-69.8797
-69.8799
-69.88
-69.8802
-69.8803
-69.8805
-69.8806
-69.8808
-69.8809
-69.8811
-69.8812
-69.8814
-69.8815
-69.8817
-69.8818
-69.882
-69.8821
-69.8823
-69.8824
-69.8826
-69.8827
-69.8829
-69.883
-69.8832
-69.8833
-69.8834
-69.8836
-69.8837
-69.8839
-69.884
-69.8842
-69.8843
-69.8845
-69.8846
-69.8848
-69.8849
-69.885
-69.8852
-69.8853
-69.8855
-69.8856
-69.8858
-69.8859
-69.886
-69.8862
-69.8863
-69.8865
-69.8866
-69.8867
-69.8869
-69.887
-69.8872
-69.8873
-69.8874
-69.8876
-69.8877
-69.8879
-69.888
-69.8881
-69.8883
-69.8884
-69.8886
-69.8887
-69.8888
-69.889
-69.8891
-69.8892
-69.8894
-69.8895
-69.8896
-69.8898
-69.8899
-69.89
-69.8902
-69.8903
-69.8905
-69.8906
-69.8907
-69.8909
-69.891
-69.8911
-69.8913
-69.8914
-69.8915
-69.8917
-69.8918
-69.8919
-69.892
-69.8922
-69.8923
-69.8924
-69.8926
-69.8927
-69.8928
-69.893
-69.8931
-69.8932
-69.8934
-69.8935
-69.8936
-69.8937
-69.8939
-69.894
-69.8941
-69.8943
-69.8944
-69.8945
-69.8946
-69.8948
-69.8949
-69.895
-69.8951
-69.8953
-69.8954
-69.8955
-69.8956
-69.8958
-69.8959
-69.896
-69.8962
-69.8963
-69.8964
-69.8965
-69.8966
-69.8968
-69.8969
-69.897
-69.8971
-69.8973
-69.8974
-69.8975
-69.8976
-69.8978
-69.8979
-69.898
-69.8981
-69.8982
-69.8984
-69.8985
-69.8986
-69.8987
-69.8989
-69.899
-69.8991
-69.8992
-69.8993
-69.8995
-69.8996
-69.8997
-69.8998
-69.8999
-69.9
-69.9002
-69.9003
-69.9004
-69.9005
-69.9006
-69.9008
-69.9009
-69.901
-69.9011
-69.9012
-69.9013
-69.9015
-69.9016
-69.9017
-69.9018
-69.9019
-69.902
-69.9022
-69.9023
-69.9024
-69.9025
-69.9026
-69.9027
-69.9028
-69.903
-69.9031
-69.9032
-69.9033
-69.9034
-69.9035
-69.9036
-69.9038
-69.9039
-69.904
-69.9041
-69.9042
-69.9043
-69.9044
-69.9045
-69.9047
-69.9048
-69.9049
-69.905
-69.9051
-69.9052
-69.9053
-69.9054
-69.9055
-69.9057
-69.9058
-69.9059
-69.906
-69.9061
-69.9062
-69.9063
-69.9064
-69.9065
-69.9066
-69.9067
-69.9069
-69.907
-69.9071
-69.9072
-69.9073
-69.9074
-69.9075
-69.9076
-69.9077
-69.9078
-69.9079
-69.908
-69.9081
-69.9083
-69.9084
-69.9085
-69.9086
-69.9087
-69.9088
-69.9089
-69.909
-69.9091
-69.9092
-69.9093
-69.9094
-69.9095
-69.9096
-69.9097
-69.9098
-69.9099
-69.91
-69.9101

