-70
-70.0002
-70.0003
-69.9993
-69.9963
-69.9905
-69.9821
-69.9713
-69.9582
-69.9435
-69.9272
-69.9098
-69.8916
-69.8726
-69.8531
-69.8333
-69.8132
-69.793
-69.7727
-69.7524
-69.7322
-69.712
-69.692
-69.6721
-69.6524
-69.6329
-69.6137
-69.5947
-69.576
-69.5576
-69.5393
-69.5212
-69.5033
-69.4856
-69.468
-69.4506
-69.4334
-69.4164
-69.3995
-69.3828
-69.3664
-69.3503
-69.3343
-69.3185
-69.3028
-69.2872
-69.2718
-69.2564
-69.2412
-69.226
-69.211
-69.1961
-69.1814
-69.1669
-69.1526
-69.1384
-69.1243
-69.1103
-69.0963
-69.0824
-69.0686
-69.0549
-69.0413
-69.0277
-69.0142
-69.0008
-68.9877
-68.9746
-68.9617
-68.9489
-68.9361
-68.9233
-68.9106
-68.8979
-68.8853
-68.8727
-68.8602
-68.8478
-68.8355
-68.8233
-68.8113
-68.7993
-68.7874
-68.7755
-68.7637
-68.7519
-68.7401
-68.7284
-68.7167
-68.7051
-68.6935
-68.6819
-68.6704
-68.659
-68.6476
-68.6362
-68.6249
-68.6137
-68.6025
-68.5914
-68.5803
-68.5693
-68.5583
-68.543
-68.5187
-68.4829
-68.4345
-68.3723
-68.2911
-68.1853
-68.0506
-67.8748
-67.6516
-67.4048
-67.1652
-66.9537
-66.7793
-66.6426
-66.5398
-66.4663
-66.4168
-66.3847
-66.3632
-66.3468
-66.3315
-66.3147
-66.2952
-66.2723
-66.2459
-66.2162
-66.1836
-66.1486
-66.1115
-66.0727
-66.0329
-65.9922
-65.951
-65.9097
-65.8684
-65.8274
-65.7868
-65.7467
-65.7073
-65.6686
-65.6307
-65.5937
-65.5575
-65.5222
-65.4878
-65.4542
-65.4215
-65.3895
-65.3583
-65.3278
-65.2981
-65.2689
-65.2404
-65.2125
-65.1851
-65.1582
-65.1318
-65.1058
-65.0803
-65.0551
-65.0303
-65.0058
-64.9816
-64.9577
-64.9341
-64.9106
-64.8874
-64.8644
-64.8415
-64.8189
-64.7963
-64.7739
-64.7516
-64.7295
-64.7074
-64.6854
-64.6636
-64.6418
-64.6201
-64.5985
-64.577
-64.5556
-64.5343
-64.5131
-64.492
-64.4711
-64.4502
-64.4295
-64.4089
-64.3885
-64.3682
-64.3481
-64.3281
-64.3083
-64.2887
-64.2692
-64.25
-64.2309
-64.212
-64.1933
-64.1749
-64.1566
-64.1384
-64.1205
-64.1028
-64.0852
-64.0679
-64.0507
-64.0337
-64.0168
-64.0002
-63.9837
-63.9673
-63.9511
-63.9351
-63.9191
-63.9034
-63.8878
-63.8723
-63.8569
-63.8417
-63.8266
-63.8117
-63.7968
-63.7821
-63.7675
-63.753
-63.7387
-63.7244
-63.7103
-63.6963
-63.6825
-63.6687
-63.6551
-63.6415
-63.6281
-63.6149
-63.6017
-63.5887
-63.5757
-63.5629
-63.5503
-63.5377
-63.5253
-63.5129
-63.5007
-63.4886
-63.4767
-63.4648
-63.4531
-63.4414
-63.4299
-63.4185
-63.4072
-63.3961
-63.385
-63.374
-63.3632
-63.3524
-63.3417
-63.3312
-63.3207
-63.3104
-63.3001
-63.29
-63.2799
-63.2699
-63.2601
-63.2503
-63.2406
-63.231
-63.2215
-63.2121
-63.2028
-63.1935
-63.1844
-63.1753
-63.1663
-63.1574
-63.1486
-63.1399
-63.1313
-63.1227
-63.1143
-63.1059
-63.0976
-63.0893
-63.0812
-63.0731
-63.0652
-63.0573
-63.0495
-63.0417
-63.0341
-63.0265
-63.019
-63.0115
-63.0042
-62.9969
-62.9897
-62.9826
-62.9755
-62.9686
-62.9617
-62.9548
-62.9481
-62.9414
-62.9348
-62.9282
-62.9217
-62.9153
-62.909
-62.9027
-62.8965
-62.8903
-62.8843
-62.8783
-62.8723
-62.8664
-62.8606
-62.8549
-62.8492
-62.8435
-62.838
-62.8325
-62.827
-62.8216
-62.8164
-62.8112
-62.8062
-62.8013
-62.7965
-62.7917
-62.787
-62.7823
-62.7776
-62.773
-62.7684
-62.7638
-62.7593
-62.7548
-62.7505
-62.7462
-62.742
-62.7378
-62.7337
-62.7296
-62.7255
-62.7214
-62.7174
-62.7134
-62.7093
-62.7054
-62.7014
-62.6976
-62.6939
-62.6902
-62.6866
-62.683
-62.6794
-62.6759
-62.6724
-62.6689
-62.6655
-62.662
-62.6586
-62.6553
-62.6521
-62.649
-62.6459
-62.6429
-62.64
-62.637
-62.6341
-62.6312
-62.6284
-62.6256
-62.6228
-62.62
-62.6173
-62.6147
-62.6122
-62.6097
-62.6073
-62.6049
-62.6026
-62.6003
-62.598
-62.5957
-62.5934
-62.5911
-62.5889
-62.5867
-62.5846
-62.5826
-62.5807
-62.5788
-62.5769
-62.575
-62.5732
-62.5713
-62.5695
-62.5677
-62.5659
-62.5641
-62.5624
-62.5607
-62.5592
-62.5577
-62.5562
-62.5548
-62.5533
-62.5519
-62.5505
-62.5491
-62.5478
-62.5464
-62.545
-62.5437
-62.5425
-62.5414
-62.5403
-62.5393
-62.5383
-62.5373
-62.5363
-62.5353
-62.5343
-62.5333
-62.5324
-62.5314
-62.5305
-62.5297
-62.529
-62.5283
-62.5277
-62.527
-62.5264
-62.5258
-62.5252
-62.5246
-62.524
-62.5234
-62.5228
-62.5222
-62.5218
-62.5214
-62.5211
-62.5208
-62.5205
-62.5202
-62.52
-62.5197
-62.5194
-62.5192
-62.5189
-62.5186
-62.5184
-62.5183
-62.5183
-62.5183
-62.5183
-62.5183
-62.5183
-62.5184
-62.5184
-62.5185
-62.5185
-62.5185
-62.5186
-62.5187
-62.5189
-62.5191
-62.5194
-62.5197
-62.52
-62.5204
-62.5207
-62.521
-62.5213
-62.5216
-62.522
-62.5223
-62.5226
-62.5231
-62.5236
-62.5242
-62.5248
-62.5253
-62.5259
-62.5265
-62.5271
-62.5277
-62.5283
-62.5288
-62.5294
-62.53
-62.5307
-62.5315
-62.5323
-62.5331
-62.534
-62.5348
-62.5356
-62.5364
-62.5372
-62.538
-62.5388
-62.5397
-62.5405
-62.5414
-62.5424
-62.5435
-62.5445
-62.5455
-62.5466
-62.5476
-62.5487
-62.5497
-62.5507
-62.5517
-62.5527
-62.5538
-62.5549
-62.5561
-62.5574
-62.5586
-62.5599
-62.5611
-62.5624
-62.5636
-62.5648
-62.566
-62.5672
-62.5684
-62.5697
-62.571
-62.5724
-62.5738
-62.5753
-62.5767
-62.5781
-62.5795
-62.5809
-62.5823
-62.5837
-62.5851
-62.5865
-62.5879
-62.5894
-62.591
-62.5926
-62.5942
-62.5958
-62.5974
-62.599
-62.6005
-62.6021
-62.6036
-62.6052
-62.6067
-62.6083
-62.61
-62.6117
-62.6134
-62.6152
-62.617
-62.6187
-62.6204
-62.6222
-62.6239
-62.6256
-62.6273
-62.629
-62.6307
-62.6325
-62.6343
-62.6362
-62.6381
-62.64
-62.6419
-62.6438
-62.6457
-62.6475
-62.6493
-62.6512
-62.653
-62.6549
-62.6568
-62.6588
-62.6608
-62.6628
-62.6649
-62.6669
-62.6689
-62.6709
-62.6729
-62.6748
-62.6768
-62.6787
-62.6807
-62.6828
-62.6849
-62.687
-62.6892
-62.6913
-62.6935
-62.6956
-62.6977
-62.6998
-62.7019
-62.7039
-62.706
-62.7081
-62.7103
-62.7125
-62.7148
-62.717
-62.7193
-62.7215
-62.7238
-62.726
-62.7282
-62.7304
-62.7325
-62.7347
-62.7369
-62.7392
-62.7415
-62.7439
-62.7463
-62.7486
-62.751
-62.7533
-62.7556
-62.7579
-62.7602
-62.7625
-62.7648
-62.7671
-62.7694
-62.7719
-62.7744
-62.7768
-62.7793
-62.7817
-62.7841
-62.7866
-62.789
-62.7913
-62.7937
-62.7961
-62.7985
-62.8009
-62.8035
-62.806
-62.8086
-62.8111
-62.8137
-62.8162
-62.8187
-62.8212
-62.8236
-62.8261
-62.8285
-62.831
-62.8336
-62.8362
-62.8388
-62.8415
-62.8441
-62.8467
-62.8493
-62.8519
-62.8545
-62.857
-62.8596
-62.8621
-62.8647
-62.8673
-62.87
-62.8727
-62.8754
-62.8781
-62.8808
-62.8835
-62.8862
-62.8888
-62.8914
-62.894
-62.8966
-62.8993
-62.902
-62.9048
-62.9076
-62.9104
-62.9131
-62.9159
-62.9186
-62.9214
-62.9241
-62.9268
-62.9294
-62.9321
-62.9348
-62.9376
-62.9404
-62.9433
-62.9462
-62.949
-62.9518
-62.9546
-62.9574
-62.9602
-62.9629
-62.9657
-62.9684
-62.9712
-62.974
-62.9769
-62.9798
-62.9827
-62.9856
-62.9885
-62.9914
-62.9942
-62.997
-62.9998
-63.0026
-63.0054
-63.0082
-63.0111
-63.0141
-63.017
-63.02
-63.0229
-63.0259
-63.0288
-63.0316
-63.0345
-63.0373
-63.0402
-63.043
-63.0458
-63.0488
-63.0518
-63.0548
-63.0578
-63.0607
-63.0637
-63.0666
-63.0695
-63.0724
-63.0753
-63.0782
-63.081
-63.0839
-63.0869
-63.0899
-63.0929
-63.0959
-63.0989
-63.1019
-63.1049
-63.1078
-63.1107
-63.1136
-63.1165
-63.1193
-63.1223
-63.1252
-63.1283
-63.1313
-63.1343
-63.1374
-63.1404
-63.1433
-63.1463
-63.1492
-63.1521
-63.155
-63.1578
-63.1607
-63.1637
-63.1668
-63.1698
-63.1729
-63.1759
-63.1789
-63.1818
-63.1848
-63.1877
-63.1906
-63.1935
-63.1963
-63.1992
-63.2022
-63.2052
-63.2083
-63.2113
-63.2143
-63.2173
-63.2203
-63.2232
-63.2261
-63.229
-63.2318
-63.2347
-63.2376
-63.2405
-63.2435
-63.2466
-63.2496
-63.2526
-63.2555
-63.2585
-63.2614
-63.2642
-63.2671
-63.2699
-63.2728
-63.2756
-63.2786
-63.2815
-63.2845
-63.2875
-63.2905
-63.2934
-63.2963
-63.2992
-63.302
-63.3049
-63.3077
-63.3105
-63.3133
-63.3162
-63.3191
-63.3221
-63.325
-63.328
-63.3309
-63.3337
-63.3365
-63.3394
-63.3421
-63.3449
-63.3477
-63.3504
-63.3533
-63.3562
-63.3591
-63.362
-63.3649
-63.3678
-63.3706
-63.3734
-63.3761
-63.3789
-63.3816
-63.3843
-63.387
-63.3898
-63.3927
-63.3955
-63.3984
-63.4012
-63.404
-63.4068
-63.4095
-63.4122
-63.4149
-63.4176
-63.4202
-63.4229
-63.4257
-63.4285
-63.4313
-63.4341
-63.4369
-63.4396
-63.4423
-63.445
-63.4477
-63.4503
-63.4529
-63.4555
-63.4581
-63.4608
-63.4636
-63.4663
-63.4691
-63.4718
-63.4745
-63.4771
-63.4798
-63.4824
-63.4849
-63.4875
-63.49
-63.4926
-63.4952
-63.4979
-63.5006
-63.5033
-63.506
-63.5086
-63.5112
-63.5137
-63.5163
-63.5188
-63.5213
-63.5238
-63.5263
-63.5288
-63.5315
-63.5341
-63.5368
-63.5394
-63.5419
-63.5444
-63.5469
-63.5494
-63.5519
-63.5543
-63.5567
-63.5592
-63.5617
-63.5643
-63.5668
-63.5694
-63.572
-63.5745
-63.5769
-63.5794
-63.5818
-63.5842
-63.5865
-63.5889
-63.5913
-63.5937
-63.5963
-63.5988
-63.6013
-63.6038
-63.6062
-63.6086
-63.611
-63.6133
-63.6157
-63.618
-63.6203
-63.6226
-63.625
-63.6275
-63.6299
-63.6324
-63.6348
-63.6372
-63.6395
-63.6418
-63.6441
-63.6464
-63.6486
-63.6509
-63.6531
-63.6555
-63.6579
-63.6603
-63.6627
-63.665
-63.6673
-63.6696
-63.6719
-63.6741
-63.6763
-63.6785
-63.6807
-63.6829
-63.6852
-63.6875
-63.6899
-63.6922
-63.6945
-63.6968
-63.699
-63.7012
-63.7034
-63.7055
-63.7076
-63.7098
-63.7119
-63.7141
-63.7164
-63.7187
-63.721
-63.7232
-63.7254
-63.7276
-63.7297
-63.7319
-63.734
-63.736
-63.7381
-63.7402
-63.7424
-63.7446
-63.7468
-63.749
-63.7512
-63.7534
-63.7555
-63.7576
-63.7596
-63.7617
-63.7637
-63.7657
-63.7677
-63.7699
-63.772
-63.7742
-63.7764
-63.7785
-63.7806
-63.7827
-63.7847
-63.7867
-63.7887
-63.7907
-63.7926
-63.7946
-63.7967
-63.7988
-63.8009
-63.803
-63.8051
-63.8071
-63.8091
-63.8111
-63.8131
-63.815
-63.8169
-63.8188
-63.8208
-63.8228
-63.8248
-63.8269
-63.829
-63.831
-63.833
-63.835
-63.8369
-63.8388
-63.8407
-63.8425
-63.8444
-63.8463
-63.8482
-63.8503
-63.8523
-63.8543
-63.8563
-63.8582
-63.8601
-63.862
-63.8639
-63.8657
-63.8675
-63.8693
-63.8712
-63.8731
-63.8751
-63.877
-63.879
-63.8809
-63.8828
-63.8847
-63.8865
-63.8883
-63.8901
-63.8919
-63.8937
-63.8954
-63.8973
-63.8992
-63.9012
-63.9031
-63.905
-63.9068
-63.9086
-63.9104
-63.9122
-63.9139
-63.9157
-63.9174
-63.9191
-63.921
-63.9228
-63.9247
-63.9266
-63.9284
-63.9302
-63.932
-63.9338
-63.9355
-63.9372
-63.9389
-63.9405
-63.9422
-63.944
-63.9459
-63.9477
-63.9495
-63.9513
-63.9531
-63.9548
-63.9566
-63.9582
-63.9599
-63.9615
-63.9632
-63.9648
-63.9666
-63.9684
-63.9702
-63.972
-63.9737
-63.9754
-63.9771
-63.9788
-63.9804
-63.9821
-63.9837
-63.9852
-63.9869
-63.9886
-63.9903
-63.9921
-63.9938
-63.9956
-63.9973
-63.9989
-64.0005
-64.0021
-64.0037
-64.0053
-64.0068
-64.0084
-64.0101
-64.0118
-64.0135
-64.0152
-64.0169
-64.0186
-64.0202
-64.0218
-64.0233
-64.0249
-64.0264
-64.0279
-64.0295
-64.0311
-64.0328
-64.0345
-64.0362
-64.0378
-64.0394
-64.041
-64.0426
-64.0441
-64.0456
-64.0471
-64.0486
-64.0501
-64.0517
-64.0533
-64.055
-64.0566
-64.0582
-64.0598
-64.0614
-64.0629
-64.0644
-64.0658
-64.0673
-64.0687
-64.0702
-64.0718
-64.0734
-64.075
-64.0766
-64.0782
-64.0798
-64.0813
-64.0828
-64.0842
-64.0857
-64.0871
-64.0885
-64.09
-64.0915
-64.0931
-64.0947
-64.0962
-64.0978
-64.0993
-64.1008
-64.1022
-64.1037
-64.1051
-64.1065
-64.1078
-64.1093
-64.1108
-64.1123
-64.1139
-64.1154
-64.1169
-64.1184
-64.1199
-64.1213
-64.1227
-64.1241
-64.1255
-64.1268
-64.1282
-64.1297
-64.1312
-64.1327
-64.1342
-64.1357
-64.1372
-64.1386
-64.14
-64.1414
-64.1427
-64.1441
-64.1454
-64.1467
-64.1482
-64.1497
-64.1512
-64.1527
-64.1541
-64.1556
-64.157
-64.1583
-64.1597
-64.161
-64.1623
-64.1636
-64.1649
-64.1663
-64.1678
-64.1693
-64.1708
-64.1722
-64.1736
-64.175
-64.1763
-64.1776
-64.1789
-64.1802
-64.1815
-64.1828
-64.1842
-64.1856
-64.1871
-64.1885
-64.1899
-64.1913
-64.1926
-64.1939
-64.1952
-64.1965
-64.1978
-64.199
-64.2003
-64.2017
-64.2031
-64.2045
-64.2059
-64.2073
-64.2087
-64.21
-64.2113
-64.2125
-64.2138
-64.215
-64.2162
-64.2174
-64.2186
-64.2198
-64.221
-64.2222
-64.2234
-64.2245
-64.2257
-64.2269
-64.228
-64.2292
-64.2304
-64.2315
-64.2327
-64.2338
-64.235
-64.2362
-64.2373
-64.2385
-64.2396
-64.2408
-64.242
-64.2431
-64.2443
-64.2455
-64.2466
-64.2478
-64.2489
-64.2501
-64.2513
-64.2524
-64.2536
-64.2548
-64.2559
-64.2571
-64.2582
-64.2594
-64.2606
-64.2617
-64.2629
-64.2641
-64.2652
-64.2664
-64.2675
-64.2687
-64.2699
-64.271
-64.2722
-64.2733
-64.2745
-64.2756
-64.2768
-64.2779
-64.2791
-64.2803
-64.2814
-64.2826
-64.2837
-64.2849
-64.286
-64.2872
-64.2883
-64.2895
-64.2906
-64.2918
-64.2929
-64.294
-64.2952
-64.2963
-64.2975
-64.2986
-64.2998
-64.3009
-64.302
-64.3032
-64.3043
-64.3054
-64.3066
-64.3077
-64.3088
-64.31
-64.3111
-64.3122
-64.3134
-64.3145
-64.3156
-64.3167
-64.3179
-64.319
-64.3201
-64.3212
-64.3224
-64.3235
-64.3246
-64.3257
-64.3268
-64.328
-64.3291
-64.3302
-64.3313
-64.3324
-64.3335
-64.3346
-64.3357
-64.3368
-64.338
-64.3391
-64.3402
-64.3413
-64.3424
-64.3435
-64.3446
-64.3457
-64.3468
-64.3479
-64.349
-64.3501
-64.3512
-64.3523
-64.3534
-64.3545
-64.3555
-64.3566
-64.3577
-64.3588
-64.3599
-64.361
-64.3621
-64.3632
-64.3643
-64.3653
-64.3664
-64.3675
-64.3686
-64.3697
-64.3707
-64.3718
-64.3729
-64.374
-64.375
-64.3761
-64.3772
-64.3783
-64.3793
-64.3804
-64.3815
-64.3825
-64.3836
-64.3847
-64.3858
-64.3868
-64.3879
-64.3889
-64.39
-64.3911
-64.3921
-64.3932
-64.3942
-64.3953
-64.3964
-64.3974
-64.3985
-64.3995
-64.4006
-64.4016
-64.4027
-64.4037
-64.4048
-64.4058
-64.4069
-64.4079
-64.409
-64.41
-64.4111
-64.4121
-64.4132
-64.4142
-64.4153
-64.4163
-64.4173
-64.4184
-64.4194
-64.4205
-64.4215
-64.4225
-64.4236
-64.4246
-64.4256
-64.4267
-64.4277
-64.4287
-64.4298
-64.4308
-64.4318
-64.4328
-64.4339
-64.4349
-64.4359
-64.437
-64.438
-64.439
-64.44
-64.4411
-64.4421
-64.4431
-64.4441
-64.4451
-64.4462
-64.4472
-64.4482
-64.4492
-64.4502
-64.4512
-64.4523
-64.4533
-64.4543
-64.4553
-64.4563
-64.4573
-64.4583
-64.4593
-64.4603
-64.4613
-64.4624
-64.4634
-64.4644
-64.4654
-64.4664
-64.4674
-64.4684
-64.4694
-64.4704
-64.4714
-64.4724
-64.4734
-64.4744
-64.4754
-64.4764
-64.4774
-64.4784
-64.4794
-64.4804
-64.4814
-64.4824
-64.4834
-64.4843
-64.4853
-64.4863
-64.4873
-64.4883
-64.4893
-64.4903
-64.4913
-64.4923
-64.4932
-64.4942
-64.4952
-64.4962
-64.4972
-64.4982
-64.4992
-64.5001
-64.5011
-64.5021
-64.5031
-64.5041
-64.505
-64.506
-64.507
-64.508
-64.509
-64.5099
-64.5109
-64.5119
-64.5129
-64.5138
-64.5148
-64.5158
-64.5167
-64.5177
-64.5187
-64.5197
-64.5206
-64.5216
-64.5226
-64.5235
-64.5245
-64.5255
-64.5264
-64.5274
-64.5284
-64.5293
-64.5303
-64.5313
-64.5322
-64.5332
-64.5342
-64.5351
-64.5361
-64.537
-64.538
-64.539
-64.5399
-64.5409
-64.5418
-64.5428
-64.5437
-64.5447
-64.5457
-64.5466
-64.5476
-64.5485
-64.5495
-64.5504
-64.5514
-64.5523
-64.5533
-64.5542
-64.5552
-64.5561
-64.5571
-64.558
-64.559
-64.5599
-64.5609
-64.5618
-64.5628
-64.5637
-64.5647
-64.5656
-64.5666
-64.5675
-64.5684
-64.5694
-64.5703
-64.5713
-64.5722
-64.5732
-64.5741
-64.575
-64.576
-64.5769
-64.5779
-64.5788
-64.5797
-64.5807
-64.5816
-64.5825
-64.5835
-64.5844
-64.5854
-64.5863
-64.5872
-64.5882
-64.5891
-64.59
-64.591
-64.5919
-64.5928
-64.5938
-64.5947
-64.5956
-64.5965
-64.5975
-64.5984
-64.5993
-64.6003
-64.6012
-64.6021
-64.603
-64.604
-64.6049
-64.6058
-64.6068
-64.6077
-64.6086
-64.6095
-64.6105
-64.6114
-64.6123
-64.6132
-64.6141
-64.6151
-64.616
-64.6169
-64.6178
-64.6188
-64.6197
-64.6206
-64.6215
-64.6224
-64.6233
-64.6243
-64.6252
-64.6261
-64.627
-64.6279
-64.6289
-64.6298
-64.6307
-64.6316
-64.6325
-64.6334
-64.6343
-64.6353
-64.6362
-64.6371
-64.638
-64.6389
-64.6398
-64.6407
-64.6416
-64.6426
-64.6435
-64.6444
-64.6453
-64.6462
-64.6471
-64.648
-64.6489
-64.6498
-64.6507
-64.6516
-64.6525
-64.6535
-64.6544
-64.6553
-64.6562
-64.6571
-64.658
-64.6589
-64.6598
-64.6607
-64.6616
-64.6625
-64.6634
-64.6643
-64.6652
-64.6661
-64.667
-64.6679
-64.6688
-64.6697
-64.6706
-64.6715
-64.6724
-64.6733
-64.6742
-64.6751
-64.676
-64.6769
-64.6778
-64.6787
-64.6796
-64.6805
-64.6814
-64.6823
-64.6832
-64.6841
-64.685
-64.6859
-64.6868
-64.6877
-64.6885
-64.6894
-64.6903
-64.6912
-64.6921
-64.693
-64.6939
-64.6948
-64.6957
-64.6966
-64.6975
-64.6984
-64.6992
-64.7001
-64.701
-64.7019
-64.7028
-64.7037
-64.7046
-64.7055
-64.7064
-64.7072
-64.7081
-64.709
-64.7099
-64.7108
-64.7117
-64.7126
-64.7134
-64.7143
-64.7152
-64.7161
-64.717
-64.7179
-64.7188
-64.7196
-64.7205
-64.7214
-64.7223
-64.7232
-64.7241
-64.7249
-64.7258
-64.7267
-64.7276
-64.7285
-64.7293
-64.7302
-64.7311
-64.732
-64.7329
-64.7337
-64.7346
-64.7355
-64.7364
-64.7373
-64.7381
-64.739
-64.7399
-64.7408
-64.7416
-64.7425
-64.7434
-64.7443
-64.7451
-64.746
-64.7469
-64.7478
-64.7486
-64.7495
-64.7504
-64.7513
-64.7521
-64.753
-64.7539
-64.7548
-64.7556
-64.7565
-64.7574
-64.7582
-64.7591
-64.76
-64.7609
-64.7617
-64.7626
-64.7635
-64.7643
-64.7652
-64.7661
-64.7669
-64.7678
-64.7687
-64.7696
-64.7704
-64.7713
-64.7722
-64.773
-64.7739
-64.7748
-64.7756
-64.7765
-64.7774
-64.7782
-64.7791
-64.78
-64.7808
-64.7817
-64.7826
-64.7834
-64.7843
-64.7851
-64.786
-64.7869
-64.7877
-64.7886
-64.7895
-64.7903
-64.7912
-64.7921
-64.7929
-64.7938
-64.7946
-64.7955
-64.7964
-64.7972
-64.7981
-64.7989
-64.7998
-64.8007
-64.8015
-64.8024
-64.8032
-64.8041
-64.805
-64.8058
-64.8067
-64.8075
-64.8084
-64.8092
-64.8101
-64.811
-64.8118
-64.8127
-64.8135
-64.8144
-64.8152
-64.8161
-64.817
-64.8178
-64.8187
-64.8195
-64.8204
-64.8212
-64.8221
-64.8229
-64.8238
-64.8246
-64.8255
-64.8264
-64.8272
-64.8281
-64.8289
-64.8298
-64.8306
-64.8315
-64.8323
-64.8332
-64.834
-64.8349
-64.8357
-64.8366
-64.8374
-64.8383
-64.8391
-64.84
-64.8408
-64.8417
-64.8425
-64.8434
-64.8442
-64.8451
-64.8459
-64.8468
-64.8476
-64.8485
-64.8493
-64.8502
-64.851
-64.8518
-64.8527
-64.8535
-64.8544
-64.8552
-64.8561
-64.8569
-64.8578
-64.8586
-64.8595
-64.8603
-64.8611
-64.862
-64.8628
-64.8637
-64.8645
-64.8654
-64.8662
-64.867
-64.8679
-64.8687
-64.8696
-64.8704
-64.8713
-64.8721
-64.8729
-64.8738
-64.8746
-64.8755
-64.8763
-64.8771
-64.878
-64.8788
-64.8797
-64.8805
-64.8813
-64.8822
-64.883
-64.8838
-64.8847
-64.8855
-64.8864
-64.8872
-64.888
-64.8889
-64.8897
-64.8905
-64.8914
-64.8922
-64.893
-64.8939
-64.8947
-64.8956
-64.8964
-64.8972
-64.8981
-64.8989
-64.8997
-64.9006
-64.9014
-64.9022
-64.9031
-64.9039
-64.9047
-64.9056
-64.9064
-64.9072
-64.9081
-64.9089
-64.9097
-64.9105
-64.9114
-64.9122
-64.913
-64.9139
-64.9147
-64.9155
-64.9164
-64.9172
-64.918
-64.9188
-64.9197
-64.9205
-64.9213
-64.9222
-64.923
-64.9238
-64.9246
-64.9255
-64.9263
-64.9271
-64.928
-64.9288
-64.9296
-64.9304
-64.9313
-64.9321
-64.9329
-64.9337
-64.9346
-64.9354
-64.9362
-64.937
-64.9379
-64.9387
-64.9395
-64.9403
-64.9411
-64.942
-64.9428
-64.9436
-64.9444
-64.9453
-64.9461
-64.9469
-64.9477
-64.9485
-64.9494
-64.9502
-64.951
-64.9518
-64.9526
-64.9535
-64.9543
-64.9551
-64.9559
-64.9567
-64.9576
-64.9584
-64.9592
-64.96
-64.9608
-64.9616
-64.9625
-64.9633
-64.9641
-64.9649
-64.9657
-64.9665
-64.9674
-64.9682
-64.969
-64.9698
-64.9706
-64.9714
-64.9722
-64.9731
-64.9739
-64.9747
-64.9755
-64.9763
-64.9771
-64.9779
-64.9788
-64.9796
-64.9804
-64.9812
-64.982
-64.9828
-64.9836
-64.9844
-64.9852
-64.9861
-64.9869
-64.9877
-64.9885
-64.9893
-64.9901
-64.9909
-64.9917
-64.9925
-64.9933
-64.9942
-64.995
-64.9958
-64.9966
-64.9974
-64.9982
-64.999
-64.9998
-65.0006
-65.0014
-65.0022
-65.003
-65.0038
-65.0046
-65.0054
-65.0062
-65.007
-65.0079
-65.0087
-65.0095
-65.0103
-65.0111
-65.0119
-65.0127
-65.0135
-65.0143
-65.0151
-65.0159
-65.0167
-65.0175
-65.0183
-65.0191
-65.0199
-65.0207
-65.0215
-65.0223
-65.0231
-65.0239
-65.0247
-65.0255
-65.0263
-65.0271
-65.0279
-65.0287
-65.0295
-65.0303
-65.0311
-65.0319
-65.0327
-65.0335
-65.0343
-65.035
-65.0358
-65.0366
-65.0374
-65.0382
-65.039
-65.0398
-65.0406
-65.0414
-65.0422
-65.043
-65.0438
-65.0446
-65.0454
-65.0462
-65.047
-65.0477
-65.0485
-65.0493
-65.0501
-65.0509
-65.0517
-65.0525
-65.0533
-65.0541
-65.0549
-65.0557
-65.0564
-65.0572
-65.058
-65.0588
-65.0596
-65.0604
-65.0612
-65.062
-65.0627
-65.0635
-65.0643
-65.0651
-65.0659
-65.0667
-65.0675
-65.0683
-65.069
-65.0698
-65.0706
-65.0714
-65.0722
-65.073
-65.0737
-65.0745
-65.0753
-65.0761
-65.0769
-65.0777
-65.0784
-65.0792
-65.08
-65.0808
-65.0816
-65.0823
-65.0831
-65.0839
-65.0847
-65.0855
-65.0862
-65.087
-65.0878
-65.0886
-65.0894
-65.0901
-65.0909
-65.0917
-65.0925
-65.0932
-65.094
-65.0948
-65.0956
-65.0964
-65.0971
-65.0979
-65.0987
-65.0995
-65.1002
-65.101
-65.1018
-65.1026
-65.1033
-65.1041
-65.1049
-65.1056
-65.1064
-65.1072
-65.108
-65.1087
-65.1095
-65.1103
-65.111
-65.1118
-65.1126
-65.1134
-65.1141
-65.1149
-65.1157
-65.1164
-65.1172
-65.118
-65.1187
-65.1195
-65.1203
-65.121
-65.1218
-65.1226
-65.1233
-65.1241
-65.1249
-65.1256
-65.1264
-65.1272
-65.1279
-65.1287
-65.1295
-65.1302
-65.131
-65.1318
-65.1325
-65.1333
-65.1341
-65.1348
-65.1356
-65.1363
-65.1371
-65.1379
-65.1386
-65.1394
-65.1401
-65.1409
-65.1417
-65.1424
-65.1432
-65.1439
-65.1447
-65.1455
-65.1462
-65.147
-65.1477
-65.1485
-65.1492
-65.15
-65.1508
-65.1515
-65.1523
-65.153
-65.1538
-65.1545
-65.1553
-65.1561
-65.1568
-65.1576
-65.1583
-65.1591
-65.1598
-65.1606
-65.1613
-65.1621
-65.1628
-65.1636
-65.1643
-65.1651
-65.1658
-65.1666
-65.1673
-65.1681
-65.1688
-65.1696
-65.1703
-65.1711
-65.1718
-65.1726
-65.1733
-65.1741
-65.1748
-65.1756
-65.1763
-65.1771
-65.1778
-65.1786
-65.1793
-65.1801
-65.1808
-65.1815
-65.1823
-65.183
-65.1838
-65.1845
-65.1853
-65.186
-65.1867
-65.1875
-65.1882
-65.189
-65.1897
-65.1905
-65.1912
-65.1919
-65.1927
-65.1934
-65.1942
-65.1949
-65.1956
-65.1964
-65.1971
-65.1979
-65.1986
-65.1993
-65.2001
-65.2008
-65.2015
-65.2023
-65.203
-65.2038
-65.2045
-65.2052
-65.206
-65.2067
-65.2074
-65.2082
-65.2089
-65.2096
-65.2104
-65.2111
-65.2118
-65.2126
-65.2133
-65.214
-65.2148
-65.2155
-65.2162
-65.217
-65.2177
-65.2184
-65.2191
-65.2199
-65.2206
-65.2213
-65.2221
-65.2228
-65.2235
-65.2243
-65.225
-65.2257
-65.2264
-65.2272
-65.2279
-65.2286
-65.2293
-65.2301
-65.2308
-65.2315
-65.2322
-65.233
-65.2337
-65.2344
-65.2351
-65.2359
-65.2366
-65.2373
-65.238
-65.2387
-65.2395
-65.2402
-65.2409
-65.2416
-65.2424
-65.2431
-65.2438
-65.2445
-65.2452
-65.2459
-65.2467
-65.2474
-65.2481
-65.2488
-65.2495
-65.2503
-65.251
-65.2517
-65.2524
-65.2531
-65.2538
-65.2546
-65.2553
-65.256
-65.2567
-65.2574
-65.2581
-65.2588
-65.2595
-65.2603
-65.261
-65.2617
-65.2624
-65.2631
-65.2638
-65.2645
-65.2652
-65.266
-65.2667
-65.2674
-65.2681
-65.2688
-65.2695
-65.2702
-65.2709
-65.2716
-65.2723
-65.273
-65.2737
-65.2745
-65.2752
-65.2759
-65.2766
-65.2773
-65.278
-65.2787
-65.2794
-65.2801
-65.2808
-65.2815
-65.2822
-65.2829
-65.2836
-65.2843
-65.285
-65.2857
-65.2864
-65.2871
-65.2878
-65.2885
-65.2892
-65.2899
-65.2906
-65.2913
-65.292
-65.2927
-65.2934
-65.2941
-65.2948
-65.2955
-65.2962
-65.2969
-65.2976
-65.2983
-65.299
-65.2997
-65.3004
-65.3011
-65.3018
-65.3025
-65.3032
-65.3038
-65.3045
-65.3052
-65.3059
-65.3066
-65.3073
-65.308
-65.3087
-65.3094
-65.3101
-65.3108
-65.3115
-65.3121
-65.3128
-65.3135
-65.3142
-65.3149
-65.3156
-65.3163
-65.317
-65.3177
-65.3183
-65.319
-65.3197
-65.3204
-65.3211
-65.3218
-65.3225
-65.3231
-65.3238
-65.3245
-65.3252
-65.3259
-65.3266
-65.3272
-65.3279
-65.3286
-65.3293
-65.33
-65.3307
-65.3313
-65.332
-65.3327
-65.3334
-65.3341
-65.3347
-65.3354
-65.3361
-65.3368
-65.3374
-65.3381
-65.3388
-65.3395
-65.3402
-65.3408
-65.3415
-65.3422
-65.3429
-65.3435
-65.3442
-65.3449
-65.3456
-65.3462
-65.3469
-65.3476
-65.3483
-65.3489
-65.3496
-65.3503
-65.3509
-65.3516
-65.3523
-65.353
-65.3536

