-70
-70.0002
-70.0003
-70.0003
-70.0004
-70.0005
-70.0006
-70.0006
-70.0007
-70.0007
-70.0008
-70.0008
-70.0009
-70.0009
-70.001
-70.001
-70.0011
-70.0011
-70.0012
-70.0012
-70.0013
-70.0013
-70.0013
-70.0014
-70.0014
-70.0015
-70.0015
-70.0016
-70.0016
-70.0016
-70.0017
-70.0017
-70.0018
-70.0018
-70.0019
-70.0019
-70.0019
-70.002
-70.002
-70.0021
-70.0021
-70.0021
-70.0022
-70.0022
-70.0023
-70.0023
-70.0023
-70.0024
-70.0024
-70.0025
-70.0025
-70.0025
-70.0026
-70.0026
-70.0027
-70.0027
-70.0027
-70.0028
-70.0028
-70.0029
-70.0029
-70.0029
-70.003
-70.003
-70.0031
-70.0031
-70.0031
-70.0032
-70.0032
-70.0033
-70.0033
-70.0033
-70.0034
-70.0034
-70.0034
-70.0035
-70.0035
-70.0036
-70.0036
-70.0036
-70.0037
-70.0037
-70.0037
-70.0038
-70.0038
-70.0039
-70.0039
-70.0039
-70.004
-70.004
-70.004
-70.0041
-70.0041
-70.0041
-70.0042
-70.0042
-70.0043
-70.0043
-70.0043
-70.0044
-70.0044
-70.0044
-70.0045
-70.0008
-69.9895
-69.9685
-69.9372
-69.8964
-69.8474
-69.7916
-69.7302
-69.6643
-69.5944
-69.5195
-69.4369
-69.3423
-69.2324
-69.1061
-68.9595
-68.7833
-68.5753
-68.3556
-68.1487
-67.9707
-67.8279
-67.7208
-67.6475
-67.6033
-67.5804
-67.5707
-67.5678
-67.5675
-67.5673
-67.5658
-67.5626
-67.5575
-67.5506
-67.5422
-67.5325
-67.5218
-67.5102
-67.498
-67.4855
-67.4726
-67.4596
-67.4466
-67.4337
-67.4208
-67.4082
-67.3958
-67.3836
-67.3718
-67.3602
-67.3489
-67.338
-67.3275
-67.3172
-67.3073
-67.2978
-67.2886
-67.2797
-67.2712
-67.263
-67.2551
-67.2475
-67.2402
-67.2333
-67.2266
-67.2202
-67.214
-67.2082
-67.2025
-67.1972
-67.192
-67.1871
-67.1824
-67.178
-67.1737
-67.1696
-67.1657
-67.162
-67.1585
-67.1552
-67.152
-67.1489
-67.146
-67.1433
-67.1407
-67.1382
-67.1358
-67.1336
-67.1315
-67.1295
-67.1275
-67.1257
-67.124
-67.1224
-67.1209
-67.1194
-67.1181
-67.1168
-67.1156
-67.1144
-67.1133
-67.1123
-67.1114
-67.1105
-67.1096
-67.1089
-67.1081
-67.1075
-67.1068
-67.1062
-67.1057
-67.1052
-67.1048
-67.1043
-67.104
-67.1036
-67.1033
-67.1031
-67.1028
-67.1026
-67.1025
-67.1023
-67.1022
-67.1021
-67.1021
-67.102
-67.102
-67.1021
-67.1021
-67.1022
-67.1023
-67.1024
-67.1026
-67.1027
-67.1029
-67.1032
-67.1034
-67.1037
-67.1039
-67.1042
-67.1046
-67.1049
-67.1053
-67.1057
-67.1061
-67.1065
-67.1069
-67.1074
-67.1079
-67.1084
-67.1089
-67.1095
-67.11
-67.1106
-67.1112
-67.1118
-67.1125
-67.1131
-67.1138
-67.1145
-67.1152
-67.1159
-67.1167
-67.1174
-67.1182
-67.119
-67.1198
-67.1207
-67.1215
-67.1224
-67.1233
-67.1242
-67.1251
-67.1261
-67.127
-67.128
-67.129
-67.13
-67.131
-67.1321
-67.1331
-67.1342
-67.1353
-67.1364
-67.1375
-67.1387
-67.1398
-67.141
-67.1422
-67.1434
-67.1447
-67.1459
-67.1472
-67.1484
-67.1497
-67.151
-67.1524
-67.1537
-67.155
-67.1564
-67.1578
-67.1592
-67.1606
-67.1621
-67.1635
-67.165
-67.1664
-67.1679
-67.1694
-67.171
-67.1725
-67.1741
-67.1756
-67.1772
-67.1788
-67.1804
-67.1821
-67.1837
-67.1854
-67.187
-67.1887
-67.1904
-67.1921
-67.1938
-67.1956
-67.1973
-67.1991
-67.2009
-67.2027
-67.2045
-67.2063
-67.2081
-67.21
-67.2118
-67.2137
-67.2156
-67.2175
-67.2194
-67.2213
-67.2233
-67.2252
-67.2272
-67.2291
-67.2311
-67.2331
-67.2351
-67.2371
-67.2392
-67.2412
-67.2433
-67.2453
-67.2474
-67.2495
-67.2516
-67.2537
-67.2558
-67.258
-67.2601
-67.2623
-67.2644
-67.2666
-67.2688
-67.271
-67.2732
-67.2754
-67.2776
-67.2799
-67.2821
-67.2844
-67.2866
-67.2889
-67.2912
-67.2935
-67.2958
-67.2981
-67.3005
-67.3028
-67.3051
-67.3075
-67.3099
-67.3122
-67.3146
-67.317
-67.3194
-67.3218
-67.3242
-67.3267
-67.3291
-67.3315
-67.334
-67.3365
-67.3389
-67.3414
-67.3439
-67.3464
-67.3489
-67.3514
-67.3539
-67.3564
-67.359
-67.3615
-67.3641
-67.3666
-67.3692
-67.3718
-67.3743
-67.3769
-67.3795
-67.3821
-67.3847
-67.3873
-67.39
-67.3926
-67.3952
-67.3979
-67.4005
-67.4032
-67.4058
-67.4085
-67.4112
-67.4139
-67.4166
-67.4192
-67.4219
-67.4247
-67.4274
-67.4301
-67.4328
-67.4355
-67.4383
-67.441
-67.4438
-67.4465
-67.4493
-67.4521
-67.4548
-67.4576
-67.4604
-67.4632
-67.466
-67.4688
-67.4716
-67.4744
-67.4772
-67.48
-67.4828
-67.4857
-67.4885
-67.4913
-67.4942
-67.497
-67.4999
-67.5027
-67.5056
-67.5085
-67.5113
-67.5142
-67.5171
-67.52
-67.5229
-67.5258
-67.5287
-67.5316
-67.5345
-67.5374
-67.5403
-67.5432
-67.5461
-67.549
-67.552
-67.5549
-67.5578
-67.5608
-67.5637
-67.5667
-67.5696
-67.5726
-67.5755
-67.5785
-67.5814
-67.5844
-67.5874
-67.5904
-67.5933
-67.5963
-67.5993
-67.6023
-67.6053
-67.6083
-67.6113
-67.6142
-67.6172
-67.6202
-67.6233
-67.6263
-67.6293
-67.6323
-67.6353
-67.6383
-67.6413
-67.6444
-67.6474
-67.6504
-67.6534
-67.6565
-67.6595
-67.6625
-67.6656
-67.6686
-67.6717
-67.6747
-67.6777
-67.6808
-67.6838
-67.6869
-67.69
-67.693
-67.6961
-67.6991
-67.7022
-67.7052
-67.7083
-67.7114
-67.7144
-67.7175
-67.7206
-67.7237
-67.7267
-67.7298
-67.7329
-67.7359
-67.739
-67.7421
-67.7452
-67.7483
-67.7514
-67.7544
-67.7575
-67.7606
-67.7637
-67.7668
-67.7699
-67.773
-67.776
-67.7791
-67.7822
-67.7853
-67.7884
-67.7915
-67.7946
-67.7977
-67.8008
-67.8039
-67.807
-67.8101
-67.8132
-67.8163
-67.8194
-67.8225
-67.8256
-67.8287
-67.8318
-67.8349
-67.838
-67.8411
-67.8442
-67.8473
-67.8504
-67.8535
-67.8566
-67.8597
-67.8628
-67.8659
-67.869
-67.8721
-67.8752
-67.8783
-67.8814
-67.8845
-67.8876
-67.8907
-67.8938
-67.8969
-67.9
-67.9031
-67.9062
-67.9093
-67.9124
-67.9155
-67.9186
-67.9217
-67.9248
-67.9279
-67.931
-67.9341
-67.9372
-67.9403
-67.9434
-67.9465
-67.9496
-67.9527
-67.9558
-67.9589
-67.962
-67.9651
-67.9681
-67.9712
-67.9743
-67.9774
-67.9805
-67.9836
-67.9867
-67.9897
-67.9928
-67.9959
-67.999
-68.0021
-68.0051
-68.0082
-68.0113
-68.0144
-68.0175
-68.0205
-68.0236
-68.0267
-68.0297
-68.0328
-68.0359
-68.0389
-68.042
-68.0451
-68.0481
-68.0512
-68.0542
-68.0573
-68.0604
-68.0634
-68.0665
-68.0695
-68.0726
-68.0756
-68.0787
-68.0817
-68.0848
-68.0878
-68.0908
-68.0939
-68.0969
-68.1
-68.103
-68.106
-68.1091
-68.1121
-68.1151
-68.1181
-68.1212
-68.1242
-68.1272
-68.1302
-68.1332
-68.1363
-68.1393
-68.1423
-68.1453
-68.1483
-68.1513
-68.1543
-68.1573
-68.1603
-68.1633
-68.1663
-68.1693
-68.1723
-68.1753
-68.1783
-68.1813
-68.1843
-68.1872
-68.1902
-68.1932
-68.1962
-68.1992
-68.2021
-68.2051
-68.2081
-68.211
-68.214
-68.217
-68.2199
-68.2229
-68.2258
-68.2288
-68.2317
-68.2347
-68.2376
-68.2406
-68.2435
-68.2465
-68.2494
-68.2523
-68.2553
-68.2582
-68.2611
-68.264
-68.267
-68.2699
-68.2728
-68.2757
-68.2786
-68.2816
-68.2845
-68.2874
-68.2903
-68.2932
-68.2961
-68.299
-68.3019
-68.3047
-68.3076
-68.3105
-68.3134
-68.3163
-68.3192
-68.322
-68.3249
-68.3278
-68.3306
-68.3335
-68.3364
-68.3392
-68.3421
-68.3449
-68.3478
-68.3506
-68.3535
-68.3563
-68.3592
-68.362
-68.3649
-68.3677
-68.3705
-68.3733
-68.3762
-68.379
-68.3818
-68.3846
-68.3874
-68.3902
-68.3931
-68.3959
-68.3987
-68.4015
-68.4043
-68.4071
-68.4098
-68.4126
-68.4154
-68.4182
-68.421
-68.4238
-68.4265
-68.4293
-68.4321
-68.4348
-68.4376
-68.4403
-68.4431
-68.4459
-68.4486
-68.4514
-68.4541
-68.4568
-68.4596
-68.4623
-68.465
-68.4678
-68.4705
-68.4732
-68.4759
-68.4787
-68.4814
-68.4841
-68.4868
-68.4895
-68.4922
-68.4949
-68.4976
-68.5003
-68.503
-68.5057
-68.5083
-68.511
-68.5137
-68.5164
-68.519
-68.5217
-68.5244
-68.527
-68.5297
-68.5323
-68.535
-68.5376
-68.5403
-68.5429
-68.5456
-68.5482
-68.5508
-68.5535
-68.5561
-68.5587
-68.5613
-68.5639
-68.5666
-68.5692
-68.5718
-68.5744
-68.577
-68.5796
-68.5822
-68.5848
-68.5874
-68.5899
-68.5925
-68.5951
-68.5977
-68.6002
-68.6028
-68.6054
-68.6079
-68.6105
-68.6131
-68.6156
-68.6182
-68.6207
-68.6232
-68.6258
-68.6283
-68.6308
-68.6334
-68.6359
-68.6384
-68.6409
-68.6435
-68.646
-68.6485
-68.651
-68.6535
-68.656
-68.6585
-68.661
-68.6635
-68.6659
-68.6684
-68.6709
-68.6734
-68.6759
-68.6783
-68.6808
-68.6832
-68.6857
-68.6882
-68.6906
-68.6931
-68.6955
-68.698
-68.7004
-68.7028
-68.7053
-68.7077
-68.7101
-68.7125
-68.7149
-68.7174
-68.7198
-68.7222
-68.7246
-68.727
-68.7294
-68.7318
-68.7342
-68.7366
-68.7389
-68.7413
-68.7437
-68.7461
-68.7485
-68.7508
-68.7532
-68.7555
-68.7579
-68.7603
-68.7626
-68.765
-68.7673
-68.7696
-68.772
-68.7743
-68.7766
-68.779
-68.7813
-68.7836
-68.7859
-68.7882
-68.7905
-68.7928
-68.7952
-68.7975
-68.7997
-68.802
-68.8043
-68.8066
-68.8089
-68.8112
-68.8135
-68.8157
-68.818
-68.8203
-68.8225
-68.8248
-68.827
-68.8293
-68.8315
-68.8338
-68.836
-68.8383
-68.8405
-68.8427
-68.8449
-68.8472
-68.8494
-68.8516
-68.8538
-68.856
-68.8582
-68.8604
-68.8626
-68.8648
-68.867
-68.8692
-68.8714
-68.8736
-68.8758
-68.8779
-68.8801
-68.8823
-68.8845
-68.8866
-68.8888
-68.8909
-68.8931
-68.8952
-68.8974
-68.8995
-68.9017
-68.9038
-68.9059
-68.9081
-68.9102
-68.9123
-68.9144
-68.9165
-68.9186
-68.9208
-68.9229
-68.925
-68.9271
-68.9291
-68.9312
-68.9333
-68.9354
-68.9375
-68.9396
-68.9416
-68.9437
-68.9458
-68.9478
-68.9499
-68.952
-68.954
-68.9561
-68.9581
-68.9602
-68.9622
-68.9642
-68.9663
-68.9683
-68.9703
-68.9723
-68.9744
-68.9764
-68.9784
-68.9804
-68.9824
-68.9844
-68.9864
-68.9884
-68.9904
-68.9924
-68.9944
-68.9964
-68.9983
-69.0003
-69.0023
-69.0043
-69.0062
-69.0082
-69.0102
-69.0121
-69.0141
-69.016
-69.018
-69.0199
-69.0218
-69.0238
-69.0257
-69.0276
-69.0296
-69.0315
-69.0334
-69.0353
-69.0372
-69.0391
-69.0411
-69.043
-69.0449
-69.0468
-69.0486
-69.0505
-69.0524
-69.0543
-69.0562
-69.0581
-69.0599
-69.0618
-69.0637
-69.0655
-69.0674
-69.0693
-69.0711
-69.073
-69.0748
-69.0766
-69.0785
-69.0803
-69.0822
-69.084
-69.0858
-69.0876
-69.0895
-69.0913
-69.0931
-69.0949
-69.0967
-69.0985
-69.1003
-69.1021
-69.1039
-69.1057
-69.1075
-69.1093
-69.1111
-69.1128
-69.1146
-69.1164
-69.1182
-69.1199
-69.1217
-69.1235
-69.1252
-69.127
-69.1287
-69.1305
-69.1322
-69.1339
-69.1357
-69.1374
-69.1392
-69.1409
-69.1426
-69.1443
-69.146
-69.1478
-69.1495
-69.1512
-69.1529
-69.1546
-69.1563
-69.158
-69.1597
-69.1614
-69.1631
-69.1647
-69.1664
-69.1681
-69.1698
-69.1715
-69.1731
-69.1748
-69.1764
-69.1781
-69.1798
-69.1814
-69.1831
-69.1847
-69.1864
-69.188
-69.1896
-69.1913
-69.1929
-69.1945
-69.1962
-69.1978
-69.1994
-69.201
-69.2026
-69.2042
-69.2058
-69.2075
-69.2091
-69.2106
-69.2122
-69.2138
-69.2154
-69.217
-69.2186
-69.2202
-69.2218
-69.2233
-69.2249
-69.2265
-69.228
-69.2296
-69.2312
-69.2327
-69.2343
-69.2358
-69.2374
-69.2389
-69.2404
-69.242
-69.2435
-69.245
-69.2466
-69.2481
-69.2496
-69.2511
-69.2527
-69.2542
-69.2557
-69.2572
-69.2587
-69.2602
-69.2617
-69.2632
-69.2647
-69.2662
-69.2677
-69.2692
-69.2706
-69.2721
-69.2736
-69.2751
-69.2766
-69.278
-69.2795
-69.2809
-69.2824
-69.2839
-69.2853
-69.2868
-69.2882
-69.2897
-69.2911
-69.2925
-69.294
-69.2954
-69.2968
-69.2983
-69.2997
-69.3011
-69.3025
-69.304
-69.3054
-69.3068
-69.3082
-69.3096
-69.311
-69.3124
-69.3138
-69.3152
-69.3166
-69.318
-69.3194
-69.3207
-69.3221
-69.3235
-69.3249
-69.3262
-69.3276
-69.329
-69.3304
-69.3317
-69.3331
-69.3344
-69.3358
-69.3371
-69.3385
-69.3398
-69.3412
-69.3425
-69.3438
-69.3452
-69.3465
-69.3478
-69.3492
-69.3505
-69.3518
-69.3531
-69.3544
-69.3558
-69.3571
-69.3584
-69.3597
-69.361
-69.3623
-69.3636
-69.3649
-69.3662
-69.3675
-69.3687
-69.37
-69.3713
-69.3726
-69.3739
-69.3751
-69.3764
-69.3777
-69.3789
-69.3802
-69.3815
-69.3827
-69.384
-69.3852
-69.3865
-69.3877
-69.389
-69.3902
-69.3914
-69.3927
-69.3939
-69.3951
-69.3964
-69.3976
-69.3988
-69.4001
-69.4013
-69.4025
-69.4037
-69.4049
-69.4061
-69.4073
-69.4085
-69.4097
-69.4109
-69.4121
-69.4133
-69.4145
-69.4157
-69.4169
-69.4181
-69.4193
-69.4204
-69.4216
-69.4228
-69.424
-69.4251
-69.4263
-69.4275
-69.4286
-69.4298
-69.4309
-69.4321
-69.4332
-69.4344
-69.4355
-69.4367
-69.4378
-69.439
-69.4401
-69.4412
-69.4424
-69.4435
-69.4446
-69.4458
-69.4469
-69.448
-69.4491
-69.4502
-69.4514
-69.4525
-69.4536
-69.4547
-69.4558
-69.4569
-69.458
-69.4591
-69.4602
-69.4613
-69.4624
-69.4635
-69.4645
-69.4656
-69.4667
-69.4678
-69.4689
-69.4699
-69.471
-69.4721
-69.4731
-69.4742
-69.4753
-69.4763
-69.4774
-69.4785
-69.4795
-69.4806
-69.4816
-69.4827
-69.4837
-69.4847
-69.4858
-69.4868
-69.4879
-69.4889
-69.4899
-69.4909
-69.492
-69.493
-69.494
-69.495
-69.4961
-69.4971
-69.4981
-69.4991
-69.5001
-69.5011
-69.5021
-69.5031
-69.5041
-69.5051
-69.5061
-69.5071
-69.5081
-69.5091
-69.5101
-69.5111
-69.5121
-69.513
-69.514
-69.515
-69.516
-69.5169
-69.5179
-69.5189
-69.5198
-69.5208
-69.5218
-69.5227
-69.5237
-69.5246
-69.5256
-69.5266
-69.5275
-69.5284
-69.5294
-69.5303
-69.5313
-69.5322
-69.5332
-69.5341
-69.535
-69.536
-69.5369
-69.5378
-69.5387
-69.5397
-69.5406
-69.5415
-69.5424
-69.5433
-69.5442
-69.5452
-69.5461
-69.547
-69.5479
-69.5488
-69.5497
-69.5506
-69.5515
-69.5524
-69.5533
-69.5542
-69.555
-69.5559
-69.5568
-69.5577
-69.5586
-69.5595
-69.5603
-69.5612
-69.5621
-69.563
-69.5638
-69.5647
-69.5656
-69.5664
-69.5673
-69.5681
-69.569
-69.5699
-69.5707
-69.5716
-69.5724
-69.5733
-69.5741
-69.575
-69.5758
-69.5766
-69.5775
-69.5783
-69.5791
-69.58
-69.5808
-69.5816
-69.5825
-69.5833
-69.5841
-69.5849
-69.5858
-69.5866
-69.5874
-69.5882
-69.589
-69.5898
-69.5906
-69.5915
-69.5923
-69.5931
-69.5939
-69.5947
-69.5955
-69.5963
-69.5971
-69.5978
-69.5986
-69.5994
-69.6002
-69.601
-69.6018
-69.6026
-69.6034
-69.6041
-69.6049
-69.6057
-69.6065
-69.6072
-69.608
-69.6088
-69.6095
-69.6103
-69.6111
-69.6118
-69.6126
-69.6133
-69.6141
-69.6149
-69.6156
-69.6164
-69.6171
-69.6179
-69.6186
-69.6193
-69.6201
-69.6208
-69.6216
-69.6223
-69.623
-69.6238
-69.6245
-69.6252
-69.626
-69.6267
-69.6274
-69.6282
-69.6289
-69.6296
-69.6303
-69.631
-69.6318
-69.6325
-69.6332
-69.6339
-69.6346
-69.6353
-69.636
-69.6367
-69.6374
-69.6381
-69.6388
-69.6395
-69.6402
-69.6409
-69.6416
-69.6423
-69.643
-69.6437
-69.6444
-69.6451
-69.6457
-69.6464
-69.6471
-69.6478
-69.6485
-69.6491
-69.6498
-69.6505
-69.6512
-69.6518
-69.6525
-69.6532
-69.6538
-69.6545
-69.6552
-69.6558
-69.6565
-69.6571
-69.6578
-69.6585
-69.6591
-69.6598
-69.6604
-69.6611
-69.6617
-69.6624
-69.663
-69.6636
-69.6643
-69.6649
-69.6656
-69.6662
-69.6668
-69.6675
-69.6681
-69.6687
-69.6694
-69.67
-69.6706
-69.6713
-69.6719
-69.6725
-69.6731
-69.6737
-69.6744
-69.675
-69.6756
-69.6762
-69.6768
-69.6774
-69.678
-69.6787
-69.6793
-69.6799
-69.6805
-69.6811
-69.6817
-69.6823
-69.6829
-69.6835
-69.6841
-69.6847
-69.6853
-69.6859
-69.6864
-69.687
-69.6876
-69.6882
-69.6888
-69.6894
-69.69
-69.6905
-69.6911
-69.6917
-69.6923
-69.6929
-69.6934
-69.694
-69.6946
-69.6951
-69.6957
-69.6963
-69.6969
-69.6974
-69.698
-69.6985
-69.6991
-69.6997
-69.7002
-69.7008
-69.7013
-69.7019
-69.7025
-69.703
-69.7036
-69.7041
-69.7047
-69.7052
-69.7057
-69.7063
-69.7068
-69.7074
-69.7079
-69.7085
-69.709
-69.7095
-69.7101
-69.7106
-69.7111
-69.7117
-69.7122
-69.7127
-69.7133
-69.7138
-69.7143
-69.7148
-69.7154
-69.7159
-69.7164
-69.7169
-69.7175
-69.718
-69.7185
-69.719
-69.7195
-69.72
-69.7205
-69.7211
-69.7216
-69.7221
-69.7226
-69.7231
-69.7236
-69.7241
-69.7246
-69.7251
-69.7256
-69.7261
-69.7266
-69.7271
-69.7276
-69.7281
-69.7286
-69.7291
-69.7296
-69.7301
-69.7305
-69.731
-69.7315
-69.732
-69.7325
-69.733
-69.7335
-69.7339
-69.7344
-69.7349
-69.7354
-69.7358
-69.7363
-69.7368
-69.7373
-69.7377
-69.7382
-69.7387
-69.7392
-69.7396
-69.7401
-69.7406
-69.741
-69.7415
-69.7419
-69.7424
-69.7429
-69.7433
-69.7438
-69.7442
-69.7447
-69.7452
-69.7456
-69.7461
-69.7465
-69.747
-69.7474
-69.7479
-69.7483
-69.7488
-69.7492
-69.7496
-69.7501
-69.7505
-69.751
-69.7514
-69.7519
-69.7523
-69.7527
-69.7532
-69.7536
-69.754
-69.7545
-69.7549
-69.7553
-69.7558
-69.7562
-69.7566
-69.757
-69.7575
-69.7579
-69.7583
-69.7587
-69.7592
-69.7596
-69.76
-69.7604
-69.7609
-69.7613
-69.7617
-69.7621
-69.7625
-69.7629
-69.7633
-69.7638
-69.7642
-69.7646
-69.765
-69.7654
-69.7658
-69.7662
-69.7666
-69.767
-69.7674
-69.7678
-69.7682
-69.7686
-69.769
-69.7694
-69.7698
-69.7702
-69.7706
-69.771
-69.7714
-69.7718
-69.7722
-69.7726
-69.773
-69.7734
-69.7738
-69.7741
-69.7745
-69.7749
-69.7753
-69.7757
-69.7761
-69.7765
-69.7768
-69.7772
-69.7776
-69.778
-69.7784
-69.7787
-69.7791
-69.7795
-69.7799
-69.7802
-69.7806
-69.781
-69.7814
-69.7817
-69.7821
-69.7825
-69.7828
-69.7832
-69.7836
-69.7839
-69.7843
-69.7847
-69.785
-69.7854
-69.7857
-69.7861
-69.7865
-69.7868
-69.7872
-69.7875
-69.7879
-69.7883
-69.7886
-69.789
-69.7893
-69.7897
-69.79
-69.7904
-69.7907
-69.7911
-69.7914
-69.7918
-69.7921
-69.7925
-69.7928
-69.7931
-69.7935
-69.7938
-69.7942
-69.7945
-69.7949
-69.7952
-69.7955
-69.7959
-69.7962
-69.7966
-69.7969
-69.7972
-69.7976
-69.7979
-69.7982
-69.7986
-69.7989
-69.7992
-69.7995
-69.7999
-69.8002
-69.8005
-69.8009
-69.8012
-69.8015
-69.8018
-69.8022
-69.8025
-69.8028
-69.8031
-69.8035
-69.8038
-69.8041
-69.8044
-69.8047
-69.805
-69.8054
-69.8057
-69.806
-69.8063
-69.8066
-69.8069
-69.8072
-69.8076
-69.8079
-69.8082
-69.8085
-69.8088
-69.8091
-69.8094
-69.8097
-69.81
-69.8103
-69.8106
-69.8109
-69.8113
-69.8116
-69.8119
-69.8122
-69.8125
-69.8128
-69.8131
-69.8134
-69.8137
-69.814
-69.8143
-69.8145
-69.8148
-69.8151
-69.8154
-69.8157
-69.816
-69.8163
-69.8166
-69.8169
-69.8172
-69.8175
-69.8178
-69.8181
-69.8183
-69.8186
-69.8189
-69.8192
-69.8195
-69.8198
-69.8201
-69.8203
-69.8206
-69.8209
-69.8212
-69.8215
-69.8217
-69.822
-69.8223
-69.8226
-69.8229
-69.8231
-69.8234
-69.8237
-69.824
-69.8242
-69.8245
-69.8248
-69.8251
-69.8253
-69.8256
-69.8259
-69.8261
-69.8264
-69.8267
-69.827
-69.8272
-69.8275
-69.8278
-69.828
-69.8283
-69.8286
-69.8288
-69.8291
-69.8293
-69.8296
-69.8299
-69.8301
-69.8304
-69.8307
-69.8309
-69.8312
-69.8314
-69.8317
-69.8319
-69.8322
-69.8325
-69.8327
-69.833
-69.8332
-69.8335
-69.8337
-69.834
-69.8342
-69.8345
-69.8347
-69.835
-69.8352
-69.8355
-69.8357
-69.836
-69.8362
-69.8365
-69.8367
-69.837
-69.8372
-69.8375
-69.8377
-69.838
-69.8382
-69.8385
-69.8387
-69.8389
-69.8392
-69.8394
-69.8397
-69.8399
-69.8401
-69.8404
-69.8406
-69.8409
-69.8411
-69.8413
-69.8416
-69.8418
-69.8421
-69.8423
-69.8425
-69.8428
-69.843
-69.8432
-69.8435
-69.8437
-69.8439
-69.8442
-69.8444
-69.8446
-69.8448
-69.8451
-69.8453
-69.8455
-69.8458
-69.846
-69.8462
-69.8464
-69.8467
-69.8469
-69.8471
-69.8473
-69.8476
-69.8478
-69.848
-69.8482
-69.8485
-69.8487
-69.8489
-69.8491
-69.8493
-69.8496
-69.8498
-69.85
-69.8502
-69.8504
-69.8507
-69.8509
-69.8511
-69.8513
-69.8515
-69.8517
-69.852
-69.8522
-69.8524
-69.8526
-69.8528
-69.853
-69.8532
-69.8534
-69.8537
-69.8539
-69.8541
-69.8543
-69.8545
-69.8547
-69.8549
-69.8551
-69.8553
-69.8555
-69.8557
-69.856
-69.8562
-69.8564
-69.8566
-69.8568
-69.857
-69.8572
-69.8574
-69.8576
-69.8578
-69.858
-69.8582
-69.8584
-69.8586
-69.8588
-69.859
-69.8592
-69.8594
-69.8596
-69.8598
-69.86
-69.8602
-69.8604
-69.8606
-69.8608
-69.861
-69.8612
-69.8614
-69.8616
-69.8618
-69.862
-69.8622
-69.8623
-69.8625
-69.8627
-69.8629
-69.8631
-69.8633
-69.8635
-69.8637
-69.8639
-69.8641
-69.8643
-69.8645
-69.8646
-69.8648
-69.865
-69.8652
-69.8654
-69.8656
-69.8658
-69.866
-69.8661
-69.8663
-69.8665
-69.8667
-69.8669
-69.8671
-69.8672
-69.8674
-69.8676
-69.8678
-69.868
-69.8682
-69.8683
-69.8685
-69.8687
-69.8689
-69.8691
-69.8692
-69.8694
-69.8696
-69.8698
-69.87
-69.8701
-69.8703
-69.8705
-69.8707
-69.8708
-69.871
-69.8712
-69.8714
-69.8716
-69.8717
-69.8719
-69.8721
-69.8722
-69.8724
-69.8726
-69.8728
-69.8729
-69.8731
-69.8733
-69.8735
-69.8736
-69.8738
-69.874
-69.8741
-69.8743
-69.8745
-69.8746
-69.8748
-69.875
-69.8752
-69.8753
-69.8755
-69.8757
-69.8758
-69.876
-69.8762
-69.8763
-69.8765
-69.8767
-69.8768
-69.877
-69.8771
-69.8773
-69.8775
-69.8776
-69.8778
-69.878
-69.8781
-69.8783
-69.8785
-69.8786
-69.8788
-69.8789
-69.8791
-69.8793
-69.8794
-69.8796
-69.8797
-69.8799
-69.8801
-69.8802
-69.8804
-69.8805
-69.8807
-69.8808
-69.881
-69.8812
-69.8813
-69.8815
-69.8816
-69.8818
-69.8819
-69.8821
-69.8822
-69.8824
-69.8826
-69.8827
-69.8829
-69.883
-69.8832
-69.8833
-69.8835
-69.8836
-69.8838
-69.8839
-69.8841
-69.8842
-69.8844
-69.8845
-69.8847
-69.8848
-69.885
-69.8851
-69.8853
-69.8854
-69.8856
-69.8857
-69.8859
-69.886
-69.8862
-69.8863
-69.8865
-69.8866
-69.8868
-69.8869
-69.8871
-69.8872
-69.8873
-69.8875
-69.8876
-69.8878
-69.8879
-69.8881
-69.8882
-69.8884
-69.8885
-69.8886
-69.8888
-69.8889
-69.8891
-69.8892
-69.8894
-69.8895
-69.8896
-69.8898
-69.8899
-69.8901
-69.8902
-69.8903
-69.8905
-69.8906
-69.8908
-69.8909
-69.891
-69.8912
-69.8913
-69.8914
-69.8916
-69.8917
-69.8919
-69.892
-69.8921
-69.8923
-69.8924
-69.8925
-69.8927
-69.8928
-69.893
-69.8931
-69.8932
-69.8934
-69.8935
-69.8936
-69.8938
-69.8939
-69.894
-69.8942
-69.8943
-69.8944
-69.8946
-69.8947
-69.8948
-69.895
-69.8951
-69.8952
-69.8953
-69.8955
-69.8956
-69.8957
-69.8959
-69.896
-69.8961
-69.8963
-69.8964
-69.8965
-69.8966
-69.8968
-69.8969
-69.897
-69.8972
-69.8973
-69.8974
-69.8975
-69.8977
-69.8978
-69.8979
-69.8981
-69.8982
-69.8983
-69.8984
-69.8986
-69.8987
-69.8988
-69.8989
-69.8991
-69.8992
-69.8993
-69.8994
-69.8996
-69.8997
-69.8998
-69.8999
-69.9001
-69.9002
-69.9003
-69.9004
-69.9005
-69.9007
-69.9008
-69.9009
-69.901
-69.9012
-69.9013
-69.9014
-69.9015
-69.9016
-69.9018
-69.9019
-69.902
-69.9021
-69.9022
-69.9024
-69.9025
-69.9026
-69.9027
-69.9028
-69.9029
-69.9031
-69.9032
-69.9033
-69.9034
-69.9035
-69.9037
-69.9038
-69.9039
-69.904
-69.9041
-69.9042
-69.9044
-69.9045
-69.9046
-69.9047
-69.9048
-69.9049
-69.905
-69.9052
-69.9053
-69.9054
-69.9055
-69.9056
-69.9057
-69.9058
-69.906
-69.9061
-69.9062
-69.9063
-69.9064
-69.9065
-69.9066
-69.9068
-69.9069
-69.907
-69.9071
-69.9072
-69.9073
-69.9074
-69.9075
-69.9076
-69.9078
-69.9079
-69.908
-69.9081
-69.9082
-69.9083
-69.9084
-69.9085
-69.9086
-69.9087
-69.9089
-69.909
-69.9091
-69.9092
-69.9093
-69.9094
-69.9095
-69.9096
-69.9097
-69.9098
-69.9099
-69.91
-69.9101
-69.9103
-69.9104
-69.9105
-69.9106
-69.9107
-69.9108
-69.9109
-69.911
-69.9111
-69.9112
-69.9113
-69.9114
-69.9115
-69.9116
-69.9117
-69.9118
-69.9119
-69.912
-69.9121
-69.9123
-69.9124
-69.9125
-69.9126
-69.9127
-69.9128
-69.9129
-69.913
-69.9131
-69.9132
-69.9133
-69.9134
-69.9135
-69.9136
-69.9137
-69.9138
-69.9139
-69.914
-69.9141
-69.9142
-69.9143
-69.9144
-69.9145
-69.9146
-69.9147
-69.9148
-69.9149
-69.915
-69.9151
-69.9152
-69.9153
-69.9154
-69.9155
-69.9156
-69.9157
-69.9158
-69.9159
-69.916
-69.9161
-69.9162
-69.9163
-69.9164
-69.9165
-69.9166
-69.9167
-69.9168
-69.9169
-69.917
-69.9171
-69.9172
-69.9173
-69.9173
-69.9174
-69.9175
-69.9176
-69.9177
-69.9178
-69.9179
-69.918
-69.9181
-69.9182
-69.9183
-69.9184
-69.9185
-69.9186
-69.9187
-69.9188
-69.9189
-69.919
-69.9191
-69.9191
-69.9192
-69.9193
-69.9194
-69.9195
-69.9196
-69.9197
-69.9198
-69.9199
-69.92
-69.9201
-69.9202
-69.9203
-69.9204
-69.9204
-69.9205
-69.9206
-69.9207
-69.9208
-69.9209
-69.921
-69.9211
-69.9212
-69.9213
-69.9214
-69.9214
-69.9215
-69.9216
-69.9217
-69.9218
-69.9219
-69.922
-69.9221
-69.9222
-69.9223
-69.9223
-69.9224
-69.9225
-69.9226
-69.9227
-69.9228
-69.9229
-69.923
-69.9231
-69.9231
-69.9232
-69.9233
-69.9234
-69.9235
-69.9236
-69.9237
-69.9238
-69.9238
-69.9239
-69.924
-69.9241
-69.9242
-69.9243
-69.9244
-69.9245
-69.9245
-69.9246
-69.9247
-69.9248
-69.9249
-69.925
-69.9251
-69.9251
-69.9252
-69.9253
-69.9254
-69.9255
-69.9256
-69.9256
-69.9257
-69.9258
-69.9259
-69.926
-69.9261
-69.9262
-69.9262
-69.9263
-69.9264
-69.9265
-69.9266
-69.9267
-69.9267
-69.9268
-69.9269
-69.927
-69.9271
-69.9272
-69.9272
-69.9273

