0.000000
0.000000
-0.000006
-0.000014
-0.000023
-0.000034
-0.000045
-0.000058
-0.000070
-0.000084
-0.000097
-0.000111
-0.000125
-0.000140
-0.000155
-0.000170
-0.000185
-0.000201
-0.000217
-0.000233
-0.000249
-0.000266
-0.000282
-0.000299
-0.000316
-0.000333
-0.000351
-0.000368
-0.000386
-0.000404
-0.000422
-0.000440
-0.000459
-0.000477
-0.000496
-0.000515
-0.000534
-0.000553
-0.000572
-0.000591
-0.000611
-0.000631
-0.000651
-0.000670
-0.000691
-0.000711
-0.000731
-0.000751
-0.000772
-0.000793
-0.000813
-0.000834
-0.000855
-0.000876
-0.000898
-0.000919
-0.000940
-0.000962
-0.000984
-0.001005
-0.001027
-0.001049
-0.001071
-0.001093
-0.001115
-0.001138
-0.001160
-0.001183
-0.001205
-0.001228
-0.001251
-0.001273
-0.001296
-0.001319
-0.001342
-0.001366
-0.001389
-0.001412
-0.001435
-0.001459
-0.001482
-0.001506
-0.001530
-0.001553
-0.001577
-0.001601
-0.001625
-0.001649
-0.001673
-0.001697
-0.001722
-0.001746
-0.001770
-0.001795
-0.001819
-0.001844
-0.001868
-0.001893
-0.001918
-0.001942
-0.001967
-0.001992
-0.002017
-0.002042
-0.002067
-0.002092
-0.002118
-0.002143
-0.002168
-0.002193
-0.002219
-0.002244
-0.002270
-0.002295
-0.002321
-0.002346
-0.002372
-0.002398
-0.002424
-0.002449
-0.002475
-0.002501
-0.002527
-0.002553
-0.002579
-0.002605
-0.002631
-0.002658
-0.002684
-0.002710
-0.002736
-0.002763
-0.002789
-0.002815
-0.002842
-0.002868
-0.002895
-0.002921
-0.002948
-0.002975
-0.003001
-0.003028
-0.003055
-0.003082
-0.003108
-0.003135
-0.003162
-0.003189
-0.003216
-0.003243
-0.003270
-0.003297
-0.003324
-0.003351
-0.003379
-0.003406
-0.003433
-0.003460
-0.003487
-0.003515
-0.003542
-0.003569
-0.003597
-0.003624
-0.003652
-0.003679
-0.003707
-0.003734
-0.003762
-0.003789
-0.003817
-0.003845
-0.003872
-0.003900
-0.003928
-0.003955
-0.003983
-0.004011
-0.004039
-0.004067
-0.004094
-0.004122
-0.004150
-0.004178
-0.004206
-0.004234
-0.004262
-0.004290
-0.004318
-0.004346
-0.004374
-0.004402
-0.004430
-0.004459
-0.004487
-0.004515
-0.004543
-0.004571
-0.004599
-0.004628
-0.004656
-0.004684
-0.004713
-0.004741
-0.004769
-0.004798
-0.004826
-0.004854
-0.004883
-0.004911
-0.004940
-0.004968
-0.004997
-0.005025
-0.005054
-0.005082
-0.005111
-0.005139
-0.005168
-0.005197
-0.005225
-0.005254
-0.005282
-0.005311
-0.005340
-0.005368
-0.005397
-0.005426
-0.005455
-0.005483
-0.005512
-0.005541
-0.005570
-0.005598
-0.005627
-0.005656
-0.005685
-0.005714
-0.005743
-0.005771
-0.005800
-0.005829
-0.005858
-0.005887
-0.005916
-0.005945
-0.005974
-0.006003
-0.006032
-0.006061
-0.006090
-0.006119
-0.006148
-0.006177
-0.006206
-0.006235
-0.006264
-0.006293
-0.006322
-0.006351
-0.006380
-0.006409
-0.006438
-0.006467
-0.006496
-0.006525
-0.006555
-0.006584
-0.006613
-0.006642
-0.006671
-0.006700
-0.006729
-0.006759
-0.006788
-0.006817
-0.006846
-0.006875
-0.006905
-0.006934
-0.006963
-0.006992
-0.007022
-0.007051
-0.007080
-0.007109
-0.007139
-0.007168
-0.007197
-0.007226
-0.007256
-0.007285
-0.007314
-0.007344
-0.007373
-0.007402
-0.007432
-0.007461
-0.007490
-0.007520
-0.007549
-0.007578
-0.007608
-0.007637
-0.007666
-0.007696
-0.007725
-0.007754
-0.007784
-0.007813
-0.007842
-0.007872
-0.007901
-0.007931
-0.007960
-0.007989
-0.008019
-0.008048
-0.008078
-0.008107
-0.008136
-0.008166
-0.008195
-0.008225
-0.008254
-0.008283
-0.008313
-0.008342
-0.008372
-0.008401
-0.008431
-0.008460
-0.008489
-0.008519
-0.008548
-0.008578
-0.008607
-0.008637
-0.008666
-0.008695
-0.008725
-0.008754
-0.008784
-0.008813
-0.008843
-0.008872
-0.008902
-0.008931
-0.008960
-0.008990
-0.009019
-0.009049
-0.009078
-0.009108
-0.009137
-0.009167
-0.009196
-0.009225
-0.009255
-0.009284
-0.009314
-0.009343
-0.009373
-0.009402
-0.009432
-0.009461
-0.009490
-0.009520
-0.009549
-0.009579
-0.009608
-0.009638
-0.009667
-0.009696
-0.009726
-0.009755
-0.009785
-0.009814
-0.009844
-0.009873
-0.009902
-0.009932
-0.009961
-0.009991
-0.010020
-0.010050
-0.010079
-0.010108
-0.010138
-0.010167
-0.010197
-0.010226
-0.010255
-0.010285
-0.010314
-0.010344
-0.010373
-0.010402
-0.010432
-0.010461
-0.010490
-0.010520
-0.010549
-0.010579
-0.010608
-0.010637
-0.010667
-0.010696
-0.010725
-0.010755
-0.010784
-0.010813
-0.010843
-0.010872
-0.010901
-0.010931
-0.010960
-0.010989
-0.011019
-0.011048
-0.011077
-0.011107
-0.011136
-0.011165
-0.011195
-0.011224
-0.011253
-0.011282
-0.011312
-0.011341
-0.011370
-0.011400
-0.011429
-0.011458
-0.011487
-0.011517
-0.011546
-0.011575
-0.011604
-0.011634
-0.011663
-0.011692
-0.011721
-0.011750
-0.011780
-0.011809
-0.011838
-0.011867
-0.011896
-0.011926
-0.011955
-0.011984
-0.012013
-0.012042
-0.012071
-0.012101
-0.012130
-0.012159
-0.012188
-0.012217
-0.012246
-0.012275
-0.012304
-0.012334
-0.012363
-0.012392
-0.012421
-0.012450
-0.012479
-0.012508
-0.012537
-0.012566
-0.012595
-0.012624
-0.012653
-0.012682
-0.012711
-0.012740
-0.012769
-0.012798
-0.012827
-0.012856
-0.012885
-0.012914
-0.012943
-0.012972
-0.013001
-0.013030
-0.013059
-0.013088
-0.013117
-0.013146
-0.013175
-0.013204
-0.013233
-0.013262
-0.013291
-0.013320
-0.013348
-0.013377
-0.013406
-0.013435
-0.013464
-0.013493
-0.013522
-0.013551
-0.013579
-0.013608
-0.013637
-0.013666
-0.013695
-0.013723
-0.013752
-0.013781
-0.013810
-0.013839
-0.013867
-0.013896
-0.013925
-0.013954
-0.013982
-0.014011
-0.014040
-0.014068
-0.014097
-0.014126
-0.014155
-0.014183
-0.014212
-0.014241
-0.014269
-0.014298
-0.014326
-0.014355
-0.014384
-0.014412
-0.014441
-0.014470
-0.014498
-0.014527
-0.014555
-0.014584
-0.014612
-0.014641
-0.014670
-0.014698
-0.014727
-0.014755
-0.014784
-0.014812
-0.014841
-0.014869
-0.014898
-0.014926
-0.014955
-0.014983
-0.015011
-0.015040
-0.015068
-0.015097
-0.015125
-0.015154
-0.015182
-0.015210
-0.015239
-0.015267
-0.015295
-0.015324
-0.015352
-0.015380
-0.015409
-0.015437
-0.015465
-0.015494
-0.015522
-0.015550
-0.015579
-0.015607
-0.015635
-0.015663
-0.015692
-0.015720
-0.015748
-0.015776
-0.015804
-0.015833
-0.015861
-0.015889
-0.015917
-0.015945
-0.015974
-0.016002
-0.016030
-0.016058
-0.016086
-0.016114
-0.016142
-0.016170
-0.016198
-0.016226
-0.016255
-0.016283
-0.016311
-0.016339
-0.016367
-0.016395
-0.016423
-0.016451
-0.016479
-0.016507
-0.016535
-0.016563
-0.016590
-0.016618
-0.016646
-0.016674
-0.016702
-0.016730
-0.016758
-0.016786
-0.016814
-0.016842
-0.016869
-0.016897
-0.016925
-0.016953
-0.016981
-0.017009
-0.017036
-0.017064
-0.017092
-0.017120
-0.017147
-0.017175
-0.017203
-0.017231
-0.017258
-0.017286
-0.017314
-0.017341
-0.017369
-0.017397
-0.017424
-0.017452
-0.017480
-0.017507
-0.017535
-0.017563
-0.017590
-0.017618
-0.017645
-0.017673
-0.017700
-0.017728
-0.017756
-0.017783
-0.017811
-0.017838
-0.017866
-0.017893
-0.017921
-0.017948
-0.017975
-0.018003
-0.018030
-0.018058
-0.018085
-0.018113
-0.018140
-0.018167
-0.018195
-0.018222
-0.018249
-0.018277
-0.018304
-0.018331
-0.018359
-0.018386
-0.018413
-0.018441
-0.018468
-0.018495
-0.018522
-0.018550
-0.018577
-0.018604
-0.018631
-0.018658
-0.018686
-0.018713
-0.018740
-0.018767
-0.018794
-0.018821
-0.018849
-0.018876
-0.018903
-0.018930
-0.018957
-0.018984
-0.019011
-0.019038
-0.019065
-0.019092
-0.019119
-0.019146
-0.019173
-0.019200
-0.019227
-0.019254
-0.019281
-0.019308
-0.019335
-0.019362
-0.019389
-0.019416
-0.019443
-0.019469
-0.019496
-0.019523
-0.019550
-0.019577
-0.019604
-0.019631
-0.019657
-0.019684
-0.019711
-0.019738
-0.019764
-0.019791
-0.019818
-0.019845
-0.019871
-0.019898
-0.019925
-0.019951
-0.019978
-0.020005
-0.020031
-0.020058
-0.020085
-0.020111
-0.020138
-0.020165
-0.020191
-0.020218
-0.020244
-0.020271
-0.020297
-0.020324
-0.020350
-0.020377
-0.020403
-0.020430
-0.020456
-0.020483
-0.020509
-0.020536
-0.020562
-0.020589
-0.020615
-0.020641
-0.020668
-0.020694
-0.020721
-0.020747
-0.020773
-0.020800
-0.020826
-0.020852
-0.020879
-0.020905
-0.020931
-0.020957
-0.020984
-0.021010
-0.021036
-0.021062
-0.021089
-0.021115
-0.021141
-0.021167
-0.021193
-0.021219
-0.021246
-0.021272
-0.021298
-0.021324
-0.021350
-0.021376
-0.021402
-0.021428
-0.021454
-0.021480
-0.021506
-0.021532
-0.021558
-0.021584
-0.021610
-0.021636
-0.021662
-0.021688
-0.021714
-0.021740
-0.021766
-0.021792
-0.021818
-0.021844
-0.021870
-0.021895
-0.021921
-0.021947
-0.021973
-0.021999
-0.022025
-0.022050
-0.022076
-0.022102
-0.022128
-0.022153
-0.022179
-0.022205
-0.022231
-0.022256
-0.022282
-0.022308
-0.022333
-0.022359
-0.022385
-0.022410
-0.022436
-0.022462
-0.022487
-0.022513
-0.022538
-0.022564
-0.022589
-0.022615
-0.022641
-0.022666
-0.022692
-0.022717
-0.022743
-0.022768
-0.022794
-0.022819
-0.022844
-0.022870
-0.022895
-0.022921
-0.022946
-0.022971
-0.022997
-0.023022
-0.023048
-0.023073
-0.023098
-0.023124
-0.023149
-0.023174
-0.023199
-0.023225
-0.023250
-0.023275
-0.023300
-0.023326
-0.023351
-0.023376
-0.023401
-0.023426
-0.023452
-0.023477
-0.023502
-0.023527
-0.023552
-0.023577
-0.023602
-0.023627
-0.023653
-0.023678
-0.023703
-0.023728
-0.023753
-0.023778
-0.023803
-0.023828
-0.023853
-0.023878
-0.023903
-0.023928
-0.023953
-0.023977
-0.024002
-0.024027
-0.024052
-0.024077
-0.024102
-0.024127
-0.024152
-0.024176
-0.024201
-0.024226
-0.024251
-0.024276
-0.024300
-0.024325
-0.024350
-0.024375
-0.024399
-0.024424
-0.024449
-0.024474
-0.024498
-0.024523
-0.024548
-0.024572
-0.024597
-0.024622
-0.024646
-0.024671
-0.024695
-0.024720
-0.024745
-0.024769
-0.024794
-0.024818
-0.024843
-0.024867
-0.024892
-0.024916
-0.024941
-0.024965
-0.024990
-0.025014
-0.025038
-0.025063
-0.025087
-0.025112
-0.025136
-0.025160
-0.025185
-0.025209
-0.025233
-0.025258
-0.025282
-0.025306
-0.025331
-0.025355
-0.025379
-0.025404
-0.025428
-0.025452
-0.025476
-0.025500
-0.025525
-0.025549
-0.025573
-0.025597
-0.025621
-0.025645
-0.025670
-0.025694
-0.025718
-0.025742
-0.025766
-0.025790
-0.025814
-0.025838
-0.025862
-0.025886
-0.025910
-0.025934
-0.025958
-0.025982
-0.026006
-0.026030
-0.026054
-0.026078
-0.026102
-0.026126
-0.026150
-0.026174
-0.026198
-0.026221
-0.026245
-0.026269
-0.026293
-0.026317
-0.026341
-0.026364
-0.026388
-0.026412
-0.026436
-0.026460
-0.026483
-0.026507
-0.026531
-0.026554
-0.026578
-0.026602
-0.026625
-0.026649
-0.026673
-0.026696
-0.026720
-0.026744
-0.026767
-0.026791
-0.026814
-0.026838
-0.026862
-0.026885
-0.026909
-0.026932
-0.026956
-0.026979
-0.027003
-0.027026
-0.027050
-0.027073
-0.027096
-0.027120
-0.027143
-0.027167
-0.027190
-0.027214
-0.027237
-0.027260
-0.027284
-0.027307
-0.027330
-0.027354
-0.027377
-0.027400
-0.027423
-0.027447
-0.027470
-0.027493
-0.027516
-0.027540
-0.027563
-0.027586
-0.027609
-0.027632
-0.027656
-0.027679
-0.027702
-0.027725
-0.027748
-0.027771
-0.027794
-0.027818
-0.027841
-0.027864
-0.027887
-0.027910
-0.027933
-0.027956
-0.027979
-0.028002
-0.028025
-0.028048
-0.028071
-0.028094
-0.028117
-0.028140
-0.028162
-0.028185
-0.028208
-0.028231
-0.028254
-0.028277
-0.028300
-0.028323
-0.028345
-0.028368
-0.028391
-0.028414
-0.028437
-0.028459
-0.028482
-0.028505
-0.028528
-0.028550
-0.028573
-0.028596
-0.028618
-0.028641
-0.028664
-0.028686
-0.028709
-0.028732
-0.028754
-0.028777
-0.028799
-0.028822
-0.028845
-0.028867
-0.028890
-0.028912
-0.028935
-0.028957
-0.028980
-0.029002
-0.029025
-0.029047
-0.029070
-0.029092
-0.029115
-0.029137
-0.029160
-0.029182
-0.029204
-0.029227
-0.029249
-0.029271
-0.029294
-0.029316
-0.029338
-0.029361
-0.029383
-0.029405
-0.029428
-0.029450
-0.029472
-0.029494
-0.029517
-0.029539
-0.029561
-0.029583
-0.029606
-0.029628
-0.029650
-0.029672
-0.029694
-0.029716
-0.029738
-0.029761
-0.029783
-0.029805
-0.029827
-0.029849
-0.029871
-0.029893
-0.029915
-0.029937
-0.029959
-0.029981
-0.030003
-0.030025
-0.030047
-0.030069
-0.030091
-0.030113
-0.030135
-0.030157
-0.030179
-0.030200
-0.030222
-0.030244
-0.030266
-0.030288
-0.030310
-0.030332
-0.030353
-0.030375
-0.030397
-0.030419
-0.030441
-0.030462
-0.030484
-0.030506
-0.030528
-0.030549
-0.030571
-0.030593
-0.030614
-0.030636
-0.030658
-0.030679
-0.030701
-0.030723
-0.030744
-0.030766
-0.030787
-0.030809
-0.030830
-0.030852
-0.030874
-0.030895
-0.030917
-0.030938
-0.030960
-0.030981
-0.031003
-0.031024
-0.031046
-0.031067
-0.031088
-0.031110
-0.031131
-0.031153
-0.031174
-0.031195
-0.031217
-0.031238
-0.031260
-0.031281
-0.031302
-0.031324
-0.031345
-0.031366
-0.031387
-0.031409
-0.031430
-0.031451
-0.031472
-0.031494
-0.031515
-0.031536
-0.031557
-0.031578
-0.031600
-0.031621
-0.031642
-0.031663
-0.031684
-0.031705
-0.031726
-0.031748
-0.031769
-0.031790
-0.031811
-0.031832
-0.031853
-0.031874
-0.031895
-0.031916
-0.031937
-0.031958
-0.031979
-0.032000
-0.032021
-0.032042
-0.032063
-0.032084
-0.032104
-0.032125
-0.032146
-0.032167
-0.032188
-0.032209
-0.032230
-0.032251
-0.032271
-0.032292
-0.032313
-0.032334
-0.032355
-0.032375
-0.032396
-0.032417
-0.032438
-0.032458
-0.032479
-0.032500
-0.032520
-0.032541
-0.032562
-0.032582
-0.032603
-0.032624
-0.032644
-0.032665
-0.032686
-0.032706
-0.032727
-0.032747
-0.032768
-0.032788
-0.032809
-0.032830
-0.032850
-0.032871
-0.032891
-0.032912
-0.032932
-0.032953
-0.032973
-0.032993
-0.033014
-0.033034
-0.033055
-0.033075
-0.033095
-0.033116
-0.033136
-0.033157
-0.033177
-0.033197
-0.033218
-0.033238
-0.033258
-0.033279
-0.033299
-0.033319
-0.033339
-0.033360
-0.033380
-0.033400
-0.033420
-0.033441
-0.033461
-0.033481
-0.033501
-0.033521
-0.033541
-0.033562
-0.033582
-0.033602
-0.033622
-0.033642
-0.033662
-0.033682
-0.033702
-0.033722
-0.033742
-0.033762
-0.033783
-0.033803
-0.033823
-0.033843
-0.033863
-0.033883
-0.033902
-0.033922
-0.033942
-0.033962
-0.033982
-0.034002
-0.034022
-0.034042
-0.034062
-0.034082
-0.034102
-0.034121
-0.034141
-0.034161
-0.034181
-0.034201
-0.034221
-0.034240
-0.034260
-0.034280
-0.034300
-0.034319
-0.034339
-0.034359
-0.034379
-0.034398
-0.034418
-0.034438
-0.034457
-0.034477
-0.034497
-0.034516
-0.034536
-0.034556
-0.034575
-0.034595
-0.034614
-0.034634
-0.034654
-0.034673
-0.034693
-0.034712
-0.034732
-0.034751
-0.034771
-0.034790
-0.034810
-0.034829
-0.034849
-0.034868
-0.034888
-0.034907
-0.034926
-0.034946
-0.034965
-0.034985
-0.035004
-0.035023
-0.035043
-0.035062
-0.035081
-0.035101
-0.035120
-0.035139
-0.035159
-0.035178
-0.035197
-0.035217
-0.035236
-0.035255
-0.035274
-0.035294
-0.035313
-0.035332
-0.035351
-0.035370
-0.035390
-0.035409
-0.035428
-0.035447
-0.035466
-0.035485
-0.035504
-0.035523
-0.035543
-0.035562
-0.035581
-0.035600
-0.035619
-0.035638
-0.035657
-0.035676
-0.035695
-0.035714
-0.035733
-0.035752
-0.035771
-0.035790
-0.035809
-0.035828
-0.035847
-0.035866
-0.035885
-0.035903
-0.035922
-0.035941
-0.035960
-0.035979
-0.035998
-0.036017
-0.036035
-0.036054
-0.036073
-0.036092
-0.036111
-0.036130
-0.036148
-0.036167
-0.036186
-0.036205
-0.036223
-0.036242
-0.036261
-0.036279
-0.036298
-0.036317
-0.036335
-0.036354
-0.036373
-0.036391
-0.036410
-0.036429
-0.036447
-0.036466
-0.036484
-0.036503
-0.036522
-0.036540
-0.036559
-0.036577
-0.036596
-0.036614
-0.036633
-0.036651
-0.036670
-0.036688
-0.036707
-0.036725
-0.036744
-0.036762
-0.036781
-0.036799
-0.036817
-0.036836
-0.036854
-0.036873
-0.036891
-0.036909
-0.036928
-0.036946
-0.036964
-0.036983
-0.037001
-0.037019
-0.037037
-0.037056
-0.037074
-0.037092
-0.037111
-0.037129
-0.037147
-0.037165
-0.037183
-0.037202
-0.037220
-0.037238
-0.037256
-0.037274
-0.037293
-0.037311
-0.037329
-0.037347
-0.037365
-0.037383
-0.037401
-0.037419
-0.037437
-0.037455
-0.037474
-0.037492
-0.037510
-0.037528
-0.037546
-0.037564
-0.037582
-0.037600
-0.037618
-0.037636
-0.037654
-0.037671
-0.037689
-0.037707
-0.037725
-0.037743
-0.037761
-0.037779
-0.037797
-0.037815
-0.037833
-0.037850
-0.037868
-0.037886
-0.037904
-0.037922
-0.037939
-0.037957
-0.037975
-0.037993
-0.038011
-0.038028
-0.038046
-0.038064
-0.038082
-0.038099
-0.038117
-0.038135
-0.038152
-0.038170
-0.038188
-0.038205
-0.038223
-0.038241
-0.038258
-0.038276
-0.038293
-0.038311
-0.038329
-0.038346
-0.038364
-0.038381
-0.038399
-0.038416
-0.038434
-0.038452
-0.038469
-0.038487
-0.038504
-0.038521
-0.038539
-0.038556
-0.038574
-0.038591
-0.038609
-0.038626
-0.038644
-0.038661
-0.038678
-0.038696
-0.038713
-0.038731
-0.038748
-0.038765
-0.038783
-0.038800
-0.038817
-0.038835
-0.038852
-0.038869
-0.038886
-0.038904
-0.038921
-0.038938
-0.038955
-0.038973
-0.038990
-0.039007
-0.039024
-0.039042
-0.039059
-0.039076
-0.039093
-0.039110
-0.039127
-0.039145
-0.039162
-0.039179
-0.039196
-0.039213
-0.039230
-0.039247
-0.039264
-0.039281
-0.039298
-0.039315
-0.039332
-0.039349
-0.039367
-0.039384
-0.039401
-0.039418
-0.039434
-0.039451
-0.039468
-0.039485
-0.039502
-0.039519
-0.039536
-0.039553
-0.039570
-0.039587
-0.039604
-0.039621
-0.039638
-0.039654
-0.039671
-0.039688
-0.039705
-0.039722
-0.039739
-0.039755
-0.039772
-0.039789
-0.039806
-0.039822
-0.039839
-0.039856
-0.039873
-0.039889
-0.039906
-0.039923
-0.039940
-0.039956
-0.039973
-0.039990
-0.040006
-0.040023
-0.040040
-0.040056
-0.040073
-0.040089
-0.040106
-0.040123
-0.040139
-0.040156
-0.040172
-0.040189
-0.040206
-0.040222
-0.040239
-0.040255
-0.040272
-0.040288
-0.040305
-0.040321
-0.040338
-0.040354
-0.040371
-0.040387
-0.040403
-0.040420
-0.040436
-0.040453
-0.040469
-0.040486
-0.040502
-0.040518
-0.040535
-0.040551
-0.040567
-0.040584
-0.040600
-0.040616
-0.040633
-0.040649
-0.040665
-0.040682
-0.040698
-0.040714
-0.040730
-0.040747
-0.040763
-0.040779
-0.040795
-0.040812
-0.040828
-0.040844
-0.040860
-0.040876
-0.040893
-0.040909
-0.040925
-0.040941
-0.040957
-0.040973
-0.040989
-0.041006
-0.041022
-0.041038
-0.041054
-0.041070
-0.041086
-0.041102
-0.041118
-0.041134
-0.041150
-0.041166
-0.041182
-0.041198
-0.041214
-0.041230
-0.041246
-0.041262
-0.041278
-0.041294
-0.041310
-0.041326
-0.041342
-0.041358
-0.041374
-0.041390
-0.041405
-0.041421
-0.041437
-0.041453
-0.041469
-0.041485
-0.041501
-0.041516
-0.041532
-0.041548
-0.041564
-0.041580
-0.041595
-0.041611
-0.041627
-0.041643
-0.041658
-0.041674
-0.041690
-0.041706
-0.041721
-0.041737
-0.041753
-0.041768
-0.041784
-0.041800
-0.041815
-0.041831
-0.041847
-0.041862
-0.041878
-0.041894
-0.041909
-0.041925
-0.041940
-0.041956
-0.041971
-0.041987
-0.042003
-0.042018
-0.042034
-0.042049
-0.042065
-0.042080
-0.042096
-0.042111
-0.042127
-0.042142
-0.042158
-0.042173
-0.042188
-0.042204
-0.042219
-0.042235
-0.042250
-0.042266
-0.042281
-0.042296
-0.042312
-0.042327
-0.042342
-0.042358
-0.042373
-0.042389
-0.042404
-0.042419
-0.042434
-0.042450
-0.042465
-0.042480
-0.042496
-0.042511
-0.042526
-0.042541
-0.042557
-0.042572
-0.042587
-0.042602
-0.042618
-0.042633
-0.042648
-0.042663
-0.042678
-0.042693
-0.042709
-0.042724
-0.042739
-0.042754
-0.042769
-0.042784
-0.042799
-0.042814
-0.042829
-0.042845
-0.042860
-0.042875
-0.042890
-0.042905
-0.042920
-0.042935
-0.042950
-0.042965
-0.042980
-0.042995
-0.043010
-0.043025
-0.043040
-0.043055
-0.043070
-0.043085
-0.043100
-0.043115
-0.043129
-0.043144
-0.043159
-0.043174
-0.043189
-0.043204
-0.043219
-0.043234
-0.043248
-0.043263
-0.043278
-0.043293
-0.043308
-0.043323
-0.043337
-0.043352
-0.043367
-0.043382
-0.043396
-0.043411
-0.043426
-0.043441
-0.043455
-0.043470
-0.043485
-0.043500
-0.043514
-0.043529
-0.043544
-0.043558
-0.043573
-0.043588
-0.043602
-0.043617
-0.043632
-0.043646
-0.043661
-0.043675
-0.043690
-0.043705
-0.043719
-0.043734
-0.043748
-0.043763
-0.043777
-0.043792
-0.043807
-0.043821
-0.043836
-0.043850
-0.043865
-0.043879
-0.043894
-0.043908
-0.043923
-0.043937
-0.043951
-0.043966
-0.043980
-0.043995
-0.044009
-0.044024
-0.044038
-0.044052
-0.044067
-0.044081
-0.044095
-0.044110
-0.044124
-0.044139
-0.044153
-0.044167
-0.044182
-0.044196
-0.044210
-0.044224
-0.044239
-0.044253
-0.044267
-0.044282
-0.044296
-0.044310
-0.044324
-0.044338
-0.044353
-0.044367
-0.044381
-0.044395
-0.044409
-0.044424
-0.044438
-0.044452
-0.044466
-0.044480
-0.044494
-0.044509
-0.044523
-0.044537
-0.044551
-0.044565
-0.044579
-0.044593
-0.044607
-0.044621
-0.044635
-0.044649
-0.044664
-0.044678
-0.044692
-0.044706
-0.044720
-0.044734
-0.044748
-0.044762
-0.044776
-0.044790
-0.044804
-0.044817
-0.044831
-0.044845
-0.044859
-0.044873
-0.044887
-0.044901
-0.044915
-0.044929
-0.044943
-0.044957
-0.044970
-0.044984
-0.044998
-0.045012
-0.045026
-0.045040
-0.045053
-0.045067
-0.045081
-0.045095
-0.045109
-0.045122
-0.045136
-0.045150
-0.045164
-0.045178
-0.045191
-0.045205
-0.045219
-0.045232
-0.045246
-0.045260
-0.045274
-0.045287
-0.045301
-0.045315
-0.045328
-0.045342
-0.045356
-0.045369
-0.045383
-0.045396
-0.045410
-0.045424
-0.045437
-0.045451
-0.045464
-0.045478
-0.045492
-0.045505
-0.045519
-0.045532
-0.045546
-0.045559
-0.045573
-0.045586
-0.045600
-0.045613
-0.045627
-0.045640
-0.045654
-0.045667
-0.045681
-0.045694
-0.045708
-0.045721
-0.045734
-0.045748
-0.045761
-0.045775
-0.045788
-0.045802
-0.045815
-0.045828
-0.045842
-0.045855
-0.045868
-0.045882
-0.045895
-0.045908
-0.045922
-0.045935
-0.045948
-0.045962
-0.045975
-0.045988
-0.046001
-0.046015
-0.046028
-0.046041
-0.046054
-0.046068
-0.046081
-0.046094
-0.046107
-0.046121
-0.046134
-0.046147
-0.046160
-0.046173
-0.046186
-0.046200
-0.046213
-0.046226
-0.046239
-0.046252
-0.046265
-0.046278
-0.046292
-0.046305
-0.046318
-0.046331
-0.046344
-0.046357
-0.046370
-0.046383
-0.046396
-0.046409
-0.046422
-0.046435
-0.046448
-0.046461
-0.046474
-0.046487
-0.046500
-0.046513
-0.046526
-0.046539
-0.046552
-0.046565
-0.046578
-0.046591
-0.046604
-0.046617
-0.046630
-0.046643
-0.046655
-0.046668
-0.046681
-0.046694
-0.046707
-0.046720
-0.046733
-0.046746
-0.046758
-0.046771
-0.046784
-0.046797
-0.046810
-0.046822
-0.046835
-0.046848
-0.046861
-0.046874
-0.046886
-0.046899
-0.046912
-0.046925
-0.046937
-0.046950
-0.046963
-0.046975
-0.046988
-0.047001
-0.047014
-0.047026
-0.047039
-0.047052
-0.047064
-0.047077
-0.047090
-0.047102
-0.047115
-0.047127
-0.047140
-0.047153
-0.047165
-0.047178
-0.047190
-0.047203
-0.047216
-0.047228
-0.047241
-0.047253
-0.047266
-0.047278
-0.047291
-0.047303
-0.047316
-0.047328
-0.047341
-0.047353
-0.047366
-0.047378
-0.047391
-0.047403
-0.047416
-0.047428
-0.047441
-0.047453
-0.047465
-0.047478
-0.047490
-0.047503
-0.047515
-0.047527
-0.047540
-0.047552
-0.047565
-0.047577
-0.047589
-0.047602
-0.047614
-0.047626
-0.047639
-0.047651
-0.047663
-0.047676
-0.047688
-0.047700
-0.047712
-0.047725
-0.047737
-0.047749
-0.047761
-0.047774
-0.047786
-0.047798
-0.047810
-0.047823
-0.047835
-0.047847
-0.047859
-0.047871
-0.047884
-0.047896
-0.047908
-0.047920
-0.047932
-0.047944
-0.047957
-0.047969
-0.047981
-0.047993
-0.048005
-0.048017
-0.048029
-0.048041
-0.048053
-0.048065
-0.048077
-0.048090
-0.048102
-0.048114
-0.048126
-0.048138
-0.048150
-0.048162
-0.048174
-0.048186
-0.048198
-0.048210
-0.048222
-0.048234
-0.048246
-0.048258
-0.048270
-0.048282
-0.048293
-0.048305
-0.048317
-0.048329
-0.048341
-0.048353
-0.048365
-0.048377
-0.048389
-0.048401
-0.048413
-0.048424
-0.048436
-0.048448
-0.048460
-0.048472
-0.048484
-0.048495
-0.048507
-0.048519
-0.048531
-0.048543
-0.048554
-0.048566
-0.048578
-0.048590
-0.048601
-0.048613
-0.048625
-0.048637
-0.048648
-0.048660
-0.048672
-0.048684
-0.048695
-0.048707
-0.048719
-0.048730
-0.048742
-0.048754
-0.048765
-0.048777
-0.048789
-0.048800
-0.048812
-0.048824
-0.048835
-0.048847
-0.048858
-0.048870
-0.048882
-0.048893
-0.048905
-0.048916
-0.048928
-0.048940
-0.048951
-0.048963
-0.048974
-0.048986
-0.048997
-0.049009
-0.049020
-0.049032
-0.049043
-0.049055
-0.049066
-0.049078
-0.049089
-0.049101
-0.049112
-0.049124
-0.049135
-0.049146
-0.049158
-0.049169
-0.049181
-0.049192
-0.049204
-0.049215
-0.049226
-0.049238
-0.049249
-0.049260
-0.049272
-0.049283
-0.049295
-0.049306
-0.049317
-0.049329
-0.049340
-0.049351
-0.049362
-0.049374
-0.049385
-0.049396
-0.049408
-0.049419
-0.049430
-0.049441
-0.049453
-0.049464
-0.049475
-0.049486
-0.049498
-0.049509
-0.049520
-0.049531
-0.049543
-0.049554
-0.049565
-0.049576
-0.049587
-0.049598
-0.049610
-0.049621
-0.049632
-0.049643
-0.049654
-0.049665
-0.049676
-0.049688
-0.049699
-0.049710
-0.049721
-0.049732
-0.049743
-0.049754
-0.049765
-0.049776
-0.049787
-0.049798
-0.049809
-0.049821
-0.049832
-0.049843
-0.049854
-0.049865
-0.049876
-0.049887
-0.049898
-0.049909
-0.049920
-0.049931
-0.049942
-0.049952
-0.049963
-0.049974
-0.049985
-0.049996
-0.050007
-0.050018
-0.050029
-0.050040
-0.050051
-0.050062
-0.050073
-0.050083
-0.050094
-0.050105
-0.050116
-0.050127
-0.050138
-0.050149
-0.050159
-0.050170
-0.050181
-0.050192
-0.050203
-0.050214
-0.050224
-0.050235
-0.050246
-0.050257
-0.050268
-0.050278
-0.050289
-0.050300
-0.050311
-0.050321
-0.050332
-0.050343
-0.050353
-0.050364
-0.050375
-0.050386
-0.050396
-0.050407
-0.050418
-0.050428
-0.050439
-0.050450
-0.050460
-0.050471
-0.050482
-0.050492
-0.050503
-0.050514
-0.050524
-0.050535
-0.050545
-0.050556
-0.050567
-0.050577
-0.050588
-0.050598
-0.050609
-0.050619
-0.050630
-0.050641
-0.050651
-0.050662
-0.050672
-0.050683
-0.050693
-0.050704
-0.050714
-0.050725
-0.050735
-0.050746
-0.050756
-0.050767
-0.050777
-0.050788
-0.050798
-0.050809
-0.050819
-0.050829
-0.050840
-0.050850
-0.050861
-0.050871
-0.050882
-0.050892
-0.050902
-0.050913
-0.050923
-0.050933
-0.050944
-0.050954
-0.050965
-0.050975
-0.050985
-0.050996
-0.051006
-0.051016
-0.051027
-0.051037
-0.051047
-0.051058
-0.051068
-0.051078
-0.051088
-0.051099
-0.051109
-0.051119
-0.051129
-0.051140
-0.051150
-0.051160
-0.051170
-0.051181
-0.051191
-0.051201
-0.051211
-0.051222
-0.051232
-0.051242
-0.051252
-0.051262
-0.051272
-0.051283
-0.051293
-0.051303
-0.051313
-0.051323
-0.051333
-0.051344
-0.051354
-0.051364
-0.051374
-0.051384
-0.051394
-0.051404
-0.051414
-0.051424
-0.051434
-0.051444
-0.051455
-0.051465
-0.051475
-0.051485
-0.051495
-0.051505
-0.051515
-0.051525
-0.051535
-0.051545
-0.051555
-0.051565
-0.051575
-0.051585
-0.051595
-0.051605
-0.051615
-0.051625
-0.051635
-0.051645
-0.051655
-0.051665
-0.051674
-0.051684
-0.051694
-0.051704
-0.051714
-0.051724
-0.051734
-0.051744
-0.051754
-0.051764
-0.051773
-0.051783
-0.051793
-0.051803
-0.051813
-0.051823
-0.051833
-0.051842
-0.051852
-0.051862
-0.051872
-0.051882
-0.051891
-0.051901
-0.051911
-0.051921
-0.051931
-0.051940
-0.051950
-0.051960
-0.051970
-0.051979
-0.051989
-0.051999
-0.052009
-0.052018
-0.052028
-0.052038
-0.052047
-0.052057
-0.052067
-0.052077
-0.052086
-0.052096
-0.052106
-0.052115
-0.052125
-0.052135
-0.052144
-0.052154
-0.052164
-0.052173
-0.052183
-0.052192
-0.052202
-0.052212
-0.052221
-0.052231
-0.052240
-0.052250
-0.052260
-0.052269
-0.052279
-0.052288
-0.052298
-0.052307
-0.052317
-0.052326
-0.052336
-0.052346
-0.052355
-0.052365
-0.052374
-0.052384
-0.052393
-0.052403
-0.052412
-0.052422
-0.052431
-0.052441
-0.052450
-0.052459
-0.052469
-0.052478
-0.052488
-0.052497
-0.052507
-0.052516
-0.052526
-0.052535
-0.052544
-0.052554
-0.052563
-0.052573
-0.052582
-0.052591
-0.052601
-0.052610
-0.052619
-0.052629
-0.052638
-0.052647
-0.052657
-0.052666
-0.052675
-0.052685
-0.052694
-0.052703
-0.052713
-0.052722
-0.052731
-0.052741
-0.052750
-0.052759
-0.052768
-0.052778
-0.052787
-0.052796
-0.052805
-0.052815
-0.052824
-0.052833
-0.052842
-0.052852
-0.052861
-0.052870
-0.052879
-0.052888
-0.052898
-0.052907
-0.052916
-0.052925
-0.052934
-0.052944
-0.052953
-0.052962
-0.052971
-0.052980
-0.052989
-0.052998
-0.053008
-0.053017
-0.053026
-0.053035
-0.053044
-0.053053
-0.053062
-0.053071
-0.053080
-0.053089
-0.053099
-0.053108
-0.053117
-0.053126
-0.053135
-0.053144
-0.053153
-0.053162
-0.053171
-0.053180
-0.053189
-0.053198
-0.053207
-0.053216
-0.053225
-0.053234
-0.053243
-0.053252
-0.053261
-0.053270
-0.053279
-0.053288
-0.053297
-0.053306
-0.053315
-0.053324
-0.053333
-0.053341
-0.053350
-0.053359
-0.053368
-0.053377
-0.053386
-0.053395
-0.053404
-0.053413
-0.053422
-0.053430
-0.053439
-0.053448
-0.053457
-0.053466
-0.053475
-0.053484
-0.053492
-0.053501
-0.053510
-0.053519
-0.053528
-0.053536
-0.053545
-0.053554
-0.053563
-0.053572
-0.053580
-0.053589
-0.053598
-0.053607
-0.053615
-0.053624
-0.053633
-0.053642
-0.053650
-0.053659
-0.053668
-0.053677
-0.053685
-0.053694
-0.053703
-0.053711
-0.053720
-0.053729
-0.053738
-0.053746
-0.053755
-0.053764
-0.053772
-0.053781
-0.053790
-0.053798
-0.053807
-0.053815
-0.053824
-0.053833
-0.053841
-0.053850
-0.053859
-0.053867
-0.053876
-0.053884
-0.053893
-0.053902
-0.053910
-0.053919
-0.053927
-0.053936
-0.053944
-0.053953
-0.053961
-0.053970
-0.053979
-0.053987
-0.053996
-0.054004
-0.054013
-0.054021
-0.054030
-0.054038
-0.054047
-0.054055
-0.054064
-0.054072
-0.054081
-0.054089
-0.054098
-0.054106
-0.054114
-0.054123
-0.054131
-0.054140
-0.054148
-0.054157
-0.054165
-0.054173
-0.054182
-0.054190
-0.054199
-0.054207
-0.054216
-0.054224
-0.054232
-0.054241
-0.054249
-0.054257
-0.054266
-0.054274
-0.054282
-0.054291
-0.054299
-0.054307
-0.054316
-0.054324
-0.054332
-0.054341
-0.054349
-0.054357
-0.054366
-0.054374
-0.054382
-0.054391
-0.054399
-0.054407
-0.054415
-0.054424
-0.054432
-0.054440
-0.054448
-0.054457
-0.054465
-0.054473
-0.054481
-0.054490
-0.054498
-0.054506
-0.054514
-0.054522
-0.054531
-0.054539
-0.054547
-0.054555
-0.054563
-0.054572
-0.054580
-0.054588
-0.054596
-0.054604
-0.054612
-0.054621
-0.054629
-0.054637
-0.054645
-0.054653
-0.054661
-0.054669
-0.054677
-0.054686
-0.054694
-0.054702
-0.054710
-0.054718
-0.054726
-0.054734
-0.054742
-0.054750
-0.054758
-0.054766
-0.054774
-0.054782
-0.054790
-0.054798
-0.054806
-0.054815
-0.054823
-0.054831
-0.054839
-0.054847
-0.054855
-0.054863
-0.054871
-0.054879
-0.054887
-0.054895
-0.054902
-0.054910
-0.054918
-0.054926
-0.054934
-0.054942
-0.054950
-0.054958
-0.054966
-0.054974
-0.054982
-0.054990
-0.054998
-0.055006
-0.055014
-0.055021
-0.055029
-0.055037
-0.055045
-0.055053
-0.055061
-0.055069
-0.055077
-0.055084
-0.055092
-0.055100
-0.055108
-0.055116
-0.055124
-0.055132
-0.055139
-0.055147
-0.055155
-0.055163
-0.055171
-0.055178
-0.055186
-0.055194
-0.055202
-0.055210
-0.055217
-0.055225
-0.055233
-0.055241
-0.055248
-0.055256
-0.055264
-0.055272
-0.055279
-0.055287
-0.055295
-0.055303
-0.055310
-0.055318
-0.055326
-0.055333
-0.055341
-0.055349
-0.055357
-0.055364
-0.055372
-0.055380
-0.055387
-0.055395
-0.055403
-0.055410
-0.055418
-0.055426
-0.055433
-0.055441
-0.055449
-0.055456
-0.055464
-0.055471
-0.055479
-0.055487
-0.055494
-0.055502
-0.055509
-0.055517
-0.055525
-0.055532
-0.055540
-0.055547
-0.055555
-0.055562
-0.055570
-0.055578
-0.055585
-0.055593
-0.055600
-0.055608
-0.055615
-0.055623
-0.055630
-0.055638
-0.055645
-0.055653
-0.055660
-0.055668
-0.055675
-0.055683
-0.055690
-0.055698
-0.055705
-0.055713
-0.055720
-0.055728
-0.055735
-0.055743
-0.055750
-0.055758
-0.055765
-0.055772
-0.055780
-0.055787
-0.055795
-0.055802
-0.055810
-0.055817
-0.055824
-0.055832
-0.055839
-0.055847
-0.055854
-0.055861
-0.055869
-0.055876
-0.055883
-0.055891
-0.055898
-0.055906
-0.055913
-0.055920
-0.055928
-0.055935
-0.055942
-0.055950
-0.055957
-0.055964
-0.055972
-0.055979
-0.055986
-0.055993
-0.056001
-0.056008
-0.056015
-0.056023
-0.056030
-0.056037
-0.056044
-0.056052
-0.056059
-0.056066
-0.056073
-0.056081
-0.056088
-0.056095
-0.056102
-0.056110
-0.056117
-0.056124
-0.056131
-0.056138
-0.056146
-0.056153
-0.056160
-0.056167
-0.056174
-0.056182
-0.056189
-0.056196
-0.056203
-0.056210
-0.056217
-0.056225
-0.056232
-0.056239
-0.056246
-0.056253
-0.056260
-0.056267
-0.056275
-0.056282
-0.056289
-0.056296
-0.056303
-0.056310
-0.056317
-0.056324
-0.056331
-0.056339
-0.056346
-0.056353
-0.056360
-0.056367
-0.056374
-0.056381
-0.056388
-0.056395
-0.056402
-0.056409
-0.056416
-0.056423
-0.056430
-0.056437
-0.056444
-0.056451
-0.056458
-0.056465
-0.056472
-0.056479
-0.056486
-0.056493
-0.056500
-0.056507
-0.056514
-0.056521
-0.056528
-0.056535
-0.056542
-0.056549
-0.056556
-0.056563
-0.056570
-0.056577
-0.056584
-0.056591
-0.056598
-0.056605
-0.056612
-0.056618
-0.056625
-0.056632
-0.056639
-0.056646
-0.056653
-0.056660
-0.056667
-0.056674
-0.056680
-0.056687
-0.056694
-0.056701
-0.056708
-0.056715
-0.056722
-0.056728
-0.056735
-0.056742
-0.056749
-0.056756
-0.056763
-0.056769
-0.056776
-0.056783
-0.056790
-0.056797
-0.056803
-0.056810
-0.056817
-0.056824
-0.056831
-0.056837
-0.056844
-0.056851
-0.056858
-0.056864
-0.056871
-0.056878
-0.056885
-0.056891
-0.056898
-0.056905
-0.056912
-0.056918
-0.056925
-0.056932
-0.056692
-0.055708
-0.053381
-0.049321
-0.043426
-0.035806
-0.026680
-0.016308
-0.004950
0.007156
0.019798
0.032790
0.045978
0.059230
0.072441
0.085526
0.098415
0.111057
0.123410
0.135446
0.147141
0.158482
0.169459
0.180068
0.190308
0.200181
0.209692
0.218846
0.227652
0.236117
0.244251
0.252063
0.259564
0.266763
0.273672
0.280299
0.286655
0.292749
0.298592
0.304193
0.309560
0.314702
0.319628
0.324346
0.328863
0.333188
0.337327
0.341288
0.345076
0.348699
0.352162
0.355472
0.358633
0.361652
0.364533
0.367282
0.369902
0.372399
0.374777
0.377040
0.379192
0.381237
0.383179
0.385021
0.386766
0.388418
0.389980
0.391454
0.392845
0.394154
0.395385
0.396540
0.397620
0.398630
0.399571
0.400445
0.401255
0.402002
0.402689
0.403318
0.403890
0.404407
0.404871
0.405284
0.405647
0.405962
0.406230
0.406454
0.406633
0.406771
0.406867
0.406924
0.406942
0.406923
0.406868
0.406778
0.406654
0.406498
0.406310
0.406091
0.406089
0.406804
0.408837
0.412587
0.418170
0.425493
0.434348
0.444486
0.455654
0.467616
0.480161
0.493098
0.506268
0.519532
0.532779
0.545917
0.558871
0.571585
0.584014
0.596123
0.607889
0.619295
0.630328
0.640983
0.651259
0.661155
0.670675
0.679825
0.688612
0.697043
0.705129
0.712878
0.720301
0.727407
0.734207
0.740712
0.746930
0.752874
0.758551
0.763972
0.769146
0.774083
0.778790
0.783276
0.787550
0.791619
0.795491
0.799173
0.802671
0.805993
0.809145
0.812133
0.814962
0.817639
0.820169
0.822557
0.824808
0.826927
0.828917
0.830785
0.832533
0.834167
0.835689
0.837103
0.838414
0.839624
0.840737
0.841756
0.842684
0.843524
0.844279
0.844952
0.845545
0.846061
0.846502
0.846871
0.847169
0.847400
0.847566
0.847667
0.847707
0.847687
0.847610
0.847476
0.847288
0.847047
0.846755
0.846414
0.846025
0.845589
0.845109
0.844585
0.844018
0.843411
0.842764
0.842078
0.841355
0.840596
0.839801
0.838973
0.838112
0.837219
0.836294
0.835340
0.834357
0.833346
0.832307
0.831242
0.830151
0.829035
0.827895
0.826732
0.825546
0.824338
0.823109
0.821860
0.820590
0.819301
0.817994
0.816668
0.815325
0.813965
0.812589
0.811196
0.809789
0.808366
0.806929
0.805478
0.804013
0.802536
0.801046
0.799543
0.798029
0.796503
0.794967
0.793420
0.791862
0.790295
0.788718
0.787132
0.785536
0.783933
0.782321
0.780700
0.779073
0.777437
0.775795
0.774146
0.772489
0.770827
0.769158
0.767484
0.765804
0.764118
0.762427
0.760731
0.759031
0.757325
0.755615
0.753901
0.752183
0.750461
0.748736
0.747006
0.745274
0.743538
0.741799
0.740057
0.738313
0.736566
0.734816
0.733065
0.731311
0.729554
0.727796
0.726037
0.724275
0.722512
0.720747
0.718981
0.717214
0.715446
0.713676
0.711906
0.710135
0.708363
0.706590
0.704817
0.703043
0.701269
0.699495
0.697720
0.695946
0.694171
0.692396
0.690621
0.688846
0.687072
0.685297
0.683523
0.681750
0.679977
0.678204
0.676432
0.674661
0.672890
0.671120
0.669351
0.667583
0.665815
0.664049
0.662283
0.660519
0.658756
0.656993
0.655232
0.653472
0.651714
0.649956
0.648200
0.646446
0.644692
0.642940
0.641190
0.639441
0.637694
0.635948
0.634204
0.632461
0.630721
0.628981
0.627244
0.625508
0.623774
0.622042
0.620312
0.618583
0.616857
0.615132
0.613409
0.611688
0.609970
0.608253
0.606538
0.604825
0.603114
0.601406
0.599699
0.597995
0.596292
0.594592
0.592894
0.591198
0.589505
0.587813
0.586124
0.584437
0.582752
0.581070
0.579390
0.577712
0.576037
0.574364
0.572693
0.571024
0.569358
0.567695
0.566033
0.564375
0.562718
0.561064
0.559412
0.557763
0.556117
0.554473
0.552831
0.551192
0.549555
0.547921
0.546289
0.544660
0.543033
0.541409
0.539788
0.538169
0.536552
0.534939
0.533327
0.531719
0.530113
0.528509
0.526908
0.525310
0.523714
0.522122
0.520531
0.518943
0.517358
0.515776
0.514196
0.512619
0.511045
0.509473
0.507904
0.506338
0.504774
0.503213
0.501655
0.500099
0.498546
0.496996
0.495448
0.493904
0.492362
0.490822
0.489286
0.487752
0.486221
0.484693
0.483167
0.481644
0.480124
0.478607
0.477092
0.475580
0.474071
0.472565
0.471061
0.469560
0.468062
0.466567
0.465074
0.463585
0.462098
0.460613
0.459132
0.457653
0.456178
0.454705
0.453234
0.451767
0.450302
0.448840
0.447381
0.445925
0.444471
0.443021
0.441573
0.440127
0.438685
0.437246
0.435809
0.434375
0.432944
0.431515
0.430090
0.428667
0.427247
0.425830
0.424416
0.423004
0.421595
0.420189
0.418786
0.417386
0.415989
0.414594
0.413202
0.411813
0.410426
0.409043
0.407662
0.406284
0.404909
0.403537
0.402168
0.400801
0.399437
0.398076
0.396718
0.395362
0.394009
0.392659
0.391312
0.389968
0.388627
0.387288
0.385952
0.384619
0.383288
0.381961
0.380636
0.379314
0.377995
0.376679
0.375365
0.374054
0.372746
0.371441
0.370138
0.368839
0.367542
0.366248
0.364956
0.363668
0.362382
0.361099
0.359819
0.358541
0.357266
0.355995
0.354725
0.353459
0.352195
0.350934
0.349676
0.348421
0.347168
0.345918
0.344671
0.343427
0.342185
0.340946
0.339710
0.338476
0.337246
0.336018
0.334793
0.333570
0.332350
0.331133
0.329919
0.328707
0.327498
0.326292
0.325089
0.323888
0.322690
0.321495
0.320302
0.319112
0.317925
0.316741
0.315559
0.314380
0.313203
0.312030
0.310859
0.309690
0.308525
0.307362
0.306201
0.305044
0.303889
0.302737
0.301587
0.300440
0.299296
0.298154
0.297015
0.295879
0.294745
0.293614
0.292486
0.291360
0.290237
0.289116
0.287998
0.286883
0.285771
0.284661
0.283553
0.282449
0.281347
0.280247
0.279150
0.278056
0.276964
0.275875
0.274789
0.273705
0.272624
0.271545
0.270469
0.269396
0.268325
0.267256
0.266190
0.265127
0.264067
0.263009
0.261953
0.260900
0.259850
0.258802
0.257757
0.256714
0.255674
0.254636
0.253601
0.252568
0.251538
0.250511
0.249486
0.248463
0.247443
0.246426
0.245411
0.244398
0.243388
0.242381
0.241376
0.240373
0.239374
0.238376
0.237381
0.236388
0.235398
0.234411
0.233426
0.232443
0.231463
0.230485
0.229510
0.228537
0.227567
0.226599
0.225633
0.224670
0.223709
0.222751
0.221796
0.220842
0.219891
0.218943
0.217997
0.217053
0.216112
0.215173
0.214236
0.213302
0.212370
0.211441
0.210514
0.209589
0.208667
0.207747
0.206830
0.205915
0.205002
0.204092
0.203183
0.202278
0.201374
0.200473
0.199575
0.198678
0.197784
0.196893
0.196003
0.195116
0.194231
0.193349
0.192469
0.191591
0.190715
0.189842
0.188971
0.188103
0.187236
0.186372
0.185510
0.184651
0.183794
0.182938
0.182086
0.181235
0.180387
0.179541
0.178697
0.177856
0.177016
0.176179
0.175345
0.174512
0.173682
0.172853
0.172027
0.171204
0.170382
0.169563
0.168746
0.167931
0.167118
0.166308
0.165499
0.164693
0.163889
0.163087
0.162287
0.161490
0.160694
0.159901
0.159110
0.158321
0.157535
0.156750
0.155967
0.155187
0.154409
0.153633
0.152859
0.152087
0.151317
0.150549
0.149784
0.149020
0.148259
0.147500
0.146743
0.145987
0.145234
0.144483
0.143735
0.142988
0.142243
0.141500
0.140760
0.140021
0.139285
0.138550
0.137818
0.137087
0.136359
0.135633
0.134908
0.134186
0.133466
0.132748
0.132031
0.131317
0.130605
0.129895
0.129186
0.128480
0.127776
0.127073
0.126373
0.125675
0.124978
0.124284
0.123591
0.122901
0.122212
0.121526
0.120841
0.120159
0.119478
0.118799
0.118122
0.117447
0.116774
0.116103
0.115434
0.114766
0.114101
0.113437
0.112776
0.112116
0.111458
0.110802
0.110148
0.109496
0.108846
0.108197
0.107551
0.106906
0.106263
0.105622
0.104983
0.104346
0.103710
0.103077
0.102445
0.101815
0.101187
0.100561
0.099936
0.099314
0.098693
0.098074
0.097457
0.096841
0.096228
0.095616
0.095006
0.094397
0.093791
0.093186
0.092583
0.091982
0.091383
0.090785
0.090189
0.089595
0.089003
0.088412
0.087823
0.087236
0.086651
0.086067
0.085485
0.084905
0.084327
0.083750
0.083175
0.082601
0.082030
0.081460
0.080892
0.080325
0.079760
0.079197
0.078635
0.078076
0.077517
0.076961
0.076406
0.075853
0.075302
0.074752
0.074204
0.073657
0.073112
0.072569
0.072027
0.071487
0.070949
0.070412
0.069877
0.069344
0.068812
0.068282
0.067753
0.067226
0.066701
0.066177
0.065655
0.065134
0.064615
0.064097
0.063581
0.063067
0.062554
0.062043
0.061534
0.061025
0.060519
0.060014
0.059511
0.059009
0.058508
0.058010
0.057512
0.057017
0.056522
0.056030
0.055539
0.055049
0.054561
0.054074
0.053589
0.053106
0.052624
0.052143
0.051664
0.051186
0.050710
0.050235
0.049762
0.049291
0.048820
0.048352
0.047884
0.047418
0.046954
0.046491
0.046030
0.045570
0.045111
0.044654
0.044198
0.043744
0.043291
0.042840
0.042390
0.041941
0.041494
0.041048
0.040604
0.040161
0.039719
0.039279
0.038840
0.038403
0.037967
0.037532
0.037099
0.036667
0.036237
0.035808
0.035380
0.034954
0.034529
0.034105
0.033683
0.033262
0.032842
0.032424
0.032007
0.031592
0.031178
0.030765
0.030353
0.029943
0.029534
0.029126
0.028720
0.028315
0.027911
0.027509
0.027108
0.026708
0.026310
0.025913
0.025517
0.025122
0.024729
0.024337
0.023946
0.023557
0.023168
0.022782
0.022396
0.022011
0.021628
0.021246
0.020866
0.020486
0.020108
0.019731
0.019356
0.018981
0.018608
0.018236
0.017865
0.017496
0.017127
0.016760
0.016394
0.016030
0.015666
0.015304
0.014943
0.014583
0.014224
0.013867
0.013510
0.013155
0.012801
0.012449
0.012097
0.011747
0.011397
0.011049
0.010703
0.010357
0.010012
0.009669
0.009327
0.008985
0.008645
0.008307
0.007969
0.007632
0.007297
0.006963
0.006630
0.006298
0.005967
0.005637
0.005308
0.004981
0.004654
0.004329
0.004005
0.003682
0.003360
0.003039
0.002719
0.002400
0.002083
0.001766
0.001451
0.001136
0.000823
0.000511
0.000199
-0.000111
-0.000420
-0.000728
-0.001035
-0.001340
-0.001645
-0.001949
-0.002252
-0.002553
-0.002854
-0.003153
-0.003452
-0.003749
-0.004046
-0.004341
-0.004636
-0.004929
-0.005221
-0.005513
-0.005803
-0.006092
-0.006380
-0.006668
-0.006954
-0.007239
-0.007523
-0.007807
-0.008089
-0.008370
-0.008650
-0.008930
-0.009208
-0.009485
-0.009762
-0.010037
-0.010311
-0.010585
-0.010857
-0.011129
-0.011399
-0.011669
-0.011937
-0.012205
-0.012472
-0.012737
-0.013002
-0.013266
-0.013529
-0.013791
-0.014052
-0.014312
-0.014571
-0.014829
-0.015086
-0.015343
-0.015598
-0.015852
-0.016106
-0.016359
-0.016610
-0.016861
-0.017111
-0.017360
-0.017608
-0.017855
-0.018102
-0.018347
-0.018591
-0.018835
-0.019078
-0.019320
-0.019561
-0.019801
-0.020040
-0.020278
-0.020515
-0.020752
-0.020988
-0.021222
-0.021456
-0.021689
-0.021922
-0.022153
-0.022383
-0.022613
-0.022842
-0.023070
-0.023297
-0.023523
-0.023748
-0.023973
-0.024197
-0.024420
-0.024642
-0.024863
-0.025083
-0.025303
-0.025521
-0.025739
-0.025956
-0.026173
-0.026388
-0.026603
-0.026816
-0.027029
-0.027241
-0.027453
-0.027663
-0.027873
-0.028082
-0.028290
-0.028498
-0.028704
-0.028910
-0.029115
-0.029319
-0.029523
-0.029725
-0.029927
-0.030128
-0.030328
-0.030528
-0.030727
-0.030925
-0.031122
-0.031318
-0.031514
-0.031709
-0.031903
-0.032097
-0.032289
-0.032481
-0.032672
-0.032863
-0.033052
-0.033241
-0.033429
-0.033617
-0.033803
-0.033989
-0.034175
-0.034359
-0.034543
-0.034726
-0.034908
-0.035090
-0.035270
-0.035450
-0.035630
-0.035809
-0.035986
-0.036164
-0.036340
-0.036516
-0.036691
-0.036866
-0.037039
-0.037212
-0.037385
-0.037556
-0.037727
-0.037897
-0.038067
-0.038236
-0.038404
-0.038571
-0.038738
-0.038904
-0.039069
-0.039234
-0.039398
-0.039561
-0.039724
-0.039886
-0.040047
-0.040208
-0.040368
-0.040527
-0.040686
-0.040844
-0.041002
-0.041158
-0.041314
-0.041470
-0.041624
-0.041778
-0.041932
-0.042085
-0.042237
-0.042388
-0.042539
-0.042689
-0.042839
-0.042988
-0.043136
-0.043284
-0.043431
-0.043577
-0.043723
-0.043868
-0.044013
-0.044157
-0.044300
-0.044443
-0.044585
-0.044726
-0.044867
-0.045007
-0.045147
-0.045286
-0.045424
-0.045562
-0.045699
-0.045836
-0.045972
-0.046107
-0.046242
-0.046376
-0.046510
-0.046643
-0.046775
-0.046907
-0.047038
-0.047169
-0.047299
-0.047428
-0.047557
-0.047686
-0.047813
-0.047941
-0.048067
-0.048193
-0.048319
-0.048444
-0.048568
-0.048692
-0.048815
-0.048937
-0.049060
-0.049181
-0.049302
-0.049422
-0.049542
-0.049661
-0.049780
-0.049898
-0.050016
-0.050133
-0.050250
-0.050366
-0.050481
-0.050596
-0.050710
-0.050824
-0.050938
-0.051050
-0.051163
-0.051274
-0.051386
-0.051496
-0.051606
-0.051716
-0.051825
-0.051934
-0.052042
-0.052149
-0.052256
-0.052363
-0.052469
-0.052574
-0.052679
-0.052783
-0.052887
-0.052991
-0.053094
-0.053196
-0.053298
-0.053399
-0.053500
-0.053601
-0.053701
-0.053800
-0.053899
-0.053997
-0.054095
-0.054193
-0.054290
-0.054386
-0.054482
-0.054578
-0.054673

