0.000000
0.000000
-0.000026
-0.000052
-0.000077
-0.000103
-0.000128
-0.000153
-0.000177
-0.000201
-0.000224
-0.000247
-0.000270
-0.000293
-0.000315
-0.000337
-0.000359
-0.000380
-0.000402
-0.000423
-0.000444
-0.000465
-0.000485
-0.000506
-0.000526
-0.000547
-0.000567
-0.000587
-0.000607
-0.000627
-0.000647
-0.000667
-0.000687
-0.000707
-0.000726
-0.000746
-0.000766
-0.000785
-0.000805
-0.000824
-0.000844
-0.000863
-0.000883
-0.000902
-0.000922
-0.000941
-0.000961
-0.000980
-0.001000
-0.001019
-0.001038
-0.001058
-0.001077
-0.001097
-0.001116
-0.001135
-0.001155
-0.001174
-0.001194
-0.001213
-0.001233
-0.001252
-0.001271
-0.001291
-0.001310
-0.001330
-0.001349
-0.001369
-0.001388
-0.001408
-0.001428
-0.001447
-0.001467
-0.001486
-0.001506
-0.001525
-0.001545
-0.001565
-0.001584
-0.001604
-0.001624
-0.001644
-0.001663
-0.001683
-0.001703
-0.001723
-0.001743
-0.001762
-0.001782
-0.001802
-0.001822
-0.001842
-0.001862
-0.001882
-0.001902
-0.001922
-0.001942
-0.001962
-0.001982
-0.002002
-0.002022
-0.002042
-0.002063
-0.002083
-0.002103
-0.002123
-0.002143
-0.002164
-0.002184
-0.002204
-0.002225
-0.002245
-0.002265
-0.002286
-0.002306
-0.002326
-0.002347
-0.002367
-0.002388
-0.002408
-0.002429
-0.002449
-0.002470
-0.002491
-0.002511
-0.002532
-0.002553
-0.002573
-0.002594
-0.002615
-0.002635
-0.002656
-0.002677
-0.002698
-0.002719
-0.002739
-0.002760
-0.002781
-0.002802
-0.002823
-0.002844
-0.002865
-0.002886
-0.002907
-0.002928
-0.002949
-0.002970
-0.002991
-0.003012
-0.003033
-0.003054
-0.003075
-0.003097
-0.003118
-0.003139
-0.003160
-0.003181
-0.003203
-0.003224
-0.003245
-0.003266
-0.003288
-0.003309
-0.003330
-0.003352
-0.003373
-0.003395
-0.003416
-0.003437
-0.003459
-0.003480
-0.003502
-0.003523
-0.003545
-0.003566
-0.003588
-0.003610
-0.003631
-0.003653
-0.003674
-0.003696
-0.003718
-0.003739
-0.003761
-0.003783
-0.003804
-0.003826
-0.003848
-0.003869
-0.003891
-0.003913
-0.003935
-0.003956
-0.003978
-0.004000
-0.004022
-0.004044
-0.004066
-0.004088
-0.004109
-0.004131
-0.004153
-0.004175
-0.004197
-0.004219
-0.004241
-0.004263
-0.004285
-0.004307
-0.004329
-0.004351
-0.004373
-0.004395
-0.004417
-0.004439
-0.004461
-0.004483
-0.004505
-0.004527
-0.004550
-0.004572
-0.004594
-0.004616
-0.004638
-0.004660
-0.004683
-0.004705
-0.004727
-0.004749
-0.004771
-0.004794
-0.004816
-0.004838
-0.004860
-0.004883
-0.004905
-0.004927
-0.004949
-0.004972
-0.004994
-0.005016
-0.005039
-0.005061
-0.005083
-0.005106
-0.005128
-0.005150
-0.005173
-0.005195
-0.005218
-0.005240
-0.005262
-0.005285
-0.005307
-0.005330
-0.005352
-0.005375
-0.005397
-0.005419
-0.005442
-0.005464
-0.005487
-0.005509
-0.005532
-0.005554
-0.005577
-0.005599
-0.005622
-0.005644
-0.005667
-0.005690
-0.005712
-0.005735
-0.005757
-0.005780
-0.005802
-0.005825
-0.005847
-0.005870
-0.005893
-0.005915
-0.005938
-0.005960
-0.005983
-0.006006
-0.006028
-0.006051
-0.006073
-0.006096
-0.006119
-0.006141
-0.006164
-0.006187
-0.006209
-0.006232
-0.006255
-0.006277
-0.006300
-0.006323
-0.006345
-0.006368
-0.006391
-0.006413
-0.006436
-0.006459
-0.006482
-0.006504
-0.006527
-0.006550
-0.006572
-0.006595
-0.006618
-0.006641
-0.006663
-0.006686
-0.006709
-0.006731
-0.006754
-0.006777
-0.006800
-0.006822
-0.006845
-0.006868
-0.006891
-0.006913
-0.006936
-0.006959
-0.006982
-0.007004
-0.007027
-0.007050
-0.007073
-0.007095
-0.007118
-0.007141
-0.007164
-0.007187
-0.007209
-0.007232
-0.007255
-0.007278
-0.007300
-0.007323
-0.007346
-0.007369
-0.007392
-0.007414
-0.007437
-0.007460
-0.007483
-0.007505
-0.007528
-0.007551
-0.007574
-0.007597
-0.007619
-0.007642
-0.007665
-0.007688
-0.007711
-0.007733
-0.007756
-0.007779
-0.007802
-0.007825
-0.007847
-0.007870
-0.007893
-0.007916
-0.007939
-0.007961
-0.007984
-0.008007
-0.008030
-0.008052
-0.008075
-0.008098
-0.008121
-0.008144
-0.008166
-0.008189
-0.008212
-0.008235
-0.008258
-0.008280
-0.008303
-0.008326
-0.008349
-0.008371
-0.008394
-0.008417
-0.008440
-0.008462
-0.008485
-0.008508
-0.008531
-0.008554
-0.008576
-0.008599
-0.008622
-0.008645
-0.008667
-0.008690
-0.008713
-0.008736
-0.008758
-0.008781
-0.008804
-0.008827
-0.008849
-0.008872
-0.008895
-0.008917
-0.008940
-0.008963
-0.008986
-0.009008
-0.009031
-0.009054
-0.009077
-0.009099
-0.009122
-0.009145
-0.009167
-0.009190
-0.009213
-0.009235
-0.009258
-0.009281
-0.009304
-0.009326
-0.009349
-0.009372
-0.009394
-0.009417
-0.009440
-0.009462
-0.009485
-0.009508
-0.009530
-0.009553
-0.009576
-0.009598
-0.009621
-0.009643
-0.009666
-0.009689
-0.009711
-0.009734
-0.009757
-0.009779
-0.009802
-0.009824
-0.009847
-0.009870
-0.009892
-0.009915
-0.009937
-0.009960
-0.009983
-0.010005
-0.010028
-0.010050
-0.010073
-0.010095
-0.010118
-0.010141
-0.010163
-0.010186
-0.010208
-0.010231
-0.010253
-0.010276
-0.010298
-0.010321
-0.010343
-0.010366
-0.010388
-0.010411
-0.010433
-0.010456
-0.010478
-0.010501
-0.010523
-0.010546
-0.010568
-0.010591
-0.010613
-0.010636
-0.010658
-0.010680
-0.010703
-0.010725
-0.010748
-0.010770
-0.010793
-0.010815
-0.010837
-0.010860
-0.010882
-0.010905
-0.010927
0.639416
1.559440
2.605614
3.249057
3.703518
4.034743
4.279894
4.462120
4.596570
4.693625
4.755736
4.791540
4.806449
4.804495
4.788815
4.761910
4.725808
4.682190
4.632437
4.577713
4.518994
4.457116
4.392769
4.326547
4.258948
4.190413
4.121289
4.051882
3.982464
3.913241
3.844399
3.776102
3.708472
3.641616
3.575632
3.510588
3.446542
3.383542
3.321637
3.260845
3.811095
4.626365
5.567443
6.138352
6.528491
6.801222
6.992299
7.123938
7.210616
7.262256
7.280520
7.273968
7.247947
7.206407
7.152393
7.088324
7.016151
6.937466
6.853600
6.765664
6.674573
6.581123
6.485978
6.389688
6.292732
6.195503
6.098344
6.001526
5.905313
5.809880
5.715408
5.622040
5.529884
5.439041
5.349572
5.261563
5.175040
5.090048
5.006620
4.924759
5.430871
6.203632
7.104414
7.655916
8.029426
8.287179
8.464487
8.583179
8.657516
8.697245
8.703673
8.685320
8.647576
8.594409
8.528877
8.453395
8.369913
8.280029
8.185070
8.086149
7.984199
7.879997
7.774221
7.667418
7.560079
7.452590
7.345308
7.238502
7.132431
7.027279
6.923232
6.820414
6.718957
6.618938
6.520448
6.423527
6.328244
6.234626
6.142702
6.052486
5.963982
5.877208
5.792141
5.708795
5.627152
5.547194
5.468916
5.392285
5.317285
5.243905
5.172105
5.101864
5.033170
4.965978
4.900268
4.836020
4.773195
4.711763
4.651708
4.593001
4.535603
4.479491
4.424640
4.371026
4.318612
4.267375
4.217290
4.168335
4.120476
4.073686
4.027945
3.983235
3.939523
3.896784
3.854993
3.814132
3.774186
3.735122
3.696919
3.659556
3.623011
3.587270
3.552313
3.518117
3.484661
3.451926
3.419894
3.388550
3.357883
3.327867
3.298487
3.269726
3.241568
3.213997
3.186999
3.160562
3.134674
3.109315
3.084473
3.060133
3.036282
3.012908
2.989998
2.967542
2.945531
2.923951
2.902789
2.882035
2.861678
2.841708
2.822113
2.802885
2.784013
2.765489
2.747304
2.729454
2.711925
2.694710
2.677799
2.661186
2.644861
2.628818
2.613049
2.597546
2.582304
2.567314
2.552571
2.538069
2.523803
2.509767
2.495953
2.482357
2.468971
2.455791
2.442810
2.430025
2.417430
2.405019
2.392789
2.380734
2.368850
2.357133
2.345579
2.334182
2.322941
2.311851
2.300910
2.290112
2.279454
2.268932
2.258543
2.248283
2.238149
2.228138
2.218246
2.208472
2.198812
2.189262
2.179821
2.170486
2.161254
2.152122
2.143089
2.134152
2.125308
2.116555
2.107893
2.099318
2.090829
2.082423
2.074099
2.065855
2.057688
2.049597
2.041579
2.033634
2.025760
2.017954
2.010216
2.002543
1.994935
1.987390
1.979906
1.972483
1.965118
1.957811
1.950560
1.943364
1.936222
1.929133
1.922096
1.915109
1.908171
1.901283
1.894441
1.887647
1.880899
1.874197
1.867539
1.860924
1.854351
1.847820
1.841329
1.834879
1.828467
1.822094
1.815758
1.809459
1.803196
1.796969
1.790777
1.784619
1.778495
1.772404
1.766345
1.760318
1.754323
1.748358
1.742424
1.736520
1.730645
1.724799
1.718981
1.713191
1.707429
1.701694
1.695986
1.690304
1.684648
1.679018
1.673413
1.667833
1.662278
1.656747
1.651241
1.645759
1.640299
1.634863
1.629449
1.624058
1.618689
1.613341
1.608015
1.602710
1.597426
1.592163
1.586920
1.581698
1.576495
1.571312
1.566149
1.561004
1.555879
1.550773
1.545686
1.540617
1.535566
1.530533
1.525518
1.520522
1.515542
1.510580
1.505635
1.500708
1.495797
1.490903
1.486026
1.481165
1.476321
1.471492
1.466680
1.461884
1.457103
1.452339
1.447590
1.442858
1.438141
1.433439
1.428752
1.424081
1.419425
1.414783
1.410157
1.405544
1.400947
1.396364
1.391795
1.387240
1.382700
1.378173
1.373661
1.369162
1.364677
1.360206
1.355749
1.351305
1.346874
1.342457
1.338053
1.333662
1.329285
1.324921
1.320569
1.316231
1.311905
1.307593
1.303293
1.299006
1.294731
1.290469
1.286220
1.281983
1.277758
1.273546
1.269346
1.265158
1.260982
1.256819
1.252668
1.248528
1.244401
1.240286
1.236182
1.232091
1.228011
1.223944
1.219888
1.215845
1.211813
1.207792
1.203784
1.199786
1.195801
1.191826
1.187863
1.183912
1.179971
1.176042
1.172124
1.168217
1.164322
1.160437
1.156564
1.152701
1.148850
1.145009
1.141179
1.137360
1.133552
1.129755
1.125969
1.122193
1.118428
1.114673
1.110930
1.107196
1.103474
1.099761
1.096060
1.092368
1.088688
1.085017
1.081357
1.077707
1.074068
1.070439
1.066820
1.063211
1.059613
1.056024
1.052446
1.048878
1.045320
1.041772
1.038234
1.034706
1.031188
1.027680
1.024182
1.020693
1.017215
1.013747
1.010288
1.006840
1.003401
0.999972
0.996553
0.993144
0.989744
0.986354
0.982974
0.979603
0.976242
0.972890
0.969548
0.966216
0.962892
0.959579
0.956274
0.952979
0.949694
0.946417
0.943150
0.939893
0.936644
0.933405
0.930175
0.926954
0.923743
0.920540
0.917347
0.914162
0.910987
0.907821
0.904664
0.901515
0.898376
0.895246
0.892125
0.889012
0.885909
0.882814
0.879728
0.876651
0.873583
0.870524
0.867473
0.864431
0.861398
0.858374
0.855358
0.852351
0.849352
0.846362
0.843381
0.840408
0.837444
0.834488
0.831541
0.828602
0.825672
0.822750
0.819837
0.816932
0.814036
0.811148
0.808268
0.805396
0.802533
0.799678
0.796832
0.793993
0.791163
0.788342
0.785529
0.782724
0.779927
0.777138
0.774358
0.771585
0.768821
0.766064
0.763316
0.760576
0.757844
0.755120
0.752403
0.749695
0.746995
0.744302
0.741618
0.738941
0.736272
0.733611
0.730958
0.728312
0.725674
0.723044
0.720422
0.717808
0.715201
0.712602
0.710010
0.707426
0.704850
0.702282
0.699721
0.697167
0.694621
0.692083
0.689552
0.687029
0.684513
0.682004
0.679503
0.677010
0.674523
0.672045
0.669573
0.667109
0.664653
0.662203
0.659761
0.657326
0.654899
0.652479
0.650065
0.647660
0.645261
0.642870
0.640485
0.638108
0.635738
0.633375
0.631020
0.628671
0.626329
0.623995
0.621667
0.619347
0.617033
0.614727
0.612427
0.610134
0.607849
0.605570
0.603298
0.601033
0.598775
0.596524
0.594279
0.592042
0.589811
0.587587
0.585370
0.583159
0.580956
0.578759
0.576568
0.574385
0.572208
0.570038
0.567875
0.565718
0.563568
0.561425
0.559288
0.557158
0.555034
0.552917
0.550807
0.548703
0.546605
0.544514
0.542430
0.540352
0.538280
0.536215
0.534156
0.532103
0.530057
0.528017
0.525984
0.523957
0.521936
0.519922
0.517913
0.515911
0.513916
0.511926
0.509943
0.507966
0.505995
0.504031
0.502072
0.500120
0.498174
0.496233
0.494299
0.492372
0.490450
0.488534
0.486624
0.484721
0.482823
0.480931
0.479046
0.477166
0.475292
0.473425
0.471563
0.469707
0.467857
0.466013
0.464175
0.462342
0.460516
0.458695
0.456880
0.455071
0.453268
0.451471
0.449679
0.447893
0.446113
0.444339
0.442570
0.440807
0.439050
0.437298
0.435552
0.433812
0.432077
0.430348
0.428625
0.426907
0.425195
0.423488
0.421787
0.420091
0.418401
0.416717
0.415038
0.413364
0.411696
0.410033
0.408376
0.406725
0.405078
0.403437
0.401802
0.400172
0.398547
0.396928
0.395314
0.393705
0.392102
0.390504
0.388911
0.387324
0.385742
0.384165
0.382593
0.381027
0.379466
0.377910
0.376359
0.374814
0.373274
0.371738
0.370208
0.368683
0.367164
0.365649
0.364140
0.362635
0.361136
0.359641
0.358152
0.356668
0.355189
0.353715
0.352246
0.350782
0.349323
0.347869
0.346420
0.344976
0.343537
0.342103
0.340673
0.339249
0.337830
0.336415
0.335005
0.333600
0.332200
0.330805
0.329415
0.328029
0.326648
0.325272
0.323901
0.322535
0.321173
0.319816
0.318464
0.317116
0.315773
0.314435
0.313102
0.311773
0.310449
0.309130
0.307815
0.306504
0.305199
0.303898
0.302601
0.301310
0.300022
0.298740
0.297461
0.296188
0.294919
0.293654
0.292394
0.291138
0.289887
0.288641
0.287398
0.286161
0.284927
0.283698
0.282474
0.281254
0.280038
0.278827
0.277620
0.276417
0.275219
0.274025
0.272836
0.271650
0.270469
0.269293
0.268120
0.266952
0.265788
0.264629
0.263473
0.262322
0.261175
0.260032
0.258894
0.257760
0.256629
0.255503
0.254382
0.253264
0.252150
0.251041
0.249935
0.248834
0.247737
0.246644
0.245555
0.244470
0.243389
0.242312
0.241239
0.240171
0.239106
0.238045
0.236988
0.235935
0.234886
0.233841
0.232800
0.231763
0.230730
0.229701
0.228675
0.227654
0.226636
0.225622
0.224613
0.223607
0.222604
0.221606
0.220611
0.219621
0.218634
0.217651
0.216671
0.215696
0.214724
0.213756
0.212791
0.211831
0.210874
0.209920
0.208971
0.208025
0.207083
0.206144
0.205209
0.204278
0.203350
0.202426
0.201506
0.200589
0.199676
0.198766
0.197860
0.196958
0.196059
0.195163
0.194272
0.193383
0.192498
0.191617
0.190739
0.189865
0.188994
0.188126
0.187262
0.186402
0.185545
0.184691
0.183840
0.182994
0.182150
0.181310
0.180473
0.179639
0.178809
0.177983
0.177159
0.176339
0.175522
0.174709
0.173898
0.173091
0.172288
0.171487
0.170690
0.169896
0.169105
0.168318
0.167533
0.166752
0.165974
0.165199
0.164428
0.163659
0.162894
0.162132
0.161373
0.160617
0.159864
0.159114
0.158367
0.157624
0.156883
0.156146
0.155411
0.154680
0.153951
0.153226
0.152504
0.151784
0.151068
0.150354
0.149644
0.148936
0.148232
0.147530
0.146831
0.146135
0.145443
0.144753
0.144065
0.143381
0.142700
0.142021
0.141346
0.140673
0.140003
0.139335
0.138671
0.138009
0.137351
0.136695
0.136041
0.135391
0.134743
0.134098
0.133456
0.132816
0.132179
0.131545
0.130914
0.130285
0.129659
0.129035
0.128414
0.127796
0.127181
0.126568
0.125957
0.125349
0.124744
0.124142
0.123542
0.122944
0.122349
0.121757
0.121167
0.120580
0.119995
0.119413
0.118833
0.118256
0.117681
0.117108
0.116538
0.115971
0.115406
0.114843
0.114283
0.113725
0.113170
0.112616
0.112066
0.111517
0.110972
0.110428
0.109887
0.109348
0.108811
0.108277
0.107745
0.107215
0.106688
0.106162
0.105640
0.105119
0.104600
0.104084
0.103570
0.103059
0.102549
0.102042
0.101537
0.101034
0.100533
0.100034
0.099538
0.099043
0.098551
0.098061
0.097573
0.097087
0.096604
0.096122
0.095642
0.095165
0.094689
0.094216
0.093745
0.093275
0.092808
0.092343
0.091879
0.091418
0.090959
0.090501
0.090046
0.089593
0.089141
0.088692
0.088244
0.087798
0.087355
0.086913
0.086473
0.086035
0.085599
0.085165
0.084732
0.084302
0.083873
0.083446
0.083021
0.082598
0.082177
0.081757
0.081339
0.080923
0.080509
0.080097
0.079686
0.079277
0.078870
0.078464
0.078061
0.077659
0.077259
0.076860
0.076463
0.076068
0.075675
0.075283
0.074893
0.074504
0.074117
0.073732
0.073349
0.072967
0.072586
0.072208
0.071830
0.071455
0.071081
0.070709
0.070338
0.069969
0.069601
0.069235
0.068870
0.068507
0.068146
0.067786
0.067427
0.067070
0.066715
0.066361
0.066008
0.065657
0.065308
0.064960
0.064613
0.064268
0.063924
0.063581
0.063241
0.062901
0.062563
0.062226
0.061891
0.061557
0.061224
0.060893
0.060563
0.060235
0.059908
0.059582
0.059257
0.058934
0.058612
0.058292
0.057973
0.057655
0.057338
0.057023
0.056709
0.056396
0.056085
0.055774
0.055465
0.055158
0.054851
0.054546
0.054242
0.053939
0.053637
0.053337
0.053038
0.052740
0.052443
0.052148
0.051853
0.051560
0.051268
0.050977
0.050687
0.050399
0.050111
0.049825
0.049540
0.049255
0.048972
0.048691
0.048410
0.048130
0.047852
0.047574
0.047298
0.047022
0.046748
0.046475
0.046203
0.045932
0.045662
0.045393
0.045125
0.044858
0.044592
0.044327
0.044064
0.043801
0.043539
0.043278
0.043018
0.042759
0.042502
0.042245
0.041989
0.041734
0.041480
0.041227
0.040975
0.040724
0.040474
0.040224
0.039976
0.039729
0.039482
0.039237
0.038992
0.038748
0.038506
0.038264
0.038023
0.037783
0.037543
0.037305
0.037068
0.036831
0.036595
0.036360
0.036126
0.035893
0.035661
0.035429
0.035199
0.034969
0.034740
0.034512
0.034285
0.034058
0.033832
0.033608
0.033384
0.033160
0.032938
0.032716
0.032495
0.032275
0.032056
0.031837
0.031620
0.031403
0.031186
0.030971
0.030756
0.030542
0.030329
0.030116
0.029905
0.029694
0.029484
0.029274
0.029065
0.028857
0.028650
0.028443
0.028237
0.028032
0.027828
0.027624
0.027421
0.027218
0.027017
0.026815
0.026615
0.026415
0.026216
0.026018
0.025821
0.025624
0.025427
0.025232
0.025037
0.024842
0.024649
0.024456
0.024263
0.024071
0.023880
0.023690
0.023500
0.023311
0.023122
0.022934
0.022747
0.022560
0.022374
0.022188
0.022004
0.021819
0.021636
0.021453
0.021270
0.021088
0.020907
0.020726
0.020546
0.020366
0.020187
0.020009
0.019831
0.019654
0.019477
0.019301
0.019126
0.018951
0.018776
0.018602
0.018429
0.018256
0.018084
0.017913
0.017741
0.017571
0.017401
0.017231
0.017062
0.016894
0.016726
0.016559
0.016392
0.016225
0.016060
0.015894
0.015730
0.015565
0.015402
0.015238
0.015076
0.014913
0.014752
0.014590
0.014430
0.014269
0.014110
0.013950
0.013792
0.013633
0.013476
0.013318
0.013161
0.013005
0.012849
0.012694
0.012539
0.012384
0.012231
0.012077
0.011924
0.011771
0.011619
0.011468
0.011316
0.011166
0.011015
0.010865
0.010716
0.010567
0.010419
0.010271
0.010123
0.009976
0.009829
0.009683
0.009537
0.009391
0.009246
0.009102
0.008958
0.008814
0.008671
0.008528
0.008385
0.008243
0.008102
0.007961
0.007820
0.007679
0.007539
0.007400
0.007261
0.007122
0.006984
0.006846
0.006708
0.006571
0.006434
0.006298
0.006162
0.006027
0.005892
0.005757
0.005623
0.005489
0.005355
0.005222
0.005089
0.004957
0.004825
0.004693
0.004562
0.004431
0.004300
0.004170
0.004040
0.003911
0.003782
0.003653
0.003525
0.003397
0.003269
0.003142
0.003015
0.002889
0.002763
0.002637
0.002512
0.002387
0.002262
0.002138
0.002014
0.001890
0.001767
0.001644
0.001521
0.001399
0.001277
0.001156
0.001035
0.000914
0.000793
0.000673
0.000553
0.000434
0.000315
0.000196
0.000077
-0.000041
-0.000159
-0.000276
-0.000393
-0.000510
-0.000627
-0.000743
-0.000859
-0.000974
-0.001089
-0.001204
-0.001319
-0.001433
-0.001547
-0.001661
-0.001774
-0.001887
-0.001999
-0.002112
-0.002224
-0.002336
-0.002447
-0.002558
-0.002669
-0.002779
-0.002889
-0.002999
-0.003109
-0.003218
-0.003327
-0.003436
-0.003544
-0.003652
-0.003760
-0.003867
-0.003975
-0.004081
-0.004188
-0.004294
-0.004400
-0.004506
-0.004611
-0.004716
-0.004821
-0.004926
-0.005030
-0.005134
-0.005238
-0.005341
-0.005444
-0.005547
-0.005649
-0.005752
-0.005854
-0.005955
-0.006057
-0.006158
-0.006259
-0.006359
-0.006460
-0.006560
-0.006659
-0.006759
-0.006858
-0.006957
-0.007056
-0.007154
-0.007252
-0.007350
-0.007448
-0.007545
-0.007642
-0.007739
-0.007835
-0.007932
-0.008028
-0.008123
-0.008219
-0.008314
-0.008409
-0.008504
-0.008598
-0.008692
-0.008786
-0.008880
-0.008973
-0.009067
-0.009159
-0.009252
-0.009344
-0.009437
-0.009529
-0.009620
-0.009712
-0.009803
-0.009894
-0.009984
-0.010075
-0.010165
-0.010255
-0.010344
-0.010434
-0.010523
-0.010612
-0.010701
-0.010789
-0.010877
-0.010965
-0.011053
-0.011141
-0.011228
-0.011315
-0.011402
-0.011488
-0.011575
-0.011661
-0.011747
-0.011832
-0.011918
-0.012003
-0.012088
-0.012172
-0.012257
-0.012341
-0.012425
-0.012509
-0.012593
-0.012676
-0.012759
-0.012842
-0.012925
-0.013007
-0.013089
-0.013171
-0.013253
-0.013335
-0.013416
-0.013497
-0.013578
-0.013659
-0.013739
-0.013819
-0.013899
-0.013979
-0.014059
-0.014138
-0.014217
-0.014296
-0.014375
-0.014453
-0.014532
-0.014610
-0.014688
-0.014765
-0.014843
-0.014920
-0.014997
-0.015074
-0.015151
-0.015227
-0.015303
-0.015379
-0.015455
-0.015531
-0.015606
-0.015681
-0.015756
-0.015831
-0.015906
-0.015980
-0.016054
-0.016128
-0.016202
-0.016276
-0.016349
-0.016422
-0.016495
-0.016568
-0.016641
-0.016713
-0.016785
-0.016858
-0.016929
-0.017001
-0.017072
-0.017144
-0.017215
-0.017286
-0.017356
-0.017427
-0.017497
-0.017567
-0.017637
-0.017707
-0.017776
-0.017846
-0.017915
-0.017984
-0.018053
-0.018121
-0.018190
-0.018258
-0.018326
-0.018394
-0.018462
-0.018529
-0.018597
-0.018664
-0.018731
-0.018798
-0.018864
-0.018931
-0.018997
-0.019063
-0.019129
-0.019195
-0.019260
-0.019326
-0.019391
-0.019456
-0.019521
-0.019586
-0.019650
-0.019714
-0.019779
-0.019843
-0.019906
-0.019970
-0.020034
-0.020097
-0.020160
-0.020223
-0.020286
-0.020348
-0.020411
-0.020473
-0.020535
-0.020597
-0.020659
-0.020721
-0.020782
-0.020844
-0.020905
-0.020966
-0.021026
-0.021087
-0.021148
-0.021208
-0.021268
-0.021328
-0.021388
-0.021448
-0.021507
-0.021567
-0.021626
-0.021685
-0.021744
-0.021802
-0.021861
-0.021919
-0.021978
-0.022036
-0.022094
-0.022152
-0.022209
-0.022267
-0.022324
-0.022381
-0.022438
-0.022495
-0.022552
-0.022609
-0.022665
-0.022721
-0.022777
-0.022833
-0.022889
-0.022945
-0.023000
-0.023056
-0.023111
-0.023166
-0.023221
-0.023276
-0.023331
-0.023385
-0.023439
-0.023494
-0.023548
-0.023602
-0.023655
-0.023709
-0.023763
-0.023816
-0.023869
-0.023922
-0.023975
-0.024028
-0.024081
-0.024133
-0.024186
-0.024238
-0.024290
-0.024342
-0.024394
-0.024445
-0.024497
-0.024548
-0.024600
-0.024651
-0.024702
-0.024753
-0.024803
-0.024854
-0.024904
-0.024955
-0.025005
-0.025055
-0.025105
-0.025155
-0.025204
-0.025254
-0.025303
-0.025352
-0.025402
-0.025451
-0.025500
-0.025548
-0.025597
-0.025645
-0.025694
-0.025742
-0.025790
-0.025838
-0.025886
-0.025934
-0.025981
-0.026029
-0.026076
-0.026123
-0.026170
-0.026217
-0.026264
-0.026311
-0.026358
-0.026404
-0.026450
-0.026497
-0.026543
-0.026589
-0.026635
-0.026680
-0.026726
-0.026772
-0.026817
-0.026862
-0.026907
-0.026952
-0.026997
-0.027042
-0.027087
-0.027131
-0.027176
-0.027220
-0.027264
-0.027308
-0.027352
-0.027396
-0.027440
-0.027484
-0.027527
-0.027571
-0.027614
-0.027657
-0.027700
-0.027743
-0.027786
-0.027829
-0.027871
-0.027914
-0.027956
-0.027998
-0.028041
-0.028083
-0.028125
-0.028166
-0.028208
-0.028250
-0.028291
-0.028333
-0.028374
-0.028415
-0.028456
-0.028497
-0.028538
-0.028579
-0.028619
-0.028660
-0.028700
-0.028741
-0.028781
-0.028821
-0.028861
-0.028901
-0.028941
-0.028981
-0.029020
-0.029060
-0.029099
-0.029138
-0.029178
-0.029217
-0.029256
-0.029295
-0.029333
-0.029372
-0.029411
-0.029449
-0.029488
-0.029526
-0.029564
-0.029602
-0.029640
-0.029678
-0.029716
-0.029753
-0.029791
-0.029829
-0.029866
-0.029903
-0.029940
-0.029978
-0.030015
-0.030051
-0.030088
-0.030125
-0.030162
-0.030198
-0.030235
-0.030271
-0.030307
-0.030343
-0.030380
-0.030415
-0.030451
-0.030487
-0.030523
-0.030558
-0.030594
-0.030629
-0.030665
-0.030700
-0.030735
-0.030770
-0.030805
-0.030840
-0.030875
-0.030910
-0.030944
-0.030979
-0.031013
-0.031048
-0.031082
-0.031116
-0.031150
-0.031184
-0.031218
-0.031252
-0.031286
-0.031319
-0.031353
-0.031386
-0.031420
-0.031453
-0.031486
-0.031519
-0.031552
-0.031585
-0.031618
-0.031651
-0.031684
-0.031716
-0.031749
-0.031781
-0.031814
-0.031846
-0.031878
-0.031910
-0.031943
-0.031975
-0.032006
-0.032038
-0.032070
-0.032102
-0.032133
-0.032165
-0.032196
-0.032227
-0.032259
-0.032290
-0.032321
-0.032352
-0.032383
-0.032414
-0.032445
-0.032475
-0.032506
-0.032536
-0.032567
-0.032597
-0.032628
-0.032658
-0.032688
-0.032718
-0.032748
-0.032778
-0.032808
-0.032838
-0.032868
-0.032897
-0.032927
-0.032956
-0.032986
-0.033015
-0.033044
-0.033073
-0.033103
-0.033132
-0.033161
-0.033190
-0.033218
-0.033247
-0.033276
-0.033304
-0.033333
-0.033362
-0.033390
-0.033418
-0.033447
-0.033475
-0.033503
-0.033531
-0.033559
-0.033587
-0.033615
-0.033642
-0.033670
-0.033698
-0.033725
-0.033753
-0.033780
-0.033808
-0.033835
-0.033862
-0.033889
-0.033916
-0.033944
-0.033970
-0.033997
-0.034024
-0.034051
-0.034078
-0.034104
-0.034131
-0.034157
-0.034184
-0.034210
-0.034237
-0.034263
-0.034289
-0.034315
-0.034341
-0.034367
-0.034393
-0.034419
-0.034445
-0.034470
-0.034496
-0.034522
-0.034547
-0.034573
-0.034598
-0.034623
-0.034649
-0.034674
-0.034699
-0.034724
-0.034749
-0.034774
-0.034799
-0.034824
-0.034849
-0.034874
-0.034898
-0.034923
-0.034948
-0.034972
-0.034997
-0.035021
-0.035045
-0.035070
-0.035094
-0.035118
-0.035142
-0.035166
-0.035190
-0.035214
-0.035238
-0.035262
-0.035285
-0.035309
-0.035333
-0.035356
-0.035380
-0.035403
-0.035427
-0.035450
-0.035473
-0.035497
-0.035520
-0.035543
-0.035566
-0.035589
-0.035612
-0.035635
-0.035658
-0.035681
-0.035703
-0.035726
-0.035749
-0.035771
-0.035794
-0.035816
-0.035839
-0.035861
-0.035883
-0.035906
-0.035928
-0.035950
-0.035972
-0.035994
-0.036016
-0.036038
-0.036060
-0.036082
-0.036104
-0.036125
-0.036147
-0.036169
-0.036190
-0.036212
-0.036233
-0.036255
-0.036276
-0.036298
-0.036319
-0.036340
-0.036361
-0.036382
-0.036403
-0.036425
-0.036446
-0.036466
-0.036487
-0.036508
-0.036529
-0.036550
-0.036570
-0.036591
-0.036612
-0.036632
-0.036653
-0.036673
-0.036694
-0.036714
-0.036734
-0.036755
-0.036775
-0.036795
-0.036815
-0.036835
-0.036855
-0.036875
-0.036895
-0.036915
-0.036935
-0.036955
-0.036975
-0.036994
-0.037014
-0.037034
-0.037053
-0.037073
-0.037092
-0.037112
-0.037131
-0.037150
-0.037170
-0.037189
-0.037208
-0.037227
-0.037247
-0.037266
-0.037285
-0.037304
-0.037323
-0.037342
-0.037360
-0.037379
-0.037398
-0.037417
-0.037436
-0.037454
-0.037473
-0.037491
-0.037510
-0.037528
-0.037547
-0.037565
-0.037584
-0.037602
-0.037620
-0.037639
-0.037657
-0.037675
-0.037693
-0.037711
-0.037729
-0.037747
-0.037765
-0.037783
-0.037801
-0.037819
-0.037837
-0.037854
-0.037872
-0.037890
-0.037908
-0.037925
-0.037943
-0.037960
-0.037978
-0.037995
-0.038013
-0.038030
-0.038047
-0.038065
-0.038082
-0.038099
-0.038116
-0.038133
-0.038151
-0.038168
-0.038185
-0.038202
-0.038219
-0.038236
-0.038252
-0.038269
-0.038286
-0.038303
-0.038320
-0.038336
-0.038353
-0.038370
-0.038386
-0.038403
-0.038419
-0.038436
-0.038452
-0.038469
-0.038485
-0.038501
-0.038518
-0.038534
-0.038550
-0.038566
-0.038583
-0.038599
-0.038615
-0.038631
-0.038647
-0.038663
-0.038679
-0.038695
-0.038711
-0.038727
-0.038742
-0.038758
-0.038774
-0.038790
-0.038805
-0.038821
-0.038837
-0.038852
-0.038868
-0.038883
-0.038899
-0.038914
-0.038930
-0.038945
-0.038961
-0.038976
-0.038991
-0.039006
-0.039022
-0.039037
-0.039052
-0.039067
-0.039082
-0.039097
-0.039112
-0.039127
-0.039142
-0.039157
-0.039172
-0.039187
-0.039202
-0.039217
-0.039232
-0.039246
-0.039261
-0.039276
-0.039290
-0.039305
-0.039320
-0.039334
-0.039349
-0.039363
-0.039378
-0.039392
-0.039407
-0.039421
-0.039435
-0.039450
-0.039464
-0.039478
-0.039493
-0.039507
-0.039521
-0.039535
-0.039549
-0.039563
-0.039578
-0.039592
-0.039606
-0.039620
-0.039634
-0.039647
-0.039661
-0.039675
-0.039689
-0.039703
-0.039717
-0.039730
-0.039744
-0.039758
-0.039772
-0.039785
-0.039799
-0.039812
-0.039826
-0.039840
-0.039853
-0.039867
-0.039880
-0.039894
-0.039907
-0.039920
-0.039934
-0.039947
-0.039960
-0.039974
-0.039987
-0.040000
-0.040013
-0.040026
-0.040040
-0.040053
-0.040066
-0.040079
-0.040092
-0.040105
-0.040118
-0.040131
-0.040144
-0.040157
-0.040170
-0.040182
-0.040195
-0.040208
-0.040221
-0.040234
-0.040246
-0.040259
-0.040272
-0.040284
-0.040297
-0.040310
-0.040322
-0.040335
-0.040347
-0.040360
-0.040372
-0.040385
-0.040397
-0.040410
-0.040422
-0.040435
-0.040447
-0.040459
-0.040471
-0.040484
-0.040496
-0.040508
-0.040520
-0.040533
-0.040545
-0.040557
-0.040569
-0.040581
-0.040593
-0.040605
-0.040617
-0.040629
-0.040641
-0.040653
-0.040665
-0.040677
-0.040689
-0.040701
-0.040713
-0.040724
-0.040736
-0.040748
-0.040760
-0.040772
-0.040783
-0.040795
-0.040807
-0.040818
-0.040830
-0.040841
-0.040853
-0.040865
-0.040876
-0.040888
-0.040899
-0.040911
-0.040922
-0.040933
-0.040945
-0.040956
-0.040968
-0.040979
-0.040990
-0.041002
-0.041013
-0.041024
-0.041035
-0.041047
-0.041058
-0.041069
-0.041080
-0.041091
-0.041102
-0.041113
-0.041125
-0.041136
-0.041147
-0.041158
-0.041169
-0.041180
-0.041191
-0.041202
-0.041212
-0.041223
-0.041234
-0.041245
-0.041256
-0.041267
-0.041278
-0.041288
-0.041299
-0.041310
-0.041321
-0.041331
-0.041342
-0.041353
-0.041363
-0.041374
-0.041385
-0.041395
-0.041406
-0.041416
-0.041427
-0.041437
-0.041448
-0.041458
-0.041469
-0.041479
-0.041490
-0.041500
-0.041510
-0.041521
-0.041531
-0.041541
-0.041552
-0.041562
-0.041572
-0.041583
-0.041593
-0.041603
-0.041613
-0.041623
-0.041634
-0.041644
-0.041654
-0.041664
-0.041674
-0.041684
-0.041694
-0.041704
-0.041714
-0.041724
-0.041734
-0.041744
-0.041754
-0.041764
-0.041774
-0.041784
-0.041794
-0.041804
-0.041814
-0.041824
-0.041833
-0.041843
-0.041853
-0.041863
-0.041873
-0.041882
-0.041892
-0.041902
-0.041912
-0.041921
-0.041931
-0.041940
-0.041950
-0.041960
-0.041969
-0.041979
-0.041989
-0.041998
-0.042008
-0.042017
-0.042027
-0.042036
-0.042046
-0.042055
-0.042064
-0.042074
-0.042083
-0.042093
-0.042102
-0.042111
-0.042121
-0.042130
-0.042139
-0.042149
-0.042158
-0.042167
-0.042177
-0.042186
-0.042195
-0.042204
-0.042213
-0.042223
-0.042232
-0.042241
-0.042250
-0.042259
-0.042268
-0.042277
-0.042287
-0.042296
-0.042305
-0.042314
-0.042323
-0.042332
-0.042341
-0.042350
-0.042359
-0.042368
-0.042377
-0.042385
-0.042394
-0.042403
-0.042412
-0.042421
-0.042430
-0.042439
-0.042448
-0.042456
-0.042465
-0.042474
-0.042483
-0.042491
-0.042500
-0.042509
-0.042518
-0.042526
-0.042535
-0.042544
-0.042552
-0.042561
-0.042570
-0.042578
-0.042587
-0.042595
-0.042604
-0.042613
-0.042621
-0.042630
-0.042638
-0.042647
-0.042655
-0.042664
-0.042672
-0.042681
-0.042689
-0.042697
-0.042706
-0.042714
-0.042723
-0.042731
-0.042739
-0.042748
-0.042756
-0.042764
-0.042773
-0.042781
-0.042789
-0.042798
-0.042806
-0.042814
-0.042822
-0.042831
-0.042839
-0.042847
-0.042855
-0.042864
-0.042872
-0.042880
-0.042888
-0.042896
-0.042904
-0.042912
-0.042920
-0.042929
-0.042937
-0.042945
-0.042953
-0.042961
-0.042969
-0.042977
-0.042985
-0.042993
-0.043001
-0.043009
-0.043017
-0.043025
-0.043033
-0.043041
-0.043048
-0.043056
-0.043064
-0.043072
-0.043080
-0.043088
-0.043096
-0.043103
-0.043111
-0.043119
-0.043127
-0.043135
-0.043142
-0.043150
-0.043158
-0.043166
-0.043173
-0.043181
-0.043189
-0.043197
-0.043204
-0.043212
-0.043220
-0.043227
-0.043235
-0.043242
-0.043250
-0.043258
-0.043265
-0.043273
-0.043280
-0.043288
-0.043296
-0.043303
-0.043311
-0.043318
-0.043326
-0.043333
-0.043341
-0.043348
-0.043356
-0.043363
-0.043371
-0.043378
-0.043385
-0.043393
-0.043400
-0.043408
-0.043415
-0.043422
-0.043430
-0.043437
-0.043445
-0.043452
-0.043459
-0.043467
-0.043474
-0.043481
-0.043488
-0.043496
-0.043503
-0.043510
-0.043517
-0.043525
-0.043532
-0.043539
-0.043546
-0.043554
-0.043561
-0.043568
-0.043575
-0.043582
-0.043589
-0.043597
-0.043604
-0.043611
-0.043618
-0.043625
-0.043632
-0.043639
-0.043646
-0.043653
-0.043660
-0.043667
-0.043674
-0.043682
-0.043689
-0.043696
-0.043703
-0.043710
-0.043717
-0.043724
-0.043730
-0.043737
-0.043744
-0.043751
-0.043758
-0.043765
-0.043772
-0.043779
-0.043786
-0.043793
-0.043800
-0.043806
-0.043813
-0.043820
-0.043827
-0.043834
-0.043841
-0.043847
-0.043854
-0.043861
-0.043868
-0.043875
-0.043881
-0.043888
-0.043895
-0.043902
-0.043908
-0.043915
-0.043922
-0.043929
-0.043935
-0.043942
-0.043949
-0.043955
-0.043962
-0.043969
-0.043975
-0.043982
-0.043989
-0.043995
-0.044002
-0.044008
-0.044015
-0.044022
-0.044028
-0.044035
-0.044041
-0.044048
-0.044054
-0.044061
-0.044067
-0.044074
-0.044080
-0.044087
-0.044093
-0.044100
-0.044106
-0.044113
-0.044119
-0.044126
-0.044132
-0.044139
-0.044145
-0.044152
-0.044158
-0.044164
-0.044171
-0.044177
-0.044184
-0.044190
-0.044196
-0.044203
-0.044209
-0.044215
-0.044222
-0.044228
-0.044234
-0.044241
-0.044247
-0.044253
-0.044260
-0.044266
-0.044272
-0.044279
-0.044285
-0.044291
-0.044297
-0.044304
-0.044310
-0.044316
-0.044322
-0.044328
-0.044335
-0.044341
-0.044347
-0.044353
-0.044359
-0.044366
-0.044372
-0.044378
-0.044384
-0.044390
-0.044396
-0.044403
-0.044409
-0.044415
-0.044421
-0.044427
-0.044433
-0.044439
-0.044445
-0.044451
-0.044457
-0.044463
-0.044469
-0.044475
-0.044482
-0.044488
-0.044494
-0.044500
-0.044506
-0.044512
-0.044518
-0.044524
-0.044530
-0.044536
-0.044541
-0.044547
-0.044553
-0.044559
-0.044565
-0.044571
-0.044577
-0.044583
-0.044589
-0.044595
-0.044601
-0.044607
-0.044613
-0.044618
-0.044624
-0.044630
-0.044636
-0.044642
-0.044648
-0.044654
-0.044659
-0.044665
-0.044671
-0.044677
-0.044683
-0.044688
-0.044694
-0.044700
-0.044706
-0.044712
-0.044717
-0.044723
-0.044729
-0.044735
-0.044740
-0.044746
-0.044752
-0.044758
-0.044763
-0.044769
-0.044775
-0.044780
-0.044786
-0.044792
-0.044797
-0.044803
-0.044809
-0.044814
-0.044820
-0.044826
-0.044831
-0.044837
-0.044843
-0.044848
-0.044854
-0.044859
-0.044865
-0.044871
-0.044876
-0.044882
-0.044887
-0.044893
-0.044899
-0.044904
-0.044910
-0.044915
-0.044921
-0.044926
-0.044932
-0.044937
-0.044943
-0.044948
-0.044954
-0.044959
-0.044965
-0.044970
-0.044976
-0.044981
-0.044987
-0.044992
-0.044998
-0.045003
-0.045009
-0.045014
-0.045020
-0.045025
-0.045030
-0.045036
-0.045041
-0.045047
-0.045052
-0.045058
-0.045063
-0.045068
-0.045074
-0.045079
-0.045084
-0.045090
-0.045095
-0.045100
-0.045106
-0.045111
-0.045117
-0.045122
-0.045127
-0.045133
-0.045138
-0.045143
-0.045148
-0.045154
-0.045159
-0.045164
-0.045170
-0.045175
-0.045180
-0.045185
-0.045191
-0.045196
-0.045201
-0.045206
-0.045212
-0.045217
-0.045222
-0.045227
-0.045233
-0.045238
-0.045243
-0.045248
-0.045253
-0.045259
-0.045264
-0.045269
-0.045274
-0.045279
-0.045285
-0.045290
-0.045295
-0.045300
-0.045305
-0.045310
-0.045315
-0.045321
-0.045326
-0.045331
-0.045336
-0.045341
-0.045346
-0.045351
-0.045356
-0.045361
-0.045366
-0.045372
-0.045377
-0.045382
-0.045387
-0.045392
-0.045397
-0.045402
-0.045407
-0.045412
-0.045417
-0.045422
-0.045427
-0.045432
-0.045437
-0.045442
-0.045447
-0.045452
-0.045457
-0.045462
-0.045467
-0.045472
-0.045477
-0.045482
-0.045487
-0.045492
-0.045497
-0.045502
-0.045507
-0.045512
-0.045517
-0.045522
-0.045527
-0.045532
-0.045536
-0.045541
-0.045546
-0.045551
-0.045556

