0.000000
0.000000
-0.000006
-0.000014
-0.000023
-0.000034
-0.000045
-0.000058
-0.000070
-0.000084
-0.000097
-0.000111
-0.000125
-0.000140
-0.000155
-0.000170
-0.000185
-0.000201
-0.000217
-0.000233
-0.000249
-0.000266
-0.000282
-0.000299
-0.000316
-0.000333
-0.000351
-0.000368
-0.000386
-0.000404
-0.000422
-0.000440
-0.000459
-0.000477
-0.000496
-0.000515
-0.000534
-0.000553
-0.000572
-0.000591
-0.000611
-0.000631
-0.000651
-0.000670
-0.000691
-0.000711
-0.000731
-0.000751
-0.000772
-0.000793
-0.000813
-0.000834
-0.000855
-0.000876
-0.000898
-0.000919
-0.000940
-0.000962
-0.000984
-0.001005
-0.001027
-0.001049
-0.001071
-0.001093
-0.001115
-0.001138
-0.001160
-0.001183
-0.001205
-0.001228
-0.001251
-0.001273
-0.001296
-0.001319
-0.001342
-0.001366
-0.001389
-0.001412
-0.001435
-0.001459
-0.001482
-0.001506
-0.001530
-0.001553
-0.001577
-0.001601
-0.001625
-0.001649
-0.001673
-0.001697
-0.001722
-0.001746
-0.001770
-0.001795
-0.001819
-0.001844
-0.001868
-0.001893
-0.001918
-0.001942
-0.001967
-0.001992
-0.002017
-0.002042
-0.002067
-0.002092
-0.002118
-0.002143
-0.002168
-0.002193
-0.002219
-0.002244
-0.002270
-0.002295
-0.002321
-0.002346
-0.002372
-0.002398
-0.002424
-0.002449
-0.002475
-0.002501
-0.002527
-0.002553
-0.002579
-0.002605
-0.002631
-0.002658
-0.002684
-0.002710
-0.002736
-0.002763
-0.002789
-0.002815
-0.002842
-0.002868
-0.002895
-0.002921
-0.002948
-0.002975
-0.003001
-0.003028
-0.003055
-0.003082
-0.003108
-0.003135
-0.003162
-0.003189
-0.003216
-0.003243
-0.003270
-0.003297
-0.003324
-0.003351
-0.003379
-0.003406
-0.003433
-0.003460
-0.003487
-0.003515
-0.003542
-0.003569
-0.003597
-0.003624
-0.003652
-0.003679
-0.003707
-0.003734
-0.003762
-0.003789
-0.003817
-0.003845
-0.003872
-0.003900
-0.003928
-0.003955
-0.003983
-0.004011
-0.004039
-0.004067
-0.004094
-0.004122
-0.004150
-0.004178
-0.004206
-0.004234
-0.004262
-0.004290
-0.004318
-0.004346
-0.004374
-0.004402
-0.004430
-0.004459
-0.004487
-0.004515
-0.004543
-0.004571
-0.004599
-0.004628
-0.004656
-0.004684
-0.004713
-0.004741
-0.004769
-0.004798
-0.004826
-0.004854
-0.004883
-0.004911
-0.004940
-0.004968
-0.004997
-0.005025
-0.005054
-0.005082
-0.005111
-0.005139
-0.005168
-0.005197
-0.005225
-0.005254
-0.005282
-0.005311
-0.005340
-0.005368
-0.005397
-0.005426
-0.005455
-0.005483
-0.005512
-0.005541
-0.005570
-0.005598
-0.005627
-0.005656
-0.005685
-0.005714
-0.005743
-0.005771
-0.005800
-0.005829
-0.005858
-0.005887
-0.005916
-0.005945
-0.005974
-0.006003
-0.006032
-0.006061
-0.006090
-0.006119
-0.006148
-0.006177
-0.006206
-0.006235
-0.006264
-0.006293
-0.006322
-0.006351
-0.006380
-0.006409
-0.006438
-0.006467
-0.006496
-0.006525
-0.006555
-0.006584
-0.006613
-0.006642
-0.006671
-0.006700
-0.006729
-0.006759
-0.006788
-0.006817
-0.006846
-0.006875
-0.006905
-0.006934
-0.006963
-0.006992
-0.007022
-0.007051
-0.007080
-0.007109
-0.007139
-0.007168
-0.007197
-0.007226
-0.007256
-0.007285
-0.007314
-0.007344
-0.007373
-0.007402
-0.007432
-0.007461
-0.007490
-0.007520
-0.007549
-0.007578
-0.007608
-0.007637
-0.007666
-0.007696
-0.007725
-0.007754
-0.007784
-0.007813
-0.007842
-0.007872
-0.007901
-0.007931
-0.007960
-0.007989
-0.008019
-0.008048
-0.008078
-0.008107
-0.008136
-0.008166
-0.008195
-0.008225
-0.008254
-0.008283
-0.008313
-0.008342
-0.008372
-0.008401
-0.008431
-0.008460
-0.008489
-0.008519
-0.008548
-0.008578
-0.008607
-0.008637
-0.008666
-0.008695
-0.008725
-0.008754
-0.008784
-0.008813
-0.008843
-0.008872
-0.008902
-0.008931
-0.008960
-0.008990
-0.009019
-0.009049
-0.009078
-0.009108
-0.009137
-0.009167
-0.009196
-0.009225
-0.009255
-0.009284
-0.009314
-0.009343
-0.009373
-0.009402
-0.009432
-0.009461
-0.009490
-0.009520
-0.009549
-0.009579
-0.009608
-0.009638
-0.009667
-0.009696
-0.009726
-0.009755
-0.009785
-0.009814
-0.009844
-0.009873
-0.009902
-0.009932
-0.009961
-0.009991
-0.010020
-0.010050
-0.010079
-0.010108
-0.010138
-0.010167
-0.010197
-0.010226
-0.010255
-0.010285
-0.010314
-0.010344
-0.010373
-0.010402
-0.010432
-0.010461
-0.010490
-0.010520
-0.010549
-0.010579
-0.010608
-0.010637
-0.010667
-0.010696
-0.010725
-0.010755
-0.010784
-0.010813
-0.010843
-0.010872
-0.010901
-0.010931
-0.010960
-0.010989
-0.011019
-0.011048
-0.011077
-0.011107
-0.011136
-0.011165
-0.011195
-0.011224
-0.011253
-0.011282
-0.011312
-0.011341
-0.011370
-0.011400
-0.011429
-0.011458
-0.011487
-0.011517
-0.011546
-0.011575
-0.011604
-0.011634
-0.011663
-0.011692
-0.011721
-0.011750
-0.011780
-0.011809
-0.011838
-0.011867
-0.011896
-0.011926
-0.011955
-0.011984
-0.012013
-0.012042
-0.012071
-0.012101
-0.012130
-0.012159
-0.012188
-0.012217
-0.012246
-0.012275
-0.012304
-0.012334
-0.012363
-0.012392
-0.012421
-0.012450
-0.012479
-0.012508
-0.012537
-0.012566
-0.012595
-0.012624
-0.012653
-0.012682
-0.012711
-0.012740
-0.012769
-0.012798
-0.012827
-0.012856
-0.012885
-0.012914
-0.012943
-0.012972
-0.013001
-0.013030
-0.013059
-0.013088
-0.013117
-0.013146
-0.013175
-0.013204
-0.013233
-0.013262
-0.013291
-0.013320
-0.013348
-0.013377
-0.013406
-0.013435
-0.013464
-0.013493
-0.013522
-0.013551
-0.013579
-0.013608
-0.013637
-0.013666
-0.013695
-0.013723
-0.013752
-0.013781
-0.013810
-0.013839
-0.013867
-0.013896
-0.013925
-0.013954
-0.013982
-0.014011
-0.014040
-0.014068
-0.014097
-0.014126
-0.014155
-0.014183
-0.014212
-0.014241
-0.014269
-0.014298
-0.014326
-0.014355
-0.014384
-0.014412
-0.014441
-0.014470
-0.014498
-0.014527
-0.014555
-0.014584
-0.014612
-0.014641
-0.014670
-0.014698
-0.014727
-0.014755
-0.014784
-0.014812
-0.014841
-0.014869
-0.014898
-0.014926
-0.014955
-0.014983
-0.015011
-0.015040
-0.015068
-0.015097
-0.015125
-0.015154
-0.015182
-0.015210
-0.015239
-0.015267
-0.015295
-0.015324
-0.015352
-0.015380
-0.015409
-0.015437
-0.015465
-0.015494
-0.015522
-0.015550
-0.015579
-0.015607
-0.015635
-0.015663
-0.015692
-0.015720
-0.015748
-0.015776
-0.015804
-0.015833
-0.015861
-0.015889
-0.015917
-0.015945
-0.015974
-0.016002
-0.016030
-0.016058
-0.016086
-0.016114
-0.016142
-0.016170
-0.016198
-0.016226
-0.016255
-0.016283
-0.016311
-0.016339
-0.016367
-0.016395
-0.016423
-0.016451
-0.016479
-0.016507
-0.016535
-0.016563
-0.016590
-0.016618
-0.016646
-0.016674
-0.016702
-0.016730
-0.016758
-0.016786
-0.016814
-0.016842
-0.016869
-0.016897
-0.016925
-0.016953
-0.016981
-0.017009
-0.017036
-0.017064
-0.017092
-0.017120
-0.017147
-0.017175
-0.017203
-0.017231
-0.017258
-0.017286
-0.017314
-0.017341
-0.017369
-0.017397
-0.017424
-0.017452
-0.017480
-0.017507
-0.017535
-0.017563
-0.017590
-0.017618
-0.017645
-0.017673
-0.017700
-0.017728
-0.017756
-0.017783
-0.017811
-0.017838
-0.017866
-0.017893
-0.017921
-0.017948
-0.017975
-0.018003
-0.018030
-0.018058
-0.018085
-0.018113
-0.018140
-0.018167
-0.018195
-0.018222
-0.018249
-0.018277
-0.018304
-0.018331
-0.018359
-0.018386
-0.018413
-0.018441
-0.018468
-0.018495
-0.018522
-0.018550
-0.018577
-0.018604
-0.018631
-0.018658
-0.018686
-0.018713
-0.018740
-0.018767
-0.018794
-0.018821
-0.018849
-0.018876
-0.018903
-0.018930
-0.018957
-0.018984
-0.019011
-0.019038
-0.019065
-0.019092
-0.019119
-0.019146
-0.019173
-0.019200
-0.019227
-0.019254
-0.019281
-0.019308
-0.019335
-0.019362
-0.019389
-0.019416
-0.019443
-0.019469
-0.019496
-0.019523
-0.019550
-0.019577
-0.019604
-0.019631
-0.019657
-0.019684
-0.019711
-0.019738
-0.019764
-0.019791
-0.019818
-0.019845
-0.019871
-0.019898
-0.019925
-0.019951
-0.019978
-0.020005
-0.020031
-0.020058
-0.020085
-0.020111
-0.020138
-0.020165
-0.020191
-0.020218
-0.020244
-0.020271
-0.020297
-0.020324
-0.020350
-0.020377
-0.020403
-0.020430
-0.020456
-0.020483
-0.020509
-0.020536
-0.020562
-0.020589
-0.020615
-0.020641
-0.020668
-0.020694
-0.020721
-0.020747
-0.020773
-0.020800
-0.020826
-0.020852
-0.020879
-0.020905
-0.020931
-0.020957
-0.020984
-0.021010
-0.021036
-0.021062
-0.021089
-0.021115
-0.021141
-0.021167
-0.021193
-0.021219
-0.021246
-0.021272
-0.021298
-0.021324
-0.021350
-0.021376
-0.021402
-0.021428
-0.021454
-0.021480
-0.021506
-0.021532
-0.021558
-0.021584
-0.021610
-0.021636
-0.021662
-0.021688
-0.021714
-0.021740
-0.021766
-0.021792
-0.021818
-0.021844
-0.021870
-0.021895
-0.021921
-0.021947
-0.021973
-0.021999
-0.022025
-0.022050
-0.022076
-0.022102
-0.022128
-0.022153
-0.022179
-0.022205
-0.022231
-0.022256
-0.022282
-0.022308
-0.022333
-0.022359
-0.022385
-0.022410
-0.022436
-0.022462
-0.022487
-0.022513
-0.022538
-0.022564
-0.022589
-0.022615
-0.022641
-0.022666
-0.022692
-0.022717
-0.022743
-0.022768
-0.022794
-0.022819
-0.022844
-0.022870
-0.022895
-0.022921
-0.022946
-0.022971
-0.022997
-0.023022
-0.023048
-0.023073
-0.023098
-0.023124
-0.023149
-0.023174
-0.023199
-0.023225
-0.023250
-0.023275
-0.023300
-0.023326
-0.023351
-0.023376
-0.023401
-0.023426
-0.023452
-0.023477
-0.023502
-0.023527
-0.023552
-0.023577
-0.023602
-0.023627
-0.023653
-0.023678
-0.023703
-0.023728
-0.023753
-0.023778
-0.023803
-0.023828
-0.023853
-0.023878
-0.023903
-0.023928
-0.023953
-0.023977
-0.024002
-0.024027
-0.024052
-0.024077
-0.024102
-0.024127
-0.024152
-0.024176
-0.024201
-0.024226
-0.024251
-0.024276
-0.024300
-0.024325
-0.024350
-0.024375
-0.024399
-0.024424
-0.024449
-0.024474
-0.024498
-0.024523
-0.024548
-0.024572
-0.024597
-0.024622
-0.024646
-0.024671
-0.024695
-0.024720
-0.024745
-0.024769
-0.024794
-0.024818
-0.024843
-0.024867
-0.024892
-0.024916
-0.024941
-0.024965
-0.024990
-0.025014
-0.025038
-0.025063
-0.025087
-0.025112
-0.025136
-0.025160
-0.025185
-0.025209
-0.025233
-0.025258
-0.025282
-0.025306
-0.025331
-0.025355
-0.025379
-0.025404
-0.025428
-0.025452
-0.025476
-0.025500
-0.025525
-0.025549
-0.025573
-0.025597
-0.025621
-0.025645
-0.025670
-0.025694
-0.025718
-0.025742
-0.025766
-0.025790
-0.025814
-0.025838
-0.025862
-0.025886
-0.025910
-0.025934
-0.025958
-0.025982
-0.026006
-0.026030
-0.026054
-0.026078
-0.026102
-0.026126
-0.026150
-0.026174
-0.026198
-0.026221
-0.026245
-0.026269
-0.026293
-0.026317
-0.026341
-0.026364
-0.026388
-0.026412
-0.026436
-0.026460
-0.026483
-0.026507
-0.026531
-0.026554
-0.026578
-0.026602
-0.026625
-0.026649
-0.026673
-0.026696
-0.026720
-0.026744
-0.026767
-0.026791
-0.026814
-0.026838
-0.026862
-0.026885
-0.026909
-0.026932
-0.026956
-0.026979
-0.027003
-0.027026
-0.027050
-0.027073
-0.027096
-0.027120
-0.027143
-0.027167
-0.027190
-0.027214
-0.027237
-0.027260
-0.027284
-0.027307
-0.027330
-0.027354
-0.027377
-0.027400
-0.027423
-0.027447
-0.027470
-0.027493
-0.027516
-0.027540
-0.027563
-0.027586
-0.027609
-0.027632
-0.027656
-0.027679
-0.027702
-0.027725
-0.027748
-0.027771
-0.027794
-0.027818
-0.027841
-0.027864
-0.027887
-0.027910
-0.027933
-0.027956
-0.027979
-0.028002
-0.028025
-0.028048
-0.028071
-0.028094
-0.028117
-0.028140
-0.028162
-0.028185
-0.028208
-0.028231
-0.028254
-0.028277
-0.028300
-0.028323
-0.028345
-0.028368
-0.028391
-0.028414
-0.028437
-0.028459
-0.028482
-0.028505
-0.028528
-0.028550
-0.028573
-0.028596
-0.028618
-0.028641
-0.028664
-0.028686
-0.028709
-0.028732
-0.028754
-0.028777
-0.028799
-0.028822
-0.028845
-0.028867
-0.028890
-0.028912
-0.028935
-0.028957
-0.028980
-0.029002
-0.029025
-0.029047
-0.029070
-0.029092
-0.029115
-0.029137
-0.029160
-0.029182
-0.029204
-0.029227
-0.029249
-0.029271
-0.029294
-0.029316
-0.029338
-0.029361
-0.029383
-0.029405
-0.029428
-0.029450
-0.029472
-0.029494
-0.029517
-0.029539
-0.029561
-0.029583
-0.029606
-0.029628
-0.029650
-0.029672
-0.029694
-0.029716
-0.029738
-0.029761
-0.029783
-0.029805
-0.029827
-0.029849
-0.029871
-0.029893
-0.029915
-0.029937
-0.029959
-0.029981
-0.030003
-0.030025
-0.030047
-0.030069
-0.030091
-0.030113
-0.030135
-0.030157
-0.030179
-0.030200
-0.030222
-0.030244
-0.030266
-0.030288
-0.030310
-0.030332
-0.030353
-0.030375
-0.030397
-0.030419
-0.030441
-0.030462
-0.030484
-0.030506
-0.030528
-0.030549
-0.030571
-0.030593
-0.030614
-0.030636
-0.030658
-0.030679
-0.030701
-0.030723
-0.030744
-0.030766
-0.030787
-0.030809
-0.030830
-0.030852
-0.030874
-0.030895
-0.030917
-0.030938
-0.030960
-0.030981
-0.031003
-0.031024
-0.031046
-0.031067
-0.031088
-0.031110
-0.031131
-0.031153
-0.031174
-0.031195
-0.031217
-0.031238
-0.031260
-0.031281
-0.031302
-0.031324
-0.031345
-0.031366
-0.031387
-0.031409
-0.031430
-0.031451
-0.031472
-0.031494
-0.031515
-0.031536
-0.031557
-0.031578
-0.031600
-0.031621
-0.031642
-0.031663
-0.031684
-0.031705
-0.031726
-0.031748
-0.031769
-0.031790
-0.031811
-0.031832
-0.031853
-0.031874
-0.031895
-0.031916
-0.031937
-0.031958
-0.031979
-0.032000
-0.032021
-0.032042
-0.032063
-0.032084
-0.032104
-0.032125
-0.032146
-0.032167
-0.032188
-0.032209
-0.032230
-0.032251
-0.032271
-0.032292
-0.032313
-0.032334
-0.032355
-0.032375
-0.032396
-0.032417
-0.032438
-0.032458
-0.032479
-0.032500
-0.032520
-0.032541
-0.032562
-0.032582
-0.032603
-0.032624
-0.032644
-0.032665
-0.032686
-0.032706
-0.032727
-0.032747
-0.032768
-0.032788
-0.032809
-0.032830
-0.032850
-0.032871
-0.032891
-0.032912
-0.032932
-0.032953
-0.032973
-0.032993
-0.033014
-0.033034
-0.033055
-0.033075
-0.033095
-0.033116
-0.033136
-0.033157
-0.033177
-0.033197
-0.033218
-0.033238
-0.033258
-0.033279
-0.033299
-0.033319
-0.033339
-0.033360
-0.033380
-0.033400
-0.033420
-0.033441
-0.033461
-0.033481
-0.033501
-0.033521
-0.033541
-0.033562
-0.033582
-0.033602
-0.033622
-0.033642
-0.033662
-0.033682
-0.033702
-0.033722
-0.033742
-0.033762
-0.033783
-0.033803
-0.033823
-0.033843
-0.033863
-0.033883
-0.033902
-0.033922
-0.033942
-0.033962
-0.033982
-0.034002
-0.034022
-0.034042
-0.034062
-0.034082
-0.034102
-0.034121
-0.034141
-0.034161
-0.034181
-0.034201
-0.034221
-0.034240
-0.034260
-0.034280
-0.034300
-0.034319
-0.034339
-0.034359
-0.034379
-0.034398
-0.034418
-0.034438
-0.034457
-0.034477
-0.034497
-0.034516
-0.034536
-0.034556
-0.034575
-0.034595
-0.034614
-0.034634
-0.034654
-0.034673
-0.034693
-0.034712
-0.034732
-0.034751
-0.034771
-0.034790
-0.034810
-0.034829
-0.034849
-0.034868
-0.034888
-0.034907
-0.034926
-0.034946
-0.034965
-0.034985
-0.035004
-0.035023
-0.035043
-0.035062
-0.035081
-0.035101
-0.035120
-0.035139
-0.035159
-0.035178
-0.035197
-0.035217
-0.035236
-0.035255
-0.035274
-0.035294
-0.035313
-0.035332
-0.035351
-0.035370
-0.035390
-0.035409
-0.035428
-0.035447
-0.035466
-0.035485
-0.035504
-0.035523
-0.035543
-0.035562
-0.035581
-0.035600
-0.035619
-0.035638
-0.035657
-0.035676
-0.035695
-0.035714
-0.035733
-0.035752
-0.035771
-0.035790
-0.035809
-0.035828
-0.035847
-0.035866
-0.035885
-0.035903
-0.035922
-0.035941
-0.035960
-0.035979
-0.035998
-0.036017
-0.036035
-0.036054
-0.036073
-0.036092
-0.036111
-0.036130
-0.036148
-0.036167
-0.036186
-0.036205
-0.036223
-0.036242
-0.036261
-0.036279
-0.036298
-0.036317
-0.036335
-0.036354
-0.036373
-0.036391
-0.036410
-0.036429
-0.036447
-0.036466
-0.036484
-0.036503
-0.036522
-0.036540
-0.036559
-0.036577
-0.036596
-0.036614
-0.036633
-0.036651
-0.036670
-0.036688
-0.036707
-0.036725
-0.036744
-0.036762
-0.036781
-0.036799
-0.036817
-0.036836
-0.036854
-0.036873
-0.036891
-0.036909
-0.036928
-0.036946
-0.036964
-0.036983
-0.037001
-0.037019
-0.037037
-0.037056
-0.037074
-0.037092
-0.037111
-0.037129
-0.037147
-0.037165
-0.037183
-0.037202
-0.037220
-0.037238
-0.037256
-0.037274
-0.037293
-0.037311
-0.037329
-0.037347
-0.037365
-0.037383
-0.037401
-0.037419
-0.037437
-0.037455
-0.037474
-0.037492
-0.037510
-0.037528
-0.037546
-0.037564
-0.037582
-0.037600
-0.037618
-0.037636
-0.037654
-0.037671
-0.037689
-0.037707
-0.037725
-0.037743
-0.037761
-0.037779
-0.037797
-0.037815
-0.037833
-0.037850
-0.037868
-0.037886
-0.037904
-0.037922
-0.037939
-0.037957
-0.037975
-0.037993
-0.038011
-0.038028
-0.038046
-0.038064
-0.038082
-0.038099
-0.038117
-0.038135
-0.038152
-0.038170
-0.038188
-0.038205
-0.038223
-0.038241
-0.038258
-0.038276
-0.038293
-0.038311
-0.038329
-0.038346
-0.038364
-0.038381
-0.038399
-0.038416
-0.038434
-0.038452
-0.038469
-0.038487
-0.038504
-0.038521
-0.038539
-0.038556
-0.038574
-0.038591
-0.038609
-0.038626
-0.038644
-0.038661
-0.038678
-0.038696
-0.038713
-0.038731
-0.038748
-0.038765
-0.038783
-0.038800
-0.038817
-0.038835
-0.038852
-0.038869
-0.038886
-0.038904
-0.038921
-0.038938
-0.038955
-0.038973
-0.038990
-0.039007
-0.039024
-0.039042
-0.039059
-0.039076
-0.039093
-0.039110
-0.039127
-0.039145
-0.039162
-0.039179
-0.039196
-0.039213
-0.039230
-0.039247
-0.039264
-0.039281
-0.039298
-0.039315
-0.039332
-0.039349
-0.039367
-0.039384
-0.039401
-0.039418
-0.039434
-0.039451
-0.039468
-0.039485
-0.039502
-0.039519
-0.039536
-0.039553
-0.039570
-0.039587
-0.039604
-0.039621
-0.039638
-0.039654
-0.039671
-0.039688
-0.039705
-0.039722
-0.039739
-0.039755
-0.039772
-0.039789
-0.039806
-0.039822
-0.039839
-0.039856
-0.039873
-0.039889
-0.039906
-0.039923
-0.039940
-0.039956
-0.039973
-0.039990
-0.040006
-0.040023
-0.040040
-0.040056
-0.040073
-0.040089
-0.040106
-0.040123
-0.040139
-0.040156
-0.040172
-0.040189
-0.040206
-0.040222
-0.040239
-0.040255
-0.040272
-0.040288
-0.040305
-0.040321
-0.040338
-0.040354
-0.040371
-0.040387
-0.040403
-0.040420
-0.040436
-0.040453
-0.040469
-0.040486
-0.040502
-0.040518
-0.040535
-0.040551
-0.040567
-0.040584
-0.040600
-0.040616
-0.040633
-0.040649
-0.040665
-0.040682
-0.040698
-0.040714
-0.040730
-0.040747
-0.040763
-0.040779
-0.040795
-0.040812
-0.040828
-0.040844
-0.040860
-0.040876
-0.040893
-0.040909
-0.040925
-0.040941
-0.040957
-0.040973
-0.040989
-0.041006
-0.041022
-0.041038
-0.041054
-0.041070
-0.041086
-0.041102
-0.041118
-0.041134
-0.041150
-0.041166
-0.041182
-0.041198
-0.041214
-0.041230
-0.041246
-0.041262
-0.041278
-0.041294
-0.041310
-0.041326
-0.041342
-0.041358
-0.041374
-0.041390
-0.041405
-0.041421
-0.041437
-0.041453
-0.041469
-0.041485
-0.041501
-0.041516
-0.041532
-0.041548
-0.041564
-0.041580
-0.041595
-0.041611
-0.041627
-0.041643
-0.041658
-0.041674
-0.041690
-0.041706
-0.041721
-0.041737
-0.041753
-0.041768
-0.041784
-0.041800
-0.041815
-0.041831
-0.041847
-0.041862
-0.041878
-0.041894
-0.041909
-0.041925
-0.041940
-0.041956
-0.041971
-0.041987
-0.042003
-0.042018
-0.042034
-0.042049
-0.042065
-0.042080
-0.042096
-0.042111
-0.042127
-0.042142
-0.042158
-0.042173
-0.042188
-0.042204
-0.042219
-0.042235
-0.042250
-0.042266
-0.042281
-0.042296
-0.042312
-0.042327
-0.042342
-0.042358
-0.042373
-0.042389
-0.042404
-0.042419
-0.042434
-0.042450
-0.042465
-0.042480
-0.042496
-0.042511
-0.042526
-0.042541
-0.042557
-0.042572
-0.042587
-0.042602
-0.042618
-0.042633
-0.042648
-0.042663
-0.042678
-0.042693
-0.042709
-0.042724
-0.042739
-0.042754
-0.042769
-0.042784
-0.042799
-0.042814
-0.042829
-0.042845
-0.042860
-0.042875
-0.042890
-0.042905
-0.042920
-0.042935
-0.042950
-0.042965
-0.042980
-0.042995
-0.043010
-0.043025
-0.043040
-0.043055
-0.043070
-0.043085
-0.043100
-0.043115
-0.043129
-0.043144
-0.043159
-0.043174
-0.043189
-0.043204
-0.043219
-0.043234
-0.043248
-0.043263
-0.043278
-0.043293
-0.043308
-0.043323
-0.043337
-0.043352
-0.043367
-0.043382
-0.043396
-0.043411
-0.043426
-0.043441
-0.043455
-0.043470
-0.043485
-0.043500
-0.043514
-0.043529
-0.043544
-0.043558
-0.043573
-0.043588
-0.043602
-0.043617
-0.043632
-0.043646
-0.043661
-0.043675
-0.043690
-0.043705
-0.043719
-0.043734
-0.043748
-0.043763
-0.043777
-0.043792
-0.043807
-0.043821
-0.043836
-0.043850
-0.043865
-0.043879
-0.043894
-0.043908
-0.043923
-0.043937
-0.043951
-0.043966
-0.043980
-0.043995
-0.044009
-0.044024
-0.044038
-0.044052
-0.044067
-0.044081
-0.044095
-0.044110
-0.044124
-0.044139
-0.044153
-0.044167
-0.044182
-0.044196
-0.044210
-0.044224
-0.044239
-0.044253
-0.044267
-0.044282
-0.044296
-0.044310
-0.044324
-0.044338
-0.044353
-0.044367
-0.044381
-0.044395
-0.044409
-0.044424
-0.044438
-0.044452
-0.044466
-0.044480
-0.044494
-0.044509
-0.044523
-0.044537
-0.044551
-0.044565
-0.044579
-0.044593
-0.044607
-0.044621
-0.044635
-0.044649
-0.044664
-0.044678
-0.044692
-0.044706
-0.044720
-0.044734
-0.044748
-0.044762
-0.044776
-0.044790
-0.044804
-0.044817
-0.044831
-0.044845
-0.044859
-0.044873
-0.044887
-0.044901
-0.044915
-0.044929
-0.044943
-0.044957
-0.044970
-0.044984
-0.044998
-0.045012
-0.045026
-0.045040
-0.045053
-0.045067
-0.044767
-0.043558
-0.040758
-0.035970
-0.029130
-0.020394
-0.010028
0.001674
0.014424
0.027960
0.042051
0.056497
0.071131
0.085813
0.100428
0.114887
0.129116
0.143060
0.156677
0.169935
0.182812
0.195292
0.207367
0.219033
0.230289
0.241140
0.251589
0.261644
0.271313
0.280607
0.289536
0.298110
0.306341
0.314239
0.321817
0.329086
0.336056
0.342738
0.349144
0.355283
0.361165
0.366800
0.372197
0.377366
0.382314
0.387051
0.391583
0.395919
0.400066
0.404032
0.407821
0.411442
0.414901
0.418202
0.421352
0.424357
0.427221
0.429949
0.432547
0.435019
0.437368
0.439600
0.441719
0.443728
0.445631
0.447431
0.449133
0.450739
0.452253
0.453677
0.455015
0.456269
0.457443
0.458539
0.459559
0.460505
0.461381
0.462189
0.462930
0.463607
0.464222
0.464777
0.465274
0.465714
0.466100
0.466433
0.466715
0.466948
0.467132
0.467270
0.467363
0.467413
0.467420
0.467387
0.467314
0.467203
0.467055
0.466870
0.466651
0.466399
0.466434
0.467365
0.469890
0.474430
0.481077
0.489695
0.500040
0.511828
0.524776
0.538624
0.553133
0.568095
0.583325
0.598670
0.614003
0.629218
0.644234
0.658984
0.673417
0.687495
0.701190
0.714482
0.727357
0.739809
0.751834
0.763434
0.774612
0.785373
0.795726
0.805680
0.815244
0.824428
0.833245
0.841705
0.849820
0.857600
0.865059
0.872206
0.879053
0.885610
0.891888
0.897897
0.903646
0.909146
0.914405
0.919431
0.924234
0.928822
0.933201
0.937380
0.941366
0.945165
0.948784
0.952230
0.955508
0.958624
0.961584
0.964394
0.967057
0.969579
0.971966
0.974220
0.976348
0.978352
0.980237
0.982006
0.983665
0.985215
0.986660
0.988005
0.989251
0.990402
0.991461
0.992431
0.993315
0.994114
0.994833
0.995473
0.996036
0.996526
0.996943
0.997291
0.997572
0.997787
0.997938
0.998028
0.998057
0.998029
0.997944
0.997805
0.997612
0.997368
0.997073
0.996730
0.996340
0.995904
0.995424
0.994900
0.994334
0.993728
0.993082
0.992397
0.991675
0.990917
0.990124
0.989296
0.988436
0.987543
0.986618
0.985663
0.984679
0.983666
0.982625
0.981557
0.980462
0.979342
0.978197
0.977028
0.975835
0.974620
0.973382
0.972123
0.970843
0.969543
0.968223
0.966884
0.965527
0.964151
0.962758
0.961348
0.959921
0.958478
0.957020
0.955546
0.954058
0.952555
0.951039
0.949509
0.947966
0.946411
0.944843
0.943263
0.941672
0.940069
0.938455
0.936831
0.935197
0.933553
0.931899
0.930235
0.928563
0.926882
0.925192
0.923494
0.921788
0.920074
0.918353
0.916624
0.914889
0.913146
0.911397
0.909642
0.907880
0.906112
0.904339
0.902560
0.900775
0.898985
0.897191
0.895391
0.893586
0.891778
0.889964
0.888147
0.886325
0.884499
0.882670
0.880837
0.879000
0.877160
0.875317
0.873471
0.871622
0.869770
0.867915
0.866057
0.864197
0.862335
0.860470
0.858603
0.856734
0.854863
0.852990
0.851115
0.849239
0.847361
0.845481
0.843600
0.841717
0.839834
0.837949
0.836063
0.834175
0.832287
0.830398
0.828509
0.826618
0.824727
0.822835
0.820943
0.819050
0.817157
0.815263
0.813369
0.811475
0.809581
0.807686
0.805792
0.803897
0.802003
0.800109
0.798214
0.796320
0.794427
0.792533
0.790640
0.788747
0.786855
0.784963
0.783071
0.781181
0.779290
0.777401
0.775512
0.773624
0.771736
0.769849
0.767964
0.766079
0.764195
0.762311
0.760429
0.758548
0.756668
0.754788
0.752910
0.751033
0.749158
0.747283
0.745410
0.743537
0.741667
0.739797
0.737929
0.736062
0.734196
0.732332
0.730469
0.728608
0.726748
0.724890
0.723033
0.721178
0.719324
0.717472
0.715621
0.713772
0.711925
0.710080
0.708236
0.706394
0.704553
0.702715
0.700878
0.699042
0.697209
0.695378
0.693548
0.691720
0.689894
0.688070
0.686248
0.684428
0.682610
0.680793
0.678979
0.677167
0.675356
0.673548
0.671741
0.669937
0.668135
0.666335
0.664537
0.662741
0.660947
0.659155
0.657366
0.655578
0.653793
0.652010
0.650229
0.648450
0.646673
0.644899
0.643127
0.641357
0.639590
0.637824
0.636061
0.634300
0.632542
0.630786
0.629032
0.627280
0.625531
0.623784
0.622040
0.620298
0.618558
0.616821
0.615086
0.613353
0.611623
0.609896
0.608170
0.606447
0.604727
0.603009
0.601294
0.599581
0.597870
0.596162
0.594456
0.592753
0.591053
0.589355
0.587659
0.585966
0.584275
0.582587
0.580902
0.579219
0.577539
0.575861
0.574186
0.572513
0.570843
0.569176
0.567511
0.565849
0.564189
0.562532
0.560878
0.559226
0.557577
0.555930
0.554286
0.552645
0.551006
0.549370
0.547737
0.546106
0.544478
0.542853
0.541230
0.539610
0.537992
0.536378
0.534766
0.533156
0.531550
0.529946
0.528345
0.526746
0.525150
0.523557
0.521967
0.520379
0.518794
0.517212
0.515633
0.514056
0.512482
0.510911
0.509342
0.507777
0.506214
0.504653
0.503096
0.501541
0.499989
0.498440
0.496893
0.495350
0.493809
0.492271
0.490735
0.489203
0.487673
0.486146
0.484622
0.483100
0.481581
0.480065
0.478552
0.477042
0.475534
0.474030
0.472528
0.471029
0.469532
0.468039
0.466548
0.465060
0.463575
0.462092
0.460613
0.459136
0.457662
0.456191
0.454723
0.453257
0.451794
0.450334
0.448877
0.447423
0.445972
0.444523
0.443077
0.441634
0.440194
0.438756
0.437322
0.435890
0.434461
0.433035
0.431612
0.430191
0.428773
0.427359
0.425946
0.424537
0.423131
0.421727
0.420326
0.418928
0.417533
0.416141
0.414751
0.413365
0.411981
0.410600
0.409221
0.407846
0.406473
0.405103
0.403736
0.402372
0.401011
0.399652
0.398296
0.396943
0.395593
0.394246
0.392901
0.391560
0.390221
0.388884
0.387551
0.386221
0.384893
0.383568
0.382246
0.380927
0.379610
0.378296
0.376985
0.375677
0.374372
0.373069
0.371769
0.370472
0.369178
0.367887
0.366598
0.365312
0.364029
0.362749
0.361471
0.360197
0.358925
0.357656
0.356389
0.355125
0.353865
0.352606
0.351351
0.350098
0.348849
0.347602
0.346357
0.345116
0.343877
0.342641
0.341407
0.340177
0.338949
0.337724
0.336501
0.335282
0.334065
0.332851
0.331639
0.330431
0.329225
0.328021
0.326821
0.325623
0.324428
0.323236
0.322046
0.320859
0.319675
0.318493
0.317314
0.316138
0.314965
0.313794
0.312626
0.311460
0.310298
0.309138
0.307980
0.306826
0.305674
0.304525
0.303378
0.302234
0.301093
0.299954
0.298818
0.297685
0.296554
0.295426
0.294301
0.293178
0.292058
0.290941
0.289826
0.288714
0.287604
0.286497
0.285393
0.284292
0.283193
0.282096
0.281002
0.279911
0.278823
0.277737
0.276653
0.275573
0.274494
0.273419
0.272346
0.271276
0.270208
0.269143
0.268080
0.267020
0.265962
0.264907
0.263855
0.262805
0.261758
0.260713
0.259671
0.258632
0.257595
0.256560
0.255528
0.254499
0.253472
0.252447
0.251426
0.250406
0.249390
0.248375
0.247363
0.246354
0.245347
0.244343
0.243341
0.242342
0.241345
0.240351
0.239359
0.238370
0.237383
0.236399
0.235417
0.234437
0.233460
0.232486
0.231514
0.230544
0.229577
0.228612
0.227650
0.226690
0.225733
0.224778
0.223825
0.222875
0.221927
0.220982
0.220039
0.219099
0.218161
0.217225
0.216292
0.215361
0.214432
0.213506
0.212583
0.211661
0.210742
0.209826
0.208911
0.207999
0.207090
0.206183
0.205278
0.204376
0.203475
0.202578
0.201682
0.200789
0.199898
0.199010
0.198124
0.197240
0.196358
0.195479
0.194602
0.193728
0.192855
0.191985
0.191118
0.190252
0.189389
0.188528
0.187670
0.186813
0.185959
0.185108
0.184258
0.183411
0.182566
0.181723
0.180882
0.180044
0.179208
0.178374
0.177543
0.176713
0.175886
0.175061
0.174238
0.173418
0.172600
0.171784
0.170970
0.170158
0.169348
0.168541
0.167736
0.166933
0.166132
0.165333
0.164537
0.163743
0.162950
0.162160
0.161372
0.160587
0.159803
0.159022
0.158242
0.157465
0.156690
0.155917
0.155146
0.154378
0.153611
0.152847
0.152084
0.151324
0.150566
0.149810
0.149056
0.148304
0.147554
0.146806
0.146060
0.145317
0.144575
0.143835
0.143098
0.142363
0.141629
0.140898
0.140169
0.139441
0.138716
0.137993
0.137272
0.136552
0.135835
0.135120
0.134407
0.133696
0.132987
0.132279
0.131574
0.130871
0.130170
0.129471
0.128773
0.128078
0.127385
0.126693
0.126004
0.125317
0.124631
0.123948
0.123266
0.122586
0.121909
0.121233
0.120559
0.119887
0.119217
0.118549
0.117882
0.117218
0.116556
0.115895
0.115237
0.114580
0.113925
0.113272
0.112621
0.111972
0.111324
0.110679
0.110035
0.109394
0.108754
0.108116
0.107479
0.106845
0.106213
0.105582
0.104953
0.104326
0.103701
0.103077
0.102456
0.101836
0.101218
0.100602
0.099988
0.099375
0.098764
0.098155
0.097548
0.096943
0.096339
0.095737
0.095137
0.094539
0.093942
0.093347
0.092754
0.092163
0.091573
0.090986
0.090400
0.089815
0.089233
0.088652
0.088073
0.087495
0.086919
0.086345
0.085773
0.085202
0.084633
0.084066
0.083501
0.082937
0.082375
0.081814
0.081255
0.080698
0.080143
0.079589
0.079037
0.078486
0.077937
0.077390
0.076845
0.076301
0.075759
0.075218
0.074679
0.074142
0.073606
0.073072
0.072539
0.072008
0.071479
0.070951
0.070425
0.069901
0.069378
0.068857
0.068337
0.067819
0.067302
0.066787
0.066274
0.065762
0.065252
0.064743
0.064236
0.063730
0.063226
0.062724
0.062223
0.061723
0.061226
0.060729
0.060234
0.059741
0.059249
0.058759
0.058270
0.057783
0.057297
0.056813
0.056330
0.055849
0.055369
0.054891
0.054414
0.053939
0.053465
0.052993
0.052522
0.052053
0.051585
0.051118
0.050653
0.050190
0.049727
0.049267
0.048808
0.048350
0.047893
0.047438
0.046985
0.046533
0.046082
0.045633
0.045185
0.044739
0.044294
0.043850
0.043408
0.042967
0.042528
0.042090
0.041653
0.041218
0.040784
0.040352
0.039920
0.039491
0.039062
0.038635
0.038210
0.037785
0.037362
0.036941
0.036520
0.036102
0.035684
0.035268
0.034853
0.034439
0.034027
0.033616
0.033207
0.032798
0.032391
0.031986
0.031581
0.031178
0.030776
0.030376
0.029977
0.029579
0.029182
0.028787
0.028393
0.028000
0.027609
0.027219
0.026830
0.026442
0.026056
0.025671
0.025287
0.024904
0.024523
0.024142
0.023764
0.023386
0.023009
0.022634
0.022260
0.021888
0.021516
0.021146
0.020777
0.020409
0.020042
0.019677
0.019312
0.018949
0.018588
0.018227
0.017868
0.017509
0.017152
0.016796
0.016442
0.016088
0.015736
0.015384
0.015034
0.014686
0.014338
0.013991
0.013646
0.013302
0.012959
0.012617
0.012276
0.011936
0.011598
0.011260
0.010924
0.010589
0.010255
0.009922
0.009590
0.009260
0.008930
0.008602
0.008274
0.007948
0.007623
0.007299
0.006976
0.006655
0.006334
0.006014
0.005696
0.005378
0.005062
0.004747
0.004432
0.004119
0.003807
0.003496
0.003186
0.002877
0.002569
0.002263
0.001957
0.001652
0.001349
0.001046
0.000744
0.000444
0.000144
-0.000154
-0.000451
-0.000748
-0.001043
-0.001338
-0.001631
-0.001923
-0.002215
-0.002505
-0.002794
-0.003082
-0.003370
-0.003656
-0.003941
-0.004225
-0.004509
-0.004791
-0.005072
-0.005353
-0.005632
-0.005910
-0.006188
-0.006464
-0.006740
-0.007014
-0.007288
-0.007560
-0.007832
-0.008102
-0.008372
-0.008641
-0.008909
-0.009176
-0.009441
-0.009706
-0.009970
-0.010233
-0.010496
-0.010757
-0.011017
-0.011276
-0.011535
-0.011792
-0.012049
-0.012305
-0.012559
-0.012813
-0.013066
-0.013318
-0.013569
-0.013819
-0.014069
-0.014317
-0.014565
-0.014811
-0.015057
-0.015302
-0.015546
-0.015789
-0.016031
-0.016272
-0.016513
-0.016752
-0.016991
-0.017229
-0.017466
-0.017702
-0.017937
-0.018171
-0.018405
-0.018638
-0.018869
-0.019100
-0.019330
-0.019560
-0.019788
-0.020016
-0.020242
-0.020468
-0.020693
-0.020918
-0.021141
-0.021364
-0.021585
-0.021806
-0.022026
-0.022246
-0.022464
-0.022682
-0.022899
-0.023115
-0.023330
-0.023544
-0.023758
-0.023971
-0.024183
-0.024394
-0.024604
-0.024814
-0.025023
-0.025231
-0.025438
-0.025645
-0.025850
-0.026055
-0.026259
-0.026463
-0.026665
-0.026867
-0.027068
-0.027269
-0.027468
-0.027667
-0.027865
-0.028062
-0.028259
-0.028454
-0.028649
-0.028844
-0.029037
-0.029230
-0.029422
-0.029613
-0.029804
-0.029993
-0.030182
-0.030371
-0.030558
-0.030745
-0.030931
-0.031117
-0.031301
-0.031485
-0.031668
-0.031851
-0.032033
-0.032214
-0.032394
-0.032574
-0.032753
-0.032931
-0.033108
-0.033285
-0.033461
-0.033637
-0.033812
-0.033986
-0.034159
-0.034332
-0.034504
-0.034675
-0.034845
-0.035015
-0.035184
-0.035353
-0.035521
-0.035688
-0.035855
-0.036020
-0.036186
-0.036350
-0.036514
-0.036677
-0.036840
-0.037001
-0.037163
-0.037323
-0.037483
-0.037642
-0.037801
-0.037959
-0.038116
-0.038273
-0.038429
-0.038584
-0.038739
-0.038893
-0.039046
-0.039199
-0.039351
-0.039503
-0.039653
-0.039804
-0.039953
-0.040102
-0.040251
-0.040398
-0.040545
-0.040692
-0.040838
-0.040983
-0.041128
-0.041272
-0.041415
-0.041558
-0.041700
-0.041842
-0.041983
-0.042123
-0.042263
-0.042402
-0.042541
-0.042679
-0.042816
-0.042953
-0.043089
-0.043225
-0.043360
-0.043495
-0.043628
-0.043762
-0.043894
-0.044027
-0.044158
-0.044289
-0.044420
-0.044549
-0.044679
-0.044807
-0.044935
-0.045063
-0.045190
-0.045316
-0.045442
-0.045568
-0.045692
-0.045817
-0.045940
-0.046063
-0.046186
-0.046308
-0.046429
-0.046550
-0.046670
-0.046790
-0.046909
-0.047028
-0.047146
-0.047264
-0.047381
-0.047498
-0.047614
-0.047729
-0.047844
-0.047958
-0.048072
-0.048186
-0.048299
-0.048411
-0.048523
-0.048634
-0.048745
-0.048855
-0.048965
-0.049074
-0.049182
-0.049291
-0.049398
-0.049505
-0.049612
-0.049718
-0.049824
-0.049929
-0.050034
-0.050138
-0.050241
-0.050344
-0.050447
-0.050549
-0.050651
-0.050752
-0.050853
-0.050953
-0.051053
-0.051152
-0.051250
-0.051349
-0.051446
-0.051544
-0.051640
-0.051737
-0.051833
-0.051928
-0.052023
-0.052117
-0.052211
-0.052305
-0.052398
-0.052490
-0.052582
-0.052674
-0.052765
-0.052856
-0.052946
-0.053036
-0.053125
-0.053214
-0.053302
-0.053390
-0.053478
-0.053565
-0.053651
-0.053737
-0.053823
-0.053908
-0.053993
-0.054077
-0.054161
-0.054245
-0.054328
-0.054410
-0.054493
-0.054574
-0.054656
-0.054737
-0.054817
-0.054897
-0.054977
-0.055056
-0.055134
-0.055213
-0.055291
-0.055368
-0.055445
-0.055522
-0.055598
-0.055674
-0.055749
-0.055824
-0.055899
-0.055973
-0.056046
-0.056120
-0.056193
-0.056265
-0.056337
-0.056409
-0.056480
-0.056551
-0.056622
-0.056692
-0.056761
-0.056831
-0.056900
-0.056968
-0.057036
-0.057104
-0.057171
-0.057238
-0.057305
-0.057371
-0.057437
-0.057502
-0.057567
-0.057632
-0.057696
-0.057760
-0.057824
-0.057887
-0.057950
-0.058012
-0.058074
-0.058136
-0.058197
-0.058258
-0.058319
-0.058379
-0.058439
-0.058498
-0.058557
-0.058616
-0.058674
-0.058732
-0.058790
-0.058847
-0.058904
-0.058961
-0.059017
-0.059073
-0.059129
-0.059184
-0.059239
-0.059294
-0.059348
-0.059402
-0.059455
-0.059508
-0.059561
-0.059614
-0.059666
-0.059718
-0.059769
-0.059820
-0.059871
-0.059922
-0.059972
-0.060022
-0.060071
-0.060120
-0.060169
-0.060218
-0.060266
-0.060314
-0.060361
-0.060409
-0.060456
-0.060502
-0.060549
-0.060595
-0.060640
-0.060686
-0.060731
-0.060776
-0.060820
-0.060864
-0.060908
-0.060952
-0.060995
-0.061038
-0.061081
-0.061123
-0.061165
-0.061207
-0.061248
-0.061290
-0.061330
-0.061371
-0.061411
-0.061451
-0.061491
-0.061531
-0.061570
-0.061609
-0.061647
-0.061686
-0.061724
-0.061761
-0.061799
-0.061836
-0.061873
-0.061910
-0.061946
-0.061982
-0.062018
-0.062054
-0.062089
-0.062124
-0.062159
-0.062193
-0.062228
-0.062261
-0.062295
-0.062329
-0.062362
-0.062395
-0.062428
-0.062460
-0.062492
-0.062524
-0.062556
-0.062587
-0.062618
-0.062649
-0.062680
-0.062711
-0.062741
-0.062771
-0.062800
-0.062830
-0.062859
-0.062888
-0.062917
-0.062945
-0.062974
-0.063002
-0.063030
-0.063057
-0.063085
-0.063112
-0.063139
-0.063165
-0.063192
-0.063218
-0.063244
-0.063270
-0.063295
-0.063321
-0.063346
-0.063371
-0.063395
-0.063420
-0.063444
-0.063468
-0.063492
-0.063515
-0.063539
-0.063562
-0.063585
-0.063608
-0.063630
-0.063653
-0.063675
-0.063697
-0.063719
-0.063740
-0.063762
-0.063783
-0.063804
-0.063824
-0.063845
-0.063865
-0.063886
-0.063906
-0.063925
-0.063945
-0.063964
-0.063984
-0.064003
-0.064022
-0.064040
-0.064059
-0.064077
-0.064095
-0.064113
-0.064131
-0.064148
-0.064166
-0.064183
-0.064200
-0.064217
-0.064234
-0.064250
-0.064267
-0.064283
-0.064299
-0.064315
-0.064330
-0.064346
-0.064361
-0.064376
-0.064391
-0.064406
-0.064421
-0.064435
-0.064450
-0.064464
-0.064478
-0.064492
-0.064506
-0.064519
-0.064533
-0.064546
-0.064559
-0.064572
-0.064585
-0.064598
-0.064610
-0.064623
-0.064635
-0.064647
-0.064659
-0.064671
-0.064683
-0.064694
-0.064705
-0.064717
-0.064728
-0.064739
-0.064750
-0.064760
-0.064771
-0.064781
-0.064792
-0.064802
-0.064812
-0.064822
-0.064831
-0.064841
-0.064851
-0.064860
-0.064869
-0.064878
-0.064887
-0.064896
-0.064905
-0.064914
-0.064922
-0.064931
-0.064939
-0.064947
-0.064955
-0.064963
-0.064971
-0.064978
-0.064986
-0.064994
-0.065001
-0.065008
-0.065015
-0.065022
-0.065029
-0.065036
-0.065043
-0.065049
-0.065056
-0.065062
-0.065068
-0.065074
-0.065081
-0.065086
-0.065092
-0.065098
-0.065104
-0.065109
-0.065115
-0.065120
-0.065125
-0.065130
-0.065135
-0.065140
-0.065145
-0.065150
-0.065155
-0.065159
-0.065164
-0.065168
-0.065173
-0.065177
-0.065181
-0.065185
-0.065189
-0.065193
-0.065197
-0.065200
-0.065204
-0.065207
-0.065211
-0.065214
-0.065218
-0.065221
-0.065224
-0.065227
-0.065230
-0.065233
-0.065236
-0.065238
-0.065241
-0.065244
-0.065246
-0.065248
-0.065251
-0.065253
-0.065255
-0.065257
-0.065260
-0.065261
-0.065263
-0.065265
-0.065267
-0.065269
-0.065270
-0.065272
-0.065273
-0.065275
-0.065276
-0.065278
-0.065279
-0.065280
-0.065281
-0.065282
-0.065283
-0.065284
-0.065285
-0.065286
-0.065287
-0.065287
-0.065288
-0.065288
-0.065289
-0.065289
-0.065290
-0.065290
-0.065290
-0.065291
-0.065291
-0.065291
-0.065291
-0.065291
-0.065291
-0.065291
-0.065291
-0.065291
-0.065290
-0.065290
-0.065290
-0.065289
-0.065289
-0.065288
-0.065288
-0.065287
-0.065287
-0.065286
-0.065285
-0.065285
-0.065284
-0.065283
-0.065282
-0.065281
-0.065280
-0.065279
-0.065278
-0.065277
-0.065276
-0.065274
-0.065273
-0.065272
-0.065271
-0.065269
-0.065268
-0.065266
-0.065265
-0.065264
-0.065262
-0.065260
-0.065259
-0.065257
-0.065255
-0.065254
-0.065252
-0.065250
-0.065248
-0.065246
-0.065245
-0.065243
-0.065241
-0.065239
-0.065237
-0.065235
-0.065233
-0.065230
-0.065228
-0.065226
-0.065224
-0.065222
-0.065219
-0.065217
-0.065215
-0.065213
-0.065210
-0.065208
-0.065205
-0.065203
-0.065200
-0.065198
-0.065195
-0.065193
-0.065190
-0.065188
-0.065185
-0.065182
-0.065180
-0.065177
-0.065174
-0.065172
-0.065169
-0.065166
-0.065163
-0.065160
-0.065158
-0.065155
-0.065152
-0.065149
-0.065146
-0.065143
-0.065140
-0.065137
-0.065134
-0.065131
-0.065128
-0.065125
-0.065122
-0.065119
-0.065116
-0.065113
-0.065109
-0.065106
-0.065103
-0.065100
-0.065097
-0.065093
-0.065090
-0.065087
-0.065084
-0.065080
-0.065077
-0.065074
-0.065071
-0.065067
-0.065064
-0.065061
-0.065057
-0.065054
-0.065050
-0.065047
-0.065044
-0.065040
-0.065037
-0.065033
-0.065030
-0.065026
-0.065023
-0.065019
-0.065016
-0.065012
-0.065009
-0.065005
-0.065002
-0.064998
-0.064995
-0.064991
-0.064988
-0.064984
-0.064980
-0.064977
-0.064973
-0.064970
-0.064966
-0.064962
-0.064959
-0.064955
-0.064951
-0.064948
-0.064944
-0.064941
-0.064937
-0.064933
-0.064930
-0.064926
-0.064922
-0.064918
-0.064915
-0.064911
-0.064907
-0.064904
-0.064900
-0.064896
-0.064893
-0.064889
-0.064885
-0.064881
-0.064878
-0.064874
-0.064870
-0.064867
-0.064863
-0.064859
-0.064855
-0.064852
-0.064848
-0.064844
-0.064840
-0.064837
-0.064833
-0.064829
-0.064825
-0.064822
-0.064818
-0.064814
-0.064810
-0.064807
-0.064803
-0.064799
-0.064795
-0.064792
-0.064788
-0.064784
-0.064780
-0.064777
-0.064773
-0.064769
-0.064765
-0.064762
-0.064758
-0.064754
-0.064750
-0.064747
-0.064743
-0.064739
-0.064735
-0.064732
-0.064728
-0.064724
-0.064721
-0.064717
-0.064713
-0.064709
-0.064706
-0.064702
-0.064698
-0.064695
-0.064691
-0.064687
-0.064683
-0.064680
-0.064676
-0.064672
-0.064669
-0.064665
-0.064661
-0.064658
-0.064654
-0.064650
-0.064647
-0.064643
-0.064639
-0.064636
-0.064632
-0.064629
-0.064625
-0.064621
-0.064618
-0.064614
-0.064610
-0.064607
-0.064603
-0.064600
-0.064596
-0.064593
-0.064589
-0.064585
-0.064582
-0.064578
-0.064575
-0.064571
-0.064568
-0.064564
-0.064561
-0.064557
-0.064554
-0.064550
-0.064547
-0.064543
-0.064540
-0.064536
-0.064533
-0.064529
-0.064526
-0.064522
-0.064519
-0.064515
-0.064512
-0.064508
-0.064505
-0.064502
-0.064498
-0.064495
-0.064491
-0.064488
-0.064485
-0.064481
-0.064478
-0.064475
-0.064471
-0.064468
-0.064464
-0.064461
-0.064458
-0.064455
-0.064451
-0.064448
-0.064445
-0.064441
-0.064438
-0.064435
-0.064432
-0.064428
-0.064425
-0.064422
-0.064419
-0.064415
-0.064412
-0.064409
-0.064406
-0.064403
-0.064399
-0.064396
-0.064393
-0.064390
-0.064387
-0.064384
-0.064381
-0.064377
-0.064374
-0.064371
-0.064368
-0.064365
-0.064362
-0.064359
-0.064356
-0.064353
-0.064350
-0.064347
-0.064344
-0.064341
-0.064338
-0.064335
-0.064332
-0.064329
-0.064326
-0.064323
-0.064320
-0.064317
-0.064314
-0.064311
-0.064308
-0.064305
-0.064302
-0.064299
-0.064296
-0.064294
-0.064291
-0.064288
-0.064285
-0.064282
-0.064279
-0.064277
-0.064274
-0.064271
-0.064268
-0.064265
-0.064263
-0.064260
-0.064257
-0.064254
-0.064252
-0.064249
-0.064246
-0.064243
-0.064241
-0.064238
-0.064235
-0.064233
-0.064230
-0.064227
-0.064225
-0.064222
-0.064220
-0.064217
-0.064214
-0.064212
-0.064209
-0.064207
-0.064204
-0.064201
-0.064199
-0.064196
-0.064194
-0.064191
-0.064189
-0.064186
-0.064184
-0.064181
-0.064179
-0.064176
-0.064174
-0.064172
-0.064169
-0.064167
-0.064164
-0.064162
-0.064159
-0.064157
-0.064155
-0.064152
-0.064150
-0.064148
-0.064145
-0.064143
-0.064141
-0.064138
-0.064136
-0.064134
-0.064132
-0.064129
-0.064127
-0.064125
-0.064122
-0.064120
-0.064118
-0.064116
-0.064114
-0.064111
-0.064109
-0.064107
-0.064105
-0.064103
-0.064101
-0.064098
-0.064096
-0.064094
-0.064092
-0.064090
-0.064088
-0.064086
-0.064084
-0.064082
-0.064080
-0.064078
-0.064076
-0.064074
-0.064072
-0.064070
-0.064068
-0.064066
-0.064064
-0.064062
-0.064060
-0.064058
-0.064056
-0.064054
-0.064052
-0.064050
-0.064048
-0.064046
-0.064044
-0.064043
-0.064041
-0.064039
-0.064037
-0.064035
-0.064033
-0.064031
-0.064030
-0.064028
-0.064026
-0.064024
-0.064023
-0.064021
-0.064019
-0.064017
-0.064016
-0.064014
-0.064012
-0.064010
-0.064009
-0.064007
-0.064005
-0.064004
-0.064002
-0.064000
-0.063999
-0.063997
-0.063995
-0.063994
-0.063992
-0.063991
-0.063989
-0.063988
-0.063986
-0.063984
-0.063983
-0.063981
-0.063980
-0.063978
-0.063977
-0.063975
-0.063974
-0.063972
-0.063971
-0.063969
-0.063968
-0.063966
-0.063965
-0.063963
-0.063962
-0.063961
-0.063959
-0.063958
-0.063956
-0.063955
-0.063954
-0.063952
-0.063951
-0.063950
-0.063948
-0.063947
-0.063946
-0.063944
-0.063943
-0.063942
-0.063940
-0.063939
-0.063938
-0.063937
-0.063935
-0.063934
-0.063933
-0.063932
-0.063930
-0.063929
-0.063928
-0.063927
-0.063926
-0.063924
-0.063923
-0.063922
-0.063921
-0.063920
-0.063919
-0.063917
-0.063916
-0.063915
-0.063914
-0.063913
-0.063912
-0.063911
-0.063910
-0.063909
-0.063908
-0.063907
-0.063906
-0.063905
-0.063904
-0.063903
-0.063902
-0.063901
-0.063900
-0.063899
-0.063898
-0.063897
-0.063896
-0.063895
-0.063894
-0.063893
-0.063892
-0.063891
-0.063890
-0.063889
-0.063888
-0.063887
-0.063886
-0.063886
-0.063885
-0.063884
-0.063883
-0.063882
-0.063881
-0.063880
-0.063880
-0.063879
-0.063878
-0.063877
-0.063876
-0.063876
-0.063875
-0.063874
-0.063873
-0.063873
-0.063872
-0.063871
-0.063870
-0.063870
-0.063869
-0.063868
-0.063868
-0.063867
-0.063866
-0.063866
-0.063865
-0.063864
-0.063864
-0.063863
-0.063862
-0.063862
-0.063861
-0.063860
-0.063860
-0.063859
-0.063859
-0.063858
-0.063857
-0.063857
-0.063856
-0.063856
-0.063855
-0.063855
-0.063854
-0.063853
-0.063853
-0.063852
-0.063852
-0.063851
-0.063851
-0.063850
-0.063850
-0.063849
-0.063849
-0.063848
-0.063848
-0.063848
-0.063847
-0.063847
-0.063846
-0.063846
-0.063845
-0.063845
-0.063845
-0.063844
-0.063844
-0.063843
-0.063843
-0.063843
-0.063842
-0.063842
-0.063842
-0.063841
-0.063841
-0.063841
-0.063840
-0.063840
-0.063840
-0.063839
-0.063839
-0.063839
-0.063838
-0.063838
-0.063838
-0.063838
-0.063837
-0.063837
-0.063837
-0.063837
-0.063836
-0.063836
-0.063836
-0.063836
-0.063835
-0.063835
-0.063835
-0.063835
-0.063835
-0.063834
-0.063834
-0.063834
-0.063834
-0.063834
-0.063834
-0.063833
-0.063833
-0.063833
-0.063833
-0.063833
-0.063833
-0.063833
-0.063833
-0.063833
-0.063832
-0.063832
-0.063832
-0.063832
-0.063832
-0.063832
-0.063832
-0.063832
-0.063832
-0.063832
-0.063832
-0.063832
-0.063832
-0.063832
-0.063832
-0.063832
-0.063832
-0.063832
-0.063832
-0.063832
-0.063832
-0.063832
-0.063832
-0.063832
-0.063832
-0.063832
-0.063832
-0.063832
-0.063832
-0.063832
-0.063832
-0.063832
-0.063832
-0.063833
-0.063833
-0.063833
-0.063833
-0.063833
-0.063833
-0.063833
-0.063833
-0.063833
-0.063834

