0.000000
0.000000
-0.000026
-0.000052
-0.000077
-0.000103
-0.000128
-0.000153
-0.000177
-0.000201
-0.000224
-0.000247
-0.000270
-0.000293
-0.000315
-0.000337
-0.000359
-0.000380
-0.000402
-0.000423
-0.000444
-0.000465
-0.000485
-0.000506
-0.000526
-0.000547
-0.000567
-0.000587
-0.000607
-0.000627
-0.000647
-0.000667
-0.000687
-0.000707
-0.000726
-0.000746
-0.000766
-0.000785
-0.000805
-0.000824
-0.000844
-0.000863
-0.000883
-0.000902
-0.000922
-0.000941
-0.000961
-0.000980
-0.001000
-0.001019
-0.001038
-0.001058
-0.001077
-0.001097
-0.001116
-0.001135
-0.001155
-0.001174
-0.001194
-0.001213
-0.001233
-0.001252
-0.001271
-0.001291
-0.001310
-0.001330
-0.001349
-0.001369
-0.001388
-0.001408
-0.001428
-0.001447
-0.001467
-0.001486
-0.001506
-0.001525
-0.001545
-0.001565
-0.001584
-0.001604
-0.001624
-0.001644
-0.001663
-0.001683
-0.001703
-0.001723
-0.001743
-0.001762
-0.001782
-0.001802
-0.001822
-0.001842
-0.001862
-0.001882
-0.001902
-0.001922
-0.001942
-0.001962
-0.001982
-0.002002
-0.002022
-0.002042
-0.002063
-0.002083
-0.002103
-0.002123
-0.002143
-0.002164
-0.002184
-0.002204
-0.002225
-0.002245
-0.002265
-0.002286
-0.002306
-0.002326
-0.002347
-0.002367
-0.002388
-0.002408
-0.002429
-0.002449
-0.002470
-0.002491
-0.002511
-0.002532
-0.002553
-0.002573
-0.002594
-0.002615
-0.002635
-0.002656
-0.002677
-0.002698
-0.002719
-0.002739
-0.002760
-0.002781
-0.002802
-0.002823
-0.002844
-0.002865
-0.002886
-0.002907
-0.002928
-0.002949
-0.002970
-0.002991
-0.003012
-0.003033
-0.003054
-0.003075
-0.003097
-0.003118
-0.003139
-0.003160
-0.003181
-0.003203
-0.003224
-0.003245
-0.003266
-0.003288
-0.003309
-0.003330
-0.003352
-0.003373
-0.003395
-0.003416
-0.003437
-0.003459
-0.003480
-0.003502
-0.003523
-0.003545
-0.003566
-0.003588
-0.003610
-0.003631
-0.003653
-0.003674
-0.003696
-0.003718
-0.003739
-0.003761
-0.003783
-0.003804
-0.003826
-0.003848
-0.003869
-0.003891
-0.003913
-0.003935
-0.003956
-0.003978
-0.004000
-0.004022
-0.004044
-0.004066
-0.004088
-0.004109
-0.004131
-0.004153
-0.004175
-0.004197
-0.004219
-0.004241
-0.004263
-0.004285
-0.004307
-0.004329
-0.004351
-0.004373
-0.004395
-0.004417
-0.004439
-0.004461
-0.004483
-0.004505
-0.004527
-0.004550
-0.004572
-0.004594
-0.004616
-0.004638
-0.004660
-0.004683
-0.004705
-0.004727
-0.004749
-0.004771
-0.004794
-0.004816
-0.004838
-0.004860
-0.004883
-0.004905
-0.004927
-0.004949
-0.004972
-0.004994
-0.005016
-0.005039
-0.005061
-0.005083
-0.005106
-0.005128
-0.005150
-0.005173
-0.005195
-0.005218
-0.005240
-0.005262
-0.005285
-0.005307
-0.005330
-0.005352
-0.005375
-0.005397
-0.005419
-0.005442
-0.005464
-0.005487
-0.005509
-0.005532
-0.005554
-0.005577
-0.005599
-0.005622
-0.005644
-0.005667
-0.005690
-0.005712
-0.005735
-0.005757
-0.005780
-0.005802
-0.005825
-0.005847
-0.005870
-0.005893
-0.005915
-0.005938
-0.005960
-0.005983
-0.006006
-0.006028
-0.006051
-0.006073
-0.006096
-0.006119
-0.006141
-0.006164
-0.006187
-0.006209
-0.006232
-0.006255
-0.006277
-0.006300
-0.006323
-0.006345
-0.006368
-0.006391
-0.006413
-0.006436
-0.006459
-0.006482
-0.006504
-0.006527
-0.006550
-0.006572
-0.006595
-0.006618
-0.006641
-0.006663
-0.006686
-0.006709
-0.006731
-0.006754
-0.006777
-0.006800
-0.006822
-0.006845
-0.006868
-0.006891
-0.006913
-0.006936
-0.006959
-0.006982
-0.007004
-0.007027
-0.007050
-0.007073
-0.007095
-0.007118
-0.007141
-0.007164
-0.007187
-0.007209
-0.007232
-0.007255
-0.007278
-0.007300
-0.007323
-0.007346
-0.007369
-0.007392
-0.007414
-0.007437
-0.007460
-0.007483
-0.007505
-0.007528
-0.007551
-0.007574
-0.007597
-0.007619
-0.007642
-0.007665
-0.007688
-0.007711
-0.007733
-0.007756
-0.007779
-0.007802
-0.007825
-0.007847
-0.007870
-0.007893
-0.007916
-0.007939
-0.007961
-0.007984
-0.008007
-0.008030
-0.008052
-0.008075
-0.008098
-0.008121
-0.008144
-0.008166
-0.008189
-0.008212
-0.008235
-0.008258
-0.008280
-0.008303
-0.008326
-0.008349
-0.008371
-0.008394
-0.008417
-0.008440
-0.008462
-0.008485
-0.008508
-0.008531
-0.008554
-0.008576
-0.008599
-0.008622
-0.008645
-0.008667
-0.008690
-0.008713
-0.008736
-0.008758
-0.008781
-0.008804
-0.008827
-0.008849
-0.008872
-0.008895
-0.008917
-0.008940
-0.008963
-0.008986
-0.009008
-0.009031
-0.009054
-0.009077
-0.009099
-0.009122
-0.009145
-0.009167
-0.009190
-0.009213
-0.009235
-0.009258
-0.009281
-0.009304
-0.009326
-0.009349
-0.009372
-0.009394
-0.009417
-0.009440
-0.009462
-0.009485
-0.009508
-0.009530
-0.009553
-0.009576
-0.009598
-0.009621
-0.009643
-0.009666
-0.009689
-0.009711
-0.009734
-0.009757
-0.009779
-0.009802
-0.009824
-0.009847
-0.009870
-0.009892
-0.009915
-0.009937
-0.009960
-0.009983
-0.010005
-0.010028
-0.010050
-0.010073
-0.010095
-0.010118
-0.010141
-0.010163
-0.010186
-0.010208
-0.010231
-0.010253
-0.010276
-0.010298
-0.010321
-0.010343
-0.010366
-0.010388
-0.010411
-0.010433
-0.010456
-0.010478
-0.010501
-0.010523
-0.010546
-0.010568
-0.010591
-0.010613
-0.010636
-0.010658
-0.010680
-0.010703
-0.010725
-0.010748
-0.010770
-0.010793
-0.010815
-0.010837
-0.010860
-0.010882
-0.010905
-0.010927
-0.010949
-0.010972
-0.010994
-0.011017
-0.011039
-0.011061
-0.011084
-0.011106
-0.011128
-0.011151
-0.011173
-0.011195
-0.011218
-0.011240
-0.011262
-0.011285
-0.011307
-0.011329
-0.011351
-0.011374
-0.011396
-0.011418
-0.011440
-0.011463
-0.011485
-0.011507
-0.011529
-0.011552
-0.011574
-0.011596
-0.011618
-0.011641
-0.011663
-0.011685
-0.011707
-0.011729
-0.011752
-0.011774
-0.011796
-0.011818
-0.011840
-0.011862
-0.011884
-0.011907
-0.011929
-0.011951
-0.011973
-0.011995
-0.012017
-0.012039
-0.012061
-0.012083
-0.012106
-0.012128
-0.012150
-0.012172
-0.012194
-0.012216
-0.012238
-0.012260
-0.012282
-0.012304
-0.012326
-0.012348
-0.012370
-0.012392
-0.012414
-0.012436
-0.012458
-0.012480
-0.012502
-0.012524
-0.012546
-0.012568
-0.012590
-0.012612
-0.012634
-0.012655
-0.012677
-0.012699
-0.012721
-0.012743
-0.012765
-0.012787
-0.012809
-0.012831
-0.012852
-0.012874
-0.012896
-0.012918
-0.012940
-0.012962
-0.012983
-0.013005
-0.013027
-0.013049
-0.013070
-0.013092
-0.013114
-0.013136
-0.013158
-0.013179
-0.013201
-0.013223
-0.013244
-0.013266
-0.013288
-0.013310
-0.013331
-0.013353
-0.013375
-0.013396
-0.013418
-0.013440
-0.013461
-0.013483
-0.013505
-0.013526
-0.013548
-0.013569
-0.013591
-0.013613
-0.013634
-0.013656
-0.013677
-0.013699
-0.013721
-0.013742
-0.013764
-0.013785
-0.013807
-0.013828
-0.013850
-0.013871
-0.013893
-0.013914
-0.013936
-0.013957
-0.013979
-0.014000
-0.014022
-0.014043
-0.014065
-0.014086
-0.014107
-0.014129
-0.014150
-0.014172
-0.014193
-0.014214
-0.014236
-0.014257
-0.014278
-0.014300
-0.014321
-0.014343
-0.014364
-0.014385
-0.014406
-0.014428
-0.014449
-0.014470
-0.014492
-0.014513
-0.014534
-0.014555
-0.014577
-0.014598
-0.014619
-0.014640
-0.014662
-0.014683
-0.014704
-0.014725
-0.014746
-0.014768
-0.014789
-0.014810
-0.014831
-0.014852
-0.014873
-0.014894
-0.014916
-0.014937
-0.014958
-0.014979
-0.015000
-0.015021
-0.015042
-0.015063
-0.015084
-0.015105
-0.015126
-0.015147
-0.015168
-0.015189
-0.015210
-0.015231
-0.015252
-0.015273
-0.015294
-0.015315
-0.015336
-0.015357
-0.015378
-0.015399
-0.015420
-0.015441
-0.015462
-0.015483
-0.015504
-0.015524
-0.015545
-0.015566
-0.015587
-0.015608
-0.015629
-0.015650
-0.015670
-0.015691
-0.015712
-0.015733
-0.015754
-0.015774
-0.015795
-0.015816
-0.015837
-0.015857
-0.015878
-0.015899
-0.015920
-0.015940
-0.015961
-0.015982
-0.016002
-0.016023
-0.016044
-0.016064
-0.016085
-0.016106
-0.016126
-0.016147
-0.016168
-0.016188
-0.016209
-0.016229
-0.016250
-0.016271
-0.016291
-0.016312
-0.016332
-0.016353
-0.016373
-0.016394
-0.016414
-0.016435
-0.016455
-0.016476
-0.016496
-0.016517
-0.016537
-0.016558
-0.016578
-0.016599
-0.016619
-0.016639
-0.016660
-0.016680
-0.016701
-0.016721
-0.016741
-0.016762
-0.016782
-0.016802
-0.016823
-0.016843
-0.016863
-0.016884
-0.016904
-0.016924
-0.016945
-0.016965
-0.016985
-0.017005
-0.017026
-0.017046
-0.017066
-0.017086
-0.017107
-0.017127
-0.017147
-0.017167
-0.017187
-0.017207
-0.017228
-0.017248
-0.017268
-0.017288
-0.017308
-0.017328
-0.017348
-0.017369
-0.017389
-0.017409
-0.017429
-0.017449
-0.017469
-0.017489
-0.017509
-0.017529
-0.017549
-0.017569
-0.017589
-0.017609
-0.017629
-0.017649
-0.017669
-0.017689
-0.017709
-0.017729
-0.017749
-0.017769
-0.017789
-0.017808
-0.017828
-0.017848
-0.017868
-0.017888
-0.017908
-0.017928
-0.017948
-0.017967
-0.017987
-0.018007
-0.018027
-0.018047
-0.018066
-0.018086
-0.018106
-0.018126
-0.018145
-0.018165
-0.018185
-0.018205
-0.018224
-0.018244
-0.018264
-0.018284
-0.018303
-0.018323
-0.018343
-0.018362
-0.018382
-0.018401
-0.018421
-0.018441
-0.018460
-0.018480
-0.018500
-0.018519
-0.018539
-0.018558
-0.018578
-0.018597
-0.018617
-0.018636
-0.018656
-0.018675
-0.018695
-0.018714
-0.018734
-0.018753
-0.018773
-0.018792
-0.018812
-0.018831
-0.018851
-0.018870
-0.018889
-0.018909
-0.018928
-0.018948
-0.018967
-0.018986
-0.019006
-0.019025
-0.019044
-0.019064
-0.019083
-0.019102
-0.019122
-0.019141
-0.019160
-0.019179
-0.019199
-0.019218
-0.019237
-0.019256
-0.019276
-0.019295
-0.019314
-0.019333
-0.019353
-0.019372
-0.019391
-0.019410
-0.019429
-0.019448
-0.019468
-0.019487
-0.019506
-0.019525
-0.019544
-0.019563
-0.019582
-0.019601
-0.019620
-0.019639
-0.019658
-0.019677
-0.019696
-0.019715
-0.019734
-0.019753
-0.019772
-0.019791
-0.019810
-0.019829
-0.019848
-0.019867
-0.019886
-0.019905
-0.019924
-0.019943
-0.019962
-0.019981
-0.020000
-0.020019
-0.020037
-0.020056
-0.020075
-0.020094
-0.020113
-0.020132
-0.020150
-0.020169
-0.020188
-0.020207
-0.020226
-0.020244
-0.020263
-0.020282
-0.020301
-0.020319
-0.020338
-0.020357
-0.020375
-0.020394
-0.020413
-0.020432
-0.020450
-0.020469
-0.020488
-0.020506
-0.020525
-0.020543
-0.020562
-0.020581
-0.020599
-0.020618
-0.020636
-0.020655
-0.020674
-0.020692
-0.020711
-0.020729
-0.020748
-0.020766
-0.020785
-0.020803
-0.020822
-0.020840
-0.020859
-0.020877
-0.020895
-0.020914
-0.020932
-0.020951
-0.020969
-0.020988
-0.021006
-0.021024
-0.021043
-0.021061
-0.021079
-0.021098
-0.021116
-0.021135
-0.021153
-0.021171
-0.021189
-0.021208
-0.021226
-0.021244
-0.021263
-0.021281
-0.021299
-0.021317
-0.021336
-0.021354
-0.021372
-0.021390
-0.021408
-0.021427
-0.021445
-0.021463
-0.021481
-0.021499
-0.021517
-0.021536
-0.021554
-0.021572
-0.021590
-0.021608
-0.021626
-0.021644
-0.021662
-0.021680
-0.021698
-0.021716
-0.021734
-0.021752
-0.021770
-0.021788
-0.021806
-0.021824
-0.021842
-0.021860
-0.021878
-0.021896
-0.021914
-0.021932
-0.021950
-0.021968
-0.021986
-0.022004
-0.022022
-0.022040
-0.022058
-0.022075
-0.022093
-0.022111
-0.022129
-0.022147
-0.022165
-0.022182
-0.022200
-0.022218
-0.022236
-0.022254
-0.022271
-0.022289
-0.022307
-0.022325
-0.022342
-0.022360
-0.022378
-0.022395
-0.022413
-0.022431
-0.022448
-0.022466
-0.022484
-0.022501
-0.022519
-0.022537
-0.022554
-0.022572
-0.022590
-0.022607
-0.022625
-0.022642
-0.022660
-0.022677
-0.022695
-0.022713
-0.022730
-0.022748
-0.022765
-0.022783
-0.022800
-0.022818
-0.022835
-0.022853
-0.022870
-0.022887
-0.022905
-0.022922
-0.022940
-0.022957
-0.022975
-0.022992
-0.023009
-0.023027
-0.023044
-0.023062
-0.023079
-0.023096
-0.023114
-0.023131
-0.023148
-0.023166
-0.023183
-0.023200
-0.023217
-0.023235
-0.023252
-0.023269
-0.023286
-0.023304
-0.023321
-0.023338
-0.023355
-0.023373
-0.023390
-0.023407
-0.023424
-0.023441
-0.023458
-0.023476
-0.023493
-0.023510
-0.023527
-0.023544
-0.023561
-0.023578
-0.023595
-0.023613
-0.023630
-0.023647
-0.023664
-0.023681
-0.023698
-0.023715
-0.023732
-0.023749
-0.023766
-0.023783
-0.023800
-0.023817
-0.023834
-0.023851
-0.023868
-0.023885
-0.023902
-0.023919
-0.023935
-0.023952
-0.023969
-0.023986
-0.024003
-0.024020
-0.024037
-0.024054
-0.024070
-0.024087
-0.024104
-0.024121
-0.024138
-0.024155
-0.024171
-0.024188
-0.024205
-0.024222
-0.024238
-0.024255
-0.024272
-0.024289
-0.024305
-0.024322
-0.024339
-0.024356
-0.024372
-0.024389
-0.024406
-0.024422
-0.024439
-0.024456
-0.024472
-0.024489
-0.024505
-0.024522
-0.024539
-0.024555
-0.024572
-0.024588
-0.024605
-0.024622
-0.024638
-0.024655
-0.024671
-0.024688
-0.024704
-0.024721
-0.024737
-0.024754
-0.024770
-0.024787
-0.024803
-0.024820
-0.024836
-0.024852
-0.024869
-0.024885
-0.024902
-0.024918
-0.024935
-0.024951
-0.024967
-0.024984
-0.025000
-0.025016
-0.025033
-0.025049
-0.025065
-0.025082
-0.025098
-0.025114
-0.025131
-0.025147
-0.025163
-0.025179
-0.025196
-0.025212
-0.025228
-0.025244
-0.025261
-0.025277
-0.025293
-0.025309
-0.025326
-0.025342
-0.025358
-0.025374
-0.025390
-0.025406
-0.025423
-0.025439
-0.025455
-0.025471
-0.025487
-0.025503
-0.025519
-0.025535
-0.025551
-0.025567
-0.025583
-0.025600
-0.025616
-0.025632
-0.025648
-0.025664
-0.025680
-0.025696
-0.025712
-0.025728
-0.025744
-0.025760
-0.025775
-0.025791
-0.025807
-0.025823
-0.025839
-0.025855
-0.025871
-0.025887
-0.025903
-0.025919
-0.025935
-0.025950
-0.025966
-0.025982
-0.025998
-0.026014
-0.026030
-0.026045
-0.026061
-0.026077
-0.026093
-0.026109
-0.026124
-0.026140
-0.026156
-0.026172
-0.026187
-0.026203
-0.026219
-0.026235
-0.026250
-0.026266
-0.026282
-0.026297
-0.026313
-0.026329
-0.026344
-0.026360
-0.026376
-0.026391
-0.026407
-0.026422
-0.026438
-0.026454
-0.026469
-0.026485
-0.026500
-0.026516
-0.026532
-0.026547
-0.026563
-0.026578
-0.026594
-0.026609
-0.026625
-0.026640
-0.026656
-0.026671
-0.026687
-0.026702
-0.026718
-0.026733
-0.026748
-0.026764
-0.026779
-0.026795
-0.026810
-0.026825
-0.026841
-0.026856
-0.026872
-0.026887
-0.026902
-0.026918
-0.026933
-0.026948
-0.026964
-0.026979
-0.026994
-0.027010
-0.027025
-0.027040
-0.027055
-0.027071
-0.027086
-0.027101
-0.027116
-0.027132
-0.027147
-0.027162
-0.027177
-0.027193
-0.027208
-0.027223
-0.027238
-0.027253
-0.027268
-0.027284
-0.027299
-0.027314
-0.027329
-0.027344
-0.027359
-0.027374
-0.027389
-0.027405
-0.027420
-0.027435
-0.027450
-0.027465
-0.027480
-0.027495
-0.027510
-0.027525
-0.027540
-0.027555
-0.027570
-0.027585
-0.027600
-0.027615
-0.027630
-0.027645
-0.027660
-0.027675
-0.027690
-0.027705
-0.027720
-0.027734
-0.027749
-0.027764
-0.027779
-0.027794
-0.027809
-0.027824
-0.027839
-0.027853
-0.027868
-0.027883
-0.027898
-0.027913
-0.027928
-0.027942
-0.027957
-0.027972
-0.027987
-0.028001
-0.028016
-0.028031
-0.028046
-0.028060
-0.028075
-0.028090
-0.028105
-0.028119
-0.028134
-0.028149
-0.028163
-0.028178
-0.028193
-0.028207
-0.028222
-0.028237
-0.028251
-0.028266
-0.028281
-0.028295
-0.028310
-0.028324
-0.028339
-0.028353
-0.028368
-0.028383
-0.028397
-0.028412
-0.028426
-0.028441
-0.028455
-0.028470
-0.028484
-0.028499
-0.028513
-0.028528
-0.028542
-0.028557
-0.028571
-0.028586
-0.028600
-0.028614
-0.028629
-0.028643
-0.028658
-0.028672
-0.028687
-0.028701
-0.028715
-0.028730
-0.028744
-0.028758
-0.028773
-0.028787
-0.028801
-0.028816
-0.028830
-0.028844
-0.028859
-0.028873
-0.028887
-0.028902
-0.028916
-0.028930
-0.028944
-0.028959
-0.028973
-0.028987
-0.029001
-0.029015
-0.029030
-0.029044
-0.029058
-0.029072
-0.029086
-0.029101
-0.029115
-0.029129
-0.029143
-0.029157
-0.029171
-0.029185
-0.029200
-0.029214
-0.029228
-0.029242
-0.029256
-0.029270
-0.029284
-0.029298
-0.029312
-0.029326
-0.029340
-0.029354
-0.029368
-0.029382
-0.029396
-0.029410
-0.029424
-0.029438
-0.029452
-0.029466
-0.029480
-0.029494
-0.029508
-0.029522
-0.029536
-0.029550
-0.029564
-0.029578
-0.029592
-0.029606
-0.029620
-0.029633
-0.029647
-0.029661
-0.029675
-0.029689
-0.029703
-0.029717
-0.029730
-0.029744
-0.029758
-0.029772
-0.029786
-0.029799
-0.029813
-0.029827
-0.029841
-0.029854
-0.029868
-0.029882
-0.029896
-0.029909
-0.029923
-0.029937
-0.029951
-0.029964
-0.029978
-0.029992
-0.030005
-0.030019
-0.030033
-0.030046
-0.030060
-0.030074
-0.030087
-0.030101
-0.030114
-0.030128
-0.030142
-0.030155
-0.030169
-0.030182
-0.030196
-0.030209
-0.030223
-0.030237
-0.030250
-0.030264
-0.030277
-0.030291
-0.030304
-0.030318
-0.030331
-0.030345
-0.030358
-0.030372
-0.030385
-0.030399
-0.030412
-0.030425
-0.030439
-0.030452
-0.030466
-0.030479
-0.030493
-0.030506
-0.030519
-0.030533
-0.030546
-0.030559
-0.030573
-0.030586
-0.030600
-0.030613
-0.030626
-0.030640
-0.030653
-0.030666
-0.030679
-0.030693
-0.030706
-0.030719
-0.030733
-0.030746
-0.030759
-0.030772
-0.030786
-0.030799
-0.030812
-0.030825
-0.030839
-0.030852
-0.030865
-0.030878
-0.030891
-0.030905
-0.030918
-0.030931
-0.030944
-0.030957
-0.030970
-0.030983
-0.030997
-0.031010
-0.031023
-0.031036
-0.031049
-0.031062
-0.031075
-0.031088
-0.031101
-0.031114
-0.031127
-0.031140
-0.031154
-0.031167
-0.031180
-0.031193
-0.031206
-0.031219
-0.031232
-0.031245
-0.031258
-0.031271
-0.031284
-0.031296
-0.031309
-0.031322
-0.031335
-0.031348
-0.031361
-0.031374
-0.031387
-0.031400
-0.031413
-0.031426
-0.031439
-0.031451
-0.031464
-0.031477
-0.031490
-0.031503
-0.031516
-0.031529
-0.031541
-0.031554
-0.031567
-0.031580
-0.031593
-0.031605
-0.031618
-0.031631
-0.031644
-0.031656
-0.031669
-0.031682
-0.031695
-0.031707
-0.031720
-0.031733
-0.031746
-0.031758
-0.031771
-0.031784
-0.031796
-0.031809
-0.031822
-0.031834
-0.031847
-0.031860
-0.031872
-0.031885
-0.031898
-0.031910
-0.031923
-0.031935
-0.031948
-0.031961
-0.031973
-0.031986
-0.031998
-0.032011
-0.032023
-0.032036
-0.032049
-0.032061
-0.032074
-0.032086
-0.032099
-0.032111
-0.032124
-0.032136
-0.032149
-0.032161
-0.032174
-0.032186
-0.032199
-0.032211
-0.032223
-0.032236
-0.032248
-0.032261
-0.032273
-0.032286
-0.032298
-0.032310
-0.032323
-0.032335
-0.032347
-0.032360
-0.032372
-0.032385
-0.032397
-0.032409
-0.032422
-0.032434
-0.032446
-0.032459
-0.032471
-0.032483
-0.032495
-0.032508
-0.032520
-0.032532
-0.032545
-0.032557
-0.032569
-0.032581
-0.032594
-0.032606
-0.032618
-0.032630
-0.032642
-0.032655
-0.032667
-0.032679
-0.032691
-0.032703
-0.032716
-0.032728
-0.032740
-0.032752
-0.032764
-0.032776
-0.032788
-0.032800
-0.032813
-0.032825
-0.032837
-0.032849
-0.032861
-0.032873
-0.032885
-0.032897
-0.032909
-0.032921
-0.032933
-0.032945
-0.032957
-0.032969
-0.032981
-0.032993
-0.033005
-0.033017
-0.033029
-0.033041
-0.033053
-0.033065
-0.033077
-0.033089
-0.033101
-0.033113
-0.033125
-0.033137
-0.033149
-0.033161
-0.033173
-0.033185
-0.033197
-0.033209
-0.033220
-0.033232
-0.033244
-0.033256
-0.033268
-0.033280
-0.033292
-0.033303
-0.033315
-0.033327
-0.033339
-0.033351
-0.033362
-0.033374
-0.033386
-0.033398
-0.033410
-0.033421
-0.033433
-0.033445
-0.033457
-0.033468
-0.033480
-0.033492
-0.033504
-0.033515
-0.033527
-0.033539
-0.033550
-0.033562
-0.033574
-0.033585
-0.033597
-0.033609
-0.033620
-0.033632
-0.033644
-0.033655
-0.033667
-0.033679
-0.033690
-0.033702
-0.033713
-0.033725
-0.033737
-0.033748
-0.033760
-0.033771
-0.033783
-0.033795
-0.033806
-0.033818
-0.033829
-0.033841
-0.033852
-0.033864
-0.033875
-0.033887
-0.033898
-0.033910
-0.033921
-0.033933
-0.033944
-0.033956
-0.033967
-0.033979
-0.033990
-0.034001
-0.034013
-0.034024
-0.034036
-0.034047
-0.034059
-0.034070
-0.034081
-0.034093
-0.034104
-0.034116
-0.034127
-0.034138
-0.034150
-0.034161
-0.034172
-0.034184
-0.034195
-0.034206
-0.034218
-0.034229
-0.034240
-0.034252
-0.034263
-0.034274
-0.034285
-0.034297
-0.034308
-0.034319
-0.034330
-0.034342
-0.034353
-0.034364
-0.034375
-0.034387
-0.034398
-0.034409
-0.034420
-0.034431
-0.034443
-0.034454
-0.034465
-0.034476
-0.034487
-0.034498
-0.034510
-0.034521
-0.034532
-0.034543
-0.034554
-0.034565
-0.034576
-0.034588
-0.034599
-0.034610
-0.034621
-0.034632
-0.034643
-0.034654
-0.034665
-0.034676
-0.034687
-0.034698
-0.034709
-0.034720
-0.034731
-0.034742
-0.034753
-0.034764
-0.034775
-0.034786
-0.034797
-0.034808
-0.034819
-0.034830
-0.034841
-0.034852
-0.034863
-0.034874
-0.034885
-0.034896
-0.034907
-0.034918
-0.034929
-0.034940
-0.034950
-0.034961
-0.034972
-0.034983
-0.034994
-0.035005
-0.035016
-0.035027
-0.035037
-0.035048
-0.035059
-0.035070
-0.035081
-0.035092
-0.035102
-0.035113
-0.035124
-0.035135
-0.035146
-0.035156
-0.035167
-0.035178
-0.035189
-0.035199
-0.035210
-0.035221
-0.035232
-0.035242
-0.035253
-0.035264
-0.035275
-0.035285
-0.035296
-0.035307
-0.035317
-0.035328
-0.035339
-0.035349
-0.035360
-0.035371
-0.035381
-0.035392
-0.035403
-0.035413
-0.035424
-0.035435
-0.035445
-0.035456
-0.035466
-0.035477
-0.035488
-0.035498
-0.035509
-0.035519
-0.035530
-0.035540
-0.035551
-0.035562
-0.035572
-0.035583
-0.035593
-0.035604
-0.035614
-0.035625
-0.035635
-0.035646
-0.035656
-0.035667
-0.035677
-0.035688
-0.035698
-0.035709
-0.035719
-0.035729
-0.035740
-0.035750
-0.035761
-0.035771
-0.035782
-0.035792
-0.035802
-0.035813
-0.035823
-0.035834
-0.035844
-0.035854
-0.035865
-0.035875
-0.035885
-0.035896
-0.035906
-0.035917
-0.035927
-0.035937
-0.035948
-0.035958
-0.035968
-0.035978
-0.035989
-0.035999
-0.036009
-0.036020
-0.036030
-0.036040
-0.036050
-0.036061
-0.036071
-0.036081
-0.036091
-0.036102
-0.036112
-0.036122
-0.036132
-0.036143
-0.036153
-0.036163
-0.036173
-0.036183
-0.036194
-0.036204
-0.036214
-0.036224
-0.036234
-0.036244
-0.036255
-0.036265
-0.036275
-0.036285
-0.036295
-0.036305
-0.036315
-0.036325
-0.036335
-0.036346
-0.036356
-0.036366
-0.036376
-0.036386
-0.036396
-0.036406
-0.036416
-0.036426
-0.036436
-0.036446
-0.036456
-0.036466
-0.036476
-0.036486
-0.036496
-0.036506
-0.036516
-0.036526
-0.036536
-0.036546
-0.036556
-0.036566
-0.036576
-0.036586
-0.036596
-0.036606
-0.036616
-0.036626
-0.036636
-0.036646
-0.036656
-0.036666
-0.036675
-0.036685
-0.036695
-0.036705
-0.036715
-0.036725
-0.036735
-0.036745
-0.036754
-0.036764
-0.036774
-0.036784
-0.036794
-0.036804
-0.036813
-0.036823
-0.036833
-0.036843
-0.036853
-0.036863
-0.036872
-0.036882
-0.036892
-0.036902
-0.036911
-0.036921
-0.036931
-0.036941
-0.036950
-0.036960
-0.036970
-0.036980
-0.036989
-0.036999
-0.037009
-0.037018
-0.037028
-0.037038
-0.037048
-0.037057
-0.037067
-0.037077
-0.037086
-0.037096
-0.037106
-0.037115
-0.037125
-0.037134
-0.037144
-0.037154
-0.037163
-0.037173
-0.037183
-0.037192
-0.037202
-0.037211
-0.037221
-0.037231
-0.037240
-0.037250
-0.037259
-0.037269
-0.037278
-0.037288
-0.037297
-0.037307
-0.037316
-0.037326
-0.037336
-0.037345
-0.037355
-0.037364
-0.037374
-0.037383
-0.037392
-0.037402
-0.037411
-0.037421
-0.037430
-0.037440
-0.037449
-0.037459
-0.037468
-0.037478
-0.037487
-0.037496
-0.037506
-0.037515
-0.037525
-0.037534
-0.037544
-0.037553
-0.037562
-0.037572
-0.037581
-0.037590
-0.037600
-0.037609
-0.037618
-0.037628
-0.037637
-0.037647
-0.037656
-0.037665
-0.037674
-0.037684
-0.037693
-0.037702
-0.037712
-0.037721
-0.037730
-0.037740
-0.037749
-0.037758
-0.037767
-0.037777
-0.037786
-0.037795
-0.037804
-0.037814
-0.037823
-0.037832
-0.037841
-0.037851
-0.037860
-0.037869
-0.037878
-0.037887
-0.037897
-0.037906
-0.037915
-0.037924
-0.037933
-0.037942
-0.037952
-0.037961
-0.037970
-0.037979
-0.037988
-0.037997
-0.038006
-0.038015
-0.038025
-0.038034
-0.038043
-0.038052
-0.038061
-0.038070
-0.038079
-0.038088
-0.038097
-0.038106
-0.038115
-0.038124
-0.038134
-0.038143
-0.038152
-0.038161
-0.038170
-0.038179
-0.038188
-0.038197
-0.038206
-0.038215
-0.038224
-0.038233
-0.038242
-0.038251
-0.038260
-0.038269
-0.038278
-0.038287
-0.038296
-0.038304
-0.038313
-0.038322
-0.038331
-0.038340
-0.038349
-0.038358
-0.038367
-0.038376
-0.038385
-0.038394
-0.038403
-0.038411
-0.038420
-0.038429
-0.038438
-0.038447
-0.038456
-0.038465
-0.038474
-0.038482
-0.038491
-0.038500
-0.038509
-0.038518
-0.038526
-0.038535
-0.038544
-0.038553
-0.038562
-0.038571
-0.038579
-0.038588
-0.038597
-0.038606
-0.038614
-0.038623
-0.038632
-0.038641
-0.038649
-0.038658
-0.038667
-0.038676
-0.038684
-0.038693
-0.038702
-0.038710
-0.038719
-0.038728
-0.038737
-0.038745
-0.038754
-0.038763
-0.038771
-0.038780
-0.038789
-0.038797
-0.038806
-0.038815
-0.038823
-0.038832
-0.038840
-0.038849
-0.038858
-0.038866
-0.038875
-0.038884
-0.038892
-0.038901
-0.038909
-0.038918
-0.038927
-0.038935
-0.038944
-0.038952
-0.038961
-0.038969
-0.038978
-0.038986
-0.038995
-0.039004
-0.039012
-0.039021
-0.039029
-0.039038
-0.039046
-0.039055
-0.039063
-0.039072
-0.039080
-0.039089
-0.039097
-0.039106
-0.039114
-0.039122
-0.039131
-0.039139
-0.039148
-0.039156
-0.039165
-0.039173
-0.039182
-0.039190
-0.039198
-0.039207
-0.039215
-0.039224
-0.039232
-0.039240
-0.039249
-0.039257
-0.039266
-0.039274
-0.039282
-0.039291
-0.039299
-0.039307
-0.039316
-0.039324
-0.039332
-0.039341
-0.039349
-0.039357
-0.039366
-0.039374
-0.039382
-0.039391
-0.039399
-0.039407
-0.039416
-0.039424
-0.039432
-0.039440
-0.039449
-0.039457
-0.039465
-0.039474
-0.039482
-0.039490
-0.039498
-0.039506
-0.039515
-0.039523
-0.039531
-0.039539
-0.039548
-0.039556
-0.039564
-0.039572
-0.039580
-0.039589
-0.039597
-0.039605
-0.039613
-0.039621
-0.039629
-0.039638
-0.039646
-0.039654
-0.039662
-0.039670
-0.039678
-0.039686
-0.039695
-0.039703
-0.039711
-0.039719
-0.039727
-0.039735
-0.039743
-0.039751
-0.039759
-0.039767
-0.039776
-0.039784
-0.039792
-0.039800
-0.039808
-0.039816
-0.039824
-0.039832
-0.039840
-0.039848
-0.039856
-0.039864
-0.039872
-0.039880
-0.039888
-0.039896
-0.039904
-0.039912
-0.039920
-0.039928
-0.039936
-0.039944
-0.039952
-0.039960
-0.039968
-0.039976
-0.039984
-0.039992
-0.040000
-0.040008
-0.040016
-0.040024
-0.040031
-0.040039
-0.040047
-0.040055
-0.040063
-0.040071
-0.040079
-0.040087
-0.040095
-0.040103
-0.040110
-0.040118
-0.040126
-0.040134
-0.040142
-0.040150
-0.040158
-0.040165
-0.040173
-0.040181
-0.040189
-0.040197
-0.040205
-0.040212
-0.040220
-0.040228
-0.040236
-0.040244
-0.040251
-0.040259
-0.040267
-0.040275
-0.040282
-0.040290
-0.040298
-0.040306
-0.040313
-0.040321
-0.040329
-0.040337
-0.040344
-0.040352
-0.040360
-0.040368
-0.040375
-0.040383
-0.040391
-0.040398
-0.040406
-0.040414
-0.040422
-0.040429
-0.040437
-0.040445
-0.040452
-0.040460
-0.040468
-0.040475
-0.040483
-0.040491
-0.040498
-0.040506
-0.040513
-0.040521
-0.040529
-0.040536
-0.040544
-0.040552
-0.040559
-0.040567
-0.040574
-0.040582
-0.040590
-0.040597
-0.040605
-0.040612
-0.040620
-0.040627
-0.040635
-0.040643
-0.040650
-0.040658
-0.040665
-0.040673
-0.040680
-0.040688
-0.040695
-0.040703
-0.040710
-0.040718
-0.040725
-0.040733
-0.040740
-0.040748
-0.040755
-0.040763
-0.040770
-0.040778
0.583522
1.488598
2.526191
3.183449
3.646525
3.983325
4.232348
4.417410
4.554051
4.652865
4.716633
4.753775
4.769793
4.768784
4.753923
4.727737
4.692273
4.649215
4.599961
4.545691
4.487383
4.425868
4.361847
4.295929
4.228607
4.160310
4.091412
4.022213
3.952971
3.883918
3.815231
3.747066
3.679562
3.612823
3.546936
3.481986
3.418025
3.355104
3.293258
3.232530
3.172930
3.114474
3.057181
3.001049
2.946079
2.892268
2.839619
2.788117
2.737751
2.688509
2.640384
2.593355
2.547408
2.502523
2.458683
2.415879
2.374083
2.333277
2.293442
2.254558
2.216612
2.179579
2.143439
2.108172
2.073760
2.040183
2.007428
1.975470
1.944292
1.913874
1.884199
1.855249
1.827009
1.799460
1.772585
1.746368
1.720791
1.695839
1.671497
1.647748
1.624578
1.601975
1.579923
1.558406
1.537412
1.516927
1.496937
1.477429
1.458392
1.439813
1.421680
1.403983
1.386710
1.369849
1.353389
1.337319
1.321630
1.306311
1.291353
1.276745
1.886543
2.779132
3.807171
4.469256
4.943353
5.293976
5.557775
5.757462
5.907990
6.019634
6.091665
6.134287
6.153782
6.154709
6.140567
6.114110
6.077569
6.032757
5.981178
5.924089
5.862548
5.797476
5.729603
5.659570
5.587952
5.515184
5.441659
5.367741
5.293685
5.219730
5.146110
5.072965
5.000439
4.928685
4.857769
4.787792
4.718812
4.650880
4.584039
4.518349
4.453809
4.390438
4.328272
4.267297
4.207515
4.148942
4.091561
4.035363
3.980339
3.926492
3.873797
3.822236
3.771794
3.722468
3.674228
3.627056
3.580931
3.535834
3.491763
3.448681
3.406569
3.365407
3.325182
3.285870
3.247451
3.209903
3.173207
3.137342
3.102300
3.068055
3.034586
3.001875
2.969904
2.938655
2.908115
2.878267
2.849091
2.820570
2.792687
2.765427
2.738773
2.712711
2.687232
2.662318
2.637952
2.614121
2.590811
2.568008
2.545700
2.523873
2.502515
2.481619
2.461170
2.441156
2.421565
2.402386
2.383607
2.365219
2.347212
2.329574
2.312297
2.295370
2.278789
2.262542
2.246620
2.231014
2.215716
2.200717
2.186010
2.171586
2.157439
2.143560
2.129943
2.116580
2.103465
2.090592
2.077954
2.065547
2.053364
2.041399
2.029645
2.018097
2.006749
1.995597
1.984634
1.973856
1.963258
1.952834
1.942582
1.932495
1.922570
1.912802
1.903187
1.893721
1.884401
1.875222
1.866180
1.857275
1.848501
1.839854
1.831332
1.822931
1.814647
1.806479
1.798422
1.790473
1.782631
1.774892
1.767253
1.759712
1.752267
1.744914
1.737652
1.730479
1.723391
1.716388
1.709466
1.702624
1.695859
1.689170
1.682555
1.676012
1.669539
1.663135
1.656798
1.650525
1.644318
1.638173
1.632088
1.626063
1.620096
1.614185
1.608329
1.602527
1.596777
1.591078
1.585429
1.579829
1.574276
1.568770
1.563309
1.557893
1.552520
1.547189
1.541900
1.536650
1.531441
1.526270
1.521137
1.516041
1.510981
1.505956
1.500966
1.496010
1.491086
1.486196
1.481337
1.476509
1.471711
1.466943
1.462205
1.457495
1.452813
1.448159
1.443531
1.438930
1.434354
1.429805
1.425281
1.420782
1.416307
1.411855
1.407427
1.403021
1.398638
1.394276
1.389936
1.385618
1.381319
1.377042
1.372784
1.368546
1.364327
1.360127
1.355946
1.351784
1.347639
1.343512
1.339403
1.335311
1.331236
1.327178
1.323137
1.319111
1.315102
1.311108
1.307130
1.303168
1.299220
1.295288
1.291370
1.287467
1.283578
1.279703
1.275842
1.271995
1.268162
1.264342
1.260535
1.256742
1.252961
1.249194
1.245439
1.241697
1.237967
1.234249
1.230544
1.226850
1.223169
1.219499
1.215842
1.212196
1.208562
1.204939
1.201328
1.197728
1.194139
1.190561
1.186994
1.183438
1.179892
1.176357
1.172832
1.169318
1.165814
1.162321
1.158837
1.155364
1.151901
1.148447
1.145004
1.141570
1.138146
1.134732
1.131327
1.127932
1.124546
1.121170
1.117802
1.114445
1.111096
1.107757
1.104427
1.101105
1.097793
1.094490
1.091196
1.087910
1.084634
1.081366
1.078107
1.074857
1.071615
1.068382
1.065157
1.061941
1.058733
1.055534
1.052343
1.049161
1.045987
1.042821
1.039663
1.036514
1.033373
1.030239
1.027115
1.023998
1.020889
1.017788
1.014695
1.011610
1.008533
1.005464
1.002403
0.999350
0.996305
0.993268
0.990239
0.987217
0.984204
0.981198
0.978199
0.975209
0.972225
0.969250
0.966282
0.963322
0.960369
0.957424
0.954486
0.951555
0.948632
0.945717
0.942808
0.939907
0.937014
0.934128
0.931249
0.928377
0.925512
0.922655
0.919805
0.916962
0.914127
0.911298
0.908477
0.905662
0.902855
0.900055
0.897262
0.894476
0.891697
0.888925
0.886160
0.883402
0.880650
0.877906
0.875169
0.872438
0.869715
0.866998
0.864288
0.861585
0.858889
0.856200
0.853517
0.850841
0.848172
0.845510
0.842854
0.840205
0.837563
0.834927
0.832298
0.829676
0.827060
0.824451
0.821849
0.819253
0.816664
0.814081
0.811505
0.808935
0.806372
0.803815
0.801265
0.798721
0.796183
0.793653
0.791128
0.788610
0.786098
0.783593
0.781095
0.778603
0.776117
0.773637
0.771164
0.768698
0.766237
0.763783
0.761335
0.758894
0.756458
0.754029
0.751606
0.749189
0.746779
0.744374
0.741976
0.739584
0.737198
0.734818
0.732444
0.730077
0.727715
0.725360
0.723010
0.720667
0.718329
0.715998
0.713672
0.711353
0.709039
0.706732
0.704430
0.702134
0.699845
0.697561
0.695283
0.693011
0.690744
0.688484
0.686230
0.683981
0.681738
0.679501
0.677270
0.675044
0.672824
0.670610
0.668402
0.666200
0.664003
0.661812
0.659626
0.657447
0.655273
0.653104
0.650942
0.648784
0.646633
0.644487
0.642347
0.640212
0.638083
0.635960
0.633842
0.631729
0.629622
0.627521
0.625425
0.623334
0.621249
0.619170
0.617096
0.615027
0.612964
0.610907
0.608854
0.606807
0.604766
0.602730
0.600699
0.598674
0.596653
0.594639
0.592629
0.590625
0.588626
0.586633
0.584644
0.582661
0.580684
0.578711
0.576744
0.574782
0.572825
0.570873
0.568926
0.566985
0.565049
0.563119
0.561193
0.559272
0.557357
0.555447
0.553542
0.551642
0.549747
0.547857
0.545972
0.544092
0.542217
0.540347
0.538483
0.536623
0.534768
0.532918
0.531073
0.529233
0.527398
0.525568
0.523743
0.521923
0.520108
0.518297
0.516491
0.514691
0.512895
0.511104
0.509317
0.507536
0.505759
0.503988
0.502220
0.500458
0.498701
0.496948
0.495200
0.493456
0.491718
0.489984
0.488255
0.486530
0.484810
0.483095
0.481385
0.479679
0.477978
0.476281
0.474589
0.472902
0.471219
0.469541
0.467867
0.466198
0.464533
0.462873
0.461218
0.459567
0.457920
0.456278
0.454641
0.453008
0.451379
0.449755
0.448136
0.446520
0.444910
0.443303
0.441701
0.440104
0.438511
0.436922
0.435337
0.433757
0.432182
0.430610
0.429043
0.427481
0.425922
0.424368
0.422818
0.421272
0.419731
0.418194
0.416661
0.415133
0.413608
0.412088
0.410572
0.409061
0.407553
0.406050
0.404550
0.403055
0.401565
0.400078
0.398595
0.397117
0.395642
0.394172
0.392706
0.391244
0.389786
0.388332
0.386882
0.385436
0.383994
0.382556
0.381122
0.379692
0.378266
0.376845
0.375427
0.374013
0.372603
0.371197
0.369795
0.368397
0.367002
0.365612
0.364226
0.362843
0.361465
0.360090
0.358719
0.357352
0.355989
0.354629
0.353274
0.351922
0.350574
0.349230
0.347890
0.346554
0.345221
0.343892
0.342567
0.341246
0.339928
0.338615
0.337304
0.335998
0.334695
0.333396
0.332101
0.330809
0.329521
0.328237
0.326956
0.325679
0.324406
0.323136
0.321870
0.320607
0.319348
0.318093
0.316841
0.315593
0.314348
0.313107
0.311869
0.310635
0.309405
0.308178
0.306954
0.305734
0.304518
0.303305
0.302095
0.300889
0.299686
0.298487
0.297291
0.296099
0.294910
0.293725
0.292543
0.291364
0.290189
0.289017
0.287848
0.286683
0.285521
0.284363
0.283208
0.282056
0.280908
0.279762
0.278621
0.277482
0.276347
0.275215
0.274086
0.272961
0.271839
0.270720
0.269604
0.268492
0.267382
0.266276
0.265174
0.264074
0.262978
0.261884
0.260794
0.259708
0.258624
0.257543
0.256466
0.255392
0.254321
0.253253
0.252188
0.251126
0.250068
0.249012
0.247960
0.246910
0.245864
0.244821
0.243780
0.242743
0.241709
0.240678
0.239650
0.238625
0.237603
0.236584
0.235568
0.234555
0.233545
0.232538
0.231534
0.230533
0.229534
0.228539
0.227547
0.226558
0.225571
0.224588
0.223607
0.222629
0.221654
0.220682
0.219713
0.218747
0.217784
0.216823
0.215866
0.214911
0.213959
0.213010
0.212063
0.211120
0.210179
0.209241
0.208306
0.207374
0.206444
0.205517
0.204593
0.203672
0.202754
0.201838
0.200925
0.200015
0.199107
0.198202
0.197300
0.196401
0.195504
0.194610
0.193718
0.192830
0.191944
0.191060
0.190180
0.189302
0.188426
0.187553
0.186683
0.185816
0.184951
0.184089
0.183229
0.182372
0.181517
0.180665
0.179816
0.178969
0.178125
0.177283
0.176444
0.175608
0.174773
0.173942
0.173113
0.172286
0.171463
0.170641
0.169822
0.169006
0.168192
0.167380
0.166571
0.165765
0.164961
0.164159
0.163360
0.162563
0.161769
0.160977
0.160187
0.159400
0.158616
0.157833
0.157054
0.156276
0.155501
0.154729
0.153958
0.153190
0.152425
0.151662
0.150901
0.150142
0.149386
0.148632
0.147881
0.147132
0.146385
0.145640
0.144898
0.144158
0.143420
0.142685
0.141952
0.141221
0.140493
0.139766
0.139042
0.138321
0.137601
0.136884
0.136169
0.135456
0.134745
0.134037
0.133331
0.132627
0.131925
0.131226
0.130529
0.129833
0.129140
0.128450
0.127761
0.127075
0.126390
0.125708
0.125028
0.124350
0.123675
0.123001
0.122330
0.121660
0.120993
0.120328
0.119665
0.119004
0.118345
0.117689
0.117034
0.116381
0.115731
0.115083
0.114436
0.113792
0.113150
0.112509
0.111871
0.111235
0.110601
0.109969
0.109339
0.108711
0.108085
0.107461
0.106839
0.106219
0.105601
0.104985
0.104370
0.103758
0.103148
0.102540
0.101934
0.101330
0.100727
0.100127
0.099529
0.098932
0.098338
0.097745
0.097154
0.096565
0.095979
0.095394
0.094811
0.094229
0.093650
0.093073
0.092497
0.091924
0.091352
0.090782
0.090214
0.089648
0.089084
0.088521
0.087960
0.087402
0.086845
0.086290
0.085736
0.085185
0.084635
0.084088
0.083542
0.082997
0.082455
0.081914
0.081376
0.080839
0.080303
0.079770
0.079238
0.078708
0.078180
0.077654
0.077129
0.076606
0.076085
0.075566
0.075048
0.074532
0.074018
0.073506
0.072995
0.072486
0.071979
0.071473
0.070969
0.070467
0.069967
0.069468
0.068971
0.068475
0.067982
0.067490
0.066999
0.066511
0.066024
0.065538
0.065054
0.064572
0.064092
0.063613
0.063136
0.062661
0.062187
0.061715
0.061244
0.060775
0.060308
0.059842
0.059378
0.058915
0.058454
0.057995
0.057537
0.057081
0.056626
0.056173
0.055722
0.055272
0.054824
0.054377
0.053932
0.053489
0.053047
0.052606
0.052167
0.051730
0.051294
0.050860
0.050427
0.049996
0.049566
0.049138
0.048711
0.048286
0.047862
0.047440
0.047020
0.046601
0.046183
0.045767
0.045352
0.044939
0.044527
0.044117
0.043708
0.043301
0.042896
0.042491
0.042088
0.041687
0.041287
0.040889
0.040492
0.040096
0.039702
0.039309
0.038918
0.038528
0.038140
0.037753
0.037367
0.036983
0.036600
0.036219
0.035839
0.035461
0.035084
0.034708
0.034334
0.033961
0.033589
0.033219
0.032850
0.032483
0.032117
0.031752
0.031389
0.031027
0.030667
0.030307
0.029950
0.029593
0.029238
0.028884
0.028532
0.028181
0.027831
0.027483
0.027136
0.026790
0.026445
0.026102
0.025761
0.025420
0.025081
0.024743
0.024407
0.024071
0.023737
0.023405
0.023074
0.022743
0.022415
0.022087
0.021761
0.021436
0.021112
0.020790
0.020469
0.020149
0.019831
0.019513
0.019197
0.018883
0.018569
0.018257
0.017946
0.017636
0.017327
0.017020
0.016714
0.016409
0.016105
0.015803
0.015502
0.015202
0.014903
0.014606
0.014309
0.014014
0.013720
0.013428
0.013136
0.012846
0.012557
0.012269
0.011982
0.011697
0.011412
0.011129
0.010847
0.010566
0.010287
0.010008
0.009731
0.009455
0.009180
0.008906
0.008633
0.008362
0.008091
0.007822
0.007554
0.007287
0.007021
0.006756
0.006493
0.006231
0.005969
0.005709
0.005450
0.005192
0.004935
0.004680
0.004425
0.004172
0.003919
0.003668
0.003418
0.003169
0.002921
0.002674
0.002428
0.002183
0.001940
0.001697
0.001456
0.001215
0.000976
0.000738
0.000500
0.000264
0.000029
-0.000205
-0.000438
-0.000670
-0.000901
-0.001130
-0.001359
-0.001587
-0.001814
-0.002039
-0.002264
-0.002487
-0.002710
-0.002932
-0.003152
-0.003372
-0.003590
-0.003808
-0.004024
-0.004239
-0.004454
-0.004667
-0.004880
-0.005091
-0.005302
-0.005511
-0.005720
-0.005927
-0.006134
-0.006339
-0.006544
-0.006747
-0.006950
-0.007151
-0.007352
-0.007552
-0.007750
-0.007948
-0.008145
-0.008341
-0.008536
-0.008730
-0.008923
-0.009115
-0.009306
-0.009496
-0.009685
-0.009874
-0.010061
-0.010248
-0.010433
-0.010618
-0.010802
-0.010984
-0.011166
-0.011347
-0.011527
-0.011707
-0.011885
-0.012062
-0.012239
-0.012414
-0.012589
-0.012763
-0.012936
-0.013108
-0.013279
-0.013449
-0.013619
-0.013787
-0.013955
-0.014122
-0.014288
-0.014453
-0.014617
-0.014781
-0.014943
-0.015105
-0.015266
-0.015426
-0.015585
-0.015743
-0.015901
-0.016058
-0.016214
-0.016369
-0.016523
-0.016676
-0.016829
-0.016981
-0.017132
-0.017282
-0.017431
-0.017580
-0.017728
-0.017875
-0.018021
-0.018166
-0.018311
-0.018455
-0.018598
-0.018740
-0.018882
-0.019022
-0.019162
-0.019301
-0.019440
-0.019578
-0.019715
-0.019851
-0.019986
-0.020121
-0.020255
-0.020388
-0.020520
-0.020652
-0.020783
-0.020913
-0.021043
-0.021172
-0.021300
-0.021427
-0.021554
-0.021680
-0.021805
-0.021930
-0.022053
-0.022177
-0.022299
-0.022421
-0.022542
-0.022662
-0.022782
-0.022901
-0.023019
-0.023137
-0.023254
-0.023370
-0.023486
-0.023601
-0.023715
-0.023829
-0.023942
-0.024054
-0.024166
-0.024277
-0.024387
-0.024497
-0.024606
-0.024715
-0.024823
-0.024930
-0.025036
-0.025142
-0.025248
-0.025353
-0.025457
-0.025560
-0.025663
-0.025766
-0.025867
-0.025968
-0.026069
-0.026169
-0.026268
-0.026367
-0.026465
-0.026563
-0.026660
-0.026756
-0.026852
-0.026948
-0.027042
-0.027137
-0.027230
-0.027323
-0.027416
-0.027508
-0.027599
-0.027690
-0.027780
-0.027870
-0.027959
-0.028048
-0.028136
-0.028224
-0.028311
-0.028398
-0.028484
-0.028569
-0.028655
-0.028739
-0.028823
-0.028907
-0.028990
-0.029072
-0.029154
-0.029236
-0.029317
-0.029398
-0.029478
-0.029557
-0.029637
-0.029715
-0.029793
-0.029871
-0.029948
-0.030025
-0.030102
-0.030178
-0.030253
-0.030328
-0.030402
-0.030477
-0.030550
-0.030623
-0.030696
-0.030768
-0.030840
-0.030912
-0.030983
-0.031053
-0.031124
-0.031193
-0.031263
-0.031332
-0.031400
-0.031468
-0.031536
-0.031603
-0.031670
-0.031737
-0.031803
-0.031868
-0.031934
-0.031999
-0.032063
-0.032127
-0.032191
-0.032254
-0.032317
-0.032380
-0.032442
-0.032504
-0.032566
-0.032627
-0.032688
-0.032748
-0.032808
-0.032868
-0.032927
-0.032987
-0.033045
-0.033104
-0.033162
-0.033219
-0.033277
-0.033334
-0.033390
-0.033447
-0.033503
-0.033558
-0.033614
-0.033669
-0.033724
-0.033778
-0.033832
-0.033886
-0.033939
-0.033993
-0.034045
-0.034098
-0.034150
-0.034202
-0.034254
-0.034305
-0.034357
-0.034407
-0.034458
-0.034508
-0.034558
-0.034608
-0.034657
-0.034706
-0.034755
-0.034804
-0.034852
-0.034900
-0.034948
-0.034996
-0.035043
-0.035090
-0.035137
-0.035183
-0.035229
-0.035275
-0.035321
-0.035367
-0.035412
-0.035457
-0.035502
-0.035546
-0.035590
-0.035634
-0.035678
-0.035722
-0.035765
-0.035808
-0.035851
-0.035894
-0.035936
-0.035979
-0.036021
-0.036062
-0.036104
-0.036145
-0.036187
-0.036228
-0.036268
-0.036309
-0.036349
-0.036389
-0.036429
-0.036469
-0.036508
-0.036548
-0.036587
-0.036626
-0.036665
-0.036703
-0.036741
-0.036780
-0.036818
-0.036855
-0.036893
-0.036930
-0.036968
-0.037005
-0.037042
-0.037078
-0.037115
-0.037151
-0.037188
-0.037224
-0.037259
-0.037295
-0.037331
-0.037366
-0.037401
-0.037436
-0.037471
-0.037506
-0.037541
-0.037575
-0.037609
-0.037643
-0.037677
-0.037711
-0.037745
-0.037778
-0.037812
-0.037845
-0.037878
-0.037911
-0.037944
-0.037976
-0.038009
-0.038041
-0.038073
-0.038105
-0.038137
-0.038169
-0.038201
-0.038232
-0.038264
-0.038295
-0.038326
-0.038357
-0.038388
-0.038419
-0.038449
-0.038480
-0.038510
-0.038541
-0.038571
-0.038601
-0.038631
-0.038661
-0.038690
-0.038720
-0.038749
-0.038779
-0.038808
-0.038837
-0.038866
-0.038895
-0.038924
-0.038952
-0.038981
-0.039009
-0.039038
-0.039066
-0.039094
-0.039122
-0.039150
-0.039178
-0.039206
-0.039233
-0.039261
-0.039288
-0.039316
-0.039343
-0.039370
-0.039397
-0.039424
-0.039451
-0.039478
-0.039504
-0.039531
-0.039557
-0.039584
-0.039610
-0.039636
-0.039662
-0.039688
-0.039714
-0.039740
-0.039766
-0.039792
-0.039817
-0.039843
-0.039868
-0.039894
-0.039919
-0.039944
-0.039969
-0.039994
-0.040019
-0.040044
-0.040069
-0.040094
-0.040118
-0.040143
-0.040167
-0.040192
-0.040216
-0.040241
-0.040265
-0.040289
-0.040313
-0.040337
-0.040361
-0.040385
-0.040408
-0.040432
-0.040456
-0.040479
-0.040503
-0.040526
-0.040549
-0.040573
-0.040596
-0.040619
-0.040642
-0.040665
-0.040688
-0.040711
-0.040734
-0.040757
-0.040779
-0.040802
-0.040825
-0.040847
-0.040869
-0.040892
-0.040914
-0.040936
-0.040959
-0.040981
-0.041003
-0.041025
-0.041047
-0.041069
-0.041091
-0.041112
-0.041134
-0.041156
-0.041177
-0.041199
-0.041220
-0.041242
-0.041263
-0.041285
-0.041306
-0.041327
-0.041348
-0.041369
-0.041390
-0.041411
-0.041432
-0.041453
-0.041474
-0.041495
-0.041516
-0.041536
-0.041557
-0.041578
-0.041598
-0.041619
-0.041639
-0.041659
-0.041680
-0.041700
-0.041720
-0.041740
-0.041761
-0.041781
-0.041801
-0.041821
-0.041841
-0.041861
-0.041880
-0.041900
-0.041920
-0.041940
-0.041959
-0.041979
-0.041999
-0.042018
-0.042038
-0.042057
-0.042076
-0.042096
-0.042115
-0.042134
-0.042154
-0.042173
-0.042192
-0.042211
-0.042230
-0.042249
-0.042268
-0.042287
-0.042306
-0.042324
-0.042343
-0.042362
-0.042381
-0.042399
-0.042418
-0.042437
-0.042455
-0.042474
-0.042492
-0.042510
-0.042529
-0.042547
-0.042565
-0.042584
-0.042602
-0.042620
-0.042638
-0.042656
-0.042674
-0.042692
-0.042710
-0.042728
-0.042746
-0.042764
-0.042782
-0.042799
-0.042817
-0.042835
-0.042852
-0.042870
-0.042888
-0.042905
-0.042923
-0.042940
-0.042958
-0.042975
-0.042992
-0.043010
-0.043027
-0.043044
-0.043061
-0.043078
-0.043096
-0.043113
-0.043130
-0.043147
-0.043164
-0.043181
-0.043198
-0.043214
-0.043231
-0.043248
-0.043265
-0.043282
-0.043298
-0.043315
-0.043331
-0.043348
-0.043365
-0.043381
-0.043398
-0.043414
-0.043430
-0.043447
-0.043463
-0.043480
-0.043496
-0.043512
-0.043528
-0.043544
-0.043561
-0.043577
-0.043593
-0.043609
-0.043625
-0.043641
-0.043657
-0.043673
-0.043688
-0.043704
-0.043720
-0.043736
-0.043752
-0.043767
-0.043783
-0.043799
-0.043814
-0.043830
-0.043845
-0.043861
-0.043876
-0.043892
-0.043907
-0.043923
-0.043938
-0.043953
-0.043969
-0.043984
-0.043999
-0.044014

