0.000000
0.000000
-0.000026
-0.000052
-0.000077
-0.000103
-0.000128
-0.000153
-0.000177
-0.000201
-0.000224
-0.000247
-0.000270
-0.000293
-0.000315
-0.000337
-0.000359
-0.000380
-0.000402
-0.000423
-0.000444
-0.000465
-0.000485
-0.000506
-0.000526
-0.000547
-0.000567
-0.000587
-0.000607
-0.000627
-0.000647
-0.000667
-0.000687
-0.000707
-0.000726
-0.000746
-0.000766
-0.000785
-0.000805
-0.000824
-0.000844
-0.000863
-0.000883
-0.000902
-0.000922
-0.000941
-0.000961
-0.000980
-0.001000
-0.001019
-0.001038
-0.001058
-0.001077
-0.001097
-0.001116
-0.001135
-0.001155
-0.001174
-0.001194
-0.001213
-0.001233
-0.001252
-0.001271
-0.001291
-0.001310
-0.001330
-0.001349
-0.001369
-0.001388
-0.001408
-0.001428
-0.001447
-0.001467
-0.001486
-0.001506
-0.001525
-0.001545
-0.001565
-0.001584
-0.001604
-0.001624
-0.001644
-0.001663
-0.001683
-0.001703
-0.001723
-0.001743
-0.001762
-0.001782
-0.001802
-0.001822
-0.001842
-0.001862
-0.001882
-0.001902
-0.001922
-0.001942
-0.001962
-0.001982
-0.002002
-0.002022
-0.002042
-0.002063
-0.002083
-0.002103
-0.002123
-0.002143
-0.002164
-0.002184
-0.002204
-0.002225
-0.002245
-0.002265
-0.002286
-0.002306
-0.002326
-0.002347
-0.002367
-0.002388
-0.002408
-0.002429
-0.002449
-0.002470
-0.002491
-0.002511
-0.002532
-0.002553
-0.002573
-0.002594
-0.002615
-0.002635
-0.002656
-0.002677
-0.002698
-0.002719
-0.002739
-0.002760
-0.002781
-0.002802
-0.002823
-0.002844
-0.002865
-0.002886
-0.002907
-0.002928
-0.002949
-0.002970
-0.002991
-0.003012
-0.003033
-0.003054
-0.003075
-0.003097
-0.003118
-0.003139
-0.003160
-0.003181
-0.003203
-0.003224
-0.003245
-0.003266
-0.003288
-0.003309
-0.003330
-0.003352
-0.003373
-0.003395
-0.003416
-0.003437
-0.003459
-0.003480
-0.003502
-0.003523
-0.003545
-0.003566
-0.003588
-0.003610
-0.003631
-0.003653
-0.003674
-0.003696
-0.003718
-0.003739
-0.003761
-0.003783
-0.003804
-0.003826
-0.003848
-0.003869
-0.003891
-0.003913
-0.003935
-0.003956
-0.003978
-0.004000
-0.004022
-0.004044
-0.004066
-0.004088
-0.004109
-0.004131
-0.004153
-0.004175
-0.004197
-0.004219
-0.004241
-0.004263
-0.004285
-0.004307
-0.004329
-0.004351
-0.004373
-0.004395
-0.004417
-0.004439
-0.004461
-0.004483
-0.004505
-0.004527
-0.004550
-0.004572
-0.004594
-0.004616
-0.004638
-0.004660
-0.004683
-0.004705
-0.004727
-0.004749
-0.004771
-0.004794
-0.004816
-0.004838
-0.004860
-0.004883
-0.004905
-0.004927
-0.004949
-0.004972
-0.004994
-0.005016
-0.005039
-0.005061
-0.005083
-0.005106
-0.005128
-0.005150
-0.005173
-0.005195
-0.005218
-0.005240
-0.005262
-0.005285
-0.005307
-0.005330
-0.005352
-0.005375
-0.005397
-0.005419
-0.005442
-0.005464
-0.005487
-0.005509
-0.005532
-0.005554
-0.005577
-0.005599
-0.005622
-0.005644
-0.005667
-0.005690
-0.005712
-0.005735
-0.005757
-0.005780
-0.005802
-0.005825
-0.005847
-0.005870
-0.005893
-0.005915
-0.005938
-0.005960
-0.005983
-0.006006
-0.006028
-0.006051
-0.006073
-0.006096
-0.006119
-0.006141
-0.006164
-0.006187
-0.006209
-0.006232
-0.006255
-0.006277
-0.006300
-0.006323
-0.006345
-0.006368
-0.006391
-0.006413
-0.006436
-0.006459
-0.006482
-0.006504
-0.006527
-0.006550
-0.006572
-0.006595
-0.006618
-0.006641
-0.006663
-0.006686
-0.006709
-0.006731
-0.006754
-0.006777
-0.006800
-0.006822
-0.006845
-0.006868
-0.006891
-0.006913
-0.006936
-0.006959
-0.006982
-0.007004
-0.007027
-0.007050
-0.007073
-0.007095
-0.007118
-0.007141
-0.007164
-0.007187
-0.007209
-0.007232
-0.007255
-0.007278
-0.007300
-0.007323
-0.007346
-0.007369
-0.007392
-0.007414
-0.007437
-0.007460
-0.007483
-0.007505
-0.007528
-0.007551
-0.007574
-0.007597
-0.007619
-0.007642
-0.007665
-0.007688
-0.007711
-0.007733
-0.007756
-0.007779
-0.007802
-0.007825
-0.007847
-0.007870
-0.007893
-0.007916
-0.007939
-0.007961
-0.007984
-0.008007
-0.008030
-0.008052
-0.008075
-0.008098
-0.008121
-0.008144
-0.008166
-0.008189
-0.008212
-0.008235
-0.008258
-0.008280
-0.008303
-0.008326
-0.008349
-0.008371
-0.008394
-0.008417
-0.008440
-0.008462
-0.008485
-0.008508
-0.008531
-0.008554
-0.008576
-0.008599
-0.008622
-0.008645
-0.008667
-0.008690
-0.008713
-0.008736
-0.008758
-0.008781
-0.008804
-0.008827
-0.008849
-0.008872
-0.008895
-0.008917
-0.008940
-0.008963
-0.008986
-0.009008
-0.009031
-0.009054
-0.009077
-0.009099
-0.009122
-0.009145
-0.009167
-0.009190
-0.009213
-0.009235
-0.009258
-0.009281
-0.009304
-0.009326
-0.009349
-0.009372
-0.009394
-0.009417
-0.009440
-0.009462
-0.009485
-0.009508
-0.009530
-0.009553
-0.009576
-0.009598
-0.009621
-0.009643
-0.009666
-0.009689
-0.009711
-0.009734
-0.009757
-0.009779
-0.009802
-0.009824
-0.009847
-0.009870
-0.009892
-0.009915
-0.009937
-0.009960
-0.009983
-0.010005
-0.010028
-0.010050
-0.010073
-0.010095
-0.010118
-0.010141
-0.010163
-0.010186
-0.010208
-0.010231
-0.010253
-0.010276
-0.010298
-0.010321
-0.010343
-0.010366
-0.010388
-0.010411
-0.010433
-0.010456
-0.010478
-0.010501
-0.010523
-0.010546
-0.010568
-0.010591
-0.010613
-0.010636
-0.010658
-0.010680
-0.010703
-0.010725
-0.010748
-0.010770
-0.010793
-0.010815
-0.010837
-0.010860
-0.010882
-0.010905
-0.010927
-0.010949
-0.010972
-0.010994
-0.011017
-0.011039
-0.011061
-0.011084
-0.011106
-0.011128
-0.011151
-0.011173
-0.011195
-0.011218
-0.011240
-0.011262
-0.011285
-0.011307
-0.011329
-0.011351
-0.011374
-0.011396
-0.011418
-0.011440
-0.011463
-0.011485
-0.011507
-0.011529
-0.011552
-0.011574
-0.011596
-0.011618
-0.011641
-0.011663
-0.011685
-0.011707
-0.011729
-0.011752
-0.011774
-0.011796
-0.011818
-0.011840
-0.011862
-0.011884
-0.011907
-0.011929
-0.011951
-0.011973
-0.011995
-0.012017
-0.012039
-0.012061
-0.012083
-0.012106
-0.012128
-0.012150
-0.012172
-0.012194
-0.012216
-0.012238
-0.012260
-0.012282
-0.012304
-0.012326
-0.012348
-0.012370
-0.012392
-0.012414
-0.012436
-0.012458
-0.012480
-0.012502
-0.012524
-0.012546
-0.012568
-0.012590
-0.012612
-0.012634
-0.012655
-0.012677
-0.012699
-0.012721
-0.012743
-0.012765
-0.012787
-0.012809
-0.012831
-0.012852
-0.012874
-0.012896
-0.012918
-0.012940
-0.012962
-0.012983
-0.013005
-0.013027
-0.013049
-0.013070
-0.013092
-0.013114
-0.013136
-0.013158
-0.013179
-0.013201
-0.013223
-0.013244
-0.013266
-0.013288
-0.013310
-0.013331
-0.013353
-0.013375
-0.013396
-0.013418
-0.013440
-0.013461
-0.013483
-0.013505
-0.013526
-0.013548
-0.013569
-0.013591
-0.013613
-0.013634
-0.013656
-0.013677
-0.013699
-0.013721
-0.013742
-0.013764
-0.013785
-0.013807
-0.013828
-0.013850
-0.013871
-0.013893
-0.013914
-0.013936
-0.013957
-0.013979
-0.014000
-0.014022
-0.014043
-0.014065
-0.014086
-0.014107
-0.014129
-0.014150
-0.014172
-0.014193
-0.014214
-0.014236
-0.014257
-0.014278
-0.014300
-0.014321
-0.014343
-0.014364
-0.014385
-0.014406
-0.014428
-0.014449
-0.014470
-0.014492
-0.014513
-0.014534
-0.014555
-0.014577
-0.014598
-0.014619
-0.014640
-0.014662
-0.014683
-0.014704
-0.014725
-0.014746
-0.014768
-0.014789
-0.014810
-0.014831
-0.014852
-0.014873
-0.014894
-0.014916
-0.014937
-0.014958
-0.014979
-0.015000
-0.015021
-0.015042
-0.015063
-0.015084
-0.015105
-0.015126
-0.015147
-0.015168
-0.015189
-0.015210
-0.015231
-0.015252
-0.015273
-0.015294
-0.015315
-0.015336
-0.015357
-0.015378
-0.015399
-0.015420
-0.015441
-0.015462
-0.015483
-0.015504
-0.015524
-0.015545
-0.015566
-0.015587
-0.015608
-0.015629
-0.015650
-0.015670
-0.015691
-0.015712
-0.015733
-0.015754
-0.015774
-0.015795
-0.015816
-0.015837
-0.015857
-0.015878
-0.015899
-0.015920
-0.015940
-0.015961
-0.015982
-0.016002
-0.016023
-0.016044
-0.016064
-0.016085
-0.016106
-0.016126
-0.016147
-0.016168
-0.016188
-0.016209
-0.016229
-0.016250
-0.016271
-0.016291
-0.016312
-0.016332
-0.016353
-0.016373
-0.016394
-0.016414
-0.016435
-0.016455
-0.016476
-0.016496
-0.016517
-0.016537
-0.016558
-0.016578
-0.016599
-0.016619
-0.016639
-0.016660
-0.016680
-0.016701
-0.016721
-0.016741
-0.016762
-0.016782
-0.016802
-0.016823
-0.016843
-0.016863
-0.016884
-0.016904
-0.016924
-0.016945
-0.016965
-0.016985
-0.017005
-0.017026
-0.017046
-0.017066
-0.017086
-0.017107
-0.017127
-0.017147
-0.017167
-0.017187
-0.017207
-0.017228
-0.017248
-0.017268
-0.017288
-0.017308
-0.017328
-0.017348
-0.017369
-0.017389
-0.017409
-0.017429
-0.017449
-0.017469
-0.017489
-0.017509
-0.017529
-0.017549
-0.017569
-0.017589
-0.017609
-0.017629
-0.017649
-0.017669
-0.017689
-0.017709
-0.017729
-0.017749
-0.017769
-0.017789
-0.017808
-0.017828
-0.017848
-0.017868
-0.017888
-0.017908
-0.017928
-0.017948
-0.017967
-0.017987
-0.018007
-0.018027
-0.018047
-0.018066
-0.018086
-0.018106
-0.018126
-0.018145
-0.018165
-0.018185
-0.018205
-0.018224
-0.018244
-0.018264
-0.018284
-0.018303
-0.018323
-0.018343
-0.018362
-0.018382
-0.018401
-0.018421
-0.018441
-0.018460
-0.018480
-0.018500
-0.018519
-0.018539
-0.018558
-0.018578
-0.018597
-0.018617
-0.018636
-0.018656
-0.018675
-0.018695
-0.018714
-0.018734
-0.018753
-0.018773
-0.018792
-0.018812
-0.018831
-0.018851
-0.018870
-0.018889
-0.018909
-0.018928
-0.018948
-0.018967
-0.018986
-0.019006
-0.019025
-0.019044
-0.019064
-0.019083
-0.019102
-0.019122
-0.019141
-0.019160
-0.019179
-0.019199
-0.019218
-0.019237
-0.019256
-0.019276
-0.019295
-0.019314
-0.019333
-0.019353
-0.019372
-0.019391
-0.019410
-0.019429
-0.019448
-0.019468
-0.019487
-0.019506
-0.019525
-0.019544
-0.019563
-0.019582
-0.019601
-0.019620
-0.019639
-0.019658
-0.019677
-0.019696
-0.019715
-0.019734
-0.019753
-0.019772
-0.019791
-0.019810
-0.019829
-0.019848
-0.019867
-0.019886
-0.019905
-0.019924
-0.019943
-0.019962
-0.019981
-0.020000
-0.020019
-0.020037
-0.020056
-0.020075
-0.020094
-0.020113
-0.020132
-0.020150
-0.020169
-0.020188
-0.020207
-0.020226
-0.020244
-0.020263
-0.020282
-0.020301
-0.020319
-0.020338
-0.020357
-0.020375
-0.020394
-0.020413
-0.020432
-0.020450
-0.020469
-0.020488
-0.020506
-0.020525
-0.020543
-0.020562
-0.020581
-0.020599
-0.020618
-0.020636
-0.020655
-0.020674
-0.020692
-0.020711
-0.020729
-0.020748
-0.020766
-0.020785
-0.020803
-0.020822
-0.020840
-0.020859
-0.020877
-0.020895
-0.020914
-0.020932
-0.020951
-0.020969
-0.020988
-0.021006
-0.021024
-0.021043
-0.021061
-0.021079
-0.021098
-0.021116
-0.021135
-0.021153
-0.021171
-0.021189
-0.021208
-0.021226
-0.021244
-0.021263
-0.021281
-0.021299
-0.021317
-0.021336
-0.021354
-0.021372
-0.021390
-0.021408
-0.021427
-0.021445
-0.021463
-0.021481
-0.021499
-0.021517
-0.021536
-0.021554
-0.021572
-0.021590
-0.021608
-0.021626
-0.021644
-0.021662
-0.021680
-0.021698
-0.021716
-0.021734
-0.021752
-0.021770
-0.021788
-0.021806
-0.021824
-0.021842
-0.021860
-0.021878
-0.021896
-0.021914
-0.021932
-0.021950
-0.021968
-0.021986
-0.022004
-0.022022
-0.022040
-0.022058
-0.022075
-0.022093
-0.022111
-0.022129
-0.022147
-0.022165
-0.022182
-0.022200
-0.022218
-0.022236
-0.022254
-0.022271
-0.022289
-0.022307
-0.022325
-0.022342
-0.022360
-0.022378
-0.022395
-0.022413
-0.022431
-0.022448
-0.022466
-0.022484
-0.022501
-0.022519
-0.022537
-0.022554
-0.022572
-0.022590
-0.022607
-0.022625
-0.022642
-0.022660
-0.022677
-0.022695
-0.022713
-0.022730
-0.022748
-0.022765
-0.022783
-0.022800
-0.022818
-0.022835
-0.022853
-0.022870
-0.022887
-0.022905
-0.022922
-0.022940
-0.022957
-0.022975
-0.022992
-0.023009
-0.023027
-0.023044
-0.023062
-0.023079
-0.023096
-0.023114
-0.023131
-0.023148
-0.023166
-0.023183
-0.023200
-0.023217
-0.023235
-0.023252
-0.023269
-0.023286
-0.023304
-0.023321
-0.023338
-0.023355
-0.023373
-0.023390
-0.023407
-0.023424
-0.023441
-0.023458
-0.023476
-0.023493
-0.023510
-0.023527
-0.023544
-0.023561
-0.023578
-0.023595
-0.023613
-0.023630
-0.023647
-0.023664
-0.023681
-0.023698
-0.023715
-0.023732
-0.023749
-0.023766
-0.023783
-0.023800
-0.023817
-0.023834
-0.023851
-0.023868
-0.023885
-0.023902
-0.023919
-0.023935
-0.023952
-0.023969
-0.023986
-0.024003
-0.024020
-0.024037
-0.024054
-0.024070
-0.024087
-0.024104
-0.024121
-0.024138
-0.024155
-0.024171
-0.024188
-0.024205
-0.024222
-0.024238
-0.024255
-0.024272
-0.024289
-0.024305
-0.024322
-0.024339
-0.024356
-0.024372
-0.024389
-0.024406
-0.024422
-0.024439
-0.024456
-0.024472
-0.024489
-0.024505
-0.024522
-0.024539
-0.024555
-0.024572
-0.024588
-0.024605
-0.024622
-0.024638
-0.024655
-0.024671
-0.024688
-0.024704
-0.024721
-0.024737
-0.024754
-0.024770
-0.024787
-0.024803
-0.024820
-0.024836
-0.024852
-0.024869
-0.024885
-0.024902
-0.024918
-0.024935
-0.024951
-0.024967
-0.024984
-0.025000
-0.025016
-0.025033
-0.025049
-0.025065
-0.025082
-0.025098
-0.025114
-0.025131
-0.025147
-0.025163
-0.025179
-0.025196
-0.025212
-0.025228
-0.025244
-0.025261
-0.025277
-0.025293
-0.025309
-0.025326
-0.025342
-0.025358
-0.025374
-0.025390
-0.025406
-0.025423
-0.025439
-0.025455
-0.025471
-0.025487
-0.025503
-0.025519
-0.025535
-0.025551
-0.025567
-0.025583
-0.025600
-0.025616
-0.025632
-0.025648
-0.025664
-0.025680
-0.025696
-0.025712
-0.025728
-0.025744
-0.025760
-0.025775
-0.025791
-0.025807
-0.025823
-0.025839
-0.025855
-0.025871
-0.025887
-0.025903
-0.025919
-0.025935
-0.025950
-0.025966
-0.025982
-0.025998
-0.026014
-0.026030
-0.026045
-0.026061
-0.026077
-0.026093
-0.026109
-0.026124
-0.026140
-0.026156
-0.026172
-0.026187
-0.026203
-0.026219
-0.026235
-0.026250
-0.026266
-0.026282
-0.026297
-0.026313
-0.026329
-0.026344
-0.026360
-0.026376
-0.026391
-0.026407
-0.026422
-0.026438
-0.026454
-0.026469
-0.026485
-0.026500
-0.026516
-0.026532
-0.026547
-0.026563
-0.026578
-0.026594
-0.026609
-0.026625
-0.026640
-0.026656
-0.026671
-0.026687
-0.026702
-0.026718
-0.026733
-0.026748
-0.026764
-0.026779
-0.026795
-0.026810
-0.026825
-0.026841
-0.026856
-0.026872
-0.026887
-0.026902
-0.026918
-0.026933
-0.026948
-0.026964
-0.026979
-0.026994
-0.027010
-0.027025
-0.027040
-0.027055
-0.027071
-0.027086
-0.027101
-0.027116
-0.027132
-0.027147
-0.027162
-0.027177
-0.027193
-0.027208
-0.027223
-0.027238
-0.027253
-0.027268
-0.027284
-0.027299
-0.027314
-0.027329
-0.027344
-0.027359
-0.027374
-0.027389
-0.027405
-0.027420
-0.027435
-0.027450
-0.027465
-0.027480
-0.027495
-0.027510
-0.027525
-0.027540
-0.027555
-0.027570
-0.027585
-0.027600
-0.027615
-0.027630
-0.027645
-0.027660
-0.027675
-0.027690
-0.027705
-0.027720
-0.027734
-0.027749
-0.027764
-0.027779
-0.027794
-0.027809
-0.027824
-0.027839
-0.027853
-0.027868
-0.027883
-0.027898
-0.027913
-0.027928
-0.027942
-0.027957
-0.027972
-0.027987
-0.028001
-0.028016
-0.028031
-0.028046
-0.028060
-0.028075
-0.028090
-0.028105
-0.028119
-0.028134
-0.028149
-0.028163
-0.028178
-0.028193
-0.028207
-0.028222
-0.028237
-0.028251
-0.028266
-0.028281
-0.028295
-0.028310
-0.028324
-0.028339
-0.028353
-0.028368
-0.028383
-0.028397
-0.028412
-0.028426
-0.028441
-0.028455
-0.028470
-0.028484
-0.028499
-0.028513
-0.028528
-0.028542
-0.028557
-0.028571
-0.028586
-0.028600
-0.028614
-0.028629
-0.028643
-0.028658
-0.028672
-0.028687
-0.028701
-0.028715
-0.028730
-0.028744
-0.028758
-0.028773
-0.028787
-0.028801
-0.028816
-0.028830
-0.028844
-0.028859
-0.028873
-0.028887
-0.028902
-0.028916
-0.028930
-0.028944
-0.028959
-0.028973
-0.028987
-0.029001
-0.029015
-0.029030
-0.029044
-0.029058
-0.029072
-0.029086
-0.029101
-0.029115
-0.029129
-0.029143
-0.029157
-0.029171
-0.029185
-0.029200
-0.029214
-0.029228
-0.029242
-0.029256
-0.029270
-0.029284
-0.029298
-0.029312
-0.029326
-0.029340
-0.029354
-0.029368
-0.029382
-0.029396
-0.029410
-0.029424
-0.029438
-0.029452
-0.029466
-0.029480
-0.029494
-0.029508
-0.029522
-0.029536
-0.029550
-0.029564
-0.029578
-0.029592
-0.029606
-0.029620
-0.029633
-0.029647
-0.029661
-0.029675
-0.029689
-0.029703
-0.029717
-0.029730
-0.029744
-0.029758
-0.029772
-0.029786
-0.029799
-0.029813
-0.029827
-0.029841
-0.029854
-0.029868
-0.029882
-0.029896
-0.029909
-0.029923
-0.029937
-0.029951
-0.029964
-0.029978
-0.029992
-0.030005
-0.030019
-0.030033
-0.030046
-0.030060
-0.030074
-0.030087
-0.030101
-0.030114
-0.030128
-0.030142
-0.030155
-0.030169
-0.030182
-0.030196
-0.030209
-0.030223
-0.030237
-0.030250
-0.030264
-0.030277
-0.030291
-0.030304
-0.030318
-0.030331
-0.030345
-0.030358
-0.030372
-0.030385
-0.030399
-0.030412
-0.030425
-0.030439
-0.030452
-0.030466
-0.030479
-0.030493
-0.030506
-0.030519
-0.030533
-0.030546
-0.030559
-0.030573
-0.030586
-0.030600
-0.030613
-0.030626
-0.030640
-0.030653
-0.030666
-0.030679
-0.030693
-0.030706
-0.030719
-0.030733
-0.030746
-0.030759
-0.030772
-0.030786
-0.030799
-0.030812
-0.030825
-0.030839
-0.030852
-0.030865
-0.030878
-0.030891
-0.030905
-0.030918
-0.030931
-0.030944
-0.030957
-0.030970
-0.030983
-0.030997
-0.031010
-0.031023
-0.031036
-0.031049
-0.031062
-0.031075
-0.031088
-0.031101
-0.031114
-0.031127
-0.031140
-0.031154
-0.031167
-0.031180
-0.031193
-0.031206
-0.031219
-0.031232
-0.031245
-0.031258
-0.031271
-0.031284
-0.031296
-0.031309
-0.031322
-0.031335
-0.031348
-0.031361
-0.031374
-0.031387
-0.031400
-0.031413
-0.031426
-0.031439
-0.031451
-0.031464
-0.031477
-0.031490
-0.031503
-0.031516
-0.031529
-0.031541
-0.031554
-0.031567
-0.031580
-0.031593
-0.031605
-0.031618
-0.031631
-0.031644
-0.031656
-0.031669
-0.031682
-0.031695
-0.031707
-0.031720
-0.031733
-0.031746
-0.031758
-0.031771
-0.031784
-0.031796
-0.031809
-0.031822
-0.031834
-0.031847
-0.031860
-0.031872
-0.031885
-0.031898
-0.031910
-0.031923
-0.031935
-0.031948
-0.031961
-0.031973
-0.031986
-0.031998
-0.032011
-0.032023
-0.032036
-0.032049
-0.032061
-0.032074
-0.032086
-0.032099
-0.032111
-0.032124
-0.032136
-0.032149
-0.032161
-0.032174
-0.032186
-0.032199
-0.032211
-0.032223
-0.032236
-0.032248
-0.032261
-0.032273
-0.032286
-0.032298
-0.032310
-0.032323
-0.032335
-0.032347
-0.032360
-0.032372
-0.032385
-0.032397
-0.032409
-0.032422
-0.032434
-0.032446
-0.032459
-0.032471
-0.032483
-0.032495
-0.032508
-0.032520
-0.032532
-0.032545
-0.032557
-0.032569
-0.032581
-0.032594
-0.032606
-0.032618
-0.032630
-0.032642
-0.032655
-0.032667
-0.032679
-0.032691
-0.032703
-0.032716
-0.032728
-0.032740
-0.032752
-0.032764
-0.032776
-0.032788
-0.032800
-0.032813
-0.032825
-0.032837
-0.032849
-0.032861
-0.032873
-0.032885
-0.032897
-0.032909
-0.032921
-0.032933
-0.032945
-0.032957
-0.032969
-0.032981
-0.032993
-0.033005
-0.033017
-0.033029
-0.033041
-0.033053
-0.033065
-0.033077
-0.033089
-0.033101
-0.033113
-0.033125
-0.033137
-0.033149
-0.033161
-0.033173
-0.033185
-0.033197
-0.033209
-0.033220
-0.033232
-0.033244
-0.033256
-0.033268
-0.033280
-0.033292
-0.033303
-0.033315
-0.033327
-0.033339
-0.033351
-0.033362
-0.033374
-0.033386
-0.033398
-0.033410
-0.033421
-0.033433
-0.033445
-0.033457
-0.033468
-0.033480
-0.033492
-0.033504
-0.033515
-0.033527
-0.033539
-0.033550
-0.033562
-0.033574
-0.033585
-0.033597
-0.033609
-0.033620
-0.033632
-0.033644
-0.033655
-0.033667
-0.033679
-0.033690
-0.033702
-0.033713
-0.033725
-0.033737
-0.033748
-0.033760
-0.033771
-0.033783
-0.033795
-0.033806
-0.033818
-0.033829
-0.033841
-0.033852
-0.033864
-0.033875
-0.033887
-0.033898
-0.033910
-0.033921
-0.033933
-0.033944
-0.033956
-0.033967
-0.033979
-0.033990
-0.034001
-0.034013
-0.034024
-0.034036
-0.034047
-0.034059
-0.034070
-0.034081
-0.034093
-0.034104
-0.034116
-0.034127
-0.034138
-0.034150
-0.034161
-0.034172
-0.034184
-0.034195
-0.034206
-0.034218
-0.034229
-0.034240
-0.034252
-0.034263
-0.034274
-0.034285
-0.034297
-0.034308
-0.034319
-0.034330
-0.034342
-0.034353
-0.034364
-0.034375
-0.034387
-0.034398
-0.034409
-0.034420
-0.034431
-0.034443
-0.034454
-0.034465
-0.034476
-0.034487
-0.034498
-0.034510
-0.034521
-0.034532
-0.034543
-0.034554
-0.034565
-0.034576
-0.034588
-0.034599
-0.034610
-0.034621
-0.034632
-0.034643
-0.034654
-0.034665
-0.034676
-0.034687
-0.034698
-0.034709
-0.034720
-0.034731
-0.034742
-0.034753
-0.034764
-0.034775
-0.034786
-0.034797
-0.034808
-0.034819
-0.034830
-0.034841
-0.034852
-0.034863
-0.034874
-0.034885
-0.034896
-0.034907
-0.034918
-0.034929
-0.034940
-0.034950
-0.034961
-0.034972
-0.034983
-0.034994
-0.035005
-0.035016
-0.035027
-0.035037
-0.035048
-0.035059
-0.035070
-0.035081
-0.035092
-0.035102
-0.035113
-0.035124
-0.035135
-0.035146
-0.035156
-0.035167
-0.035178
-0.035189
-0.035199
-0.035210
-0.035221
-0.035232
-0.035242
-0.035253
-0.035264
-0.035275
-0.035285
-0.035296
-0.035307
-0.035317
-0.035328
-0.035339
-0.035349
-0.035360
-0.035371
-0.035381
-0.035392
-0.035403
-0.035413
-0.035424
-0.035435
-0.035445
-0.035456
-0.035466
-0.035477
-0.035488
-0.035498
-0.035509
-0.035519
-0.035530
-0.035540
-0.035551
-0.035562
-0.035572
-0.035583
-0.035593
-0.035604
-0.035614
-0.035625
-0.035635
-0.035646
-0.035656
-0.035667
-0.035677
-0.035688
-0.035698
-0.035709
-0.035719
-0.035729
-0.035740
-0.035750
-0.035761
-0.035771
-0.035782
-0.035792
-0.035802
-0.035813
-0.035823
-0.035834
-0.035844
-0.035854
-0.035865
-0.035875
-0.035885
-0.035896
-0.035906
-0.035917
-0.035927
-0.035937
-0.035948
-0.035958
-0.035968
-0.035978
-0.035989
-0.035999
-0.036009
-0.036020
-0.036030
-0.036040
-0.036050
-0.036061
-0.036071
-0.036081
-0.036091
-0.036102
-0.036112
-0.036122
-0.036132
-0.036143
-0.036153
-0.036163
-0.036173
-0.036183
-0.036194
-0.036204
-0.036214
-0.036224
-0.036234
-0.036244
-0.036255
-0.036265
-0.036275
-0.036285
-0.036295
-0.036305
-0.036315
-0.036325
-0.036335
-0.036346
-0.036356
-0.036366
-0.036376
-0.036386
-0.036396
-0.036406
-0.036416
-0.036426
-0.036436
-0.036446
-0.036456
-0.036466
-0.036476
-0.036486
-0.036496
-0.036506
-0.036516
-0.036526
-0.036536
-0.036546
-0.036556
-0.036566
-0.036576
-0.036586
-0.036596
-0.036606
-0.036616
-0.036626
-0.036636
-0.036646
-0.036656
-0.036666
-0.036675
-0.036685
-0.036695
-0.036705
-0.036715
-0.036725
-0.036735
-0.036745
-0.036754
-0.036764
-0.036774
-0.036784
-0.036794
-0.036804
-0.036813
-0.036823
-0.036833
-0.036843
-0.036853
-0.036863
-0.036872
-0.036882
-0.036892
-0.036902
-0.036911
-0.036921
-0.036931
-0.036941
-0.036950
-0.036960
-0.036970
-0.036980
-0.036989
-0.036999
-0.037009
-0.037018
-0.037028
-0.037038
-0.037048
-0.037057
-0.037067
-0.037077
-0.037086
-0.037096
-0.037106
-0.037115
-0.037125
-0.037134
-0.037144
-0.037154
-0.037163
-0.037173
-0.037183
-0.037192
-0.037202
-0.037211
-0.037221
-0.037231
-0.037240
-0.037250
-0.037259
-0.037269
-0.037278
-0.037288
-0.037297
-0.037307
-0.037316
-0.037326
-0.037336
-0.037345
-0.037355
-0.037364
-0.037374
-0.037383
-0.037392
-0.037402
-0.037411
-0.037421
-0.037430
-0.037440
-0.037449
-0.037459
-0.037468
-0.037478
-0.037487
-0.037496
-0.037506
-0.037515
-0.037525
-0.037534
-0.037544
-0.037553
-0.037562
-0.037572
-0.037581
-0.037590
-0.037600
-0.037609
-0.037618
-0.037628
-0.037637
-0.037647
-0.037656
-0.037665
-0.037674
-0.037684
-0.037693
-0.037702
-0.037712
-0.037721
-0.037730
-0.037740
-0.037749
-0.037758
-0.037767
-0.037777
-0.037786
-0.037795
-0.037804
-0.037814
-0.037823
-0.037832
-0.037841
-0.037851
-0.037860
-0.037869
-0.037878
-0.037887
-0.037897
-0.037906
-0.037915
-0.037924
-0.037933
-0.037942
-0.037952
-0.037961
-0.037970
-0.037979
-0.037988
-0.037997
-0.038006
-0.038015
-0.038025
-0.038034
-0.038043
-0.038052
-0.038061
-0.038070
-0.038079
-0.038088
-0.038097
-0.038106
-0.038115
-0.038124
-0.038134
-0.038143
-0.038152
-0.038161
-0.038170
-0.038179
-0.038188
-0.038197
-0.038206
-0.038215
-0.038224
-0.038233
-0.038242
-0.038251
-0.038260
-0.038269
-0.038278
-0.038287
-0.038296
-0.038304
-0.038313
-0.038322
-0.038331
-0.038340
-0.038349
-0.038358
-0.038367
-0.038376
-0.038385
-0.038394
-0.038403
-0.038411
-0.038420
-0.038429
-0.038438
-0.038447
-0.038456
-0.038465
-0.038474
-0.038482
-0.038491
-0.038500
-0.038509
-0.038518
-0.038526
-0.038535
-0.038544
-0.038553
-0.038562
-0.038571
-0.038579
-0.038588
-0.038597
-0.038606
-0.038614
-0.038623
-0.038632
-0.038641
-0.038649
-0.038658
-0.038667
-0.038676
-0.038684
-0.038693
-0.038702
-0.038710
-0.038719
-0.038728
-0.038737
-0.038745
-0.038754
-0.038763
-0.038771
-0.038780
-0.038789
-0.038797
-0.038806
-0.038815
-0.038823
-0.038832
-0.038840
-0.038849
-0.038858
-0.038866
-0.038875
-0.038884
-0.038892
-0.038901
-0.038909
-0.038918
-0.038927
-0.038935
-0.038944
-0.038952
-0.038961
-0.038969
-0.038978
-0.038986
-0.038995
-0.039004
-0.039012
-0.039021
-0.039029
-0.039038
-0.039046
-0.039055
-0.039063
-0.039072
-0.039080
-0.039089
-0.039097
-0.039106
-0.039114
-0.039122
-0.039131
-0.039139
-0.039148
-0.039156
-0.039165
-0.039173
-0.039182
-0.039190
-0.039198
-0.039207
-0.039215
-0.039224
-0.039232
-0.039240
-0.039249
-0.039257
-0.039266
-0.039274
-0.039282
-0.039291
-0.039299
-0.039307
-0.039316
-0.039324
-0.039332
-0.039341
-0.039349
-0.039357
-0.039366
-0.039374
-0.039382
-0.039391
-0.039399
-0.039407
-0.039416
-0.039424
-0.039432
-0.039440
-0.039449
-0.039457
-0.039465
-0.039474
-0.039482
-0.039490
-0.039498
-0.039506
-0.039515
-0.039523
-0.039531
-0.039539
-0.039548
-0.039556
-0.039564
-0.039572
-0.039580
-0.039589
-0.039597
-0.039605
-0.039613
-0.039621
-0.039629
-0.039638
-0.039646
-0.039654
-0.039662
-0.039670
-0.039678
-0.039686
-0.039695
-0.039703
-0.039711
-0.039719
-0.039727
-0.039735
-0.039743
-0.039751
-0.039759
-0.039767
-0.039776
-0.039784
-0.039792
-0.039800
-0.039808
-0.039816
-0.039824
-0.039832
-0.039840
-0.039848
-0.039856
-0.039864
-0.039872
-0.039880
-0.039888
-0.039896
-0.039904
-0.039912
-0.039920
-0.039928
-0.039936
-0.039944
-0.039952
-0.039960
-0.039968
-0.039976
-0.039984
-0.039992
-0.040000
-0.040008
-0.040016
-0.040024
-0.040031
-0.040039
-0.040047
-0.040055
-0.040063
-0.040071
-0.040079
-0.040087
-0.040095
-0.040103
-0.040110
-0.040118
-0.040126
-0.040134
-0.040142
-0.040150
-0.040158
-0.040165
-0.040173
-0.040181
-0.040189
-0.040197
-0.040205
-0.040212
-0.040220
-0.040228
-0.040236
-0.040244
-0.040251
-0.040259
-0.040267
-0.040275
-0.040282
-0.040290
-0.040298
-0.040306
-0.040313
-0.040321
-0.040329
-0.040337
-0.040344
-0.040352
-0.040360
-0.040368
-0.040375
-0.040383
-0.040391
-0.040398
-0.040406
-0.040414
-0.040422
-0.040429
-0.040437
-0.040445
-0.040452
-0.040460
-0.040468
-0.040475
-0.040483
-0.040491
-0.040498
-0.040506
-0.040513
-0.040521
-0.040529
-0.040536
-0.040544
-0.040552
-0.040559
-0.040567
-0.040574
-0.040582
-0.040590
-0.040597
-0.040605
-0.040612
-0.040620
-0.040627
-0.040635
-0.040643
-0.040650
-0.040658
-0.040665
-0.040673
-0.040680
-0.040688
-0.040695
-0.040703
-0.040710
-0.040718
-0.040725
-0.040733
-0.040740
-0.040748
-0.040755
-0.040763
-0.040770
-0.040778
-0.040785
-0.040793
-0.040800
-0.040808
-0.040815
-0.040823
-0.040830
-0.040837
-0.040845
-0.040852
-0.040860
-0.040867
-0.040875
-0.040882
-0.040889
-0.040897
-0.040904
-0.040912
-0.040919
-0.040926
-0.040934
-0.040941
-0.040948
-0.040956
-0.040963
-0.040971
-0.040978
-0.040985
-0.040993
-0.041000
-0.041007
-0.041015
-0.041022
-0.041029
-0.041037
-0.041044
-0.041051
-0.041058
-0.041066
-0.041073
-0.041080
-0.041088
-0.041095
-0.041102
-0.041109
-0.041117
-0.041124
-0.041131
-0.041139
-0.041146
-0.041153
-0.041160
-0.041168
-0.041175
-0.041182
-0.041189
-0.041196
-0.041204
-0.041211
-0.041218
-0.041225
-0.041232
-0.041240
-0.041247
-0.041254
-0.041261
-0.041268
-0.041276
-0.041283
-0.041290
-0.041297
-0.041304
-0.041311
-0.041319
-0.041326
-0.041333
-0.041340
-0.041347
-0.041354
-0.041361
-0.041368
-0.041376
-0.041383
-0.041390
-0.041397
-0.041404
-0.041411
-0.041418
-0.041425
-0.041432
-0.041439
-0.041446
-0.041454
-0.041461
-0.041468
-0.041475
-0.041482
-0.041489
-0.041496
-0.041503
-0.041510
-0.041517
-0.041524
-0.041531
-0.041538
-0.041545
-0.041552
-0.041559
-0.041566
-0.041573
-0.041580
-0.041587
-0.041594
-0.041601
-0.041608
-0.041615
-0.041622
-0.041629
-0.041636
-0.041643
-0.041650
-0.041657
-0.041663
-0.041670
-0.041677
-0.041684
-0.041691
-0.041698
-0.041705
-0.041712
-0.041719
-0.041726
-0.041733
-0.041740
-0.041746
-0.041753
-0.041760
-0.041767
-0.041774
-0.041781
-0.041788
-0.041795
-0.041801
-0.041808
-0.041815
-0.041822
-0.041829
-0.041836
-0.041842
-0.041849
-0.041856
-0.041863
-0.041870
-0.041877
-0.041883
-0.041890
-0.041897
-0.041904
-0.041910
-0.041917
-0.041924
-0.041931
-0.041938
-0.041944
-0.041951
-0.041958
-0.041965
-0.041971
-0.041978
-0.041985
-0.041992
-0.041998
-0.042005
-0.042012
-0.042019
-0.042025
-0.042032
-0.042039
-0.042045
-0.042052
-0.042059
-0.042065
-0.042072
-0.042079
-0.042086
-0.042092
-0.042099
-0.042106
-0.042112
-0.042119
-0.042126
-0.042132
-0.042139
-0.042145
-0.042152
-0.042159
-0.042165
-0.042172
-0.042179
-0.042185
-0.042192
-0.042199
-0.042205
-0.042212
-0.042218
-0.042225
-0.042232
-0.042238
-0.042245
-0.042251
-0.042258
-0.042264
-0.042271
-0.042278
-0.042284
-0.042291
-0.042297
-0.042304
-0.042310
-0.042317
-0.042323
-0.042330
-0.042336
-0.042343
-0.042349
-0.042356
-0.042363
-0.042369
-0.042376
-0.042382
-0.042389
-0.042395
-0.042402
-0.042408
-0.042414
-0.042421
-0.042427
-0.042434
-0.042440
-0.042447
-0.042453
-0.042460
-0.042466
-0.042473
-0.042479
-0.042486
-0.042492
-0.042498
-0.042505
-0.042511
-0.042518
-0.042524
-0.042530
-0.042537
-0.042543
-0.042550
-0.042556
-0.042562
-0.042569
-0.042575
-0.042582
-0.042588
-0.042594
-0.042601
-0.042607
-0.042613
-0.042620
-0.042626
-0.042632
-0.042639
-0.042645
-0.042652
-0.042658
-0.042664
-0.042670
-0.042677
-0.042683
-0.042689
-0.042696
-0.042702
-0.042708
-0.042715
-0.042721
-0.042727
-0.042734
-0.042740
-0.042746
-0.042752
-0.042759
-0.042765
-0.042771
-0.042777
-0.042784
-0.042790
-0.042796
-0.042802
-0.042809
-0.042815
-0.042821
-0.042827
-0.042834
-0.042840
-0.042846
-0.042852
-0.042858
-0.042865
-0.042871
-0.042877
-0.042883
-0.042889
-0.042896
-0.042902
-0.042908
-0.042914
-0.042920
-0.042926
-0.042933
-0.042939
-0.042945
-0.042951
-0.042957
-0.042963
-0.042970
-0.042976
-0.042982
-0.042988
-0.042994
-0.043000
-0.043006
-0.043012
-0.043019
-0.043025
-0.043031
-0.043037
-0.043043
-0.043049
-0.043055
-0.043061
-0.043067
-0.043073
-0.043079
-0.043086
-0.043092
-0.043098
-0.043104
-0.043110
-0.043116
-0.043122
-0.043128
-0.043134
-0.043140
-0.043146
-0.043152
-0.043158
-0.043164
-0.043170
-0.043176
-0.043182
-0.043188
-0.043194
-0.043200
-0.043206
-0.043212
-0.043218
-0.043224
-0.043230
-0.043236
-0.043242
-0.043248
-0.043254
-0.043260
-0.043266
-0.043272
-0.043278
-0.043284
-0.043290
-0.043296
-0.043302
-0.043307
-0.043313
-0.043319
-0.043325
-0.043331
-0.043337
-0.043343
-0.043349
-0.043355
-0.043361
-0.043367
-0.043373
-0.043378
-0.043384
-0.043390
-0.043396
-0.043402
-0.043408
-0.043414
-0.043420
-0.043425
-0.043431
-0.043437
-0.043443
-0.043449
-0.043455
-0.043460
-0.043466
-0.043472
-0.043478
-0.043484
-0.043490
-0.043495
-0.043501
-0.043507
-0.043513
-0.043519
-0.043524
-0.043530
-0.043536
-0.043542
-0.043548
-0.043553
-0.043559
-0.043565
-0.043571
-0.043576
-0.043582
-0.043588
-0.043594
-0.043600
-0.043605
-0.043611
-0.043617
-0.043623
-0.043628
-0.043634
-0.043640
-0.043645
-0.043651
-0.043657
-0.043663
-0.043668
-0.043674
-0.043680
-0.043685
-0.043691
-0.043697
-0.043702
-0.043708
-0.043714
-0.043720
-0.043725
-0.043731
-0.043737
-0.043742
-0.043748
-0.043754
-0.043759
-0.043765
-0.043770
-0.043776
-0.043782
-0.043787
-0.043793
-0.043799
-0.043804
-0.043810
-0.043816
-0.043821
-0.043827
-0.043832
-0.043838
-0.043844
-0.043849
-0.043855
-0.043860
-0.043866
-0.043872
-0.043877
-0.043883
-0.043888
-0.043894
-0.043899
-0.043905
-0.043911
-0.043916
-0.043922
-0.043927
-0.043933
-0.043938
-0.043944
-0.043949
-0.043955
-0.043960
-0.043966
-0.043971
-0.043977
-0.043983
-0.043988
-0.043994
-0.043999
-0.044005
-0.044010
-0.044016
-0.044021
-0.044027
-0.044032
-0.044037
-0.044043
-0.044048
-0.044054
-0.044059
-0.044065
-0.044070
-0.044076
-0.044081
-0.044087
-0.044092
-0.044098
-0.044103
-0.044108
-0.044114
-0.044119
-0.044125
-0.044130
-0.044136
-0.044141
-0.044146
-0.044152
-0.044157
-0.044163
-0.044168
-0.044173
-0.044179
-0.044184
-0.044190
-0.044195
-0.044200
-0.044206
-0.044211
-0.044217
-0.044222
-0.044227
-0.044233
-0.044238
-0.044243
-0.044249
-0.044254
-0.044259
-0.044265
-0.044270
-0.044275
-0.044281
-0.044286
-0.044291
-0.044297
-0.044302
-0.044307
-0.044313
-0.044318
-0.044323
-0.044329
-0.044334
-0.044339
-0.044344
-0.044350
-0.044355
-0.044360
-0.044366
-0.044371
-0.044376
-0.044381
-0.044387
-0.044392
-0.044397
-0.044402
-0.044408
-0.044413
-0.044418
-0.044423
-0.044429
-0.044434
-0.044439
-0.044444
-0.044450
-0.044455
-0.044460
-0.044465
-0.044470
-0.044476
-0.044481
-0.044486
-0.044491
-0.044496
-0.044502
-0.044507
-0.044512
-0.044517
-0.044522
-0.044528
-0.044533
-0.044538
-0.044543
-0.044548
-0.044553
-0.044559
-0.044564
-0.044569
-0.044574
-0.044579
-0.044584
-0.044589
-0.044595
-0.044600
-0.044605
-0.044610
-0.044615
-0.044620
-0.044625
-0.044630
-0.044636
-0.044641
-0.044646
-0.044651
-0.044656
-0.044661
-0.044666
-0.044671
-0.044676
-0.044681
-0.044687
-0.044692
-0.044697
-0.044702
-0.044707
-0.044712
-0.044717
-0.044722
-0.044727
-0.044732
-0.044737
-0.044742
-0.044747
-0.044752
-0.044757
-0.044762
-0.044767
-0.044772
-0.044777
-0.044782
-0.044787
-0.044792
-0.044797
-0.044802
-0.044807
-0.044812
-0.044817
-0.044822
-0.044827
-0.044832
-0.044837
-0.044842
-0.044847
-0.044852
-0.044857
-0.044862
-0.044867
-0.044872
-0.044877
-0.044882
-0.044887
-0.044892
-0.044897
-0.044902
-0.044907
-0.044912
-0.044917
-0.044922
-0.044927
-0.044932
-0.044936
-0.044941
-0.044946
-0.044951
-0.044956
-0.044961
-0.044966
-0.044971
-0.044976
-0.044981
-0.044986
-0.044990
-0.044995
-0.045000
-0.045005
-0.045010
-0.045015
-0.045020
-0.045025
-0.045029
-0.045034
-0.045039
-0.045044
-0.045049
-0.045054
-0.045059
-0.045063
-0.045068
-0.045073
-0.045078
-0.045083
-0.045088
-0.045092
-0.045097
-0.045102
-0.045107
-0.045112
-0.045117
-0.045121
-0.045126
-0.045131
-0.045136
-0.045141
-0.045145
-0.045150
-0.045155
-0.045160
-0.045164
-0.045169
-0.045174
-0.045179
-0.045184
-0.045188
-0.045193
-0.045198
-0.045203
-0.045207
-0.045212
-0.045217
-0.045222
-0.045226
-0.045231
-0.045236
-0.045241
-0.045245
-0.045250
-0.045255
-0.045259
-0.045264
-0.045269
-0.045274
0.458467
1.241071
2.160318
2.788290
3.229821
3.549551
3.785379
3.960606
4.090252
4.184467
4.246554
4.283681
4.301044
4.302505
4.291045
4.269021
4.238343
4.200577
4.157020
4.108769
4.056730
4.001674
3.944259
3.885033
3.824464
3.762954
3.700839
3.638402
3.575891
3.513507
3.451423
3.389789
3.328723
3.268326
3.208682
3.149871
3.091940
3.034936
2.978902
2.923860
2.869831
2.816836
2.764881
2.713971
2.664108
2.615295
2.567525
2.520789
2.475079
2.430389
2.386704
2.344011
2.302293
2.261541
2.221737
2.182863
2.144903
2.107839
2.071658
2.036340
2.001868
1.968222
1.935386
1.903342
1.872077
1.841569
1.811803
1.782760
1.754424
1.726778
1.699808
1.673497
1.647830
1.622789
1.598360
1.574527
1.551277
1.528593
1.506465
1.484876
1.463815
1.443266
1.423216
1.403654
1.384566
1.365940
1.347764
1.330027
1.312719
1.295828
1.279343
1.263252
1.247546
1.232215
1.217249
1.202637
1.188371
1.174441
1.160839
1.147556
1.638527
2.410273
3.321348
3.952678
4.403581
4.735515
4.984459
5.172713
5.314731
5.420358
5.490060
5.532150
5.552565
5.555631
5.544640
5.522183
5.490325
5.450758
5.404880
5.353858
5.298698
5.240207
5.179086
5.115953
5.051293
4.985532
4.919062
4.852169
4.785128
4.718156
4.651436
4.585142
4.519396
4.454307
4.389985
4.326493
4.263891
4.202246
4.141588
4.081946
4.023356
3.965829
3.909373
3.853994
3.799716
3.746521
3.694402
3.643368
3.593402
3.544491
3.496623
3.449796
3.403988
3.359182
3.315360
3.272517
3.230628
3.189675
3.149640
3.110503
3.072258
3.034878
2.998345
2.962639
2.927742
2.893644
2.860323
2.827759
2.795936
2.764835
2.734439
2.704738
2.675712
2.647343
2.619617
2.592515
2.566023
2.540126
2.514814
2.490071
2.465880
2.442228
2.419101
2.396485
2.374367
2.352735
2.331576
2.310885
2.290645
2.270842
2.251467
2.232508
2.213953
2.195793
2.178016
2.160614
2.143576
2.126897
2.110565
2.094570
2.078904
2.063556
2.048520
2.033786
2.019347
2.005195
1.991322
1.977721
1.964384
1.951305
1.938480
1.925900
1.913559
1.901450
1.889566
1.877902
1.866451
1.855209
1.844169
1.833327
1.822676
1.812212
1.801930
1.791824
1.781892
1.772126
1.762525
1.753082
1.743796
1.734662
1.725675
1.716832
1.708127
1.699559
1.691122
1.682814
1.674631
1.666570
1.658628
1.650802
1.643087
1.635483
1.627985
1.620592
1.613299
1.606106
1.599008
1.592004
1.585092
1.578268
1.571531
1.564878
1.558307
1.551818
1.545408
1.539074
1.532814
1.526627
1.520511
1.514464
1.508483
1.502569
1.496718
1.490929
1.485201
1.479532
1.473920
1.468365
1.462865
1.457419
1.452024
1.446681
1.441388
1.436143
1.430946
1.425795
1.420689
1.415627
1.410609
1.405632
1.400697
1.395802
1.390946
1.386128
1.381348
1.376605
1.371898
1.367225
1.362587
1.357982
1.353411
1.348872
1.344365
1.339889
1.335443
1.331026
1.326638
1.322279
1.317947
1.313642
1.309363
1.305111
1.300884
1.296681
1.292504
1.288350
1.284219
1.280112
1.276027
1.271964
1.267923
1.263904
1.259905
1.255926
1.251968
1.248030
1.244111
1.240211
1.236330
1.232467
1.228622
1.224795
1.220986
1.217194
1.213418
1.209660
1.205917
1.202191
1.198481
1.194786
1.191107
1.187443
1.183794
1.180159
1.176540
1.172934
1.169342
1.165764
1.162200
1.158650
1.155113
1.151589
1.148079
1.144581
1.141096
1.137624
1.134165
1.130717
1.127282
1.123858
1.120447
1.117047
1.113658
1.110281
1.106915
1.103561
1.100217
1.096884
1.093562
1.090251
1.086950
1.083659
1.080379
1.077110
1.073850
1.070600
1.067361
1.064131
1.060911
1.057701
1.054500
1.051309
1.048127
1.044955
1.041792
1.038638
1.035494
1.032359
1.029232
1.026115
1.023006
1.019906
1.016815
1.013733
1.010660
1.007595
1.004538
1.001490
0.998451
0.995420
0.992397
0.989382
0.986376
0.983378
0.980388
0.977406
0.974432
0.971466
0.968508
0.965558
0.962616
0.959682
0.956756
0.953837
0.950926
0.948023
0.945128
0.942240
0.939360
0.936488
0.933623
0.930766
0.927917
0.925075
0.922240
0.919412
0.916592
0.913779
0.910974
0.908176
0.905385
0.902601
0.899824
0.897054
0.894292
0.891537
0.888788
0.886047
0.883313
0.880585
0.877865
0.875151
0.872445
0.869745
0.867052
0.864366
0.861687
0.859015
0.856349
0.853690
0.851038
0.848392
0.845754
0.843122
0.840496
0.837877
0.835265
0.832659
0.830060
0.827468
0.824882
0.822303
0.819730
0.817163
0.814603
0.812050
0.809502
0.806962
0.804427
0.801900
0.799378
0.796863
0.794354
0.791851
0.789355
0.786865
0.784381
0.781904
0.779433
0.776968
0.774509
0.772056
0.769610
0.767170
0.764736
0.762308
0.759886
0.757470
0.755060
0.752657
0.750259
0.747868
0.745482
0.743103
0.740730
0.738363
0.736002
0.733647
0.731298
0.728955
0.726618
0.724287
0.721961
0.719642
0.717328
0.715021
0.712719
0.710423
0.708133
0.705849
0.703570
0.701298
0.699031
0.696770
0.694514
0.692265
0.690021
0.687783
0.685550
0.683323
0.681102
0.678887
0.676677
0.674473
0.672274
0.670081
0.667894
0.665712
0.663536
0.661365
0.659200
0.657040
0.654886
0.652738
0.650595
0.648457
0.646325
0.644198
0.642077
0.639962
0.637851
0.635747
0.633647
0.631553
0.629465
0.627381
0.625303
0.623231
0.621164
0.619102
0.617045
0.614994
0.612948
0.610908
0.608872
0.606842
0.604817
0.602798
0.600783
0.598774
0.596770
0.594771
0.592778
0.590790
0.588806
0.586828
0.584855
0.582888
0.580925
0.578967
0.577015
0.575068
0.573125
0.571188
0.569256
0.567329
0.565407
0.563490
0.561578
0.559671
0.557769
0.555872
0.553980
0.552092
0.550210
0.548333
0.546461
0.544593
0.542731
0.540873
0.539021
0.537173
0.535330
0.533492
0.531659
0.529831
0.528008
0.526189
0.524376
0.522567
0.520763
0.518964
0.517169
0.515380
0.513595
0.511814
0.510039
0.508268
0.506502
0.504740
0.502984
0.501232
0.499484
0.497742
0.496003
0.494270
0.492541
0.490817
0.489097
0.487382
0.485672
0.483966
0.482264
0.480568
0.478875
0.477188
0.475504
0.473826
0.472151
0.470482
0.468816
0.467156
0.465499
0.463848
0.462200
0.460557
0.458919
0.457284
0.455655
0.454029
0.452408
0.450792
0.449179
0.447571
0.445968
0.444369
0.442774
0.441183
0.439597
0.438015
0.436437
0.434864
0.433294
0.431730
0.430169
0.428612
0.427060
0.425512
0.423968
0.422429
0.420893
0.419362
0.417835
0.416312
0.414794
0.413279
0.411768
0.410262
0.408760
0.407262
0.405768
0.404278
0.402792
0.401310
0.399832
0.398359
0.396889
0.395423
0.393962
0.392504
0.391051
0.389601
0.388155
0.386714
0.385276
0.383842
0.382413
0.380987
0.379565
0.378147
0.376733
0.375323
0.373917
0.372514
0.371116
0.369721
0.368330
0.366943
0.365560
0.364181
0.362806
0.361434
0.360066
0.358702
0.357342
0.355986
0.354633
0.353284
0.351939
0.350597
0.349260
0.347926
0.346596
0.345269
0.343946
0.342627
0.341312
0.340000
0.338692
0.337387
0.336086
0.334789
0.333496
0.332206
0.330920
0.329637
0.328358
0.327083
0.325811
0.324543
0.323278
0.322017
0.320760
0.319506
0.318255
0.317008
0.315765
0.314525
0.313289
0.312056
0.310826
0.309600
0.308378
0.307159
0.305943
0.304731
0.303522
0.302317
0.301115
0.299917
0.298722
0.297530
0.296342
0.295157
0.293975
0.292797
0.291622
0.290451
0.289283
0.288118
0.286956
0.285798
0.284643
0.283492
0.282343
0.281198
0.280057
0.278918
0.277783
0.276651
0.275522
0.274397
0.273274
0.272155
0.271039
0.269927
0.268817
0.267711
0.266608
0.265508
0.264411
0.263317
0.262227
0.261139
0.260055
0.258974
0.257896
0.256821
0.255749
0.254681
0.253615
0.252553
0.251493
0.250437
0.249383
0.248333
0.247286
0.246242
0.245201
0.244162
0.243127
0.242095
0.241066
0.240040
0.239017
0.237997
0.236979
0.235965
0.234954
0.233945
0.232940
0.231937
0.230938
0.229941
0.228948
0.227957
0.226969
0.225984
0.225002
0.224022
0.223046
0.222072
0.221102
0.220134
0.219169
0.218207
0.217247
0.216291
0.215337
0.214386
0.213438
0.212493
0.211550
0.210610
0.209673
0.208739
0.207808
0.206879
0.205953
0.205030
0.204109
0.203192
0.202277
0.201364
0.200455
0.199548
0.198643
0.197742
0.196843
0.195947
0.195053
0.194162
0.193274
0.192389
0.191506
0.190625
0.189748
0.188872
0.188000
0.187130
0.186263
0.185398
0.184536
0.183677
0.182820
0.181965
0.181113
0.180264
0.179418
0.178573
0.177732
0.176893
0.176056
0.175222
0.174390
0.173561
0.172735
0.171911
0.171089
0.170270
0.169454
0.168639
0.167828
0.167019
0.166212
0.165407
0.164606
0.163806
0.163009
0.162214
0.161422
0.160632
0.159845
0.159060
0.158277
0.157497
0.156719
0.155944
0.155171
0.154400
0.153632
0.152866
0.152102
0.151340
0.150581
0.149825
0.149070
0.148318
0.147568
0.146821
0.146076
0.145333
0.144592
0.143854
0.143118
0.142384
0.141653
0.140923
0.140196
0.139471
0.138749
0.138029
0.137311
0.136595
0.135881
0.135170
0.134460
0.133753
0.133049
0.132346
0.131646
0.130947
0.130251
0.129557
0.128865
0.128176
0.127488
0.126803
0.126120
0.125439
0.124760
0.124083
0.123409
0.122736
0.122066
0.121398
0.120731
0.120067
0.119405
0.118745
0.118088
0.117432
0.116778
0.116127
0.115477
0.114830
0.114184
0.113541
0.112899
0.112260
0.111623
0.110987
0.110354
0.109723
0.109094
0.108466
0.107841
0.107218
0.106597
0.105977
0.105360
0.104745
0.104131
0.103520
0.102911
0.102303
0.101698
0.101094
0.100492
0.099893
0.099295
0.098699
0.098105
0.097513
0.096923
0.096335
0.095749
0.095164
0.094582
0.094001
0.093422
0.092845
0.092270
0.091697
0.091126
0.090557
0.089989
0.089424
0.088860
0.088298
0.087738
0.087179
0.086623
0.086068
0.085515
0.084964
0.084415
0.083868
0.083322
0.082778
0.082236
0.081696
0.081158
0.080621
0.080086
0.079553
0.079022
0.078492
0.077964
0.077438
0.076914
0.076391
0.075870
0.075351
0.074834
0.074318
0.073805
0.073292
0.072782
0.072273
0.071766
0.071261
0.070757
0.070255
0.069755
0.069257
0.068760
0.068264
0.067771
0.067279
0.066789
0.066300
0.065814
0.065328
0.064845
0.064363
0.063883
0.063404
0.062927
0.062452
0.061978
0.061506
0.061036
0.060567
0.060100
0.059634
0.059170
0.058708
0.058247
0.057788
0.057330
0.056874
0.056420
0.055967
0.055515
0.055066
0.054618
0.054171
0.053726
0.053282
0.052841
0.052400
0.051961
0.051524
0.051088
0.050654
0.050221
0.049790
0.049361
0.048933
0.048506
0.048081
0.047657
0.047235
0.046815
0.046396
0.045978
0.045562
0.045148
0.044734
0.044323
0.043913
0.043504
0.043097
0.042691
0.042287
0.041884
0.041483
0.041083
0.040685
0.040288
0.039892
0.039498
0.039105
0.038714
0.038324
0.037936
0.037549
0.037163
0.036779
0.036397
0.036015
0.035636
0.035257
0.034880
0.034504
0.034130
0.033757
0.033386
0.033016
0.032647
0.032280
0.031914
0.031549
0.031186
0.030824
0.030463
0.030104
0.029746
0.029390
0.029035
0.028681
0.028329
0.027978
0.027628
0.027280
0.026933
0.026587
0.026242
0.025899
0.025558
0.025217
0.024878
0.024540
0.024204
0.023868
0.023534
0.023202
0.022870
0.022540
0.022212
0.021884
0.021558
0.021233
0.020910
0.020587
0.020266
0.019946
0.019628

