0.000000
0.000000
-0.000006
-0.000014
-0.000023
-0.000034
-0.000045
-0.000058
-0.000070
-0.000084
-0.000097
-0.000111
-0.000125
-0.000140
-0.000155
-0.000170
-0.000185
-0.000201
-0.000217
-0.000233
-0.000249
-0.000266
-0.000282
-0.000299
-0.000316
-0.000333
-0.000351
-0.000368
-0.000386
-0.000404
-0.000422
-0.000440
-0.000459
-0.000477
-0.000496
-0.000515
-0.000534
-0.000553
-0.000572
-0.000591
-0.000611
-0.000631
-0.000651
-0.000670
-0.000691
-0.000711
-0.000731
-0.000751
-0.000772
-0.000793
-0.000813
-0.000834
-0.000855
-0.000876
-0.000898
-0.000919
-0.000940
-0.000962
-0.000984
-0.001005
-0.001027
-0.001049
-0.001071
-0.001093
-0.001115
-0.001138
-0.001160
-0.001183
-0.001205
-0.001228
-0.001251
-0.001273
-0.001296
-0.001319
-0.001342
-0.001366
-0.001389
-0.001412
-0.001435
-0.001459
-0.001482
-0.001506
-0.001530
-0.001553
-0.001577
-0.001601
-0.001625
-0.001649
-0.001673
-0.001697
-0.001722
-0.001746
-0.001770
-0.001795
-0.001819
-0.001844
-0.001868
-0.001893
-0.001918
-0.001942
-0.001967
-0.001992
-0.002017
-0.002042
-0.002067
-0.002092
-0.002118
-0.002143
-0.002168
-0.002193
-0.002219
-0.002244
-0.002270
-0.002295
-0.002321
-0.002346
-0.002372
-0.002398
-0.002424
-0.002449
-0.002475
-0.002501
-0.002527
-0.002553
-0.002579
-0.002605
-0.002631
-0.002658
-0.002684
-0.002710
-0.002736
-0.002763
-0.002789
-0.002815
-0.002842
-0.002868
-0.002895
-0.002921
-0.002948
-0.002975
-0.003001
-0.003028
-0.003055
-0.003082
-0.003108
-0.003135
-0.003162
-0.003189
-0.003216
-0.003243
-0.003270
-0.003297
-0.003324
-0.003351
-0.003379
-0.003406
-0.003433
-0.003460
-0.003487
-0.003515
-0.003542
-0.003569
-0.003597
-0.003624
-0.003652
-0.003679
-0.003707
-0.003734
-0.003762
-0.003789
-0.003817
-0.003845
-0.003872
-0.003900
-0.003928
-0.003955
-0.003983
-0.004011
-0.004039
-0.004067
-0.004094
-0.004122
-0.004150
-0.004178
-0.004206
-0.004234
-0.004262
-0.004290
-0.004318
-0.004346
-0.004374
-0.004402
-0.004430
-0.004459
-0.004487
-0.004515
-0.004543
-0.004571
-0.004599
-0.004628
-0.004656
-0.004684
-0.004713
-0.004741
-0.004769
-0.004798
-0.004826
-0.004854
-0.004883
-0.004911
-0.004940
-0.004968
-0.004997
-0.005025
-0.005054
-0.005082
-0.005111
-0.005139
-0.005168
-0.005197
-0.005225
-0.005254
-0.005282
-0.005311
-0.005340
-0.005368
-0.005397
-0.005426
-0.005455
-0.005483
-0.005512
-0.005541
-0.005570
-0.005598
-0.005627
-0.005656
-0.005685
-0.005714
-0.005743
-0.005771
-0.005800
-0.005829
-0.005858
-0.005887
-0.005916
-0.005945
-0.005974
-0.006003
-0.006032
-0.006061
-0.006090
-0.006119
-0.006148
-0.006177
-0.006206
-0.006235
-0.006264
-0.006293
-0.006322
-0.006351
-0.006380
-0.006409
-0.006438
-0.006467
-0.006496
-0.006525
-0.006555
-0.006584
-0.006613
-0.006642
-0.006671
-0.006700
-0.006729
-0.006759
-0.006788
-0.006817
-0.006846
-0.006875
-0.006905
-0.006934
-0.006963
-0.006992
-0.007022
-0.007051
-0.007080
-0.007109
-0.007139
-0.007168
-0.007197
-0.007226
-0.007256
-0.007285
-0.007314
-0.007344
-0.007373
-0.007402
-0.007432
-0.007461
-0.007490
-0.007520
-0.007549
-0.007578
-0.007608
-0.007637
-0.007666
-0.007696
-0.007725
-0.007754
-0.007784
-0.007813
-0.007842
-0.007872
-0.007901
-0.007931
-0.007960
-0.007989
-0.008019
-0.008048
-0.008078
-0.008107
-0.008136
-0.008166
-0.008195
-0.008225
-0.008254
-0.008283
-0.008313
-0.008342
-0.008372
-0.008401
-0.008431
-0.008460
-0.008489
-0.008519
-0.008548
-0.008578
-0.008607
-0.008637
-0.008666
-0.008695
-0.008725
-0.008754
-0.008784
-0.008813
-0.008843
-0.008872
-0.008902
-0.008931
-0.008960
-0.008990
-0.009019
-0.009049
-0.009078
-0.009108
-0.009137
-0.009167
-0.009196
-0.009225
-0.009255
-0.009284
-0.009314
-0.009343
-0.009373
-0.009402
-0.009432
-0.009461
-0.009490
-0.009520
-0.009549
-0.009579
-0.009608
-0.009638
-0.009667
-0.009696
-0.009726
-0.009755
-0.009785
-0.009814
-0.009844
-0.009873
-0.009902
-0.009932
-0.009961
-0.009991
-0.010020
-0.010050
-0.010079
-0.010108
-0.010138
-0.010167
-0.010197
-0.010226
-0.010255
-0.010285
-0.010314
-0.010344
-0.010373
-0.010402
-0.010432
-0.010461
-0.010490
-0.010520
-0.010549
-0.010579
-0.010608
-0.010637
-0.010667
-0.010696
-0.010725
-0.010755
-0.010784
-0.010813
-0.010843
-0.010872
-0.010901
-0.010931
-0.010960
-0.010989
-0.011019
-0.011048
-0.011077
-0.011107
-0.011136
-0.011165
-0.011195
-0.011224
-0.011253
-0.011282
-0.011312
-0.011341
-0.011370
-0.011400
-0.011429
-0.011458
-0.011487
-0.011517
-0.011546
-0.011575
-0.011604
-0.011634
-0.011663
-0.011692
-0.011721
-0.011750
-0.011780
-0.011809
-0.011838
-0.011867
-0.011896
-0.011926
-0.011955
-0.011984
-0.012013
-0.012042
-0.012071
-0.012101
-0.012130
-0.012159
-0.012188
-0.012217
-0.012246
-0.012275
-0.012304
-0.012334
-0.012363
-0.012392
-0.012421
-0.012450
-0.012479
-0.012508
-0.012537
-0.012566
-0.012595
-0.012624
-0.012653
-0.012682
-0.012711
-0.012740
-0.012769
-0.012798
-0.012827
-0.012856
-0.012885
-0.012914
-0.012943
-0.012972
-0.013001
-0.013030
-0.013059
-0.013088
-0.013117
-0.013146
-0.013175
-0.013204
-0.013233
-0.013262
-0.013291
-0.013320
-0.013348
-0.013377
-0.013406
-0.013435
-0.013464
-0.013493
-0.013522
-0.013551
-0.013579
-0.013608
-0.013637
-0.013666
-0.013695
-0.013723
-0.013752
-0.013781
-0.013810
-0.013839
-0.013867
-0.013896
-0.013925
-0.013954
-0.013982
-0.014011
-0.014040
-0.014068
-0.014097
-0.014126
-0.014155
-0.014183
-0.014212
-0.014241
-0.014269
-0.014298
-0.014326
-0.014355
-0.014384
-0.014412
-0.014441
-0.014470
-0.014498
-0.014527
-0.014555
-0.014584
-0.014612
-0.014641
-0.014670
-0.014698
-0.014727
-0.014755
-0.014784
-0.014812
-0.014841
-0.014869
-0.014898
-0.014926
-0.014955
-0.014983
-0.015011
-0.015040
-0.015068
-0.015097
-0.015125
-0.015154
-0.015182
-0.015210
-0.015239
-0.015267
-0.015295
-0.015324
-0.015352
-0.015380
-0.015409
-0.015437
-0.015465
-0.015494
-0.015522
-0.015550
-0.015579
-0.015607
-0.015635
-0.015663
-0.015692
-0.015720
-0.015748
-0.015776
-0.015804
-0.015833
-0.015861
-0.015889
-0.015917
-0.015945
-0.015974
-0.016002
-0.016030
-0.016058
-0.016086
-0.016114
-0.016142
-0.016170
-0.016198
-0.016226
-0.016255
-0.016283
-0.016025
-0.014920
-0.012299
-0.007743
-0.001157
0.007328
0.017461
0.028954
0.041520
0.054897
0.068853
0.083184
0.097722
0.112323
0.126873
0.141278
0.155464
0.169373
0.182963
0.196200
0.209062
0.221532
0.233600
0.245263
0.256519
0.267371
0.277824
0.287885
0.297562
0.306865
0.315803
0.324387
0.332629
0.340539
0.348129
0.355410
0.362393
0.369088
0.375507
0.381658
0.387553
0.393201
0.398611
0.403792
0.408753
0.413502
0.418046
0.422394
0.426553
0.430530
0.434331
0.437963
0.441431
0.444743
0.447904
0.450918
0.453791
0.456529
0.459136
0.461616
0.463974
0.466214
0.468340
0.470356
0.472266
0.474073
0.475782
0.477394
0.478913
0.480343
0.481687
0.482946
0.484125
0.485225
0.486249
0.487199
0.488079
0.488890
0.489635
0.490315
0.490932
0.491490
0.491989
0.492431
0.492819
0.493153
0.493436
0.493670
0.493855
0.493994
0.494087
0.494137
0.494145
0.494111
0.494038
0.493926
0.493777
0.493592
0.493372
0.493118
0.492831
0.492513
0.492164
0.491785
0.491377
0.490942
0.490479
0.489991
0.489477
0.488938
0.488376
0.487791
0.487183
0.486554
0.485905
0.485235
0.484546
0.483838
0.483111
0.482368
0.481607
0.480829
0.480036
0.479227
0.478404
0.477566
0.476714
0.475849
0.474970
0.474080
0.473177
0.472262
0.471337
0.470400
0.469453
0.468496
0.467529
0.466553
0.465567
0.464573
0.463571
0.462560
0.461542
0.460516
0.459483
0.458443
0.457397
0.456344
0.455284
0.454219
0.453149
0.452073
0.450991
0.449905
0.448814
0.447718
0.446619
0.445514
0.444406
0.443295
0.442179
0.441060
0.439938
0.438813
0.437685
0.436554
0.435420
0.434284
0.433145
0.432005
0.430862
0.429717
0.428571
0.427422
0.426273
0.425121
0.423969
0.422815
0.421660
0.420504
0.419347
0.418189
0.417030
0.415871
0.414711
0.413551
0.412390
0.411229
0.410067
0.408906
0.407744
0.406583
0.405421
0.404260
0.403099
0.401938
0.400777
0.399617
0.398457
0.397297
0.396138
0.394980
0.393822
0.392665
0.391509
0.390354
0.389199
0.388045
0.386893
0.385741
0.384590
0.383440
0.382291
0.381144
0.379997
0.378852
0.377708
0.376565
0.375424
0.374283
0.373144
0.372007
0.370871
0.369736
0.368603
0.367471
0.366341
0.365212
0.364085
0.362960
0.361836
0.360713
0.359593
0.358474
0.357356
0.356240
0.355126
0.354014
0.352904
0.351795
0.350688
0.349583
0.348479
0.347378
0.346278
0.345180
0.344084
0.342990
0.341898
0.340808
0.339719
0.338633
0.337548
0.336465
0.335385
0.334306
0.333229
0.332154
0.331081
0.330010
0.328942
0.327875
0.326810
0.325747
0.324686
0.323628
0.322571
0.321516
0.320464
0.319413
0.318364
0.317318
0.316274
0.315231
0.314191
0.313153
0.312117
0.311083
0.310051
0.309021
0.307993
0.306968
0.305944
0.304923
0.303904
0.302887
0.301871
0.300859
0.299848
0.298839
0.297832
0.296828
0.295826
0.294825
0.293827
0.292831
0.291837
0.290846
0.289856
0.288869
0.287883
0.286900
0.285919
0.284940
0.283963
0.282989
0.282016
0.281046
0.280077
0.279111
0.278147
0.277185
0.276225
0.275268
0.274312
0.273359
0.272407
0.271458
0.270511
0.269566
0.268623
0.267683
0.266744
0.265808
0.264873
0.263941
0.263011
0.262083
0.261157
0.260233
0.259312
0.258392
0.257475
0.256559
0.255646
0.254735
0.253826
0.252919
0.252014
0.251111
0.250210
0.249312
0.248415
0.247521
0.246629
0.245738
0.244850
0.243964
0.243080
0.242198
0.241318
0.240440
0.239564
0.238691
0.237819
0.236949
0.236082
0.235216
0.234353
0.233491
0.232632
0.231775
0.230920
0.230066
0.229215
0.228366
0.227519
0.226674
0.225831
0.224990
0.224151
0.223314
0.222479
0.221646
0.220815
0.219986
0.219159
0.218334
0.217511
0.216690
0.215871
0.215054
0.214239
0.213426
0.212615
0.211806
0.210999
0.210193
0.209390
0.208589
0.207790
0.206993
0.206197
0.205404
0.204613
0.203823
0.203036
0.202250
0.201467
0.200685
0.199906
0.199128
0.198352
0.197578
0.196806
0.196036
0.195268
0.194502
0.193737
0.192975
0.192215
0.191456
0.190699
0.189945
0.189192
0.188441
0.187692
0.186944
0.186199
0.185456
0.184714
0.183974
0.183237
0.182501
0.181767
0.181034
0.180304
0.179576
0.178849
0.178124
0.177401
0.176680
0.175961
0.175243
0.174528
0.173814
0.173102
0.172392
0.171684
0.170977
0.170273
0.169570
0.168869
0.168170
0.167472
0.166777
0.166083
0.165391
0.164701
0.164012
0.163326
0.162641
0.161958
0.161276
0.160597
0.159919
0.159243
0.158569
0.157897
0.157226
0.156557
0.155890
0.155224
0.154561
0.153899
0.153239
0.152580
0.151923
0.151268
0.150615
0.149964
0.149314
0.148666
0.148019
0.147374
0.146732
0.146090
0.145451
0.144813
0.144177
0.143542
0.142909
0.142278
0.141649
0.141021
0.140395
0.139771
0.139148
0.138527
0.137908
0.137290
0.136674
0.136059
0.135447
0.134835
0.134226
0.133618
0.133012
0.132407
0.131805
0.131203
0.130604
0.130006
0.129409
0.128814
0.128221
0.127630
0.127040
0.126451
0.125865
0.125280
0.124696
0.124114
0.123534
0.122955
0.122378
0.121802
0.121228
0.120656
0.120085
0.119516
0.118948
0.118382
0.117817
0.117254
0.116692
0.116132
0.115574
0.115017
0.114462
0.113908
0.113356
0.112805
0.112256
0.111708
0.111162
0.110618
0.110074
0.109533
0.108993
0.108454
0.107917
0.107382
0.106847
0.106315
0.105784
0.105254
0.104726
0.104199
0.103674
0.103151
0.102629
0.102108
0.101589
0.101071
0.100554
0.100040
0.099526
0.099014
0.098504
0.097995
0.097487
0.096981
0.096476
0.095973
0.095471
0.094971
0.094472
0.093974
0.093478
0.092983
0.092490
0.091998
0.091507
0.091018
0.090530
0.090044
0.089559
0.089076
0.088594
0.088113
0.087633
0.087156
0.086679
0.086204
0.085730
0.085257
0.084786
0.084317
0.083848
0.083381
0.082915
0.082451
0.081988
0.081527
0.081066
0.080607
0.080150
0.079694
0.079239
0.078785
0.078333
0.077882
0.077432
0.076984
0.076537
0.076091
0.075647
0.075204
0.074762
0.074322
0.073882
0.073445
0.073008
0.072573
0.072139
0.071706
0.071275
0.070844
0.070416
0.069988
0.069562
0.069137
0.068713
0.068290
0.067869
0.067449
0.067030
0.066613
0.066196
0.065781
0.065367
0.064955
0.064544
0.064134
0.063725
0.063317
0.062911
0.062505
0.062102
0.061699
0.061297
0.060897
0.060498
0.060100
0.059703
0.059308
0.058913
0.058520
0.058128
0.057738
0.057348
0.056960
0.056573
0.056187
0.055802
0.055418
0.055036
0.054655
0.054274
0.053895
0.053518
0.053141
0.052766
0.052391
0.052018
0.051646
0.051275
0.050905
0.050537
0.050169
0.049803
0.049438
0.049074
0.048711
0.048349
0.047988
0.047629
0.047270
0.046913
0.046556
0.046201
0.045847
0.045494
0.045143
0.044792
0.044442
0.044094
0.043746
0.043400
0.043054
0.042710
0.042367
0.042025
0.041684
0.041344
0.041005
0.040668
0.040331
0.039995
0.039661
0.039327
0.038995
0.038663
0.038333
0.038004
0.037675
0.037348
0.037022
0.036697
0.036373
0.036050
0.035728
0.035407
0.035087
0.034768
0.034450
0.034133
0.033817
0.033502
0.033188
0.032875
0.032563
0.032252
0.031942
0.031634
0.031326
0.031019
0.030713
0.030408
0.030104
0.029801
0.029499
0.029198
0.028898
0.028599
0.028301
0.028004
0.027708
0.027413
0.027119
0.026825
0.026533
0.026242
0.025951
0.025662
0.025373
0.025086
0.024799
0.024514
0.024229
0.023945
0.023663
0.023381
0.023100
0.022820
0.022541
0.022262
0.021985
0.021709
0.021433
0.021159
0.020885
0.020613
0.020341
0.020070
0.019800
0.019531
0.019263
0.018995
0.018729
0.018464
0.018199
0.017935
0.017672
0.017410
0.017149
0.016889
0.016630
0.016371
0.016114
0.015857
0.015601
0.015346
0.015092
0.014839
0.014587
0.014335
0.014084
0.013835
0.013586
0.013338
0.013090
0.012844
0.012598
0.012354
0.012110
0.011867
0.011624
0.011383
0.011142
0.010903
0.010664
0.010426
0.010188
0.009952
0.009716
0.009481
0.009247
0.009014
0.008782
0.008550
0.008319
0.008089
0.007860
0.007632
0.007404
0.007177
0.006951
0.006726
0.006501
0.006278
0.006055
0.005833
0.005612
0.005391
0.005171
0.004952
0.004734
0.004517
0.004300
0.004084
0.003869
0.003654
0.003441
0.003228
0.003016
0.002804
0.002594
0.002384
0.002175
0.001966
0.001759
0.001552
0.001345
0.001140
0.000935
0.000731
0.000528
0.000326
0.000124
-0.000077
-0.000278
-0.000477
-0.000676
-0.000874
-0.001072
-0.001269
-0.001465
-0.001660
-0.001855
-0.002049
-0.002242
-0.002434
-0.002626
-0.002817
-0.003008
-0.003197
-0.003387
-0.003575
-0.003763
-0.003950
-0.004136
-0.004321
-0.004506
-0.004691
-0.004874
-0.005057
-0.005239
-0.005421
-0.005602
-0.005782
-0.005962
-0.006141
-0.006319
-0.006496
-0.006673
-0.006850
-0.007025
-0.007200
-0.007375
-0.007548
-0.007721
-0.007894
-0.008065
-0.008236
-0.008407
-0.008577
-0.008746
-0.008914
-0.009082
-0.009250
-0.009416
-0.009582
-0.009748
-0.009913
-0.010077
-0.010240
-0.010403
-0.010566
-0.010727
-0.010888
-0.011049
-0.011209
-0.011368
-0.011527
-0.011685
-0.011842
-0.011999
-0.012155
-0.012311
-0.012466
-0.012621
-0.012774
-0.012928
-0.013080
-0.013233
-0.013384
-0.013535
-0.013686
-0.013835
-0.013985
-0.014133
-0.014281
-0.014429
-0.014576
-0.014722
-0.014868
-0.015013
-0.015158
-0.015302
-0.015446
-0.015589
-0.015731
-0.015873
-0.016015
-0.016155
-0.016296
-0.016435
-0.016575
-0.016713
-0.016851
-0.016989
-0.017126
-0.017262
-0.017398
-0.017534
-0.017669
-0.017803
-0.017937
-0.018070
-0.018203
-0.018335
-0.018467
-0.018598
-0.018729
-0.018859
-0.018989
-0.019118
-0.019246
-0.019374
-0.019502
-0.019629
-0.019756
-0.019882
-0.020008
-0.020133
-0.020257
-0.020381
-0.020505
-0.020628
-0.020751
-0.020873
-0.020995
-0.021116
-0.021236
-0.021357
-0.021476
-0.021596
-0.021714
-0.021833
-0.021950
-0.022068
-0.022185
-0.022301
-0.022417
-0.022533
-0.022648
-0.022762
-0.022876
-0.022990
-0.023103
-0.023216
-0.023328
-0.023440
-0.023551
-0.023662
-0.023772
-0.023882
-0.023992
-0.024101
-0.024210
-0.024318
-0.024426
-0.024533
-0.024640
-0.024746
-0.024852
-0.024958
-0.025063
-0.025168
-0.025272
-0.025376
-0.025479
-0.025583
-0.025685
-0.025787
-0.025889
-0.025990
-0.026091
-0.026192
-0.026292
-0.026392
-0.026491
-0.026590
-0.026688
-0.026787
-0.026884
-0.026981
-0.027078
-0.027175
-0.027271
-0.027367
-0.027462
-0.027557
-0.027651
-0.027745
-0.027839
-0.027932
-0.028025
-0.028118
-0.028210
-0.028302
-0.028393
-0.028484
-0.028575
-0.028665
-0.028755
-0.028845
-0.028934
-0.029023
-0.029111
-0.029199
-0.029287
-0.029374
-0.029461
-0.029548
-0.029634
-0.029720
-0.029805
-0.029891
-0.029975
-0.030060
-0.030144
-0.030228
-0.030311
-0.030394
-0.030477
-0.030559
-0.030641
-0.030723
-0.030804
-0.030885
-0.030966
-0.031046
-0.031126
-0.031206
-0.031285
-0.031364
-0.031443
-0.031521
-0.031599
-0.031677
-0.031755
-0.031832
-0.031908
-0.031985
-0.032061
-0.032137
-0.032212
-0.032287
-0.032362
-0.032436
-0.032511
-0.032584
-0.032658
-0.032731
-0.032804
-0.032877
-0.032949
-0.033021
-0.033093
-0.033164
-0.033236
-0.033306
-0.033377
-0.033447
-0.033517
-0.033587
-0.033656
-0.033725
-0.033794
-0.033862
-0.033931
-0.033999
-0.034066
-0.034134
-0.034201
-0.034267
-0.034334
-0.034400
-0.034466
-0.034532
-0.034597
-0.034662
-0.034727
-0.034792
-0.034856
-0.034920
-0.034984
-0.035048
-0.035111
-0.035174
-0.035236
-0.035299
-0.035361
-0.035423
-0.035485
-0.035546
-0.035607
-0.035668
-0.035729
-0.035789
-0.035849
-0.035909
-0.035969
-0.036028
-0.036088
-0.036147
-0.036205
-0.036264
-0.036322
-0.036380
-0.036437
-0.036495
-0.036552
-0.036609
-0.036666
-0.036722
-0.036779
-0.036835
-0.036890
-0.036946
-0.037001
-0.037056
-0.037111
-0.037166
-0.037220
-0.037275
-0.037329
-0.037382
-0.037436
-0.037489
-0.037542
-0.037595
-0.037648
-0.037700
-0.037752
-0.037804
-0.037856
-0.037908
-0.037959
-0.038010
-0.038061
-0.038112
-0.038163
-0.038213
-0.038263
-0.038313
-0.038363
-0.038412
-0.038461
-0.038510
-0.038559
-0.038608
-0.038656
-0.038705
-0.038753
-0.038801
-0.038848
-0.038896
-0.038943
-0.038990
-0.039037
-0.039084
-0.039131
-0.039177
-0.039223
-0.039269
-0.039315
-0.039361
-0.039406
-0.039451
-0.039496
-0.039541
-0.039586
-0.039630
-0.039675
-0.039719
-0.039763
-0.039807
-0.039850
-0.039894
-0.039937
-0.039980
-0.040023
-0.040066
-0.040109
-0.040151
-0.040193
-0.040235
-0.040277
-0.040319
-0.040361
-0.040402
-0.040443
-0.040484
-0.040525
-0.040566
-0.040607
-0.040647
-0.040687
-0.040727
-0.040767
-0.040807
-0.040847
-0.040886
-0.040926
-0.040965
-0.041004
-0.041043
-0.041082
-0.041120
-0.041159
-0.041197
-0.041235
-0.041273
-0.041311
-0.041348
-0.041386
-0.041423
-0.041461
-0.041498
-0.041535
-0.041571
-0.041608
-0.041645
-0.041681
-0.041717
-0.041753
-0.041789
-0.041825
-0.041861
-0.041896
-0.041932
-0.041967
-0.042002
-0.042037
-0.042072
-0.042107
-0.042141
-0.042176
-0.042210
-0.042244
-0.042279
-0.042313
-0.042346
-0.042380
-0.042414
-0.042447
-0.042480
-0.042514
-0.042547
-0.042580
-0.042612
-0.042645
-0.042678
-0.042710
-0.042743
-0.042775
-0.042807
-0.042839
-0.042871
-0.042902
-0.042934
-0.042966
-0.042997
-0.043028
-0.043059
-0.043091
-0.043121
-0.043152
-0.043183
-0.043214
-0.043244
-0.043274
-0.043305
-0.043335
-0.043365
-0.043395
-0.043425
-0.043454
-0.043484
-0.043513
-0.043543
-0.043572
-0.043601
-0.043630
-0.043659
-0.043688
-0.043717
-0.043746
-0.043774
-0.043803
-0.043831
-0.043859
-0.043888
-0.043916
-0.043944
-0.043971
-0.043999
-0.044027
-0.044054
-0.044082
-0.044109
-0.044137
-0.044164
-0.044191
-0.044218
-0.044245
-0.044272
-0.044298
-0.044325
-0.044351
-0.044378
-0.044404
-0.044430
-0.044457
-0.044483
-0.044509
-0.044535
-0.044560
-0.044586
-0.044612
-0.044637
-0.044663
-0.044688
-0.044713
-0.044739
-0.044764
-0.044789
-0.044814
-0.044839
-0.044863
-0.044888
-0.044913
-0.044937
-0.044962
-0.044986
-0.045010
-0.045035
-0.045059
-0.045083
-0.045107
-0.045131
-0.045155
-0.045178
-0.045202
-0.045226
-0.045249
-0.045273
-0.045296
-0.045319
-0.045342
-0.045365
-0.045389
-0.045412
-0.045434
-0.045457
-0.045480
-0.045503
-0.045525
-0.045548
-0.045570
-0.045593
-0.045615
-0.045637
-0.045660
-0.045682
-0.045704
-0.045726
-0.045748
-0.045770
-0.045791
-0.045813
-0.045835
-0.045856
-0.045878
-0.045899
-0.045921
-0.045942
-0.045963
-0.045984
-0.046005
-0.046027
-0.046047
-0.046068
-0.046089
-0.046110
-0.046131
-0.046151
-0.046172
-0.046193
-0.046213
-0.046234
-0.046254
-0.046274
-0.046294
-0.046315
-0.046335
-0.046355
-0.046375
-0.046395
-0.046415
-0.046435
-0.046454
-0.046474
-0.046494
-0.046513
-0.046533
-0.046552
-0.046572
-0.046591
-0.046610
-0.046630
-0.046649
-0.046668
-0.046687
-0.046706
-0.046725
-0.046744
-0.046763
-0.046782
-0.046801
-0.046819
-0.046838
-0.046857
-0.046875
-0.046894
-0.046912
-0.046931
-0.046949
-0.046967
-0.046986
-0.047004
-0.047022
-0.047040
-0.047058
-0.047076
-0.047094
-0.047112
-0.047130
-0.047148
-0.047165
-0.047183
-0.047201
-0.047218
-0.047236
-0.047254
-0.047271
-0.047288
-0.047306
-0.047323
-0.047340
-0.047358
-0.047375
-0.047392
-0.047409
-0.047426
-0.047443
-0.047460
-0.047477
-0.047494
-0.047511
-0.047528
-0.047545
-0.047561
-0.047578
-0.047595
-0.047611
-0.047628
-0.047644
-0.047661
-0.047677
-0.047694
-0.047710
-0.047726
-0.047743
-0.047759
-0.047775
-0.047791
-0.047807
-0.047823
-0.047839
-0.047855
-0.047871
-0.047887
-0.047903
-0.047919
-0.047935
-0.047950
-0.047966
-0.047982
-0.047997
-0.048013
-0.048029
-0.048044
-0.048060
-0.048075
-0.048090
-0.048106
-0.048121
-0.048136
-0.048152
-0.048167
-0.048182
-0.048197
-0.048212
-0.048228
-0.048243
-0.048258
-0.048273
-0.048288
-0.048303
-0.048317
-0.048332
-0.048347
-0.048362
-0.048377
-0.048391
-0.048406
-0.048421
-0.048435
-0.048450
-0.048464
-0.048479
-0.048494
-0.048508
-0.048522
-0.048537
-0.048551
-0.048565
-0.048580
-0.048594
-0.048608
-0.048623
-0.048637
-0.048651
-0.048665
-0.048679
-0.048693
-0.048707
-0.048721
-0.048735
-0.048749
-0.048763
-0.048777
-0.048791
-0.048805
-0.048818
-0.048832
-0.048846
-0.048860
-0.048873
-0.048887
-0.048900
-0.048914
-0.048928
-0.048941
-0.048955
-0.048968
-0.048982
-0.048995
-0.049008
-0.049022
-0.049035
-0.049048
-0.049062
-0.049075
-0.049088
-0.049102
-0.049115
-0.049128
-0.049141
-0.049154
-0.049167
-0.049180
-0.049193
-0.049206
-0.049219
-0.049232
-0.049245
-0.049258
-0.049271
-0.049284
-0.049297
-0.049310
-0.049322
-0.049335
-0.049348
-0.049361
-0.049373
-0.049386
-0.049399
-0.049411
-0.049424
-0.049436
-0.049449
-0.049461
-0.049474
-0.049486
-0.049499
-0.049511
-0.049524
-0.049536
-0.049548
-0.049561
-0.049573
-0.049585
-0.049598
-0.049610
-0.049622
-0.049634
-0.049647
-0.049659
-0.049671
-0.049683
-0.049695
-0.049707
-0.049719
-0.049731
-0.049743
-0.049756
-0.049767
-0.049779
-0.049791
-0.049803
-0.049815
-0.049827
-0.049839
-0.049851
-0.049863
-0.049874
-0.049886
-0.049898
-0.049910
-0.049921
-0.049933
-0.049945
-0.049957
-0.049968
-0.049980
-0.049991
-0.050003
-0.050015
-0.050026
-0.050038
-0.050049
-0.050061
-0.050072
-0.050084
-0.050095
-0.050107
-0.050118
-0.050129
-0.050141
-0.050152
-0.050163
-0.050175
-0.050186
-0.050197
-0.050209
-0.050220
-0.050231
-0.050242
-0.050254
-0.050265
-0.050276
-0.050287
-0.050298
-0.050309
-0.050320
-0.050331
-0.050342
-0.050354
-0.050365
-0.050376
-0.050387
-0.050398
-0.050409
-0.050419
-0.050430
-0.050441
-0.050452
-0.050463
-0.050474
-0.050485
-0.050496
-0.050507
-0.050517
-0.050528
-0.050539
-0.050550
-0.050560
-0.050571
-0.050582
-0.050593
-0.050603
-0.050614
-0.050625
-0.050635
-0.050646
-0.050656
-0.050667
-0.050678
-0.050688
-0.050699
-0.050709
-0.050720
-0.050730
-0.050741
-0.050751
-0.050762
-0.050772
-0.050783
-0.050793
-0.050804
-0.050814
-0.050824
-0.050835
-0.050845
-0.050855
-0.050866
-0.050876
-0.050886
-0.050897
-0.050907
-0.050917
-0.050928
-0.050938
-0.050948
-0.050958
-0.050968
-0.050979
-0.050989
-0.050999
-0.051009
-0.051019
-0.051029
-0.051039
-0.051050
-0.051060
-0.051070
-0.051080
-0.051090
-0.051100
-0.051110
-0.051120
-0.051130
-0.051140
-0.051150
-0.051160
-0.051170
-0.051180
-0.051190
-0.051200
-0.051210
-0.051219
-0.051229
-0.051239
-0.051249
-0.051259
-0.051269
-0.051279
-0.051288
-0.051298
-0.051308
-0.051318
-0.051328
-0.051337
-0.051347
-0.051357
-0.051366
-0.051376
-0.051386
-0.051396
-0.051405
-0.051415
-0.051425
-0.051434
-0.051444
-0.051454
-0.051463
-0.051473
-0.051482
-0.051492
-0.051502
-0.051511
-0.051521
-0.051530
-0.051540
-0.051549
-0.051559
-0.051568
-0.051578
-0.051587
-0.051597
-0.051606
-0.051616
-0.051625
-0.051634
-0.051644
-0.051653
-0.051663
-0.051672
-0.051682
-0.051691
-0.051700
-0.051710
-0.051719
-0.051728
-0.051738
-0.051747
-0.051756
-0.051766
-0.051775
-0.051784
-0.051793
-0.051803
-0.051812
-0.051821
-0.051830
-0.051840
-0.051849
-0.051858
-0.051867
-0.051876
-0.051886
-0.051895
-0.051904
-0.051913
-0.051922
-0.051931
-0.051940
-0.051950
-0.051959
-0.051968
-0.051977
-0.051986
-0.051995
-0.052004
-0.052013
-0.052022
-0.052031
-0.052040
-0.052049
-0.052058
-0.052067
-0.052076
-0.052085
-0.052094
-0.052103
-0.052112
-0.052121
-0.052130
-0.052139
-0.052148
-0.052157
-0.052166
-0.052175
-0.052184
-0.052192
-0.052201
-0.052210
-0.052219
-0.052228
-0.052237
-0.052246
-0.052255
-0.052263
-0.052272
-0.052281
-0.052290
-0.052299
-0.052307
-0.052316
-0.052325
-0.052334
-0.052342
-0.052351
-0.052360
-0.052369
-0.052377
-0.052386
-0.052395
-0.052404
-0.052412
-0.052421
-0.052430
-0.052438
-0.052447
-0.052456
-0.052464
-0.052473
-0.052482
-0.052490
-0.052499
-0.052507
-0.052516
-0.052525
-0.052533
-0.052542
-0.052550
-0.052559
-0.052568
-0.052576
-0.052585
-0.052593
-0.052602
-0.052610
-0.052619
-0.052627
-0.052636
-0.052644
-0.052653
-0.052661
-0.052670
-0.052678
-0.052687
-0.052695
-0.052704
-0.052712
-0.052721
-0.052729
-0.052738
-0.052746
-0.052754
-0.052763
-0.052771
-0.052780
-0.052788
-0.052797
-0.052805
-0.052813
-0.052822
-0.052830
-0.052838
-0.052847
-0.052855
-0.052863
-0.052872
-0.052880
-0.052888
-0.052897
-0.052905
-0.052913
-0.052922
-0.052930
-0.052938
-0.052947
-0.052955
-0.052963
-0.052971
-0.052980
-0.052988
-0.052996
-0.053004
-0.053013
-0.053021
-0.053029
-0.053037
-0.053045
-0.053054
-0.053062
-0.053070
-0.053078
-0.053086
-0.053095
-0.053103
-0.053111
-0.053119
-0.053127
-0.053135
-0.053143
-0.053152
-0.053160
-0.053168
-0.053176
-0.053184
-0.053192
-0.053200
-0.053208
-0.053217
-0.053225
-0.053233
-0.053241
-0.053249
-0.053257
-0.053265
-0.053273
-0.053281
-0.053289
-0.053297
-0.053305
-0.053313
-0.053321
-0.053329
-0.053337
-0.053345
-0.053353
-0.053361
-0.053369
-0.053377
-0.053385
-0.053393
-0.053401
-0.053409
-0.053417
-0.053425
-0.053433
-0.053441
-0.053449
-0.053457
-0.053465
-0.053473
-0.053481
-0.053488
-0.053496
-0.053504
-0.053512
-0.053520
-0.053528
-0.053536
-0.053544
-0.053552
-0.053559
-0.053567
-0.053575
-0.053583
-0.053591
-0.053599
-0.053607
-0.053614
-0.053622
-0.053630
-0.053638
-0.053646
-0.053653
-0.053661
-0.053669
-0.053677
-0.053685
-0.053692
-0.053700
-0.053708
-0.053716
-0.053723
-0.053731
-0.053739
-0.053747
-0.053755
-0.053762
-0.053770
-0.053778
-0.053785
-0.053793
-0.053801
-0.053809
-0.053816
-0.053824
-0.053832
-0.053839
-0.053847
-0.053855
-0.053862
-0.053870
-0.053878
-0.053885
-0.053893
-0.053901
-0.053908
-0.053916
-0.053924
-0.053931
-0.053939
-0.053947
-0.053954
-0.053962
-0.053970
-0.053977
-0.053985
-0.053992
-0.054000
-0.054008
-0.054015
-0.054023
-0.054030
-0.054038
-0.054046
-0.054053
-0.054061
-0.054068
-0.054076
-0.054083
-0.054091
-0.054098
-0.054106
-0.054114
-0.054121
-0.054129
-0.054136
-0.054144
-0.054151
-0.054159
-0.054166
-0.054174
-0.054181
-0.054189
-0.054196
-0.054204
-0.054211
-0.054219
-0.054226
-0.054234
-0.054241
-0.054249
-0.054256
-0.054263
-0.054271
-0.054278
-0.054286
-0.054293
-0.054301
-0.054308
-0.054315
-0.054323
-0.054330
-0.054338
-0.054345
-0.054353
-0.054360
-0.054367
-0.054375
-0.054382
-0.054390
-0.054397
-0.054404
-0.054412
-0.054419
-0.054426
-0.054434
-0.054441
-0.054449
-0.054456
-0.054463
-0.054471
-0.054478
-0.054485
-0.054493
-0.054500
-0.054507
-0.054515
-0.054522
-0.054529
-0.054536
-0.054544
-0.054551
-0.054558
-0.054566
-0.054573
-0.054580
-0.054588
-0.054595
-0.054602
-0.054609
-0.054617
-0.054624
-0.054631
-0.054638
-0.054646
-0.054653
-0.054660
-0.054667
-0.054675
-0.054682
-0.054689
-0.054696
-0.054704
-0.054711
-0.054718
-0.054725
-0.054732
-0.054740
-0.054747
-0.054754
-0.054761
-0.054768
-0.054776
-0.054783
-0.054790
-0.054797
-0.054804
-0.054811
-0.054819
-0.054826
-0.054833
-0.054840
-0.054847
-0.054854
-0.054862
-0.054869
-0.054876
-0.054883
-0.054890
-0.054897
-0.054904
-0.054911
-0.054919
-0.054926
-0.054933
-0.054940
-0.054947
-0.054954
-0.054961
-0.054968
-0.054975
-0.054982
-0.054989
-0.054997
-0.055004
-0.055011
-0.055018
-0.055025
-0.055032
-0.055039
-0.055046
-0.055053
-0.055060
-0.055067
-0.055074
-0.055081
-0.055088
-0.055095
-0.055102
-0.055109
-0.055116
-0.055123
-0.055130
-0.055137
-0.055144
-0.055151
-0.055158
-0.055165
-0.055172
-0.055179
-0.055186
-0.055193
-0.055200
-0.055207
-0.055214
-0.055221
-0.055228
-0.055235
-0.055242
-0.055249
-0.055256
-0.055263
-0.055270
-0.055277
-0.055284
-0.055291
-0.055298
-0.055304
-0.055311
-0.055318
-0.055325
-0.055332
-0.055339
-0.055346
-0.055353
-0.055360
-0.055367
-0.055374
-0.055380
-0.055387
-0.055394
-0.055401
-0.055408
-0.055415
-0.055422
-0.055429
-0.055435
-0.055442
-0.055449
-0.055456
-0.055463
-0.055470
-0.055477
-0.055483
-0.055490
-0.055497
-0.055504
-0.055511
-0.055518
-0.055524
-0.055531
-0.055538
-0.055545
-0.055552
-0.055558
-0.055565
-0.055572
-0.055579
-0.055586
-0.055592
-0.055599
-0.055606
-0.055613
-0.055619
-0.055626
-0.055633
-0.055640
-0.055647
-0.055653
-0.055660
-0.055667
-0.055674
-0.055680
-0.055687
-0.055694
-0.055701
-0.055707
-0.055714
-0.055721
-0.055727
-0.055734
-0.055741
-0.055748
-0.055754
-0.055761
-0.055768
-0.055774
-0.055781
-0.055788
-0.055794
-0.055801
-0.055808
-0.055815
-0.055821
-0.055828
-0.055835
-0.055841
-0.055848
-0.055855
-0.055861
-0.055868
-0.055875
-0.055881
-0.055888
-0.055895
-0.055901
-0.055908
-0.055914
-0.055921
-0.055928
-0.055934
-0.055941
-0.055948
-0.055954
-0.055961
-0.055967
-0.055974
-0.055981
-0.055987
-0.055994
-0.056000
-0.056007
-0.056014
-0.056020
-0.056027
-0.056033
-0.056040
-0.056046
-0.056053
-0.056060
-0.056066
-0.056073
-0.056079
-0.056086
-0.056092
-0.056099
-0.056106
-0.056112
-0.056119
-0.056125
-0.056132
-0.056138
-0.056145
-0.056151
-0.056158
-0.056164
-0.056171
-0.056177
-0.056184
-0.056190
-0.056197
-0.056203
-0.056210
-0.056216
-0.056223
-0.056229
-0.056236
-0.056242
-0.056249
-0.056255
-0.056262
-0.056268
-0.056275
-0.056281
-0.056288
-0.056294
-0.056301
-0.056307
-0.056313
-0.056320
-0.056326
-0.056333
-0.056339
-0.056346
-0.056352
-0.056358
-0.056365
-0.056371
-0.056378
-0.056384
-0.056391
-0.056397
-0.056403
-0.056410
-0.056416
-0.056423
-0.056429
-0.056435
-0.056442
-0.056448
-0.056455
-0.056461
-0.056467
-0.056474
-0.056480
-0.056486
-0.056493
-0.056499
-0.056506
-0.056512
-0.056518
-0.056525
-0.056531
-0.056537
-0.056544
-0.056550
-0.056556
-0.056563
-0.056569
-0.056575
-0.056582
-0.056588
-0.056594
-0.056601
-0.056607
-0.056613
-0.056620
-0.056626
-0.056632
-0.056638
-0.056645
-0.056651
-0.056657
-0.056664
-0.056670
-0.056676
-0.056682
-0.056689
-0.056695
-0.056701
-0.056707
-0.056714
-0.056720
-0.056726
-0.056733
-0.056739
-0.056745
-0.056751
-0.056758
-0.056764
-0.056770
-0.056776
-0.056782
-0.056789
-0.056795
-0.056801
-0.056807
-0.056814
-0.056820
-0.056826
-0.056832
-0.056838
-0.056845
-0.056851
-0.056857
-0.056863
-0.056869
-0.056876
-0.056882
-0.056888
-0.056894
-0.056900
-0.056906
-0.056913
-0.056919
-0.056925
-0.056931
-0.056937
-0.056943
-0.056950
-0.056956
-0.056962
-0.056968
-0.056974
-0.056980
-0.056986
-0.056993
-0.056999
-0.057005
-0.057011
-0.057017
-0.057023
-0.057029
-0.057035
-0.057042
-0.057048
-0.057054
-0.057060
-0.057066
-0.057072
-0.057078
-0.057084
-0.057090
-0.057096
-0.057102
-0.057109
-0.057115
-0.057121
-0.057127
-0.057133
-0.057139
-0.057145
-0.057151
-0.057157
-0.057163
-0.057169
-0.057175
-0.057181
-0.057187
-0.057193
-0.057199
-0.057205
-0.057211
-0.057217
-0.057224
-0.057230
-0.057236
-0.057242
-0.057248
-0.057254
-0.057260
-0.057266
-0.057272
-0.057278
-0.057284
-0.057290
-0.057296
-0.057302
-0.057308
-0.057314
-0.057319
-0.057325
-0.057331
-0.057337
-0.057343
-0.057349
-0.057355
-0.057361
-0.057367
-0.057373
-0.057379
-0.057385
-0.057391
-0.057397
-0.057403
-0.057409
-0.057415
-0.057421
-0.057427
-0.057433
-0.057438
-0.057444
-0.057450
-0.057456
-0.057462
-0.057468
-0.057474
-0.057480
-0.057486
-0.057492
-0.057498
-0.057503
-0.057509
-0.057515
-0.057521
-0.057527
-0.057533
-0.057539
-0.057545
-0.057550
-0.057556
-0.057562
-0.057568
-0.057574
-0.057580
-0.057586
-0.057591
-0.057597
-0.057603
-0.057609
-0.057615
-0.057621
-0.057626
-0.057632
-0.057638
-0.057644
-0.057650
-0.057656
-0.057661
-0.057667
-0.057673
-0.057679
-0.057685
-0.057690
-0.057696
-0.057702
-0.057708
-0.057714
-0.057719
-0.057725
-0.057731
-0.057737
-0.057742
-0.057748
-0.057754
-0.057760
-0.057766
-0.057771
-0.057777
-0.057783
-0.057789
-0.057794
-0.057800
-0.057806
-0.057812
-0.057817
-0.057823
-0.057829
-0.057834
-0.057840
-0.057846
-0.057852
-0.057857
-0.057863
-0.057869
-0.057875
-0.057880
-0.057886
-0.057892
-0.057897
-0.057903
-0.057909
-0.057914
-0.057920
-0.057926
-0.057931
-0.057937
-0.057943
-0.057949
-0.057954
-0.057960
-0.057966
-0.057971
-0.057977
-0.057982
-0.057988
-0.057994
-0.057999
-0.058005
-0.058011
-0.058016
-0.058022
-0.058028
-0.058033
-0.058039
-0.058045
-0.058050
-0.058056
-0.058061
-0.058067
-0.058073
-0.058078
-0.058084
-0.058089
-0.058095
-0.058101
-0.058106
-0.058112
-0.058117
-0.058123
-0.058129
-0.058134
-0.058140
-0.058145
-0.058151
-0.058156
-0.058162
-0.058168
-0.058173
-0.058179
-0.058184
-0.058190
-0.058195
-0.058201
-0.058207
-0.058212
-0.058218
-0.058223
-0.058229
-0.058234
-0.058240
-0.058245
-0.058251
-0.058256
-0.058262
-0.058267
-0.058273
-0.058278
-0.058284
-0.058289
-0.058295
-0.058300
-0.058306
-0.058311
-0.058317
-0.058322
-0.058328
-0.058333
-0.058339
-0.058344
-0.058350
-0.058355
-0.058361
-0.058366
-0.058372
-0.058377
-0.058383
-0.058388
-0.058393
-0.058399
-0.058404
-0.058410
-0.058415
-0.058421
-0.058426
-0.058432
-0.058437
-0.058442
-0.058448
-0.058453
-0.058459
-0.058464
-0.058470
-0.058475
-0.058480
-0.058486
-0.058491
-0.058497
-0.058502
-0.058507
-0.058513
-0.058518
-0.058524
-0.058529
-0.058534
-0.058540
-0.058545
-0.058550
-0.058556
-0.058561
-0.058567
-0.058572
-0.058577
-0.058583
-0.058588
-0.058593
-0.058599
-0.058604
-0.058609
-0.058615
-0.058620
-0.058625
-0.058631
-0.058636
-0.058641
-0.058647
-0.058652
-0.058657
-0.058663
-0.058668
-0.058673
-0.058679
-0.058684
-0.058689
-0.058694
-0.058700
-0.058705
-0.058710
-0.058716
-0.058721
-0.058726
-0.058731
-0.058737
-0.058742
-0.058747
-0.058753
-0.058758
-0.058763
-0.058768
-0.058774
-0.058779
-0.058784
-0.058789
-0.058795
-0.058800
-0.058805
-0.058810
-0.058816
-0.058821
-0.058826
-0.058831
-0.058837
-0.058842
-0.058847

