0.000000
0.000000
-0.000026
-0.000052
-0.000077
-0.000103
-0.000128
-0.000153
-0.000177
-0.000201
-0.000224
-0.000247
-0.000270
-0.000293
-0.000315
-0.000337
-0.000359
-0.000380
-0.000402
-0.000423
-0.000444
-0.000465
-0.000485
-0.000506
-0.000526
-0.000547
-0.000567
-0.000587
-0.000607
-0.000627
-0.000647
-0.000667
-0.000687
-0.000707
-0.000726
-0.000746
-0.000766
-0.000785
-0.000805
-0.000824
-0.000844
-0.000863
-0.000883
-0.000902
-0.000922
-0.000941
-0.000961
-0.000980
-0.001000
-0.001019
-0.001038
-0.001058
-0.001077
-0.001097
-0.001116
-0.001135
-0.001155
-0.001174
-0.001194
-0.001213
-0.001233
-0.001252
-0.001271
-0.001291
-0.001310
-0.001330
-0.001349
-0.001369
-0.001388
-0.001408
-0.001428
-0.001447
-0.001467
-0.001486
-0.001506
-0.001525
-0.001545
-0.001565
-0.001584
-0.001604
-0.001624
-0.001644
-0.001663
-0.001683
-0.001703
-0.001723
-0.001743
-0.001762
-0.001782
-0.001802
-0.001822
-0.001842
-0.001862
-0.001882
-0.001902
-0.001922
-0.001942
-0.001962
-0.001982
-0.002002
-0.002022
-0.002042
-0.002063
-0.002083
-0.002103
-0.002123
-0.002143
-0.002164
-0.002184
-0.002204
-0.002225
-0.002245
-0.002265
-0.002286
-0.002306
-0.002326
-0.002347
-0.002367
-0.002388
-0.002408
-0.002429
-0.002449
-0.002470
-0.002491
-0.002511
-0.002532
-0.002553
-0.002573
-0.002594
-0.002615
-0.002635
-0.002656
-0.002677
-0.002698
-0.002719
-0.002739
-0.002760
-0.002781
-0.002802
-0.002823
-0.002844
-0.002865
-0.002886
-0.002907
-0.002928
-0.002949
-0.002970
-0.002991
-0.003012
-0.003033
-0.003054
-0.003075
-0.003097
-0.003118
-0.003139
-0.003160
-0.003181
-0.003203
-0.003224
-0.003245
-0.003266
-0.003288
-0.003309
-0.003330
-0.003352
-0.003373
-0.003395
-0.003416
-0.003437
-0.003459
-0.003480
-0.003502
-0.003523
-0.003545
-0.003566
-0.003588
-0.003610
-0.003631
-0.003653
-0.003674
-0.003696
-0.003718
-0.003739
-0.003761
-0.003783
-0.003804
-0.003826
-0.003848
-0.003869
-0.003891
-0.003913
-0.003935
-0.003956
-0.003978
-0.004000
-0.004022
-0.004044
-0.004066
-0.004088
-0.004109
-0.004131
-0.004153
-0.004175
-0.004197
-0.004219
-0.004241
-0.004263
-0.004285
-0.004307
-0.004329
-0.004351
-0.004373
-0.004395
-0.004417
-0.004439
-0.004461
-0.004483
-0.004505
-0.004527
-0.004550
-0.004572
-0.004594
-0.004616
-0.004638
-0.004660
-0.004683
-0.004705
-0.004727
-0.004749
-0.004771
-0.004794
-0.004816
-0.004838
-0.004860
-0.004883
-0.004905
-0.004927
-0.004949
-0.004972
-0.004994
-0.005016
-0.005039
-0.005061
-0.005083
-0.005106
-0.005128
-0.005150
-0.005173
-0.005195
-0.005218
-0.005240
-0.005262
-0.005285
-0.005307
-0.005330
-0.005352
-0.005375
-0.005397
-0.005419
-0.005442
-0.005464
-0.005487
-0.005509
-0.005532
-0.005554
-0.005577
-0.005599
-0.005622
-0.005644
-0.005667
-0.005690
-0.005712
-0.005735
-0.005757
-0.005780
-0.005802
-0.005825
-0.005847
-0.005870
-0.005893
-0.005915
-0.005938
-0.005960
-0.005983
-0.006006
-0.006028
-0.006051
-0.006073
-0.006096
-0.006119
-0.006141
-0.006164
-0.006187
-0.006209
-0.006232
-0.006255
-0.006277
-0.006300
-0.006323
-0.006345
-0.006368
-0.006391
-0.006413
-0.006436
-0.006459
-0.006482
-0.006504
-0.006527
-0.006550
-0.006572
-0.006595
-0.006618
-0.006641
-0.006663
-0.006686
-0.006709
-0.006731
-0.006754
-0.006777
-0.006800
-0.006822
-0.006845
-0.006868
-0.006891
-0.006913
-0.006936
-0.006959
-0.006982
-0.007004
-0.007027
-0.007050
-0.007073
-0.007095
-0.007118
-0.007141
-0.007164
-0.007187
-0.007209
-0.007232
-0.007255
-0.007278
-0.007300
-0.007323
-0.007346
-0.007369
-0.007392
-0.007414
-0.007437
-0.007460
-0.007483
-0.007505
-0.007528
-0.007551
-0.007574
-0.007597
-0.007619
-0.007642
-0.007665
-0.007688
-0.007711
-0.007733
-0.007756
-0.007779
-0.007802
-0.007825
-0.007847
-0.007870
-0.007893
-0.007916
-0.007939
-0.007961
-0.007984
-0.008007
-0.008030
-0.008052
-0.008075
-0.008098
-0.008121
-0.008144
-0.008166
-0.008189
-0.008212
-0.008235
-0.008258
-0.008280
-0.008303
-0.008326
-0.008349
-0.008371
-0.008394
-0.008417
-0.008440
-0.008462
-0.008485
-0.008508
-0.008531
-0.008554
-0.008576
-0.008599
-0.008622
-0.008645
-0.008667
-0.008690
-0.008713
-0.008736
-0.008758
-0.008781
-0.008804
-0.008827
-0.008849
-0.008872
-0.008895
-0.008917
-0.008940
-0.008963
-0.008986
-0.009008
-0.009031
-0.009054
-0.009077
-0.009099
-0.009122
-0.009145
-0.009167
-0.009190
-0.009213
-0.009235
-0.009258
-0.009281
-0.009304
-0.009326
-0.009349
-0.009372
-0.009394
-0.009417
-0.009440
-0.009462
-0.009485
-0.009508
-0.009530
-0.009553
-0.009576
-0.009598
-0.009621
-0.009643
-0.009666
-0.009689
-0.009711
-0.009734
-0.009757
-0.009779
-0.009802
-0.009824
-0.009847
-0.009870
-0.009892
-0.009915
-0.009937
-0.009960
-0.009983
-0.010005
-0.010028
-0.010050
-0.010073
-0.010095
-0.010118
-0.010141
-0.010163
-0.010186
-0.010208
-0.010231
-0.010253
-0.010276
-0.010298
-0.010321
-0.010343
-0.010366
-0.010388
-0.010411
-0.010433
-0.010456
-0.010478
-0.010501
-0.010523
-0.010546
-0.010568
-0.010591
-0.010613
-0.010636
-0.010658
-0.010680
-0.010703
-0.010725
-0.010748
-0.010770
-0.010793
-0.010815
-0.010837
-0.010860
-0.010882
-0.010905
-0.010927
-0.010949
-0.010972
-0.010994
-0.011017
-0.011039
-0.011061
-0.011084
-0.011106
-0.011128
-0.011151
-0.011173
-0.011195
-0.011218
-0.011240
-0.011262
-0.011285
-0.011307
-0.011329
-0.011351
-0.011374
-0.011396
-0.011418
-0.011440
-0.011463
-0.011485
-0.011507
-0.011529
-0.011552
-0.011574
-0.011596
-0.011618
-0.011641
-0.011663
-0.011685
-0.011707
-0.011729
-0.011752
-0.011774
-0.011796
-0.011818
-0.011840
-0.011862
-0.011884
-0.011907
-0.011929
-0.011951
-0.011973
-0.011995
-0.012017
-0.012039
-0.012061
-0.012083
-0.012106
-0.012128
-0.012150
-0.012172
-0.012194
-0.012216
-0.012238
-0.012260
-0.012282
-0.012304
-0.012326
-0.012348
-0.012370
-0.012392
-0.012414
-0.012436
-0.012458
-0.012480
-0.012502
-0.012524
-0.012546
-0.012568
-0.012590
-0.012612
-0.012634
-0.012655
-0.012677
-0.012699
-0.012721
-0.012743
-0.012765
-0.012787
-0.012809
-0.012831
-0.012852
-0.012874
-0.012896
-0.012918
-0.012940
-0.012962
-0.012983
-0.013005
-0.013027
-0.013049
-0.013070
-0.013092
-0.013114
-0.013136
-0.013158
-0.013179
-0.013201
-0.013223
-0.013244
-0.013266
-0.013288
-0.013310
-0.013331
-0.013353
-0.013375
-0.013396
-0.013418
-0.013440
-0.013461
-0.013483
-0.013505
-0.013526
-0.013548
-0.013569
-0.013591
-0.013613
-0.013634
-0.013656
-0.013677
-0.013699
-0.013721
-0.013742
-0.013764
-0.013785
-0.013807
-0.013828
-0.013850
-0.013871
-0.013893
-0.013914
-0.013936
-0.013957
-0.013979
-0.014000
-0.014022
-0.014043
-0.014065
-0.014086
-0.014107
-0.014129
-0.014150
-0.014172
-0.014193
-0.014214
-0.014236
-0.014257
-0.014278
-0.014300
-0.014321
-0.014343
-0.014364
-0.014385
-0.014406
-0.014428
-0.014449
-0.014470
-0.014492
-0.014513
-0.014534
-0.014555
-0.014577
-0.014598
-0.014619
-0.014640
-0.014662
-0.014683
-0.014704
-0.014725
-0.014746
-0.014768
-0.014789
-0.014810
-0.014831
-0.014852
-0.014873
-0.014894
-0.014916
-0.014937
-0.014958
-0.014979
-0.015000
-0.015021
-0.015042
-0.015063
-0.015084
-0.015105
-0.015126
-0.015147
-0.015168
-0.015189
-0.015210
-0.015231
-0.015252
-0.015273
-0.015294
-0.015315
-0.015336
-0.015357
-0.015378
-0.015399
-0.015420
-0.015441
-0.015462
-0.015483
-0.015504
-0.015524
-0.015545
-0.015566
-0.015587
-0.015608
-0.015629
-0.015650
-0.015670
-0.015691
-0.015712
-0.015733
-0.015754
-0.015774
-0.015795
-0.015816
-0.015837
-0.015857
-0.015878
-0.015899
-0.015920
-0.015940
-0.015961
-0.015982
-0.016002
-0.016023
-0.016044
-0.016064
-0.016085
-0.016106
-0.016126
-0.016147
-0.016168
-0.016188
-0.016209
-0.016229
-0.016250
-0.016271
-0.016291
-0.016312
-0.016332
-0.016353
-0.016373
-0.016394
-0.016414
-0.016435
-0.016455
-0.016476
-0.016496
-0.016517
-0.016537
-0.016558
-0.016578
-0.016599
-0.016619
-0.016639
-0.016660
-0.016680
-0.016701
-0.016721
-0.016741
-0.016762
-0.016782
-0.016802
-0.016823
-0.016843
-0.016863
-0.016884
-0.016904
-0.016924
-0.016945
-0.016965
-0.016985
-0.017005
-0.017026
-0.017046
-0.017066
-0.017086
-0.017107
-0.017127
-0.017147
-0.017167
-0.017187
-0.017207
-0.017228
-0.017248
-0.017268
-0.017288
-0.017308
-0.017328
-0.017348
-0.017369
-0.017389
-0.017409
-0.017429
-0.017449
-0.017469
-0.017489
-0.017509
-0.017529
-0.017549
-0.017569
-0.017589
-0.017609
-0.017629
-0.017649
-0.017669
-0.017689
-0.017709
-0.017729
-0.017749
-0.017769
-0.017789
-0.017808
-0.017828
-0.017848
-0.017868
-0.017888
-0.017908
-0.017928
-0.017948
-0.017967
-0.017987
-0.018007
-0.018027
-0.018047
-0.018066
-0.018086
-0.018106
-0.018126
-0.018145
-0.018165
-0.018185
-0.018205
-0.018224
-0.018244
-0.018264
-0.018284
-0.018303
-0.018323
-0.018343
-0.018362
-0.018382
-0.018401
-0.018421
-0.018441
-0.018460
-0.018480
-0.018500
-0.018519
-0.018539
-0.018558
-0.018578
-0.018597
-0.018617
-0.018636
-0.018656
-0.018675
-0.018695
-0.018714
-0.018734
-0.018753
-0.018773
-0.018792
-0.018812
-0.018831
-0.018851
-0.018870
-0.018889
-0.018909
-0.018928
-0.018948
-0.018967
-0.018986
-0.019006
-0.019025
-0.019044
-0.019064
-0.019083
-0.019102
-0.019122
-0.019141
-0.019160
-0.019179
-0.019199
-0.019218
-0.019237
-0.019256
-0.019276
-0.019295
-0.019314
-0.019333
-0.019353
-0.019372
-0.019391
-0.019410
-0.019429
-0.019448
-0.019468
-0.019487
-0.019506
-0.019525
-0.019544
-0.019563
-0.019582
-0.019601
-0.019620
-0.019639
-0.019658
-0.019677
-0.019696
-0.019715
-0.019734
-0.019753
-0.019772
-0.019791
-0.019810
-0.019829
-0.019848
-0.019867
-0.019886
-0.019905
-0.019924
-0.019943
-0.019962
-0.019981
-0.020000
-0.020019
-0.020037
-0.020056
-0.020075
-0.020094
-0.020113
-0.020132
-0.020150
-0.020169
-0.020188
-0.020207
-0.020226
-0.020244
-0.020263
-0.020282
-0.020301
-0.020319
-0.020338
-0.020357
-0.020375
-0.020394
-0.020413
-0.020432
-0.020450
-0.020469
-0.020488
-0.020506
-0.020525
-0.020543
-0.020562
-0.020581
-0.020599
-0.020618
-0.020636
-0.020655
-0.020674
-0.020692
-0.020711
-0.020729
-0.020748
-0.020766
-0.020785
-0.020803
-0.020822
-0.020840
-0.020859
-0.020877
-0.020895
-0.020914
-0.020932
-0.020951
-0.020969
-0.020988
-0.021006
-0.021024
-0.021043
-0.021061
-0.021079
-0.021098
-0.021116
-0.021135
-0.021153
-0.021171
-0.021189
-0.021208
-0.021226
-0.021244
-0.021263
-0.021281
-0.021299
-0.021317
-0.021336
-0.021354
-0.021372
-0.021390
-0.021408
-0.021427
-0.021445
-0.021463
-0.021481
-0.021499
-0.021517
-0.021536
-0.021554
-0.021572
-0.021590
-0.021608
-0.021626
-0.021644
-0.021662
-0.021680
-0.021698
-0.021716
-0.021734
-0.021752
-0.021770
-0.021788
-0.021806
-0.021824
-0.021842
-0.021860
-0.021878
-0.021896
-0.021914
-0.021932
-0.021950
-0.021968
-0.021986
-0.022004
-0.022022
-0.022040
-0.022058
-0.022075
-0.022093
-0.022111
-0.022129
-0.022147
-0.022165
-0.022182
-0.022200
-0.022218
-0.022236
-0.022254
-0.022271
-0.022289
-0.022307
-0.022325
-0.022342
-0.022360
-0.022378
-0.022395
-0.022413
-0.022431
-0.022448
-0.022466
-0.022484
-0.022501
-0.022519
-0.022537
-0.022554
-0.022572
-0.022590
-0.022607
-0.022625
-0.022642
-0.022660
-0.022677
-0.022695
-0.022713
-0.022730
-0.022748
-0.022765
-0.022783
-0.022800
-0.022818
-0.022835
-0.022853
-0.022870
-0.022887
-0.022905
-0.022922
-0.022940
-0.022957
-0.022975
-0.022992
-0.023009
-0.023027
-0.023044
-0.023062
-0.023079
-0.023096
-0.023114
-0.023131
-0.023148
-0.023166
-0.023183
-0.023200
-0.023217
-0.023235
-0.023252
-0.023269
-0.023286
-0.023304
-0.023321
-0.023338
-0.023355
-0.023373
-0.023390
-0.023407
-0.023424
-0.023441
-0.023458
-0.023476
-0.023493
-0.023510
-0.023527
-0.023544
-0.023561
-0.023578
-0.023595
-0.023613
-0.023630
-0.023647
-0.023664
-0.023681
-0.023698
-0.023715
-0.023732
-0.023749
-0.023766
-0.023783
-0.023800
-0.023817
-0.023834
-0.023851
-0.023868
-0.023885
-0.023902
-0.023919
-0.023935
-0.023952
-0.023969
-0.023986
-0.024003
-0.024020
-0.024037
-0.024054
-0.024070
-0.024087
-0.024104
-0.024121
-0.024138
-0.024155
-0.024171
-0.024188
-0.024205
-0.024222
-0.024238
-0.024255
-0.024272
-0.024289
-0.024305
-0.024322
-0.024339
-0.024356
-0.024372
-0.024389
-0.024406
-0.024422
-0.024439
-0.024456
-0.024472
-0.024489
-0.024505
-0.024522
-0.024539
-0.024555
-0.024572
-0.024588
-0.024605
-0.024622
-0.024638
-0.024655
-0.024671
-0.024688
-0.024704
-0.024721
-0.024737
-0.024754
-0.024770
-0.024787
-0.024803
-0.024820
-0.024836
-0.024852
-0.024869
-0.024885
-0.024902
-0.024918
-0.024935
-0.024951
-0.024967
-0.024984
-0.025000
-0.025016
-0.025033
-0.025049
-0.025065
-0.025082
-0.025098
-0.025114
-0.025131
-0.025147
-0.025163
-0.025179
-0.025196
-0.025212
-0.025228
-0.025244
-0.025261
-0.025277
-0.025293
-0.025309
-0.025326
-0.025342
-0.025358
-0.025374
-0.025390
-0.025406
-0.025423
-0.025439
-0.025455
-0.025471
-0.025487
-0.025503
-0.025519
-0.025535
-0.025551
-0.025567
-0.025583
-0.025600
-0.025616
-0.025632
-0.025648
-0.025664
-0.025680
-0.025696
-0.025712
-0.025728
-0.025744
-0.025760
-0.025775
-0.025791
-0.025807
-0.025823
-0.025839
-0.025855
-0.025871
-0.025887
-0.025903
-0.025919
-0.025935
-0.025950
-0.025966
-0.025982
-0.025998
-0.026014
-0.026030
-0.026045
-0.026061
-0.026077
-0.026093
-0.026109
-0.026124
-0.026140
-0.026156
-0.026172
-0.026187
-0.026203
-0.026219
-0.026235
-0.026250
-0.026266
-0.026282
-0.026297
-0.026313
-0.026329
-0.026344
-0.026360
-0.026376
-0.026391
-0.026407
-0.026422
-0.026438
-0.026454
-0.026469
-0.026485
-0.026500
-0.026516
-0.026532
-0.026547
-0.026563
-0.026578
-0.026594
-0.026609
-0.026625
-0.026640
-0.026656
-0.026671
-0.026687
-0.026702
-0.026718
-0.026733
-0.026748
-0.026764
-0.026779
-0.026795
-0.026810
-0.026825
-0.026841
-0.026856
-0.026872
-0.026887
-0.026902
-0.026918
-0.026933
-0.026948
-0.026964
-0.026979
-0.026994
-0.027010
-0.027025
-0.027040
-0.027055
-0.027071
-0.027086
-0.027101
-0.027116
-0.027132
-0.027147
-0.027162
-0.027177
-0.027193
-0.027208
-0.027223
-0.027238
-0.027253
-0.027268
-0.027284
-0.027299
-0.027314
-0.027329
-0.027344
-0.027359
-0.027374
-0.027389
-0.027405
-0.027420
-0.027435
-0.027450
-0.027465
-0.027480
-0.027495
-0.027510
-0.027525
-0.027540
-0.027555
-0.027570
-0.027585
-0.027600
-0.027615
-0.027630
-0.027645
-0.027660
-0.027675
-0.027690
-0.027705
-0.027720
-0.027734
-0.027749
-0.027764
-0.027779
-0.027794
-0.027809
-0.027824
-0.027839
-0.027853
-0.027868
-0.027883
-0.027898
-0.027913
-0.027928
-0.027942
-0.027957
-0.027972
-0.027987
-0.028001
-0.028016
-0.028031
-0.028046
-0.028060
-0.028075
-0.028090
-0.028105
-0.028119
-0.028134
-0.028149
-0.028163
-0.028178
-0.028193
-0.028207
-0.028222
-0.028237
-0.028251
-0.028266
-0.028281
-0.028295
-0.028310
-0.028324
-0.028339
-0.028353
-0.028368
-0.028383
-0.028397
-0.028412
-0.028426
-0.028441
-0.028455
-0.028470
-0.028484
-0.028499
-0.028513
-0.028528
-0.028542
-0.028557
-0.028571
-0.028586
-0.028600
-0.028614
-0.028629
-0.028643
-0.028658
-0.028672
-0.028687
-0.028701
-0.028715
-0.028730
-0.028744
-0.028758
-0.028773
-0.028787
-0.028801
-0.028816
-0.028830
-0.028844
-0.028859
-0.028873
-0.028887
-0.028902
-0.028916
-0.028930
-0.028944
-0.028959
-0.028973
-0.028987
-0.029001
-0.029015
-0.029030
-0.029044
-0.029058
-0.029072
-0.029086
-0.029101
-0.029115
-0.029129
-0.029143
-0.029157
-0.029171
-0.029185
-0.029200
-0.029214
-0.029228
-0.029242
-0.029256
-0.029270
-0.029284
-0.029298
-0.029312
-0.029326
-0.029340
-0.029354
-0.029368
-0.029382
-0.029396
-0.029410
-0.029424
-0.029438
-0.029452
-0.029466
-0.029480
-0.029494
-0.029508
-0.029522
-0.029536
-0.029550
-0.029564
-0.029578
-0.029592
-0.029606
-0.029620
-0.029633
-0.029647
-0.029661
-0.029675
-0.029689
-0.029703
-0.029717
-0.029730
-0.029744
-0.029758
-0.029772
-0.029786
-0.029799
-0.029813
-0.029827
-0.029841
-0.029854
-0.029868
-0.029882
-0.029896
-0.029909
-0.029923
-0.029937
-0.029951
-0.029964
-0.029978
-0.029992
-0.030005
-0.030019
-0.030033
-0.030046
-0.030060
-0.030074
-0.030087
-0.030101
-0.030114
-0.030128
-0.030142
-0.030155
-0.030169
-0.030182
-0.030196
-0.030209
-0.030223
-0.030237
-0.030250
-0.030264
-0.030277
-0.030291
-0.030304
-0.030318
-0.030331
-0.030345
-0.030358
-0.030372
-0.030385
-0.030399
-0.030412
-0.030425
-0.030439
-0.030452
-0.030466
-0.030479
-0.030493
-0.030506
-0.030519
-0.030533
-0.030546
-0.030559
-0.030573
-0.030586
-0.030600
-0.030613
-0.030626
-0.030640
-0.030653
-0.030666
-0.030679
-0.030693
-0.030706
-0.030719
-0.030733
-0.030746
-0.030759
-0.030772
-0.030786
-0.030799
-0.030812
-0.030825
-0.030839
-0.030852
-0.030865
-0.030878
-0.030891
-0.030905
-0.030918
-0.030931
-0.030944
-0.030957
-0.030970
-0.030983
-0.030997
-0.031010
-0.031023
-0.031036
-0.031049
-0.031062
-0.031075
-0.031088
-0.031101
-0.031114
-0.031127
-0.031140
-0.031154
-0.031167
-0.031180
-0.031193
-0.031206
-0.031219
-0.031232
-0.031245
-0.031258
-0.031271
-0.031284
-0.031296
-0.031309
-0.031322
-0.031335
-0.031348
-0.031361
-0.031374
-0.031387
-0.031400
-0.031413
-0.031426
-0.031439
-0.031451
-0.031464
-0.031477
-0.031490
-0.031503
-0.031516
-0.031529
-0.031541
-0.031554
-0.031567
-0.031580
-0.031593
-0.031605
-0.031618
-0.031631
-0.031644
-0.031656
-0.031669
-0.031682
-0.031695
-0.031707
-0.031720
-0.031733
-0.031746
-0.031758
-0.031771
-0.031784
-0.031796
-0.031809
-0.031822
-0.031834
-0.031847
-0.031860
-0.031872
-0.031885
-0.031898
-0.031910
-0.031923
-0.031935
-0.031948
-0.031961
-0.031973
-0.031986
-0.031998
-0.032011
-0.032023
-0.032036
-0.032049
-0.032061
-0.032074
-0.032086
-0.032099
-0.032111
-0.032124
-0.032136
-0.032149
-0.032161
-0.032174
-0.032186
-0.032199
-0.032211
-0.032223
-0.032236
-0.032248
-0.032261
-0.032273
-0.032286
-0.032298
-0.032310
-0.032323
-0.032335
-0.032347
-0.032360
-0.032372
-0.032385
-0.032397
-0.032409
-0.032422
-0.032434
-0.032446
-0.032459
-0.032471
-0.032483
-0.032495
-0.032508
-0.032520
-0.032532
-0.032545
-0.032557
-0.032569
-0.032581
-0.032594
-0.032606
-0.032618
-0.032630
-0.032642
-0.032655
-0.032667
-0.032679
-0.032691
-0.032703
-0.032716
-0.032728
-0.032740
-0.032752
-0.032764
-0.032776
-0.032788
-0.032800
-0.032813
-0.032825
-0.032837
-0.032849
-0.032861
-0.032873
-0.032885
-0.032897
-0.032909
-0.032921
-0.032933
-0.032945
-0.032957
-0.032969
-0.032981
-0.032993
-0.033005
-0.033017
-0.033029
-0.033041
-0.033053
-0.033065
-0.033077
-0.033089
-0.033101
-0.033113
-0.033125
-0.033137
-0.033149
-0.033161
-0.033173
-0.033185
-0.033197
-0.033209
-0.033220
-0.033232
-0.033244
-0.033256
-0.033268
-0.033280
-0.033292
-0.033303
-0.033315
-0.033327
-0.033339
-0.033351
-0.033362
-0.033374
-0.033386
-0.033398
-0.033410
-0.033421
-0.033433
-0.033445
-0.033457
-0.033468
-0.033480
-0.033492
-0.033504
-0.033515
-0.033527
-0.033539
-0.033550
-0.033562
-0.033574
-0.033585
-0.033597
-0.033609
-0.033620
-0.033632
-0.033644
-0.033655
-0.033667
-0.033679
-0.033690
-0.033702
-0.033713
-0.033725
-0.033737
-0.033748
-0.033760
-0.033771
-0.033783
-0.033795
-0.033806
-0.033818
-0.033829
-0.033841
-0.033852
-0.033864
-0.033875
-0.033887
-0.033898
-0.033910
-0.033921
-0.033933
-0.033944
-0.033956
-0.033967
-0.033979
-0.033990
-0.034001
-0.034013
-0.034024
-0.034036
-0.034047
-0.034059
-0.034070
-0.034081
-0.034093
-0.034104
-0.034116
-0.034127
-0.034138
-0.034150
-0.034161
-0.034172
-0.034184
-0.034195
-0.034206
-0.034218
-0.034229
-0.034240
-0.034252
-0.034263
-0.034274
-0.034285
-0.034297
-0.034308
-0.034319
-0.034330
-0.034342
-0.034353
-0.034364
-0.034375
-0.034387
-0.034398
-0.034409
-0.034420
-0.034431
-0.034443
-0.034454
-0.034465
-0.034476
-0.034487
-0.034498
-0.034510
-0.034521
-0.034532
-0.034543
-0.034554
-0.034565
-0.034576
-0.034588
-0.034599
-0.034610
-0.034621
-0.034632
-0.034643
-0.034654
-0.034665
-0.034676
-0.034687
-0.034698
-0.034709
-0.034720
-0.034731
-0.034742
-0.034753
-0.034764
-0.034775
-0.034786
-0.034797
-0.034808
-0.034819
-0.034830
-0.034841
-0.034852
-0.034863
-0.034874
-0.034885
-0.034896
-0.034907
-0.034918
-0.034929
-0.034940
-0.034950
-0.034961
-0.034972
-0.034983
-0.034994
-0.035005
-0.035016
-0.035027
-0.035037
-0.035048
-0.035059
-0.035070
-0.035081
-0.035092
-0.035102
-0.035113
-0.035124
-0.035135
-0.035146
-0.035156
-0.035167
-0.035178
-0.035189
-0.035199
-0.035210
-0.035221
-0.035232
-0.035242
-0.035253
-0.035264
-0.035275
-0.035285
-0.035296
-0.035307
-0.035317
-0.035328
-0.035339
-0.035349
-0.035360
-0.035371
-0.035381
-0.035392
-0.035403
-0.035413
-0.035424
-0.035435
-0.035445
-0.035456
-0.035466
-0.035477
-0.035488
-0.035498
-0.035509
-0.035519
-0.035530
0.447130
1.215320
2.124576
2.761192
3.208936
3.532783
3.771562
3.949056
4.080542
4.176337
4.239939
4.278361
4.296852
4.299320
4.288771
4.267585
4.237680
4.200630
4.157741
4.110108
4.058647
4.004131
3.947213
3.888460
3.828332
3.767235
3.705505
3.643428
3.581254
3.519186
3.457395
3.396037
3.335228
3.275071
3.215658
3.157055
3.099318
3.042501
2.986636
2.931751
2.877873
2.825015
2.773187
2.722393
2.672645
2.623934
2.576257
2.529611
2.483986
2.439370
2.395753
2.353124
2.311468
2.270770
2.231013
2.192182
2.154265
2.117242
2.081094
2.045806
2.011358
1.977739
1.944927
1.912905
1.881655
1.851161
1.821405
1.792374
1.764049
1.736413
1.709449
1.683142
1.657475
1.632436
1.608009
1.584177
1.560926
1.538242
1.516111
1.494517
1.473449
1.452895
1.432840
1.413272
1.394178
1.375546
1.357364
1.339620
1.322303
1.305402
1.288906
1.272806
1.257090
1.241750
1.226774
1.212153
1.197878
1.183939
1.170327
1.157035
1.626902
2.384288
3.285680
3.925846
4.383351
4.719836
4.972256
5.163303
5.307676
5.415341
5.487065
5.530845
5.552696
5.557018
5.547145
5.525684
5.494725
5.455983
5.410865
5.360543
5.306002
5.248100
5.187523
5.124868
5.060668
4.995334
4.929248
4.862712
4.795986
4.729316
4.662875
4.596819
4.531309
4.466436
4.402308
4.338992
4.276551
4.215052
4.154525
4.095000
4.036516
3.979084
3.922710
3.867418
3.813201
3.760059
3.707985
3.656993
3.607060
3.558175
3.510336
3.463525
3.417726
3.372923
3.329110
3.286265
3.244369
3.203403
3.163353
3.124209
3.085946
3.048544
3.011984
2.976256
2.941339
2.907213
2.873861
2.841263
2.809402
2.778272
2.747848
2.718113
2.689049
2.660641
2.632873
2.605736
2.579210
2.553280
2.527931
2.503147
2.478914
2.455219
2.432054
2.409401
2.387248
2.365582
2.344389
2.323658
2.303376
2.283532
2.264115
2.245118
2.226528
2.208333
2.190523
2.173088
2.156018
2.139303
2.122934
2.106902
2.091197
2.075812
2.060743
2.045977
2.031507
2.017324
2.003421
1.989791
1.976426
1.963319
1.950463
1.937852
1.925480
1.913338
1.901423
1.889727
1.878249
1.866979
1.855913
1.845044
1.834368
1.823880
1.813573
1.803444
1.793488
1.783700
1.774076
1.764611
1.755301
1.746142
1.737130
1.728262
1.719532
1.710939
1.702478
1.694147
1.685943
1.677861
1.669898
1.662051
1.654318
1.646694
1.639177
1.631765
1.624454
1.617242
1.610126
1.603105
1.596175
1.589334
1.582579
1.575910
1.569322
1.562816
1.556387
1.550035
1.543757
1.537551
1.531416
1.525351
1.519352
1.513419
1.507551
1.501745
1.496001
1.490316
1.484689
1.479119
1.473604
1.468142
1.462733
1.457376
1.452068
1.446809
1.441597
1.436432
1.431313
1.426237
1.421205
1.416215
1.411267
1.406358
1.401489
1.396659
1.391866
1.387109
1.382389
1.377704
1.373053
1.368435
1.363851
1.359299
1.354778
1.350287
1.345827
1.341397
1.336995
1.332621
1.328275
1.323956
1.319664
1.315398
1.311158
1.306943
1.302753
1.298586
1.294444
1.290324
1.286227
1.282153
1.278100
1.274068
1.270058
1.266068
1.262098
1.258148
1.254218
1.250307
1.246414
1.242540
1.238684
1.234846
1.231026
1.227223
1.223436
1.219667
1.215913
1.212176
1.208455
1.204750
1.201060
1.197385
1.193725
1.190080
1.186449
1.182833
1.179230
1.175642
1.172067
1.168506
1.164958
1.161424
1.157902
1.154394
1.150897
1.147414
1.143943
1.140484
1.137037
1.133602
1.130178
1.126767
1.123367
1.119978
1.116601
1.113235
1.109881
1.106538
1.103205
1.099883
1.096572
1.093271
1.089981
1.086701
1.083431
1.080171
1.076922
1.073682
1.070452
1.067232
1.064021
1.060820
1.057628
1.054446
1.051273
1.048110
1.044955
1.041810
1.038674
1.035547
1.032429
1.029319
1.026218
1.023126
1.020043
1.016969
1.013902
1.010845
1.007796
1.004755
1.001723
0.998699
0.995683
0.992675
0.989676
0.986684
0.983701
0.980725
0.977758
0.974799
0.971847
0.968904
0.965968
0.963040
0.960119
0.957207
0.954302
0.951404
0.948514
0.945632
0.942758
0.939890
0.937031
0.934178
0.931333
0.928496
0.925665
0.922843
0.920027
0.917219
0.914419
0.911625
0.908839
0.906060
0.903289
0.900524
0.897766
0.895016
0.892272
0.889536
0.886806
0.884084
0.881368
0.878659
0.875958
0.873263
0.870574
0.867893
0.865218
0.862551
0.859890
0.857235
0.854588
0.851947
0.849312
0.846685
0.844064
0.841449
0.838842
0.836240
0.833646
0.831057
0.828476
0.825901
0.823332
0.820770
0.818214
0.815665
0.813122
0.810585
0.808055
0.805531
0.803014
0.800502
0.797998
0.795499
0.793007
0.790521
0.788041
0.785568
0.783100
0.780639
0.778184
0.775736
0.773293
0.770857
0.768426
0.766002
0.763584
0.761172
0.758766
0.756367
0.753973
0.751585
0.749203
0.746828
0.744458
0.742094
0.739736
0.737384
0.735039
0.732699
0.730365
0.728036
0.725714
0.723398
0.721087
0.718783
0.716484
0.714192
0.711905
0.709624
0.707349
0.705080
0.702816
0.700558
0.698306
0.696060
0.693819
0.691584
0.689355
0.687132
0.684914
0.682702
0.680495
0.678294
0.676099
0.673909
0.671725
0.669546
0.667373
0.665206
0.663044
0.660887
0.658737
0.656591
0.654451
0.652317
0.650188
0.648064
0.645946
0.643834
0.641727
0.639625
0.637529
0.635438
0.633352
0.631272
0.629197
0.627127
0.625063
0.623004
0.620951
0.618903
0.616860
0.614822
0.612789
0.610762
0.608740
0.606724
0.604712
0.602706
0.600705
0.598709
0.596718
0.594733
0.592752
0.590777
0.588807
0.586842
0.584882
0.582927
0.580977
0.579033
0.577093
0.575159
0.573229
0.571305
0.569386
0.567471
0.565562
0.563657
0.561758
0.559864
0.557974
0.556090
0.554210
0.552335
0.550466
0.548601
0.546741
0.544886
0.543036
0.541190
0.539350
0.537514
0.535684
0.533858
0.532037
0.530220
0.528409
0.526602
0.524800
0.523003
0.521211
0.519423
0.517640
0.515862
0.514089
0.512321
0.510557
0.508798
0.507043
0.505293
0.503548
0.501808
0.500072
0.498341
0.496614
0.494892
0.493175
0.491462
0.489754
0.488050
0.486351
0.484656
0.482966
0.481280
0.479599
0.477923
0.476251
0.474583
0.472920
0.471261
0.469607
0.467957
0.466312
0.464671
0.463035
0.461403
0.459775
0.458152
0.456533
0.454918
0.453308
0.451702
0.450100
0.448503
0.446910
0.445321
0.443737
0.442157
0.440581
0.439010
0.437442
0.435879
0.434321
0.432766
0.431216
0.429670
0.428128
0.426590
0.425056
0.423527
0.422002
0.420481
0.418964
0.417451
0.415942
0.414438
0.412937
0.411441
0.409949
0.408460
0.406976
0.405496
0.404020
0.402548
0.401080
0.399616
0.398156
0.396700
0.395248
0.393800
0.392356
0.390916
0.389480
0.388048
0.386620
0.385196
0.383776
0.382359
0.380947
0.379538
0.378133
0.376732
0.375336
0.373942
0.372553
0.371168
0.369786
0.368408
0.367034
0.365664
0.364298
0.362935
0.361577
0.360221
0.358870
0.357523
0.356179
0.354839
0.353503
0.352170
0.350841
0.349516
0.348195
0.346877
0.345563
0.344252
0.342945
0.341642
0.340343
0.339047
0.337755
0.336466
0.335181
0.333899
0.332622
0.331347
0.330077
0.328809
0.327546
0.326286
0.325029
0.323776
0.322527
0.321281
0.320039
0.318800
0.317565
0.316333
0.315104
0.313880
0.312658
0.311440
0.310226
0.309015
0.307807
0.306603
0.305402
0.304205
0.303010
0.301820
0.300633
0.299449
0.298268
0.297091
0.295917
0.294747
0.293579
0.292415
0.291255
0.290098
0.288944
0.287793
0.286646
0.285502
0.284361
0.283223
0.282089
0.280958
0.279830
0.278705
0.277584
0.276465
0.275350
0.274238
0.273130
0.272024
0.270922
0.269823
0.268727
0.267634
0.266544
0.265458
0.264374
0.263294
0.262217
0.261142
0.260071
0.259003
0.257939
0.256877
0.255818
0.254762
0.253710
0.252660
0.251614
0.250570
0.249529
0.248492
0.247457
0.246426
0.245397
0.244372
0.243349
0.242330
0.241313
0.240300
0.239289
0.238281
0.237276
0.236274
0.235275
0.234279
0.233286
0.232296
0.231308
0.230324
0.229342
0.228363
0.227387
0.226414
0.225444
0.224477
0.223512
0.222551
0.221592
0.220636
0.219682
0.218732
0.217784
0.216839
0.215897
0.214958
0.214021
0.213087
0.212156
0.211228
0.210302
0.209379
0.208459
0.207542
0.206627
0.205715
0.204806
0.203899
0.202995
0.202094
0.201196
0.200300
0.199406
0.198516
0.197628
0.196742
0.195860
0.194980
0.194102
0.193227
0.192355
0.191486
0.190618
0.189754
0.188892
0.188033
0.187176
0.186322
0.185470
0.184621
0.183775
0.182931
0.182089
0.181250
0.180414
0.179580
0.178749
0.177920
0.177093
0.176269
0.175448
0.174629
0.173812
0.172998
0.172187
0.171378
0.170571
0.169767
0.168965
0.168165
0.167368
0.166574
0.165782
0.164992
0.164204
0.163419
0.162637
0.161857
0.161079
0.160303
0.159530
0.158759
0.157991
0.157225
0.156461
0.155700
0.154941
0.154184
0.153429
0.152677
0.151927
0.151180
0.150434
0.149691
0.148951
0.148212
0.147476
0.146742
0.146011
0.145281
0.144554
0.143829
0.143106
0.142386
0.141668
0.140952
0.140238
0.139526
0.138817
0.138110
0.137405
0.136702
0.136001
0.135303
0.134607
0.133912
0.133221
0.132531
0.131843
0.131157
0.130474
0.129793
0.129114
0.128437
0.127762
0.127089
0.126418
0.125750
0.125083
0.124419
0.123756
0.123096
0.122438
0.121782
0.121128
0.120476
0.119826
0.119178
0.118532
0.117889
0.117247
0.116607
0.115970
0.115334
0.114700
0.114069
0.113439
0.112811
0.112186
0.111562
0.110941
0.110321
0.109703
0.109087
0.108474
0.107862
0.107252
0.106644
0.106038
0.105434
0.104832
0.104232
0.103634
0.103037
0.102443
0.101851
0.101260
0.100671
0.100085
0.099500
0.098917
0.098336
0.097756
0.097179
0.096604
0.096030
0.095458
0.094888
0.094320
0.093754
0.093190
0.092627
0.092067
0.091508
0.090951
0.090396
0.089842
0.089291
0.088741
0.088193
0.087647
0.087102
0.086560
0.086019
0.085480
0.084943
0.084407
0.083874
0.083342
0.082811
0.082283
0.081756
0.081231
0.080708
0.080187
0.079667
0.079149
0.078633
0.078118
0.077606
0.077095
0.076585
0.076077
0.075571
0.075067
0.074565
0.074064
0.073564
0.073067
0.072571
0.072077
0.071584
0.071094
0.070604
0.070117
0.069631
0.069147
0.068664
0.068183
0.067704
0.067226
0.066750
0.066276
0.065803
0.065332
0.064862
0.064394
0.063928
0.063463
0.063000
0.062538
0.062079
0.061620
0.061163
0.060708
0.060254
0.059802
0.059352
0.058903
0.058456
0.058010
0.057566
0.057123
0.056682
0.056242
0.055804
0.055367
0.054932
0.054499
0.054067
0.053637
0.053208
0.052780
0.052354
0.051930
0.051507
0.051086
0.050666
0.050247
0.049831
0.049415
0.049001
0.048589
0.048178
0.047768
0.047360
0.046954
0.046549
0.046145
0.045743
0.045342
0.044943
0.044545
0.044148
0.043753
0.043360
0.042968
0.042577
0.042188
0.041800
0.041413
0.041028
0.040645
0.040263
0.039882
0.039503
0.039125
0.038748
0.038373
0.037999
0.037627
0.037255
0.036886
0.036518
0.036151
0.035785
0.035421
0.035058
0.034697
0.034337
0.033978
0.033620
0.033264
0.032910
0.032556
0.032204
0.031854
0.031504
0.031156
0.030809
0.030464
0.030120
0.029777
0.029436
0.029096
0.028757
0.028419
0.028083
0.027748
0.027415
0.027082
0.026751
0.026421
0.026093
0.025766
0.025440
0.025115
0.024792
0.024470
0.024149
0.023829
0.023511
0.023194
0.022878
0.022563
0.022250
0.021938
0.021627
0.021318
0.021009
0.020702
0.020396
0.020091
0.019788
0.019486
0.019185
0.018885
0.018586
0.018289
0.017993
0.017698
0.017404
0.017111
0.016820
0.016530
0.016241
0.015953
0.015666
0.015381
0.015097
0.014813
0.014532
0.014251
0.013971
0.013693
0.013415
0.013139
0.012864
0.012591
0.012318
0.012046
0.011776
0.011507
0.011239
0.010972
0.010706
0.010441
0.010177
0.009915
0.009654
0.009393
0.009134
0.008876
0.008619
0.008364
0.008109
0.007855
0.007603
0.007352
0.007101
0.006852
0.006604
0.006357
0.006111
0.005866
0.005622
0.005380
0.005138
0.004897
0.004658
0.004419
0.004182
0.003946
0.003710
0.003476
0.003243
0.003011
0.002780
0.002550
0.002320
0.002092
0.001866
0.001640
0.001415
0.001191
0.000968
0.000746
0.000525
0.000305
0.000087
-0.000131
-0.000348
-0.000564
-0.000779
-0.000993
-0.001205
-0.001417
-0.001628
-0.001838
-0.002047
-0.002255
-0.002462
-0.002668
-0.002873
-0.003077
-0.003280
-0.003482
-0.003683
-0.003883
-0.004083
-0.004281
-0.004478
-0.004675
-0.004870
-0.005065
-0.005258
-0.005451
-0.005643
-0.005834
-0.006023
-0.006212
-0.006400
-0.006588
-0.006774
-0.006959
-0.007144
-0.007327
-0.007510
-0.007691
-0.007872
-0.008052
-0.008231
-0.008409
-0.008587
-0.008763
-0.008938
-0.009113
-0.009287
-0.009460
-0.009632
-0.009803
-0.009973
-0.010143
-0.010311
-0.010479
-0.010646
-0.010812
-0.010977
-0.011142
-0.011305
-0.011468
-0.011630
-0.011791
-0.011951
-0.012110
-0.012269
-0.012427
-0.012584
-0.012740
-0.012895
-0.013050
-0.013203
-0.013356
-0.013508
-0.013660
-0.013810
-0.013960
-0.014109
-0.014257
-0.014405
-0.014551
-0.014697
-0.014842
-0.014987
-0.015130
-0.015273
-0.015415
-0.015556
-0.015697
-0.015837
-0.015976
-0.016114
-0.016252
-0.016388
-0.016525
-0.016660
-0.016795
-0.016929
-0.017062
-0.017194
-0.017326
-0.017457
-0.017587
-0.017717
-0.017846
-0.017974
-0.018102
-0.018229
-0.018355
-0.018480
-0.018605
-0.018729
-0.018853
-0.018975
-0.019098
-0.019219
-0.019340
-0.019460
-0.019579
-0.019698
-0.019816
-0.019934
-0.020050
-0.020167
-0.020282
-0.020397
-0.020511
-0.020625
-0.020738
-0.020850
-0.020962
-0.021073
-0.021184
-0.021293
-0.021403
-0.021511
-0.021619
-0.021727
-0.021834
-0.021940
-0.022046
-0.022151
-0.022255
-0.022359
-0.022462
-0.022565
-0.022667
-0.022769
-0.022870
-0.022970
-0.023070
-0.023169
-0.023268
-0.023366
-0.023464
-0.023561
-0.023657
-0.023753
-0.023849
-0.023944
-0.024038
-0.024132
-0.024225
-0.024318
-0.024410
-0.024502
-0.024593
-0.024684
-0.024774
-0.024864
-0.024953
-0.025042
-0.025130
-0.025218
-0.025305
-0.025391
-0.025478
-0.025563
-0.025649
-0.025733
-0.025818
-0.025901
-0.025985
-0.026068
-0.026150
-0.026232
-0.026313
-0.026394
-0.026475
-0.026555
-0.026635
-0.026714
-0.026792
-0.026871
-0.026949
-0.027026
-0.027103
-0.027180
-0.027256
-0.027331
-0.027407
-0.027481
-0.027556
-0.027630
-0.027704
-0.027777
-0.027849
-0.027922
-0.027994
-0.028065
-0.028137
-0.028207
-0.028278
-0.028348
-0.028417
-0.028487
-0.028555
-0.028624
-0.028692
-0.028760
-0.028827
-0.028894
-0.028961
-0.029027
-0.029093
-0.029158
-0.029223
-0.029288
-0.029353
-0.029417
-0.029480
-0.029544
-0.029607
-0.029670
-0.029732
-0.029794
-0.029856
-0.029917
-0.029978
-0.030039
-0.030099
-0.030159
-0.030219
-0.030279
-0.030338
-0.030397
-0.030455
-0.030513
-0.030571
-0.030629
-0.030686
-0.030743
-0.030800
-0.030856
-0.030912
-0.030968
-0.031023
-0.031079
-0.031134
-0.031188
-0.031243
-0.031297
-0.031350
-0.031404
-0.031457
-0.031510
-0.031563
-0.031615
-0.031668
-0.031720
-0.031771
-0.031823
-0.031874
-0.031925
-0.031975
-0.032026
-0.032076
-0.032126
-0.032175
-0.032225
-0.032274
-0.032323
-0.032372
-0.032420
-0.032468
-0.032516
-0.032564
-0.032612
-0.032659
-0.032706
-0.032753
-0.032799
-0.032846
-0.032892
-0.032938
-0.032984
-0.033029
-0.033075
-0.033120
-0.033165
-0.033209
-0.033254
-0.033298
-0.033342
-0.033386
-0.033430
-0.033473
-0.033516
-0.033559
-0.033602
-0.033645
-0.033688
-0.033730
-0.033772
-0.033814
-0.033856
-0.033897
-0.033939
-0.033980
-0.034021
-0.034062
-0.034103
-0.034143
-0.034183
-0.034224
-0.034264
-0.034303
-0.034343
-0.034382
-0.034422
-0.034461
-0.034500
-0.034539
-0.034577
-0.034616
-0.034654
-0.034693
-0.034731
-0.034768
-0.034806
-0.034844
-0.034881
-0.034919
-0.034956
-0.034993
-0.035029
-0.035066
-0.035103
-0.035139
-0.035175
-0.035212
-0.035247
-0.035283
-0.035319
-0.035355
-0.035390
-0.035425
-0.035461
-0.035496
-0.035530
-0.035565
-0.035600
-0.035634
-0.035669
-0.035703
-0.035737
-0.035771
-0.035805
-0.035839
-0.035873
-0.035906
-0.035939
-0.035973
-0.036006
-0.036039
-0.036072
-0.036105
-0.036137
-0.036170
-0.036203
-0.036235
-0.036267
-0.036299
-0.036331
-0.036363
-0.036395
-0.036427
-0.036458
-0.036490
-0.036521
-0.036553
-0.036584
-0.036615
-0.036646
-0.036677
-0.036707
-0.036738
-0.036769
-0.036799
-0.036830
-0.036860
-0.036890
-0.036920
-0.036950
-0.036980
-0.037010
-0.037040
-0.037069
-0.037099
-0.037128
-0.037158
-0.037187
-0.037216
-0.037245
-0.037274
-0.037303
-0.037332
-0.037361
-0.037389
-0.037418
-0.037446
-0.037475
-0.037503
-0.037531
-0.037559
-0.037587
-0.037615
-0.037643
-0.037671
-0.037699
-0.037726
-0.037754
-0.037782
-0.037809
-0.037836
-0.037864
-0.037891
-0.037918
-0.037945
-0.037972
-0.037999
-0.038026
-0.038052
-0.038079
-0.038106
-0.038132
-0.038159
-0.038185
-0.038211
-0.038238
-0.038264
-0.038290
-0.038316
-0.038342
-0.038368
-0.038394
-0.038419
-0.038445
-0.038471
-0.038496
-0.038522
-0.038547
-0.038572
-0.038598
-0.038623
-0.038648
-0.038673
-0.038698
-0.038723
-0.038748
-0.038773
-0.038798
-0.038822
-0.038847
-0.038872
-0.038896
-0.038921
-0.038945
-0.038969
-0.038994
-0.039018
-0.039042
-0.039066
-0.039090
-0.039114
-0.039138
-0.039162
-0.039186
-0.039210
-0.039233
-0.039257
-0.039280
-0.039304
-0.039327
-0.039351
-0.039374
-0.039398
-0.039421
-0.039444
-0.039467
-0.039490
-0.039513
-0.039536
-0.039559
-0.039582
-0.039605
-0.039628
-0.039650
-0.039673
-0.039695
-0.039718
-0.039741
-0.039763
-0.039785
-0.039808
-0.039830
-0.039852
-0.039874
-0.039897
-0.039919
-0.039941
-0.039963
-0.039985
-0.040006
-0.040028
-0.040050
-0.040072
-0.040093
-0.040115
-0.040137
-0.040158
-0.040180
-0.040201
-0.040223
-0.040244
-0.040265
-0.040286
-0.040308
-0.040329
-0.040350
-0.040371
-0.040392
-0.040413
-0.040434
-0.040455
-0.040476
-0.040496
-0.040517
-0.040538
-0.040559
-0.040579
-0.040600
-0.040620
-0.040641
-0.040661
-0.040681
-0.040702
-0.040722
-0.040742
-0.040763
-0.040783
-0.040803
-0.040823
-0.040843
-0.040863
-0.040883
-0.040903
-0.040923
-0.040942
-0.040962
-0.040982
-0.041002
-0.041021
-0.041041
-0.041060
-0.041080
-0.041099
-0.041119
-0.041138
-0.041158
-0.041177
-0.041196
-0.041215
-0.041235
-0.041254
-0.041273
-0.041292
-0.041311
-0.041330
-0.041349
-0.041368
-0.041387
-0.041405
-0.041424
-0.041443
-0.041462
-0.041480
-0.041499
-0.041517
-0.041536
-0.041554
-0.041573
-0.041591
-0.041610
-0.041628
-0.041646
-0.041665
-0.041683
-0.041701
-0.041719
-0.041737
-0.041755
-0.041774
-0.041792
-0.041809
-0.041827
-0.041845
-0.041863
-0.041881
-0.041899
-0.041916
-0.041934
-0.041952
-0.041969
-0.041987
-0.042005
-0.042022
-0.042040
-0.042057
-0.042074
-0.042092
-0.042109
-0.042126
-0.042144
-0.042161
-0.042178
-0.042195
-0.042212
-0.042229
-0.042246
-0.042263
-0.042280
-0.042297
-0.042314
-0.042331
-0.042348
-0.042365
-0.042381
-0.042398
-0.042415
-0.042432
-0.042448
-0.042465
-0.042481
-0.042498
-0.042514
-0.042531
-0.042547
-0.042564
-0.042580
-0.042596
-0.042612
-0.042629
-0.042645
-0.042661
-0.042677
-0.042693
-0.042709
-0.042725
-0.042741
-0.042757
-0.042773
-0.042789
-0.042805
-0.042821
-0.042837
-0.042852
-0.042868
-0.042884
-0.042900
-0.042915
-0.042931
-0.042946
-0.042962
-0.042977
-0.042993
-0.043008
-0.043024
-0.043039
-0.043054
-0.043070
-0.043085
-0.043100
-0.043116
-0.043131
-0.043146
-0.043161
-0.043176
-0.043191
-0.043206
-0.043221
-0.043236
-0.043251
-0.043266
-0.043281
-0.043296
-0.043310
-0.043325
-0.043340
-0.043355
-0.043369
-0.043384
-0.043399
-0.043413
-0.043428
-0.043442
-0.043457
-0.043471
-0.043486
-0.043500
-0.043514
-0.043529
-0.043543
-0.043557
-0.043572
-0.043586
-0.043600
-0.043614
-0.043628
-0.043642
-0.043657
-0.043671
-0.043685
-0.043699
-0.043713
-0.043726
-0.043740
-0.043754
-0.043768
-0.043782
-0.043796
-0.043809
-0.043823
-0.043837
-0.043850
-0.043864
-0.043878
-0.043891
-0.043905
-0.043918
-0.043932
-0.043945
-0.043959
-0.043972
-0.043986
-0.043999
-0.044012
-0.044026
-0.044039
-0.044052
-0.044065
-0.044078
-0.044092
-0.044105
-0.044118
-0.044131
-0.044144
-0.044157
-0.044170
-0.044183
-0.044196
-0.044209
-0.044222
-0.044234
-0.044247
-0.044260
-0.044273
-0.044286
-0.044298
-0.044311
-0.044324
-0.044336
-0.044349
-0.044361
-0.044374
-0.044387
-0.044399
-0.044412
-0.044424
-0.044436
-0.044449
-0.044461
-0.044474
-0.044486
-0.044498
-0.044510
-0.044523
-0.044535
-0.044547
-0.044559
-0.044571
-0.044583
-0.044596
-0.044608
-0.044620
-0.044632
-0.044644
-0.044656
-0.044668
-0.044679
-0.044691
-0.044703
-0.044715
-0.044727
-0.044739
-0.044750
-0.044762
-0.044774
-0.044786
-0.044797
-0.044809
-0.044820
-0.044832
-0.044844
-0.044855
-0.044867
-0.044878
-0.044890
-0.044901
-0.044912
-0.044924
-0.044935
-0.044947
-0.044958
-0.044969
-0.044980
-0.044992
-0.045003
-0.045014
-0.045025
-0.045036
-0.045047
-0.045059
-0.045070
-0.045081
-0.045092
-0.045103
-0.045114
-0.045125
-0.045136
-0.045147
-0.045157
-0.045168
-0.045179
-0.045190
-0.045201
-0.045212
-0.045222
-0.045233
-0.045244
-0.045254
-0.045265
-0.045276
-0.045286
-0.045297
-0.045308
-0.045318
-0.045329
-0.045339
-0.045350
-0.045360
-0.045371
-0.045381
-0.045391
-0.045402
-0.045412
-0.045422
-0.045433
-0.045443
-0.045453
-0.045464
-0.045474
-0.045484
-0.045494
-0.045504
-0.045514
-0.045525
-0.045535
-0.045545
-0.045555
-0.045565
-0.045575
-0.045585
-0.045595
-0.045605
-0.045615
-0.045625
-0.045634
-0.045644
-0.045654
-0.045664
-0.045674
-0.045684
-0.045693
-0.045703
-0.045713
-0.045722
-0.045732
-0.045742
-0.045751
-0.045761
-0.045771
-0.045780
-0.045790
-0.045799
-0.045809
-0.045818
-0.045828
-0.045837
-0.045847
-0.045856
-0.045865
-0.045875
-0.045884
-0.045894
-0.045903
-0.045912
-0.045921
-0.045931
-0.045940
-0.045949
-0.045958
-0.045968
-0.045977
-0.045986
-0.045995
-0.046004
-0.046013
-0.046022
-0.046031
-0.046040
-0.046049
-0.046058
-0.046067
-0.046076
-0.046085
-0.046094
-0.046103
-0.046112
-0.046121
-0.046130
-0.046138
-0.046147
-0.046156
-0.046165
-0.046173
-0.046182
-0.046191
-0.046200
-0.046208
-0.046217
-0.046226
-0.046234
-0.046243
-0.046251
-0.046260
-0.046268
-0.046277
-0.046286
-0.046294
-0.046303
-0.046311
-0.046319
-0.046328
-0.046336
-0.046345
-0.046353
-0.046361
-0.046370
-0.046378
-0.046386
-0.046395
-0.046403
-0.046411
-0.046419
-0.046428
-0.046436
-0.046444
-0.046452
-0.046460
-0.046468
-0.046477
-0.046485
-0.046493
-0.046501
-0.046509
-0.046517
-0.046525
-0.046533
-0.046541
-0.046549
-0.046557
-0.046565
-0.046573
-0.046581
-0.046588
-0.046596
-0.046604
-0.046612
-0.046620
-0.046628
-0.046635
-0.046643
-0.046651
-0.046659
-0.046666
-0.046674
-0.046682
-0.046689
-0.046697
-0.046705
-0.046712
-0.046720
-0.046728
-0.046735
-0.046743
-0.046750
-0.046758
-0.046765
-0.046773
-0.046780
-0.046788
-0.046795
-0.046803
-0.046810
-0.046818
-0.046825
-0.046832
-0.046840
-0.046847
-0.046854
-0.046862
-0.046869
-0.046876
-0.046884
-0.046891
-0.046898
-0.046905
-0.046913
-0.046920
-0.046927
-0.046934
-0.046941
-0.046948
-0.046956
-0.046963
-0.046970
-0.046977
-0.046984
-0.046991
-0.046998
-0.047005
-0.047012
-0.047019
-0.047026
-0.047033
-0.047040
-0.047047
-0.047054
-0.047061
-0.047068
-0.047075
-0.047081
-0.047088
-0.047095
-0.047102
-0.047109
-0.047116
-0.047122
-0.047129
-0.047136
-0.047143
-0.047149
-0.047156
-0.047163
-0.047170
-0.047176
-0.047183
-0.047190
-0.047196
-0.047203
-0.047209
-0.047216
-0.047223
-0.047229
-0.047236
-0.047242
-0.047249
-0.047255
-0.047262
-0.047268
-0.047275
-0.047281
-0.047288
-0.047294
-0.047301
-0.047307
-0.047314
-0.047320
-0.047326
-0.047333
-0.047339
-0.047345
-0.047352
-0.047358
-0.047364
-0.047371
-0.047377
-0.047383
-0.047389
-0.047396
-0.047402
-0.047408
-0.047414
-0.047421
-0.047427
-0.047433
-0.047439
-0.047445
-0.047451
-0.047457
-0.047464
-0.047470
-0.047476
-0.047482
-0.047488
-0.047494
-0.047500
-0.047506
-0.047512
-0.047518
-0.047524
-0.047530
-0.047536
-0.047542
-0.047548
-0.047554
-0.047560
-0.047566
-0.047572
-0.047577
-0.047583
-0.047589
-0.047595
-0.047601
-0.047607
-0.047613
-0.047618
-0.047624
-0.047630
-0.047636
-0.047641
-0.047647
-0.047653
-0.047659
-0.047664
-0.047670
-0.047676
-0.047682
-0.047687
-0.047693
-0.047699
-0.047704
-0.047710
-0.047715
-0.047721
-0.047727
-0.047732
-0.047738
-0.047743
-0.047749
-0.047754
-0.047760
-0.047766
-0.047771
-0.047777
-0.047782
-0.047787
-0.047793
-0.047798
-0.047804
-0.047809
-0.047815
-0.047820
-0.047826
-0.047831
-0.047836
-0.047842
-0.047847
-0.047852
-0.047858
-0.047863
-0.047868
-0.047874
-0.047879
-0.047884
-0.047890
-0.047895
-0.047900
-0.047905
-0.047911
-0.047916
-0.047921
-0.047926
-0.047932
-0.047937
-0.047942
-0.047947
-0.047952
-0.047958
-0.047963
-0.047968
-0.047973
-0.047978
-0.047983
-0.047988
-0.047993
-0.047998
-0.048004
-0.048009
-0.048014
-0.048019
-0.048024
-0.048029
-0.048034
-0.048039
-0.048044
-0.048049
-0.048054
-0.048059
-0.048064
-0.048069
-0.048074
-0.048078
-0.048083
-0.048088

