0.000000
0.000000
-0.000026
-0.000052
-0.000077
-0.000103
-0.000128
-0.000153
-0.000177
-0.000201
-0.000224
-0.000247
-0.000270
-0.000293
-0.000315
-0.000337
-0.000359
-0.000380
-0.000402
-0.000423
-0.000444
-0.000465
-0.000485
-0.000506
-0.000526
-0.000547
-0.000567
-0.000587
-0.000607
-0.000627
-0.000647
-0.000667
-0.000687
-0.000707
-0.000726
-0.000746
-0.000766
-0.000785
-0.000805
-0.000824
-0.000844
-0.000863
-0.000883
-0.000902
-0.000922
-0.000941
-0.000961
-0.000980
-0.001000
-0.001019
-0.001038
-0.001058
-0.001077
-0.001097
-0.001116
-0.001135
-0.001155
-0.001174
-0.001194
-0.001213
-0.001233
-0.001252
-0.001271
-0.001291
-0.001310
-0.001330
-0.001349
-0.001369
-0.001388
-0.001408
-0.001428
-0.001447
-0.001467
-0.001486
-0.001506
-0.001525
-0.001545
-0.001565
-0.001584
-0.001604
-0.001624
-0.001644
-0.001663
-0.001683
-0.001703
-0.001723
-0.001743
-0.001762
-0.001782
-0.001802
-0.001822
-0.001842
-0.001862
-0.001882
-0.001902
-0.001922
-0.001942
-0.001962
-0.001982
-0.002002
-0.002022
-0.002042
-0.002063
-0.002083
-0.002103
-0.002123
-0.002143
-0.002164
-0.002184
-0.002204
-0.002225
-0.002245
-0.002265
-0.002286
-0.002306
-0.002326
-0.002347
-0.002367
-0.002388
-0.002408
-0.002429
-0.002449
-0.002470
-0.002491
-0.002511
-0.002532
-0.002553
-0.002573
-0.002594
-0.002615
-0.002635
-0.002656
-0.002677
-0.002698
-0.002719
-0.002739
-0.002760
-0.002781
-0.002802
-0.002823
-0.002844
-0.002865
-0.002886
-0.002907
-0.002928
-0.002949
-0.002970
-0.002991
-0.003012
-0.003033
-0.003054
-0.003075
-0.003097
-0.003118
-0.003139
-0.003160
-0.003181
-0.003203
-0.003224
-0.003245
-0.003266
-0.003288
-0.003309
-0.003330
-0.003352
-0.003373
-0.003395
-0.003416
-0.003437
-0.003459
-0.003480
-0.003502
-0.003523
-0.003545
-0.003566
-0.003588
-0.003610
-0.003631
-0.003653
-0.003674
-0.003696
-0.003718
-0.003739
-0.003761
-0.003783
-0.003804
-0.003826
-0.003848
-0.003869
-0.003891
-0.003913
-0.003935
-0.003956
-0.003978
-0.004000
-0.004022
-0.004044
-0.004066
-0.004088
-0.004109
-0.004131
-0.004153
-0.004175
-0.004197
-0.004219
-0.004241
-0.004263
-0.004285
-0.004307
-0.004329
-0.004351
-0.004373
-0.004395
-0.004417
-0.004439
-0.004461
-0.004483
-0.004505
-0.004527
-0.004550
-0.004572
-0.004594
-0.004616
-0.004638
-0.004660
-0.004683
-0.004705
-0.004727
-0.004749
-0.004771
-0.004794
-0.004816
-0.004838
-0.004860
-0.004883
-0.004905
-0.004927
-0.004949
-0.004972
-0.004994
-0.005016
-0.005039
-0.005061
-0.005083
-0.005106
-0.005128
-0.005150
-0.005173
-0.005195
-0.005218
-0.005240
-0.005262
-0.005285
-0.005307
-0.005330
-0.005352
-0.005375
-0.005397
-0.005419
-0.005442
-0.005464
-0.005487
-0.005509
-0.005532
-0.005554
-0.005577
-0.005599
-0.005622
-0.005644
-0.005667
-0.005690
-0.005712
-0.005735
-0.005757
-0.005780
-0.005802
-0.005825
-0.005847
-0.005870
-0.005893
-0.005915
-0.005938
-0.005960
-0.005983
-0.006006
-0.006028
-0.006051
-0.006073
-0.006096
-0.006119
-0.006141
-0.006164
-0.006187
-0.006209
-0.006232
-0.006255
-0.006277
-0.006300
-0.006323
-0.006345
-0.006368
-0.006391
-0.006413
-0.006436
-0.006459
-0.006482
-0.006504
-0.006527
-0.006550
-0.006572
-0.006595
-0.006618
-0.006641
-0.006663
-0.006686
-0.006709
-0.006731
-0.006754
-0.006777
-0.006800
-0.006822
-0.006845
-0.006868
-0.006891
-0.006913
-0.006936
-0.006959
-0.006982
-0.007004
-0.007027
-0.007050
-0.007073
-0.007095
-0.007118
-0.007141
-0.007164
-0.007187
-0.007209
-0.007232
-0.007255
-0.007278
-0.007300
-0.007323
-0.007346
-0.007369
-0.007392
-0.007414
-0.007437
-0.007460
-0.007483
-0.007505
-0.007528
-0.007551
-0.007574
-0.007597
-0.007619
-0.007642
-0.007665
-0.007688
-0.007711
-0.007733
-0.007756
-0.007779
-0.007802
-0.007825
-0.007847
-0.007870
-0.007893
-0.007916
-0.007939
-0.007961
-0.007984
-0.008007
-0.008030
-0.008052
-0.008075
-0.008098
-0.008121
-0.008144
-0.008166
-0.008189
-0.008212
-0.008235
-0.008258
-0.008280
-0.008303
-0.008326
-0.008349
-0.008371
-0.008394
-0.008417
-0.008440
-0.008462
-0.008485
-0.008508
-0.008531
-0.008554
-0.008576
-0.008599
-0.008622
-0.008645
-0.008667
-0.008690
-0.008713
-0.008736
-0.008758
-0.008781
-0.008804
-0.008827
-0.008849
-0.008872
-0.008895
-0.008917
-0.008940
-0.008963
-0.008986
-0.009008
-0.009031
-0.009054
-0.009077
-0.009099
-0.009122
-0.009145
-0.009167
-0.009190
-0.009213
-0.009235
-0.009258
-0.009281
-0.009304
-0.009326
-0.009349
-0.009372
-0.009394
-0.009417
-0.009440
-0.009462
-0.009485
-0.009508
-0.009530
-0.009553
-0.009576
-0.009598
-0.009621
-0.009643
-0.009666
-0.009689
-0.009711
-0.009734
-0.009757
-0.009779
-0.009802
-0.009824
-0.009847
-0.009870
-0.009892
-0.009915
-0.009937
-0.009960
-0.009983
-0.010005
-0.010028
-0.010050
-0.010073
-0.010095
-0.010118
-0.010141
-0.010163
-0.010186
-0.010208
-0.010231
-0.010253
-0.010276
-0.010298
-0.010321
-0.010343
-0.010366
-0.010388
-0.010411
-0.010433
-0.010456
-0.010478
-0.010501
-0.010523
-0.010546
-0.010568
-0.010591
-0.010613
-0.010636
-0.010658
-0.010680
-0.010703
-0.010725
-0.010748
-0.010770
-0.010793
-0.010815
-0.010837
-0.010860
-0.010882
-0.010905
-0.010927
-0.010949
-0.010972
-0.010994
-0.011017
-0.011039
-0.011061
-0.011084
-0.011106
-0.011128
-0.011151
-0.011173
-0.011195
-0.011218
-0.011240
-0.011262
-0.011285
-0.011307
-0.011329
-0.011351
-0.011374
-0.011396
-0.011418
-0.011440
-0.011463
-0.011485
-0.011507
-0.011529
-0.011552
-0.011574
-0.011596
-0.011618
-0.011641
-0.011663
-0.011685
-0.011707
-0.011729
-0.011752
-0.011774
-0.011796
-0.011818
-0.011840
-0.011862
-0.011884
-0.011907
-0.011929
-0.011951
-0.011973
-0.011995
-0.012017
-0.012039
-0.012061
-0.012083
-0.012106
-0.012128
-0.012150
-0.012172
-0.012194
-0.012216
-0.012238
-0.012260
-0.012282
-0.012304
-0.012326
-0.012348
-0.012370
-0.012392
-0.012414
-0.012436
-0.012458
-0.012480
-0.012502
-0.012524
-0.012546
-0.012568
-0.012590
-0.012612
-0.012634
-0.012655
-0.012677
-0.012699
-0.012721
-0.012743
-0.012765
-0.012787
-0.012809
-0.012831
-0.012852
-0.012874
-0.012896
-0.012918
-0.012940
-0.012962
-0.012983
-0.013005
-0.013027
-0.013049
-0.013070
-0.013092
-0.013114
-0.013136
-0.013158
-0.013179
-0.013201
-0.013223
-0.013244
-0.013266
-0.013288
-0.013310
-0.013331
-0.013353
-0.013375
-0.013396
-0.013418
-0.013440
-0.013461
-0.013483
-0.013505
-0.013526
-0.013548
-0.013569
-0.013591
-0.013613
-0.013634
-0.013656
-0.013677
-0.013699
-0.013721
-0.013742
-0.013764
-0.013785
-0.013807
-0.013828
-0.013850
-0.013871
-0.013893
-0.013914
-0.013936
-0.013957
-0.013979
-0.014000
-0.014022
-0.014043
-0.014065
-0.014086
-0.014107
-0.014129
-0.014150
-0.014172
-0.014193
-0.014214
-0.014236
-0.014257
-0.014278
-0.014300
-0.014321
-0.014343
-0.014364
-0.014385
-0.014406
-0.014428
-0.014449
-0.014470
-0.014492
-0.014513
-0.014534
-0.014555
-0.014577
-0.014598
-0.014619
-0.014640
-0.014662
-0.014683
-0.014704
-0.014725
-0.014746
-0.014768
-0.014789
-0.014810
-0.014831
-0.014852
-0.014873
-0.014894
-0.014916
-0.014937
-0.014958
-0.014979
-0.015000
-0.015021
-0.015042
-0.015063
-0.015084
-0.015105
-0.015126
-0.015147
-0.015168
-0.015189
-0.015210
-0.015231
-0.015252
-0.015273
-0.015294
-0.015315
-0.015336
-0.015357
-0.015378
-0.015399
-0.015420
-0.015441
-0.015462
-0.015483
-0.015504
-0.015524
-0.015545
-0.015566
-0.015587
-0.015608
-0.015629
-0.015650
-0.015670
-0.015691
-0.015712
-0.015733
-0.015754
-0.015774
-0.015795
-0.015816
-0.015837
-0.015857
-0.015878
-0.015899
-0.015920
-0.015940
-0.015961
-0.015982
-0.016002
-0.016023
-0.016044
-0.016064
-0.016085
-0.016106
-0.016126
-0.016147
-0.016168
-0.016188
-0.016209
-0.016229
-0.016250
-0.016271
-0.016291
-0.016312
-0.016332
-0.016353
-0.016373
-0.016394
-0.016414
-0.016435
-0.016455
-0.016476
-0.016496
-0.016517
-0.016537
-0.016558
-0.016578
-0.016599
-0.016619
-0.016639
-0.016660
-0.016680
-0.016701
-0.016721
-0.016741
-0.016762
-0.016782
-0.016802
-0.016823
-0.016843
-0.016863
-0.016884
-0.016904
-0.016924
-0.016945
-0.016965
-0.016985
-0.017005
-0.017026
-0.017046
-0.017066
-0.017086
-0.017107
-0.017127
-0.017147
-0.017167
-0.017187
-0.017207
-0.017228
-0.017248
-0.017268
-0.017288
-0.017308
-0.017328
-0.017348
-0.017369
-0.017389
-0.017409
-0.017429
-0.017449
-0.017469
-0.017489
-0.017509
-0.017529
-0.017549
-0.017569
-0.017589
-0.017609
-0.017629
-0.017649
-0.017669
-0.017689
-0.017709
-0.017729
-0.017749
-0.017769
-0.017789
-0.017808
-0.017828
-0.017848
-0.017868
-0.017888
-0.017908
-0.017928
-0.017948
-0.017967
-0.017987
-0.018007
-0.018027
-0.018047
-0.018066
-0.018086
-0.018106
-0.018126
-0.018145
-0.018165
-0.018185
-0.018205
-0.018224
-0.018244
-0.018264
-0.018284
-0.018303
-0.018323
-0.018343
-0.018362
-0.018382
-0.018401
-0.018421
-0.018441
-0.018460
-0.018480
-0.018500
-0.018519
-0.018539
-0.018558
-0.018578
-0.018597
-0.018617
-0.018636
-0.018656
-0.018675
-0.018695
-0.018714
-0.018734
-0.018753
-0.018773
-0.018792
-0.018812
-0.018831
-0.018851
-0.018870
-0.018889
-0.018909
-0.018928
-0.018948
-0.018967
-0.018986
-0.019006
-0.019025
-0.019044
-0.019064
-0.019083
-0.019102
-0.019122
-0.019141
-0.019160
-0.019179
-0.019199
-0.019218
-0.019237
-0.019256
-0.019276
-0.019295
-0.019314
-0.019333
-0.019353
-0.019372
-0.019391
-0.019410
-0.019429
-0.019448
-0.019468
-0.019487
-0.019506
-0.019525
-0.019544
-0.019563
-0.019582
-0.019601
-0.019620
-0.019639
-0.019658
-0.019677
-0.019696
-0.019715
-0.019734
-0.019753
-0.019772
-0.019791
-0.019810
-0.019829
-0.019848
-0.019867
-0.019886
-0.019905
-0.019924
-0.019943
-0.019962
-0.019981
-0.020000
-0.020019
-0.020037
-0.020056
-0.020075
-0.020094
-0.020113
-0.020132
-0.020150
-0.020169
-0.020188
-0.020207
-0.020226
-0.020244
-0.020263
-0.020282
-0.020301
-0.020319
-0.020338
-0.020357
-0.020375
-0.020394
-0.020413
-0.020432
-0.020450
-0.020469
-0.020488
-0.020506
-0.020525
-0.020543
-0.020562
-0.020581
-0.020599
-0.020618
-0.020636
-0.020655
-0.020674
-0.020692
-0.020711
-0.020729
-0.020748
-0.020766
-0.020785
-0.020803
-0.020822
-0.020840
-0.020859
-0.020877
-0.020895
-0.020914
-0.020932
-0.020951
-0.020969
-0.020988
-0.021006
-0.021024
-0.021043
-0.021061
-0.021079
-0.021098
-0.021116
-0.021135
-0.021153
-0.021171
-0.021189
-0.021208
-0.021226
-0.021244
-0.021263
-0.021281
-0.021299
-0.021317
-0.021336
-0.021354
-0.021372
-0.021390
-0.021408
-0.021427
-0.021445
-0.021463
-0.021481
-0.021499
-0.021517
-0.021536
-0.021554
-0.021572
-0.021590
-0.021608
-0.021626
-0.021644
-0.021662
-0.021680
-0.021698
-0.021716
-0.021734
-0.021752
-0.021770
-0.021788
-0.021806
-0.021824
-0.021842
-0.021860
-0.021878
-0.021896
-0.021914
-0.021932
-0.021950
-0.021968
-0.021986
-0.022004
-0.022022
-0.022040
-0.022058
-0.022075
-0.022093
-0.022111
-0.022129
-0.022147
-0.022165
-0.022182
-0.022200
-0.022218
-0.022236
-0.022254
-0.022271
-0.022289
-0.022307
-0.022325
-0.022342
-0.022360
-0.022378
-0.022395
-0.022413
-0.022431
-0.022448
-0.022466
-0.022484
-0.022501
-0.022519
-0.022537
-0.022554
-0.022572
-0.022590
-0.022607
-0.022625
-0.022642
-0.022660
-0.022677
-0.022695
-0.022713
-0.022730
-0.022748
-0.022765
-0.022783
-0.022800
-0.022818
-0.022835
-0.022853
-0.022870
-0.022887
-0.022905
-0.022922
-0.022940
-0.022957
-0.022975
-0.022992
-0.023009
-0.023027
-0.023044
-0.023062
-0.023079
-0.023096
-0.023114
-0.023131
-0.023148
-0.023166
-0.023183
-0.023200
-0.023217
-0.023235
-0.023252
-0.023269
-0.023286
-0.023304
-0.023321
-0.023338
-0.023355
-0.023373
-0.023390
-0.023407
-0.023424
-0.023441
-0.023458
-0.023476
-0.023493
-0.023510
-0.023527
-0.023544
-0.023561
-0.023578
-0.023595
-0.023613
-0.023630
-0.023647
-0.023664
-0.023681
-0.023698
-0.023715
-0.023732
-0.023749
-0.023766
-0.023783
-0.023800
-0.023817
-0.023834
-0.023851
-0.023868
-0.023885
-0.023902
-0.023919
-0.023935
-0.023952
-0.023969
-0.023986
-0.024003
-0.024020
-0.024037
-0.024054
-0.024070
-0.024087
-0.024104
-0.024121
-0.024138
-0.024155
-0.024171
-0.024188
-0.024205
-0.024222
-0.024238
-0.024255
-0.024272
-0.024289
-0.024305
-0.024322
-0.024339
-0.024356
-0.024372
-0.024389
-0.024406
-0.024422
-0.024439
-0.024456
-0.024472
-0.024489
-0.024505
-0.024522
-0.024539
-0.024555
-0.024572
-0.024588
-0.024605
-0.024622
-0.024638
-0.024655
-0.024671
-0.024688
-0.024704
-0.024721
-0.024737
-0.024754
-0.024770
-0.024787
-0.024803
-0.024820
-0.024836
-0.024852
-0.024869
-0.024885
-0.024902
-0.024918
-0.024935
-0.024951
-0.024967
-0.024984
-0.025000
-0.025016
-0.025033
-0.025049
-0.025065
-0.025082
-0.025098
-0.025114
-0.025131
-0.025147
-0.025163
-0.025179
-0.025196
-0.025212
-0.025228
-0.025244
-0.025261
-0.025277
-0.025293
-0.025309
-0.025326
-0.025342
-0.025358
-0.025374
-0.025390
-0.025406
-0.025423
-0.025439
-0.025455
-0.025471
-0.025487
-0.025503
-0.025519
-0.025535
-0.025551
-0.025567
-0.025583
-0.025600
-0.025616
-0.025632
-0.025648
-0.025664
-0.025680
-0.025696
-0.025712
-0.025728
-0.025744
-0.025760
-0.025775
-0.025791
-0.025807
-0.025823
-0.025839
-0.025855
-0.025871
-0.025887
-0.025903
-0.025919
-0.025935
-0.025950
-0.025966
-0.025982
-0.025998
-0.026014
-0.026030
-0.026045
-0.026061
-0.026077
-0.026093
-0.026109
-0.026124
-0.026140
-0.026156
-0.026172
-0.026187
-0.026203
-0.026219
-0.026235
-0.026250
-0.026266
-0.026282
-0.026297
-0.026313
-0.026329
-0.026344
-0.026360
-0.026376
-0.026391
-0.026407
-0.026422
-0.026438
-0.026454
-0.026469
-0.026485
-0.026500
-0.026516
-0.026532
-0.026547
-0.026563
-0.026578
-0.026594
-0.026609
-0.026625
-0.026640
-0.026656
-0.026671
-0.026687
-0.026702
-0.026718
-0.026733
-0.026748
-0.026764
-0.026779
-0.026795
-0.026810
-0.026825
-0.026841
-0.026856
-0.026872
-0.026887
-0.026902
-0.026918
-0.026933
-0.026948
-0.026964
-0.026979
-0.026994
-0.027010
-0.027025
-0.027040
-0.027055
-0.027071
-0.027086
-0.027101
-0.027116
-0.027132
-0.027147
-0.027162
-0.027177
-0.027193
-0.027208
-0.027223
-0.027238
-0.027253
-0.027268
-0.027284
-0.027299
-0.027314
-0.027329
-0.027344
-0.027359
-0.027374
-0.027389
-0.027405
-0.027420
-0.027435
-0.027450
-0.027465
-0.027480
-0.027495
-0.027510
-0.027525
-0.027540
-0.027555
-0.027570
-0.027585
-0.027600
-0.027615
-0.027630
-0.027645
-0.027660
-0.027675
-0.027690
-0.027705
-0.027720
-0.027734
-0.027749
-0.027764
-0.027779
-0.027794
-0.027809
-0.027824
-0.027839
-0.027853
-0.027868
-0.027883
-0.027898
-0.027913
-0.027928
-0.027942
-0.027957
-0.027972
-0.027987
-0.028001
-0.028016
-0.028031
-0.028046
-0.028060
-0.028075
-0.028090
-0.028105
-0.028119
-0.028134
-0.028149
-0.028163
-0.028178
-0.028193
-0.028207
-0.028222
-0.028237
-0.028251
-0.028266
-0.028281
-0.028295
-0.028310
-0.028324
-0.028339
-0.028353
-0.028368
-0.028383
-0.028397
-0.028412
-0.028426
-0.028441
-0.028455
-0.028470
-0.028484
-0.028499
-0.028513
-0.028528
-0.028542
-0.028557
-0.028571
-0.028586
-0.028600
-0.028614
-0.028629
-0.028643
-0.028658
-0.028672
-0.028687
-0.028701
-0.028715
-0.028730
-0.028744
-0.028758
-0.028773
-0.028787
-0.028801
-0.028816
-0.028830
-0.028844
-0.028859
-0.028873
-0.028887
-0.028902
-0.028916
-0.028930
-0.028944
-0.028959
-0.028973
-0.028987
-0.029001
-0.029015
-0.029030
-0.029044
-0.029058
-0.029072
-0.029086
-0.029101
-0.029115
-0.029129
-0.029143
-0.029157
-0.029171
-0.029185
-0.029200
-0.029214
-0.029228
-0.029242
-0.029256
-0.029270
-0.029284
-0.029298
-0.029312
-0.029326
-0.029340
-0.029354
-0.029368
-0.029382
-0.029396
-0.029410
-0.029424
-0.029438
-0.029452
-0.029466
-0.029480
-0.029494
-0.029508
-0.029522
-0.029536
-0.029550
-0.029564
-0.029578
-0.029592
-0.029606
-0.029620
-0.029633
-0.029647
-0.029661
-0.029675
-0.029689
-0.029703
-0.029717
-0.029730
-0.029744
-0.029758
-0.029772
-0.029786
-0.029799
-0.029813
-0.029827
-0.029841
-0.029854
-0.029868
-0.029882
-0.029896
-0.029909
-0.029923
-0.029937
-0.029951
-0.029964
-0.029978
-0.029992
-0.030005
-0.030019
-0.030033
-0.030046
-0.030060
-0.030074
-0.030087
-0.030101
-0.030114
-0.030128
-0.030142
-0.030155
-0.030169
-0.030182
-0.030196
-0.030209
-0.030223
-0.030237
-0.030250
-0.030264
-0.030277
-0.030291
-0.030304
-0.030318
-0.030331
-0.030345
-0.030358
-0.030372
-0.030385
-0.030399
-0.030412
-0.030425
-0.030439
-0.030452
-0.030466
-0.030479
-0.030493
-0.030506
-0.030519
-0.030533
-0.030546
-0.030559
-0.030573
-0.030586
-0.030600
-0.030613
-0.030626
-0.030640
-0.030653
-0.030666
-0.030679
-0.030693
-0.030706
-0.030719
-0.030733
-0.030746
-0.030759
-0.030772
-0.030786
-0.030799
-0.030812
-0.030825
-0.030839
-0.030852
-0.030865
-0.030878
-0.030891
-0.030905
-0.030918
-0.030931
-0.030944
-0.030957
-0.030970
-0.030983
-0.030997
-0.031010
-0.031023
-0.031036
-0.031049
-0.031062
-0.031075
-0.031088
-0.031101
-0.031114
-0.031127
-0.031140
-0.031154
-0.031167
-0.031180
-0.031193
-0.031206
-0.031219
-0.031232
-0.031245
-0.031258
-0.031271
-0.031284
-0.031296
-0.031309
-0.031322
-0.031335
-0.031348
-0.031361
-0.031374
-0.031387
-0.031400
-0.031413
-0.031426
-0.031439
-0.031451
-0.031464
-0.031477
-0.031490
-0.031503
-0.031516
-0.031529
-0.031541
-0.031554
-0.031567
-0.031580
-0.031593
-0.031605
-0.031618
-0.031631
-0.031644
-0.031656
-0.031669
-0.031682
-0.031695
-0.031707
-0.031720
-0.031733
-0.031746
-0.031758
-0.031771
-0.031784
-0.031796
-0.031809
-0.031822
-0.031834
-0.031847
-0.031860
-0.031872
-0.031885
-0.031898
-0.031910
-0.031923
-0.031935
-0.031948
-0.031961
-0.031973
-0.031986
-0.031998
-0.032011
-0.032023
-0.032036
-0.032049
-0.032061
-0.032074
-0.032086
-0.032099
-0.032111
-0.032124
-0.032136
-0.032149
-0.032161
-0.032174
-0.032186
-0.032199
-0.032211
-0.032223
-0.032236
-0.032248
-0.032261
-0.032273
-0.032286
-0.032298
-0.032310
-0.032323
-0.032335
-0.032347
-0.032360
-0.032372
-0.032385
-0.032397
-0.032409
-0.032422
-0.032434
-0.032446
-0.032459
-0.032471
-0.032483
-0.032495
-0.032508
-0.032520
-0.032532
-0.032545
-0.032557
-0.032569
-0.032581
-0.032594
-0.032606
-0.032618
-0.032630
-0.032642
-0.032655
-0.032667
-0.032679
-0.032691
-0.032703
-0.032716
-0.032728
-0.032740
-0.032752
-0.032764
-0.032776
-0.032788
-0.032800
-0.032813
-0.032825
-0.032837
-0.032849
-0.032861
-0.032873
-0.032885
-0.032897
-0.032909
-0.032921
-0.032933
-0.032945
-0.032957
-0.032969
-0.032981
-0.032993
-0.033005
-0.033017
-0.033029
-0.033041
-0.033053
-0.033065
-0.033077
-0.033089
-0.033101
-0.033113
-0.033125
-0.033137
-0.033149
-0.033161
-0.033173
-0.033185
-0.033197
-0.033209
-0.033220
-0.033232
-0.033244
-0.033256
-0.033268
-0.033280
-0.033292
-0.033303
-0.033315
-0.033327
-0.033339
-0.033351
-0.033362
-0.033374
-0.033386
-0.033398
-0.033410
-0.033421
-0.033433
-0.033445
-0.033457
-0.033468
-0.033480
-0.033492
-0.033504
-0.033515
-0.033527
-0.033539
-0.033550
-0.033562
-0.033574
-0.033585
-0.033597
-0.033609
-0.033620
-0.033632
-0.033644
-0.033655
-0.033667
-0.033679
-0.033690
-0.033702
-0.033713
-0.033725
-0.033737
-0.033748
-0.033760
-0.033771
-0.033783
-0.033795
-0.033806
-0.033818
-0.033829
-0.033841
-0.033852
-0.033864
-0.033875
-0.033887
-0.033898
-0.033910
-0.033921
-0.033933
-0.033944
-0.033956
-0.033967
-0.033979
-0.033990
-0.034001
-0.034013
-0.034024
-0.034036
-0.034047
-0.034059
-0.034070
-0.034081
-0.034093
-0.034104
-0.034116
-0.034127
-0.034138
-0.034150
-0.034161
-0.034172
-0.034184
-0.034195
-0.034206
-0.034218
-0.034229
-0.034240
-0.034252
-0.034263
-0.034274
-0.034285
-0.034297
-0.034308
-0.034319
-0.034330
-0.034342
-0.034353
-0.034364
-0.034375
-0.034387
-0.034398
-0.034409
-0.034420
-0.034431
-0.034443
-0.034454
-0.034465
-0.034476
-0.034487
-0.034498
-0.034510
-0.034521
-0.034532
-0.034543
-0.034554
-0.034565
-0.034576
-0.034588
-0.034599
-0.034610
-0.034621
-0.034632
-0.034643
-0.034654
-0.034665
-0.034676
-0.034687
-0.034698
-0.034709
-0.034720
-0.034731
-0.034742
-0.034753
-0.034764
-0.034775
-0.034786
-0.034797
-0.034808
-0.034819
-0.034830
-0.034841
-0.034852
-0.034863
-0.034874
-0.034885
-0.034896
-0.034907
-0.034918
-0.034929
-0.034940
-0.034950
-0.034961
-0.034972
-0.034983
-0.034994
-0.035005
-0.035016
-0.035027
-0.035037
-0.035048
-0.035059
-0.035070
-0.035081
-0.035092
-0.035102
-0.035113
-0.035124
-0.035135
-0.035146
-0.035156
-0.035167
-0.035178
-0.035189
-0.035199
-0.035210
-0.035221
-0.035232
-0.035242
-0.035253
-0.035264
-0.035275
-0.035285
-0.035296
-0.035307
-0.035317
-0.035328
-0.035339
-0.035349
-0.035360
-0.035371
-0.035381
-0.035392
-0.035403
-0.035413
-0.035424
-0.035435
-0.035445
-0.035456
-0.035466
-0.035477
-0.035488
-0.035498
-0.035509
-0.035519
0.451473
1.222725
2.134226
2.769208
3.215743
3.538778
3.776952
3.953974
4.085080
4.180541
4.243818
4.281956
4.300197
4.302439
4.291685
4.270306
4.240221
4.203002
4.159959
4.112180
4.060580
4.005932
3.948900
3.890031
3.829793
3.768596
3.706771
3.644604
3.582348
3.520201
3.458342
3.396915
3.336040
3.275827
3.216357
3.157699
3.099916
3.043052
2.987141
2.932214
2.878299
2.825405
2.773543
2.722723
2.672945
2.624206
2.576502
2.529834
2.484187
2.439551
2.395913
2.353268
2.311596
2.270883
2.231112
2.192271
2.154342
2.117307
2.081149
2.045850
2.011397
1.977770
1.944951
1.912922
1.881666
1.851166
1.821407
1.792372
1.764043
1.736403
1.709436
1.683125
1.657456
1.632416
1.607987
1.584154
1.560902
1.538216
1.516084
1.494490
1.473421
1.452867
1.432812
1.413245
1.394151
1.375519
1.357337
1.339594
1.322277
1.305377
1.288881
1.272783
1.257069
1.241729
1.226755
1.212135
1.197860
1.183923
1.170312
1.157021
1.631222
2.391650
3.295225
3.933624
4.389855
4.725429
4.977096
5.167566
5.311415
5.418643
5.489917
5.533326
5.554858
5.558897
5.548768
5.527074
5.495914
5.456983
5.411685
5.361194
5.306518
5.248473
5.187761
5.125004
5.060689
4.995245
4.929067
4.862442
4.795650
4.728904
4.662389
4.596287
4.530714
4.465781
4.401606
4.338244
4.275772
4.214235
4.153671
4.094124
4.035613
3.978151
3.921751
3.866442
3.812207
3.759047
3.706973
3.655968
3.606022
3.557124
3.509281
3.462465
3.416660
3.371860
3.328046
3.285198
3.243300
3.202333
3.162293
3.123151
3.084889
3.047488
3.010930
2.975210
2.940298
2.906178
2.872830
2.840237
2.808390
2.777267
2.746849
2.717120
2.688063
2.659661
2.631905
2.604777
2.578259
2.552336
2.526994
2.502217
2.477991
2.454308
2.431152
2.408508
2.386363
2.364704
2.343519
2.322795
2.302520
2.282683
2.263278
2.244290
2.225708
2.207521
2.189719
2.172291
2.155227
2.138519
2.122157
2.106131
2.090433
2.075059
2.059997
2.045238
2.030775
2.016599
2.002703
1.989078
1.975719
1.962618
1.949768
1.937163
1.924796
1.912660
1.900752
1.889065
1.877592
1.866328
1.855267
1.844404
1.833733
1.823250
1.812948
1.802824
1.792872
1.783089
1.773469
1.764008
1.754703
1.745548
1.736541
1.727676
1.718951
1.710363
1.701908
1.693582
1.685382
1.677304
1.669345
1.661503
1.653773
1.646152
1.638639
1.631230
1.623923
1.616715
1.609602
1.602584
1.595657
1.588819
1.582068
1.575401
1.568817
1.562313
1.555887
1.549538
1.543262
1.537060
1.530928
1.524865
1.518870
1.512941
1.507076
1.501274
1.495532
1.489850
1.484226
1.478658
1.473146
1.467687
1.462281
1.456925
1.451620
1.446363
1.441154
1.435991
1.430874
1.425801
1.420771
1.415783
1.410836
1.405930
1.401063
1.396235
1.391444
1.386689
1.381971
1.377288
1.372639
1.368023
1.363441
1.358890
1.354371
1.349883
1.345424
1.340995
1.336595
1.332223
1.327879
1.323563
1.319273
1.315010
1.310772
1.306559
1.302371
1.298206
1.294066
1.289948
1.285853
1.281780
1.277729
1.273699
1.269690
1.265702
1.261734
1.257785
1.253857
1.249947
1.246056
1.242183
1.238329
1.234493
1.230674
1.226872
1.223087
1.219319
1.215567
1.211831
1.208112
1.204408
1.200719
1.197046
1.193387
1.189743
1.186114
1.182499
1.178898
1.175311
1.171738
1.168178
1.164632
1.161098
1.157578
1.154071
1.150576
1.147094
1.143624
1.140166
1.136720
1.133286
1.129864
1.126455
1.123056
1.119670
1.116294
1.112930
1.109577
1.106235
1.102904
1.099584
1.096274
1.092974
1.089685
1.086406
1.083138
1.079879
1.076631
1.073392
1.070163
1.066944
1.063735
1.060535
1.057345
1.054164
1.050992
1.047830
1.044676
1.041532
1.038397
1.035271
1.032154
1.029046
1.025946
1.022855
1.019773
1.016700
1.013635
1.010578
1.007530
1.004490
1.001459
0.998436
0.995421
0.992415
0.989416
0.986426
0.983444
0.980469
0.977503
0.974545
0.971594
0.968652
0.965717
0.962790
0.959870
0.956959
0.954055
0.951158
0.948270
0.945388
0.942515
0.939648
0.936790
0.933938
0.931094
0.928258
0.925429
0.922608
0.919794
0.916987
0.914187
0.911395
0.908610
0.905832
0.903061
0.900298
0.897541
0.894792
0.892049
0.889314
0.886585
0.883863
0.881149
0.878441
0.875740
0.873046
0.870359
0.867678
0.865005
0.862338
0.859678
0.857024
0.854377
0.851737
0.849104
0.846477
0.843857
0.841243
0.838637
0.836036
0.833442
0.830855
0.828274
0.825700
0.823132
0.820571
0.818016
0.815467
0.812925
0.810389
0.807860
0.805337
0.802820
0.800310
0.797806
0.795308
0.792817
0.790332
0.787853
0.785380
0.782914
0.780453
0.777999
0.775551
0.773110
0.770674
0.768245
0.765821
0.763404
0.760993
0.758588
0.756189
0.753796
0.751409
0.749028
0.746653
0.744284
0.741921
0.739564
0.737212
0.734867
0.732528
0.730195
0.727867
0.725546
0.723231
0.720921
0.718618
0.716320
0.714028
0.711742
0.709462
0.707188
0.704919
0.702656
0.700399
0.698148
0.695902
0.693663
0.691428
0.689200
0.686977
0.684760
0.682548
0.680342
0.678142
0.675948
0.673758
0.671575
0.669397
0.667225
0.665058
0.662897
0.660741
0.658591
0.656446
0.654307
0.652173
0.650045
0.647922
0.645805
0.643693
0.641586
0.639485
0.637389
0.635299
0.633214
0.631134
0.629060
0.626991
0.624928
0.622869
0.620817
0.618769
0.616726
0.614689
0.612658
0.610631
0.608610
0.606594
0.604583
0.602577
0.600576
0.598581
0.596591
0.594606
0.592626
0.590652
0.588682
0.586718
0.584758
0.582804
0.580855
0.578911
0.576972
0.575038
0.573109
0.571185
0.569266
0.567353
0.565444
0.563540
0.561641
0.559747
0.557858
0.555974
0.554095
0.552221
0.550352
0.548488
0.546628
0.544774
0.542924
0.541080
0.539240
0.537405
0.535574
0.533749
0.531928
0.530113
0.528302
0.526495
0.524694
0.522898
0.521106
0.519319
0.517537
0.515759
0.513987
0.512219
0.510455
0.508697
0.506943
0.505194
0.503449
0.501709
0.499974
0.498243
0.496517
0.494795
0.493078
0.491366
0.489658
0.487955
0.486256
0.484562
0.482872
0.481187
0.479507
0.477831
0.476159
0.474492
0.472829
0.471171
0.469517
0.467868
0.466223
0.464583
0.462947
0.461315
0.459688
0.458065
0.456446
0.454832
0.453222
0.451617
0.450016
0.448419
0.446826
0.445238
0.443654
0.442075
0.440499
0.438928
0.437361
0.435799
0.434240
0.432686
0.431136
0.429590
0.428049
0.426512
0.424978
0.423449
0.421925
0.420404
0.418887
0.417375
0.415867
0.414363
0.412862
0.411366
0.409875
0.408387
0.406903
0.405423
0.403948
0.402476
0.401008
0.399545
0.398085
0.396630
0.395178
0.393731
0.392287
0.390847
0.389412
0.387980
0.386552
0.385128
0.383708
0.382292
0.380880
0.379472
0.378068
0.376667
0.375271
0.373878
0.372489
0.371104
0.369723
0.368345
0.366971
0.365602
0.364236
0.362873
0.361515
0.360160
0.358809
0.357462
0.356119
0.354779
0.353443
0.352111
0.350782
0.349457
0.348136
0.346819
0.345505
0.344195
0.342888
0.341586
0.340286
0.338991
0.337699
0.336411
0.335126
0.333845
0.332567
0.331293
0.330023
0.328756
0.327493
0.326233
0.324977
0.323724
0.322475
0.321230
0.319988
0.318749
0.317514
0.316283
0.315055
0.313830
0.312609
0.311391
0.310177
0.308966
0.307759
0.306555
0.305355
0.304157
0.302964
0.301773
0.300586
0.299403
0.298222
0.297045
0.295872
0.294702
0.293535
0.292371
0.291211
0.290054
0.288900
0.287750
0.286603
0.285459
0.284318
0.283181
0.282047
0.280916
0.279788
0.278664
0.277543
0.276425
0.275310
0.274198
0.273090
0.271985
0.270883
0.269784
0.268688
0.267595
0.266506
0.265419
0.264336
0.263256
0.262179
0.261105
0.260034
0.258967
0.257902
0.256841
0.255782
0.254727
0.253674
0.252625
0.251579
0.250535
0.249495
0.248458
0.247423
0.246392
0.245364
0.244339
0.243316
0.242297
0.241280
0.240267
0.239257
0.238249
0.237244
0.236243
0.235244
0.234248
0.233255
0.232265
0.231278
0.230293
0.229312
0.228333
0.227358
0.226385
0.225415
0.224448
0.223483
0.222522
0.221563
0.220607
0.219654
0.218704
0.217757
0.216812
0.215870
0.214931
0.213994
0.213061
0.212130
0.211202
0.210276
0.209354
0.208434
0.207517
0.206602
0.205690
0.204781
0.203875
0.202971
0.202070
0.201171
0.200276
0.199383
0.198492
0.197604
0.196719
0.195837
0.194957
0.194080
0.193205
0.192333
0.191463
0.190597
0.189732
0.188871
0.188011
0.187155
0.186301
0.185449
0.184601
0.183754
0.182910
0.182069
0.181230
0.180394
0.179560
0.178729
0.177900
0.177074
0.176250
0.175429
0.174610
0.173794
0.172980
0.172169
0.171360
0.170553
0.169749
0.168947
0.168148
0.167351
0.166557
0.165765
0.164975
0.164188
0.163403
0.162621
0.161840
0.161063
0.160287
0.159514
0.158744
0.157976
0.157210
0.156446
0.155685
0.154926
0.154169
0.153415
0.152663
0.151913
0.151166
0.150421
0.149678
0.148937
0.148199
0.147463
0.146729
0.145998
0.145268
0.144541
0.143817
0.143094
0.142374
0.141656
0.140940
0.140226
0.139515
0.138805
0.138098
0.137393
0.136691
0.135990
0.135292
0.134596
0.133902
0.133210
0.132520
0.131833
0.131147
0.130464
0.129783
0.129104
0.128427
0.127752
0.127080
0.126409
0.125741
0.125074
0.124410
0.123748
0.123088
0.122430
0.121774
0.121120
0.120468
0.119818
0.119170
0.118525
0.117881
0.117239
0.116600
0.115962
0.115327
0.114693
0.114062
0.113432
0.112805
0.112179
0.111556
0.110934
0.110315
0.109697
0.109082
0.108468
0.107856
0.107246
0.106639
0.106033
0.105429
0.104827
0.104227
0.103629
0.103033
0.102438
0.101846
0.101255
0.100667
0.100080
0.099496
0.098913
0.098332
0.097753
0.097175
0.096600
0.096026
0.095455
0.094885
0.094317
0.093751
0.093187
0.092624
0.092064
0.091505
0.090948
0.090393
0.089840
0.089288
0.088739
0.088191
0.087645
0.087100
0.086558
0.086017
0.085478
0.084941
0.084406
0.083872
0.083340
0.082810
0.082282
0.081755
0.081230
0.080707
0.080186
0.079666
0.079148
0.078632
0.078118
0.077605
0.077094
0.076585
0.076077
0.075571
0.075067
0.074565
0.074064
0.073565
0.073067
0.072572
0.072077
0.071585
0.071094
0.070605
0.070118
0.069632
0.069148
0.068665
0.068184
0.067705
0.067228
0.066752
0.066277
0.065805
0.065333
0.064864
0.064396
0.063930
0.063465
0.063002
0.062541
0.062081
0.061622
0.061166
0.060711
0.060257
0.059805
0.059355
0.058906
0.058458
0.058013
0.057569
0.057126
0.056685
0.056245
0.055807
0.055371
0.054936
0.054502
0.054071
0.053640
0.053211
0.052784
0.052358
0.051934
0.051511
0.051090
0.050670
0.050252
0.049835
0.049419
0.049006
0.048593
0.048182
0.047773
0.047365
0.046958
0.046553
0.046150
0.045748
0.045347
0.044948
0.044550
0.044154
0.043759
0.043365
0.042973
0.042582
0.042193
0.041805
0.041419
0.041034
0.040651
0.040269
0.039888
0.039508
0.039131
0.038754
0.038379
0.038005
0.037633
0.037262
0.036892
0.036524
0.036157
0.035792
0.035428
0.035065
0.034703
0.034343
0.033985
0.033627
0.033271
0.032917
0.032563
0.032211
0.031861
0.031511
0.031163
0.030817
0.030471
0.030127
0.029785
0.029443
0.029103
0.028764
0.028427
0.028091
0.027756
0.027422
0.027090
0.026759
0.026429
0.026101
0.025774
0.025448
0.025123
0.024800
0.024478
0.024157
0.023838
0.023519
0.023202
0.022887
0.022572
0.022259
0.021947
0.021636
0.021326
0.021018
0.020711
0.020405
0.020100
0.019797
0.019495
0.019194
0.018894
0.018596
0.018298
0.018002
0.017707
0.017413
0.017121
0.016830
0.016539
0.016250
0.015963
0.015676
0.015391
0.015106
0.014823
0.014541
0.014261
0.013981
0.013703
0.013426
0.013149
0.012875
0.012601
0.012328
0.012057
0.011786
0.011517
0.011249
0.010982
0.010716
0.010452
0.010188
0.009926
0.009664
0.009404
0.009145
0.008887
0.008630
0.008375
0.008120
0.007866
0.007614
0.007363
0.007112
0.006863
0.006615
0.006368
0.006122
0.005877
0.005634
0.005391
0.005149
0.004909
0.004669
0.004431
0.004193
0.003957
0.003722
0.003488
0.003255
0.003022
0.002791
0.002561
0.002332
0.002104
0.001877
0.001652
0.001427
0.001203
0.000980
0.000758
0.000537
0.000317
0.000099
-0.000119
-0.000336
-0.000552
-0.000766
-0.000980
-0.001193
-0.001405
-0.001616
-0.001826
-0.002034
-0.002242
-0.002449
-0.002655
-0.002860
-0.003064
-0.003267
-0.003469
-0.003670
-0.003871
-0.004070
-0.004268
-0.004466
-0.004662
-0.004857
-0.005052
-0.005245
-0.005438
-0.005630
-0.005821
-0.006010
-0.006199
-0.006387
-0.006575
-0.006761
-0.006946
-0.007130
-0.007314
-0.007497
-0.007678
-0.007859
-0.008039
-0.008218
-0.008396
-0.008573
-0.008750
-0.008925
-0.009100
-0.009273
-0.009446
-0.009618
-0.009790
-0.009960
-0.010129
-0.010298
-0.010466
-0.010632
-0.010798
-0.010964
-0.011128
-0.011291
-0.011454
-0.011616
-0.011777
-0.011937
-0.012097
-0.012255
-0.012413
-0.012570
-0.012726
-0.012881
-0.013036
-0.013189
-0.013342
-0.013495
-0.013646
-0.013796
-0.013946
-0.014095
-0.014243
-0.014391
-0.014537
-0.014683
-0.014828
-0.014973
-0.015116
-0.015259
-0.015401
-0.015542
-0.015683
-0.015823
-0.015962
-0.016100
-0.016238
-0.016374
-0.016510
-0.016646
-0.016780
-0.016914
-0.017048
-0.017180
-0.017312
-0.017443
-0.017573
-0.017703
-0.017832
-0.017960
-0.018088
-0.018214
-0.018341
-0.018466
-0.018591
-0.018715
-0.018838
-0.018961
-0.019083
-0.019205
-0.019325
-0.019446
-0.019565
-0.019684
-0.019802
-0.019919
-0.020036
-0.020152
-0.020268
-0.020383
-0.020497
-0.020611
-0.020724
-0.020836
-0.020948
-0.021059
-0.021169
-0.021279
-0.021388
-0.021497
-0.021605
-0.021712
-0.021819
-0.021926
-0.022031
-0.022136
-0.022241
-0.022345
-0.022448
-0.022551
-0.022653
-0.022754
-0.022855
-0.022956
-0.023056
-0.023155
-0.023254
-0.023352
-0.023450
-0.023547
-0.023643
-0.023739
-0.023835
-0.023930
-0.024024
-0.024118
-0.024211
-0.024304
-0.024396
-0.024488
-0.024579
-0.024670
-0.024760
-0.024850
-0.024939
-0.025028
-0.025116
-0.025203
-0.025291
-0.025377
-0.025464
-0.025549
-0.025634
-0.025719
-0.025803
-0.025887
-0.025971
-0.026053
-0.026136
-0.026218
-0.026299
-0.026380
-0.026461
-0.026541
-0.026620
-0.026700
-0.026778
-0.026857
-0.026935
-0.027012
-0.027089
-0.027166
-0.027242
-0.027317
-0.027393
-0.027468
-0.027542
-0.027616
-0.027690
-0.027763
-0.027836
-0.027908
-0.027980
-0.028052
-0.028123
-0.028194
-0.028264
-0.028334
-0.028404
-0.028473
-0.028542
-0.028610
-0.028678
-0.028746
-0.028813
-0.028880
-0.028947
-0.029013
-0.029079
-0.029145
-0.029210
-0.029275
-0.029339
-0.029403
-0.029467
-0.029530
-0.029593
-0.029656
-0.029719
-0.029781
-0.029842
-0.029904
-0.029965
-0.030026
-0.030086
-0.030146
-0.030206
-0.030265
-0.030324
-0.030383
-0.030442
-0.030500
-0.030558
-0.030615
-0.030673
-0.030730
-0.030786
-0.030843
-0.030899
-0.030955
-0.031010
-0.031066
-0.031120
-0.031175
-0.031230
-0.031284
-0.031337
-0.031391
-0.031444
-0.031497
-0.031550
-0.031603
-0.031655
-0.031707
-0.031758
-0.031810
-0.031861
-0.031912
-0.031963
-0.032013
-0.032063
-0.032113
-0.032163
-0.032212
-0.032261
-0.032310
-0.032359
-0.032408
-0.032456
-0.032504
-0.032552
-0.032599
-0.032646
-0.032693
-0.032740
-0.032787
-0.032833
-0.032880
-0.032926
-0.032971
-0.033017
-0.033062
-0.033107
-0.033152
-0.033197
-0.033242
-0.033286
-0.033330
-0.033374
-0.033418
-0.033461
-0.033504
-0.033547
-0.033590
-0.033633
-0.033676
-0.033718
-0.033760
-0.033802
-0.033844
-0.033885
-0.033927
-0.033968
-0.034009
-0.034050
-0.034091
-0.034131
-0.034172
-0.034212
-0.034252
-0.034292
-0.034331
-0.034371
-0.034410
-0.034449
-0.034488
-0.034527
-0.034566
-0.034605
-0.034643
-0.034681
-0.034719
-0.034757
-0.034795
-0.034832
-0.034870
-0.034907
-0.034944
-0.034981
-0.035018
-0.035055
-0.035092
-0.035128
-0.035164
-0.035200
-0.035236
-0.035272
-0.035308
-0.035344
-0.035379
-0.035414
-0.035450
-0.035485
-0.035520
-0.035554
-0.035589
-0.035624
-0.035658
-0.035692
-0.035727
-0.035761
-0.035794
-0.035828
-0.035862
-0.035895
-0.035929
-0.035962
-0.035995
-0.036028
-0.036061
-0.036094
-0.036127
-0.036160
-0.036192
-0.036225
-0.036257
-0.036289
-0.036321
-0.036353
-0.036385
-0.036417
-0.036448
-0.036480
-0.036511
-0.036542
-0.036574
-0.036605
-0.036636
-0.036667
-0.036697
-0.036728
-0.036759
-0.036789
-0.036820
-0.036850
-0.036880
-0.036910
-0.036940
-0.036970
-0.037000
-0.037030
-0.037059
-0.037089
-0.037118
-0.037148
-0.037177
-0.037206
-0.037235
-0.037264
-0.037293
-0.037322
-0.037351
-0.037380
-0.037408
-0.037437
-0.037465
-0.037493
-0.037522
-0.037550
-0.037578
-0.037606
-0.037634
-0.037662
-0.037689
-0.037717
-0.037745
-0.037772
-0.037800
-0.037827
-0.037854
-0.037882
-0.037909
-0.037936
-0.037963
-0.037990
-0.038017
-0.038043
-0.038070
-0.038097
-0.038123
-0.038150
-0.038176
-0.038202
-0.038229
-0.038255
-0.038281
-0.038307
-0.038333
-0.038359
-0.038385
-0.038410
-0.038436
-0.038462
-0.038487
-0.038513
-0.038538
-0.038564
-0.038589
-0.038614
-0.038639
-0.038665
-0.038690
-0.038715
-0.038739
-0.038764
-0.038789
-0.038814
-0.038839
-0.038863
-0.038888
-0.038912
-0.038937
-0.038961
-0.038985
-0.039009
-0.039034
-0.039058
-0.039082
-0.039106
-0.039130
-0.039154
-0.039178
-0.039201
-0.039225
-0.039249
-0.039272
-0.039296
-0.039319
-0.039343
-0.039366
-0.039389
-0.039413
-0.039436
-0.039459
-0.039482
-0.039505
-0.039528
-0.039551
-0.039574
-0.039597
-0.039620
-0.039642
-0.039665
-0.039688
-0.039710
-0.039733
-0.039755
-0.039778
-0.039800
-0.039822
-0.039844
-0.039867
-0.039889
-0.039911
-0.039933
-0.039955
-0.039977
-0.039999
-0.040021
-0.040042
-0.040064
-0.040086
-0.040108
-0.040129
-0.040151
-0.040172
-0.040194
-0.040215
-0.040236
-0.040258
-0.040279
-0.040300
-0.040321
-0.040343
-0.040364
-0.040385
-0.040406
-0.040427
-0.040448
-0.040468
-0.040489
-0.040510
-0.040531
-0.040551
-0.040572
-0.040592
-0.040613
-0.040634
-0.040654
-0.040674
-0.040695
-0.040715
-0.040735
-0.040755
-0.040776
-0.040796
-0.040816
-0.040836
-0.040856
-0.040876
-0.040896
-0.040916
-0.040935
-0.040955
-0.040975
-0.040995
-0.041014
-0.041034
-0.041054
-0.041073
-0.041093
-0.041112
-0.041131
-0.041151
-0.041170
-0.041189
-0.041209
-0.041228
-0.041247
-0.041266
-0.041285
-0.041304
-0.041323
-0.041342
-0.041361
-0.041380
-0.041399
-0.041418
-0.041436
-0.041455
-0.041474
-0.041492
-0.041511
-0.041529
-0.041548
-0.041566
-0.041585
-0.041603
-0.041622
-0.041640
-0.041658
-0.041677
-0.041695
-0.041713
-0.041731
-0.041749
-0.041767
-0.041785
-0.041803
-0.041821
-0.041839
-0.041857
-0.041875
-0.041892
-0.041910
-0.041928
-0.041946
-0.041963
-0.041981
-0.041998
-0.042016
-0.042033
-0.042051
-0.042068
-0.042086
-0.042103
-0.042120
-0.042138
-0.042155
-0.042172
-0.042189
-0.042206
-0.042223
-0.042240
-0.042257
-0.042274
-0.042291
-0.042308
-0.042325
-0.042342
-0.042359
-0.042376
-0.042392
-0.042409
-0.042426
-0.042442
-0.042459
-0.042475
-0.042492
-0.042508
-0.042525
-0.042541
-0.042558
-0.042574
-0.042590
-0.042607
-0.042623
-0.042639
-0.042655
-0.042671
-0.042688
-0.042704
-0.042720
-0.042736
-0.042752
-0.042768
-0.042784
-0.042799
-0.042815
-0.042831
-0.042847
-0.042863
-0.042878
-0.042894
-0.042910
-0.042925
-0.042941
-0.042956
-0.042972
-0.042987
-0.043003
-0.043018
-0.043034
-0.043049
-0.043064
-0.043080
-0.043095
-0.043110
-0.043125
-0.043140
-0.043156
-0.043171
-0.043186
-0.043201
-0.043216
-0.043231
-0.043246
-0.043261
-0.043275
-0.043290
-0.043305
-0.043320
-0.043335
-0.043349
-0.043364
-0.043379
-0.043393
-0.043408
-0.043422
-0.043437
-0.043452
-0.043466
-0.043480
-0.043495
-0.043509
-0.043524
-0.043538
-0.043552
-0.043566
-0.043581
-0.043595
-0.043609
-0.043623
-0.043637
-0.043651
-0.043665
-0.043679
-0.043693
-0.043707
-0.043721
-0.043735
-0.043749
-0.043763
-0.043777
-0.043791
-0.043804
-0.043818
-0.043832
-0.043845
-0.043859
-0.043873
-0.043886
-0.043900
-0.043913
-0.043927
-0.043940
-0.043954
-0.043967
-0.043981
-0.043994
-0.044007
-0.044021
-0.044034
-0.044047
-0.044060
-0.044074
-0.044087
-0.044100
-0.044113
-0.044126
-0.044139
-0.044152
-0.044165
-0.044178
-0.044191
-0.044204
-0.044217
-0.044230
-0.044243
-0.044255
-0.044268
-0.044281
-0.044294
-0.044306
-0.044319
-0.044332
-0.044344
-0.044357
-0.044369
-0.044382
-0.044394
-0.044407
-0.044419
-0.044432
-0.044444
-0.044457
-0.044469
-0.044481
-0.044494
-0.044506
-0.044518
-0.044530
-0.044543
-0.044555
-0.044567
-0.044579
-0.044591
-0.044603
-0.044615
-0.044627
-0.044639
-0.044651
-0.044663
-0.044675
-0.044687
-0.044699
-0.044711
-0.044722
-0.044734
-0.044746
-0.044758
-0.044769
-0.044781
-0.044793
-0.044804
-0.044816
-0.044828
-0.044839
-0.044851
-0.044862
-0.044874
-0.044885
-0.044897
-0.044908
-0.044919
-0.044931
-0.044942
-0.044954
-0.044965
-0.044976
-0.044987
-0.044999
-0.045010
-0.045021
-0.045032
-0.045043
-0.045054
-0.045065
-0.045076
-0.045088
-0.045099
-0.045110
-0.045121
-0.045131
-0.045142
-0.045153
-0.045164
-0.045175
-0.045186
-0.045197
-0.045207
-0.045218
-0.045229
-0.045240
-0.045250
-0.045261
-0.045272
-0.045282
-0.045293
-0.045303
-0.045314
-0.045325
-0.045335
-0.045346
-0.045356
-0.045367
-0.045377
-0.045387
-0.045398
-0.045408
-0.045418
-0.045429
-0.045439
-0.045449
-0.045460
-0.045470
-0.045480
-0.045490
-0.045500
-0.045510
-0.045521
-0.045531
-0.045541
-0.045551
-0.045561
-0.045571
-0.045581
-0.045591
-0.045601
-0.045611
-0.045621
-0.045631
-0.045640
-0.045650
-0.045660
-0.045670
-0.045680
-0.045689
-0.045699
-0.045709
-0.045719
-0.045728
-0.045738
-0.045748
-0.045757
-0.045767
-0.045776
-0.045786
-0.045795
-0.045805
-0.045815
-0.045824
-0.045833
-0.045843
-0.045852
-0.045862
-0.045871
-0.045880
-0.045890
-0.045899
-0.045908
-0.045918
-0.045927
-0.045936
-0.045945
-0.045955
-0.045964
-0.045973
-0.045982
-0.045991
-0.046000
-0.046009
-0.046019
-0.046028
-0.046037
-0.046046
-0.046055
-0.046064
-0.046073
-0.046081
-0.046090
-0.046099
-0.046108
-0.046117
-0.046126
-0.046135
-0.046144
-0.046152
-0.046161
-0.046170
-0.046179
-0.046187
-0.046196
-0.046205
-0.046213
-0.046222
-0.046231
-0.046239
-0.046248
-0.046256
-0.046265
-0.046273
-0.046282
-0.046290
-0.046299
-0.046307
-0.046316
-0.046324
-0.046333
-0.046341
-0.046349
-0.046358
-0.046366
-0.046375
-0.046383
-0.046391
-0.046399
-0.046408
-0.046416
-0.046424
-0.046432
-0.046441
-0.046449
-0.046457
-0.046465
-0.046473
-0.046481
-0.046489
-0.046497
-0.046505
-0.046513
-0.046521
-0.046529
-0.046537
-0.046545
-0.046553
-0.046561
-0.046569
-0.046577
-0.046585
-0.046593
-0.046601
-0.046609
-0.046616
-0.046624
-0.046632
-0.046640
-0.046648
-0.046655
-0.046663
-0.046671
-0.046678
-0.046686
-0.046694
-0.046701
-0.046709
-0.046717
-0.046724
-0.046732
-0.046739
-0.046747
-0.046755
-0.046762
-0.046770
-0.046777
-0.046785
-0.046792
-0.046799
-0.046807
-0.046814
-0.046822
-0.046829
-0.046836
-0.046844
-0.046851
-0.046858
-0.046866
-0.046873
-0.046880
-0.046888
-0.046895
-0.046902
-0.046909
-0.046917
-0.046924
-0.046931
-0.046938
-0.046945
-0.046952
-0.046959
-0.046967
-0.046974
-0.046981
-0.046988
-0.046995
-0.047002
-0.047009
-0.047016
-0.047023
-0.047030
-0.047037
-0.047044
-0.047051
-0.047058
-0.047065
-0.047071
-0.047078
-0.047085
-0.047092
-0.047099
-0.047106
-0.047112
-0.047119
-0.047126
-0.047133
-0.047140
-0.047146
-0.047153
-0.047160
-0.047166
-0.047173
-0.047180
-0.047186
-0.047193
-0.047200
-0.047206
-0.047213
-0.047220
-0.047226
-0.047233
-0.047239
-0.047246
-0.047252
-0.047259
-0.047265
-0.047272
-0.047278
-0.047285
-0.047291
-0.047298
-0.047304
-0.047311
-0.047317
-0.047323
-0.047330
-0.047336
-0.047342
-0.047349
-0.047355
-0.047361
-0.047368
-0.047374
-0.047380
-0.047387
-0.047393
-0.047399
-0.047405
-0.047411
-0.047418
-0.047424
-0.047430
-0.047436
-0.047442
-0.047448
-0.047455
-0.047461
-0.047467
-0.047473
-0.047479
-0.047485
-0.047491
-0.047497
-0.047503
-0.047509
-0.047515
-0.047521
-0.047527
-0.047533
-0.047539
-0.047545
-0.047551
-0.047557
-0.047563
-0.047569
-0.047575
-0.047581
-0.047586
-0.047592
-0.047598
-0.047604
-0.047610
-0.047616
-0.047621
-0.047627
-0.047633
-0.047639
-0.047644
-0.047650
-0.047656
-0.047662
-0.047667
-0.047673
-0.047679
-0.047684
-0.047690
-0.047696
-0.047701
-0.047707
-0.047713
-0.047718
-0.047724
-0.047729
-0.047735
-0.047741
-0.047746
-0.047752
-0.047757
-0.047763
-0.047768
-0.047774
-0.047779
-0.047785
-0.047790
-0.047796
-0.047801
-0.047807
-0.047812
-0.047817
-0.047823
-0.047828
-0.047834
-0.047839
-0.047844
-0.047850
-0.047855
-0.047860
-0.047866
-0.047871
-0.047876
-0.047882
-0.047887
-0.047892
-0.047898
-0.047903
-0.047908
-0.047913
-0.047919
-0.047924
-0.047929
-0.047934
-0.047939
-0.047945
-0.047950
-0.047955
-0.047960
-0.047965
-0.047970
-0.047975
-0.047981
-0.047986
-0.047991
-0.047996
-0.048001
-0.048006
-0.048011
-0.048016
-0.048021
-0.048026
-0.048031
-0.048036
-0.048041
-0.048046
-0.048051
-0.048056
-0.048061
-0.048066
-0.048071
-0.048076
-0.048081
-0.048086
-0.048091

