0.000000
0.000000
-0.000026
-0.000052
-0.000077
-0.000103
-0.000128
-0.000153
-0.000177
-0.000201
-0.000224
-0.000247
-0.000270
-0.000293
-0.000315
-0.000337
-0.000359
-0.000380
-0.000402
-0.000423
-0.000444
-0.000465
-0.000485
-0.000506
-0.000526
-0.000547
-0.000567
-0.000587
-0.000607
-0.000627
-0.000647
-0.000667
-0.000687
-0.000707
-0.000726
-0.000746
-0.000766
-0.000785
-0.000805
-0.000824
-0.000844
-0.000863
-0.000883
-0.000902
-0.000922
-0.000941
-0.000961
-0.000980
-0.001000
-0.001019
-0.001038
-0.001058
-0.001077
-0.001097
-0.001116
-0.001135
-0.001155
-0.001174
-0.001194
-0.001213
-0.001233
-0.001252
-0.001271
-0.001291
-0.001310
-0.001330
-0.001349
-0.001369
-0.001388
-0.001408
-0.001428
-0.001447
-0.001467
-0.001486
-0.001506
-0.001525
-0.001545
-0.001565
-0.001584
-0.001604
-0.001624
-0.001644
-0.001663
-0.001683
-0.001703
-0.001723
-0.001743
-0.001762
-0.001782
-0.001802
-0.001822
-0.001842
-0.001862
-0.001882
-0.001902
-0.001922
-0.001942
-0.001962
-0.001982
-0.002002
-0.002022
-0.002042
-0.002063
-0.002083
-0.002103
-0.002123
-0.002143
-0.002164
-0.002184
-0.002204
-0.002225
-0.002245
-0.002265
-0.002286
-0.002306
-0.002326
-0.002347
-0.002367
-0.002388
-0.002408
-0.002429
-0.002449
-0.002470
-0.002491
-0.002511
-0.002532
-0.002553
-0.002573
-0.002594
-0.002615
-0.002635
-0.002656
-0.002677
-0.002698
-0.002719
-0.002739
-0.002760
-0.002781
-0.002802
-0.002823
-0.002844
-0.002865
-0.002886
-0.002907
-0.002928
-0.002949
-0.002970
-0.002991
-0.003012
-0.003033
-0.003054
-0.003075
-0.003097
-0.003118
-0.003139
-0.003160
-0.003181
-0.003203
-0.003224
-0.003245
-0.003266
-0.003288
-0.003309
-0.003330
-0.003352
-0.003373
-0.003395
-0.003416
-0.003437
-0.003459
-0.003480
-0.003502
-0.003523
-0.003545
-0.003566
-0.003588
-0.003610
-0.003631
-0.003653
-0.003674
-0.003696
-0.003718
-0.003739
-0.003761
-0.003783
-0.003804
-0.003826
-0.003848
-0.003869
-0.003891
-0.003913
-0.003935
-0.003956
-0.003978
-0.004000
-0.004022
-0.004044
-0.004066
-0.004088
-0.004109
-0.004131
-0.004153
-0.004175
-0.004197
-0.004219
-0.004241
-0.004263
-0.004285
-0.004307
-0.004329
-0.004351
-0.004373
-0.004395
-0.004417
-0.004439
-0.004461
-0.004483
-0.004505
-0.004527
-0.004550
-0.004572
-0.004594
-0.004616
-0.004638
-0.004660
-0.004683
-0.004705
-0.004727
-0.004749
-0.004771
-0.004794
-0.004816
-0.004838
-0.004860
-0.004883
-0.004905
-0.004927
-0.004949
-0.004972
-0.004994
-0.005016
-0.005039
-0.005061
-0.005083
-0.005106
-0.005128
-0.005150
-0.005173
-0.005195
-0.005218
-0.005240
-0.005262
-0.005285
-0.005307
-0.005330
-0.005352
-0.005375
-0.005397
-0.005419
-0.005442
-0.005464
-0.005487
-0.005509
-0.005532
-0.005554
-0.005577
-0.005599
-0.005622
-0.005644
-0.005667
-0.005690
-0.005712
-0.005735
-0.005757
-0.005780
-0.005802
-0.005825
-0.005847
-0.005870
-0.005893
-0.005915
-0.005938
-0.005960
-0.005983
-0.006006
-0.006028
-0.006051
-0.006073
-0.006096
-0.006119
-0.006141
-0.006164
-0.006187
-0.006209
-0.006232
-0.006255
-0.006277
-0.006300
-0.006323
-0.006345
-0.006368
-0.006391
-0.006413
-0.006436
-0.006459
-0.006482
-0.006504
-0.006527
-0.006550
-0.006572
-0.006595
-0.006618
-0.006641
-0.006663
-0.006686
-0.006709
-0.006731
-0.006754
-0.006777
-0.006800
-0.006822
-0.006845
-0.006868
-0.006891
-0.006913
-0.006936
-0.006959
-0.006982
-0.007004
-0.007027
-0.007050
-0.007073
-0.007095
-0.007118
-0.007141
-0.007164
-0.007187
-0.007209
-0.007232
-0.007255
-0.007278
-0.007300
-0.007323
-0.007346
-0.007369
-0.007392
-0.007414
-0.007437
-0.007460
-0.007483
-0.007505
-0.007528
-0.007551
-0.007574
-0.007597
-0.007619
-0.007642
-0.007665
-0.007688
-0.007711
-0.007733
-0.007756
-0.007779
-0.007802
-0.007825
-0.007847
-0.007870
-0.007893
-0.007916
-0.007939
-0.007961
-0.007984
-0.008007
-0.008030
-0.008052
-0.008075
-0.008098
-0.008121
-0.008144
-0.008166
-0.008189
-0.008212
-0.008235
-0.008258
-0.008280
-0.008303
-0.008326
-0.008349
-0.008371
-0.008394
-0.008417
-0.008440
-0.008462
-0.008485
-0.008508
-0.008531
-0.008554
-0.008576
-0.008599
-0.008622
-0.008645
-0.008667
-0.008690
-0.008713
-0.008736
-0.008758
-0.008781
-0.008804
-0.008827
-0.008849
-0.008872
-0.008895
-0.008917
-0.008940
-0.008963
-0.008986
-0.009008
-0.009031
-0.009054
-0.009077
-0.009099
-0.009122
-0.009145
-0.009167
-0.009190
-0.009213
-0.009235
-0.009258
-0.009281
-0.009304
-0.009326
-0.009349
-0.009372
-0.009394
-0.009417
-0.009440
-0.009462
-0.009485
-0.009508
-0.009530
-0.009553
-0.009576
-0.009598
-0.009621
-0.009643
-0.009666
-0.009689
-0.009711
-0.009734
-0.009757
-0.009779
-0.009802
-0.009824
-0.009847
-0.009870
-0.009892
-0.009915
-0.009937
-0.009960
-0.009983
-0.010005
-0.010028
-0.010050
-0.010073
-0.010095
-0.010118
-0.010141
-0.010163
-0.010186
-0.010208
-0.010231
-0.010253
-0.010276
-0.010298
-0.010321
-0.010343
-0.010366
-0.010388
-0.010411
-0.010433
-0.010456
-0.010478
-0.010501
-0.010523
-0.010546
-0.010568
-0.010591
-0.010613
-0.010636
-0.010658
-0.010680
-0.010703
-0.010725
-0.010748
-0.010770
-0.010793
-0.010815
-0.010837
-0.010860
-0.010882
-0.010905
-0.010927
-0.010949
-0.010972
-0.010994
-0.011017
-0.011039
-0.011061
-0.011084
-0.011106
-0.011128
-0.011151
-0.011173
-0.011195
-0.011218
-0.011240
-0.011262
-0.011285
-0.011307
-0.011329
-0.011351
-0.011374
-0.011396
-0.011418
-0.011440
-0.011463
-0.011485
-0.011507
-0.011529
-0.011552
-0.011574
-0.011596
-0.011618
-0.011641
-0.011663
-0.011685
-0.011707
-0.011729
-0.011752
-0.011774
-0.011796
-0.011818
-0.011840
-0.011862
-0.011884
-0.011907
-0.011929
-0.011951
-0.011973
-0.011995
-0.012017
-0.012039
-0.012061
-0.012083
-0.012106
-0.012128
-0.012150
-0.012172
-0.012194
-0.012216
-0.012238
-0.012260
-0.012282
-0.012304
-0.012326
-0.012348
-0.012370
-0.012392
-0.012414
-0.012436
-0.012458
-0.012480
-0.012502
-0.012524
-0.012546
-0.012568
-0.012590
-0.012612
-0.012634
-0.012655
-0.012677
-0.012699
-0.012721
-0.012743
-0.012765
-0.012787
-0.012809
-0.012831
-0.012852
-0.012874
-0.012896
-0.012918
-0.012940
-0.012962
-0.012983
-0.013005
-0.013027
-0.013049
-0.013070
-0.013092
-0.013114
-0.013136
-0.013158
-0.013179
-0.013201
-0.013223
-0.013244
-0.013266
-0.013288
-0.013310
-0.013331
-0.013353
-0.013375
-0.013396
-0.013418
-0.013440
-0.013461
-0.013483
-0.013505
-0.013526
-0.013548
-0.013569
-0.013591
-0.013613
-0.013634
-0.013656
-0.013677
-0.013699
-0.013721
-0.013742
-0.013764
-0.013785
-0.013807
-0.013828
-0.013850
-0.013871
-0.013893
-0.013914
-0.013936
-0.013957
-0.013979
-0.014000
-0.014022
-0.014043
-0.014065
-0.014086
-0.014107
-0.014129
-0.014150
-0.014172
-0.014193
-0.014214
-0.014236
-0.014257
-0.014278
-0.014300
-0.014321
-0.014343
-0.014364
-0.014385
-0.014406
-0.014428
-0.014449
-0.014470
-0.014492
-0.014513
-0.014534
-0.014555
-0.014577
-0.014598
-0.014619
-0.014640
-0.014662
-0.014683
-0.014704
-0.014725
-0.014746
-0.014768
-0.014789
-0.014810
-0.014831
-0.014852
-0.014873
-0.014894
-0.014916
-0.014937
-0.014958
-0.014979
-0.015000
-0.015021
-0.015042
-0.015063
-0.015084
-0.015105
-0.015126
-0.015147
-0.015168
-0.015189
-0.015210
-0.015231
-0.015252
-0.015273
-0.015294
-0.015315
-0.015336
-0.015357
-0.015378
-0.015399
-0.015420
-0.015441
-0.015462
-0.015483
-0.015504
-0.015524
-0.015545
-0.015566
-0.015587
-0.015608
-0.015629
-0.015650
-0.015670
-0.015691
-0.015712
-0.015733
-0.015754
-0.015774
-0.015795
-0.015816
-0.015837
-0.015857
-0.015878
-0.015899
-0.015920
-0.015940
-0.015961
-0.015982
-0.016002
-0.016023
-0.016044
-0.016064
-0.016085
-0.016106
-0.016126
-0.016147
-0.016168
-0.016188
-0.016209
-0.016229
-0.016250
-0.016271
-0.016291
-0.016312
-0.016332
-0.016353
-0.016373
-0.016394
-0.016414
-0.016435
-0.016455
-0.016476
-0.016496
-0.016517
-0.016537
-0.016558
-0.016578
-0.016599
-0.016619
-0.016639
-0.016660
-0.016680
-0.016701
-0.016721
-0.016741
-0.016762
-0.016782
-0.016802
-0.016823
-0.016843
-0.016863
-0.016884
-0.016904
-0.016924
-0.016945
-0.016965
-0.016985
-0.017005
-0.017026
-0.017046
-0.017066
-0.017086
-0.017107
-0.017127
-0.017147
-0.017167
-0.017187
-0.017207
-0.017228
-0.017248
-0.017268
-0.017288
-0.017308
-0.017328
-0.017348
-0.017369
-0.017389
-0.017409
-0.017429
-0.017449
-0.017469
-0.017489
-0.017509
-0.017529
-0.017549
-0.017569
-0.017589
-0.017609
-0.017629
-0.017649
-0.017669
-0.017689
-0.017709
-0.017729
-0.017749
-0.017769
-0.017789
-0.017808
-0.017828
-0.017848
-0.017868
-0.017888
-0.017908
-0.017928
-0.017948
-0.017967
-0.017987
-0.018007
-0.018027
-0.018047
-0.018066
-0.018086
-0.018106
-0.018126
-0.018145
-0.018165
-0.018185
-0.018205
-0.018224
-0.018244
-0.018264
-0.018284
-0.018303
-0.018323
-0.018343
-0.018362
-0.018382
-0.018401
-0.018421
-0.018441
-0.018460
-0.018480
-0.018500
-0.018519
-0.018539
-0.018558
-0.018578
-0.018597
-0.018617
-0.018636
-0.018656
-0.018675
-0.018695
-0.018714
-0.018734
-0.018753
-0.018773
-0.018792
-0.018812
-0.018831
-0.018851
-0.018870
-0.018889
-0.018909
-0.018928
-0.018948
-0.018967
-0.018986
-0.019006
-0.019025
-0.019044
-0.019064
-0.019083
-0.019102
-0.019122
-0.019141
-0.019160
-0.019179
-0.019199
-0.019218
-0.019237
-0.019256
-0.019276
-0.019295
-0.019314
-0.019333
-0.019353
-0.019372
-0.019391
-0.019410
-0.019429
-0.019448
-0.019468
-0.019487
-0.019506
-0.019525
-0.019544
-0.019563
-0.019582
-0.019601
-0.019620
-0.019639
-0.019658
-0.019677
-0.019696
-0.019715
-0.019734
-0.019753
-0.019772
-0.019791
-0.019810
-0.019829
-0.019848
-0.019867
-0.019886
-0.019905
-0.019924
-0.019943
-0.019962
-0.019981
-0.020000
-0.020019
-0.020037
-0.020056
-0.020075
-0.020094
-0.020113
-0.020132
-0.020150
-0.020169
-0.020188
-0.020207
-0.020226
-0.020244
-0.020263
-0.020282
-0.020301
-0.020319
-0.020338
-0.020357
-0.020375
-0.020394
-0.020413
-0.020432
-0.020450
-0.020469
-0.020488
-0.020506
-0.020525
-0.020543
-0.020562
-0.020581
-0.020599
-0.020618
-0.020636
-0.020655
-0.020674
-0.020692
-0.020711
-0.020729
-0.020748
-0.020766
-0.020785
-0.020803
-0.020822
-0.020840
-0.020859
-0.020877
-0.020895
-0.020914
-0.020932
-0.020951
-0.020969
-0.020988
-0.021006
-0.021024
-0.021043
-0.021061
-0.021079
-0.021098
-0.021116
-0.021135
-0.021153
-0.021171
-0.021189
-0.021208
-0.021226
-0.021244
-0.021263
-0.021281
-0.021299
-0.021317
-0.021336
-0.021354
-0.021372
-0.021390
-0.021408
-0.021427
-0.021445
-0.021463
-0.021481
-0.021499
-0.021517
-0.021536
-0.021554
-0.021572
-0.021590
-0.021608
-0.021626
-0.021644
-0.021662
-0.021680
-0.021698
-0.021716
-0.021734
-0.021752
-0.021770
-0.021788
-0.021806
-0.021824
-0.021842
-0.021860
-0.021878
-0.021896
-0.021914
-0.021932
-0.021950
-0.021968
-0.021986
-0.022004
-0.022022
-0.022040
-0.022058
-0.022075
-0.022093
-0.022111
-0.022129
-0.022147
-0.022165
-0.022182
-0.022200
-0.022218
-0.022236
-0.022254
-0.022271
-0.022289
-0.022307
-0.022325
-0.022342
-0.022360
-0.022378
-0.022395
-0.022413
-0.022431
-0.022448
-0.022466
-0.022484
-0.022501
-0.022519
-0.022537
-0.022554
-0.022572
-0.022590
-0.022607
-0.022625
-0.022642
-0.022660
-0.022677
-0.022695
-0.022713
-0.022730
-0.022748
-0.022765
-0.022783
-0.022800
-0.022818
-0.022835
-0.022853
-0.022870
-0.022887
-0.022905
-0.022922
-0.022940
-0.022957
-0.022975
-0.022992
-0.023009
-0.023027
-0.023044
-0.023062
-0.023079
-0.023096
-0.023114
-0.023131
-0.023148
-0.023166
-0.023183
-0.023200
-0.023217
-0.023235
-0.023252
-0.023269
-0.023286
-0.023304
-0.023321
-0.023338
-0.023355
-0.023373
-0.023390
-0.023407
-0.023424
-0.023441
-0.023458
-0.023476
-0.023493
-0.023510
-0.023527
-0.023544
-0.023561
-0.023578
-0.023595
-0.023613
-0.023630
-0.023647
-0.023664
-0.023681
-0.023698
-0.023715
-0.023732
-0.023749
-0.023766
-0.023783
-0.023800
-0.023817
-0.023834
-0.023851
-0.023868
-0.023885
-0.023902
-0.023919
-0.023935
-0.023952
-0.023969
-0.023986
-0.024003
-0.024020
-0.024037
-0.024054
-0.024070
-0.024087
-0.024104
-0.024121
-0.024138
-0.024155
-0.024171
-0.024188
-0.024205
-0.024222
-0.024238
-0.024255
-0.024272
-0.024289
-0.024305
-0.024322
-0.024339
-0.024356
-0.024372
-0.024389
-0.024406
-0.024422
-0.024439
-0.024456
-0.024472
-0.024489
-0.024505
-0.024522
-0.024539
-0.024555
-0.024572
-0.024588
-0.024605
-0.024622
-0.024638
-0.024655
-0.024671
-0.024688
-0.024704
-0.024721
-0.024737
-0.024754
-0.024770
-0.024787
-0.024803
-0.024820
-0.024836
-0.024852
-0.024869
-0.024885
-0.024902
-0.024918
-0.024935
-0.024951
-0.024967
-0.024984
-0.025000
-0.025016
-0.025033
-0.025049
-0.025065
-0.025082
-0.025098
-0.025114
-0.025131
-0.025147
-0.025163
-0.025179
-0.025196
-0.025212
-0.025228
-0.025244
-0.025261
-0.025277
-0.025293
-0.025309
-0.025326
-0.025342
-0.025358
-0.025374
-0.025390
-0.025406
-0.025423
-0.025439
-0.025455
-0.025471
-0.025487
-0.025503
-0.025519
-0.025535
-0.025551
-0.025567
-0.025583
-0.025600
-0.025616
-0.025632
-0.025648
-0.025664
-0.025680
-0.025696
-0.025712
-0.025728
-0.025744
-0.025760
-0.025775
-0.025791
-0.025807
-0.025823
-0.025839
-0.025855
-0.025871
-0.025887
-0.025903
-0.025919
-0.025935
-0.025950
-0.025966
-0.025982
-0.025998
-0.026014
-0.026030
-0.026045
-0.026061
-0.026077
-0.026093
-0.026109
-0.026124
-0.026140
-0.026156
-0.026172
-0.026187
-0.026203
-0.026219
-0.026235
-0.026250
-0.026266
-0.026282
-0.026297
-0.026313
-0.026329
-0.026344
-0.026360
-0.026376
-0.026391
-0.026407
-0.026422
-0.026438
-0.026454
-0.026469
-0.026485
-0.026500
-0.026516
-0.026532
-0.026547
-0.026563
-0.026578
-0.026594
-0.026609
-0.026625
-0.026640
-0.026656
-0.026671
-0.026687
-0.026702
-0.026718
-0.026733
-0.026748
-0.026764
-0.026779
-0.026795
-0.026810
-0.026825
-0.026841
-0.026856
-0.026872
-0.026887
-0.026902
-0.026918
-0.026933
-0.026948
-0.026964
-0.026979
-0.026994
-0.027010
-0.027025
-0.027040
-0.027055
-0.027071
-0.027086
-0.027101
-0.027116
-0.027132
-0.027147
-0.027162
-0.027177
-0.027193
-0.027208
-0.027223
-0.027238
-0.027253
-0.027268
-0.027284
-0.027299
-0.027314
-0.027329
-0.027344
-0.027359
-0.027374
-0.027389
-0.027405
-0.027420
-0.027435
-0.027450
-0.027465
-0.027480
-0.027495
-0.027510
-0.027525
-0.027540
-0.027555
-0.027570
-0.027585
-0.027600
-0.027615
-0.027630
-0.027645
-0.027660
-0.027675
-0.027690
-0.027705
-0.027720
-0.027734
-0.027749
-0.027764
-0.027779
-0.027794
-0.027809
-0.027824
-0.027839
-0.027853
-0.027868
-0.027883
-0.027898
-0.027913
-0.027928
-0.027942
-0.027957
-0.027972
-0.027987
-0.028001
-0.028016
-0.028031
-0.028046
-0.028060
-0.028075
-0.028090
-0.028105
-0.028119
-0.028134
-0.028149
-0.028163
-0.028178
-0.028193
-0.028207
-0.028222
-0.028237
-0.028251
-0.028266
-0.028281
-0.028295
-0.028310
-0.028324
-0.028339
-0.028353
-0.028368
-0.028383
-0.028397
-0.028412
-0.028426
-0.028441
-0.028455
-0.028470
-0.028484
-0.028499
-0.028513
-0.028528
-0.028542
-0.028557
-0.028571
-0.028586
-0.028600
-0.028614
-0.028629
-0.028643
-0.028658
-0.028672
-0.028687
-0.028701
-0.028715
-0.028730
-0.028744
-0.028758
-0.028773
-0.028787
-0.028801
-0.028816
-0.028830
-0.028844
-0.028859
-0.028873
-0.028887
-0.028902
-0.028916
-0.028930
-0.028944
-0.028959
-0.028973
-0.028987
-0.029001
-0.029015
-0.029030
-0.029044
-0.029058
-0.029072
-0.029086
-0.029101
-0.029115
-0.029129
-0.029143
-0.029157
-0.029171
-0.029185
-0.029200
-0.029214
-0.029228
-0.029242
-0.029256
-0.029270
-0.029284
-0.029298
-0.029312
-0.029326
-0.029340
-0.029354
-0.029368
-0.029382
-0.029396
-0.029410
-0.029424
-0.029438
-0.029452
-0.029466
-0.029480
-0.029494
-0.029508
-0.029522
-0.029536
-0.029550
-0.029564
-0.029578
-0.029592
-0.029606
-0.029620
-0.029633
-0.029647
-0.029661
-0.029675
-0.029689
-0.029703
-0.029717
-0.029730
-0.029744
-0.029758
-0.029772
-0.029786
-0.029799
-0.029813
-0.029827
-0.029841
-0.029854
-0.029868
-0.029882
-0.029896
-0.029909
-0.029923
-0.029937
-0.029951
-0.029964
-0.029978
-0.029992
-0.030005
-0.030019
-0.030033
-0.030046
-0.030060
-0.030074
-0.030087
-0.030101
-0.030114
-0.030128
-0.030142
-0.030155
-0.030169
-0.030182
-0.030196
-0.030209
-0.030223
-0.030237
-0.030250
-0.030264
-0.030277
-0.030291
-0.030304
-0.030318
-0.030331
-0.030345
-0.030358
-0.030372
-0.030385
-0.030399
-0.030412
-0.030425
-0.030439
-0.030452
-0.030466
-0.030479
-0.030493
-0.030506
-0.030519
-0.030533
-0.030546
-0.030559
-0.030573
-0.030586
-0.030600
-0.030613
-0.030626
-0.030640
-0.030653
-0.030666
-0.030679
-0.030693
-0.030706
-0.030719
-0.030733
-0.030746
-0.030759
-0.030772
-0.030786
-0.030799
-0.030812
-0.030825
-0.030839
-0.030852
-0.030865
-0.030878
-0.030891
-0.030905
-0.030918
-0.030931
-0.030944
-0.030957
-0.030970
-0.030983
-0.030997
-0.031010
-0.031023
-0.031036
-0.031049
-0.031062
-0.031075
-0.031088
-0.031101
-0.031114
-0.031127
-0.031140
-0.031154
-0.031167
-0.031180
-0.031193
-0.031206
-0.031219
-0.031232
-0.031245
-0.031258
-0.031271
-0.031284
-0.031296
-0.031309
-0.031322
-0.031335
-0.031348
-0.031361
-0.031374
-0.031387
-0.031400
-0.031413
-0.031426
-0.031439
-0.031451
-0.031464
-0.031477
-0.031490
-0.031503
-0.031516
-0.031529
-0.031541
-0.031554
-0.031567
-0.031580
-0.031593
-0.031605
-0.031618
-0.031631
-0.031644
-0.031656
-0.031669
-0.031682
-0.031695
-0.031707
-0.031720
-0.031733
-0.031746
-0.031758
-0.031771
-0.031784
-0.031796
-0.031809
-0.031822
-0.031834
-0.031847
-0.031860
-0.031872
-0.031885
-0.031898
-0.031910
-0.031923
-0.031935
-0.031948
-0.031961
-0.031973
-0.031986
-0.031998
-0.032011
-0.032023
-0.032036
-0.032049
-0.032061
-0.032074
-0.032086
-0.032099
-0.032111
-0.032124
-0.032136
-0.032149
-0.032161
-0.032174
-0.032186
-0.032199
-0.032211
-0.032223
-0.032236
-0.032248
-0.032261
-0.032273
-0.032286
-0.032298
-0.032310
-0.032323
-0.032335
-0.032347
-0.032360
-0.032372
-0.032385
-0.032397
-0.032409
-0.032422
-0.032434
-0.032446
-0.032459
-0.032471
-0.032483
-0.032495
-0.032508
-0.032520
-0.032532
-0.032545
-0.032557
-0.032569
-0.032581
-0.032594
-0.032606
-0.032618
-0.032630
-0.032642
-0.032655
-0.032667
-0.032679
-0.032691
-0.032703
-0.032716
-0.032728
-0.032740
-0.032752
-0.032764
-0.032776
-0.032788
-0.032800
-0.032813
-0.032825
-0.032837
-0.032849
-0.032861
-0.032873
-0.032885
-0.032897
-0.032909
-0.032921
-0.032933
-0.032945
-0.032957
-0.032969
-0.032981
-0.032993
-0.033005
-0.033017
-0.033029
-0.033041
-0.033053
-0.033065
-0.033077
-0.033089
-0.033101
-0.033113
-0.033125
-0.033137
-0.033149
-0.033161
-0.033173
-0.033185
-0.033197
-0.033209
-0.033220
-0.033232
-0.033244
-0.033256
-0.033268
-0.033280
-0.033292
-0.033303
-0.033315
-0.033327
-0.033339
-0.033351
-0.033362
-0.033374
-0.033386
-0.033398
-0.033410
-0.033421
-0.033433
-0.033445
-0.033457
-0.033468
-0.033480
-0.033492
-0.033504
-0.033515
-0.033527
-0.033539
-0.033550
-0.033562
-0.033574
-0.033585
-0.033597
-0.033609
-0.033620
-0.033632
-0.033644
-0.033655
-0.033667
-0.033679
-0.033690
-0.033702
-0.033713
-0.033725
-0.033737
-0.033748
-0.033760
-0.033771
-0.033783
-0.033795
-0.033806
-0.033818
-0.033829
-0.033841
-0.033852
-0.033864
-0.033875
-0.033887
-0.033898
-0.033910
-0.033921
-0.033933
-0.033944
-0.033956
-0.033967
-0.033979
-0.033990
-0.034001
-0.034013
-0.034024
-0.034036
-0.034047
-0.034059
-0.034070
-0.034081
-0.034093
-0.034104
-0.034116
-0.034127
-0.034138
-0.034150
-0.034161
-0.034172
-0.034184
-0.034195
-0.034206
-0.034218
-0.034229
-0.034240
-0.034252
-0.034263
-0.034274
-0.034285
-0.034297
-0.034308
-0.034319
-0.034330
-0.034342
-0.034353
-0.034364
-0.034375
-0.034387
-0.034398
-0.034409
-0.034420
-0.034431
-0.034443
-0.034454
-0.034465
-0.034476
-0.034487
-0.034498
-0.034510
-0.034521
-0.034532
-0.034543
-0.034554
-0.034565
-0.034576
-0.034588
-0.034599
-0.034610
-0.034621
-0.034632
-0.034643
-0.034654
-0.034665
-0.034676
-0.034687
-0.034698
-0.034709
-0.034720
-0.034731
-0.034742
-0.034753
-0.034764
-0.034775
-0.034786
-0.034797
-0.034808
-0.034819
-0.034830
-0.034841
-0.034852
-0.034863
-0.034874
-0.034885
-0.034896
-0.034907
-0.034918
-0.034929
-0.034940
-0.034950
-0.034961
-0.034972
-0.034983
-0.034994
-0.035005
-0.035016
-0.035027
-0.035037
-0.035048
-0.035059
-0.035070
-0.035081
-0.035092
-0.035102
-0.035113
-0.035124
-0.035135
-0.035146
-0.035156
-0.035167
-0.035178
-0.035189
-0.035199
-0.035210
-0.035221
-0.035232
-0.035242
-0.035253
-0.035264
-0.035275
-0.035285
-0.035296
-0.035307
-0.035317
-0.035328
-0.035339
-0.035349
-0.035360
-0.035371
-0.035381
-0.035392
-0.035403
-0.035413
-0.035424
-0.035435
-0.035445
-0.035456
-0.035466
0.482471
1.274182
2.199213
2.820491
3.257415
3.574133
3.807873
3.981535
4.109923
4.203099
4.264203
4.300517
4.317186
4.318040
4.306040
4.283530
4.252415
4.214251
4.170334
4.121745
4.069394
4.014059
3.956381
3.896911
3.836123
3.774407
3.712098
3.649488
3.586813
3.524276
3.462055
3.400290
3.339102
3.278597
3.218855
3.159946
3.101923
3.044842
2.988731
2.933618
2.879528
2.826474
2.774463
2.723501
2.673596
2.624741
2.576931
2.530158
2.484420
2.439701
2.395988
2.353269
2.311533
2.270761
2.230939
2.192049
2.154073
2.117000
2.080808
2.045480
2.010999
1.977345
1.944502
1.912456
1.881186
1.850676
1.820906
1.791861
1.763523
1.735876
1.708907
1.682597
1.656930
1.631891
1.607463
1.583632
1.560383
1.537703
1.515578
1.493992
1.472933
1.452387
1.432341
1.412782
1.393696
1.375074
1.356901
1.339169
1.321864
1.304977
1.288495
1.272407
1.256705
1.241376
1.226413
1.211804
1.197540
1.183614
1.170014
1.156733
1.661896
2.442746
3.359603
3.984382
4.430612
4.759295
5.005869
5.192318
5.332822
5.437170
5.505615
5.546689
5.566247
5.568578
5.556946
5.533913
5.501537
5.461516
5.415232
5.363846
5.308335
5.249544
5.188154
5.124756
5.059871
4.993912
4.927238
4.860179
4.792977
4.725852
4.659014
4.592600
4.526740
4.461568
4.397157
4.333580
4.270922
4.209214
4.148496
4.088816
4.030185
3.972616
3.916137
3.860744
3.806438
3.753218
3.701095
3.650050
3.600073
3.551152
3.503292
3.456466
3.410659
3.365853
3.322047
3.279213
3.237334
3.196390
3.156364
3.117251
3.079022
3.041657
3.005138
2.969447
2.934575
2.900498
2.867196
2.834651
2.802846
2.771762
2.741394
2.711716
2.682711
2.654363
2.626655
2.599573
2.573100
2.547230
2.521941
2.497219
2.473048
2.449416
2.426308
2.403710
2.381611
2.360003
2.338869
2.318196
2.297974
2.278189
2.258831
2.239889
2.221350
2.203206
2.185445
2.168062
2.151045
2.134382
2.118066
2.102086
2.086434
2.071101
2.056078
2.041357
2.026931
2.012791
1.998930
1.985341
1.972019
1.958955
1.946143
1.933575
1.921244
1.909146
1.897272
1.885618
1.874177
1.862944
1.851913
1.841079
1.830437
1.819981
1.809706
1.799609
1.789683
1.779926
1.770333
1.760901
1.751623
1.742495
1.733515
1.724678
1.715979
1.707416
1.698985
1.690683
1.682505
1.674449
1.666511
1.658689
1.650979
1.643379
1.635885
1.628495
1.621206
1.614016
1.606921
1.599920
1.593011
1.586190
1.579455
1.572807
1.566241
1.559755
1.553348
1.547016
1.540759
1.534574
1.528460
1.522414
1.516436
1.510523
1.504673
1.498885
1.493158
1.487491
1.481880
1.476326
1.470827
1.465381
1.459987
1.454645
1.449351
1.444107
1.438910
1.433759
1.428653
1.423592
1.418573
1.413596
1.408661
1.403765
1.398909
1.394091
1.389311
1.384567
1.379859
1.375187
1.370549
1.365945
1.361374
1.356835
1.352327
1.347850
1.343403
1.338985
1.334597
1.330236
1.325903
1.321597
1.317317
1.313064
1.308835
1.304632
1.300453
1.296297
1.292166
1.288057
1.283970
1.279906
1.275863
1.271842
1.267841
1.263861
1.259901
1.255961
1.252040
1.248138
1.244255
1.240391
1.236544
1.232715
1.228904
1.225110
1.221332
1.217572
1.213827
1.210099
1.206387
1.202690
1.199008
1.195342
1.191691
1.188054
1.184432
1.180824
1.177230
1.173650
1.170083
1.166531
1.162992
1.159467
1.155954
1.152455
1.148968
1.145493
1.142031
1.138581
1.135144
1.131718
1.128304
1.124901
1.121510
1.118130
1.114762
1.111404
1.108058
1.104723
1.101398
1.098084
1.094780
1.091487
1.088204
1.084932
1.081669
1.078417
1.075174
1.071942
1.068719
1.065506
1.062302
1.059108
1.055924
1.052749
1.049583
1.046426
1.043279
1.040140
1.037011
1.033890
1.030779
1.027676
1.024582
1.021497
1.018420
1.015352
1.012293
1.009242
1.006199
1.003165
1.000139
0.997121
0.994112
0.991111
0.988118
0.985132
0.982155
0.979186
0.976225
0.973272
0.970327
0.967389
0.964460
0.961538
0.958625
0.955719
0.952820
0.949930
0.947047
0.944172
0.941304
0.938443
0.935591
0.932745
0.929907
0.927076
0.924253
0.921437
0.918628
0.915826
0.913032
0.910245
0.907465
0.904692
0.901926
0.899167
0.896415
0.893671
0.890933
0.888202
0.885478
0.882761
0.880051
0.877348
0.874652
0.871962
0.869280
0.866604
0.863935
0.861272
0.858617
0.855968
0.853325
0.850690
0.848061
0.845438
0.842823
0.840213
0.837611
0.835015
0.832425
0.829842
0.827266
0.824696
0.822132
0.819575
0.817024
0.814480
0.811942
0.809411
0.806885
0.804367
0.801854
0.799348
0.796848
0.794354
0.791867
0.789386
0.786911
0.784442
0.781980
0.779524
0.777074
0.774630
0.772192
0.769760
0.767335
0.764915
0.762502
0.760094
0.757693
0.755298
0.752909
0.750526
0.748150
0.745779
0.743414
0.741056
0.738703
0.736356
0.734015
0.731681
0.729352
0.727028
0.724711
0.722400
0.720094
0.717795
0.715501
0.713213
0.710931
0.708654
0.706383
0.704119
0.701859
0.699606
0.697358
0.695116
0.692880
0.690649
0.688424
0.686205
0.683991
0.681783
0.679581
0.677384
0.675192
0.673007
0.670827
0.668652
0.666483
0.664320
0.662162
0.660009
0.657863
0.655721
0.653585
0.651455
0.649330
0.647210
0.645096
0.642987
0.640884
0.638786
0.636693
0.634606
0.632525
0.630448
0.628377
0.626311
0.624251
0.622196
0.620146
0.618101
0.616062
0.614028
0.611999
0.609976
0.607957
0.605944
0.603936
0.601934
0.599936
0.597944
0.595957
0.593975
0.591998
0.590026
0.588059
0.586098
0.584141
0.582190
0.580244
0.578303
0.576367
0.574435
0.572509
0.570588
0.568672
0.566761
0.564855
0.562954
0.561058
0.559167
0.557281
0.555400
0.553523
0.551652
0.549786
0.547924
0.546067
0.544216
0.542369
0.540527
0.538690
0.536858
0.535031
0.533208
0.531391
0.529578
0.527770
0.525967
0.524168
0.522374
0.520585
0.518801
0.517022
0.515247
0.513477
0.511711
0.509950
0.508194
0.506443
0.504696
0.502954
0.501216
0.499484
0.497755
0.496032
0.494312
0.492598
0.490888
0.489183
0.487482
0.485785
0.484094
0.482406
0.480724
0.479045
0.477372
0.475702
0.474037
0.472377
0.470721
0.469070
0.467423
0.465780
0.464142
0.462508
0.460878
0.459253
0.457633
0.456016
0.454404
0.452797
0.451194
0.449595
0.448000
0.446409
0.444823
0.443242
0.441664
0.440091
0.438522
0.436957
0.435397
0.433840
0.432288
0.430740
0.429197
0.427657
0.426122
0.424591
0.423064
0.421541
0.420022
0.418508
0.416997
0.415491
0.413989
0.412491
0.410997
0.409507
0.408021
0.406539
0.405061
0.403588
0.402118
0.400652
0.399191
0.397733
0.396279
0.394830
0.393384
0.391942
0.390505
0.389071
0.387641
0.386215
0.384793
0.383375
0.381960
0.380550
0.379144
0.377741
0.376342
0.374948
0.373557
0.372169
0.370786
0.369407
0.368031
0.366659
0.365291
0.363927
0.362566
0.361210
0.359857
0.358507
0.357162
0.355820
0.354482
0.353148
0.351817
0.350490
0.349167
0.347848
0.346532
0.345220
0.343911
0.342606
0.341305
0.340007
0.338713
0.337423
0.336137
0.334853
0.333574
0.332298
0.331026
0.329757
0.328492
0.327231
0.325973
0.324718
0.323467
0.322220
0.320976
0.319735
0.318498
0.317265
0.316035
0.314808
0.313585
0.312366
0.311150
0.309937
0.308728
0.307522
0.306319
0.305120
0.303924
0.302732
0.301543
0.300358
0.299175
0.297996
0.296821
0.295649
0.294480
0.293314
0.292152
0.290993
0.289838
0.288685
0.287536
0.286390
0.285248
0.284109
0.282973
0.281840
0.280710
0.279584
0.278461
0.277341
0.276224
0.275111
0.274000
0.272893
0.271789
0.270688
0.269591
0.268496
0.267405
0.266317
0.265232
0.264150
0.263071
0.261995
0.260922
0.259853
0.258786
0.257723
0.256662
0.255605
0.254551
0.253500
0.252451
0.251406
0.250364
0.249325
0.248289
0.247256
0.246226
0.245199
0.244174
0.243153
0.242135
0.241120
0.240107
0.239098
0.238092
0.237088
0.236087
0.235090
0.234095
0.233103
0.232114
0.231128
0.230145
0.229164
0.228187
0.227212
0.226240
0.225272
0.224305
0.223342
0.222382
0.221424
0.220469
0.219517
0.218568
0.217621
0.216678
0.215737
0.214799
0.213863
0.212931
0.212001
0.211074
0.210149
0.209228
0.208309
0.207392
0.206479
0.205568
0.204660
0.203754
0.202851
0.201951
0.201054
0.200159
0.199267
0.198377
0.197491
0.196606
0.195725
0.194846
0.193969
0.193096
0.192225
0.191356
0.190490
0.189627
0.188766
0.187908
0.187052
0.186199
0.185348
0.184500
0.183655
0.182812
0.181971
0.181133
0.180298
0.179465
0.178635
0.177807
0.176981
0.176158
0.175338
0.174520
0.173705
0.172891
0.172081
0.171273
0.170467
0.169664
0.168863
0.168064
0.167268
0.166475
0.165683
0.164895
0.164108
0.163324
0.162542
0.161763
0.160986
0.160212
0.159439
0.158670
0.157902
0.157137
0.156374
0.155613
0.154855
0.154099
0.153346
0.152594
0.151846
0.151099
0.150354
0.149612
0.148872
0.148135
0.147400
0.146667
0.145936
0.145207
0.144481
0.143757
0.143035
0.142315
0.141598
0.140883
0.140170
0.139459
0.138750
0.138044
0.137340
0.136638
0.135938
0.135240
0.134545
0.133851
0.133160
0.132471
0.131784
0.131100
0.130417
0.129736
0.129058
0.128382
0.127708
0.127036
0.126366
0.125698
0.125032
0.124369
0.123707
0.123048
0.122390
0.121735
0.121082
0.120431
0.119781
0.119134
0.118489
0.117846
0.117205
0.116566
0.115929
0.115294
0.114661
0.114031
0.113402
0.112775
0.112150
0.111527
0.110906
0.110287
0.109670
0.109055
0.108442
0.107831
0.107221
0.106614
0.106009
0.105405
0.104804
0.104205
0.103607
0.103011
0.102418
0.101826
0.101236
0.100648
0.100062
0.099477
0.098895
0.098315
0.097736
0.097159
0.096584
0.096011
0.095440
0.094871
0.094304
0.093738
0.093174
0.092612
0.092052
0.091494
0.090937
0.090383
0.089830
0.089279
0.088730
0.088183
0.087637
0.087093
0.086551
0.086011
0.085472
0.084936
0.084401
0.083868
0.083336
0.082807
0.082279
0.081753
0.081228
0.080706
0.080185
0.079666
0.079148
0.078632
0.078119
0.077606
0.077096
0.076587
0.076080
0.075574
0.075070
0.074568
0.074068
0.073569
0.073072
0.072577
0.072083
0.071591
0.071101
0.070612
0.070125
0.069640
0.069156
0.068674
0.068193
0.067715
0.067237
0.066762
0.066288
0.065816
0.065345
0.064876
0.064408
0.063943
0.063478
0.063016
0.062554
0.062095
0.061637
0.061181
0.060726
0.060273
0.059821
0.059371
0.058923
0.058476
0.058030
0.057587
0.057144
0.056704
0.056264
0.055827
0.055391
0.054956
0.054523
0.054092
0.053662
0.053233
0.052806
0.052381
0.051957
0.051534
0.051113
0.050694
0.050276
0.049859
0.049444
0.049031
0.048619
0.048208
0.047799
0.047391
0.046985
0.046580
0.046177
0.045775
0.045375
0.044976
0.044579
0.044183
0.043788
0.043395
0.043003
0.042613
0.042224
0.041837
0.041450
0.041066
0.040683
0.040301
0.039920
0.039541
0.039164
0.038788
0.038413
0.038039
0.037667
0.037297
0.036927
0.036559
0.036193
0.035828
0.035464
0.035101
0.034740
0.034380
0.034022
0.033665
0.033309
0.032955
0.032602
0.032250
0.031900
0.031551
0.031203
0.030857
0.030512
0.030168
0.029826
0.029484
0.029145
0.028806
0.028469
0.028133
0.027798
0.027465
0.027133
0.026802
0.026473
0.026145
0.025818
0.025492
0.025168
0.024845
0.024523
0.024202
0.023883
0.023565
0.023248
0.022933
0.022619
0.022306
0.021994
0.021683
0.021374
0.021066
0.020759
0.020453
0.020149
0.019846
0.019544
0.019243
0.018944
0.018645
0.018348
0.018052
0.017758
0.017464
0.017172
0.016881
0.016591
0.016302
0.016014
0.015728
0.015443
0.015159
0.014876
0.014594
0.014314
0.014035
0.013756
0.013479
0.013203
0.012929
0.012655
0.012383
0.012112
0.011841
0.011572
0.011305
0.011038
0.010772
0.010508
0.010244
0.009982
0.009721
0.009461
0.009202
0.008945
0.008688
0.008432
0.008178
0.007925
0.007672
0.007421
0.007171
0.006922
0.006674
0.006427
0.006182
0.005937
0.005693
0.005451
0.005209
0.004969
0.004730
0.004492
0.004254
0.004018
0.003783
0.003549
0.003316
0.003084
0.002853
0.002623
0.002395
0.002167
0.001940
0.001714
0.001490
0.001266
0.001043
0.000821
0.000601
0.000381
0.000163
-0.000055
-0.000272
-0.000487
-0.000702
-0.000916
-0.001128
-0.001340
-0.001551
-0.001760
-0.001969
-0.002177
-0.002384
-0.002589
-0.002794
-0.002998
-0.003201
-0.003403
-0.003604
-0.003804
-0.004003
-0.004201
-0.004398
-0.004595
-0.004790
-0.004984
-0.005178
-0.005370
-0.005562
-0.005753
-0.005942
-0.006131
-0.006319
-0.006506
-0.006692
-0.006877
-0.007062
-0.007245
-0.007427
-0.007609
-0.007790
-0.007969
-0.008148
-0.008326
-0.008504
-0.008680
-0.008855
-0.009030
-0.009203
-0.009376
-0.009548
-0.009719
-0.009889
-0.010059
-0.010227
-0.010395
-0.010561
-0.010727
-0.010893
-0.011057
-0.011220
-0.011383
-0.011545
-0.011705
-0.011866
-0.012025
-0.012183
-0.012341
-0.012498
-0.012654
-0.012809
-0.012964
-0.013117
-0.013270
-0.013422
-0.013573
-0.013724
-0.013873
-0.014022
-0.014170
-0.014318
-0.014464
-0.014610
-0.014755
-0.014899
-0.015043
-0.015186
-0.015328
-0.015469
-0.015609
-0.015749
-0.015888
-0.016026
-0.016164
-0.016301
-0.016437
-0.016572
-0.016707
-0.016841
-0.016974
-0.017106
-0.017238
-0.017369
-0.017499
-0.017629
-0.017758
-0.017886
-0.018013
-0.018140
-0.018266
-0.018392
-0.018517
-0.018641
-0.018764
-0.018887
-0.019009
-0.019130
-0.019251
-0.019371
-0.019490
-0.019609
-0.019727
-0.019845
-0.019961
-0.020078
-0.020193
-0.020308
-0.020422
-0.020536
-0.020649
-0.020761
-0.020873
-0.020984
-0.021094
-0.021204
-0.021314
-0.021422
-0.021530
-0.021638
-0.021745
-0.021851
-0.021956
-0.022062
-0.022166
-0.022270
-0.022373
-0.022476
-0.022578
-0.022680
-0.022781
-0.022881
-0.022981
-0.023080
-0.023179
-0.023277
-0.023375
-0.023472
-0.023569
-0.023665
-0.023760
-0.023855
-0.023949
-0.024043
-0.024137
-0.024230
-0.024322
-0.024414
-0.024505
-0.024596
-0.024686
-0.024776
-0.024865
-0.024953
-0.025042
-0.025129
-0.025217
-0.025303
-0.025390
-0.025475
-0.025561
-0.025645
-0.025730
-0.025814
-0.025897
-0.025980
-0.026062
-0.026144
-0.026226
-0.026307
-0.026387
-0.026468
-0.026547
-0.026626
-0.026705
-0.026784
-0.026862
-0.026939
-0.027016
-0.027093
-0.027169
-0.027245
-0.027320
-0.027395
-0.027469
-0.027543
-0.027617
-0.027690
-0.027763
-0.027836
-0.027908
-0.027979
-0.028051
-0.028122
-0.028192
-0.028262
-0.028332
-0.028401
-0.028470
-0.028539
-0.028607
-0.028675
-0.028742
-0.028809
-0.028876
-0.028942
-0.029008
-0.029074
-0.029139
-0.029204
-0.029268
-0.029333
-0.029396
-0.029460
-0.029523
-0.029586
-0.029648
-0.029711
-0.029772
-0.029834
-0.029895
-0.029956
-0.030016
-0.030076
-0.030136
-0.030196
-0.030255
-0.030314
-0.030373
-0.030431
-0.030489
-0.030547
-0.030604
-0.030661
-0.030718
-0.030774
-0.030831
-0.030887
-0.030942
-0.030997
-0.031053
-0.031107
-0.031162
-0.031216
-0.031270
-0.031324
-0.031377
-0.031430
-0.031483
-0.031536
-0.031588
-0.031640
-0.031692
-0.031743
-0.031795
-0.031846
-0.031896
-0.031947
-0.031997
-0.032047
-0.032097
-0.032146
-0.032196
-0.032245
-0.032294
-0.032342
-0.032391
-0.032439
-0.032486
-0.032534
-0.032582
-0.032629
-0.032676
-0.032722
-0.032769
-0.032815
-0.032861
-0.032907
-0.032953
-0.032998
-0.033044
-0.033089
-0.033134
-0.033178
-0.033223
-0.033267
-0.033311
-0.033355
-0.033398
-0.033442
-0.033485
-0.033528
-0.033571
-0.033613
-0.033656
-0.033698
-0.033740
-0.033782
-0.033824
-0.033865
-0.033907
-0.033948
-0.033989
-0.034030
-0.034070
-0.034111
-0.034151
-0.034191
-0.034231
-0.034271
-0.034311
-0.034350
-0.034389
-0.034429
-0.034468
-0.034506
-0.034545
-0.034583
-0.034622
-0.034660
-0.034698
-0.034736
-0.034774
-0.034811
-0.034849
-0.034886
-0.034923
-0.034960
-0.034997
-0.035034
-0.035070
-0.035106
-0.035143
-0.035179
-0.035215
-0.035251
-0.035286
-0.035322
-0.035357
-0.035393
-0.035428
-0.035463
-0.035498
-0.035533
-0.035567
-0.035602
-0.035636
-0.035671
-0.035705
-0.035739
-0.035773
-0.035806
-0.035840
-0.035874
-0.035907
-0.035940
-0.035974
-0.036007
-0.036040
-0.036072
-0.036105
-0.036138
-0.036170
-0.036203
-0.036235
-0.036267
-0.036299
-0.036331
-0.036363
-0.036395
-0.036426
-0.036458
-0.036489
-0.036521
-0.036552
-0.036583
-0.036614
-0.036645
-0.036676
-0.036706
-0.036737
-0.036768
-0.036798
-0.036828
-0.036859
-0.036889
-0.036919
-0.036949
-0.036978
-0.037008
-0.037038
-0.037067
-0.037097
-0.037126
-0.037156
-0.037185
-0.037214
-0.037243
-0.037272
-0.037301
-0.037330
-0.037358
-0.037387
-0.037415
-0.037444
-0.037472
-0.037501
-0.037529
-0.037557
-0.037585
-0.037613
-0.037641
-0.037668
-0.037696
-0.037724
-0.037751
-0.037779
-0.037806
-0.037834
-0.037861
-0.037888
-0.037915
-0.037942
-0.037969
-0.037996
-0.038023
-0.038049
-0.038076
-0.038103
-0.038129
-0.038156
-0.038182
-0.038208
-0.038234
-0.038261
-0.038287
-0.038313
-0.038339
-0.038364
-0.038390
-0.038416
-0.038442
-0.038467
-0.038493
-0.038518
-0.038544
-0.038569
-0.038594
-0.038620
-0.038645
-0.038670
-0.038695
-0.038720
-0.038745
-0.038769
-0.038794
-0.038819
-0.038844
-0.038868
-0.038893
-0.038917
-0.038941
-0.038966
-0.038990
-0.039014
-0.039038
-0.039063
-0.039087
-0.039111
-0.039135
-0.039158
-0.039182
-0.039206
-0.039230
-0.039253
-0.039277
-0.039300
-0.039324
-0.039347
-0.039371
-0.039394
-0.039417
-0.039440
-0.039463
-0.039487
-0.039510
-0.039533
-0.039555
-0.039578
-0.039601
-0.039624
-0.039647
-0.039669
-0.039692
-0.039714
-0.039737
-0.039759
-0.039782
-0.039804
-0.039826
-0.039849
-0.039871
-0.039893
-0.039915
-0.039937
-0.039959
-0.039981
-0.040003
-0.040025
-0.040046
-0.040068
-0.040090
-0.040112
-0.040133
-0.040155
-0.040176
-0.040198
-0.040219
-0.040240
-0.040262
-0.040283
-0.040304
-0.040325
-0.040346
-0.040367
-0.040388
-0.040409
-0.040430
-0.040451
-0.040472
-0.040493
-0.040514
-0.040534
-0.040555
-0.040576
-0.040596
-0.040617
-0.040637
-0.040658
-0.040678
-0.040698
-0.040719
-0.040739
-0.040759
-0.040779
-0.040799
-0.040819
-0.040839
-0.040859
-0.040879
-0.040899
-0.040919
-0.040939
-0.040959
-0.040978
-0.040998
-0.041018
-0.041037
-0.041057
-0.041076
-0.041096
-0.041115
-0.041135
-0.041154
-0.041173
-0.041193
-0.041212
-0.041231
-0.041250
-0.041269
-0.041288
-0.041307
-0.041326
-0.041345
-0.041364
-0.041383
-0.041402
-0.041421
-0.041439
-0.041458
-0.041477
-0.041495
-0.041514
-0.041533
-0.041551
-0.041570
-0.041588
-0.041606
-0.041625
-0.041643
-0.041661
-0.041680
-0.041698
-0.041716
-0.041734
-0.041752
-0.041770
-0.041788
-0.041806
-0.041824
-0.041842
-0.041860
-0.041878
-0.041895
-0.041913
-0.041931
-0.041948
-0.041966
-0.041984
-0.042001
-0.042019
-0.042036
-0.042054
-0.042071
-0.042088
-0.042106
-0.042123
-0.042140
-0.042158
-0.042175
-0.042192
-0.042209
-0.042226
-0.042243
-0.042260
-0.042277
-0.042294
-0.042311
-0.042328
-0.042345
-0.042361
-0.042378
-0.042395
-0.042412
-0.042428
-0.042445
-0.042461
-0.042478
-0.042494
-0.042511
-0.042527
-0.042544
-0.042560
-0.042576
-0.042593
-0.042609
-0.042625
-0.042642
-0.042658
-0.042674
-0.042690
-0.042706
-0.042722
-0.042738
-0.042754
-0.042770
-0.042786
-0.042802
-0.042818
-0.042833
-0.042849
-0.042865
-0.042880
-0.042896
-0.042912
-0.042927
-0.042943
-0.042959
-0.042974
-0.042989
-0.043005
-0.043020
-0.043036
-0.043051
-0.043066
-0.043082
-0.043097
-0.043112
-0.043127
-0.043142
-0.043158
-0.043173
-0.043188
-0.043203
-0.043218
-0.043233
-0.043248
-0.043262
-0.043277
-0.043292
-0.043307
-0.043322
-0.043336
-0.043351
-0.043366
-0.043380
-0.043395
-0.043410
-0.043424
-0.043439
-0.043453
-0.043468
-0.043482
-0.043497
-0.043511
-0.043525
-0.043540
-0.043554
-0.043568
-0.043582
-0.043596
-0.043611
-0.043625
-0.043639
-0.043653
-0.043667
-0.043681
-0.043695
-0.043709
-0.043723
-0.043737
-0.043751
-0.043764
-0.043778
-0.043792
-0.043806
-0.043820
-0.043833
-0.043847
-0.043860
-0.043874
-0.043888
-0.043901
-0.043915
-0.043928
-0.043942
-0.043955
-0.043969
-0.043982
-0.043995
-0.044009
-0.044022
-0.044035
-0.044048
-0.044062
-0.044075
-0.044088
-0.044101
-0.044114
-0.044127
-0.044140
-0.044153
-0.044166
-0.044179
-0.044192
-0.044205
-0.044218
-0.044231
-0.044244
-0.044256
-0.044269
-0.044282
-0.044295
-0.044307
-0.044320
-0.044332
-0.044345
-0.044358
-0.044370
-0.044383
-0.044395
-0.044408
-0.044420
-0.044433
-0.044445
-0.044457
-0.044470
-0.044482
-0.044494
-0.044507
-0.044519
-0.044531
-0.044543
-0.044555
-0.044567
-0.044580
-0.044592
-0.044604
-0.044616
-0.044628
-0.044640
-0.044652
-0.044664
-0.044675
-0.044687
-0.044699
-0.044711
-0.044723
-0.044735
-0.044746
-0.044758
-0.044770
-0.044781
-0.044793
-0.044805
-0.044816
-0.044828
-0.044839
-0.044851
-0.044863
-0.044874
-0.044885
-0.044897
-0.044908
-0.044920
-0.044931
-0.044942
-0.044954
-0.044965
-0.044976
-0.044987
-0.044999
-0.045010
-0.045021
-0.045032
-0.045043
-0.045054
-0.045066
-0.045077
-0.045088
-0.045099
-0.045110
-0.045121
-0.045131
-0.045142
-0.045153
-0.045164
-0.045175
-0.045186
-0.045197
-0.045207
-0.045218
-0.045229
-0.045240
-0.045250
-0.045261
-0.045272
-0.045282
-0.045293
-0.045303
-0.045314
-0.045324
-0.045335
-0.045345
-0.045356
-0.045366
-0.045377
-0.045387
-0.045397
-0.045408
-0.045418
-0.045428
-0.045439
-0.045449
-0.045459
-0.045469
-0.045480
-0.045490
-0.045500
-0.045510
-0.045520
-0.045530
-0.045540
-0.045550
-0.045560
-0.045570
-0.045580
-0.045590
-0.045600
-0.045610
-0.045620
-0.045630
-0.045640
-0.045650
-0.045659
-0.045669
-0.045679
-0.045689
-0.045698
-0.045708
-0.045718
-0.045728
-0.045737
-0.045747
-0.045756
-0.045766
-0.045776
-0.045785
-0.045795
-0.045804
-0.045814
-0.045823
-0.045833
-0.045842
-0.045851
-0.045861
-0.045870
-0.045880
-0.045889
-0.045898
-0.045907
-0.045917
-0.045926
-0.045935
-0.045944
-0.045954
-0.045963
-0.045972
-0.045981
-0.045990
-0.045999
-0.046008
-0.046017
-0.046026
-0.046036
-0.046045
-0.046053
-0.046062
-0.046071
-0.046080
-0.046089
-0.046098
-0.046107
-0.046116
-0.046125
-0.046134
-0.046142
-0.046151
-0.046160
-0.046169
-0.046177
-0.046186
-0.046195
-0.046203
-0.046212
-0.046221
-0.046229
-0.046238
-0.046246
-0.046255
-0.046264
-0.046272
-0.046281
-0.046289
-0.046298
-0.046306
-0.046314
-0.046323
-0.046331
-0.046340
-0.046348
-0.046356
-0.046365
-0.046373
-0.046381
-0.046390
-0.046398
-0.046406
-0.046414
-0.046423
-0.046431
-0.046439
-0.046447
-0.046455
-0.046463
-0.046471
-0.046480
-0.046488
-0.046496
-0.046504
-0.046512
-0.046520
-0.046528
-0.046536
-0.046544
-0.046552
-0.046560
-0.046567
-0.046575
-0.046583
-0.046591
-0.046599
-0.046607
-0.046615
-0.046622
-0.046630
-0.046638
-0.046646
-0.046653
-0.046661
-0.046669
-0.046677
-0.046684
-0.046692
-0.046700
-0.046707
-0.046715
-0.046722
-0.046730
-0.046737
-0.046745
-0.046753
-0.046760
-0.046768
-0.046775
-0.046783
-0.046790
-0.046797
-0.046805
-0.046812
-0.046820
-0.046827
-0.046834
-0.046842
-0.046849
-0.046856
-0.046864
-0.046871
-0.046878
-0.046885
-0.046893
-0.046900
-0.046907
-0.046914
-0.046922
-0.046929
-0.046936
-0.046943
-0.046950
-0.046957
-0.046964
-0.046971
-0.046978
-0.046986
-0.046993
-0.047000
-0.047007
-0.047014
-0.047021
-0.047028
-0.047035
-0.047041
-0.047048
-0.047055
-0.047062
-0.047069
-0.047076
-0.047083
-0.047090
-0.047096
-0.047103
-0.047110
-0.047117
-0.047124
-0.047130
-0.047137
-0.047144
-0.047151
-0.047157
-0.047164
-0.047171
-0.047177
-0.047184
-0.047191
-0.047197
-0.047204
-0.047211
-0.047217
-0.047224
-0.047230
-0.047237
-0.047243
-0.047250
-0.047256
-0.047263
-0.047269
-0.047276
-0.047282
-0.047289
-0.047295
-0.047302
-0.047308
-0.047314
-0.047321
-0.047327
-0.047333
-0.047340
-0.047346
-0.047352
-0.047359
-0.047365
-0.047371
-0.047378
-0.047384
-0.047390
-0.047396
-0.047403
-0.047409
-0.047415
-0.047421
-0.047427
-0.047433
-0.047440
-0.047446
-0.047452
-0.047458
-0.047464
-0.047470
-0.047476
-0.047482
-0.047488
-0.047494
-0.047500
-0.047506
-0.047512
-0.047518
-0.047524
-0.047530
-0.047536
-0.047542
-0.047548
-0.047554
-0.047560
-0.047566
-0.047572
-0.047578
-0.047583
-0.047589
-0.047595
-0.047601
-0.047607
-0.047613
-0.047618
-0.047624
-0.047630
-0.047636
-0.047641
-0.047647
-0.047653
-0.047659
-0.047664
-0.047670
-0.047676
-0.047681
-0.047687
-0.047693
-0.047698
-0.047704
-0.047710
-0.047715
-0.047721
-0.047726
-0.047732
-0.047738
-0.047743
-0.047749
-0.047754
-0.047760
-0.047765
-0.047771
-0.047776
-0.047782
-0.047787
-0.047793
-0.047798
-0.047803
-0.047809
-0.047814
-0.047820
-0.047825
-0.047830
-0.047836
-0.047841
-0.047847
-0.047852
-0.047857
-0.047863
-0.047868
-0.047873
-0.047878
-0.047884
-0.047889
-0.047894
-0.047900
-0.047905
-0.047910
-0.047915
-0.047920
-0.047926
-0.047931
-0.047936
-0.047941
-0.047946
-0.047952
-0.047957
-0.047962
-0.047967
-0.047972
-0.047977
-0.047982
-0.047987
-0.047992
-0.047998
-0.048003
-0.048008
-0.048013
-0.048018
-0.048023
-0.048028
-0.048033
-0.048038
-0.048043
-0.048048
-0.048053
-0.048058
-0.048063
-0.048068
-0.048072
-0.048077
-0.048082
-0.048087
-0.048092
-0.048097
-0.048102

