0.000000
0.000000
-0.000026
-0.000052
-0.000077
-0.000103
-0.000128
-0.000153
-0.000177
-0.000201
-0.000224
-0.000247
-0.000270
-0.000293
-0.000315
-0.000337
-0.000359
-0.000380
-0.000402
-0.000423
-0.000444
-0.000465
-0.000485
-0.000506
-0.000526
-0.000547
-0.000567
-0.000587
-0.000607
-0.000627
-0.000647
-0.000667
-0.000687
-0.000707
-0.000726
-0.000746
-0.000766
-0.000785
-0.000805
-0.000824
-0.000844
-0.000863
-0.000883
-0.000902
-0.000922
-0.000941
-0.000961
-0.000980
-0.001000
-0.001019
-0.001038
-0.001058
-0.001077
-0.001097
-0.001116
-0.001135
-0.001155
-0.001174
-0.001194
-0.001213
-0.001233
-0.001252
-0.001271
-0.001291
-0.001310
-0.001330
-0.001349
-0.001369
-0.001388
-0.001408
-0.001428
-0.001447
-0.001467
-0.001486
-0.001506
-0.001525
-0.001545
-0.001565
-0.001584
-0.001604
-0.001624
-0.001644
-0.001663
-0.001683
-0.001703
-0.001723
-0.001743
-0.001762
-0.001782
-0.001802
-0.001822
-0.001842
-0.001862
-0.001882
-0.001902
-0.001922
-0.001942
-0.001962
-0.001982
-0.002002
-0.002022
-0.002042
-0.002063
-0.002083
-0.002103
-0.002123
-0.002143
-0.002164
-0.002184
-0.002204
-0.002225
-0.002245
-0.002265
-0.002286
-0.002306
-0.002326
-0.002347
-0.002367
-0.002388
-0.002408
-0.002429
-0.002449
-0.002470
-0.002491
-0.002511
-0.002532
-0.002553
-0.002573
-0.002594
-0.002615
-0.002635
-0.002656
-0.002677
-0.002698
-0.002719
-0.002739
-0.002760
-0.002781
-0.002802
-0.002823
-0.002844
-0.002865
-0.002886
-0.002907
-0.002928
-0.002949
-0.002970
-0.002991
-0.003012
-0.003033
-0.003054
-0.003075
-0.003097
-0.003118
-0.003139
-0.003160
-0.003181
-0.003203
-0.003224
-0.003245
-0.003266
-0.003288
-0.003309
-0.003330
-0.003352
-0.003373
-0.003395
-0.003416
-0.003437
-0.003459
-0.003480
-0.003502
-0.003523
-0.003545
-0.003566
-0.003588
-0.003610
-0.003631
-0.003653
-0.003674
-0.003696
-0.003718
-0.003739
-0.003761
-0.003783
-0.003804
-0.003826
-0.003848
-0.003869
-0.003891
-0.003913
-0.003935
-0.003956
-0.003978
-0.004000
-0.004022
-0.004044
-0.004066
-0.004088
-0.004109
-0.004131
-0.004153
-0.004175
-0.004197
-0.004219
-0.004241
-0.004263
-0.004285
-0.004307
-0.004329
-0.004351
-0.004373
-0.004395
-0.004417
-0.004439
-0.004461
-0.004483
-0.004505
-0.004527
-0.004550
-0.004572
-0.004594
-0.004616
-0.004638
-0.004660
-0.004683
-0.004705
-0.004727
-0.004749
-0.004771
-0.004794
-0.004816
-0.004838
-0.004860
-0.004883
-0.004905
-0.004927
-0.004949
-0.004972
-0.004994
-0.005016
-0.005039
-0.005061
-0.005083
-0.005106
-0.005128
-0.005150
-0.005173
-0.005195
-0.005218
-0.005240
-0.005262
-0.005285
-0.005307
-0.005330
-0.005352
-0.005375
-0.005397
-0.005419
-0.005442
-0.005464
-0.005487
-0.005509
-0.005532
-0.005554
-0.005577
-0.005599
-0.005622
-0.005644
-0.005667
-0.005690
-0.005712
-0.005735
-0.005757
-0.005780
-0.005802
-0.005825
-0.005847
-0.005870
-0.005893
-0.005915
-0.005938
-0.005960
-0.005983
-0.006006
-0.006028
-0.006051
-0.006073
-0.006096
-0.006119
-0.006141
-0.006164
-0.006187
-0.006209
-0.006232
-0.006255
-0.006277
-0.006300
-0.006323
-0.006345
-0.006368
-0.006391
-0.006413
-0.006436
-0.006459
-0.006482
-0.006504
-0.006527
-0.006550
-0.006572
-0.006595
-0.006618
-0.006641
-0.006663
-0.006686
-0.006709
-0.006731
-0.006754
-0.006777
-0.006800
-0.006822
-0.006845
-0.006868
-0.006891
-0.006913
-0.006936
-0.006959
-0.006982
-0.007004
-0.007027
-0.007050
-0.007073
-0.007095
-0.007118
-0.007141
-0.007164
-0.007187
-0.007209
-0.007232
-0.007255
-0.007278
-0.007300
-0.007323
-0.007346
-0.007369
-0.007392
-0.007414
-0.007437
-0.007460
-0.007483
-0.007505
-0.007528
-0.007551
-0.007574
-0.007597
-0.007619
-0.007642
-0.007665
-0.007688
-0.007711
-0.007733
-0.007756
-0.007779
-0.007802
-0.007825
-0.007847
-0.007870
-0.007893
-0.007916
-0.007939
-0.007961
-0.007984
-0.008007
-0.008030
-0.008052
-0.008075
-0.008098
-0.008121
-0.008144
-0.008166
-0.008189
-0.008212
-0.008235
-0.008258
-0.008280
-0.008303
-0.008326
-0.008349
-0.008371
-0.008394
-0.008417
-0.008440
-0.008462
-0.008485
-0.008508
-0.008531
-0.008554
-0.008576
-0.008599
-0.008622
-0.008645
-0.008667
-0.008690
-0.008713
-0.008736
-0.008758
-0.008781
-0.008804
-0.008827
-0.008849
-0.008872
-0.008895
-0.008917
-0.008940
-0.008963
-0.008986
-0.009008
-0.009031
-0.009054
-0.009077
-0.009099
-0.009122
-0.009145
-0.009167
-0.009190
-0.009213
-0.009235
-0.009258
-0.009281
-0.009304
-0.009326
-0.009349
-0.009372
-0.009394
-0.009417
-0.009440
-0.009462
-0.009485
-0.009508
-0.009530
-0.009553
-0.009576
-0.009598
-0.009621
-0.009643
-0.009666
-0.009689
-0.009711
-0.009734
-0.009757
-0.009779
-0.009802
-0.009824
-0.009847
-0.009870
-0.009892
-0.009915
-0.009937
-0.009960
-0.009983
-0.010005
-0.010028
-0.010050
-0.010073
-0.010095
-0.010118
-0.010141
-0.010163
-0.010186
-0.010208
-0.010231
-0.010253
-0.010276
-0.010298
-0.010321
-0.010343
-0.010366
-0.010388
-0.010411
-0.010433
-0.010456
-0.010478
-0.010501
-0.010523
-0.010546
-0.010568
-0.010591
-0.010613
-0.010636
-0.010658
-0.010680
-0.010703
-0.010725
-0.010748
-0.010770
-0.010793
-0.010815
-0.010837
-0.010860
-0.010882
-0.010905
-0.010927
-0.010949
-0.010972
-0.010994
-0.011017
-0.011039
-0.011061
-0.011084
-0.011106
-0.011128
-0.011151
-0.011173
-0.011195
-0.011218
-0.011240
-0.011262
-0.011285
-0.011307
-0.011329
-0.011351
-0.011374
-0.011396
-0.011418
-0.011440
-0.011463
-0.011485
-0.011507
-0.011529
-0.011552
-0.011574
-0.011596
-0.011618
-0.011641
-0.011663
-0.011685
-0.011707
-0.011729
-0.011752
-0.011774
-0.011796
-0.011818
-0.011840
-0.011862
-0.011884
-0.011907
-0.011929
-0.011951
-0.011973
-0.011995
-0.012017
-0.012039
-0.012061
-0.012083
-0.012106
-0.012128
-0.012150
-0.012172
-0.012194
-0.012216
-0.012238
-0.012260
-0.012282
-0.012304
-0.012326
-0.012348
-0.012370
-0.012392
-0.012414
-0.012436
-0.012458
-0.012480
-0.012502
-0.012524
-0.012546
-0.012568
-0.012590
-0.012612
-0.012634
-0.012655
-0.012677
-0.012699
-0.012721
-0.012743
-0.012765
-0.012787
-0.012809
-0.012831
-0.012852
-0.012874
-0.012896
-0.012918
-0.012940
-0.012962
-0.012983
-0.013005
-0.013027
-0.013049
-0.013070
-0.013092
-0.013114
-0.013136
-0.013158
-0.013179
-0.013201
-0.013223
-0.013244
-0.013266
-0.013288
-0.013310
-0.013331
-0.013353
-0.013375
-0.013396
-0.013418
-0.013440
-0.013461
-0.013483
-0.013505
-0.013526
-0.013548
-0.013569
-0.013591
-0.013613
-0.013634
-0.013656
-0.013677
-0.013699
-0.013721
-0.013742
-0.013764
-0.013785
-0.013807
-0.013828
-0.013850
-0.013871
-0.013893
-0.013914
-0.013936
-0.013957
-0.013979
-0.014000
-0.014022
-0.014043
-0.014065
-0.014086
-0.014107
-0.014129
-0.014150
-0.014172
-0.014193
-0.014214
-0.014236
-0.014257
-0.014278
-0.014300
-0.014321
-0.014343
-0.014364
-0.014385
-0.014406
-0.014428
-0.014449
-0.014470
-0.014492
-0.014513
-0.014534
-0.014555
-0.014577
-0.014598
-0.014619
-0.014640
-0.014662
-0.014683
-0.014704
-0.014725
-0.014746
-0.014768
-0.014789
-0.014810
-0.014831
-0.014852
-0.014873
-0.014894
-0.014916
-0.014937
-0.014958
-0.014979
-0.015000
-0.015021
-0.015042
-0.015063
-0.015084
-0.015105
-0.015126
-0.015147
-0.015168
-0.015189
-0.015210
-0.015231
-0.015252
-0.015273
-0.015294
-0.015315
-0.015336
-0.015357
-0.015378
-0.015399
-0.015420
-0.015441
-0.015462
-0.015483
-0.015504
-0.015524
-0.015545
-0.015566
-0.015587
-0.015608
-0.015629
-0.015650
-0.015670
-0.015691
-0.015712
-0.015733
-0.015754
-0.015774
-0.015795
-0.015816
-0.015837
-0.015857
-0.015878
-0.015899
-0.015920
-0.015940
-0.015961
-0.015982
-0.016002
-0.016023
-0.016044
-0.016064
-0.016085
-0.016106
-0.016126
-0.016147
-0.016168
-0.016188
-0.016209
-0.016229
-0.016250
-0.016271
-0.016291
-0.016312
-0.016332
-0.016353
-0.016373
-0.016394
-0.016414
-0.016435
-0.016455
-0.016476
-0.016496
-0.016517
-0.016537
-0.016558
-0.016578
-0.016599
-0.016619
-0.016639
-0.016660
-0.016680
-0.016701
-0.016721
-0.016741
-0.016762
-0.016782
-0.016802
-0.016823
-0.016843
-0.016863
-0.016884
-0.016904
-0.016924
-0.016945
-0.016965
-0.016985
-0.017005
-0.017026
-0.017046
-0.017066
-0.017086
-0.017107
-0.017127
-0.017147
-0.017167
-0.017187
-0.017207
-0.017228
-0.017248
-0.017268
-0.017288
-0.017308
-0.017328
-0.017348
-0.017369
-0.017389
-0.017409
-0.017429
-0.017449
-0.017469
-0.017489
-0.017509
-0.017529
-0.017549
-0.017569
-0.017589
-0.017609
-0.017629
-0.017649
-0.017669
-0.017689
-0.017709
-0.017729
-0.017749
-0.017769
-0.017789
-0.017808
-0.017828
-0.017848
-0.017868
-0.017888
-0.017908
-0.017928
-0.017948
-0.017967
-0.017987
-0.018007
-0.018027
-0.018047
-0.018066
-0.018086
-0.018106
-0.018126
-0.018145
-0.018165
-0.018185
-0.018205
-0.018224
-0.018244
-0.018264
-0.018284
-0.018303
-0.018323
-0.018343
-0.018362
-0.018382
-0.018401
-0.018421
-0.018441
-0.018460
-0.018480
-0.018500
-0.018519
-0.018539
-0.018558
-0.018578
-0.018597
-0.018617
-0.018636
-0.018656
-0.018675
-0.018695
-0.018714
-0.018734
-0.018753
-0.018773
-0.018792
-0.018812
-0.018831
-0.018851
-0.018870
-0.018889
-0.018909
-0.018928
-0.018948
-0.018967
-0.018986
-0.019006
-0.019025
-0.019044
-0.019064
-0.019083
-0.019102
-0.019122
-0.019141
-0.019160
-0.019179
-0.019199
-0.019218
-0.019237
-0.019256
-0.019276
-0.019295
-0.019314
-0.019333
-0.019353
-0.019372
-0.019391
-0.019410
-0.019429
-0.019448
-0.019468
-0.019487
-0.019506
-0.019525
-0.019544
-0.019563
-0.019582
-0.019601
-0.019620
-0.019639
-0.019658
-0.019677
-0.019696
-0.019715
-0.019734
-0.019753
-0.019772
-0.019791
-0.019810
-0.019829
-0.019848
-0.019867
-0.019886
-0.019905
-0.019924
-0.019943
-0.019962
-0.019981
-0.020000
-0.020019
-0.020037
-0.020056
-0.020075
-0.020094
-0.020113
-0.020132
-0.020150
-0.020169
-0.020188
-0.020207
-0.020226
-0.020244
-0.020263
-0.020282
-0.020301
-0.020319
-0.020338
-0.020357
-0.020375
-0.020394
-0.020413
-0.020432
-0.020450
-0.020469
-0.020488
-0.020506
-0.020525
-0.020543
-0.020562
-0.020581
-0.020599
-0.020618
-0.020636
-0.020655
-0.020674
-0.020692
-0.020711
-0.020729
-0.020748
-0.020766
-0.020785
-0.020803
-0.020822
-0.020840
-0.020859
-0.020877
-0.020895
-0.020914
-0.020932
-0.020951
-0.020969
-0.020988
-0.021006
-0.021024
-0.021043
-0.021061
-0.021079
-0.021098
-0.021116
-0.021135
-0.021153
-0.021171
-0.021189
-0.021208
-0.021226
-0.021244
-0.021263
-0.021281
-0.021299
-0.021317
-0.021336
-0.021354
-0.021372
-0.021390
-0.021408
-0.021427
-0.021445
-0.021463
-0.021481
-0.021499
-0.021517
-0.021536
-0.021554
-0.021572
-0.021590
-0.021608
-0.021626
-0.021644
-0.021662
-0.021680
-0.021698
-0.021716
-0.021734
-0.021752
-0.021770
-0.021788
-0.021806
-0.021824
-0.021842
-0.021860
-0.021878
-0.021896
-0.021914
-0.021932
-0.021950
-0.021968
-0.021986
-0.022004
-0.022022
-0.022040
-0.022058
-0.022075
-0.022093
-0.022111
-0.022129
-0.022147
-0.022165
-0.022182
-0.022200
-0.022218
-0.022236
-0.022254
-0.022271
-0.022289
-0.022307
-0.022325
-0.022342
-0.022360
-0.022378
-0.022395
-0.022413
-0.022431
-0.022448
-0.022466
-0.022484
-0.022501
-0.022519
-0.022537
-0.022554
-0.022572
-0.022590
-0.022607
-0.022625
-0.022642
-0.022660
-0.022677
-0.022695
-0.022713
-0.022730
-0.022748
-0.022765
-0.022783
-0.022800
-0.022818
-0.022835
-0.022853
-0.022870
-0.022887
-0.022905
-0.022922
-0.022940
-0.022957
-0.022975
-0.022992
-0.023009
-0.023027
-0.023044
-0.023062
-0.023079
-0.023096
-0.023114
-0.023131
-0.023148
-0.023166
-0.023183
-0.023200
-0.023217
-0.023235
-0.023252
-0.023269
-0.023286
-0.023304
-0.023321
-0.023338
-0.023355
-0.023373
-0.023390
-0.023407
-0.023424
-0.023441
-0.023458
-0.023476
-0.023493
-0.023510
-0.023527
-0.023544
-0.023561
-0.023578
-0.023595
-0.023613
-0.023630
-0.023647
-0.023664
-0.023681
-0.023698
-0.023715
-0.023732
-0.023749
-0.023766
-0.023783
-0.023800
-0.023817
-0.023834
-0.023851
-0.023868
-0.023885
-0.023902
-0.023919
-0.023935
-0.023952
-0.023969
-0.023986
-0.024003
-0.024020
-0.024037
-0.024054
-0.024070
-0.024087
-0.024104
-0.024121
-0.024138
-0.024155
-0.024171
-0.024188
-0.024205
-0.024222
-0.024238
-0.024255
-0.024272
-0.024289
-0.024305
-0.024322
-0.024339
-0.024356
-0.024372
-0.024389
-0.024406
-0.024422
-0.024439
-0.024456
-0.024472
-0.024489
-0.024505
-0.024522
-0.024539
-0.024555
-0.024572
-0.024588
-0.024605
-0.024622
-0.024638
-0.024655
-0.024671
-0.024688
-0.024704
-0.024721
-0.024737
-0.024754
-0.024770
-0.024787
-0.024803
-0.024820
-0.024836
-0.024852
-0.024869
-0.024885
-0.024902
-0.024918
-0.024935
-0.024951
-0.024967
-0.024984
-0.025000
-0.025016
-0.025033
-0.025049
-0.025065
-0.025082
-0.025098
-0.025114
-0.025131
-0.025147
-0.025163
-0.025179
-0.025196
-0.025212
-0.025228
-0.025244
-0.025261
-0.025277
-0.025293
-0.025309
-0.025326
-0.025342
-0.025358
-0.025374
-0.025390
-0.025406
-0.025423
-0.025439
-0.025455
-0.025471
-0.025487
-0.025503
-0.025519
-0.025535
-0.025551
-0.025567
-0.025583
-0.025600
-0.025616
-0.025632
-0.025648
-0.025664
-0.025680
-0.025696
-0.025712
-0.025728
-0.025744
-0.025760
-0.025775
-0.025791
-0.025807
-0.025823
-0.025839
-0.025855
-0.025871
-0.025887
-0.025903
-0.025919
-0.025935
-0.025950
-0.025966
-0.025982
-0.025998
-0.026014
-0.026030
-0.026045
-0.026061
-0.026077
-0.026093
-0.026109
-0.026124
-0.026140
-0.026156
-0.026172
-0.026187
-0.026203
-0.026219
-0.026235
-0.026250
-0.026266
-0.026282
-0.026297
-0.026313
-0.026329
-0.026344
-0.026360
-0.026376
-0.026391
-0.026407
-0.026422
-0.026438
-0.026454
-0.026469
-0.026485
-0.026500
-0.026516
-0.026532
-0.026547
-0.026563
-0.026578
-0.026594
-0.026609
-0.026625
-0.026640
-0.026656
-0.026671
-0.026687
-0.026702
-0.026718
-0.026733
-0.026748
-0.026764
-0.026779
-0.026795
-0.026810
-0.026825
-0.026841
-0.026856
-0.026872
-0.026887
-0.026902
-0.026918
-0.026933
-0.026948
-0.026964
-0.026979
-0.026994
-0.027010
-0.027025
-0.027040
-0.027055
-0.027071
-0.027086
-0.027101
-0.027116
-0.027132
-0.027147
-0.027162
-0.027177
-0.027193
-0.027208
-0.027223
-0.027238
-0.027253
-0.027268
-0.027284
-0.027299
-0.027314
-0.027329
-0.027344
-0.027359
-0.027374
-0.027389
-0.027405
-0.027420
-0.027435
-0.027450
-0.027465
-0.027480
-0.027495
-0.027510
-0.027525
-0.027540
-0.027555
-0.027570
-0.027585
-0.027600
-0.027615
-0.027630
-0.027645
-0.027660
-0.027675
-0.027690
-0.027705
-0.027720
-0.027734
-0.027749
-0.027764
-0.027779
-0.027794
-0.027809
-0.027824
-0.027839
-0.027853
-0.027868
-0.027883
-0.027898
-0.027913
-0.027928
-0.027942
-0.027957
-0.027972
-0.027987
-0.028001
-0.028016
-0.028031
-0.028046
-0.028060
-0.028075
-0.028090
-0.028105
-0.028119
-0.028134
-0.028149
-0.028163
-0.028178
-0.028193
-0.028207
-0.028222
-0.028237
-0.028251
-0.028266
-0.028281
-0.028295
-0.028310
-0.028324
-0.028339
-0.028353
-0.028368
-0.028383
-0.028397
-0.028412
-0.028426
-0.028441
-0.028455
-0.028470
-0.028484
-0.028499
-0.028513
-0.028528
-0.028542
-0.028557
-0.028571
-0.028586
-0.028600
-0.028614
-0.028629
-0.028643
-0.028658
-0.028672
-0.028687
-0.028701
-0.028715
-0.028730
-0.028744
-0.028758
-0.028773
-0.028787
-0.028801
-0.028816
-0.028830
-0.028844
-0.028859
-0.028873
-0.028887
-0.028902
-0.028916
-0.028930
-0.028944
-0.028959
-0.028973
-0.028987
-0.029001
-0.029015
-0.029030
-0.029044
-0.029058
-0.029072
-0.029086
-0.029101
-0.029115
-0.029129
-0.029143
-0.029157
-0.029171
-0.029185
-0.029200
-0.029214
-0.029228
-0.029242
-0.029256
-0.029270
-0.029284
-0.029298
-0.029312
-0.029326
-0.029340
-0.029354
-0.029368
-0.029382
-0.029396
-0.029410
-0.029424
-0.029438
-0.029452
-0.029466
-0.029480
-0.029494
-0.029508
-0.029522
-0.029536
-0.029550
-0.029564
-0.029578
-0.029592
-0.029606
-0.029620
-0.029633
-0.029647
-0.029661
-0.029675
-0.029689
-0.029703
-0.029717
-0.029730
-0.029744
-0.029758
-0.029772
-0.029786
-0.029799
-0.029813
-0.029827
-0.029841
-0.029854
-0.029868
-0.029882
-0.029896
-0.029909
-0.029923
-0.029937
-0.029951
-0.029964
-0.029978
-0.029992
-0.030005
-0.030019
-0.030033
-0.030046
-0.030060
-0.030074
-0.030087
-0.030101
-0.030114
-0.030128
-0.030142
-0.030155
-0.030169
-0.030182
-0.030196
-0.030209
-0.030223
-0.030237
-0.030250
-0.030264
-0.030277
-0.030291
-0.030304
-0.030318
-0.030331
-0.030345
-0.030358
-0.030372
-0.030385
-0.030399
-0.030412
-0.030425
-0.030439
-0.030452
-0.030466
-0.030479
-0.030493
-0.030506
-0.030519
-0.030533
-0.030546
-0.030559
-0.030573
-0.030586
-0.030600
-0.030613
-0.030626
-0.030640
-0.030653
-0.030666
-0.030679
-0.030693
-0.030706
-0.030719
-0.030733
-0.030746
-0.030759
-0.030772
-0.030786
-0.030799
-0.030812
-0.030825
-0.030839
-0.030852
-0.030865
-0.030878
-0.030891
-0.030905
-0.030918
-0.030931
-0.030944
-0.030957
-0.030970
-0.030983
-0.030997
-0.031010
-0.031023
-0.031036
-0.031049
-0.031062
-0.031075
-0.031088
-0.031101
-0.031114
-0.031127
-0.031140
-0.031154
-0.031167
-0.031180
-0.031193
-0.031206
-0.031219
-0.031232
-0.031245
-0.031258
-0.031271
-0.031284
-0.031296
-0.031309
-0.031322
-0.031335
-0.031348
-0.031361
-0.031374
-0.031387
-0.031400
-0.031413
-0.031426
-0.031439
-0.031451
-0.031464
-0.031477
-0.031490
-0.031503
-0.031516
-0.031529
-0.031541
-0.031554
-0.031567
-0.031580
-0.031593
-0.031605
-0.031618
-0.031631
-0.031644
-0.031656
-0.031669
-0.031682
-0.031695
-0.031707
-0.031720
-0.031733
-0.031746
-0.031758
-0.031771
-0.031784
-0.031796
-0.031809
-0.031822
-0.031834
-0.031847
-0.031860
-0.031872
-0.031885
-0.031898
-0.031910
-0.031923
-0.031935
-0.031948
-0.031961
-0.031973
-0.031986
-0.031998
-0.032011
-0.032023
-0.032036
-0.032049
-0.032061
-0.032074
-0.032086
-0.032099
-0.032111
-0.032124
-0.032136
-0.032149
-0.032161
-0.032174
-0.032186
-0.032199
-0.032211
-0.032223
-0.032236
-0.032248
-0.032261
-0.032273
-0.032286
-0.032298
-0.032310
-0.032323
-0.032335
-0.032347
-0.032360
-0.032372
-0.032385
-0.032397
-0.032409
-0.032422
-0.032434
-0.032446
-0.032459
-0.032471
-0.032483
-0.032495
-0.032508
-0.032520
-0.032532
-0.032545
-0.032557
-0.032569
-0.032581
-0.032594
-0.032606
-0.032618
-0.032630
-0.032642
-0.032655
-0.032667
-0.032679
-0.032691
-0.032703
-0.032716
-0.032728
-0.032740
-0.032752
-0.032764
-0.032776
-0.032788
-0.032800
-0.032813
-0.032825
-0.032837
-0.032849
-0.032861
-0.032873
-0.032885
-0.032897
-0.032909
-0.032921
-0.032933
-0.032945
-0.032957
-0.032969
-0.032981
-0.032993
-0.033005
-0.033017
-0.033029
-0.033041
-0.033053
-0.033065
-0.033077
-0.033089
-0.033101
-0.033113
-0.033125
-0.033137
-0.033149
-0.033161
-0.033173
-0.033185
-0.033197
-0.033209
-0.033220
-0.033232
-0.033244
-0.033256
-0.033268
-0.033280
-0.033292
-0.033303
-0.033315
-0.033327
-0.033339
-0.033351
-0.033362
-0.033374
-0.033386
-0.033398
-0.033410
-0.033421
-0.033433
-0.033445
-0.033457
-0.033468
-0.033480
-0.033492
-0.033504
-0.033515
-0.033527
-0.033539
-0.033550
-0.033562
-0.033574
-0.033585
-0.033597
-0.033609
-0.033620
-0.033632
-0.033644
-0.033655
-0.033667
-0.033679
-0.033690
-0.033702
-0.033713
-0.033725
-0.033737
-0.033748
-0.033760
-0.033771
-0.033783
-0.033795
-0.033806
-0.033818
-0.033829
-0.033841
-0.033852
-0.033864
-0.033875
-0.033887
-0.033898
-0.033910
-0.033921
-0.033933
-0.033944
-0.033956
-0.033967
-0.033979
-0.033990
-0.034001
-0.034013
-0.034024
-0.034036
-0.034047
-0.034059
-0.034070
-0.034081
-0.034093
-0.034104
-0.034116
-0.034127
-0.034138
-0.034150
-0.034161
-0.034172
-0.034184
-0.034195
-0.034206
-0.034218
-0.034229
-0.034240
-0.034252
-0.034263
-0.034274
-0.034285
-0.034297
-0.034308
-0.034319
-0.034330
-0.034342
-0.034353
-0.034364
-0.034375
-0.034387
-0.034398
-0.034409
-0.034420
-0.034431
-0.034443
-0.034454
-0.034465
-0.034476
-0.034487
-0.034498
-0.034510
-0.034521
-0.034532
-0.034543
-0.034554
-0.034565
-0.034576
-0.034588
-0.034599
-0.034610
-0.034621
-0.034632
-0.034643
-0.034654
-0.034665
-0.034676
-0.034687
-0.034698
-0.034709
-0.034720
-0.034731
-0.034742
-0.034753
-0.034764
-0.034775
-0.034786
-0.034797
-0.034808
-0.034819
-0.034830
-0.034841
-0.034852
-0.034863
-0.034874
-0.034885
-0.034896
-0.034907
-0.034918
-0.034929
-0.034940
-0.034950
-0.034961
-0.034972
-0.034983
-0.034994
-0.035005
-0.035016
-0.035027
-0.035037
-0.035048
-0.035059
-0.035070
-0.035081
-0.035092
-0.035102
-0.035113
-0.035124
-0.035135
-0.035146
-0.035156
-0.035167
-0.035178
-0.035189
-0.035199
-0.035210
-0.035221
-0.035232
-0.035242
-0.035253
-0.035264
-0.035275
-0.035285
-0.035296
-0.035307
-0.035317
-0.035328
-0.035339
-0.035349
-0.035360
-0.035371
-0.035381
-0.035392
-0.035403
-0.035413
-0.035424
-0.035435
-0.035445
-0.035456
-0.035466
-0.035477
-0.035488
-0.035498
0.461994
1.240402
2.156859
2.787465
3.230856
3.551811
3.788521
3.964416
4.094587
4.189252
4.251767
4.289259
4.306936
4.308675
4.297463
4.275664
4.245197
4.207625
4.164250
4.116159
4.064275
4.009365
3.952079
3.892978
3.832527
3.771122
3.709108
3.646767
3.584340
3.522040
3.460034
3.398467
3.337469
3.277136
3.217553
3.158794
3.100914
3.043958
2.987963
2.932963
2.878973
2.826009
2.774087
2.723208
2.673374
2.624582
2.576836
2.530123
2.484434
2.439759
2.396092
2.353414
2.311712
2.270970
2.231177
2.192315
2.154365
2.117310
2.081134
2.045822
2.011355
1.977715
1.944884
1.912844
1.881578
1.851073
1.821308
1.792267
1.763932
1.736287
1.709315
1.683003
1.657334
1.632292
1.607861
1.584026
1.560774
1.538088
1.515955
1.494363
1.473298
1.452745
1.432692
1.413126
1.394034
1.375404
1.357224
1.339483
1.322169
1.305272
1.288782
1.272686
1.256975
1.241639
1.226667
1.212051
1.197780
1.183845
1.170238
1.156949
1.641667
2.409231
3.317663
3.951701
4.404575
4.737808
4.987767
5.176825
5.319507
5.425692
5.495960
5.538523
5.559334
5.562746
5.552062
5.529872
5.498251
5.458908
5.413238
5.362410
5.307405
5.249075
5.188106
5.125090
5.060557
4.994917
4.928532
4.861740
4.794780
4.727890
4.661250
4.595013
4.529333
4.464306
4.400025
4.336583
4.274029
4.212413
4.151793
4.092188
4.033618
3.976118
3.919689
3.864336
3.810072
3.756892
3.704790
3.653758
3.603801
3.554900
3.507041
3.460210
3.414405
3.369603
3.325785
3.282935
3.241044
3.200090
3.160054
3.120916
3.082658
3.045272
3.008733
2.973022
2.938121
2.904009
2.870679
2.838107
2.806275
2.775166
2.744762
2.715047
2.686009
2.657630
2.629893
2.602781
2.576280
2.550373
2.525046
2.500289
2.476087
2.452423
2.429285
2.406658
2.384530
2.362888
2.341719
2.321010
2.300757
2.280942
2.261556
2.242585
2.224019
2.205848
2.188062
2.170649
2.153600
2.136907
2.120562
2.104555
2.088876
2.073518
2.058471
2.043727
2.029277
2.015115
2.001232
1.987621
1.974274
1.961186
1.948348
1.935754
1.923402
1.911282
1.899388
1.887714
1.876254
1.865002
1.853953
1.843101
1.832441
1.821968
1.811676
1.801562
1.791621
1.781847
1.772236
1.762785
1.753488
1.744343
1.735346
1.726492
1.717779
1.709201
1.700755
1.692439
1.684247
1.676178
1.668228
1.660393
1.652670
1.645058
1.637552
1.630151
1.622850
1.615649
1.608543
1.601532
1.594611
1.587780
1.581035
1.574375
1.567797
1.561299
1.554879
1.548536
1.542267
1.536072
1.529947
1.523892
1.517904
1.511981
1.506123
1.500326
1.494591
1.488914
1.483296
1.477733
1.472226
1.466772
1.461371
1.456020
1.450720
1.445468
1.440263
1.435105
1.429992
1.424924
1.419898
1.414915
1.409972
1.405070
1.400207
1.395383
1.390596
1.385846
1.381132
1.376452
1.371807
1.367196
1.362617
1.358070
1.353555
1.349070
1.344617
1.340192
1.335797
1.331430
1.327091
1.322779
1.318494
1.314234
1.310000
1.305791
1.301607
1.297446
1.293309
1.289195
1.285103
1.281034
1.276986
1.272959
1.268954
1.264969
1.261004
1.257059
1.253133
1.249226
1.245339
1.241469
1.237618
1.233784
1.229968
1.226170
1.222388
1.218623
1.214874
1.211141
1.207424
1.203723
1.200037
1.196367
1.192711
1.189070
1.185443
1.181831
1.178233
1.174649
1.171078
1.167521
1.163977
1.160447
1.156929
1.153424
1.149932
1.146453
1.142986
1.139531
1.136089
1.132659
1.129240
1.125834
1.122439
1.119055
1.115682
1.112321
1.108971
1.105631
1.102303
1.098985
1.095678
1.092381
1.089094
1.085818
1.082552
1.079296
1.076050
1.072813
1.069587
1.066370
1.063163
1.059966
1.056778
1.053599
1.050430
1.047270
1.044119
1.040977
1.037844
1.034720
1.031605
1.028499
1.025402
1.022313
1.019233
1.016162
1.013099
1.010045
1.006999
1.003961
1.000932
0.997911
0.994899
0.991894
0.988898
0.985910
0.982930
0.979957
0.976993
0.974037
0.971088
0.968148
0.965215
0.962290
0.959373
0.956463
0.953561
0.950667
0.947780
0.944901
0.942029
0.939165
0.936309
0.933460
0.930619
0.927785
0.924959
0.922140
0.919328
0.916523
0.913726
0.910935
0.908152
0.905377
0.902608
0.899846
0.897091
0.894344
0.891603
0.888870
0.886143
0.883423
0.880710
0.878004
0.875305
0.872613
0.869928
0.867249
0.864577
0.861912
0.859254
0.856602
0.853957
0.851319
0.848687
0.846062
0.843444
0.840832
0.838227
0.835628
0.833036
0.830451
0.827871
0.825299
0.822733
0.820173
0.817620
0.815073
0.812533
0.809998
0.807471
0.804949
0.802434
0.799926
0.797423
0.794927
0.792438
0.789954
0.787477
0.785006
0.782541
0.780082
0.777630
0.775183
0.772743
0.770309
0.767881
0.765459
0.763044
0.760634
0.758230
0.755833
0.753441
0.751056
0.748676
0.746303
0.743936
0.741574
0.739219
0.736869
0.734526
0.732188
0.729857
0.727532
0.725212
0.722898
0.720591
0.718289
0.715993
0.713702
0.711418
0.709139
0.706866
0.704599
0.702338
0.700082
0.697832
0.695588
0.693350
0.691117
0.688890
0.686668
0.684453
0.682242
0.680038
0.677839
0.675646
0.673458
0.671276
0.669099
0.666928
0.664763
0.662603
0.660449
0.658300
0.656156
0.654018
0.651886
0.649759
0.647637
0.645521
0.643411
0.641305
0.639206
0.637111
0.635022
0.632938
0.630860
0.628787
0.626719
0.624657
0.622600
0.620548
0.618502
0.616461
0.614425
0.612394
0.610369
0.608349
0.606334
0.604324
0.602320
0.600320
0.598326
0.596337
0.594354
0.592375
0.590401
0.588433
0.586470
0.584512
0.582559
0.580611
0.578668
0.576730
0.574797
0.572869
0.570947
0.569029
0.567116
0.565208
0.563306
0.561408
0.559515
0.557627
0.555745
0.553867
0.551994
0.550126
0.548262
0.546404
0.544551
0.542702
0.540858
0.539019
0.537185
0.535356
0.533532
0.531713
0.529898
0.528088
0.526284
0.524483
0.522688
0.520897
0.519112
0.517331
0.515554
0.513782
0.512015
0.510253
0.508496
0.506743
0.504994
0.503251
0.501512
0.499777
0.498048
0.496323
0.494602
0.492886
0.491175
0.489468
0.487765
0.486068
0.484375
0.482686
0.481002
0.479322
0.477647
0.475976
0.474310
0.472648
0.470991
0.469338
0.467690
0.466046
0.464406
0.462771
0.461140
0.459514
0.457892
0.456274
0.454661
0.453052
0.451447
0.449847
0.448251
0.446659
0.445072
0.443489
0.441910
0.440336
0.438765
0.437199
0.435638
0.434080
0.432527
0.430978
0.429433
0.427892
0.426356
0.424823
0.423295
0.421771
0.420251
0.418735
0.417224
0.415716
0.414213
0.412714
0.411218
0.409727
0.408240
0.406757
0.405278
0.403803
0.402333
0.400866
0.399403
0.397944
0.396489
0.395039
0.393592
0.392149
0.390710
0.389275
0.387844
0.386417
0.384994
0.383575
0.382159
0.380748
0.379340
0.377937
0.376537
0.375141
0.373749
0.372361
0.370976
0.369596
0.368219
0.366846
0.365477
0.364112
0.362750
0.361392
0.360038
0.358688
0.357342
0.355999
0.354660
0.353325
0.351993
0.350665
0.349341
0.348020
0.346704
0.345390
0.344081
0.342775
0.341473
0.340174
0.338880
0.337588
0.336301
0.335016
0.333736
0.332459
0.331186
0.329916
0.328650
0.327387
0.326128
0.324873
0.323621
0.322372
0.321128
0.319886
0.318648
0.317414
0.316183
0.314956
0.313732
0.312511
0.311294
0.310081
0.308870
0.307664
0.306460
0.305260
0.304064
0.302871
0.301681
0.300494
0.299311
0.298132
0.296955
0.295782
0.294612
0.293446
0.292283
0.291123
0.289967
0.288814
0.287664
0.286517
0.285374
0.284234
0.283097
0.281963
0.280833
0.279706
0.278582
0.277461
0.276344
0.275230
0.274119
0.273011
0.271906
0.270804
0.269706
0.268611
0.267519
0.266430
0.265344
0.264261
0.263181
0.262105
0.261032
0.259961
0.258894
0.257830
0.256769
0.255711
0.254656
0.253604
0.252555
0.251509
0.250466
0.249426
0.248390
0.247356
0.246325
0.245297
0.244272
0.243250
0.242232
0.241216
0.240203
0.239193
0.238185
0.237181
0.236180
0.235182
0.234186
0.233194
0.232204
0.231217
0.230233
0.229252
0.228274
0.227299
0.226327
0.225357
0.224390
0.223426
0.222465
0.221507
0.220552
0.219599
0.218649
0.217702
0.216758
0.215816
0.214877
0.213941
0.213008
0.212078
0.211150
0.210225
0.209303
0.208383
0.207466
0.206552
0.205641
0.204732
0.203826
0.202923
0.202022
0.201124
0.200228
0.199336
0.198446
0.197558
0.196674
0.195791
0.194912
0.194035
0.193161
0.192289
0.191420
0.190553
0.189689
0.188828
0.187969
0.187113
0.186259
0.185408
0.184560
0.183714
0.182870
0.182029
0.181191
0.180355
0.179522
0.178691
0.177862
0.177036
0.176213
0.175392
0.174574
0.173758
0.172944
0.172133
0.171324
0.170518
0.169714
0.168913
0.168114
0.167317
0.166523
0.165732
0.164942
0.164155
0.163371
0.162589
0.161809
0.161032
0.160256
0.159484
0.158713
0.157946
0.157180
0.156417
0.155656
0.154897
0.154141
0.153387
0.152635
0.151885
0.151138
0.150394
0.149651
0.148911
0.148173
0.147437
0.146703
0.145972
0.145243
0.144517
0.143792
0.143070
0.142350
0.141632
0.140916
0.140203
0.139492
0.138783
0.138076
0.137371
0.136669
0.135969
0.135271
0.134575
0.133881
0.133189
0.132500
0.131813
0.131128
0.130445
0.129764
0.129085
0.128408
0.127734
0.127061
0.126391
0.125723
0.125057
0.124393
0.123731
0.123071
0.122413
0.121757
0.121104
0.120452
0.119803
0.119155
0.118510
0.117866
0.117225
0.116586
0.115948
0.115313
0.114680
0.114049
0.113419
0.112792
0.112167
0.111544
0.110922
0.110303
0.109686
0.109070
0.108457
0.107845
0.107236
0.106628
0.106023
0.105419
0.104817
0.104217
0.103619
0.103023
0.102429
0.101837
0.101247
0.100659
0.100072
0.099488
0.098905
0.098324
0.097745
0.097168
0.096593
0.096020
0.095448
0.094879
0.094311
0.093745
0.093181
0.092619
0.092058
0.091500
0.090943
0.090388
0.089835
0.089284
0.088734
0.088187
0.087641
0.087097
0.086554
0.086014
0.085475
0.084938
0.084403
0.083870
0.083338
0.082808
0.082280
0.081754
0.081229
0.080706
0.080185
0.079665
0.079148
0.078632
0.078117
0.077605
0.077094
0.076585
0.076078
0.075572
0.075068
0.074565
0.074065
0.073566
0.073069
0.072573
0.072079
0.071587
0.071096
0.070607
0.070120
0.069634
0.069150
0.068668
0.068187
0.067708
0.067231
0.066755
0.066281
0.065808
0.065337
0.064868
0.064400
0.063934
0.063470
0.063007
0.062545
0.062086
0.061628
0.061171
0.060716
0.060263
0.059811
0.059361
0.058912
0.058465
0.058019
0.057575
0.057133
0.056692
0.056252
0.055814
0.055378
0.054943
0.054510
0.054078
0.053648
0.053219
0.052792
0.052367
0.051942
0.051520
0.051098
0.050679
0.050261
0.049844
0.049429
0.049015
0.048603
0.048192
0.047783
0.047375
0.046968
0.046564
0.046160
0.045758
0.045357
0.044958
0.044561
0.044165
0.043770
0.043376
0.042984
0.042594
0.042205
0.041817
0.041431
0.041046
0.040663
0.040281
0.039900
0.039521
0.039143
0.038767
0.038392
0.038018
0.037646
0.037275
0.036906
0.036537
0.036171
0.035805
0.035441
0.035079
0.034717
0.034357
0.033999
0.033642
0.033286
0.032931
0.032578
0.032226
0.031876
0.031527
0.031179
0.030832
0.030487
0.030143
0.029800
0.029459
0.029119
0.028780
0.028443
0.028107
0.027772
0.027439
0.027107
0.026776
0.026446
0.026118
0.025791
0.025465
0.025141
0.024817
0.024495
0.024175
0.023855
0.023537
0.023220
0.022904
0.022590
0.022277
0.021965
0.021654
0.021345
0.021037
0.020730
0.020424
0.020119
0.019816
0.019514
0.019213
0.018913
0.018615
0.018318
0.018022
0.017727
0.017433
0.017141
0.016849
0.016559
0.016270
0.015983
0.015696
0.015411
0.015127
0.014844
0.014562
0.014281
0.014002
0.013724
0.013446
0.013170
0.012896
0.012622
0.012349
0.012078
0.011808
0.011539
0.011271
0.011004
0.010738
0.010473
0.010210
0.009948
0.009686
0.009426
0.009167
0.008909
0.008653
0.008397
0.008142
0.007889
0.007637
0.007385
0.007135
0.006886
0.006638
0.006391
0.006145
0.005901
0.005657
0.005414
0.005173
0.004932
0.004693
0.004454
0.004217
0.003981
0.003746
0.003512
0.003279
0.003046
0.002815
0.002585
0.002357
0.002129
0.001902
0.001676
0.001451
0.001227
0.001005
0.000783
0.000562
0.000342
0.000124
-0.000094
-0.000311
-0.000527
-0.000741
-0.000955
-0.001168
-0.001380
-0.001590
-0.001800
-0.002009
-0.002217
-0.002424
-0.002630
-0.002834
-0.003038
-0.003241
-0.003443
-0.003645
-0.003845
-0.004044
-0.004242
-0.004439
-0.004636
-0.004831
-0.005026
-0.005219
-0.005412
-0.005603
-0.005794
-0.005984
-0.006173
-0.006361
-0.006548
-0.006734
-0.006919
-0.007104
-0.007287
-0.007470
-0.007651
-0.007832
-0.008012
-0.008191
-0.008369
-0.008546
-0.008722
-0.008898
-0.009072
-0.009246
-0.009419
-0.009591
-0.009762
-0.009932
-0.010102
-0.010270
-0.010438
-0.010605
-0.010771
-0.010936
-0.011100
-0.011264
-0.011426
-0.011588
-0.011749
-0.011909
-0.012069
-0.012227
-0.012385
-0.012542
-0.012698
-0.012853
-0.013008
-0.013161
-0.013314
-0.013466
-0.013617
-0.013768
-0.013918
-0.014067
-0.014215
-0.014362
-0.014509
-0.014655
-0.014800
-0.014944
-0.015088
-0.015230
-0.015372
-0.015514
-0.015654
-0.015794
-0.015933
-0.016071
-0.016209
-0.016346
-0.016482
-0.016617
-0.016752
-0.016886
-0.017019
-0.017151
-0.017283
-0.017414
-0.017544
-0.017674
-0.017803
-0.017931
-0.018059
-0.018185
-0.018312
-0.018437
-0.018562
-0.018686
-0.018809
-0.018932
-0.019054
-0.019176
-0.019296
-0.019416
-0.019536
-0.019655
-0.019773
-0.019890
-0.020007
-0.020123
-0.020239
-0.020353
-0.020468
-0.020581
-0.020694
-0.020807
-0.020918
-0.021029
-0.021140
-0.021250
-0.021359
-0.021468
-0.021576
-0.021683
-0.021790
-0.021896
-0.022002
-0.022107
-0.022211
-0.022315
-0.022419
-0.022521
-0.022624
-0.022725
-0.022826
-0.022927
-0.023026
-0.023126
-0.023225
-0.023323
-0.023420
-0.023517
-0.023614
-0.023710
-0.023805
-0.023900
-0.023995
-0.024089
-0.024182
-0.024275
-0.024367
-0.024459
-0.024550
-0.024641
-0.024731
-0.024821
-0.024910
-0.024999
-0.025087
-0.025174
-0.025262
-0.025348
-0.025435
-0.025520
-0.025606
-0.025690
-0.025775
-0.025858
-0.025942
-0.026025
-0.026107
-0.026189
-0.026270
-0.026351
-0.026432
-0.026512
-0.026592
-0.026671
-0.026750
-0.026828
-0.026906
-0.026983
-0.027060
-0.027137
-0.027213
-0.027289
-0.027364
-0.027439
-0.027514
-0.027588
-0.027661
-0.027734
-0.027807
-0.027880
-0.027952
-0.028023
-0.028095
-0.028165
-0.028236
-0.028306
-0.028375
-0.028445
-0.028514
-0.028582
-0.028650
-0.028718
-0.028785
-0.028852
-0.028919
-0.028985
-0.029051
-0.029117
-0.029182
-0.029247
-0.029311
-0.029376
-0.029439
-0.029503
-0.029566
-0.029629
-0.029691
-0.029753
-0.029815
-0.029876
-0.029937
-0.029998
-0.030059
-0.030119
-0.030179
-0.030238
-0.030297
-0.030356
-0.030415
-0.030473
-0.030531
-0.030589
-0.030646
-0.030703
-0.030760
-0.030816
-0.030872
-0.030928
-0.030984
-0.031039
-0.031094
-0.031149
-0.031203
-0.031257
-0.031311
-0.031365
-0.031418
-0.031471
-0.031524
-0.031576
-0.031629
-0.031681
-0.031732
-0.031784
-0.031835
-0.031886
-0.031937
-0.031987
-0.032037
-0.032087
-0.032137
-0.032186
-0.032236
-0.032285
-0.032333
-0.032382
-0.032430
-0.032478
-0.032526
-0.032574
-0.032621
-0.032668
-0.032715
-0.032762
-0.032808
-0.032854
-0.032900
-0.032946
-0.032992
-0.033037
-0.033082
-0.033127
-0.033172
-0.033217
-0.033261
-0.033305
-0.033349
-0.033393
-0.033436
-0.033480
-0.033523
-0.033566
-0.033609
-0.033651
-0.033694
-0.033736
-0.033778
-0.033820
-0.033861
-0.033903
-0.033944
-0.033985
-0.034026
-0.034067
-0.034107
-0.034148
-0.034188
-0.034228
-0.034268
-0.034308
-0.034347
-0.034387
-0.034426
-0.034465
-0.034504
-0.034543
-0.034581
-0.034620
-0.034658
-0.034696
-0.034734
-0.034772
-0.034809
-0.034847
-0.034884
-0.034922
-0.034959
-0.034995
-0.035032
-0.035069
-0.035105
-0.035142
-0.035178
-0.035214
-0.035250
-0.035286
-0.035321
-0.035357
-0.035392
-0.035427
-0.035462
-0.035497
-0.035532
-0.035567
-0.035602
-0.035636
-0.035670
-0.035705
-0.035739
-0.035773
-0.035806
-0.035840
-0.035874
-0.035907
-0.035941
-0.035974
-0.036007
-0.036040
-0.036073
-0.036106
-0.036138
-0.036171
-0.036203
-0.036236
-0.036268
-0.036300
-0.036332
-0.036364
-0.036396
-0.036427
-0.036459
-0.036490
-0.036522
-0.036553
-0.036584
-0.036615
-0.036646
-0.036677
-0.036708
-0.036738
-0.036769
-0.036799
-0.036830
-0.036860
-0.036890
-0.036920
-0.036950
-0.036980
-0.037010
-0.037039
-0.037069
-0.037099
-0.037128
-0.037157
-0.037187
-0.037216
-0.037245
-0.037274
-0.037303
-0.037331
-0.037360
-0.037389
-0.037417
-0.037446
-0.037474
-0.037502
-0.037531
-0.037559
-0.037587
-0.037615
-0.037643
-0.037670
-0.037698
-0.037726
-0.037753
-0.037781
-0.037808
-0.037836
-0.037863
-0.037890
-0.037917
-0.037944
-0.037971
-0.037998
-0.038025
-0.038051
-0.038078
-0.038105
-0.038131
-0.038158
-0.038184
-0.038210
-0.038237
-0.038263
-0.038289
-0.038315
-0.038341
-0.038367
-0.038392
-0.038418
-0.038444
-0.038470
-0.038495
-0.038521
-0.038546
-0.038571
-0.038597
-0.038622
-0.038647
-0.038672
-0.038697
-0.038722
-0.038747
-0.038772
-0.038796
-0.038821
-0.038846
-0.038870
-0.038895
-0.038919
-0.038944
-0.038968
-0.038992
-0.039017
-0.039041
-0.039065
-0.039089
-0.039113
-0.039137
-0.039161
-0.039185
-0.039208
-0.039232
-0.039256
-0.039279
-0.039303
-0.039326
-0.039350
-0.039373
-0.039396
-0.039419
-0.039443
-0.039466
-0.039489
-0.039512
-0.039535
-0.039558
-0.039581
-0.039603
-0.039626
-0.039649
-0.039672
-0.039694
-0.039717
-0.039739
-0.039762
-0.039784
-0.039806
-0.039829
-0.039851
-0.039873
-0.039895
-0.039917
-0.039939
-0.039961
-0.039983
-0.040005
-0.040027
-0.040049
-0.040070
-0.040092
-0.040114
-0.040135
-0.040157
-0.040178
-0.040200
-0.040221
-0.040243
-0.040264
-0.040285
-0.040306
-0.040328
-0.040349
-0.040370
-0.040391
-0.040412
-0.040433
-0.040453
-0.040474
-0.040495
-0.040516
-0.040537
-0.040557
-0.040578
-0.040598
-0.040619
-0.040639
-0.040660
-0.040680
-0.040700
-0.040721
-0.040741
-0.040761
-0.040781
-0.040802
-0.040822
-0.040842
-0.040862
-0.040882
-0.040901
-0.040921
-0.040941
-0.040961
-0.040981
-0.041000
-0.041020
-0.041040
-0.041059
-0.041079
-0.041098
-0.041118
-0.041137
-0.041156
-0.041176
-0.041195
-0.041214
-0.041233
-0.041252
-0.041271
-0.041291
-0.041310
-0.041329
-0.041348
-0.041366
-0.041385
-0.041404
-0.041423
-0.041442
-0.041460
-0.041479
-0.041498
-0.041516
-0.041535
-0.041553
-0.041572
-0.041590
-0.041608
-0.041627
-0.041645
-0.041663
-0.041682
-0.041700
-0.041718
-0.041736
-0.041754
-0.041772
-0.041790
-0.041808
-0.041826
-0.041844
-0.041862
-0.041880
-0.041897
-0.041915
-0.041933
-0.041951
-0.041968
-0.041986
-0.042003
-0.042021
-0.042038
-0.042056
-0.042073
-0.042090
-0.042108
-0.042125
-0.042142
-0.042160
-0.042177
-0.042194
-0.042211
-0.042228
-0.042245
-0.042262
-0.042279
-0.042296
-0.042313
-0.042330
-0.042347
-0.042363
-0.042380
-0.042397
-0.042414
-0.042430
-0.042447
-0.042463
-0.042480
-0.042497
-0.042513
-0.042529
-0.042546
-0.042562
-0.042579
-0.042595
-0.042611
-0.042627
-0.042644
-0.042660
-0.042676
-0.042692
-0.042708
-0.042724
-0.042740
-0.042756
-0.042772
-0.042788
-0.042804
-0.042820
-0.042835
-0.042851
-0.042867
-0.042883
-0.042898
-0.042914
-0.042929
-0.042945
-0.042961
-0.042976
-0.042992
-0.043007
-0.043022
-0.043038
-0.043053
-0.043068
-0.043084
-0.043099
-0.043114
-0.043129
-0.043144
-0.043160
-0.043175
-0.043190
-0.043205
-0.043220
-0.043235
-0.043250
-0.043265
-0.043279
-0.043294
-0.043309
-0.043324
-0.043339
-0.043353
-0.043368
-0.043383
-0.043397
-0.043412
-0.043426
-0.043441
-0.043455
-0.043470
-0.043484
-0.043499
-0.043513
-0.043527
-0.043542
-0.043556
-0.043570
-0.043584
-0.043599
-0.043613
-0.043627
-0.043641
-0.043655
-0.043669
-0.043683
-0.043697
-0.043711
-0.043725
-0.043739
-0.043753
-0.043767
-0.043780
-0.043794
-0.043808
-0.043822
-0.043835
-0.043849
-0.043863
-0.043876
-0.043890
-0.043903
-0.043917
-0.043930
-0.043944
-0.043957
-0.043971
-0.043984
-0.043997
-0.044011
-0.044024
-0.044037
-0.044050
-0.044064
-0.044077
-0.044090
-0.044103
-0.044116
-0.044129
-0.044142
-0.044155
-0.044168
-0.044181
-0.044194
-0.044207
-0.044220
-0.044233
-0.044246
-0.044258
-0.044271
-0.044284
-0.044297
-0.044309
-0.044322
-0.044335
-0.044347
-0.044360
-0.044372
-0.044385
-0.044397
-0.044410
-0.044422
-0.044435
-0.044447
-0.044460
-0.044472
-0.044484
-0.044496
-0.044509
-0.044521
-0.044533
-0.044545
-0.044558
-0.044570
-0.044582
-0.044594
-0.044606
-0.044618
-0.044630
-0.044642
-0.044654
-0.044666
-0.044678
-0.044690
-0.044701
-0.044713
-0.044725
-0.044737
-0.044749
-0.044760
-0.044772
-0.044784
-0.044795
-0.044807
-0.044819
-0.044830
-0.044842
-0.044853
-0.044865
-0.044876
-0.044888
-0.044899
-0.044911
-0.044922
-0.044933
-0.044945
-0.044956
-0.044967
-0.044979
-0.044990
-0.045001
-0.045012
-0.045023
-0.045035
-0.045046
-0.045057
-0.045068
-0.045079
-0.045090
-0.045101
-0.045112
-0.045123
-0.045134
-0.045145
-0.045156
-0.045166
-0.045177
-0.045188
-0.045199
-0.045210
-0.045220
-0.045231
-0.045242
-0.045253
-0.045263
-0.045274
-0.045285
-0.045295
-0.045306
-0.045316
-0.045327
-0.045337
-0.045348
-0.045358
-0.045369
-0.045379
-0.045389
-0.045400
-0.045410
-0.045420
-0.045431
-0.045441
-0.045451
-0.045462
-0.045472
-0.045482
-0.045492
-0.045502
-0.045512
-0.045523
-0.045533
-0.045543
-0.045553
-0.045563
-0.045573
-0.045583
-0.045593
-0.045603
-0.045613
-0.045623
-0.045632
-0.045642
-0.045652
-0.045662
-0.045672
-0.045681
-0.045691
-0.045701
-0.045711
-0.045720
-0.045730
-0.045740
-0.045749
-0.045759
-0.045769
-0.045778
-0.045788
-0.045797
-0.045807
-0.045816
-0.045826
-0.045835
-0.045845
-0.045854
-0.045863
-0.045873
-0.045882
-0.045891
-0.045901
-0.045910
-0.045919
-0.045929
-0.045938
-0.045947
-0.045956
-0.045965
-0.045975
-0.045984
-0.045993
-0.046002
-0.046011
-0.046020
-0.046029
-0.046038
-0.046047
-0.046056
-0.046065
-0.046074
-0.046083
-0.046092
-0.046101
-0.046110
-0.046118
-0.046127
-0.046136
-0.046145
-0.046154
-0.046162
-0.046171
-0.046180
-0.046189
-0.046197
-0.046206
-0.046215
-0.046223
-0.046232
-0.046241
-0.046249
-0.046258
-0.046266
-0.046275
-0.046283
-0.046292
-0.046300
-0.046309
-0.046317
-0.046326
-0.046334
-0.046342
-0.046351
-0.046359
-0.046367
-0.046376
-0.046384
-0.046392
-0.046401
-0.046409
-0.046417
-0.046425
-0.046433
-0.046442
-0.046450
-0.046458
-0.046466
-0.046474
-0.046482
-0.046490
-0.046498
-0.046506
-0.046514
-0.046523
-0.046530
-0.046538
-0.046546
-0.046554
-0.046562
-0.046570
-0.046578
-0.046586
-0.046594
-0.046602
-0.046610
-0.046617
-0.046625
-0.046633
-0.046641
-0.046648
-0.046656
-0.046664
-0.046672
-0.046679
-0.046687
-0.046695
-0.046702
-0.046710
-0.046718
-0.046725
-0.046733
-0.046740
-0.046748
-0.046755
-0.046763
-0.046770
-0.046778
-0.046785
-0.046793
-0.046800
-0.046808
-0.046815
-0.046822
-0.046830
-0.046837
-0.046845
-0.046852
-0.046859
-0.046866
-0.046874
-0.046881
-0.046888
-0.046896
-0.046903
-0.046910
-0.046917
-0.046924
-0.046932
-0.046939
-0.046946
-0.046953
-0.046960
-0.046967
-0.046974
-0.046981
-0.046988
-0.046995
-0.047002
-0.047009
-0.047016
-0.047023
-0.047030
-0.047037
-0.047044
-0.047051
-0.047058
-0.047065
-0.047072
-0.047079
-0.047086
-0.047093
-0.047099
-0.047106
-0.047113
-0.047120
-0.047127
-0.047133
-0.047140
-0.047147
-0.047154
-0.047160
-0.047167
-0.047174
-0.047180
-0.047187
-0.047194
-0.047200
-0.047207
-0.047213
-0.047220
-0.047227
-0.047233
-0.047240
-0.047246
-0.047253
-0.047259
-0.047266
-0.047272
-0.047279
-0.047285
-0.047292
-0.047298
-0.047304
-0.047311
-0.047317
-0.047324
-0.047330
-0.047336
-0.047343
-0.047349
-0.047355
-0.047362
-0.047368
-0.047374
-0.047381
-0.047387
-0.047393
-0.047399
-0.047405
-0.047412
-0.047418
-0.047424
-0.047430
-0.047436
-0.047443
-0.047449
-0.047455
-0.047461
-0.047467
-0.047473
-0.047479
-0.047485
-0.047491
-0.047497
-0.047503
-0.047509
-0.047515
-0.047521
-0.047527
-0.047533
-0.047539
-0.047545
-0.047551
-0.047557
-0.047563
-0.047569
-0.047575
-0.047581
-0.047586
-0.047592
-0.047598
-0.047604
-0.047610
-0.047616
-0.047621
-0.047627
-0.047633
-0.047639
-0.047644
-0.047650
-0.047656
-0.047662
-0.047667
-0.047673
-0.047679
-0.047684
-0.047690
-0.047696
-0.047701
-0.047707
-0.047713
-0.047718
-0.047724
-0.047729
-0.047735
-0.047741
-0.047746
-0.047752
-0.047757
-0.047763
-0.047768
-0.047774
-0.047779
-0.047785
-0.047790
-0.047796
-0.047801
-0.047806
-0.047812
-0.047817
-0.047823
-0.047828
-0.047834
-0.047839
-0.047844
-0.047850
-0.047855
-0.047860
-0.047866
-0.047871
-0.047876
-0.047882
-0.047887
-0.047892
-0.047897
-0.047903
-0.047908
-0.047913
-0.047918
-0.047924
-0.047929
-0.047934
-0.047939
-0.047944
-0.047949
-0.047955
-0.047960
-0.047965
-0.047970
-0.047975
-0.047980
-0.047985
-0.047990
-0.047996
-0.048001
-0.048006
-0.048011
-0.048016
-0.048021
-0.048026
-0.048031
-0.048036
-0.048041
-0.048046
-0.048051
-0.048056
-0.048061
-0.048066
-0.048071
-0.048076
-0.048080
-0.048085
-0.048090
-0.048095

