0.000000
0.000000
-0.000026
-0.000052
-0.000077
-0.000103
-0.000128
-0.000153
-0.000177
-0.000201
-0.000224
-0.000247
-0.000270
-0.000293
-0.000315
-0.000337
-0.000359
-0.000380
-0.000402
-0.000423
-0.000444
-0.000465
-0.000485
-0.000506
-0.000526
-0.000547
-0.000567
-0.000587
-0.000607
-0.000627
-0.000647
-0.000667
-0.000687
-0.000707
-0.000726
-0.000746
-0.000766
-0.000785
-0.000805
-0.000824
-0.000844
-0.000863
-0.000883
-0.000902
-0.000922
-0.000941
-0.000961
-0.000980
-0.001000
-0.001019
-0.001038
-0.001058
-0.001077
-0.001097
-0.001116
-0.001135
-0.001155
-0.001174
-0.001194
-0.001213
-0.001233
-0.001252
-0.001271
-0.001291
-0.001310
-0.001330
-0.001349
-0.001369
-0.001388
-0.001408
-0.001428
-0.001447
-0.001467
-0.001486
-0.001506
-0.001525
-0.001545
-0.001565
-0.001584
-0.001604
-0.001624
-0.001644
-0.001663
-0.001683
-0.001703
-0.001723
-0.001743
-0.001762
-0.001782
-0.001802
-0.001822
-0.001842
-0.001862
-0.001882
-0.001902
-0.001922
-0.001942
-0.001962
-0.001982
-0.002002
-0.002022
-0.002042
-0.002063
-0.002083
-0.002103
-0.002123
-0.002143
-0.002164
-0.002184
-0.002204
-0.002225
-0.002245
-0.002265
-0.002286
-0.002306
-0.002326
-0.002347
-0.002367
-0.002388
-0.002408
-0.002429
-0.002449
-0.002470
-0.002491
-0.002511
-0.002532
-0.002553
-0.002573
-0.002594
-0.002615
-0.002635
-0.002656
-0.002677
-0.002698
-0.002719
-0.002739
-0.002760
-0.002781
-0.002802
-0.002823
-0.002844
-0.002865
-0.002886
-0.002907
-0.002928
-0.002949
-0.002970
-0.002991
-0.003012
-0.003033
-0.003054
-0.003075
-0.003097
-0.003118
-0.003139
-0.003160
-0.003181
-0.003203
-0.003224
-0.003245
-0.003266
-0.003288
-0.003309
-0.003330
-0.003352
-0.003373
-0.003395
-0.003416
-0.003437
-0.003459
-0.003480
-0.003502
-0.003523
-0.003545
-0.003566
-0.003588
-0.003610
-0.003631
-0.003653
-0.003674
-0.003696
-0.003718
-0.003739
-0.003761
-0.003783
-0.003804
-0.003826
-0.003848
-0.003869
-0.003891
-0.003913
-0.003935
-0.003956
-0.003978
-0.004000
-0.004022
-0.004044
-0.004066
-0.004088
-0.004109
-0.004131
-0.004153
-0.004175
-0.004197
-0.004219
-0.004241
-0.004263
-0.004285
-0.004307
-0.004329
-0.004351
-0.004373
-0.004395
-0.004417
-0.004439
-0.004461
-0.004483
-0.004505
-0.004527
-0.004550
-0.004572
-0.004594
-0.004616
-0.004638
-0.004660
-0.004683
-0.004705
-0.004727
-0.004749
-0.004771
-0.004794
-0.004816
-0.004838
-0.004860
-0.004883
-0.004905
-0.004927
-0.004949
-0.004972
-0.004994
-0.005016
-0.005039
-0.005061
-0.005083
-0.005106
-0.005128
-0.005150
-0.005173
-0.005195
-0.005218
-0.005240
-0.005262
-0.005285
-0.005307
-0.005330
-0.005352
-0.005375
-0.005397
-0.005419
-0.005442
-0.005464
-0.005487
-0.005509
-0.005532
-0.005554
-0.005577
-0.005599
-0.005622
-0.005644
-0.005667
-0.005690
-0.005712
-0.005735
-0.005757
-0.005780
-0.005802
-0.005825
-0.005847
-0.005870
-0.005893
-0.005915
-0.005938
-0.005960
-0.005983
-0.006006
-0.006028
-0.006051
-0.006073
-0.006096
-0.006119
-0.006141
-0.006164
-0.006187
-0.006209
-0.006232
-0.006255
-0.006277
-0.006300
-0.006323
-0.006345
-0.006368
-0.006391
-0.006413
-0.006436
-0.006459
-0.006482
-0.006504
-0.006527
-0.006550
-0.006572
-0.006595
-0.006618
-0.006641
-0.006663
-0.006686
-0.006709
-0.006731
-0.006754
-0.006777
-0.006800
-0.006822
-0.006845
-0.006868
-0.006891
-0.006913
-0.006936
-0.006959
-0.006982
-0.007004
-0.007027
-0.007050
-0.007073
-0.007095
-0.007118
-0.007141
-0.007164
-0.007187
-0.007209
-0.007232
-0.007255
-0.007278
-0.007300
-0.007323
-0.007346
-0.007369
-0.007392
-0.007414
-0.007437
-0.007460
-0.007483
-0.007505
-0.007528
-0.007551
-0.007574
-0.007597
-0.007619
-0.007642
-0.007665
-0.007688
-0.007711
-0.007733
-0.007756
-0.007779
-0.007802
-0.007825
-0.007847
-0.007870
-0.007893
-0.007916
-0.007939
-0.007961
-0.007984
-0.008007
-0.008030
-0.008052
-0.008075
-0.008098
-0.008121
-0.008144
-0.008166
-0.008189
-0.008212
-0.008235
-0.008258
-0.008280
-0.008303
-0.008326
-0.008349
-0.008371
-0.008394
-0.008417
-0.008440
-0.008462
-0.008485
-0.008508
-0.008531
-0.008554
-0.008576
-0.008599
-0.008622
-0.008645
-0.008667
-0.008690
-0.008713
-0.008736
-0.008758
-0.008781
-0.008804
-0.008827
-0.008849
-0.008872
-0.008895
-0.008917
-0.008940
-0.008963
-0.008986
-0.009008
-0.009031
-0.009054
-0.009077
-0.009099
-0.009122
-0.009145
-0.009167
-0.009190
-0.009213
-0.009235
-0.009258
-0.009281
-0.009304
-0.009326
-0.009349
-0.009372
-0.009394
-0.009417
-0.009440
-0.009462
-0.009485
-0.009508
-0.009530
-0.009553
-0.009576
-0.009598
-0.009621
-0.009643
-0.009666
-0.009689
-0.009711
-0.009734
-0.009757
-0.009779
-0.009802
-0.009824
-0.009847
-0.009870
-0.009892
-0.009915
-0.009937
-0.009960
-0.009983
-0.010005
-0.010028
-0.010050
-0.010073
-0.010095
-0.010118
-0.010141
-0.010163
-0.010186
-0.010208
-0.010231
-0.010253
-0.010276
-0.010298
-0.010321
-0.010343
-0.010366
-0.010388
-0.010411
-0.010433
-0.010456
-0.010478
-0.010501
-0.010523
-0.010546
-0.010568
-0.010591
-0.010613
-0.010636
-0.010658
-0.010680
-0.010703
-0.010725
-0.010748
-0.010770
-0.010793
-0.010815
-0.010837
-0.010860
-0.010882
-0.010905
-0.010927
-0.010949
-0.010972
-0.010994
-0.011017
-0.011039
-0.011061
-0.011084
-0.011106
-0.011128
-0.011151
-0.011173
-0.011195
-0.011218
-0.011240
-0.011262
-0.011285
-0.011307
-0.011329
-0.011351
-0.011374
-0.011396
-0.011418
-0.011440
-0.011463
-0.011485
-0.011507
-0.011529
-0.011552
-0.011574
-0.011596
-0.011618
-0.011641
-0.011663
-0.011685
-0.011707
-0.011729
-0.011752
-0.011774
-0.011796
-0.011818
-0.011840
-0.011862
-0.011884
-0.011907
-0.011929
-0.011951
-0.011973
-0.011995
-0.012017
-0.012039
-0.012061
-0.012083
-0.012106
-0.012128
-0.012150
-0.012172
-0.012194
-0.012216
-0.012238
-0.012260
-0.012282
-0.012304
-0.012326
-0.012348
-0.012370
-0.012392
-0.012414
-0.012436
-0.012458
-0.012480
-0.012502
-0.012524
-0.012546
-0.012568
-0.012590
-0.012612
-0.012634
-0.012655
-0.012677
-0.012699
-0.012721
-0.012743
-0.012765
-0.012787
-0.012809
-0.012831
-0.012852
-0.012874
-0.012896
-0.012918
-0.012940
-0.012962
-0.012983
-0.013005
-0.013027
-0.013049
-0.013070
-0.013092
-0.013114
-0.013136
-0.013158
-0.013179
-0.013201
-0.013223
-0.013244
-0.013266
-0.013288
-0.013310
-0.013331
-0.013353
-0.013375
-0.013396
-0.013418
-0.013440
-0.013461
-0.013483
-0.013505
-0.013526
-0.013548
-0.013569
-0.013591
-0.013613
-0.013634
-0.013656
-0.013677
-0.013699
-0.013721
-0.013742
-0.013764
-0.013785
-0.013807
-0.013828
-0.013850
-0.013871
-0.013893
-0.013914
-0.013936
-0.013957
-0.013979
-0.014000
-0.014022
-0.014043
-0.014065
-0.014086
-0.014107
-0.014129
-0.014150
-0.014172
-0.014193
-0.014214
-0.014236
-0.014257
-0.014278
-0.014300
-0.014321
-0.014343
-0.014364
-0.014385
-0.014406
-0.014428
-0.014449
-0.014470
-0.014492
-0.014513
-0.014534
-0.014555
-0.014577
-0.014598
-0.014619
-0.014640
-0.014662
-0.014683
-0.014704
-0.014725
-0.014746
-0.014768
-0.014789
-0.014810
-0.014831
-0.014852
-0.014873
-0.014894
-0.014916
-0.014937
-0.014958
-0.014979
-0.015000
-0.015021
-0.015042
-0.015063
-0.015084
-0.015105
-0.015126
-0.015147
-0.015168
-0.015189
-0.015210
-0.015231
-0.015252
-0.015273
-0.015294
-0.015315
-0.015336
-0.015357
-0.015378
-0.015399
-0.015420
-0.015441
-0.015462
-0.015483
-0.015504
-0.015524
-0.015545
-0.015566
-0.015587
-0.015608
-0.015629
-0.015650
-0.015670
-0.015691
-0.015712
-0.015733
-0.015754
-0.015774
-0.015795
-0.015816
-0.015837
-0.015857
-0.015878
-0.015899
-0.015920
-0.015940
-0.015961
-0.015982
-0.016002
-0.016023
-0.016044
-0.016064
-0.016085
-0.016106
-0.016126
-0.016147
-0.016168
-0.016188
-0.016209
-0.016229
-0.016250
-0.016271
-0.016291
-0.016312
-0.016332
-0.016353
-0.016373
-0.016394
-0.016414
-0.016435
-0.016455
-0.016476
-0.016496
-0.016517
-0.016537
-0.016558
-0.016578
-0.016599
-0.016619
-0.016639
-0.016660
-0.016680
-0.016701
-0.016721
-0.016741
-0.016762
-0.016782
-0.016802
-0.016823
-0.016843
-0.016863
-0.016884
-0.016904
-0.016924
-0.016945
-0.016965
-0.016985
-0.017005
-0.017026
-0.017046
-0.017066
-0.017086
-0.017107
-0.017127
-0.017147
-0.017167
-0.017187
-0.017207
-0.017228
-0.017248
-0.017268
-0.017288
-0.017308
-0.017328
-0.017348
-0.017369
-0.017389
-0.017409
-0.017429
-0.017449
-0.017469
-0.017489
-0.017509
-0.017529
-0.017549
-0.017569
-0.017589
-0.017609
-0.017629
-0.017649
-0.017669
-0.017689
-0.017709
-0.017729
-0.017749
-0.017769
-0.017789
-0.017808
-0.017828
-0.017848
-0.017868
-0.017888
-0.017908
-0.017928
-0.017948
-0.017967
-0.017987
-0.018007
-0.018027
-0.018047
-0.018066
-0.018086
-0.018106
-0.018126
-0.018145
-0.018165
-0.018185
-0.018205
-0.018224
-0.018244
-0.018264
-0.018284
-0.018303
-0.018323
-0.018343
-0.018362
-0.018382
-0.018401
-0.018421
-0.018441
-0.018460
-0.018480
-0.018500
-0.018519
-0.018539
-0.018558
-0.018578
-0.018597
-0.018617
-0.018636
-0.018656
-0.018675
-0.018695
-0.018714
-0.018734
-0.018753
-0.018773
-0.018792
-0.018812
-0.018831
-0.018851
-0.018870
-0.018889
-0.018909
-0.018928
-0.018948
-0.018967
-0.018986
-0.019006
-0.019025
-0.019044
-0.019064
-0.019083
-0.019102
-0.019122
-0.019141
-0.019160
-0.019179
-0.019199
-0.019218
-0.019237
-0.019256
-0.019276
-0.019295
-0.019314
-0.019333
-0.019353
-0.019372
-0.019391
-0.019410
-0.019429
-0.019448
-0.019468
-0.019487
-0.019506
-0.019525
-0.019544
-0.019563
-0.019582
-0.019601
-0.019620
-0.019639
-0.019658
-0.019677
-0.019696
-0.019715
-0.019734
-0.019753
-0.019772
-0.019791
-0.019810
-0.019829
-0.019848
-0.019867
-0.019886
-0.019905
-0.019924
-0.019943
-0.019962
-0.019981
-0.020000
-0.020019
-0.020037
-0.020056
-0.020075
-0.020094
-0.020113
-0.020132
-0.020150
-0.020169
-0.020188
-0.020207
-0.020226
-0.020244
-0.020263
-0.020282
-0.020301
-0.020319
-0.020338
-0.020357
-0.020375
-0.020394
-0.020413
-0.020432
-0.020450
-0.020469
-0.020488
-0.020506
-0.020525
-0.020543
-0.020562
-0.020581
-0.020599
-0.020618
-0.020636
-0.020655
-0.020674
-0.020692
-0.020711
-0.020729
-0.020748
-0.020766
-0.020785
-0.020803
-0.020822
-0.020840
-0.020859
-0.020877
-0.020895
-0.020914
-0.020932
-0.020951
-0.020969
-0.020988
-0.021006
-0.021024
-0.021043
-0.021061
-0.021079
-0.021098
-0.021116
-0.021135
-0.021153
-0.021171
-0.021189
-0.021208
-0.021226
-0.021244
-0.021263
-0.021281
-0.021299
-0.021317
-0.021336
-0.021354
-0.021372
-0.021390
-0.021408
-0.021427
-0.021445
-0.021463
-0.021481
-0.021499
-0.021517
-0.021536
-0.021554
-0.021572
-0.021590
-0.021608
-0.021626
-0.021644
-0.021662
-0.021680
-0.021698
-0.021716
-0.021734
-0.021752
-0.021770
-0.021788
-0.021806
-0.021824
-0.021842
-0.021860
-0.021878
-0.021896
-0.021914
-0.021932
-0.021950
-0.021968
-0.021986
-0.022004
-0.022022
-0.022040
-0.022058
-0.022075
-0.022093
-0.022111
-0.022129
-0.022147
-0.022165
-0.022182
-0.022200
-0.022218
-0.022236
-0.022254
-0.022271
-0.022289
-0.022307
-0.022325
-0.022342
-0.022360
-0.022378
-0.022395
-0.022413
-0.022431
-0.022448
-0.022466
-0.022484
-0.022501
-0.022519
-0.022537
-0.022554
-0.022572
-0.022590
-0.022607
-0.022625
-0.022642
-0.022660
-0.022677
-0.022695
-0.022713
-0.022730
-0.022748
-0.022765
-0.022783
-0.022800
-0.022818
-0.022835
-0.022853
-0.022870
-0.022887
-0.022905
-0.022922
-0.022940
-0.022957
-0.022975
-0.022992
-0.023009
-0.023027
-0.023044
-0.023062
-0.023079
-0.023096
-0.023114
-0.023131
-0.023148
-0.023166
-0.023183
-0.023200
-0.023217
-0.023235
-0.023252
-0.023269
-0.023286
-0.023304
-0.023321
-0.023338
-0.023355
-0.023373
-0.023390
-0.023407
-0.023424
-0.023441
-0.023458
-0.023476
-0.023493
-0.023510
-0.023527
-0.023544
-0.023561
-0.023578
-0.023595
-0.023613
-0.023630
-0.023647
-0.023664
-0.023681
-0.023698
-0.023715
-0.023732
-0.023749
-0.023766
-0.023783
-0.023800
-0.023817
-0.023834
-0.023851
-0.023868
-0.023885
-0.023902
-0.023919
-0.023935
-0.023952
-0.023969
-0.023986
-0.024003
-0.024020
-0.024037
-0.024054
-0.024070
-0.024087
-0.024104
-0.024121
-0.024138
-0.024155
-0.024171
-0.024188
-0.024205
-0.024222
-0.024238
-0.024255
-0.024272
-0.024289
-0.024305
-0.024322
-0.024339
-0.024356
-0.024372
-0.024389
-0.024406
-0.024422
-0.024439
-0.024456
-0.024472
-0.024489
-0.024505
-0.024522
-0.024539
-0.024555
-0.024572
-0.024588
-0.024605
-0.024622
-0.024638
-0.024655
-0.024671
-0.024688
-0.024704
-0.024721
-0.024737
-0.024754
-0.024770
-0.024787
-0.024803
-0.024820
-0.024836
-0.024852
-0.024869
-0.024885
-0.024902
-0.024918
-0.024935
-0.024951
-0.024967
-0.024984
-0.025000
-0.025016
-0.025033
-0.025049
-0.025065
-0.025082
-0.025098
-0.025114
-0.025131
-0.025147
-0.025163
-0.025179
-0.025196
-0.025212
-0.025228
-0.025244
-0.025261
-0.025277
-0.025293
-0.025309
-0.025326
-0.025342
-0.025358
-0.025374
-0.025390
-0.025406
-0.025423
-0.025439
-0.025455
-0.025471
-0.025487
-0.025503
-0.025519
-0.025535
-0.025551
-0.025567
-0.025583
-0.025600
-0.025616
-0.025632
-0.025648
-0.025664
-0.025680
-0.025696
-0.025712
-0.025728
-0.025744
-0.025760
-0.025775
-0.025791
-0.025807
-0.025823
-0.025839
-0.025855
-0.025871
-0.025887
-0.025903
-0.025919
-0.025935
-0.025950
-0.025966
-0.025982
-0.025998
-0.026014
-0.026030
-0.026045
-0.026061
-0.026077
-0.026093
-0.026109
-0.026124
-0.026140
-0.026156
-0.026172
-0.026187
-0.026203
-0.026219
-0.026235
-0.026250
-0.026266
-0.026282
-0.026297
-0.026313
-0.026329
-0.026344
-0.026360
-0.026376
-0.026391
-0.026407
-0.026422
-0.026438
-0.026454
-0.026469
-0.026485
-0.026500
-0.026516
-0.026532
-0.026547
-0.026563
-0.026578
-0.026594
-0.026609
-0.026625
-0.026640
-0.026656
-0.026671
-0.026687
-0.026702
-0.026718
-0.026733
-0.026748
-0.026764
-0.026779
-0.026795
-0.026810
-0.026825
-0.026841
-0.026856
-0.026872
-0.026887
-0.026902
-0.026918
-0.026933
-0.026948
-0.026964
-0.026979
-0.026994
-0.027010
-0.027025
-0.027040
-0.027055
-0.027071
-0.027086
-0.027101
-0.027116
-0.027132
-0.027147
-0.027162
-0.027177
-0.027193
-0.027208
-0.027223
-0.027238
-0.027253
-0.027268
-0.027284
-0.027299
-0.027314
-0.027329
-0.027344
-0.027359
-0.027374
-0.027389
-0.027405
-0.027420
-0.027435
-0.027450
-0.027465
-0.027480
-0.027495
-0.027510
-0.027525
-0.027540
-0.027555
-0.027570
-0.027585
-0.027600
-0.027615
-0.027630
-0.027645
-0.027660
-0.027675
-0.027690
-0.027705
-0.027720
-0.027734
-0.027749
-0.027764
-0.027779
-0.027794
-0.027809
-0.027824
-0.027839
-0.027853
-0.027868
-0.027883
-0.027898
-0.027913
-0.027928
-0.027942
-0.027957
-0.027972
-0.027987
-0.028001
-0.028016
-0.028031
-0.028046
-0.028060
-0.028075
-0.028090
-0.028105
-0.028119
-0.028134
-0.028149
-0.028163
-0.028178
-0.028193
-0.028207
-0.028222
-0.028237
-0.028251
-0.028266
-0.028281
-0.028295
-0.028310
-0.028324
-0.028339
-0.028353
-0.028368
-0.028383
-0.028397
-0.028412
-0.028426
-0.028441
-0.028455
-0.028470
-0.028484
-0.028499
-0.028513
-0.028528
-0.028542
-0.028557
-0.028571
-0.028586
-0.028600
-0.028614
-0.028629
-0.028643
-0.028658
-0.028672
-0.028687
-0.028701
-0.028715
-0.028730
-0.028744
-0.028758
-0.028773
-0.028787
-0.028801
-0.028816
-0.028830
-0.028844
-0.028859
-0.028873
-0.028887
-0.028902
-0.028916
-0.028930
-0.028944
-0.028959
-0.028973
-0.028987
-0.029001
-0.029015
-0.029030
-0.029044
-0.029058
-0.029072
-0.029086
-0.029101
-0.029115
-0.029129
-0.029143
-0.029157
-0.029171
-0.029185
-0.029200
-0.029214
-0.029228
-0.029242
-0.029256
-0.029270
-0.029284
-0.029298
-0.029312
-0.029326
-0.029340
-0.029354
-0.029368
-0.029382
-0.029396
-0.029410
-0.029424
-0.029438
-0.029452
-0.029466
-0.029480
-0.029494
-0.029508
-0.029522
-0.029536
-0.029550
-0.029564
-0.029578
-0.029592
-0.029606
-0.029620
-0.029633
-0.029647
-0.029661
-0.029675
-0.029689
-0.029703
-0.029717
-0.029730
-0.029744
-0.029758
-0.029772
-0.029786
-0.029799
-0.029813
-0.029827
-0.029841
-0.029854
-0.029868
-0.029882
-0.029896
-0.029909
-0.029923
-0.029937
-0.029951
-0.029964
-0.029978
-0.029992
-0.030005
-0.030019
-0.030033
-0.030046
-0.030060
-0.030074
-0.030087
-0.030101
-0.030114
-0.030128
-0.030142
-0.030155
-0.030169
-0.030182
-0.030196
-0.030209
-0.030223
-0.030237
-0.030250
-0.030264
-0.030277
-0.030291
-0.030304
-0.030318
-0.030331
-0.030345
-0.030358
-0.030372
-0.030385
-0.030399
-0.030412
-0.030425
-0.030439
-0.030452
-0.030466
-0.030479
-0.030493
-0.030506
-0.030519
-0.030533
-0.030546
-0.030559
-0.030573
-0.030586
-0.030600
-0.030613
-0.030626
-0.030640
-0.030653
-0.030666
-0.030679
-0.030693
-0.030706
-0.030719
-0.030733
-0.030746
-0.030759
-0.030772
-0.030786
-0.030799
-0.030812
-0.030825
-0.030839
-0.030852
-0.030865
-0.030878
-0.030891
-0.030905
-0.030918
-0.030931
-0.030944
-0.030957
-0.030970
-0.030983
-0.030997
-0.031010
-0.031023
-0.031036
-0.031049
-0.031062
-0.031075
-0.031088
-0.031101
-0.031114
-0.031127
-0.031140
-0.031154
-0.031167
-0.031180
-0.031193
-0.031206
-0.031219
-0.031232
-0.031245
-0.031258
-0.031271
-0.031284
-0.031296
-0.031309
-0.031322
-0.031335
-0.031348
-0.031361
-0.031374
-0.031387
-0.031400
-0.031413
-0.031426
-0.031439
-0.031451
-0.031464
-0.031477
-0.031490
-0.031503
-0.031516
-0.031529
-0.031541
-0.031554
-0.031567
-0.031580
-0.031593
-0.031605
-0.031618
-0.031631
-0.031644
-0.031656
-0.031669
-0.031682
-0.031695
-0.031707
-0.031720
-0.031733
-0.031746
-0.031758
-0.031771
-0.031784
-0.031796
-0.031809
-0.031822
-0.031834
-0.031847
-0.031860
-0.031872
-0.031885
-0.031898
-0.031910
-0.031923
-0.031935
-0.031948
-0.031961
-0.031973
-0.031986
-0.031998
-0.032011
-0.032023
-0.032036
-0.032049
-0.032061
-0.032074
-0.032086
-0.032099
-0.032111
-0.032124
-0.032136
-0.032149
-0.032161
-0.032174
-0.032186
-0.032199
-0.032211
-0.032223
-0.032236
-0.032248
-0.032261
-0.032273
-0.032286
-0.032298
-0.032310
-0.032323
-0.032335
-0.032347
-0.032360
-0.032372
-0.032385
-0.032397
-0.032409
-0.032422
-0.032434
-0.032446
-0.032459
-0.032471
-0.032483
-0.032495
-0.032508
-0.032520
-0.032532
-0.032545
-0.032557
-0.032569
-0.032581
-0.032594
-0.032606
-0.032618
-0.032630
-0.032642
-0.032655
-0.032667
-0.032679
-0.032691
-0.032703
-0.032716
-0.032728
-0.032740
-0.032752
-0.032764
-0.032776
-0.032788
-0.032800
-0.032813
-0.032825
-0.032837
-0.032849
-0.032861
-0.032873
-0.032885
-0.032897
-0.032909
-0.032921
-0.032933
-0.032945
-0.032957
-0.032969
-0.032981
-0.032993
-0.033005
-0.033017
-0.033029
-0.033041
-0.033053
-0.033065
-0.033077
-0.033089
-0.033101
-0.033113
-0.033125
-0.033137
-0.033149
-0.033161
-0.033173
-0.033185
-0.033197
-0.033209
-0.033220
-0.033232
-0.033244
-0.033256
-0.033268
-0.033280
-0.033292
-0.033303
-0.033315
-0.033327
-0.033339
-0.033351
-0.033362
-0.033374
-0.033386
-0.033398
-0.033410
-0.033421
-0.033433
-0.033445
-0.033457
-0.033468
-0.033480
-0.033492
-0.033504
-0.033515
-0.033527
-0.033539
-0.033550
-0.033562
-0.033574
-0.033585
-0.033597
-0.033609
-0.033620
-0.033632
-0.033644
-0.033655
-0.033667
-0.033679
-0.033690
-0.033702
-0.033713
-0.033725
-0.033737
-0.033748
-0.033760
-0.033771
-0.033783
-0.033795
-0.033806
-0.033818
-0.033829
-0.033841
-0.033852
-0.033864
-0.033875
-0.033887
-0.033898
-0.033910
-0.033921
-0.033933
-0.033944
-0.033956
-0.033967
-0.033979
-0.033990
-0.034001
-0.034013
-0.034024
-0.034036
-0.034047
-0.034059
-0.034070
-0.034081
-0.034093
-0.034104
-0.034116
-0.034127
-0.034138
-0.034150
-0.034161
-0.034172
-0.034184
-0.034195
-0.034206
-0.034218
-0.034229
-0.034240
-0.034252
-0.034263
-0.034274
-0.034285
-0.034297
-0.034308
-0.034319
-0.034330
-0.034342
-0.034353
-0.034364
-0.034375
-0.034387
-0.034398
-0.034409
-0.034420
-0.034431
-0.034443
-0.034454
-0.034465
-0.034476
-0.034487
-0.034498
-0.034510
-0.034521
-0.034532
-0.034543
-0.034554
-0.034565
-0.034576
-0.034588
-0.034599
-0.034610
-0.034621
-0.034632
-0.034643
-0.034654
-0.034665
-0.034676
-0.034687
-0.034698
-0.034709
-0.034720
-0.034731
-0.034742
-0.034753
-0.034764
-0.034775
-0.034786
-0.034797
-0.034808
-0.034819
-0.034830
-0.034841
-0.034852
-0.034863
-0.034874
-0.034885
-0.034896
-0.034907
-0.034918
-0.034929
-0.034940
-0.034950
-0.034961
-0.034972
-0.034983
-0.034994
-0.035005
-0.035016
-0.035027
-0.035037
-0.035048
-0.035059
-0.035070
-0.035081
-0.035092
-0.035102
-0.035113
-0.035124
-0.035135
-0.035146
-0.035156
-0.035167
-0.035178
-0.035189
-0.035199
-0.035210
-0.035221
-0.035232
-0.035242
-0.035253
-0.035264
-0.035275
-0.035285
-0.035296
-0.035307
-0.035317
-0.035328
-0.035339
-0.035349
-0.035360
-0.035371
-0.035381
-0.035392
-0.035403
-0.035413
-0.035424
-0.035435
-0.035445
-0.035456
-0.035466
-0.035477
-0.035488
0.468185
1.250686
2.169857
2.797739
3.239213
3.558906
3.794710
3.969922
4.099558
4.193768
4.255851
4.292976
4.310337
4.311798
4.300338
4.278317
4.247641
4.209878
4.166325
4.118077
4.066043
4.010991
3.953579
3.894357
3.833793
3.772282
3.710172
3.647741
3.585229
3.522852
3.460773
3.399137
3.338078
3.277686
3.218047
3.159240
3.101313
3.044312
2.988281
2.933242
2.879217
2.826224
2.774271
2.723364
2.673503
2.624692
2.576923
2.530189
2.484481
2.439792
2.396108
2.353416
2.311700
2.270945
2.231142
2.192270
2.154311
2.117248
2.081064
2.045747
2.011275
1.977630
1.944794
1.912750
1.881483
1.850975
1.821208
1.792165
1.763828
1.736181
1.709209
1.682897
1.657228
1.632186
1.607756
1.583922
1.560670
1.537985
1.515853
1.494263
1.473199
1.452648
1.432597
1.413033
1.393943
1.375315
1.357137
1.339397
1.322085
1.305192
1.288704
1.272611
1.256902
1.241568
1.226599
1.211984
1.197715
1.183783
1.170178
1.156892
1.647805
2.419462
3.330433
3.961704
4.412573
4.744492
4.993431
5.181684
5.323707
5.429341
5.499050
5.541145
5.561568
5.564641
5.553658
5.531207
5.499356
5.459797
5.413927
5.362913
5.307759
5.249277
5.188163
5.125037
5.060384
4.994631
4.928167
4.861281
4.794232
4.727270
4.660559
4.594272
4.528534
4.463452
4.399135
4.335648
4.273052
4.211412
4.150759
4.091122
4.032536
3.975013
3.918561
3.863187
3.808912
3.755720
3.703605
3.652573
3.602610
3.553702
3.505836
3.459011
3.413205
3.368401
3.324581
3.281738
3.239851
3.198900
3.158866
3.119731
3.081485
3.044106
3.007573
2.971868
2.936972
2.902873
2.869551
2.836988
2.805164
2.774063
2.743667
2.713961
2.684935
2.656567
2.628840
2.601737
2.575245
2.549347
2.524029
2.499285
2.475094
2.451441
2.428313
2.405696
2.383577
2.361944
2.340783
2.320089
2.299846
2.280041
2.260664
2.241702
2.223145
2.204983
2.187205
2.169800
2.152760
2.136077
2.119742
2.103744
2.088074
2.072724
2.057685
2.042948
2.028506
2.014351
2.000475
1.986871
1.973531
1.960449
1.947618
1.935035
1.922690
1.910577
1.898690
1.887023
1.875569
1.864323
1.853280
1.842434
1.831779
1.821312
1.811026
1.800917
1.790981
1.781212
1.771607
1.762160
1.752868
1.743730
1.734739
1.725891
1.717183
1.708610
1.700169
1.691857
1.683670
1.675605
1.667659
1.659828
1.652110
1.644501
1.637000
1.629602
1.622305
1.615107
1.608006
1.600997
1.594081
1.587253
1.580511
1.573854
1.567279
1.560784
1.554369
1.548030
1.541766
1.535574
1.529453
1.523401
1.517416
1.511496
1.505641
1.499847
1.494114
1.488441
1.482825
1.477265
1.471761
1.466309
1.460911
1.455563
1.450265
1.445015
1.439813
1.434657
1.429547
1.424480
1.419457
1.414476
1.409536
1.404636
1.399775
1.394953
1.390168
1.385420
1.380708
1.376031
1.371388
1.366778
1.362202
1.357657
1.353144
1.348663
1.344211
1.339790
1.335397
1.331032
1.326695
1.322385
1.318101
1.313844
1.309612
1.305405
1.301222
1.297063
1.292928
1.288815
1.284725
1.280658
1.276612
1.272587
1.268583
1.264599
1.260636
1.256693
1.252769
1.248864
1.244977
1.241110
1.237260
1.233428
1.229613
1.225816
1.222036
1.218272
1.214525
1.210793
1.207078
1.203378
1.199694
1.196025
1.192371
1.188731
1.185106
1.181495
1.177898
1.174315
1.170746
1.167191
1.163648
1.160119
1.156603
1.153099
1.149609
1.146132
1.142667
1.139214
1.135773
1.132344
1.128928
1.125522
1.122129
1.118746
1.115375
1.112015
1.108666
1.105328
1.102001
1.098684
1.095378
1.092082
1.088797
1.085522
1.082257
1.079002
1.075757
1.072523
1.069297
1.066082
1.062876
1.059680
1.056493
1.053315
1.050147
1.046988
1.043838
1.040698
1.037566
1.034443
1.031329
1.028224
1.025128
1.022041
1.018962
1.015892
1.012830
1.009777
1.006732
1.003696
1.000667
0.997648
0.994636
0.991633
0.988637
0.985650
0.982671
0.979700
0.976737
0.973782
0.970834
0.967895
0.964963
0.962039
0.959123
0.956214
0.953313
0.950420
0.947534
0.944657
0.941787
0.938924
0.936069
0.933221
0.930381
0.927548
0.924723
0.921905
0.919094
0.916290
0.913494
0.910705
0.907923
0.905148
0.902380
0.899619
0.896866
0.894119
0.891379
0.888647
0.885921
0.883202
0.880490
0.877785
0.875087
0.872396
0.869711
0.867034
0.864363
0.861698
0.859041
0.856390
0.853746
0.851109
0.848478
0.845854
0.843236
0.840626
0.838021
0.835423
0.832832
0.830247
0.827669
0.825097
0.822532
0.819973
0.817421
0.814875
0.812335
0.809802
0.807275
0.804755
0.802241
0.799733
0.797231
0.794736
0.792247
0.789764
0.787288
0.784817
0.782353
0.779896
0.777444
0.774998
0.772559
0.770126
0.767699
0.765278
0.762863
0.760454
0.758051
0.755654
0.753264
0.750879
0.748500
0.746128
0.743761
0.741400
0.739046
0.736698
0.734355
0.732019
0.729688
0.727363
0.725045
0.722732
0.720425
0.718124
0.715828
0.713539
0.711255
0.708977
0.706705
0.704439
0.702178
0.699923
0.697674
0.695430
0.693193
0.690961
0.688734
0.686514
0.684298
0.682089
0.679885
0.677687
0.675494
0.673307
0.671126
0.668950
0.666780
0.664615
0.662456
0.660302
0.658154
0.656011
0.653874
0.651742
0.649616
0.647495
0.645379
0.643269
0.641165
0.639065
0.636972
0.634883
0.632800
0.630722
0.628650
0.626583
0.624521
0.622465
0.620414
0.618368
0.616328
0.614292
0.612262
0.610238
0.608218
0.606204
0.604195
0.602191
0.600192
0.598199
0.596210
0.594227
0.592249
0.590276
0.588308
0.586346
0.584388
0.582435
0.580488
0.578546
0.576608
0.574676
0.572749
0.570827
0.568910
0.566998
0.565091
0.563188
0.561291
0.559399
0.557512
0.555629
0.553752
0.551880
0.550012
0.548149
0.546292
0.544439
0.542591
0.540747
0.538909
0.537076
0.535247
0.533424
0.531605
0.529791
0.527982
0.526178
0.524378
0.522583
0.520793
0.519008
0.517227
0.515451
0.513680
0.511914
0.510152
0.508395
0.506642
0.504895
0.503152
0.501413
0.499679
0.497950
0.496225
0.494505
0.492790
0.491079
0.489372
0.487671
0.485973
0.484281
0.482592
0.480909
0.479230
0.477555
0.475885
0.474219
0.472558
0.470901
0.469248
0.467600
0.465957
0.464318
0.462683
0.461053
0.459427
0.457805
0.456188
0.454575
0.452967
0.451362
0.449763
0.448167
0.446576
0.444989
0.443406
0.441828
0.440254
0.438684
0.437118
0.435557
0.434000
0.432447
0.430898
0.429354
0.427814
0.426277
0.424746
0.423218
0.421694
0.420175
0.418659
0.417148
0.415641
0.414138
0.412639
0.411144
0.409654
0.408167
0.406684
0.405206
0.403731
0.402261
0.400794
0.399332
0.397874
0.396419
0.394969
0.393522
0.392080
0.390641
0.389207
0.387776
0.386349
0.384927
0.383508
0.382093
0.380682
0.379275
0.377871
0.376472
0.375076
0.373685
0.372297
0.370913
0.369533
0.368156
0.366784
0.365415
0.364050
0.362689
0.361331
0.359978
0.358628
0.357282
0.355939
0.354600
0.353265
0.351934
0.350607
0.349283
0.347963
0.346646
0.345333
0.344024
0.342719
0.341417
0.340119
0.338824
0.337533
0.336246
0.334962
0.333682
0.332405
0.331132
0.329863
0.328597
0.327335
0.326076
0.324821
0.323569
0.322321
0.321077
0.319836
0.318598
0.317364
0.316134
0.314906
0.313683
0.312463
0.311246
0.310032
0.308823
0.307616
0.306413
0.305213
0.304017
0.302824
0.301635
0.300448
0.299266
0.298086
0.296910
0.295737
0.294568
0.293402
0.292239
0.291080
0.289924
0.288771
0.287621
0.286475
0.285332
0.284192
0.283055
0.281922
0.280792
0.279665
0.278541
0.277421
0.276304
0.275190
0.274079
0.272971
0.271867
0.270766
0.269667
0.268572
0.267481
0.266392
0.265306
0.264224
0.263144
0.262068
0.260995
0.259925
0.258858
0.257794
0.256733
0.255675
0.254621
0.253569
0.252520
0.251475
0.250432
0.249392
0.248356
0.247322
0.246292
0.245264
0.244240
0.243218
0.242199
0.241183
0.240171
0.239161
0.238154
0.237150
0.236149
0.235151
0.234156
0.233163
0.232174
0.231187
0.230204
0.229223
0.228245
0.227270
0.226298
0.225328
0.224362
0.223398
0.222437
0.221479
0.220524
0.219571
0.218622
0.217675
0.216731
0.215789
0.214851
0.213915
0.212982
0.212052
0.211124
0.210199
0.209277
0.208358
0.207441
0.206527
0.205616
0.204708
0.203802
0.202899
0.201998
0.201100
0.200205
0.199313
0.198423
0.197536
0.196651
0.195769
0.194890
0.194013
0.193139
0.192267
0.191398
0.190532
0.189668
0.188807
0.187949
0.187093
0.186239
0.185388
0.184540
0.183694
0.182851
0.182010
0.181172
0.180336
0.179503
0.178672
0.177844
0.177018
0.176195
0.175374
0.174555
0.173740
0.172926
0.172115
0.171307
0.170501
0.169697
0.168896
0.168097
0.167301
0.166507
0.165715
0.164926
0.164139
0.163355
0.162573
0.161793
0.161016
0.160241
0.159469
0.158699
0.157931
0.157165
0.156402
0.155641
0.154883
0.154127
0.153373
0.152621
0.151872
0.151125
0.150380
0.149638
0.148898
0.148160
0.147424
0.146691
0.145960
0.145231
0.144504
0.143780
0.143058
0.142338
0.141620
0.140905
0.140192
0.139481
0.138772
0.138065
0.137361
0.136658
0.135958
0.135260
0.134565
0.133871
0.133180
0.132490
0.131803
0.131118
0.130435
0.129754
0.129076
0.128399
0.127725
0.127053
0.126382
0.125714
0.125048
0.124384
0.123723
0.123063
0.122405
0.121750
0.121096
0.120445
0.119795
0.119148
0.118503
0.117860
0.117218
0.116579
0.115942
0.115307
0.114674
0.114042
0.113413
0.112786
0.112161
0.111538
0.110917
0.110297
0.109680
0.109065
0.108452
0.107840
0.107231
0.106623
0.106018
0.105414
0.104813
0.104213
0.103615
0.103019
0.102425
0.101833
0.101243
0.100655
0.100068
0.099484
0.098901
0.098321
0.097742
0.097165
0.096590
0.096017
0.095445
0.094876
0.094308
0.093743
0.093179
0.092616
0.092056
0.091498
0.090941
0.090386
0.089833
0.089282
0.088733
0.088185
0.087639
0.087095
0.086553
0.086013
0.085474
0.084937
0.084402
0.083869
0.083337
0.082807
0.082279
0.081753
0.081229
0.080706
0.080185
0.079665
0.079148
0.078632
0.078118
0.077605
0.077094
0.076585
0.076078
0.075572
0.075069
0.074566
0.074066
0.073567
0.073070
0.072574
0.072080
0.071588
0.071098
0.070609
0.070122
0.069636
0.069152
0.068670
0.068189
0.067710
0.067233
0.066757
0.066283
0.065811
0.065340
0.064870
0.064403
0.063937
0.063472
0.063010
0.062548
0.062089
0.061631
0.061174
0.060719
0.060266
0.059814
0.059364
0.058915
0.058468
0.058023
0.057579
0.057136
0.056695
0.056256
0.055818
0.055382
0.054947
0.054514
0.054083
0.053652
0.053224
0.052797
0.052371
0.051947
0.051524
0.051103
0.050684
0.050265
0.049849
0.049434
0.049020
0.048608
0.048197
0.047788
0.047380
0.046974
0.046569
0.046166
0.045764
0.045363
0.044964
0.044567
0.044170
0.043776
0.043382
0.042990
0.042600
0.042211
0.041823
0.041437
0.041053
0.040669
0.040287
0.039907
0.039528
0.039150
0.038774
0.038399
0.038025
0.037653
0.037282
0.036913
0.036545
0.036178
0.035813
0.035449
0.035086
0.034725
0.034365
0.034006
0.033649
0.033293
0.032939
0.032586
0.032234
0.031884
0.031534
0.031187
0.030840
0.030495
0.030151
0.029809
0.029467
0.029127
0.028789
0.028452
0.028116
0.027781
0.027447
0.027115
0.026784
0.026455
0.026127
0.025800
0.025474
0.025149
0.024826
0.024504
0.024184
0.023864
0.023546
0.023229
0.022914
0.022599
0.022286
0.021974
0.021664
0.021354
0.021046
0.020739
0.020433
0.020129
0.019826
0.019524
0.019223
0.018923
0.018625
0.018328
0.018032
0.017737
0.017443
0.017151
0.016860
0.016570
0.016281
0.015993
0.015707
0.015421
0.015137
0.014854
0.014573
0.014292
0.014013
0.013734
0.013457
0.013181
0.012906
0.012633
0.012360
0.012089
0.011819
0.011550
0.011282
0.011015
0.010749
0.010485
0.010221
0.009959
0.009698
0.009438
0.009179
0.008921
0.008664
0.008409
0.008154
0.007901
0.007648
0.007397
0.007147
0.006898
0.006650
0.006403
0.006157
0.005913
0.005669
0.005426
0.005185
0.004944
0.004705
0.004467
0.004229
0.003993
0.003758
0.003524
0.003291
0.003059
0.002828
0.002598
0.002369
0.002141
0.001914
0.001689
0.001464
0.001240
0.001017
0.000795
0.000575
0.000355
0.000136
-0.000081
-0.000298
-0.000514
-0.000728
-0.000942
-0.001155
-0.001367
-0.001577
-0.001787
-0.001996
-0.002204
-0.002410
-0.002616
-0.002821
-0.003025
-0.003228
-0.003430
-0.003631
-0.003831
-0.004030
-0.004229
-0.004426
-0.004622
-0.004818
-0.005012
-0.005206
-0.005398
-0.005590
-0.005780
-0.005970
-0.006159
-0.006347
-0.006534
-0.006720
-0.006905
-0.007090
-0.007273
-0.007456
-0.007637
-0.007818
-0.007998
-0.008177
-0.008355
-0.008532
-0.008708
-0.008884
-0.009058
-0.009232
-0.009405
-0.009577
-0.009748
-0.009918
-0.010087
-0.010256
-0.010424
-0.010590
-0.010756
-0.010922
-0.011086
-0.011249
-0.011412
-0.011574
-0.011735
-0.011895
-0.012054
-0.012213
-0.012370
-0.012527
-0.012683
-0.012839
-0.012993
-0.013147
-0.013300
-0.013452
-0.013603
-0.013753
-0.013903
-0.014052
-0.014200
-0.014348
-0.014494
-0.014640
-0.014785
-0.014929
-0.015073
-0.015216
-0.015358
-0.015499
-0.015639
-0.015779
-0.015918
-0.016056
-0.016194
-0.016331
-0.016467
-0.016602
-0.016737
-0.016871
-0.017004
-0.017136
-0.017268
-0.017399
-0.017529
-0.017659
-0.017788
-0.017916
-0.018044
-0.018171
-0.018297
-0.018422
-0.018547
-0.018671
-0.018794
-0.018917
-0.019039
-0.019161
-0.019281
-0.019401
-0.019521
-0.019640
-0.019758
-0.019875
-0.019992
-0.020108
-0.020224
-0.020338
-0.020453
-0.020566
-0.020679
-0.020792
-0.020903
-0.021014
-0.021125
-0.021235
-0.021344
-0.021453
-0.021561
-0.021668
-0.021775
-0.021881
-0.021987
-0.022092
-0.022197
-0.022300
-0.022404
-0.022506
-0.022609
-0.022710
-0.022811
-0.022912
-0.023011
-0.023111
-0.023210
-0.023308
-0.023405
-0.023503
-0.023599
-0.023695
-0.023791
-0.023885
-0.023980
-0.024074
-0.024167
-0.024260
-0.024352
-0.024444
-0.024535
-0.024626
-0.024716
-0.024806
-0.024895
-0.024984
-0.025072
-0.025160
-0.025247
-0.025334
-0.025420
-0.025505
-0.025591
-0.025676
-0.025760
-0.025844
-0.025927
-0.026010
-0.026092
-0.026174
-0.026256
-0.026337
-0.026417
-0.026497
-0.026577
-0.026656
-0.026735
-0.026813
-0.026891
-0.026969
-0.027046
-0.027122
-0.027199
-0.027274
-0.027350
-0.027425
-0.027499
-0.027573
-0.027647
-0.027720
-0.027793
-0.027865
-0.027937
-0.028009
-0.028080
-0.028151
-0.028221
-0.028291
-0.028361
-0.028430
-0.028499
-0.028568
-0.028636
-0.028704
-0.028771
-0.028838
-0.028905
-0.028971
-0.029037
-0.029103
-0.029168
-0.029233
-0.029297
-0.029361
-0.029425
-0.029489
-0.029552
-0.029615
-0.029677
-0.029739
-0.029801
-0.029862
-0.029923
-0.029984
-0.030045
-0.030105
-0.030165
-0.030224
-0.030283
-0.030342
-0.030401
-0.030459
-0.030517
-0.030575
-0.030632
-0.030689
-0.030746
-0.030802
-0.030859
-0.030914
-0.030970
-0.031025
-0.031080
-0.031135
-0.031189
-0.031244
-0.031298
-0.031351
-0.031404
-0.031458
-0.031510
-0.031563
-0.031615
-0.031667
-0.031719
-0.031770
-0.031822
-0.031873
-0.031923
-0.031974
-0.032024
-0.032074
-0.032124
-0.032173
-0.032223
-0.032272
-0.032320
-0.032369
-0.032417
-0.032465
-0.032513
-0.032561
-0.032608
-0.032655
-0.032702
-0.032749
-0.032795
-0.032842
-0.032888
-0.032933
-0.032979
-0.033024
-0.033070
-0.033115
-0.033159
-0.033204
-0.033248
-0.033293
-0.033337
-0.033380
-0.033424
-0.033467
-0.033510
-0.033553
-0.033596
-0.033639
-0.033681
-0.033723
-0.033765
-0.033807
-0.033849
-0.033890
-0.033932
-0.033973
-0.034014
-0.034055
-0.034095
-0.034136
-0.034176
-0.034216
-0.034256
-0.034296
-0.034335
-0.034375
-0.034414
-0.034453
-0.034492
-0.034531
-0.034569
-0.034608
-0.034646
-0.034684
-0.034722
-0.034760
-0.034798
-0.034835
-0.034873
-0.034910
-0.034947
-0.034984
-0.035021
-0.035057
-0.035094
-0.035130
-0.035166
-0.035202
-0.035238
-0.035274
-0.035310
-0.035345
-0.035381
-0.035416
-0.035451
-0.035486
-0.035521
-0.035556
-0.035590
-0.035625
-0.035659
-0.035693
-0.035727
-0.035761
-0.035795
-0.035829
-0.035863
-0.035896
-0.035930
-0.035963
-0.035996
-0.036029
-0.036062
-0.036095
-0.036127
-0.036160
-0.036192
-0.036225
-0.036257
-0.036289
-0.036321
-0.036353
-0.036385
-0.036417
-0.036448
-0.036480
-0.036511
-0.036542
-0.036573
-0.036605
-0.036635
-0.036666
-0.036697
-0.036728
-0.036758
-0.036789
-0.036819
-0.036849
-0.036880
-0.036910
-0.036940
-0.036970
-0.036999
-0.037029
-0.037059
-0.037088
-0.037118
-0.037147
-0.037176
-0.037206
-0.037235
-0.037264
-0.037293
-0.037321
-0.037350
-0.037379
-0.037407
-0.037436
-0.037464
-0.037492
-0.037521
-0.037549
-0.037577
-0.037605
-0.037633
-0.037661
-0.037688
-0.037716
-0.037744
-0.037771
-0.037799
-0.037826
-0.037853
-0.037880
-0.037907
-0.037935
-0.037962
-0.037988
-0.038015
-0.038042
-0.038069
-0.038095
-0.038122
-0.038148
-0.038175
-0.038201
-0.038227
-0.038253
-0.038280
-0.038306
-0.038332
-0.038357
-0.038383
-0.038409
-0.038435
-0.038460
-0.038486
-0.038511
-0.038537
-0.038562
-0.038587
-0.038613
-0.038638
-0.038663
-0.038688
-0.038713
-0.038738
-0.038763
-0.038788
-0.038812
-0.038837
-0.038862
-0.038886
-0.038911
-0.038935
-0.038959
-0.038984
-0.039008
-0.039032
-0.039056
-0.039080
-0.039104
-0.039128
-0.039152
-0.039176
-0.039200
-0.039223
-0.039247
-0.039271
-0.039294
-0.039318
-0.039341
-0.039364
-0.039388
-0.039411
-0.039434
-0.039457
-0.039481
-0.039504
-0.039527
-0.039549
-0.039572
-0.039595
-0.039618
-0.039641
-0.039663
-0.039686
-0.039709
-0.039731
-0.039753
-0.039776
-0.039798
-0.039821
-0.039843
-0.039865
-0.039887
-0.039909
-0.039931
-0.039953
-0.039975
-0.039997
-0.040019
-0.040041
-0.040063
-0.040084
-0.040106
-0.040128
-0.040149
-0.040171
-0.040192
-0.040213
-0.040235
-0.040256
-0.040277
-0.040299
-0.040320
-0.040341
-0.040362
-0.040383
-0.040404
-0.040425
-0.040446
-0.040467
-0.040488
-0.040508
-0.040529
-0.040550
-0.040570
-0.040591
-0.040611
-0.040632
-0.040652
-0.040673
-0.040693
-0.040713
-0.040734
-0.040754
-0.040774
-0.040794
-0.040814
-0.040834
-0.040854
-0.040874
-0.040894
-0.040914
-0.040934
-0.040954
-0.040973
-0.040993
-0.041013
-0.041032
-0.041052
-0.041071
-0.041091
-0.041110
-0.041130
-0.041149
-0.041169
-0.041188
-0.041207
-0.041226
-0.041245
-0.041265
-0.041284
-0.041303
-0.041322
-0.041341
-0.041359
-0.041378
-0.041397
-0.041416
-0.041435
-0.041453
-0.041472
-0.041491
-0.041509
-0.041528
-0.041546
-0.041565
-0.041583
-0.041602
-0.041620
-0.041638
-0.041657
-0.041675
-0.041693
-0.041711
-0.041729
-0.041748
-0.041766
-0.041784
-0.041802
-0.041820
-0.041837
-0.041855
-0.041873
-0.041891
-0.041909
-0.041926
-0.041944
-0.041962
-0.041979
-0.041997
-0.042014
-0.042032
-0.042049
-0.042067
-0.042084
-0.042101
-0.042119
-0.042136
-0.042153
-0.042170
-0.042188
-0.042205
-0.042222
-0.042239
-0.042256
-0.042273
-0.042290
-0.042307
-0.042324
-0.042340
-0.042357
-0.042374
-0.042391
-0.042407
-0.042424
-0.042441
-0.042457
-0.042474
-0.042490
-0.042507
-0.042523
-0.042540
-0.042556
-0.042572
-0.042589
-0.042605
-0.042621
-0.042638
-0.042654
-0.042670
-0.042686
-0.042702
-0.042718
-0.042734
-0.042750
-0.042766
-0.042782
-0.042798
-0.042814
-0.042829
-0.042845
-0.042861
-0.042877
-0.042892
-0.042908
-0.042924
-0.042939
-0.042955
-0.042970
-0.042986
-0.043001
-0.043017
-0.043032
-0.043047
-0.043063
-0.043078
-0.043093
-0.043108
-0.043124
-0.043139
-0.043154
-0.043169
-0.043184
-0.043199
-0.043214
-0.043229
-0.043244
-0.043259
-0.043274
-0.043289
-0.043303
-0.043318
-0.043333
-0.043348
-0.043362
-0.043377
-0.043392
-0.043406
-0.043421
-0.043435
-0.043450
-0.043464
-0.043479
-0.043493
-0.043508
-0.043522
-0.043536
-0.043551
-0.043565
-0.043579
-0.043593
-0.043607
-0.043622
-0.043636
-0.043650
-0.043664
-0.043678
-0.043692
-0.043706
-0.043720
-0.043734
-0.043747
-0.043761
-0.043775
-0.043789
-0.043803
-0.043816
-0.043830
-0.043844
-0.043857
-0.043871
-0.043885
-0.043898
-0.043912
-0.043925
-0.043939
-0.043952
-0.043966
-0.043979
-0.043992
-0.044006
-0.044019
-0.044032
-0.044045
-0.044059
-0.044072
-0.044085
-0.044098
-0.044111
-0.044124
-0.044137
-0.044150
-0.044163
-0.044176
-0.044189
-0.044202
-0.044215
-0.044228
-0.044241
-0.044254
-0.044266
-0.044279
-0.044292
-0.044304
-0.044317
-0.044330
-0.044342
-0.044355
-0.044368
-0.044380
-0.044393
-0.044405
-0.044418
-0.044430
-0.044442
-0.044455
-0.044467
-0.044479
-0.044492
-0.044504
-0.044516
-0.044528
-0.044541
-0.044553
-0.044565
-0.044577
-0.044589
-0.044601
-0.044613
-0.044625
-0.044637
-0.044649
-0.044661
-0.044673
-0.044685
-0.044697
-0.044709
-0.044720
-0.044732
-0.044744
-0.044756
-0.044767
-0.044779
-0.044791
-0.044802
-0.044814
-0.044826
-0.044837
-0.044849
-0.044860
-0.044872
-0.044883
-0.044895
-0.044906
-0.044917
-0.044929
-0.044940
-0.044952
-0.044963
-0.044974
-0.044985
-0.044997
-0.045008
-0.045019
-0.045030
-0.045041
-0.045052
-0.045063
-0.045074
-0.045086
-0.045097
-0.045108
-0.045118
-0.045129
-0.045140
-0.045151
-0.045162
-0.045173
-0.045184
-0.045195
-0.045205
-0.045216
-0.045227
-0.045238
-0.045248
-0.045259
-0.045270
-0.045280
-0.045291
-0.045301
-0.045312
-0.045322
-0.045333
-0.045343
-0.045354
-0.045364
-0.045375
-0.045385
-0.045396
-0.045406
-0.045416
-0.045427
-0.045437
-0.045447
-0.045457
-0.045468
-0.045478
-0.045488
-0.045498
-0.045508
-0.045518
-0.045529
-0.045539
-0.045549
-0.045559
-0.045569
-0.045579
-0.045589
-0.045599
-0.045609
-0.045618
-0.045628
-0.045638
-0.045648
-0.045658
-0.045668
-0.045677
-0.045687
-0.045697
-0.045707
-0.045716
-0.045726
-0.045736
-0.045745
-0.045755
-0.045765
-0.045774
-0.045784
-0.045793
-0.045803
-0.045812
-0.045822
-0.045831
-0.045841
-0.045850
-0.045859
-0.045869
-0.045878
-0.045888
-0.045897
-0.045906
-0.045915
-0.045925
-0.045934
-0.045943
-0.045952
-0.045962
-0.045971
-0.045980
-0.045989
-0.045998
-0.046007
-0.046016
-0.046025
-0.046034
-0.046043
-0.046052
-0.046061
-0.046070
-0.046079
-0.046088
-0.046097
-0.046106
-0.046115
-0.046124
-0.046132
-0.046141
-0.046150
-0.046159
-0.046167
-0.046176
-0.046185
-0.046194
-0.046202
-0.046211
-0.046220
-0.046228
-0.046237
-0.046245
-0.046254
-0.046263
-0.046271
-0.046280
-0.046288
-0.046297
-0.046305
-0.046313
-0.046322
-0.046330
-0.046339
-0.046347
-0.046355
-0.046364
-0.046372
-0.046380
-0.046389
-0.046397
-0.046405
-0.046413
-0.046422
-0.046430
-0.046438
-0.046446
-0.046454
-0.046462
-0.046471
-0.046479
-0.046487
-0.046495
-0.046503
-0.046511
-0.046519
-0.046527
-0.046535
-0.046543
-0.046551
-0.046559
-0.046567
-0.046575
-0.046582
-0.046590
-0.046598
-0.046606
-0.046614
-0.046622
-0.046629
-0.046637
-0.046645
-0.046653
-0.046660
-0.046668
-0.046676
-0.046684
-0.046691
-0.046699
-0.046706
-0.046714
-0.046722
-0.046729
-0.046737
-0.046744
-0.046752
-0.046759
-0.046767
-0.046774
-0.046782
-0.046789
-0.046797
-0.046804
-0.046812
-0.046819
-0.046826
-0.046834
-0.046841
-0.046849
-0.046856
-0.046863
-0.046870
-0.046878
-0.046885
-0.046892
-0.046899
-0.046907
-0.046914
-0.046921
-0.046928
-0.046935
-0.046943
-0.046950
-0.046957
-0.046964
-0.046971
-0.046978
-0.046985
-0.046992
-0.046999
-0.047006
-0.047013
-0.047020
-0.047027
-0.047034
-0.047041
-0.047048
-0.047055
-0.047062
-0.047069
-0.047076
-0.047082
-0.047089
-0.047096
-0.047103
-0.047110
-0.047117
-0.047123
-0.047130
-0.047137
-0.047144
-0.047150
-0.047157
-0.047164
-0.047170
-0.047177
-0.047184
-0.047190
-0.047197
-0.047204
-0.047210
-0.047217
-0.047223
-0.047230
-0.047237
-0.047243
-0.047250
-0.047256
-0.047263
-0.047269
-0.047276
-0.047282
-0.047289
-0.047295
-0.047301
-0.047308
-0.047314
-0.047321
-0.047327
-0.047333
-0.047340
-0.047346
-0.047352
-0.047359
-0.047365
-0.047371
-0.047377
-0.047384
-0.047390
-0.047396
-0.047402
-0.047409
-0.047415
-0.047421
-0.047427
-0.047433
-0.047440
-0.047446
-0.047452
-0.047458
-0.047464
-0.047470
-0.047476
-0.047482
-0.047488
-0.047494
-0.047500
-0.047506
-0.047512
-0.047518
-0.047524
-0.047530
-0.047536
-0.047542
-0.047548
-0.047554
-0.047560
-0.047566
-0.047572
-0.047578
-0.047584
-0.047589
-0.047595
-0.047601
-0.047607
-0.047613
-0.047618
-0.047624
-0.047630
-0.047636
-0.047642
-0.047647
-0.047653
-0.047659
-0.047664
-0.047670
-0.047676
-0.047682
-0.047687
-0.047693
-0.047699
-0.047704
-0.047710
-0.047715
-0.047721
-0.047727
-0.047732
-0.047738
-0.047743
-0.047749
-0.047754
-0.047760
-0.047765
-0.047771
-0.047776
-0.047782
-0.047787
-0.047793
-0.047798
-0.047804
-0.047809
-0.047815
-0.047820
-0.047825
-0.047831
-0.047836
-0.047841
-0.047847
-0.047852
-0.047858
-0.047863
-0.047868
-0.047873
-0.047879
-0.047884
-0.047889
-0.047895
-0.047900
-0.047905
-0.047910
-0.047916
-0.047921
-0.047926
-0.047931
-0.047936
-0.047942
-0.047947
-0.047952
-0.047957
-0.047962
-0.047967
-0.047972
-0.047978
-0.047983
-0.047988
-0.047993
-0.047998
-0.048003
-0.048008
-0.048013
-0.048018
-0.048023
-0.048028
-0.048033
-0.048038
-0.048043
-0.048048
-0.048053
-0.048058
-0.048063
-0.048068
-0.048073
-0.048078
-0.048083
-0.048088
-0.048093
-0.048097

