0.000000
0.000000
-0.000026
-0.000052
-0.000077
-0.000103
-0.000128
-0.000153
-0.000177
-0.000201
-0.000224
-0.000247
-0.000270
-0.000293
-0.000315
-0.000337
-0.000359
-0.000380
-0.000402
-0.000423
-0.000444
-0.000465
-0.000485
-0.000506
-0.000526
-0.000547
-0.000567
-0.000587
-0.000607
-0.000627
-0.000647
-0.000667
-0.000687
-0.000707
-0.000726
-0.000746
-0.000766
-0.000785
-0.000805
-0.000824
-0.000844
-0.000863
-0.000883
-0.000902
-0.000922
-0.000941
-0.000961
-0.000980
-0.001000
-0.001019
-0.001038
-0.001058
-0.001077
-0.001097
-0.001116
-0.001135
-0.001155
-0.001174
-0.001194
-0.001213
-0.001233
-0.001252
-0.001271
-0.001291
-0.001310
-0.001330
-0.001349
-0.001369
-0.001388
-0.001408
-0.001428
-0.001447
-0.001467
-0.001486
-0.001506
-0.001525
-0.001545
-0.001565
-0.001584
-0.001604
-0.001624
-0.001644
-0.001663
-0.001683
-0.001703
-0.001723
-0.001743
-0.001762
-0.001782
-0.001802
-0.001822
-0.001842
-0.001862
-0.001882
-0.001902
-0.001922
-0.001942
-0.001962
-0.001982
-0.002002
-0.002022
-0.002042
-0.002063
-0.002083
-0.002103
-0.002123
-0.002143
-0.002164
-0.002184
-0.002204
-0.002225
-0.002245
-0.002265
-0.002286
-0.002306
-0.002326
-0.002347
-0.002367
-0.002388
-0.002408
-0.002429
-0.002449
-0.002470
-0.002491
-0.002511
-0.002532
-0.002553
-0.002573
-0.002594
-0.002615
-0.002635
-0.002656
-0.002677
-0.002698
-0.002719
-0.002739
-0.002760
-0.002781
-0.002802
-0.002823
-0.002844
-0.002865
-0.002886
-0.002907
-0.002928
-0.002949
-0.002970
-0.002991
-0.003012
-0.003033
-0.003054
-0.003075
-0.003097
-0.003118
-0.003139
-0.003160
-0.003181
-0.003203
-0.003224
-0.003245
-0.003266
-0.003288
-0.003309
-0.003330
-0.003352
-0.003373
-0.003395
-0.003416
-0.003437
-0.003459
-0.003480
-0.003502
-0.003523
-0.003545
-0.003566
-0.003588
-0.003610
-0.003631
-0.003653
-0.003674
-0.003696
-0.003718
-0.003739
-0.003761
-0.003783
-0.003804
-0.003826
-0.003848
-0.003869
-0.003891
-0.003913
-0.003935
-0.003956
-0.003978
-0.004000
-0.004022
-0.004044
-0.004066
-0.004088
-0.004109
-0.004131
-0.004153
-0.004175
-0.004197
-0.004219
-0.004241
-0.004263
-0.004285
-0.004307
-0.004329
-0.004351
-0.004373
-0.004395
-0.004417
-0.004439
-0.004461
-0.004483
-0.004505
-0.004527
-0.004550
-0.004572
-0.004594
-0.004616
-0.004638
-0.004660
-0.004683
-0.004705
-0.004727
-0.004749
-0.004771
-0.004794
-0.004816
-0.004838
-0.004860
-0.004883
-0.004905
-0.004927
-0.004949
-0.004972
-0.004994
-0.005016
-0.005039
-0.005061
-0.005083
-0.005106
-0.005128
-0.005150
-0.005173
-0.005195
-0.005218
-0.005240
-0.005262
-0.005285
-0.005307
-0.005330
-0.005352
-0.005375
-0.005397
-0.005419
-0.005442
-0.005464
-0.005487
-0.005509
-0.005532
-0.005554
-0.005577
-0.005599
-0.005622
-0.005644
-0.005667
-0.005690
-0.005712
-0.005735
-0.005757
-0.005780
-0.005802
-0.005825
-0.005847
-0.005870
-0.005893
-0.005915
-0.005938
-0.005960
-0.005983
-0.006006
-0.006028
-0.006051
-0.006073
-0.006096
-0.006119
-0.006141
-0.006164
-0.006187
-0.006209
-0.006232
-0.006255
-0.006277
-0.006300
-0.006323
-0.006345
-0.006368
-0.006391
-0.006413
-0.006436
-0.006459
-0.006482
-0.006504
-0.006527
-0.006550
-0.006572
-0.006595
-0.006618
-0.006641
-0.006663
-0.006686
-0.006709
-0.006731
-0.006754
-0.006777
-0.006800
-0.006822
-0.006845
-0.006868
-0.006891
-0.006913
-0.006936
-0.006959
-0.006982
-0.007004
-0.007027
-0.007050
-0.007073
-0.007095
-0.007118
-0.007141
-0.007164
-0.007187
-0.007209
-0.007232
-0.007255
-0.007278
-0.007300
-0.007323
-0.007346
-0.007369
-0.007392
-0.007414
-0.007437
-0.007460
-0.007483
-0.007505
-0.007528
-0.007551
-0.007574
-0.007597
-0.007619
-0.007642
-0.007665
-0.007688
-0.007711
-0.007733
-0.007756
-0.007779
-0.007802
-0.007825
-0.007847
-0.007870
-0.007893
-0.007916
-0.007939
-0.007961
-0.007984
-0.008007
-0.008030
-0.008052
-0.008075
-0.008098
-0.008121
-0.008144
-0.008166
-0.008189
-0.008212
-0.008235
-0.008258
-0.008280
-0.008303
-0.008326
-0.008349
-0.008371
-0.008394
-0.008417
-0.008440
-0.008462
-0.008485
-0.008508
-0.008531
-0.008554
-0.008576
-0.008599
-0.008622
-0.008645
-0.008667
-0.008690
-0.008713
-0.008736
-0.008758
-0.008781
-0.008804
-0.008827
-0.008849
-0.008872
-0.008895
-0.008917
-0.008940
-0.008963
-0.008986
-0.009008
-0.009031
-0.009054
-0.009077
-0.009099
-0.009122
-0.009145
-0.009167
-0.009190
-0.009213
-0.009235
-0.009258
-0.009281
-0.009304
-0.009326
-0.009349
-0.009372
-0.009394
-0.009417
-0.009440
-0.009462
-0.009485
-0.009508
-0.009530
-0.009553
-0.009576
-0.009598
-0.009621
-0.009643
-0.009666
-0.009689
-0.009711
-0.009734
-0.009757
-0.009779
-0.009802
-0.009824
-0.009847
-0.009870
-0.009892
-0.009915
-0.009937
-0.009960
-0.009983
-0.010005
-0.010028
-0.010050
-0.010073
-0.010095
-0.010118
-0.010141
-0.010163
-0.010186
-0.010208
-0.010231
-0.010253
-0.010276
-0.010298
-0.010321
-0.010343
-0.010366
-0.010388
-0.010411
-0.010433
-0.010456
-0.010478
-0.010501
-0.010523
-0.010546
-0.010568
-0.010591
-0.010613
-0.010636
-0.010658
-0.010680
-0.010703
-0.010725
-0.010748
-0.010770
-0.010793
-0.010815
-0.010837
-0.010860
-0.010882
-0.010905
-0.010927
-0.010949
-0.010972
-0.010994
-0.011017
-0.011039
-0.011061
-0.011084
-0.011106
-0.011128
-0.011151
-0.011173
-0.011195
-0.011218
-0.011240
-0.011262
-0.011285
-0.011307
-0.011329
-0.011351
-0.011374
-0.011396
-0.011418
-0.011440
-0.011463
-0.011485
-0.011507
-0.011529
-0.011552
-0.011574
-0.011596
-0.011618
-0.011641
-0.011663
-0.011685
-0.011707
-0.011729
-0.011752
-0.011774
-0.011796
-0.011818
-0.011840
-0.011862
-0.011884
-0.011907
-0.011929
-0.011951
-0.011973
-0.011995
-0.012017
-0.012039
-0.012061
-0.012083
-0.012106
-0.012128
-0.012150
-0.012172
-0.012194
-0.012216
-0.012238
-0.012260
-0.012282
-0.012304
-0.012326
-0.012348
-0.012370
-0.012392
-0.012414
-0.012436
-0.012458
-0.012480
-0.012502
-0.012524
-0.012546
-0.012568
-0.012590
-0.012612
-0.012634
-0.012655
-0.012677
-0.012699
-0.012721
-0.012743
-0.012765
-0.012787
-0.012809
-0.012831
-0.012852
-0.012874
-0.012896
-0.012918
-0.012940
-0.012962
-0.012983
-0.013005
-0.013027
-0.013049
-0.013070
-0.013092
-0.013114
-0.013136
-0.013158
-0.013179
-0.013201
-0.013223
-0.013244
-0.013266
-0.013288
-0.013310
-0.013331
-0.013353
-0.013375
-0.013396
-0.013418
-0.013440
-0.013461
-0.013483
-0.013505
-0.013526
-0.013548
-0.013569
-0.013591
-0.013613
-0.013634
-0.013656
-0.013677
-0.013699
-0.013721
-0.013742
-0.013764
-0.013785
-0.013807
-0.013828
-0.013850
-0.013871
-0.013893
-0.013914
-0.013936
-0.013957
-0.013979
-0.014000
-0.014022
-0.014043
-0.014065
-0.014086
-0.014107
-0.014129
-0.014150
-0.014172
-0.014193
-0.014214
-0.014236
-0.014257
-0.014278
-0.014300
-0.014321
-0.014343
-0.014364
-0.014385
-0.014406
-0.014428
-0.014449
-0.014470
-0.014492
-0.014513
-0.014534
-0.014555
-0.014577
-0.014598
-0.014619
-0.014640
-0.014662
-0.014683
-0.014704
-0.014725
-0.014746
-0.014768
-0.014789
-0.014810
-0.014831
-0.014852
-0.014873
-0.014894
-0.014916
-0.014937
-0.014958
-0.014979
-0.015000
-0.015021
-0.015042
-0.015063
-0.015084
-0.015105
-0.015126
-0.015147
-0.015168
-0.015189
-0.015210
-0.015231
-0.015252
-0.015273
-0.015294
-0.015315
-0.015336
-0.015357
-0.015378
-0.015399
-0.015420
-0.015441
-0.015462
-0.015483
-0.015504
-0.015524
-0.015545
-0.015566
-0.015587
-0.015608
-0.015629
-0.015650
-0.015670
-0.015691
-0.015712
-0.015733
-0.015754
-0.015774
-0.015795
-0.015816
-0.015837
-0.015857
-0.015878
-0.015899
-0.015920
-0.015940
-0.015961
-0.015982
-0.016002
-0.016023
-0.016044
-0.016064
-0.016085
-0.016106
-0.016126
-0.016147
-0.016168
-0.016188
-0.016209
-0.016229
-0.016250
-0.016271
-0.016291
-0.016312
-0.016332
-0.016353
-0.016373
-0.016394
-0.016414
-0.016435
-0.016455
-0.016476
-0.016496
-0.016517
-0.016537
-0.016558
-0.016578
-0.016599
-0.016619
-0.016639
-0.016660
-0.016680
-0.016701
-0.016721
-0.016741
-0.016762
-0.016782
-0.016802
-0.016823
-0.016843
-0.016863
-0.016884
-0.016904
-0.016924
-0.016945
-0.016965
-0.016985
-0.017005
-0.017026
-0.017046
-0.017066
-0.017086
-0.017107
-0.017127
-0.017147
-0.017167
-0.017187
-0.017207
-0.017228
-0.017248
-0.017268
-0.017288
-0.017308
-0.017328
-0.017348
-0.017369
-0.017389
-0.017409
-0.017429
-0.017449
-0.017469
-0.017489
-0.017509
-0.017529
-0.017549
-0.017569
-0.017589
-0.017609
-0.017629
-0.017649
-0.017669
-0.017689
-0.017709
-0.017729
-0.017749
-0.017769
-0.017789
-0.017808
-0.017828
-0.017848
-0.017868
-0.017888
-0.017908
-0.017928
-0.017948
-0.017967
-0.017987
-0.018007
-0.018027
-0.018047
-0.018066
-0.018086
-0.018106
-0.018126
-0.018145
-0.018165
-0.018185
-0.018205
-0.018224
-0.018244
-0.018264
-0.018284
-0.018303
-0.018323
-0.018343
-0.018362
-0.018382
-0.018401
-0.018421
-0.018441
-0.018460
-0.018480
-0.018500
-0.018519
-0.018539
-0.018558
-0.018578
-0.018597
-0.018617
-0.018636
-0.018656
-0.018675
-0.018695
-0.018714
-0.018734
-0.018753
-0.018773
-0.018792
-0.018812
-0.018831
-0.018851
-0.018870
-0.018889
-0.018909
-0.018928
-0.018948
-0.018967
-0.018986
-0.019006
-0.019025
-0.019044
-0.019064
-0.019083
-0.019102
-0.019122
-0.019141
-0.019160
-0.019179
-0.019199
-0.019218
-0.019237
-0.019256
-0.019276
-0.019295
0.478086
1.256325
2.172584
2.803064
3.246376
3.567280
3.803958
3.979833
4.110002
4.204658
4.267166
4.304656
4.322333
4.324073
4.312864
4.291069
4.260606
4.223040
4.179671
4.131588
4.079711
4.024808
3.967530
3.908437
3.847993
3.786597
3.724591
3.662258
3.599839
3.537546
3.475547
3.413989
3.352997
3.292671
3.233095
3.174342
3.116469
3.059519
3.003528
2.948533
2.894549
2.841591
2.789673
2.738799
2.688969
2.640182
2.592440
2.545730
2.500045
2.455374
2.411709
2.369034
2.327335
2.286595
2.246804
2.207943
2.169994
2.132942
2.096767
2.061455
2.026989
1.993349
1.960519
1.928480
1.897214
1.866708
1.836943
1.807901
1.779566
1.751920
1.724948
1.698633
1.672962
1.647919
1.623487
1.599651
1.576397
1.553709
1.531575
1.509979
1.488911
1.468356
1.448300
1.428731
1.409637
1.391004
1.372822
1.355078
1.337760
1.320859
1.304365
1.288266
1.272551
1.257211
1.242236
1.227615
1.213340
1.199401
1.185790
1.172498
1.159515
1.146835
1.134449
1.122350
1.110530
1.098982
1.087697
1.076670
1.065893
1.055359
1.045062
1.034995
1.025153
1.015529
1.006117
0.996911
0.987907
0.979099
0.970480
0.962047
0.953794
0.945717
0.937810
0.930070
0.922492
0.915071
0.907803
0.900684
0.893711
0.886878
0.880182
0.873620
0.867187
0.860882
0.854699
0.848635
0.842688
0.836855
0.831131
0.825515
0.820004
0.814593
0.809282
0.804067
0.798946
0.793916
0.788974
0.784119
0.779348
0.774659
0.770050
0.765517
0.761061
0.756678
0.752366
0.748124
0.743950
0.739841
0.735798
0.731817
0.727897
0.724036
0.720234
0.716487
0.712795
0.709157
0.705571
0.702035
0.698549
0.695111
0.691719
0.688374
0.685072
0.681814
0.678598
0.675424
0.672289
0.669194
0.666136
0.663116
0.660131
0.657182
0.654268
0.651387
0.648538
0.645722
0.642937
0.640182
0.637456
0.634760
0.632092
0.629451
0.626837
0.624249
0.621687
0.619149
0.616636
0.614147
0.611681
0.609238
0.606817
0.604417
0.602039
0.599681
0.597344
0.595026
0.592727
0.590447
0.588186
0.585943
0.583717
0.581509
0.579317
0.577142
0.574983
0.572840
0.570712
0.568599
0.566501
0.564418
0.562349
0.560293
0.558252
0.556223
0.554208
0.552206
0.550216
0.548238
0.546272
0.544319
0.542376
0.540446
0.538526
0.536618
0.534720
0.532833
0.530956
0.529090
0.527233
0.525387
0.523550
0.521722
0.519904
0.518095
0.516295
0.514504
0.512721
0.510947
0.509182
0.507425
0.505676
0.503935
0.502202
0.500477
0.498759
0.497049
0.495347
0.493652
0.491964
0.490283
0.488609
0.486942
0.485283
0.483629
0.481983
0.480343
0.478709
0.477082
0.475462
0.473847
0.472239
0.470637
0.469040
0.467450
0.465866
0.464287
0.462715
0.461148
0.459586
0.458030
0.456480
0.454935
0.453396
0.451862
0.450333
0.448809
0.447291
0.445777
0.444269
0.442766
0.441268
0.439775
0.438286
0.436803
0.435324
0.433851
0.432382
0.430917
0.429457
0.428002
0.426552
0.425106
0.423665
0.422228
0.420795
0.419367
0.417944
0.416525
0.415110
0.413699
0.412293
0.410891
0.409493
0.408099
0.406710
0.405324
0.403943
0.402566
0.401193
0.399824
0.398459
0.397098
0.395741
0.394388
0.393039
0.391693
0.390352
0.389015
0.387681
0.386351
0.385025
0.383703
0.382385
0.381070
0.379759
0.378452
0.377149
0.375849
0.374553
0.373261
0.371972
0.370687
0.369405
0.368127
0.366853
0.365582
0.364315
0.363051
0.361791
0.360535
0.359281
0.358032
0.356786
0.355543
0.354304
0.353068
0.351835
0.350606
0.349381
0.348159
0.346940
0.345724
0.344512
0.343303
0.342098
0.340896
0.339697
0.338501
0.337309
0.336120
0.334934
0.333752
0.332573
0.331397
0.330224
0.329055
0.327889
0.326726
0.325566
0.324409
0.323256
0.322106
0.320959
0.319815
0.318674
0.317536
0.316401
0.315270
0.314142
0.313016
0.311894
0.310775
0.309659
0.308546
0.307436
0.306329
0.305225
0.304124
0.303026
0.301932
0.300840
0.299751
0.298665
0.297582
0.296502
0.295425
0.294351
0.293280
0.292212
0.291147
0.290085
0.289026
0.287969
0.286916
0.285865
0.284817
0.283773
0.282731
0.281692
0.280655
0.279622
0.278592
0.277564
0.276539
0.275517
0.274498
0.273482
0.272468
0.271457
0.270450
0.269444
0.268442
0.267442
0.266446
0.265452
0.264460
0.263472
0.262486
0.261503
0.260523
0.259545
0.258570
0.257598
0.256629
0.255662
0.254698
0.253737
0.252778
0.251822
0.250869
0.249918
0.248970
0.248024
0.247082
0.246142
0.245204
0.244270
0.243337
0.242408
0.241481
0.240557
0.239635
0.238716
0.237799
0.236885
0.235974
0.235065
0.234159
0.233255
0.232354
0.231455
0.230559
0.229666
0.228775
0.227886
0.227000
0.226117
0.225236
0.224357
0.223481
0.222608
0.221737
0.220869
0.220003
0.219139
0.218278
0.217420
0.216563
0.215710
0.214858
0.214010
0.213163
0.212319
0.211478
0.210639
0.209802
0.208968
0.208136
0.207306
0.206479
0.205654
0.204832
0.204012
0.203194
0.202379
0.201566
0.200756
0.199948
0.199142
0.198338
0.197537
0.196738
0.195942
0.195148
0.194356
0.193566
0.192779
0.191994
0.191211
0.190431
0.189652
0.188877
0.188103
0.187332
0.186563
0.185796
0.185031
0.184269
0.183509
0.182751
0.181995
0.181242
0.180491
0.179742
0.178995
0.178251
0.177508
0.176768
0.176030
0.175295
0.174561
0.173830
0.173101
0.172373
0.171649
0.170926
0.170205
0.169487
0.168771
0.168056
0.167344
0.166635
0.165927
0.165221
0.164518
0.163816
0.163117
0.162420
0.161725
0.161032
0.160341
0.159652
0.158965
0.158281
0.157598
0.156917
0.156239
0.155562
0.154888
0.154216
0.153545
0.152877
0.152211
0.151547
0.150885
0.150224
0.149566
0.148910
0.148256
0.147604
0.146954
0.146306
0.145660
0.145015
0.144373
0.143733
0.143095
0.142458
0.141824
0.141192
0.140561
0.139933
0.139306
0.138682
0.138059
0.137438
0.136820
0.136203
0.135588
0.134975
0.134364
0.133754
0.133147
0.132542
0.131938
0.131336
0.130737
0.130139
0.129543
0.128949
0.128356
0.127766
0.127177
0.126591
0.126006
0.125423
0.124842
0.124262
0.123685
0.123109
0.122536
0.121964
0.121393
0.120825
0.120258
0.119694
0.119131
0.118570
0.118010
0.117453
0.116897
0.116343
0.115791
0.115240
0.114691
0.114144
0.113599
0.113056
0.112514
0.111974
0.111436
0.110900
0.110365
0.109832
0.109301
0.108771
0.108243
0.107717
0.107193
0.106670
0.106149
0.105630
0.105112
0.104596
0.104082
0.103570
0.103059
0.102549
0.102042
0.101536
0.101032
0.100529
0.100029
0.099529
0.099032
0.098536
0.098042
0.097549
0.097058
0.096569
0.096081
0.095595
0.095110
0.094627
0.094146
0.093666
0.093188
0.092712
0.092237
0.091763
0.091292
0.090822
0.090353
0.089886
0.089421
0.088957
0.088494
0.088034
0.087575
0.087117
0.086661
0.086206
0.085753
0.085302
0.084852
0.084404
0.083957
0.083512
0.083068
0.082625
0.082185
0.081745
0.081308
0.080871
0.080437
0.080003
0.079572
0.079141
0.078713
0.078285
0.077859
0.077435
0.077012
0.076591
0.076171
0.075752
0.075335
0.074919
0.074505
0.074092
0.073681
0.073271
0.072863
0.072456
0.072050
0.071646
0.071243
0.070842
0.070442
0.070044
0.069647
0.069251
0.068857
0.068464
0.068072
0.067682
0.067293
0.066906
0.066520
0.066135
0.065752
0.065370
0.064990
0.064610
0.064233
0.063856
0.063481
0.063107
0.062735
0.062364
0.061994
0.061625
0.061258
0.060892
0.060528
0.060165
0.059803
0.059442
0.059083
0.058725
0.058369
0.058013
0.057659
0.057306
0.056955
0.056605
0.056256
0.055908
0.055562
0.055217
0.054873
0.054530
0.054189
0.053849
0.053510
0.053172
0.052836
0.052501
0.052167
0.051834
0.051503
0.051173
0.050844
0.050516
0.050189
0.049864
0.049540
0.049217
0.048895
0.048575
0.048256
0.047937
0.047621
0.047305
0.046990
0.046677
0.046365
0.046054
0.045744
0.045435
0.045127
0.044821
0.044516
0.044212
0.043909
0.043607
0.043306
0.043007
0.042708
0.042411
0.042115
0.041820
0.041526
0.041233
0.040941
0.040651
0.040361
0.040073
0.039786
0.039499
0.039214
0.038930
0.038648
0.038366
0.038085
0.037805
0.037527
0.037249
0.036973
0.036697
0.036423
0.036150
0.035877
0.035606
0.035336
0.035067
0.034799
0.034532
0.034266
0.034001
0.033737
0.033474
0.033212
0.032951
0.032691
0.032433
0.032175
0.031918
0.031662
0.031407
0.031153
0.030900
0.030649
0.030398
0.030148
0.029899
0.029651
0.029404
0.029158
0.028913
0.028668
0.028425
0.028183
0.027942
0.027701
0.027462
0.027224
0.026986
0.026750
0.026514
0.026279
0.026045
0.025812
0.025580
0.025349
0.025119
0.024890
0.024662
0.024434
0.024208
0.023982
0.023757
0.023534
0.023311
0.023088
0.022867
0.022647
0.022427
0.022209
0.021991
0.021774
0.021558
0.021343
0.021129
0.020915
0.020703
0.020491
0.020280
0.020070
0.019860
0.019652
0.019444
0.019238
0.019032
0.018827
0.018622
0.018419
0.018216
0.018014
0.017813
0.017613
0.017413
0.017214
0.017016
0.016819
0.016623
0.016427
0.016232
0.016038
0.015845
0.015653
0.015461
0.015270
0.015080
0.014890
0.014702
0.014514
0.014326
0.014140
0.013954
0.013769
0.013585
0.013401
0.013219
0.013036
0.012855
0.012674
0.012495
0.012315
0.012137
0.011959
0.011782
0.011606
0.011430
0.011255
0.011081
0.010907
0.010734
0.010562
0.010390
0.010219
0.010049
0.009880
0.009711
0.009543
0.009375
0.009208
0.009042
0.008876
0.008711
0.008547
0.008384
0.008221
0.008058
0.007897
0.007736
0.007575
0.007415
0.007256
0.007098
0.006940
0.006782
0.006626
0.006470
0.006314
0.006159
0.006005
0.005851
0.005698
0.005546
0.005394
0.005243
0.005092
0.004942
0.004792
0.004644
0.004495
0.004347
0.004200
0.004054
0.003908
0.003762
0.003617
0.003473
0.003329
0.003186
0.003043
0.002901
0.002759
0.002618
0.002478
0.002338
0.002198
0.002059
0.001921
0.001783
0.001646
0.001509
0.001373
0.001237
0.001101
0.000967
0.000833
0.000699
0.000566
0.000433
0.000301
0.000169
0.000038
-0.000093
-0.000223
-0.000353
-0.000482
-0.000611
-0.000739
-0.000867
-0.000994
-0.001121
-0.001247
-0.001373
-0.001498
-0.001623
-0.001748
-0.001872
-0.001995
-0.002118
-0.002241
-0.002363
-0.002485
-0.002606
-0.002727
-0.002847
-0.002967
-0.003087
-0.003206
-0.003324
-0.003443
-0.003560
-0.003678
-0.003795
-0.003911
-0.004027
-0.004143
-0.004258
-0.004373
-0.004487
-0.004601
-0.004714
-0.004827
-0.004940
-0.005052
-0.005164
-0.005276
-0.005387
-0.005497
-0.005608
-0.005718
-0.005827
-0.005936
-0.006045
-0.006153
-0.006261
-0.006369
-0.006476
-0.006583
-0.006689
-0.006795
-0.006901
-0.007006
-0.007111
-0.007216
-0.007320
-0.007424
-0.007527
-0.007630
-0.007733
-0.007835
-0.007937
-0.008039
-0.008140
-0.008241
-0.008342
-0.008442
-0.008542
-0.008641
-0.008741
-0.008839
-0.008938
-0.009036
-0.009134
-0.009232
-0.009329
-0.009426
-0.009522
-0.009618
-0.009714
-0.009810
-0.009905
-0.010000
-0.010094
-0.010189
-0.010283
-0.010376
-0.010469
-0.010562
-0.010655
-0.010748
-0.010840
-0.010931
-0.011023
-0.011114
-0.011205
-0.011295
-0.011385
-0.011475
-0.011565
-0.011654
-0.011743
-0.011832
-0.011921
-0.012009
-0.012097
-0.012184
-0.012272
-0.012359
-0.012445
-0.012532
-0.012618
-0.012704
-0.012790
-0.012875
-0.012960
-0.013045
-0.013129
-0.013213
-0.013297
-0.013381
-0.013465
-0.013548
-0.013631
-0.013713
-0.013796
-0.013878
-0.013960
-0.014041
-0.014122
-0.014204
-0.014284
-0.014365
-0.014445
-0.014525
-0.014605
-0.014685
-0.014764
-0.014843
-0.014922
-0.015000
-0.015079
-0.015157
-0.015235
-0.015312
-0.015389
-0.015467
-0.015543
-0.015620
-0.015696
-0.015773
-0.015848
-0.015924
-0.016000
-0.016075
-0.016150
-0.016225
-0.016299
-0.016373
-0.016447
-0.016521
-0.016595
-0.016668
-0.016742
-0.016815
-0.016887
-0.016960
-0.017032
-0.017104
-0.017176
-0.017248
-0.017319
-0.017390
-0.017461
-0.017532
-0.017603
-0.017673
-0.017743
-0.017813
-0.017883
-0.017952
-0.018022
-0.018091
-0.018160
-0.018229
-0.018297
-0.018365
-0.018434
-0.018501
-0.018569
-0.018637
-0.018704
-0.018771
-0.018838
-0.018905
-0.018971
-0.019038
-0.019104
-0.019170
-0.019236
-0.019301
-0.019366
-0.019432
-0.019497
-0.019562
-0.019626
-0.019691
-0.019755
-0.019819
-0.019883
-0.019947
-0.020010
-0.020073
-0.020137
-0.020200
-0.020262
-0.020325
-0.020387
-0.020450
-0.020512
-0.020574
-0.020635
-0.020697
-0.020758
-0.020820
-0.020881
-0.020941
-0.021002
-0.021063
-0.021123
-0.021183
-0.021243
-0.021303
-0.021363
-0.021422
-0.021482
-0.021541
-0.021600
-0.021659
-0.021717
-0.021776
-0.021834
-0.021893
-0.021951
-0.022008
-0.022066
-0.022124
-0.022181
-0.022238
-0.022295
-0.022352
-0.022409
-0.022466
-0.022522
-0.022579
-0.022635
-0.022691
-0.022746
-0.022802
-0.022858
-0.022913
-0.022968
-0.023023
-0.023078
-0.023133
-0.023188
-0.023242
-0.023297
-0.023351
-0.023405
-0.023459
-0.023512
-0.023566
-0.023619
-0.023673
-0.023726
-0.023779
-0.023832
-0.023885
-0.023937
-0.023990
-0.024042
-0.024094
-0.024146
-0.024198
-0.024250
-0.024301
-0.024353
-0.024404
-0.024455
-0.024506
-0.024557
-0.024608
-0.024659
-0.024709
-0.024760
-0.024810
-0.024860
-0.024910
-0.024960
-0.025010
-0.025059
-0.025109
-0.025158
-0.025207
-0.025256
-0.025305
-0.025354
-0.025403
-0.025451
-0.025500
-0.025548
-0.025596
-0.025644
-0.025692
-0.025740
-0.025787
-0.025835
-0.025882
-0.025930
-0.025977
-0.026024
-0.026071
-0.026118
-0.026164
-0.026211
-0.026257
-0.026304
-0.026350
-0.026396
-0.026442
-0.026488
-0.026533
-0.026579
-0.026624
-0.026670
-0.026715
-0.026760
-0.026805
-0.026850
-0.026895
-0.026939
-0.026984
-0.027028
-0.027072
-0.027117
-0.027161
-0.027205
-0.027248
-0.027292
-0.027336
-0.027379
-0.027423
-0.027466
-0.027509
-0.027552
-0.027595
-0.027638
-0.027681
-0.027723
-0.027766
-0.027808
-0.027851
-0.027893
-0.027935
-0.027977
-0.028019
-0.028060
-0.028102
-0.028144
-0.028185
-0.028226
-0.028267
-0.028309
-0.028350
-0.028391
-0.028431
-0.028472
-0.028513
-0.028553
-0.028593
-0.028634
-0.028674
-0.028714
-0.028754
-0.028794
-0.028834
-0.028873
-0.028913
-0.028952
-0.028992
-0.029031
-0.029070
-0.029109
-0.029148
-0.029187
-0.029226
-0.029265
-0.029303
-0.029342
-0.029380
-0.029418
-0.029456
-0.029495
-0.029533
-0.029570
-0.029608
-0.029646
-0.029684
-0.029721
-0.029759
-0.029796
-0.029833
-0.029870
-0.029907
-0.029944
-0.029981
-0.030018
-0.030055
-0.030091
-0.030128
-0.030164
-0.030200
-0.030237
-0.030273
-0.030309
-0.030345
-0.030381
-0.030416
-0.030452
-0.030488
-0.030523
-0.030559
-0.030594
-0.030629
-0.030664
-0.030699
-0.030734
-0.030769
-0.030804
-0.030839
-0.030874
-0.030908
-0.030943
-0.030977
-0.031011
-0.031045
-0.031080
-0.031114
-0.031148
-0.031181
-0.031215
-0.031249
-0.031283
-0.031316
-0.031350
-0.031383
-0.031416
-0.031449
-0.031483
-0.031516
-0.031549
-0.031581
-0.031614
-0.031647
-0.031680
-0.031712
-0.031745
-0.031777
-0.031809
-0.031842
-0.031874
-0.031906
-0.031938
-0.031970
-0.032002
-0.032033
-0.032065
-0.032097
-0.032128
-0.032160
-0.032191
-0.032222
-0.032254
-0.032285
-0.032316
-0.032347
-0.032378
-0.032408
-0.032439
-0.032470
-0.032501
-0.032531
-0.032562
-0.032592
-0.032622
-0.032653
-0.032683
-0.032713
-0.032743
-0.032773
-0.032803
-0.032833
-0.032862
-0.032892
-0.032922
-0.032951
-0.032981
-0.033010
-0.033039
-0.033068
-0.033098
-0.033127
-0.033156
-0.033185
-0.033214
-0.033242
-0.033271
-0.033300
-0.033328
-0.033357
-0.033385
-0.033414
-0.033442
-0.033470
-0.033499
-0.033527
-0.033555
-0.033583
-0.033611
-0.033639
-0.033666
-0.033694
-0.033722
-0.033749
-0.033777
-0.033804
-0.033832
-0.033859
-0.033886
-0.033913
-0.033941
-0.033968
-0.033995
-0.034022
-0.034049
-0.034075
-0.034102
-0.034129
-0.034155
-0.034182
-0.034208
-0.034235
-0.034261
-0.034287
-0.034314
-0.034340
-0.034366
-0.034392
-0.034418
-0.034444
-0.034470
-0.034496
-0.034521
-0.034547
-0.034573
-0.034598
-0.034624
-0.034649
-0.034675
-0.034700
-0.034725
-0.034750
-0.034776
-0.034801
-0.034826
-0.034851
-0.034875
-0.034900
-0.034925
-0.034950
-0.034975
-0.034999
-0.035024
-0.035048
-0.035073
-0.035097
-0.035121
-0.035146
-0.035170
-0.035194
-0.035218
-0.035242
-0.035266
-0.035290
-0.035314
-0.035338
-0.035361
-0.035385
-0.035409
-0.035432
-0.035456
-0.035479
-0.035503
-0.035526
-0.035550
-0.035573
-0.035596
-0.035619
-0.035642
-0.035665
-0.035688
-0.035711
-0.035734
-0.035757
-0.035780
-0.035803
-0.035825
-0.035848
-0.035870
-0.035893
-0.035915
-0.035938
-0.035960
-0.035983
-0.036005
-0.036027
-0.036049
-0.036071
-0.036093
-0.036115
-0.036137
-0.036159
-0.036181
-0.036203
-0.036225
-0.036246
-0.036268
-0.036290
-0.036311
-0.036333
-0.036354
-0.036376
-0.036397
-0.036418
-0.036439
-0.036461
-0.036482
-0.036503
-0.036524
-0.036545
-0.036566
-0.036587
-0.036608
-0.036629
-0.036649
-0.036670
-0.036691
-0.036711
-0.036732
-0.036753
-0.036773
-0.036794
-0.036814
-0.036834
-0.036855
-0.036875
-0.036895
-0.036915
-0.036935
-0.036956
-0.036976
-0.036996
-0.037016
-0.037035
-0.037055
-0.037075
-0.037095
-0.037115
-0.037134
-0.037154
-0.037174
-0.037193
-0.037213
-0.037232
-0.037252
-0.037271
-0.037290
-0.037310
-0.037329
-0.037348
-0.037367
-0.037386
-0.037405
-0.037424
-0.037443
-0.037462
-0.037481
-0.037500
-0.037519
-0.037538
-0.037556
-0.037575
-0.037594
-0.037612
-0.037631
-0.037650
-0.037668
-0.037686
-0.037705
-0.037723
-0.037742
-0.037760
-0.037778
-0.037796
-0.037815
-0.037833
-0.037851
-0.037869
-0.037887
-0.037905
-0.037923
-0.037941
-0.037958
-0.037976
-0.037994
-0.038012
-0.038029
-0.038047
-0.038065
-0.038082
-0.038100
-0.038117
-0.038135
-0.038152
-0.038170
-0.038187
-0.038204
-0.038222
-0.038239
-0.038256
-0.038273
-0.038290
-0.038307
-0.038325
-0.038342
-0.038359
-0.038375
-0.038392
-0.038409
-0.038426
-0.038443
-0.038460
-0.038476
-0.038493
-0.038510
-0.038526
-0.038543
-0.038560
-0.038576
-0.038593
-0.038609
-0.038625
-0.038642
-0.038658
-0.038674
-0.038691
-0.038707
-0.038723
-0.038739
-0.038755
-0.038771
-0.038788
-0.038804
-0.038820
-0.038836
-0.038851
-0.038867
-0.038883
-0.038899
-0.038915
-0.038931
-0.038946
-0.038962
-0.038978
-0.038993
-0.039009
-0.039024
-0.039040
-0.039056
-0.039071
-0.039086
-0.039102
-0.039117
-0.039133
-0.039148
-0.039163
-0.039178
-0.039194
-0.039209
-0.039224
-0.039239
-0.039254
-0.039269
-0.039284
-0.039299
-0.039314
-0.039329
-0.039344
-0.039359
-0.039374
-0.039388
-0.039403
-0.039418
-0.039433
-0.039447
-0.039462
-0.039477
-0.039491
-0.039506
-0.039520
-0.039535
-0.039549
-0.039564
-0.039578
-0.039593
-0.039607
-0.039621
-0.039636
-0.039650
-0.039664
-0.039678
-0.039692
-0.039707
-0.039721
-0.039735
-0.039749
-0.039763
-0.039777
-0.039791
-0.039805
-0.039819
-0.039833
-0.039847
-0.039860
-0.039874
-0.039888
-0.039902
-0.039915
-0.039929
-0.039943
-0.039957
-0.039970
-0.039984
-0.039997
-0.040011
-0.040024
-0.040038
-0.040051
-0.040065
-0.040078
-0.040092
-0.040105
-0.040118
-0.040132
-0.040145
-0.040158
-0.040171
-0.040184
-0.040198
-0.040211
-0.040224
-0.040237
-0.040250
-0.040263
-0.040276
-0.040289
-0.040302
-0.040315
-0.040328
-0.040341
-0.040354
-0.040367
-0.040379
-0.040392
-0.040405
-0.040418
-0.040430
-0.040443
-0.040456
-0.040468
-0.040481
-0.040494
-0.040506
-0.040519
-0.040531
-0.040544
-0.040556
-0.040569
-0.040581
-0.040593
-0.040606
-0.040618
-0.040630
-0.040643
-0.040655
-0.040667
-0.040680
-0.040692
-0.040704
-0.040716
-0.040728
-0.040740
-0.040752
-0.040765
-0.040777
-0.040789
-0.040801
-0.040813
-0.040825
-0.040836
-0.040848
-0.040860
-0.040872
-0.040884
-0.040896
-0.040908
-0.040919
-0.040931
-0.040943
-0.040955
-0.040966
-0.040978
-0.040990
-0.041001
-0.041013
-0.041024
-0.041036
-0.041048
-0.041059
-0.041071
-0.041082
-0.041093
-0.041105
-0.041116
-0.041128
-0.041139
-0.041150
-0.041162
-0.041173
-0.041184
-0.041196
-0.041207
-0.041218
-0.041229
-0.041241
-0.041252
-0.041263
-0.041274
-0.041285
-0.041296
-0.041307
-0.041318
-0.041329
-0.041340
-0.041351
-0.041362
-0.041373
-0.041384
-0.041395
-0.041406
-0.041417
-0.041428
-0.041438
-0.041449
-0.041460
-0.041471
-0.041481
-0.041492
-0.041503
-0.041514
-0.041524
-0.041535
-0.041546
-0.041556
-0.041567
-0.041577
-0.041588
-0.041598
-0.041609
-0.041619
-0.041630
-0.041640
-0.041651
-0.041661
-0.041672
-0.041682
-0.041692
-0.041703
-0.041713
-0.041724
-0.041734
-0.041744
-0.041754
-0.041765
-0.041775
-0.041785
-0.041795
-0.041805
-0.041816
-0.041826
-0.041836
-0.041846
-0.041856
-0.041866
-0.041876
-0.041886
-0.041896
-0.041906
-0.041916
-0.041926
-0.041936
-0.041946
-0.041956
-0.041966
-0.041976
-0.041986
-0.041995
-0.042005
-0.042015
-0.042025
-0.042035
-0.042044
-0.042054
-0.042064
-0.042074
-0.042083
-0.042093
-0.042103
-0.042112
-0.042122
-0.042132
-0.042141
-0.042151
-0.042160
-0.042170
-0.042179
-0.042189
-0.042198
-0.042208
-0.042217
-0.042227
-0.042236
-0.042246
-0.042255
-0.042265
-0.042274
-0.042283
-0.042293
-0.042302
-0.042311
-0.042321
-0.042330
-0.042339
-0.042348
-0.042358
-0.042367
-0.042376
-0.042385
-0.042395
-0.042404
-0.042413
-0.042422
-0.042431
-0.042440
-0.042449
-0.042458
-0.042467
-0.042476
-0.042486
-0.042495
-0.042504
-0.042513
-0.042521
-0.042530
-0.042539
-0.042548
-0.042557
-0.042566
-0.042575
-0.042584
-0.042593
-0.042602
-0.042610
-0.042619
-0.042628
-0.042637
-0.042646
-0.042654
-0.042663
-0.042672
-0.042681
-0.042689
-0.042698
-0.042707
-0.042715
-0.042724
-0.042733
-0.042741
-0.042750
-0.042759
-0.042767
-0.042776
-0.042784
-0.042793
-0.042801
-0.042810
-0.042818
-0.042827
-0.042835
-0.042844
-0.042852
-0.042861
-0.042869
-0.042878
-0.042886
-0.042894
-0.042903
-0.042911
-0.042919
-0.042928
-0.042936
-0.042944
-0.042953
-0.042961
-0.042969
-0.042977
-0.042986
-0.042994
-0.043002
-0.043010
-0.043019
-0.043027
-0.043035
-0.043043
-0.043051
-0.043059
-0.043068
-0.043076
-0.043084
-0.043092
-0.043100
-0.043108
-0.043116
-0.043124
-0.043132
-0.043140
-0.043148
-0.043156
-0.043164
-0.043172
-0.043180
-0.043188
-0.043196
-0.043204
-0.043212
-0.043220
-0.043228
-0.043235
-0.043243
-0.043251
-0.043259
-0.043267
-0.043275
-0.043282
-0.043290
-0.043298
-0.043306
-0.043313
-0.043321
-0.043329
-0.043337
-0.043344
-0.043352
-0.043360
-0.043368
-0.043375
-0.043383
-0.043390
-0.043398
-0.043406
-0.043413
-0.043421
-0.043429
-0.043436
-0.043444
-0.043451
-0.043459
-0.043466
-0.043474
-0.043481
-0.043489
-0.043496
-0.043504
-0.043511
-0.043519
-0.043526
-0.043534
-0.043541
-0.043549
-0.043556
-0.043563
-0.043571
-0.043578
-0.043586
-0.043593
-0.043600
-0.043608
-0.043615
-0.043622
-0.043630
-0.043637
-0.043644
-0.043651
-0.043659
-0.043666
-0.043673
-0.043681
-0.043688
-0.043695
-0.043702
-0.043709
-0.043717
-0.043724
-0.043731
-0.043738
-0.043745
-0.043752
-0.043760
-0.043767
-0.043774
-0.043781
-0.043788
-0.043795
-0.043802
-0.043809
-0.043816
-0.043823
-0.043830
-0.043837
-0.043844
-0.043851
-0.043858
-0.043865
-0.043872
-0.043879
-0.043886
-0.043893
-0.043900
-0.043907
-0.043914
-0.043921
-0.043928
-0.043935
-0.043942
-0.043948
-0.043955
-0.043962
-0.043969
-0.043976
-0.043983
-0.043990
-0.043996
-0.044003
-0.044010
-0.044017
-0.044024
-0.044030
-0.044037
-0.044044
-0.044051
-0.044057
-0.044064
-0.044071
-0.044077
-0.044084
-0.044091
-0.044098
-0.044104
-0.044111
-0.044118
-0.044124
-0.044131
-0.044138
-0.044144
-0.044151
-0.044157
-0.044164
-0.044171
-0.044177
-0.044184
-0.044190
-0.044197
-0.044203
-0.044210
-0.044216
-0.044223
-0.044229
-0.044236
-0.044242
-0.044249
-0.044255
-0.044262
-0.044268
-0.044275
-0.044281
-0.044288
-0.044294
-0.044301
-0.044307
-0.044313
-0.044320
-0.044326
-0.044333
-0.044339
-0.044345
-0.044352
-0.044358
-0.044364
-0.044371
-0.044377
-0.044383
-0.044390
-0.044396
-0.044402
-0.044409
-0.044415
-0.044421
-0.044427
-0.044434
-0.044440
-0.044446
-0.044453
-0.044459
-0.044465
-0.044471
-0.044477
-0.044484
-0.044490
-0.044496
-0.044502
-0.044508
-0.044514
-0.044521
-0.044527
-0.044533
-0.044539
-0.044545
-0.044551
-0.044557
-0.044564
-0.044570
-0.044576
-0.044582
-0.044588
-0.044594
-0.044600
-0.044606
-0.044612
-0.044618
-0.044624
-0.044630
-0.044636
-0.044642
-0.044648
-0.044654
-0.044660
-0.044666
-0.044672
-0.044678
-0.044684
-0.044690
-0.044696
-0.044702
-0.044708
-0.044714
-0.044720
-0.044726
-0.044732
-0.044738
-0.044743
-0.044749
-0.044755
-0.044761
-0.044767
-0.044773
-0.044779
-0.044784
-0.044790
-0.044796
-0.044802
-0.044808
-0.044814
-0.044819
-0.044825
-0.044831
-0.044837
-0.044843
-0.044848
-0.044854
-0.044860
-0.044866
-0.044871
-0.044877
-0.044883
-0.044889
-0.044894
-0.044900
-0.044906
-0.044911
-0.044917
-0.044923
-0.044929
-0.044934
-0.044940
-0.044946
-0.044951
-0.044957
-0.044963
-0.044968
-0.044974
-0.044979
-0.044985
-0.044991
-0.044996
-0.045002
-0.045007
-0.045013
-0.045019
-0.045024
-0.045030
-0.045035
-0.045041
-0.045046
-0.045052
-0.045058
-0.045063
-0.045069
-0.045074
-0.045080
-0.045085
-0.045091
-0.045096
-0.045102
-0.045107
-0.045113
-0.045118
-0.045124
-0.045129
-0.045135
-0.045140
-0.045145
-0.045151
-0.045156
-0.045162
-0.045167
-0.045173
-0.045178
-0.045183
-0.045189
-0.045194
-0.045200
-0.045205
-0.045210
-0.045216
-0.045221
-0.045226
-0.045232
-0.045237
-0.045243
-0.045248
-0.045253
-0.045259
-0.045264
-0.045269
-0.045274
-0.045280
-0.045285
-0.045290
-0.045296
-0.045301
-0.045306
-0.045311
-0.045317
-0.045322
-0.045327
-0.045333
-0.045338
-0.045343
-0.045348
-0.045353
-0.045359
-0.045364
-0.045369
-0.045374
-0.045380
-0.045385
-0.045390
-0.045395
-0.045400
-0.045405
-0.045411
-0.045416
-0.045421
-0.045426
-0.045431
-0.045436
-0.045442
-0.045447
-0.045452
-0.045457
-0.045462
-0.045467
-0.045472
-0.045477
-0.045482
-0.045488
-0.045493
-0.045498
-0.045503
-0.045508
-0.045513
-0.045518
-0.045523
-0.045528
-0.045533
-0.045538
-0.045543
-0.045548
-0.045553
-0.045558
-0.045563
-0.045568
-0.045573
-0.045578
-0.045583
-0.045588
-0.045593
-0.045598
-0.045603
-0.045608
-0.045613
-0.045618
-0.045623
-0.045628
-0.045633
-0.045638
-0.045643
-0.045648
-0.045653
-0.045658
-0.045663
-0.045667
-0.045672
-0.045677
-0.045682
-0.045687
-0.045692
-0.045697
-0.045702
-0.045707
-0.045711
-0.045716

