0.000000
0.000000
-0.000026
-0.000052
-0.000077
-0.000103
-0.000128
-0.000153
-0.000177
-0.000201
-0.000224
-0.000247
-0.000270
-0.000293
-0.000315
-0.000337
-0.000359
-0.000380
-0.000402
-0.000423
-0.000444
-0.000465
-0.000485
-0.000506
-0.000526
-0.000547
-0.000567
-0.000587
-0.000607
-0.000627
-0.000647
-0.000667
-0.000687
-0.000707
-0.000726
-0.000746
-0.000766
-0.000785
-0.000805
-0.000824
-0.000844
-0.000863
-0.000883
-0.000902
-0.000922
-0.000941
-0.000961
-0.000980
-0.001000
-0.001019
-0.001038
-0.001058
-0.001077
-0.001097
-0.001116
-0.001135
-0.001155
-0.001174
-0.001194
-0.001213
-0.001233
-0.001252
-0.001271
-0.001291
-0.001310
-0.001330
-0.001349
-0.001369
-0.001388
-0.001408
-0.001428
-0.001447
-0.001467
-0.001486
-0.001506
-0.001525
-0.001545
-0.001565
-0.001584
-0.001604
-0.001624
-0.001644
-0.001663
-0.001683
-0.001703
-0.001723
-0.001743
-0.001762
-0.001782
-0.001802
-0.001822
-0.001842
-0.001862
-0.001882
-0.001902
-0.001922
-0.001942
-0.001962
-0.001982
-0.002002
-0.002022
-0.002042
-0.002063
-0.002083
-0.002103
-0.002123
-0.002143
-0.002164
-0.002184
-0.002204
-0.002225
-0.002245
-0.002265
-0.002286
-0.002306
-0.002326
-0.002347
-0.002367
-0.002388
-0.002408
-0.002429
-0.002449
-0.002470
-0.002491
-0.002511
-0.002532
-0.002553
-0.002573
-0.002594
-0.002615
-0.002635
-0.002656
-0.002677
-0.002698
-0.002719
-0.002739
-0.002760
-0.002781
-0.002802
-0.002823
-0.002844
-0.002865
-0.002886
-0.002907
-0.002928
-0.002949
-0.002970
-0.002991
-0.003012
-0.003033
-0.003054
-0.003075
-0.003097
-0.003118
-0.003139
-0.003160
-0.003181
-0.003203
-0.003224
-0.003245
-0.003266
-0.003288
-0.003309
-0.003330
-0.003352
-0.003373
-0.003395
-0.003416
-0.003437
-0.003459
-0.003480
-0.003502
-0.003523
-0.003545
-0.003566
-0.003588
-0.003610
-0.003631
-0.003653
-0.003674
-0.003696
-0.003718
-0.003739
-0.003761
-0.003783
-0.003804
-0.003826
-0.003848
-0.003869
-0.003891
-0.003913
-0.003935
-0.003956
-0.003978
-0.004000
-0.004022
-0.004044
-0.004066
-0.004088
-0.004109
-0.004131
-0.004153
-0.004175
-0.004197
-0.004219
-0.004241
-0.004263
-0.004285
-0.004307
-0.004329
-0.004351
-0.004373
-0.004395
-0.004417
-0.004439
-0.004461
-0.004483
-0.004505
-0.004527
-0.004550
-0.004572
-0.004594
-0.004616
-0.004638
-0.004660
-0.004683
-0.004705
-0.004727
-0.004749
-0.004771
-0.004794
-0.004816
-0.004838
-0.004860
-0.004883
-0.004905
-0.004927
-0.004949
-0.004972
-0.004994
-0.005016
-0.005039
-0.005061
-0.005083
-0.005106
-0.005128
-0.005150
-0.005173
-0.005195
-0.005218
-0.005240
-0.005262
-0.005285
-0.005307
-0.005330
-0.005352
-0.005375
-0.005397
-0.005419
-0.005442
-0.005464
-0.005487
-0.005509
-0.005532
-0.005554
-0.005577
-0.005599
-0.005622
-0.005644
-0.005667
-0.005690
-0.005712
-0.005735
-0.005757
-0.005780
-0.005802
-0.005825
-0.005847
-0.005870
-0.005893
-0.005915
-0.005938
-0.005960
-0.005983
-0.006006
-0.006028
-0.006051
-0.006073
-0.006096
-0.006119
-0.006141
-0.006164
-0.006187
-0.006209
-0.006232
-0.006255
-0.006277
-0.006300
-0.006323
-0.006345
-0.006368
-0.006391
-0.006413
-0.006436
-0.006459
-0.006482
-0.006504
-0.006527
-0.006550
-0.006572
-0.006595
-0.006618
-0.006641
-0.006663
-0.006686
-0.006709
-0.006731
-0.006754
-0.006777
-0.006800
-0.006822
-0.006845
-0.006868
-0.006891
-0.006913
-0.006936
-0.006959
-0.006982
-0.007004
-0.007027
-0.007050
-0.007073
-0.007095
-0.007118
-0.007141
-0.007164
-0.007187
-0.007209
-0.007232
-0.007255
-0.007278
-0.007300
-0.007323
-0.007346
-0.007369
-0.007392
-0.007414
-0.007437
-0.007460
-0.007483
-0.007505
-0.007528
-0.007551
-0.007574
-0.007597
-0.007619
-0.007642
-0.007665
-0.007688
-0.007711
-0.007733
-0.007756
-0.007779
-0.007802
-0.007825
-0.007847
-0.007870
-0.007893
-0.007916
-0.007939
-0.007961
-0.007984
-0.008007
-0.008030
-0.008052
-0.008075
-0.008098
-0.008121
-0.008144
-0.008166
-0.008189
-0.008212
-0.008235
-0.008258
-0.008280
-0.008303
-0.008326
-0.008349
-0.008371
-0.008394
-0.008417
-0.008440
-0.008462
-0.008485
-0.008508
-0.008531
-0.008554
-0.008576
-0.008599
-0.008622
-0.008645
-0.008667
-0.008690
-0.008713
-0.008736
-0.008758
-0.008781
-0.008804
-0.008827
-0.008849
-0.008872
-0.008895
-0.008917
-0.008940
-0.008963
-0.008986
-0.009008
-0.009031
-0.009054
-0.009077
-0.009099
-0.009122
-0.009145
-0.009167
-0.009190
-0.009213
-0.009235
-0.009258
-0.009281
-0.009304
-0.009326
-0.009349
-0.009372
-0.009394
-0.009417
-0.009440
-0.009462
-0.009485
-0.009508
-0.009530
-0.009553
-0.009576
-0.009598
-0.009621
-0.009643
-0.009666
-0.009689
-0.009711
-0.009734
-0.009757
-0.009779
-0.009802
-0.009824
-0.009847
-0.009870
-0.009892
-0.009915
-0.009937
-0.009960
-0.009983
-0.010005
-0.010028
-0.010050
-0.010073
-0.010095
-0.010118
-0.010141
-0.010163
-0.010186
-0.010208
-0.010231
-0.010253
-0.010276
-0.010298
-0.010321
-0.010343
-0.010366
-0.010388
-0.010411
-0.010433
-0.010456
-0.010478
-0.010501
-0.010523
-0.010546
-0.010568
-0.010591
-0.010613
-0.010636
-0.010658
-0.010680
-0.010703
-0.010725
-0.010748
-0.010770
-0.010793
-0.010815
-0.010837
-0.010860
-0.010882
-0.010905
-0.010927
-0.010949
-0.010972
-0.010994
-0.011017
-0.011039
-0.011061
-0.011084
-0.011106
-0.011128
-0.011151
-0.011173
-0.011195
-0.011218
-0.011240
-0.011262
-0.011285
-0.011307
-0.011329
-0.011351
-0.011374
-0.011396
-0.011418
-0.011440
-0.011463
-0.011485
-0.011507
-0.011529
-0.011552
-0.011574
-0.011596
-0.011618
-0.011641
-0.011663
-0.011685
-0.011707
-0.011729
-0.011752
-0.011774
-0.011796
-0.011818
-0.011840
-0.011862
-0.011884
-0.011907
-0.011929
-0.011951
-0.011973
-0.011995
-0.012017
-0.012039
-0.012061
-0.012083
-0.012106
-0.012128
-0.012150
-0.012172
-0.012194
-0.012216
-0.012238
-0.012260
-0.012282
-0.012304
-0.012326
-0.012348
-0.012370
-0.012392
-0.012414
-0.012436
-0.012458
-0.012480
-0.012502
-0.012524
-0.012546
-0.012568
-0.012590
-0.012612
-0.012634
-0.012655
-0.012677
-0.012699
-0.012721
-0.012743
-0.012765
-0.012787
-0.012809
-0.012831
-0.012852
-0.012874
-0.012896
-0.012918
-0.012940
-0.012962
-0.012983
-0.013005
-0.013027
-0.013049
-0.013070
-0.013092
-0.013114
-0.013136
-0.013158
-0.013179
-0.013201
-0.013223
-0.013244
-0.013266
-0.013288
-0.013310
-0.013331
-0.013353
-0.013375
-0.013396
-0.013418
-0.013440
-0.013461
-0.013483
-0.013505
-0.013526
-0.013548
-0.013569
-0.013591
-0.013613
-0.013634
-0.013656
-0.013677
-0.013699
-0.013721
-0.013742
-0.013764
-0.013785
-0.013807
-0.013828
-0.013850
-0.013871
-0.013893
-0.013914
-0.013936
-0.013957
-0.013979
-0.014000
-0.014022
-0.014043
-0.014065
-0.014086
-0.014107
-0.014129
-0.014150
-0.014172
-0.014193
-0.014214
-0.014236
-0.014257
-0.014278
-0.014300
-0.014321
-0.014343
-0.014364
-0.014385
-0.014406
-0.014428
-0.014449
-0.014470
-0.014492
-0.014513
-0.014534
-0.014555
-0.014577
-0.014598
-0.014619
-0.014640
-0.014662
-0.014683
-0.014704
-0.014725
-0.014746
-0.014768
-0.014789
-0.014810
-0.014831
-0.014852
-0.014873
-0.014894
-0.014916
-0.014937
-0.014958
-0.014979
-0.015000
-0.015021
-0.015042
-0.015063
-0.015084
-0.015105
-0.015126
-0.015147
-0.015168
-0.015189
-0.015210
-0.015231
-0.015252
-0.015273
-0.015294
-0.015315
-0.015336
-0.015357
-0.015378
-0.015399
-0.015420
-0.015441
-0.015462
-0.015483
-0.015504
-0.015524
-0.015545
-0.015566
-0.015587
-0.015608
-0.015629
-0.015650
-0.015670
-0.015691
-0.015712
-0.015733
-0.015754
-0.015774
-0.015795
-0.015816
-0.015837
-0.015857
-0.015878
-0.015899
-0.015920
-0.015940
-0.015961
-0.015982
-0.016002
-0.016023
-0.016044
-0.016064
-0.016085
-0.016106
-0.016126
-0.016147
-0.016168
-0.016188
-0.016209
-0.016229
-0.016250
-0.016271
-0.016291
-0.016312
-0.016332
-0.016353
-0.016373
-0.016394
-0.016414
-0.016435
-0.016455
-0.016476
-0.016496
-0.016517
-0.016537
-0.016558
-0.016578
-0.016599
-0.016619
-0.016639
-0.016660
-0.016680
-0.016701
-0.016721
-0.016741
-0.016762
-0.016782
-0.016802
-0.016823
-0.016843
-0.016863
-0.016884
-0.016904
-0.016924
-0.016945
-0.016965
-0.016985
-0.017005
-0.017026
-0.017046
-0.017066
-0.017086
-0.017107
-0.017127
-0.017147
-0.017167
-0.017187
-0.017207
-0.017228
-0.017248
-0.017268
-0.017288
-0.017308
-0.017328
-0.017348
-0.017369
-0.017389
-0.017409
-0.017429
-0.017449
-0.017469
-0.017489
-0.017509
-0.017529
-0.017549
-0.017569
-0.017589
-0.017609
-0.017629
-0.017649
-0.017669
-0.017689
-0.017709
-0.017729
-0.017749
-0.017769
-0.017789
-0.017808
-0.017828
-0.017848
-0.017868
-0.017888
-0.017908
-0.017928
-0.017948
-0.017967
-0.017987
-0.018007
-0.018027
-0.018047
-0.018066
-0.018086
-0.018106
-0.018126
-0.018145
-0.018165
-0.018185
-0.018205
-0.018224
-0.018244
-0.018264
-0.018284
-0.018303
-0.018323
-0.018343
-0.018362
-0.018382
-0.018401
-0.018421
-0.018441
-0.018460
-0.018480
-0.018500
-0.018519
-0.018539
-0.018558
-0.018578
-0.018597
-0.018617
-0.018636
-0.018656
-0.018675
-0.018695
-0.018714
-0.018734
-0.018753
-0.018773
-0.018792
-0.018812
-0.018831
-0.018851
-0.018870
-0.018889
-0.018909
-0.018928
-0.018948
-0.018967
-0.018986
-0.019006
-0.019025
-0.019044
-0.019064
-0.019083
-0.019102
-0.019122
-0.019141
-0.019160
-0.019179
-0.019199
-0.019218
-0.019237
-0.019256
-0.019276
-0.019295
-0.019314
-0.019333
-0.019353
-0.019372
-0.019391
-0.019410
-0.019429
-0.019448
-0.019468
-0.019487
-0.019506
-0.019525
-0.019544
-0.019563
-0.019582
-0.019601
-0.019620
-0.019639
-0.019658
-0.019677
-0.019696
-0.019715
-0.019734
-0.019753
-0.019772
-0.019791
-0.019810
-0.019829
-0.019848
-0.019867
-0.019886
-0.019905
-0.019924
-0.019943
-0.019962
-0.019981
-0.020000
-0.020019
-0.020037
-0.020056
0.471774
1.246271
2.159982
2.792821
3.237816
3.559855
3.797319
3.973795
4.104455
4.199526
4.262439
4.300268
4.318238
4.320239
4.309266
4.287687
4.257418
4.220029
4.176831
4.128907
4.077171
4.022404
3.965255
3.906275
3.845942
3.784650
3.722735
3.660492
3.598159
3.535939
3.474014
3.412525
3.351592
3.291326
3.231806
3.173102
3.115277
3.058372
3.002425
2.947468
2.893520
2.840595
2.788704
2.737859
2.688057
2.639296
2.591576
2.544887
2.499222
2.454569
2.410916
2.368257
2.326573
2.285847
2.246065
2.207215
2.169277
2.132233
2.096067
2.060761
2.026302
1.992668
1.959843
1.927809
1.896548
1.866043
1.836281
1.807242
1.778910
1.751266
1.724296
1.697982
1.672311
1.647268
1.622836
1.599001
1.575747
1.553059
1.530924
1.509328
1.488257
1.467701
1.447645
1.428075
1.408980
1.390346
1.372162
1.354417
1.337098
1.320196
1.303698
1.287597
1.271881
1.256540
1.241562
1.226940
1.212663
1.198723
1.185110
1.171816
1.158832
1.146151
1.133763
1.121662
1.109840
1.098290
1.087004
1.075975
1.065196
1.054660
1.044362
1.034294
1.024450
1.014824
1.005411
0.996205
0.987199
0.978389
0.969770
0.961335
0.953081
0.945003
0.937095
0.929353
0.921774
0.914352
0.907083
0.899963
0.892988
0.886155
0.879458
0.872895
0.866462
0.860155
0.853971
0.847907
0.841960
0.836126
0.830402
0.824785
0.819273
0.813862
0.808551
0.803335
0.798213
0.793183
0.788241
0.783386
0.778614
0.773925
0.769315
0.764782
0.760326
0.755942
0.751630
0.747388
0.743214
0.739105
0.735061
0.731080
0.727160
0.723299
0.719496
0.715749
0.712058
0.708419
0.704833
0.701298
0.697811
0.694373
0.690982
0.687636
0.684335
0.681077
0.677861
0.674686
0.671552
0.668456
0.665399
0.662379
0.659395
0.656446
0.653532
0.650651
0.647803
0.644986
0.642201
0.639447
0.636721
0.634025
0.631357
0.628717
0.626103
0.623515
0.620953
0.618416
0.615904
0.613415
0.610949
0.608506
0.606085
0.603686
0.601308
0.598951
0.596613
0.594296
0.591998
0.589718
0.587457
0.585215
0.582989
0.580781
0.578590
0.576415
0.574256
0.572114
0.569986
0.567874
0.565776
0.563693
0.561625
0.559570
0.557528
0.555500
0.553486
0.551483
0.549494
0.547517
0.545552
0.543598
0.541657
0.539726
0.537807
0.535899
0.534001
0.532115
0.530238
0.528372
0.526516
0.524670
0.522833
0.521006
0.519189
0.517380
0.515580
0.513790
0.512008
0.510234
0.508469
0.506713
0.504964
0.503224
0.501491
0.499766
0.498049
0.496340
0.494638
0.492943
0.491256
0.489575
0.487902
0.486236
0.484576
0.482923
0.481277
0.479638
0.478005
0.476378
0.474758
0.473144
0.471536
0.469934
0.468339
0.466749
0.465165
0.463587
0.462015
0.460448
0.458887
0.457332
0.455782
0.454237
0.452698
0.451165
0.449636
0.448113
0.446595
0.445082
0.443575
0.442072
0.440574
0.439081
0.437594
0.436111
0.434633
0.433159
0.431691
0.430227
0.428767
0.427313
0.425863
0.424417
0.422976
0.421540
0.420108
0.418680
0.417257
0.415838
0.414424
0.413014
0.411608
0.410206
0.408809
0.407416
0.406027
0.404642
0.403261
0.401884
0.400512
0.399143
0.397779
0.396418
0.395062
0.393709
0.392360
0.391015
0.389675
0.388338
0.387004
0.385675
0.384350
0.383028
0.381710
0.380396
0.379085
0.377779
0.376476
0.375176
0.373881
0.372589
0.371300
0.370016
0.368735
0.367457
0.366183
0.364913
0.363646
0.362383
0.361123
0.359867
0.358614
0.357365
0.356119
0.354877
0.353638
0.352403
0.351171
0.349942
0.348717
0.347495
0.346277
0.345062
0.343850
0.342642
0.341437
0.340235
0.339037
0.337841
0.336650
0.335461
0.334276
0.333094
0.331915
0.330740
0.329567
0.328398
0.327233
0.326070
0.324911
0.323754
0.322601
0.321451
0.320305
0.319161
0.318021
0.316883
0.315749
0.314618
0.313490
0.312365
0.311244
0.310125
0.309009
0.307897
0.306787
0.305681
0.304577
0.303477
0.302379
0.301285
0.300193
0.299105
0.298019
0.296937
0.295858
0.294781
0.293707
0.292637
0.291569
0.290504
0.289443
0.288384
0.287328
0.286275
0.285224
0.284177
0.283133
0.282091
0.281053
0.280017
0.278984
0.277954
0.276927
0.275902
0.274881
0.273862
0.272846
0.271833
0.270822
0.269815
0.268810
0.267808
0.266809
0.265813
0.264819
0.263828
0.262840
0.261855
0.260872
0.259892
0.258915
0.257940
0.256969
0.255999
0.255033
0.254069
0.253108
0.252150
0.251195
0.250242
0.249291
0.248344
0.247399
0.246456
0.245517
0.244580
0.243645
0.242714
0.241784
0.240858
0.239934
0.239013
0.238094
0.237178
0.236264
0.235353
0.234445
0.233539
0.232635
0.231735
0.230836
0.229941
0.229048
0.228157
0.227269
0.226383
0.225500
0.224620
0.223742
0.222866
0.221993
0.221123
0.220254
0.219389
0.218526
0.217665
0.216807
0.215951
0.215098
0.214247
0.213398
0.212552
0.211709
0.210868
0.210029
0.209193
0.208359
0.207527
0.206698
0.205871
0.205047
0.204225
0.203405
0.202588
0.201773
0.200961
0.200151
0.199343
0.198537
0.197734
0.196933
0.196135
0.195339
0.194545
0.193753
0.192964
0.192177
0.191393
0.190610
0.189830
0.189052
0.188277
0.187504
0.186733
0.185964
0.185198
0.184433
0.183671
0.182912
0.182154
0.181399
0.180646
0.179895
0.179147
0.178400
0.177656
0.176914
0.176174
0.175437
0.174701
0.173968
0.173237
0.172508
0.171782
0.171057
0.170335
0.169615
0.168896
0.168181
0.167467
0.166755
0.166046
0.165338
0.164633
0.163930
0.163229
0.162530
0.161833
0.161138
0.160446
0.159755
0.159067
0.158380
0.157696
0.157014
0.156333
0.155655
0.154979
0.154305
0.153633
0.152963
0.152295
0.151629
0.150966
0.150304
0.149644
0.148986
0.148330
0.147677
0.147025
0.146375
0.145727
0.145081
0.144438
0.143796
0.143156
0.142518
0.141882
0.141248
0.140616
0.139986
0.139358
0.138732
0.138107
0.137485
0.136865
0.136246
0.135630
0.135015
0.134402
0.133792
0.133183
0.132576
0.131971
0.131368
0.130766
0.130167
0.129569
0.128974
0.128380
0.127788
0.127198
0.126610
0.126023
0.125439
0.124856
0.124275
0.123696
0.123119
0.122544
0.121970
0.121399
0.120829
0.120261
0.119695
0.119130
0.118568
0.118007
0.117448
0.116890
0.116335
0.115781
0.115229
0.114679
0.114131
0.113584
0.113039
0.112496
0.111955
0.111415
0.110877
0.110341
0.109807
0.109274
0.108743
0.108214
0.107687
0.107161
0.106637
0.106114
0.105594
0.105075
0.104558
0.104042
0.103528
0.103016
0.102505
0.101996
0.101489
0.100984
0.100480
0.099978
0.099477
0.098978
0.098481
0.097985
0.097491
0.096999
0.096508
0.096019
0.095532
0.095046
0.094562
0.094079
0.093598
0.093119
0.092641
0.092165
0.091691
0.091218
0.090746
0.090276
0.089808
0.089341
0.088876
0.088413
0.087951
0.087490
0.087032
0.086574
0.086119
0.085664
0.085212
0.084761
0.084311
0.083863
0.083416
0.082971
0.082528
0.082086
0.081646
0.081207
0.080769
0.080333
0.079899
0.079466
0.079034
0.078604
0.078176
0.077749
0.077323
0.076899
0.076477
0.076055
0.075636
0.075218
0.074801
0.074386
0.073972
0.073559
0.073148
0.072739
0.072331
0.071924
0.071519
0.071115
0.070712
0.070311
0.069912
0.069514
0.069117
0.068721
0.068327
0.067935
0.067544
0.067154
0.066765
0.066378
0.065993
0.065608
0.065225
0.064844
0.064463
0.064085
0.063707
0.063331
0.062956
0.062583
0.062210
0.061840
0.061470
0.061102
0.060735
0.060370
0.060006
0.059643
0.059281
0.058921
0.058562
0.058204
0.057848
0.057493
0.057139
0.056787
0.056436
0.056086
0.055737
0.055390
0.055044
0.054699
0.054355
0.054013
0.053672
0.053332
0.052994
0.052656
0.052320
0.051986
0.051652
0.051320
0.050989
0.050659
0.050330
0.050003
0.049676
0.049351
0.049027
0.048705
0.048383
0.048063
0.047744
0.047426
0.047110
0.046794
0.046480
0.046167
0.045855
0.045544
0.045235
0.044926
0.044619
0.044313
0.044008
0.043704
0.043401
0.043100
0.042800
0.042500
0.042202
0.041905
0.041609
0.041315
0.041021
0.040728
0.040437
0.040147
0.039858
0.039570
0.039283
0.038997
0.038712
0.038428
0.038146
0.037864
0.037584
0.037304
0.037026
0.036749
0.036473
0.036198
0.035923
0.035650
0.035379
0.035108
0.034838
0.034569
0.034301
0.034035
0.033769
0.033504
0.033241
0.032978
0.032716
0.032456
0.032196
0.031938
0.031680
0.031423
0.031168
0.030913
0.030660
0.030407
0.030156
0.029905
0.029655
0.029407
0.029159
0.028912
0.028666
0.028422
0.028178
0.027935
0.027693
0.027452
0.027212
0.026973
0.026735
0.026497
0.026261
0.026026
0.025791
0.025558
0.025325
0.025094
0.024863
0.024633
0.024404
0.024176
0.023949
0.023723
0.023497
0.023273
0.023049
0.022827
0.022605
0.022384
0.022164
0.021945
0.021726
0.021509
0.021292
0.021076
0.020862
0.020648
0.020434
0.020222
0.020011
0.019800
0.019590
0.019381
0.019173
0.018966
0.018759
0.018553
0.018349
0.018145
0.017941
0.017739
0.017537
0.017336
0.017136
0.016937
0.016739
0.016541
0.016344
0.016148
0.015953
0.015758
0.015564
0.015371
0.015179
0.014988
0.014797
0.014607
0.014418
0.014230
0.014042
0.013855
0.013669
0.013483
0.013299
0.013115
0.012931
0.012749
0.012567
0.012386
0.012206
0.012026
0.011847
0.011669
0.011491
0.011315
0.011138
0.010963
0.010788
0.010614
0.010441
0.010268
0.010096
0.009925
0.009754
0.009585
0.009415
0.009247
0.009079
0.008912
0.008745
0.008579
0.008414
0.008249
0.008085
0.007922
0.007759
0.007597
0.007436
0.007275
0.007115
0.006955
0.006796
0.006638
0.006480
0.006323
0.006167
0.006011
0.005856
0.005701
0.005547
0.005394
0.005241
0.005089
0.004937
0.004786
0.004636
0.004486
0.004337
0.004188
0.004040
0.003893
0.003746
0.003600
0.003454
0.003309
0.003164
0.003020
0.002876
0.002733
0.002591
0.002449
0.002308
0.002167
0.002026
0.001887
0.001748
0.001609
0.001471
0.001333
0.001196
0.001060
0.000924
0.000788
0.000653
0.000519
0.000385
0.000251
0.000118
-0.000014
-0.000146
-0.000277
-0.000408
-0.000539
-0.000669
-0.000798
-0.000927
-0.001055
-0.001183
-0.001311
-0.001438
-0.001565
-0.001691
-0.001816
-0.001941
-0.002066
-0.002190
-0.002314
-0.002437
-0.002560
-0.002682
-0.002804
-0.002926
-0.003047
-0.003167
-0.003287
-0.003407
-0.003526
-0.003645
-0.003763
-0.003881
-0.003999
-0.004116
-0.004232
-0.004348
-0.004464
-0.004580
-0.004694
-0.004809
-0.004923
-0.005037
-0.005150
-0.005263
-0.005375
-0.005487
-0.005599
-0.005710
-0.005821
-0.005931
-0.006041
-0.006151
-0.006260
-0.006369
-0.006477
-0.006585
-0.006693
-0.006800
-0.006907
-0.007014
-0.007120
-0.007226
-0.007331
-0.007436
-0.007541
-0.007645
-0.007749
-0.007853
-0.007956
-0.008059
-0.008161
-0.008263
-0.008365
-0.008466
-0.008567
-0.008668
-0.008768
-0.008868
-0.008968
-0.009067
-0.009166
-0.009265
-0.009363
-0.009461
-0.009559
-0.009656
-0.009753
-0.009849
-0.009946
-0.010042
-0.010137
-0.010232
-0.010327
-0.010422
-0.010516
-0.010610
-0.010704
-0.010797
-0.010890
-0.010983
-0.011076
-0.011168
-0.011260
-0.011351
-0.011442
-0.011533
-0.011624
-0.011714
-0.011804
-0.011894
-0.011983
-0.012072
-0.012161
-0.012249
-0.012338
-0.012425
-0.012513
-0.012600
-0.012688
-0.012774
-0.012861
-0.012947
-0.013033
-0.013119
-0.013204
-0.013289
-0.013374
-0.013458
-0.013543
-0.013627
-0.013710
-0.013794
-0.013877
-0.013960
-0.014042
-0.014125
-0.014207
-0.014289
-0.014370
-0.014452
-0.014533
-0.014614
-0.014694
-0.014775
-0.014855
-0.014934
-0.015014
-0.015093
-0.015172
-0.015251
-0.015330
-0.015408
-0.015486
-0.015564
-0.015641
-0.015719
-0.015796
-0.015873
-0.015949
-0.016026
-0.016102
-0.016178
-0.016253
-0.016329
-0.016404
-0.016479
-0.016554
-0.016628
-0.016703
-0.016777
-0.016850
-0.016924
-0.016997
-0.017071
-0.017143
-0.017216
-0.017289
-0.017361
-0.017433
-0.017505
-0.017576
-0.017648
-0.017719
-0.017790
-0.017861
-0.017931
-0.018002
-0.018072
-0.018142
-0.018211
-0.018281
-0.018350
-0.018419
-0.018488
-0.018557
-0.018625
-0.018694
-0.018762
-0.018830
-0.018897
-0.018965
-0.019032
-0.019099
-0.019166
-0.019233
-0.019299
-0.019366
-0.019432
-0.019498
-0.019563
-0.019629
-0.019694
-0.019759
-0.019824
-0.019889
-0.019954
-0.020018
-0.020082
-0.020146
-0.020210
-0.020274
-0.020337
-0.020400
-0.020464
-0.020526
-0.020589
-0.020652
-0.020714
-0.020776
-0.020838
-0.020900
-0.020962
-0.021023
-0.021085
-0.021146
-0.021207
-0.021268
-0.021328
-0.021389
-0.021449
-0.021509
-0.021569
-0.021629
-0.021689
-0.021748
-0.021807
-0.021866
-0.021925
-0.021984
-0.022043
-0.022101
-0.022160
-0.022218
-0.022276
-0.022333
-0.022391
-0.022449
-0.022506
-0.022563
-0.022620
-0.022677
-0.022734
-0.022790
-0.022847
-0.022903
-0.022959
-0.023015
-0.023070
-0.023126
-0.023182
-0.023237
-0.023292
-0.023347
-0.023402
-0.023457
-0.023511
-0.023566
-0.023620
-0.023674
-0.023728
-0.023782
-0.023835
-0.023889
-0.023942
-0.023995
-0.024048
-0.024101
-0.024154
-0.024207
-0.024259
-0.024312
-0.024364
-0.024416
-0.024468
-0.024520
-0.024571
-0.024623
-0.024674
-0.024726
-0.024777
-0.024828
-0.024879
-0.024929
-0.024980
-0.025030
-0.025081
-0.025131
-0.025181
-0.025231
-0.025280
-0.025330
-0.025380
-0.025429
-0.025478
-0.025527
-0.025576
-0.025625
-0.025674
-0.025722
-0.025771
-0.025819
-0.025867
-0.025915
-0.025963
-0.026011
-0.026059
-0.026106
-0.026154
-0.026201
-0.026248
-0.026295
-0.026342
-0.026389
-0.026436
-0.026482
-0.026529
-0.026575
-0.026621
-0.026667
-0.026713
-0.026759
-0.026805
-0.026851
-0.026896
-0.026941
-0.026987
-0.027032
-0.027077
-0.027122
-0.027166
-0.027211
-0.027256
-0.027300
-0.027344
-0.027389
-0.027433
-0.027477
-0.027520
-0.027564
-0.027608
-0.027651
-0.027695
-0.027738
-0.027781
-0.027824
-0.027867
-0.027910
-0.027953
-0.027995
-0.028038
-0.028080
-0.028123
-0.028165
-0.028207
-0.028249
-0.028291
-0.028332
-0.028374
-0.028416
-0.028457
-0.028498
-0.028540
-0.028581
-0.028622
-0.028663
-0.028703
-0.028744
-0.028785
-0.028825
-0.028865
-0.028906
-0.028946
-0.028986
-0.029026
-0.029066
-0.029106
-0.029145
-0.029185
-0.029224
-0.029264
-0.029303
-0.029342
-0.029381
-0.029420
-0.029459
-0.029498
-0.029536
-0.029575
-0.029613
-0.029652
-0.029690
-0.029728
-0.029766
-0.029804
-0.029842
-0.029880
-0.029918
-0.029955
-0.029993
-0.030030
-0.030067
-0.030105
-0.030142
-0.030179
-0.030216
-0.030253
-0.030289
-0.030326
-0.030363
-0.030399
-0.030435
-0.030472
-0.030508
-0.030544
-0.030580
-0.030616
-0.030652
-0.030688
-0.030723
-0.030759
-0.030794
-0.030830
-0.030865
-0.030900
-0.030935
-0.030970
-0.031005
-0.031040
-0.031075
-0.031110
-0.031144
-0.031179
-0.031213
-0.031248
-0.031282
-0.031316
-0.031350
-0.031384
-0.031418
-0.031452
-0.031486
-0.031519
-0.031553
-0.031586
-0.031620
-0.031653
-0.031686
-0.031720
-0.031753
-0.031786
-0.031819
-0.031851
-0.031884
-0.031917
-0.031949
-0.031982
-0.032014
-0.032047
-0.032079
-0.032111
-0.032143
-0.032175
-0.032207
-0.032239
-0.032271
-0.032303
-0.032334
-0.032366
-0.032397
-0.032429
-0.032460
-0.032491
-0.032523
-0.032554
-0.032585
-0.032616
-0.032647
-0.032677
-0.032708
-0.032739
-0.032769
-0.032800
-0.032830
-0.032861
-0.032891
-0.032921
-0.032951
-0.032981
-0.033011
-0.033041
-0.033071
-0.033101
-0.033130
-0.033160
-0.033190
-0.033219
-0.033248
-0.033278
-0.033307
-0.033336
-0.033365
-0.033394
-0.033423
-0.033452
-0.033481
-0.033510
-0.033538
-0.033567
-0.033596
-0.033624
-0.033653
-0.033681
-0.033709
-0.033737
-0.033765
-0.033794
-0.033822
-0.033849
-0.033877
-0.033905
-0.033933
-0.033961
-0.033988
-0.034016
-0.034043
-0.034071
-0.034098
-0.034125
-0.034152
-0.034179
-0.034207
-0.034234
-0.034260
-0.034287
-0.034314
-0.034341
-0.034368
-0.034394
-0.034421
-0.034447
-0.034474
-0.034500
-0.034526
-0.034553
-0.034579
-0.034605
-0.034631
-0.034657
-0.034683
-0.034709
-0.034734
-0.034760
-0.034786
-0.034812
-0.034837
-0.034863
-0.034888
-0.034913
-0.034939
-0.034964
-0.034989
-0.035014
-0.035039
-0.035064
-0.035089
-0.035114
-0.035139
-0.035164
-0.035188
-0.035213
-0.035238
-0.035262
-0.035287
-0.035311
-0.035336
-0.035360
-0.035384
-0.035408
-0.035432
-0.035457
-0.035481
-0.035505
-0.035528
-0.035552
-0.035576
-0.035600
-0.035624
-0.035647
-0.035671
-0.035694
-0.035718
-0.035741
-0.035764
-0.035788
-0.035811
-0.035834
-0.035857
-0.035880
-0.035903
-0.035926
-0.035949
-0.035972
-0.035995
-0.036018
-0.036040
-0.036063
-0.036086
-0.036108
-0.036131
-0.036153
-0.036176
-0.036198
-0.036220
-0.036242
-0.036265
-0.036287
-0.036309
-0.036331
-0.036353
-0.036375
-0.036397
-0.036418
-0.036440
-0.036462
-0.036484
-0.036505
-0.036527
-0.036548
-0.036570
-0.036591
-0.036613
-0.036634
-0.036655
-0.036676
-0.036698
-0.036719
-0.036740
-0.036761
-0.036782
-0.036803
-0.036824
-0.036845
-0.036865
-0.036886
-0.036907
-0.036927
-0.036948
-0.036969
-0.036989
-0.037010
-0.037030
-0.037050
-0.037071
-0.037091
-0.037111
-0.037131
-0.037151
-0.037172
-0.037192
-0.037212
-0.037232
-0.037251
-0.037271
-0.037291
-0.037311
-0.037331
-0.037350
-0.037370
-0.037390
-0.037409
-0.037429
-0.037448
-0.037468
-0.037487
-0.037506
-0.037525
-0.037545
-0.037564
-0.037583
-0.037602
-0.037621
-0.037640
-0.037659
-0.037678
-0.037697
-0.037716
-0.037735
-0.037754
-0.037772
-0.037791
-0.037810
-0.037828
-0.037847
-0.037865
-0.037884
-0.037902
-0.037921
-0.037939
-0.037957
-0.037976
-0.037994
-0.038012
-0.038030
-0.038048
-0.038066
-0.038084
-0.038102
-0.038120
-0.038138
-0.038156
-0.038174
-0.038192
-0.038210
-0.038227
-0.038245
-0.038263
-0.038280
-0.038298
-0.038315
-0.038333
-0.038350
-0.038368
-0.038385
-0.038402
-0.038420
-0.038437
-0.038454
-0.038471
-0.038488
-0.038506
-0.038523
-0.038540
-0.038557
-0.038574
-0.038591
-0.038607
-0.038624
-0.038641
-0.038658
-0.038675
-0.038691
-0.038708
-0.038725
-0.038741
-0.038758
-0.038774
-0.038791
-0.038807
-0.038824
-0.038840
-0.038856
-0.038873
-0.038889
-0.038905
-0.038921
-0.038938
-0.038954
-0.038970
-0.038986
-0.039002
-0.039018
-0.039034
-0.039050
-0.039066
-0.039082
-0.039097
-0.039113
-0.039129
-0.039145
-0.039160
-0.039176
-0.039192
-0.039207
-0.039223
-0.039238
-0.039254
-0.039269
-0.039285
-0.039300
-0.039315
-0.039331
-0.039346
-0.039361
-0.039377
-0.039392
-0.039407
-0.039422
-0.039437
-0.039452
-0.039467
-0.039482
-0.039497
-0.039512
-0.039527
-0.039542
-0.039557
-0.039572
-0.039587
-0.039601
-0.039616
-0.039631
-0.039645
-0.039660
-0.039675
-0.039689
-0.039704
-0.039718
-0.039733
-0.039747
-0.039762
-0.039776
-0.039790
-0.039805
-0.039819
-0.039833
-0.039848
-0.039862
-0.039876
-0.039890
-0.039904
-0.039918
-0.039933
-0.039947
-0.039961
-0.039975
-0.039989
-0.040002
-0.040016
-0.040030
-0.040044
-0.040058
-0.040072
-0.040085
-0.040099
-0.040113
-0.040127
-0.040140
-0.040154
-0.040167
-0.040181
-0.040195
-0.040208
-0.040222
-0.040235
-0.040248
-0.040262
-0.040275
-0.040289
-0.040302
-0.040315
-0.040329
-0.040342
-0.040355
-0.040368
-0.040381
-0.040394
-0.040408
-0.040421
-0.040434
-0.040447
-0.040460
-0.040473
-0.040486
-0.040499
-0.040512
-0.040524
-0.040537
-0.040550
-0.040563
-0.040576
-0.040588
-0.040601
-0.040614
-0.040627
-0.040639
-0.040652
-0.040665
-0.040677
-0.040690
-0.040702
-0.040715
-0.040727
-0.040740
-0.040752
-0.040764
-0.040777
-0.040789
-0.040802
-0.040814
-0.040826
-0.040838
-0.040851
-0.040863
-0.040875
-0.040887
-0.040899
-0.040912
-0.040924
-0.040936
-0.040948
-0.040960
-0.040972
-0.040984
-0.040996
-0.041008
-0.041020
-0.041031
-0.041043
-0.041055
-0.041067
-0.041079
-0.041091
-0.041102
-0.041114
-0.041126
-0.041138
-0.041149
-0.041161
-0.041172
-0.041184
-0.041196
-0.041207
-0.041219
-0.041230
-0.041242
-0.041253
-0.041265
-0.041276
-0.041288
-0.041299
-0.041310
-0.041322
-0.041333
-0.041344
-0.041356
-0.041367
-0.041378
-0.041389
-0.041400
-0.041412
-0.041423
-0.041434
-0.041445
-0.041456
-0.041467
-0.041478
-0.041489
-0.041500
-0.041511
-0.041522
-0.041533
-0.041544
-0.041555
-0.041566
-0.041577
-0.041588
-0.041598
-0.041609
-0.041620
-0.041631
-0.041642
-0.041652
-0.041663
-0.041674
-0.041684
-0.041695
-0.041706
-0.041716
-0.041727
-0.041737
-0.041748
-0.041759
-0.041769
-0.041780
-0.041790
-0.041801
-0.041811
-0.041821
-0.041832
-0.041842
-0.041853
-0.041863
-0.041873
-0.041884
-0.041894
-0.041904
-0.041914
-0.041925
-0.041935
-0.041945
-0.041955
-0.041965
-0.041976
-0.041986
-0.041996
-0.042006
-0.042016
-0.042026
-0.042036
-0.042046
-0.042056
-0.042066
-0.042076
-0.042086
-0.042096
-0.042106
-0.042116
-0.042126
-0.042136
-0.042146
-0.042155
-0.042165
-0.042175
-0.042185
-0.042195
-0.042204
-0.042214
-0.042224
-0.042233
-0.042243
-0.042253
-0.042262
-0.042272
-0.042282
-0.042291
-0.042301
-0.042310
-0.042320
-0.042330
-0.042339
-0.042349
-0.042358
-0.042368
-0.042377
-0.042386
-0.042396
-0.042405
-0.042415
-0.042424
-0.042433
-0.042443
-0.042452
-0.042461
-0.042471
-0.042480
-0.042489
-0.042498
-0.042508
-0.042517
-0.042526
-0.042535
-0.042545
-0.042554
-0.042563
-0.042572
-0.042581
-0.042590
-0.042599
-0.042608
-0.042617
-0.042626
-0.042635
-0.042644
-0.042653
-0.042662
-0.042671
-0.042680
-0.042689
-0.042698
-0.042707
-0.042716
-0.042725
-0.042734
-0.042743
-0.042751
-0.042760
-0.042769
-0.042778
-0.042787
-0.042795
-0.042804
-0.042813
-0.042822
-0.042830
-0.042839
-0.042848
-0.042856
-0.042865
-0.042874
-0.042882
-0.042891
-0.042899
-0.042908
-0.042917
-0.042925
-0.042934
-0.042942
-0.042951
-0.042959
-0.042968
-0.042976
-0.042985
-0.042993
-0.043002
-0.043010
-0.043018
-0.043027
-0.043035
-0.043043
-0.043052
-0.043060
-0.043068
-0.043077
-0.043085
-0.043093
-0.043102
-0.043110
-0.043118
-0.043126
-0.043135
-0.043143
-0.043151
-0.043159
-0.043167
-0.043176
-0.043184
-0.043192
-0.043200
-0.043208
-0.043216
-0.043224
-0.043232
-0.043240
-0.043248
-0.043257
-0.043265
-0.043273
-0.043281
-0.043289
-0.043297
-0.043304
-0.043312
-0.043320
-0.043328
-0.043336
-0.043344
-0.043352
-0.043360
-0.043368
-0.043376
-0.043383
-0.043391
-0.043399
-0.043407
-0.043415
-0.043423
-0.043430
-0.043438
-0.043446
-0.043454
-0.043461
-0.043469
-0.043477
-0.043484
-0.043492
-0.043500
-0.043507
-0.043515
-0.043523
-0.043530
-0.043538
-0.043546
-0.043553
-0.043561
-0.043568
-0.043576
-0.043583
-0.043591
-0.043598
-0.043606
-0.043613
-0.043621
-0.043628
-0.043636
-0.043643
-0.043651
-0.043658
-0.043666
-0.043673
-0.043681
-0.043688
-0.043695
-0.043703
-0.043710
-0.043717
-0.043725
-0.043732
-0.043739
-0.043747
-0.043754
-0.043761
-0.043769
-0.043776
-0.043783
-0.043790
-0.043798
-0.043805
-0.043812
-0.043819
-0.043826
-0.043834
-0.043841
-0.043848
-0.043855
-0.043862
-0.043869
-0.043877
-0.043884
-0.043891
-0.043898
-0.043905
-0.043912
-0.043919
-0.043926
-0.043933
-0.043940
-0.043947
-0.043954
-0.043961
-0.043968
-0.043975
-0.043982
-0.043989
-0.043996
-0.044003
-0.044010
-0.044017
-0.044024
-0.044031
-0.044038
-0.044045
-0.044052
-0.044059
-0.044065
-0.044072
-0.044079
-0.044086
-0.044093
-0.044100
-0.044106
-0.044113
-0.044120
-0.044127
-0.044134
-0.044140
-0.044147
-0.044154
-0.044161
-0.044167
-0.044174
-0.044181
-0.044188
-0.044194
-0.044201
-0.044208
-0.044214
-0.044221
-0.044228
-0.044234
-0.044241
-0.044247
-0.044254
-0.044261
-0.044267
-0.044274
-0.044280
-0.044287
-0.044294
-0.044300
-0.044307
-0.044313
-0.044320
-0.044326
-0.044333
-0.044339
-0.044346
-0.044352
-0.044359
-0.044365
-0.044372
-0.044378
-0.044385
-0.044391
-0.044398
-0.044404
-0.044410
-0.044417
-0.044423
-0.044430
-0.044436
-0.044442
-0.044449
-0.044455
-0.044461
-0.044468
-0.044474
-0.044480
-0.044487
-0.044493
-0.044499
-0.044506
-0.044512
-0.044518
-0.044525
-0.044531
-0.044537
-0.044543
-0.044550
-0.044556
-0.044562
-0.044568
-0.044574
-0.044581
-0.044587
-0.044593
-0.044599
-0.044605
-0.044611
-0.044618
-0.044624
-0.044630
-0.044636
-0.044642
-0.044648
-0.044654
-0.044661
-0.044667
-0.044673
-0.044679
-0.044685
-0.044691
-0.044697
-0.044703
-0.044709
-0.044715
-0.044721
-0.044727
-0.044733
-0.044739
-0.044745
-0.044751
-0.044757
-0.044763
-0.044769
-0.044775
-0.044781
-0.044787
-0.044793
-0.044799
-0.044805
-0.044811
-0.044817
-0.044823
-0.044828
-0.044834
-0.044840
-0.044846
-0.044852
-0.044858
-0.044864
-0.044870
-0.044875
-0.044881
-0.044887
-0.044893
-0.044899
-0.044904
-0.044910
-0.044916
-0.044922
-0.044928
-0.044933
-0.044939
-0.044945
-0.044951
-0.044956
-0.044962
-0.044968
-0.044974
-0.044979
-0.044985
-0.044991
-0.044997
-0.045002
-0.045008
-0.045014
-0.045019
-0.045025
-0.045031
-0.045036
-0.045042
-0.045048
-0.045053
-0.045059
-0.045064
-0.045070
-0.045076
-0.045081
-0.045087
-0.045092
-0.045098
-0.045104
-0.045109
-0.045115
-0.045120
-0.045126
-0.045131
-0.045137
-0.045143
-0.045148
-0.045154
-0.045159
-0.045165
-0.045170
-0.045176
-0.045181
-0.045187
-0.045192
-0.045198
-0.045203
-0.045209
-0.045214
-0.045219
-0.045225
-0.045230
-0.045236
-0.045241
-0.045247
-0.045252
-0.045257
-0.045263
-0.045268
-0.045274
-0.045279
-0.045284
-0.045290
-0.045295
-0.045300
-0.045306
-0.045311
-0.045317
-0.045322
-0.045327
-0.045333
-0.045338
-0.045343
-0.045348
-0.045354
-0.045359
-0.045364
-0.045370
-0.045375
-0.045380
-0.045385
-0.045391
-0.045396
-0.045401
-0.045407
-0.045412
-0.045417
-0.045422
-0.045427
-0.045433
-0.045438
-0.045443
-0.045448
-0.045454
-0.045459
-0.045464
-0.045469
-0.045474
-0.045479
-0.045485
-0.045490
-0.045495
-0.045500
-0.045505
-0.045510
-0.045515
-0.045521
-0.045526
-0.045531
-0.045536
-0.045541
-0.045546
-0.045551
-0.045556
-0.045561
-0.045566
-0.045572
-0.045577
-0.045582
-0.045587
-0.045592
-0.045597
-0.045602
-0.045607
-0.045612
-0.045617
-0.045622
-0.045627
-0.045632
-0.045637
-0.045642
-0.045647
-0.045652
-0.045657
-0.045662
-0.045667
-0.045672
-0.045677
-0.045682
-0.045687
-0.045692

