0.000000
0.000000
-0.000006
-0.000014
-0.000023
-0.000034
-0.000045
-0.000058
-0.000070
-0.000084
-0.000097
-0.000111
-0.000125
-0.000140
-0.000155
-0.000170
-0.000185
-0.000201
-0.000217
-0.000233
-0.000249
-0.000266
-0.000282
-0.000299
-0.000316
-0.000333
-0.000351
-0.000368
-0.000386
-0.000404
-0.000422
-0.000440
-0.000459
-0.000477
-0.000496
-0.000515
-0.000534
-0.000553
-0.000572
-0.000591
-0.000611
-0.000631
-0.000651
-0.000670
-0.000691
-0.000711
-0.000731
-0.000751
-0.000772
-0.000793
-0.000813
-0.000834
-0.000855
-0.000876
-0.000898
-0.000919
-0.000940
-0.000962
-0.000984
-0.001005
-0.001027
-0.001049
-0.001071
-0.001093
-0.001115
-0.001138
-0.001160
-0.001183
-0.001205
-0.001228
-0.001251
-0.001273
-0.001296
-0.001319
-0.001342
-0.001366
-0.001389
-0.001412
-0.001435
-0.001459
-0.001482
-0.001506
-0.001530
-0.001553
-0.001577
-0.001601
-0.001625
-0.001649
-0.001673
-0.001697
-0.001722
-0.001746
-0.001770
-0.001795
-0.001819
-0.001844
-0.001868
-0.001893
-0.001918
-0.001942
-0.001967
-0.001992
-0.002017
-0.002042
-0.002067
-0.002092
-0.002118
-0.002143
-0.002168
-0.002193
-0.002219
-0.002244
-0.002270
-0.002295
-0.002321
-0.002346
-0.002372
-0.002398
-0.002424
-0.002449
-0.002475
-0.002501
-0.002527
-0.002553
-0.002579
-0.002605
-0.002631
-0.002658
-0.002684
-0.002710
-0.002736
-0.002763
-0.002789
-0.002815
-0.002842
-0.002868
-0.002895
-0.002921
-0.002948
-0.002975
-0.003001
-0.003028
-0.003055
-0.003082
-0.003108
-0.003135
-0.003162
-0.003189
-0.003216
-0.003243
-0.003270
-0.003297
-0.003324
-0.003351
-0.003379
-0.003406
-0.003433
-0.003460
-0.003487
-0.003515
-0.003542
-0.003569
-0.003597
-0.003624
-0.003652
-0.003679
-0.003707
-0.003734
-0.003762
-0.003789
-0.003817
-0.003845
-0.003872
-0.003900
-0.003928
-0.003955
-0.003983
-0.004011
-0.004039
-0.004067
-0.004094
-0.004122
-0.004150
-0.004178
-0.004206
-0.004234
-0.004262
-0.004290
-0.004318
-0.004346
-0.004374
-0.004402
-0.004430
-0.004459
-0.004487
-0.004515
-0.004543
-0.004571
-0.004599
-0.004628
-0.004656
-0.004684
-0.004713
-0.004741
-0.004769
-0.004798
-0.004826
-0.004854
-0.004883
-0.004911
-0.004940
-0.004968
-0.004997
-0.005025
-0.005054
-0.005082
-0.005111
-0.005139
-0.005168
-0.005197
-0.005225
-0.005254
-0.005282
-0.005311
-0.005340
-0.005368
-0.005397
-0.005426
-0.005455
-0.005483
-0.005512
-0.005541
-0.005570
-0.005598
-0.005627
-0.005656
-0.005685
-0.005714
-0.005743
-0.005771
-0.005800
-0.005829
-0.005858
-0.005887
-0.005916
-0.005945
-0.005974
-0.006003
-0.006032
-0.006061
-0.006090
-0.006119
-0.006148
-0.006177
-0.006206
-0.006235
-0.006264
-0.006293
-0.006322
-0.006351
-0.006380
-0.006409
-0.006438
-0.006467
-0.006496
-0.006525
-0.006555
-0.006584
-0.006613
-0.006642
-0.006671
-0.006700
-0.006729
-0.006759
-0.006788
-0.006817
-0.006846
-0.006875
-0.006905
-0.006934
-0.006963
-0.006992
-0.007022
-0.007051
-0.007080
-0.007109
-0.007139
-0.007168
-0.007197
-0.007226
-0.007256
-0.007285
-0.007314
-0.007344
-0.007373
-0.007402
-0.007432
-0.007461
-0.007490
-0.007520
-0.007549
-0.007578
-0.007608
-0.007637
-0.007666
-0.007696
-0.007725
-0.007754
-0.007784
-0.007813
-0.007842
-0.007872
-0.007901
-0.007931
-0.007960
-0.007989
-0.008019
-0.008048
-0.008078
-0.008107
-0.008136
-0.008166
-0.008195
-0.008225
-0.008254
-0.008283
-0.008313
-0.008342
-0.008372
-0.008401
-0.008431
-0.008460
-0.008489
-0.008519
-0.008548
-0.008578
-0.008607
-0.008637
-0.008666
-0.008695
-0.008725
-0.008754
-0.008784
-0.008813
-0.008843
-0.008872
-0.008902
-0.008931
-0.008960
-0.008990
-0.009019
-0.009049
-0.009078
-0.009108
-0.009137
-0.009167
-0.009196
-0.009225
-0.009255
-0.009284
-0.009314
-0.009343
-0.009373
-0.009402
-0.009432
-0.009461
-0.009490
-0.009520
-0.009549
-0.009579
-0.009608
-0.009638
-0.009667
-0.009696
-0.009726
-0.009755
-0.009785
-0.009814
-0.009844
-0.009873
-0.009902
-0.009932
-0.009961
-0.009991
-0.010020
-0.010050
-0.010079
-0.010108
-0.010138
-0.010167
-0.010197
-0.010226
-0.010255
-0.010285
-0.010314
-0.010344
-0.010373
-0.010402
-0.010432
-0.010461
-0.010490
-0.010520
-0.010549
-0.010579
-0.010608
-0.010637
-0.010667
-0.010696
-0.010725
-0.010755
-0.010784
-0.010813
-0.010843
-0.010872
-0.010901
-0.010931
-0.010960
-0.010989
-0.011019
-0.011048
-0.011077
-0.011107
-0.011136
-0.011165
-0.011195
-0.011224
-0.011253
-0.011282
-0.011312
-0.011341
-0.011370
-0.011400
-0.011429
-0.011458
-0.011487
-0.011517
-0.011546
-0.011575
-0.011604
-0.011634
-0.011663
-0.011692
-0.011721
-0.011750
-0.011780
-0.011809
-0.011838
-0.011867
-0.011896
-0.011926
-0.011955
-0.011984
-0.012013
-0.012042
-0.012071
-0.012101
-0.012130
-0.012159
-0.012188
-0.012217
-0.012246
-0.012275
-0.012304
-0.012334
-0.012363
-0.012392
-0.012421
-0.012450
-0.012479
-0.012508
-0.012537
-0.012566
-0.012595
-0.012624
-0.012653
-0.012682
-0.012711
-0.012740
-0.012769
-0.012798
-0.012827
-0.012856
-0.012885
-0.012914
-0.012943
-0.012972
-0.013001
-0.013030
-0.013059
-0.013088
-0.013117
-0.013146
-0.013175
-0.013204
-0.013233
-0.013262
-0.013291
-0.013320
-0.013348
-0.013377
-0.013406
-0.013435
-0.013464
-0.013493
-0.013522
-0.013551
-0.013579
-0.013608
-0.013637
-0.013666
-0.013695
-0.013723
-0.013752
-0.013781
-0.013810
-0.013839
-0.013867
-0.013896
-0.013925
-0.013954
-0.013982
-0.014011
-0.014040
-0.014068
-0.014097
-0.014126
-0.014155
-0.014183
-0.014212
-0.014241
-0.014269
-0.014298
-0.014326
-0.014355
-0.014384
-0.014412
-0.014441
-0.014470
-0.014498
-0.014527
-0.014555
-0.014584
-0.014612
-0.014641
-0.014670
-0.014698
-0.014727
-0.014755
-0.014784
-0.014812
-0.014841
-0.014869
-0.014898
-0.014926
-0.014955
-0.014983
-0.015011
-0.015040
-0.015068
-0.015097
-0.015125
-0.015154
-0.015182
-0.015210
-0.015239
-0.015267
-0.015295
-0.015324
-0.015352
-0.015380
-0.015409
-0.015437
-0.015465
-0.015494
-0.015522
-0.015550
-0.015579
-0.015607
-0.015635
-0.015663
-0.015692
-0.015720
-0.015748
-0.015776
-0.015804
-0.015833
-0.015861
-0.015889
-0.015917
-0.015945
-0.015974
-0.016002
-0.016030
-0.016058
-0.016086
-0.016114
-0.016142
-0.016170
-0.016198
-0.016226
-0.016255
-0.016283
-0.016311
-0.016339
-0.016367
-0.016395
-0.016423
-0.016451
-0.016479
-0.016507
-0.016535
-0.016563
-0.016590
-0.016618
-0.016646
-0.016674
-0.016702
-0.016730
-0.016758
-0.016786
-0.016814
-0.016842
-0.016869
-0.016897
-0.016925
-0.016953
-0.016981
-0.017009
-0.017036
-0.017064
-0.017092
-0.017120
-0.017147
-0.017175
-0.017203
-0.017231
-0.017258
-0.017286
-0.017314
-0.017341
-0.017369
-0.017397
-0.017424
-0.017452
-0.017480
-0.017507
-0.017535
-0.017563
-0.017590
-0.017618
-0.017645
-0.017673
-0.017700
-0.017728
-0.017756
-0.017783
-0.017811
-0.017838
-0.017866
-0.017893
-0.017921
-0.017948
-0.017975
-0.018003
-0.018030
-0.018058
-0.018085
-0.018113
-0.018140
-0.018167
-0.018195
-0.018222
-0.018249
-0.018277
-0.018304
-0.018331
-0.018359
-0.018386
-0.018413
-0.018441
-0.018468
-0.018495
-0.018522
-0.018550
-0.018577
-0.018604
-0.018631
-0.018658
-0.018686
-0.018713
-0.018740
-0.018767
-0.018794
-0.018821
-0.018849
-0.018876
-0.018903
-0.018930
-0.018957
-0.018984
-0.019011
-0.019038
-0.019065
-0.019092
-0.019119
-0.019146
-0.019173
-0.019200
-0.019227
-0.019254
-0.019281
-0.019308
-0.019335
-0.019362
-0.019389
-0.019416
-0.019443
-0.019469
-0.019496
-0.019523
-0.019550
-0.019577
-0.019604
-0.019631
-0.019657
-0.019684
-0.019711
-0.019738
-0.019764
-0.019791
-0.019818
-0.019845
-0.019871
-0.019898
-0.019925
-0.019951
-0.019978
-0.020005
-0.020031
-0.020058
-0.020085
-0.020111
-0.020138
-0.020165
-0.020191
-0.020218
-0.020244
-0.020271
-0.020297
-0.020324
-0.020350
-0.020377
-0.020403
-0.020430
-0.020456
-0.020483
-0.020509
-0.020536
-0.020562
-0.020589
-0.020615
-0.020641
-0.020668
-0.020694
-0.020721
-0.020747
-0.020773
-0.020800
-0.020826
-0.020852
-0.020879
-0.020905
-0.020931
-0.020957
-0.020984
-0.021010
-0.021036
-0.021062
-0.021089
-0.021115
-0.021141
-0.021167
-0.021193
-0.021219
-0.021246
-0.021272
-0.021298
-0.021324
-0.021350
-0.021376
-0.021402
-0.021428
-0.021454
-0.021480
-0.021506
-0.021532
-0.021558
-0.021584
-0.021610
-0.021636
-0.021662
-0.021688
-0.021714
-0.021740
-0.021766
-0.021792
-0.021818
-0.021844
-0.021870
-0.021895
-0.021921
-0.021947
-0.021973
-0.021999
-0.022025
-0.022050
-0.022076
-0.022102
-0.022128
-0.022153
-0.022179
-0.022205
-0.022231
-0.022256
-0.022282
-0.022308
-0.022333
-0.022359
-0.022385
-0.022410
-0.022436
-0.022462
-0.022487
-0.022513
-0.022538
-0.022564
-0.022589
-0.022615
-0.022641
-0.022666
-0.022692
-0.022717
-0.022743
-0.022768
-0.022794
-0.022819
-0.022844
-0.022870
-0.022895
-0.022921
-0.022946
-0.022971
-0.022997
-0.023022
-0.023048
-0.023073
-0.023098
-0.023124
-0.023149
-0.023174
-0.023199
-0.023225
-0.023250
-0.023275
-0.023300
-0.023326
-0.023351
-0.023376
-0.023401
-0.023426
-0.023452
-0.023477
-0.023502
-0.023527
-0.023552
-0.023577
-0.023602
-0.023627
-0.023653
-0.023678
-0.023703
-0.023728
-0.023753
-0.023778
-0.023803
-0.023828
-0.023853
-0.023878
-0.023903
-0.023928
-0.023953
-0.023977
-0.024002
-0.024027
-0.024052
-0.024077
-0.024102
-0.024127
-0.024152
-0.024176
-0.024201
-0.024226
-0.024251
-0.024276
-0.024300
-0.024325
-0.024350
-0.024375
-0.024399
-0.024424
-0.024449
-0.024474
-0.024498
-0.024523
-0.024548
-0.024572
-0.024597
-0.024622
-0.024646
-0.024671
-0.024695
-0.024720
-0.024745
-0.024769
-0.024794
-0.024818
-0.024843
-0.024867
-0.024892
-0.024916
-0.024941
-0.024965
-0.024990
-0.025014
-0.025038
-0.025063
-0.025087
-0.025112
-0.025136
-0.025160
-0.025185
-0.025209
-0.025233
-0.025258
-0.025282
-0.025306
-0.025331
-0.025355
-0.025379
-0.025404
-0.025428
-0.025452
-0.025476
-0.025500
-0.025525
-0.025549
-0.025573
-0.025597
-0.025621
-0.025645
-0.025670
-0.025694
-0.025718
-0.025742
-0.025766
-0.025790
-0.025814
-0.025838
-0.025862
-0.025886
-0.025910
-0.025934
-0.025958
-0.025982
-0.026006
-0.026030
-0.026054
-0.026078
-0.026102
-0.026126
-0.026150
-0.026174
-0.026198
-0.026221
-0.026245
-0.026269
-0.026293
-0.026317
-0.026341
-0.026364
-0.026388
-0.026412
-0.026436
-0.026460
-0.026483
-0.026507
-0.026531
-0.026554
-0.026578
-0.026602
-0.026625
-0.026649
-0.026673
-0.026696
-0.026720
-0.026744
-0.026767
-0.026791
-0.026814
-0.026838
-0.026862
-0.026885
-0.026909
-0.026932
-0.026956
-0.026979
-0.027003
-0.027026
-0.027050
-0.027073
-0.027096
-0.027120
-0.027143
-0.027167
-0.027190
-0.027214
-0.027237
-0.027260
-0.027284
-0.027307
-0.027330
-0.027354
-0.027377
-0.027400
-0.027423
-0.027447
-0.027470
-0.027493
-0.027516
-0.027540
-0.027563
-0.027586
-0.027609
-0.027632
-0.027656
-0.027679
-0.027702
-0.027725
-0.027748
-0.027771
-0.027794
-0.027818
-0.027841
-0.027864
-0.027887
-0.027910
-0.027933
-0.027956
-0.027979
-0.028002
-0.028025
-0.028048
-0.028071
-0.028094
-0.028117
-0.028140
-0.028162
-0.028185
-0.028208
-0.028231
-0.028254
-0.028277
-0.028300
-0.028323
-0.028345
-0.028368
-0.028391
-0.028414
-0.028437
-0.028459
-0.028482
-0.028505
-0.028528
-0.028550
-0.028573
-0.028596
-0.028618
-0.028641
-0.028664
-0.028686
-0.028709
-0.028732
-0.028754
-0.028777
-0.028799
-0.028822
-0.028845
-0.028867
-0.028890
-0.028912
-0.028935
-0.028957
-0.028980
-0.029002
-0.029025
-0.029047
-0.029070
-0.029092
-0.029115
-0.029137
-0.029160
-0.029182
-0.029204
-0.029227
-0.029249
-0.029271
-0.029294
-0.029316
-0.029338
-0.029361
-0.029383
-0.029405
-0.029428
-0.029450
-0.029472
-0.029494
-0.029517
-0.029539
-0.029561
-0.029583
-0.029606
-0.029628
-0.029650
-0.029672
-0.029694
-0.029716
-0.029738
-0.029761
-0.029783
-0.029805
-0.029827
-0.029849
-0.029871
-0.029893
-0.029915
-0.029937
-0.029959
-0.029981
-0.030003
-0.030025
-0.030047
-0.030069
-0.030091
-0.030113
-0.030135
-0.030157
-0.030179
-0.030200
-0.030222
-0.030244
-0.030266
-0.030288
-0.030310
-0.030332
-0.030353
-0.030375
-0.030397
-0.030419
-0.030441
-0.030462
-0.030484
-0.030506
-0.030528
-0.030549
-0.030571
-0.030593
-0.030614
-0.030636
-0.030658
-0.030679
-0.030701
-0.030723
-0.030744
-0.030766
-0.030787
-0.030809
-0.030830
-0.030852
-0.030874
-0.030895
-0.030917
-0.030938
-0.030960
-0.030981
-0.031003
-0.031024
-0.031046
-0.031067
-0.031088
-0.031110
-0.031131
-0.031153
-0.031174
-0.031195
-0.031217
-0.031238
-0.031260
-0.031281
-0.031302
-0.031324
-0.031345
-0.031366
-0.031387
-0.031409
-0.031430
-0.031451
-0.031472
-0.031494
-0.031515
-0.031536
-0.031557
-0.031578
-0.031600
-0.031621
-0.031642
-0.031663
-0.031684
-0.031705
-0.031726
-0.031748
-0.031769
-0.031790
-0.031811
-0.031832
-0.031853
-0.031874
-0.031895
-0.031916
-0.031937
-0.031958
-0.031979
-0.032000
-0.032021
-0.032042
-0.032063
-0.032084
-0.032104
-0.032125
-0.032146
-0.032167
-0.032188
-0.032209
-0.032230
-0.032251
-0.032271
-0.032292
-0.032313
-0.032334
-0.032355
-0.032375
-0.032396
-0.032417
-0.032438
-0.032458
-0.032479
-0.032500
-0.032520
-0.032541
-0.032562
-0.032582
-0.032603
-0.032624
-0.032644
-0.032665
-0.032686
-0.032706
-0.032727
-0.032747
-0.032768
-0.032788
-0.032809
-0.032830
-0.032850
-0.032871
-0.032891
-0.032912
-0.032932
-0.032953
-0.032973
-0.032993
-0.033014
-0.033034
-0.033055
-0.033075
-0.033095
-0.033116
-0.033136
-0.033157
-0.033177
-0.033197
-0.033218
-0.033238
-0.033258
-0.033279
-0.033299
-0.033319
-0.033339
-0.033360
-0.033380
-0.033400
-0.033420
-0.033441
-0.033461
-0.033481
-0.033501
-0.033521
-0.033541
-0.033562
-0.033582
-0.033602
-0.033622
-0.033642
-0.033662
-0.033682
-0.033702
-0.033722
-0.033742
-0.033762
-0.033783
-0.033803
-0.033823
-0.033843
-0.033863
-0.033883
-0.033902
-0.033922
-0.033942
-0.033962
-0.033982
-0.034002
-0.034022
-0.034042
-0.034062
-0.034082
-0.034102
-0.034121
-0.034141
-0.034161
-0.034181
-0.034201
-0.034221
-0.034240
-0.034260
-0.034280
-0.034300
-0.034319
-0.034339
-0.034359
-0.034379
-0.034398
-0.034418
-0.034438
-0.034457
-0.034477
-0.034497
-0.034516
-0.034536
-0.034556
-0.034575
-0.034595
-0.034614
-0.034634
-0.034654
-0.034673
-0.034693
-0.034712
-0.034732
-0.034751
-0.034771
-0.034790
-0.034810
-0.034829
-0.034849
-0.034868
-0.034888
-0.034907
-0.034926
-0.034946
-0.034965
-0.034985
-0.035004
-0.035023
-0.035043
-0.035062
-0.035081
-0.035101
-0.035120
-0.035139
-0.035159
-0.035178
-0.035197
-0.035217
-0.035236
-0.035255
-0.035274
-0.035294
-0.035313
-0.035332
-0.035351
-0.035370
-0.035390
-0.035409
-0.035428
-0.035447
-0.035466
-0.035485
-0.035504
-0.035523
-0.035543
-0.035562
-0.035581
-0.035600
-0.035619
-0.035638
-0.035657
-0.035676
-0.035695
-0.035714
-0.035733
-0.035752
-0.035771
-0.035790
-0.035809
-0.035828
-0.035847
-0.035866
-0.035885
-0.035903
-0.035922
-0.035941
-0.035960
-0.035979
-0.035998
-0.036017
-0.036035
-0.036054
-0.036073
-0.036092
-0.036111
-0.036130
-0.036148
-0.036167
-0.036186
-0.036205
-0.036223
-0.036242
-0.036261
-0.036279
-0.036298
-0.036317
-0.036335
-0.036354
-0.036373
-0.036391
-0.036410
-0.036429
-0.036447
-0.036466
-0.036484
-0.036503
-0.036522
-0.036540
-0.036559
-0.036577
-0.036596
-0.036614
-0.036633
-0.036651
-0.036670
-0.036688
-0.036707
-0.036725
-0.036744
-0.036762
-0.036781
-0.036799
-0.036817
-0.036836
-0.036854
-0.036873
-0.036891
-0.036909
-0.036928
-0.036946
-0.036964
-0.036983
-0.037001
-0.037019
-0.037037
-0.037056
-0.037074
-0.037092
-0.037111
-0.037129
-0.037147
-0.037165
-0.037183
-0.037202
-0.037220
-0.037238
-0.037256
-0.037274
-0.037293
-0.037311
-0.037329
-0.037347
-0.037365
-0.037383
-0.037401
-0.037419
-0.037437
-0.037455
-0.037474
-0.037492
-0.037510
-0.037528
-0.037546
-0.037564
-0.037582
-0.037600
-0.037618
-0.037636
-0.037654
-0.037671
-0.037689
-0.037707
-0.037725
-0.037743
-0.037761
-0.037779
-0.037797
-0.037815
-0.037833
-0.037850
-0.037868
-0.037886
-0.037904
-0.037922
-0.037939
-0.037957
-0.037975
-0.037993
-0.038011
-0.038028
-0.038046
-0.038064
-0.038082
-0.038099
-0.038117
-0.038135
-0.038152
-0.038170
-0.038188
-0.038205
-0.038223
-0.038241
-0.038258
-0.038276
-0.038293
-0.038311
-0.038329
-0.038346
-0.038364
-0.038381
-0.038399
-0.038416
-0.038434
-0.038452
-0.038469
-0.038487
-0.038504
-0.038521
-0.038539
-0.038556
-0.038574
-0.038591
-0.038609
-0.038626
-0.038644
-0.038661
-0.038678
-0.038696
-0.038713
-0.038731
-0.038748
-0.038765
-0.038783
-0.038800
-0.038817
-0.038835
-0.038852
-0.038869
-0.038886
-0.038904
-0.038921
-0.038938
-0.038955
-0.038973
-0.038990
-0.039007
-0.039024
-0.039042
-0.039059
-0.039076
-0.039093
-0.039110
-0.039127
-0.039145
-0.039162
-0.039179
-0.039196
-0.039213
-0.039230
-0.039247
-0.039264
-0.039281
-0.039298
-0.039315
-0.039332
-0.039349
-0.039367
-0.039384
-0.039401
-0.039418
-0.039434
-0.039451
-0.039468
-0.039485
-0.039502
-0.039519
-0.039536
-0.039553
-0.039570
-0.039587
-0.039604
-0.039621
-0.039638
-0.039654
-0.039671
-0.039688
-0.039705
-0.039722
-0.039739
-0.039755
-0.039772
-0.039789
-0.039806
-0.039822
-0.039839
-0.039856
-0.039873
-0.039889
-0.039906
-0.039923
-0.039940
-0.039956
-0.039973
-0.039990
-0.040006
-0.040023
-0.040040
-0.040056
-0.040073
-0.040089
-0.040106
-0.040123
-0.040139
-0.040156
-0.040172
-0.040189
-0.040206
-0.040222
-0.040239
-0.040255
-0.040272
-0.040288
-0.040305
-0.040321
-0.040338
-0.040354
-0.040371
-0.040387
-0.040403
-0.040420
-0.040436
-0.040453
-0.040469
-0.040486
-0.040502
-0.040518
-0.040535
-0.040551
-0.040567
-0.040584
-0.040600
-0.040616
-0.040633
-0.040649
-0.040665
-0.040682
-0.040698
-0.040714
-0.040730
-0.040747
-0.040763
-0.040779
-0.040795
-0.040812
-0.040828
-0.040844
-0.040860
-0.040876
-0.040893
-0.040909
-0.040925
-0.040941
-0.040957
-0.040973
-0.040989
-0.041006
-0.041022
-0.041038
-0.041054
-0.041070
-0.041086
-0.041102
-0.041118
-0.041134
-0.041150
-0.041166
-0.041182
-0.041198
-0.041214
-0.041230
-0.041246
-0.041262
-0.041278
-0.041294
-0.041310
-0.041326
-0.041342
-0.041358
-0.041374
-0.041390
-0.041405
-0.041421
-0.041437
-0.041453
-0.041469
-0.041485
-0.041501
-0.041516
-0.041532
-0.041548
-0.041564
-0.041580
-0.041595
-0.041611
-0.041627
-0.041643
-0.041658
-0.041674
-0.041690
-0.041706
-0.041721
-0.041737
-0.041753
-0.041768
-0.041784
-0.041800
-0.041815
-0.041831
-0.041847
-0.041862
-0.041878
-0.041894
-0.041909
-0.041925
-0.041940
-0.041956
-0.041971
-0.041987
-0.042003
-0.042018
-0.042034
-0.042049
-0.042065
-0.042080
-0.042096
-0.042111
-0.042127
-0.042142
-0.042158
-0.042173
-0.042188
-0.042204
-0.042219
-0.042235
-0.042250
-0.042266
-0.042281
-0.042296
-0.042312
-0.042327
-0.042342
-0.042358
-0.042373
-0.042389
-0.042404
-0.042419
-0.042434
-0.042450
-0.042465
-0.042480
-0.042496
-0.042511
-0.042526
-0.042541
-0.042557
-0.042572
-0.042587
-0.042602
-0.042618
-0.042633
-0.042648
-0.042663
-0.042678
-0.042693
-0.042709
-0.042724
-0.042739
-0.042754
-0.042769
-0.042784
-0.042799
-0.042814
-0.042829
-0.042845
-0.042860
-0.042875
-0.042890
-0.042905
-0.042920
-0.042935
-0.042950
-0.042965
-0.042980
-0.042995
-0.043010
-0.043025
-0.043040
-0.043055
-0.043070
-0.043085
-0.043100
-0.043115
-0.043129
-0.043144
-0.043159
-0.043174
-0.043189
-0.043204
-0.043219
-0.043234
-0.043248
-0.043263
-0.043278
-0.043293
-0.043308
-0.043323
-0.043337
-0.043352
-0.043367
-0.043382
-0.043396
-0.043411
-0.043426
-0.043441
-0.043455
-0.043470
-0.043485
-0.043500
-0.043514
-0.043529
-0.043544
-0.043558
-0.043573
-0.043588
-0.043602
-0.043617
-0.043632
-0.043646
-0.043661
-0.043675
-0.043690
-0.043705
-0.043719
-0.043734
-0.043748
-0.043763
-0.043777
-0.043792
-0.043807
-0.043821
-0.043836
-0.043850
-0.043865
-0.043879
-0.043894
-0.043908
-0.043923
-0.043937
-0.043951
-0.043966
-0.043980
-0.043995
-0.044009
-0.044024
-0.044038
-0.044052
-0.044067
-0.044081
-0.044095
-0.044110
-0.044124
-0.044139
-0.044153
-0.044167
-0.044182
-0.044196
-0.044210
-0.044224
-0.044239
-0.044253
-0.044267
-0.044282
-0.044296
-0.044310
-0.044324
-0.044338
-0.044353
-0.044367
-0.044381
-0.044395
-0.044409
-0.044424
-0.044438
-0.044452
-0.044466
-0.044480
-0.044494
-0.044509
-0.044523
-0.044537
-0.044551
-0.044565
-0.044579
-0.044593
-0.044607
-0.044621
-0.044635
-0.044649
-0.044664
-0.044678
-0.044692
-0.044706
-0.044720
-0.044734
-0.044748
-0.044762
-0.044776
-0.044790
-0.044804
-0.044817
-0.044831
-0.044845
-0.044859
-0.044873
-0.044887
-0.044901
-0.044915
-0.044929
-0.044943
-0.044957
-0.044970
-0.044984
-0.044998
-0.045012
-0.045026
-0.045040
-0.045053
-0.045067
-0.045081
-0.044787
-0.043598
-0.040835
-0.036096
-0.029308
-0.020625
-0.010306
0.001354
0.014067
0.027572
0.041638
0.056063
0.070680
0.085348
0.099953
0.114403
0.128627
0.142568
0.156182
0.169439
0.182316
0.194797
0.206874
0.218542
0.229802
0.240655
0.251108
0.261167
0.270842
0.280140
0.289073
0.297652
0.305888
0.313792
0.321375
0.328649
0.335624
0.342312
0.348722
0.354866
0.360754
0.366394
0.371796
0.376970
0.381923
0.386664
0.391202
0.395543
0.399695
0.403664
0.407459
0.411084
0.414547
0.417853
0.421008
0.424016
0.426885
0.429617
0.432219
0.434694
0.437048
0.439284
0.441406
0.443419
0.445325
0.447130
0.448835
0.450444
0.451961
0.453389
0.454730
0.455988
0.457165
0.458264
0.459287
0.460236
0.461115
0.461926
0.462670
0.463350
0.463968
0.464525
0.465025
0.465468
0.465856
0.466192
0.466476
0.466711
0.466898
0.467038
0.467134
0.467186
0.467195
0.467164
0.467093
0.466984
0.466838
0.466656
0.466439
0.466188
0.466219
0.467131
0.469620
0.474113
0.480707
0.489274
0.499572
0.511319
0.524232
0.538051
0.552538
0.567482
0.582700
0.598038
0.613366
0.628581
0.643599
0.658353
0.672792
0.686878
0.700582
0.713883
0.726770
0.739233
0.751270
0.762882
0.774073
0.784847
0.795213
0.805180
0.814757
0.823955
0.832785
0.841258
0.849385
0.857179
0.864650
0.871810
0.878670
0.885239
0.891529
0.897550
0.903311
0.908822
0.914092
0.919130
0.923944
0.928542
0.932932
0.937121
0.941117
0.944926
0.948555
0.952011
0.955298
0.958424
0.961393
0.964211
0.966883
0.969414
0.971808
0.974071
0.976206
0.978218
0.980111
0.981888
0.983554
0.985111
0.986564
0.987915
0.989168
0.990326
0.991392
0.992368
0.993258
0.994064
0.994788
0.995434
0.996003
0.996499
0.996922
0.997275
0.997561
0.997781
0.997938
0.998032
0.998067
0.998043
0.997963
0.997828
0.997640
0.997400
0.997110
0.996772
0.996386
0.995954
0.995477
0.994957
0.994396
0.993793
0.993151
0.992470
0.991752
0.990997
0.990207
0.989383
0.988526
0.987636
0.986715
0.985763
0.984782
0.983772
0.982733
0.981668
0.980576
0.979459
0.978317
0.977150
0.975960
0.974748
0.973513
0.972256
0.970979
0.969681
0.968363
0.967027
0.965671
0.964298
0.962907
0.961499
0.960074
0.958634
0.957177
0.955706
0.954219
0.952719
0.951204
0.949676
0.948135
0.946582
0.945015
0.943437
0.941848
0.940247
0.938635
0.937012
0.935380
0.933737
0.932084
0.930422
0.928752
0.927072
0.925383
0.923687
0.921982
0.920270
0.918550
0.916822
0.915088
0.913347
0.911599
0.909844
0.908084
0.906317
0.904545
0.902767
0.900983
0.899195
0.897401
0.895602
0.893799
0.891991
0.890178
0.888362
0.886541
0.884716
0.882888
0.881055
0.879220
0.877380
0.875538
0.873693
0.871844
0.869993
0.868138
0.866282
0.864422
0.862560
0.860696
0.858830
0.856962
0.855091
0.853219
0.851345
0.849469
0.847591
0.845712
0.843831
0.841949
0.840066
0.838182
0.836296
0.834409
0.832522
0.830633
0.828744
0.826854
0.824963
0.823072
0.821180
0.819287
0.817394
0.815501
0.813607
0.811713
0.809819
0.807925
0.806031
0.804137
0.802243
0.800348
0.798454
0.796561
0.794667
0.792774
0.790881
0.788988
0.787096
0.785204
0.783313
0.781422
0.779532
0.777643
0.775754
0.773866
0.771978
0.770092
0.768206
0.766321
0.764437
0.762554
0.760671
0.758790
0.756910
0.755031
0.753153
0.751276
0.749400
0.747526
0.745652
0.743780
0.741909
0.740039
0.738171
0.736304
0.734438
0.732574
0.730711
0.728850
0.726990
0.725131
0.723275
0.721419
0.719565
0.717713
0.715862
0.714013
0.712166
0.710320
0.708476
0.706634
0.704793
0.702954
0.701117
0.699282
0.697448
0.695617
0.693787
0.691959
0.690133
0.688308
0.686486
0.684666
0.682847
0.681031
0.679216
0.677403
0.675593
0.673784
0.671978
0.670173
0.668370
0.666570
0.664772
0.662975
0.661181
0.659389
0.657599
0.655812
0.654026
0.652243
0.650461
0.648682
0.646905
0.645131
0.643358
0.641588
0.639820
0.638055
0.636291
0.634530
0.632771
0.631015
0.629261
0.627509
0.625759
0.624012
0.622267
0.620525
0.618784
0.617047
0.615311
0.613578
0.611848
0.610120
0.608394
0.606671
0.604950
0.603232
0.601516
0.599802
0.598091
0.596383
0.594677
0.592973
0.591272
0.589574
0.587878
0.586184
0.584494
0.582805
0.581119
0.579436
0.577755
0.576077
0.574401
0.572728
0.571058
0.569390
0.567725
0.566062
0.564402
0.562744
0.561089
0.559437
0.557787
0.556140
0.554496
0.552854
0.551215
0.549579
0.547945
0.546314
0.544685
0.543059
0.541436
0.539816
0.538198
0.536583
0.534970
0.533360
0.531753
0.530149
0.528547
0.526948
0.525352
0.523758
0.522167
0.520579
0.518994
0.517411
0.515831
0.514254
0.512679
0.511108
0.509539
0.507972
0.506409
0.504848
0.503290
0.501735
0.500182
0.498633
0.497086
0.495541
0.494000
0.492461
0.490925
0.489392
0.487862
0.486334
0.484810
0.483288
0.481768
0.480252
0.478738
0.477228
0.475719
0.474214
0.472712
0.471212
0.469715
0.468221
0.466730
0.465241
0.463756
0.462273
0.460793
0.459315
0.457841
0.456369
0.454900
0.453434
0.451971
0.450511
0.449053
0.447598
0.446146
0.444697
0.443251
0.441807
0.440366
0.438928
0.437493
0.436061
0.434631
0.433205
0.431781
0.430360
0.428942
0.427526
0.426114
0.424704
0.423297
0.421893
0.420492
0.419093
0.417697
0.416304
0.414914
0.413527
0.412143
0.410761
0.409382
0.408006
0.406633
0.405263
0.403895
0.402530
0.401169
0.399809
0.398453
0.397100
0.395749
0.394401
0.393056
0.391714
0.390374
0.389038
0.387704
0.386373
0.385044
0.383719
0.382396
0.381077
0.379759
0.378445
0.377134
0.375825
0.374519
0.373216
0.371916
0.370618
0.369324
0.368032
0.366743
0.365456
0.364173
0.362892
0.361614
0.360338
0.359066
0.357796
0.356529
0.355265
0.354004
0.352745
0.351489
0.350236
0.348986
0.347738
0.346493
0.345251
0.344012
0.342775
0.341542
0.340310
0.339082
0.337857
0.336634
0.335414
0.334196
0.332981
0.331770
0.330560
0.329354
0.328150
0.326949
0.325751
0.324555
0.323362
0.322172
0.320985
0.319800
0.318618
0.317439
0.316262
0.315088
0.313917
0.312748
0.311582
0.310419
0.309259
0.308101
0.306946
0.305794
0.304644
0.303497
0.302352
0.301210
0.300071
0.298935
0.297801
0.296670
0.295542
0.294416
0.293293
0.292172
0.291054
0.289939
0.288826
0.287716
0.286609
0.285504
0.284402
0.283303
0.282206
0.281112
0.280020
0.278931
0.277845
0.276761
0.275680
0.274601
0.273525
0.272452
0.271381
0.270313
0.269247
0.268184
0.267123
0.266065
0.265010
0.263957
0.262907
0.261859
0.260814
0.259772
0.258732
0.257694
0.256659
0.255627
0.254597
0.253570
0.252545
0.251523
0.250503
0.249486
0.248471
0.247459
0.246449
0.245442
0.244437
0.243435
0.242435
0.241438
0.240444
0.239451
0.238462
0.237474
0.236490
0.235507
0.234527
0.233550
0.232575
0.231603
0.230633
0.229665
0.228700
0.227737
0.226777
0.225819
0.224864
0.223911
0.222960
0.222012
0.221066
0.220123
0.219182
0.218244
0.217308
0.216374
0.215443
0.214514
0.213587
0.212663
0.211742
0.210822
0.209905
0.208991
0.208078
0.207168
0.206261
0.205356
0.204453
0.203552
0.202654
0.201758
0.200865
0.199974
0.199085
0.198198
0.197314
0.196432
0.195553
0.194676
0.193801
0.192928
0.192058
0.191190
0.190324
0.189460
0.188599
0.187740
0.186883
0.186029
0.185177
0.184327
0.183479
0.182634
0.181791
0.180950
0.180111
0.179275
0.178441
0.177609
0.176779
0.175952
0.175126
0.174303
0.173482
0.172664
0.171847
0.171033
0.170221
0.169411
0.168603
0.167798
0.166995
0.166194
0.165395
0.164598
0.163803
0.163011
0.162220
0.161432
0.160646
0.159862
0.159080
0.158301
0.157523
0.156748
0.155975
0.155203
0.154434
0.153667
0.152903
0.152140
0.151379
0.150621
0.149864
0.149110
0.148358
0.147608
0.146860
0.146114
0.145370
0.144628
0.143888
0.143150
0.142414
0.141681
0.140949
0.140219
0.139492
0.138766
0.138043
0.137321
0.136602
0.135884
0.135169
0.134455
0.133744
0.133035
0.132327
0.131622
0.130918
0.130217
0.129517
0.128820
0.128124
0.127431
0.126739
0.126049
0.125361
0.124676
0.123992
0.123310
0.122630
0.121952
0.121276
0.120602
0.119930
0.119259
0.118591
0.117924
0.117260
0.116597
0.115936
0.115277
0.114620
0.113965
0.113312
0.112661
0.112011
0.111364
0.110718
0.110074
0.109432
0.108792
0.108154
0.107517
0.106883
0.106250
0.105619
0.104990
0.104363
0.103737
0.103113
0.102492
0.101872
0.101253
0.100637
0.100022
0.099410
0.098799
0.098189
0.097582
0.096976
0.096373
0.095770
0.095170
0.094572
0.093975
0.093380
0.092786
0.092195
0.091605
0.091017
0.090431
0.089846
0.089263
0.088682
0.088103
0.087525
0.086949
0.086375
0.085802
0.085232
0.084662
0.084095
0.083529
0.082965
0.082403
0.081842
0.081283
0.080726
0.080170
0.079616
0.079064
0.078513
0.077964
0.077417
0.076871
0.076327
0.075784
0.075243
0.074704
0.074167
0.073631
0.073096
0.072564
0.072033
0.071503
0.070975
0.070449
0.069924
0.069401
0.068880
0.068360
0.067842
0.067325
0.066810
0.066296
0.065784
0.065274
0.064765
0.064257
0.063752
0.063247
0.062745
0.062243
0.061744
0.061246
0.060749
0.060254
0.059761
0.059269
0.058778
0.058289
0.057802
0.057316
0.056832
0.056349
0.055867
0.055387
0.054909
0.054432
0.053957
0.053483
0.053010
0.052539
0.052070
0.051601
0.051135
0.050670
0.050206
0.049744
0.049283
0.048823
0.048365
0.047909
0.047454
0.047000
0.046548
0.046097
0.045648
0.045200
0.044753
0.044308
0.043864
0.043422
0.042981
0.042541
0.042103
0.041666
0.041231
0.040797
0.040364
0.039933
0.039503
0.039075
0.038647
0.038222
0.037797
0.037374
0.036952
0.036532
0.036113
0.035695
0.035279
0.034864
0.034450
0.034038
0.033627
0.033217
0.032808
0.032401
0.031996
0.031591
0.031188
0.030786
0.030385
0.029986
0.029588
0.029191
0.028796
0.028402
0.028009
0.027617
0.027227
0.026838
0.026450
0.026064
0.025678
0.025294
0.024912
0.024530
0.024150
0.023771
0.023393
0.023016
0.022641
0.022267
0.021894
0.021522
0.021152
0.020783
0.020415
0.020048
0.019683
0.019318
0.018955
0.018593
0.018232
0.017873
0.017514
0.017157
0.016801
0.016446
0.016093
0.015740
0.015389
0.015039
0.014690
0.014342
0.013995
0.013650
0.013305
0.012962
0.012620
0.012279
0.011940
0.011601
0.011263
0.010927
0.010592
0.010258
0.009925
0.009593
0.009262
0.008933
0.008604
0.008277
0.007950
0.007625
0.007301
0.006978
0.006656
0.006335
0.006016
0.005697
0.005379
0.005063
0.004748
0.004433
0.004120
0.003808
0.003497
0.003187
0.002878
0.002570
0.002263
0.001957
0.001652
0.001349
0.001046
0.000744
0.000444
0.000144
-0.000154
-0.000452
-0.000748
-0.001044
-0.001338
-0.001632
-0.001924
-0.002216
-0.002506
-0.002795
-0.003084
-0.003371
-0.003657
-0.003943
-0.004227
-0.004511
-0.004793
-0.005074
-0.005355
-0.005634
-0.005913
-0.006190
-0.006467
-0.006742
-0.007017
-0.007290
-0.007563
-0.007835
-0.008105
-0.008375
-0.008644
-0.008912
-0.009179
-0.009445
-0.009710
-0.009974
-0.010237
-0.010499
-0.010760
-0.011021
-0.011280
-0.011539
-0.011796
-0.012053
-0.012308
-0.012563
-0.012817
-0.013070
-0.013322
-0.013573
-0.013824
-0.014073
-0.014322
-0.014569
-0.014816
-0.015062
-0.015307
-0.015551
-0.015794
-0.016036
-0.016277
-0.016518
-0.016757
-0.016996
-0.017234
-0.017471
-0.017707
-0.017943
-0.018177
-0.018411
-0.018643
-0.018875
-0.019106
-0.019336
-0.019566
-0.019794
-0.020022
-0.020249
-0.020474
-0.020700
-0.020924
-0.021147
-0.021370
-0.021592
-0.021813
-0.022033
-0.022252
-0.022471
-0.022689
-0.022905
-0.023122
-0.023337
-0.023551
-0.023765
-0.023978
-0.024190
-0.024401
-0.024612
-0.024821
-0.025030
-0.025238
-0.025446
-0.025652
-0.025858
-0.026063
-0.026267
-0.026471
-0.026673
-0.026875
-0.027076
-0.027276
-0.027476
-0.027675
-0.027873
-0.028070
-0.028267
-0.028463
-0.028658
-0.028852
-0.029045
-0.029238
-0.029430
-0.029622
-0.029812
-0.030002
-0.030191
-0.030379
-0.030567
-0.030754
-0.030940
-0.031125
-0.031310
-0.031494
-0.031677
-0.031860
-0.032042
-0.032223
-0.032403
-0.032583
-0.032762
-0.032940
-0.033118
-0.033295
-0.033471
-0.033646
-0.033821
-0.033995
-0.034168
-0.034341
-0.034513
-0.034684
-0.034855
-0.035025
-0.035194
-0.035363
-0.035531
-0.035698
-0.035865
-0.036030
-0.036196
-0.036360
-0.036524
-0.036687
-0.036850
-0.037012
-0.037173
-0.037334
-0.037493
-0.037653
-0.037811
-0.037969
-0.038127
-0.038283
-0.038439
-0.038595
-0.038749
-0.038903
-0.039057
-0.039210
-0.039362
-0.039513
-0.039664
-0.039814
-0.039964
-0.040113
-0.040262
-0.040409
-0.040556
-0.040703
-0.040849
-0.040994
-0.041139
-0.041283
-0.041426
-0.041569
-0.041712
-0.041853
-0.041994
-0.042135
-0.042274
-0.042414
-0.042552
-0.042690
-0.042828
-0.042965
-0.043101
-0.043237
-0.043372
-0.043506
-0.043640
-0.043773
-0.043906
-0.044038
-0.044170
-0.044301
-0.044431
-0.044561
-0.044691
-0.044819
-0.044947
-0.045075
-0.045202
-0.045328
-0.045454
-0.045580
-0.045704
-0.045829
-0.045952
-0.046075
-0.046198
-0.046320
-0.046441
-0.046562
-0.046683
-0.046802
-0.046922
-0.047040
-0.047159
-0.047276
-0.047393
-0.047510
-0.047626
-0.047742
-0.047856
-0.047971
-0.048085
-0.048198
-0.048311
-0.048423
-0.048535
-0.048646
-0.048757
-0.048868
-0.048977
-0.049086
-0.049195
-0.049303
-0.049411
-0.049518
-0.049625
-0.049731
-0.049837
-0.049942
-0.050046
-0.050151
-0.050254
-0.050357
-0.050460
-0.050562
-0.050664
-0.050765
-0.050866
-0.050966
-0.051066
-0.051165
-0.051264
-0.051362
-0.051460
-0.051557
-0.051654
-0.051750
-0.051846
-0.051941
-0.052036
-0.052130
-0.052224
-0.052318
-0.052411
-0.052503
-0.052596
-0.052687
-0.052778
-0.052869
-0.052959
-0.053049
-0.053138
-0.053227
-0.053316
-0.053404
-0.053491
-0.053578
-0.053665
-0.053751
-0.053837
-0.053922
-0.054007
-0.054091
-0.054175
-0.054258
-0.054341
-0.054424
-0.054506
-0.054588
-0.054669
-0.054750
-0.054831
-0.054911
-0.054990
-0.055069
-0.055148
-0.055226
-0.055304
-0.055382
-0.055459
-0.055535
-0.055612
-0.055687
-0.055763
-0.055838
-0.055912
-0.055986
-0.056060
-0.056134
-0.056206
-0.056279
-0.056351
-0.056423
-0.056494
-0.056565
-0.056635
-0.056706
-0.056775
-0.056845
-0.056914
-0.056982
-0.057050
-0.057118
-0.057185
-0.057252
-0.057319
-0.057385
-0.057451
-0.057516
-0.057581
-0.057646
-0.057710
-0.057774
-0.057838
-0.057901
-0.057964
-0.058026
-0.058088
-0.058150
-0.058211
-0.058272
-0.058333
-0.058393
-0.058453
-0.058512
-0.058571
-0.058630
-0.058688
-0.058747
-0.058804
-0.058862
-0.058919
-0.058975
-0.059031
-0.059087
-0.059143
-0.059198
-0.059253
-0.059308
-0.059362
-0.059416
-0.059469
-0.059522
-0.059575
-0.059628
-0.059680
-0.059732
-0.059783
-0.059834
-0.059885
-0.059936
-0.059986
-0.060036
-0.060085
-0.060134
-0.060183
-0.060232
-0.060280
-0.060328
-0.060376
-0.060423
-0.060470
-0.060516
-0.060563
-0.060609
-0.060655
-0.060700
-0.060745
-0.060790
-0.060834
-0.060878
-0.060922
-0.060966
-0.061009
-0.061052
-0.061095
-0.061137
-0.061179
-0.061221
-0.061262
-0.061304
-0.061345
-0.061385
-0.061425
-0.061465
-0.061505
-0.061545
-0.061584
-0.061623
-0.061661
-0.061700
-0.061738
-0.061775
-0.061813
-0.061850
-0.061887
-0.061924
-0.061960
-0.061996
-0.062032
-0.062068
-0.062103
-0.062138
-0.062173
-0.062207
-0.062242
-0.062276
-0.062309
-0.062343
-0.062376
-0.062409
-0.062442
-0.062474
-0.062506
-0.062538
-0.062570
-0.062601
-0.062632
-0.062663
-0.062694
-0.062724
-0.062755
-0.062785
-0.062814
-0.062844
-0.062873
-0.062902
-0.062931
-0.062959
-0.062988
-0.063016
-0.063043
-0.063071
-0.063098
-0.063126
-0.063152
-0.063179
-0.063206
-0.063232
-0.063258
-0.063284
-0.063309
-0.063334
-0.063360
-0.063384
-0.063409
-0.063434
-0.063458
-0.063482
-0.063506
-0.063529
-0.063553
-0.063576
-0.063599
-0.063622
-0.063644
-0.063666
-0.063689
-0.063711
-0.063732
-0.063754
-0.063775
-0.063796
-0.063817
-0.063838
-0.063859
-0.063879
-0.063899
-0.063919
-0.063939
-0.063959
-0.063978
-0.063997
-0.064016
-0.064035
-0.064054
-0.064072
-0.064090
-0.064109
-0.064127
-0.064144
-0.064162
-0.064179
-0.064196
-0.064213
-0.064230
-0.064247
-0.064264
-0.064280
-0.064296
-0.064312
-0.064328
-0.064344
-0.064359
-0.064374
-0.064390
-0.064405
-0.064420
-0.064434
-0.064449
-0.064463
-0.064477
-0.064491
-0.064505
-0.064519
-0.064533
-0.064546
-0.064559
-0.064572
-0.064585
-0.064598
-0.064611
-0.064623
-0.064636
-0.064648
-0.064660
-0.064672
-0.064684
-0.064696
-0.064707
-0.064718
-0.064730
-0.064741
-0.064752
-0.064763
-0.064773
-0.064784
-0.064794
-0.064804
-0.064815
-0.064825
-0.064835
-0.064844
-0.064854
-0.064863
-0.064873
-0.064882
-0.064891
-0.064900
-0.064909
-0.064918
-0.064926
-0.064935
-0.064943
-0.064952
-0.064960
-0.064968
-0.064976
-0.064983
-0.064991
-0.064999
-0.065006
-0.065013
-0.065021
-0.065028
-0.065035
-0.065042
-0.065048
-0.065055
-0.065062
-0.065068
-0.065074
-0.065081
-0.065087
-0.065093
-0.065099
-0.065105
-0.065110
-0.065116
-0.065122
-0.065127
-0.065132
-0.065138
-0.065143
-0.065148
-0.065153
-0.065158
-0.065162
-0.065167
-0.065172
-0.065176
-0.065180
-0.065185
-0.065189
-0.065193
-0.065197
-0.065201
-0.065205
-0.065209
-0.065212
-0.065216
-0.065219
-0.065223
-0.065226
-0.065229
-0.065233
-0.065236
-0.065239
-0.065242
-0.065245
-0.065247
-0.065250
-0.065253
-0.065255
-0.065258
-0.065260
-0.065263
-0.065265
-0.065267
-0.065269
-0.065271
-0.065273
-0.065275
-0.065277
-0.065279
-0.065280
-0.065282
-0.065284
-0.065285
-0.065286
-0.065288
-0.065289
-0.065290
-0.065291
-0.065293
-0.065294
-0.065295
-0.065296
-0.065296
-0.065297
-0.065298
-0.065299
-0.065299
-0.065300
-0.065300
-0.065301
-0.065301
-0.065301
-0.065302
-0.065302
-0.065302
-0.065302
-0.065302
-0.065302
-0.065302
-0.065302
-0.065302
-0.065302
-0.065301
-0.065301
-0.065301
-0.065300
-0.065300
-0.065299
-0.065299
-0.065298
-0.065298
-0.065297
-0.065296
-0.065295
-0.065295
-0.065294
-0.065293
-0.065292
-0.065291
-0.065290
-0.065289
-0.065288
-0.065286
-0.065285
-0.065284
-0.065283
-0.065281
-0.065280
-0.065279
-0.065277
-0.065276
-0.065274
-0.065272
-0.065271
-0.065269
-0.065268
-0.065266
-0.065264
-0.065262
-0.065261
-0.065259
-0.065257
-0.065255
-0.065253
-0.065251
-0.065249
-0.065247
-0.065245
-0.065243
-0.065241
-0.065239
-0.065236
-0.065234
-0.065232
-0.065230
-0.065227
-0.065225
-0.065223
-0.065220
-0.065218
-0.065215
-0.065213
-0.065210
-0.065208
-0.065205
-0.065203
-0.065200
-0.065198
-0.065195
-0.065192
-0.065190
-0.065187
-0.065184
-0.065181
-0.065179
-0.065176
-0.065173
-0.065170
-0.065167
-0.065164
-0.065161
-0.065159
-0.065156
-0.065153
-0.065150
-0.065147
-0.065144
-0.065141
-0.065138
-0.065135
-0.065131
-0.065128
-0.065125
-0.065122
-0.065119
-0.065116
-0.065113
-0.065109
-0.065106
-0.065103
-0.065100
-0.065096
-0.065093
-0.065090
-0.065086
-0.065083
-0.065080
-0.065076
-0.065073
-0.065070
-0.065066
-0.065063
-0.065060
-0.065056
-0.065053
-0.065049
-0.065046
-0.065042
-0.065039
-0.065035
-0.065032
-0.065028
-0.065025
-0.065021
-0.065018
-0.065014
-0.065011
-0.065007
-0.065004
-0.065000
-0.064996
-0.064993
-0.064989
-0.064986
-0.064982
-0.064978
-0.064975
-0.064971
-0.064968
-0.064964
-0.064960
-0.064957
-0.064953
-0.064949
-0.064946
-0.064942
-0.064938
-0.064935
-0.064931
-0.064927
-0.064923
-0.064920
-0.064916
-0.064912
-0.064909
-0.064905
-0.064901
-0.064897
-0.064894
-0.064890
-0.064886
-0.064882
-0.064879
-0.064875
-0.064871
-0.064867
-0.064864
-0.064860
-0.064856
-0.064852
-0.064849
-0.064845
-0.064841
-0.064837
-0.064834
-0.064830
-0.064826
-0.064822
-0.064819
-0.064815
-0.064811
-0.064807
-0.064803
-0.064800
-0.064796
-0.064792
-0.064788
-0.064785
-0.064781
-0.064777
-0.064773
-0.064770
-0.064766
-0.064762
-0.064758
-0.064755
-0.064751
-0.064747
-0.064743
-0.064740
-0.064736
-0.064732
-0.064728
-0.064725
-0.064721
-0.064717
-0.064714
-0.064710
-0.064706
-0.064702
-0.064699
-0.064695
-0.064691
-0.064688
-0.064684
-0.064680
-0.064676
-0.064673
-0.064669
-0.064665
-0.064662
-0.064658
-0.064654
-0.064651
-0.064647
-0.064643
-0.064640
-0.064636
-0.064632
-0.064629
-0.064625
-0.064622
-0.064618
-0.064614
-0.064611
-0.064607
-0.064604
-0.064600
-0.064596
-0.064593
-0.064589
-0.064586
-0.064582
-0.064579
-0.064575
-0.064571
-0.064568
-0.064564
-0.064561
-0.064557
-0.064554
-0.064550
-0.064547
-0.064543
-0.064540
-0.064536
-0.064533
-0.064529
-0.064526
-0.064522
-0.064519
-0.064516
-0.064512
-0.064509
-0.064505
-0.064502
-0.064498
-0.064495
-0.064492
-0.064488
-0.064485
-0.064481
-0.064478
-0.064475
-0.064471
-0.064468
-0.064465
-0.064461
-0.064458
-0.064455
-0.064451
-0.064448
-0.064445
-0.064442
-0.064438
-0.064435
-0.064432
-0.064429
-0.064425
-0.064422
-0.064419
-0.064416
-0.064412
-0.064409
-0.064406
-0.064403
-0.064400
-0.064397
-0.064393
-0.064390
-0.064387
-0.064384
-0.064381
-0.064378
-0.064375
-0.064372
-0.064368
-0.064365
-0.064362
-0.064359
-0.064356
-0.064353
-0.064350
-0.064347
-0.064344
-0.064341
-0.064338
-0.064335
-0.064332
-0.064329
-0.064326
-0.064323
-0.064320
-0.064317
-0.064314
-0.064311
-0.064309
-0.064306
-0.064303
-0.064300
-0.064297
-0.064294
-0.064291
-0.064288
-0.064286
-0.064283
-0.064280
-0.064277
-0.064274
-0.064272
-0.064269
-0.064266
-0.064263
-0.064261
-0.064258
-0.064255
-0.064252
-0.064250
-0.064247
-0.064244
-0.064241
-0.064239
-0.064236
-0.064233
-0.064231
-0.064228
-0.064226
-0.064223
-0.064220
-0.064218
-0.064215
-0.064213
-0.064210
-0.064207
-0.064205
-0.064202
-0.064200
-0.064197
-0.064195
-0.064192
-0.064190
-0.064187
-0.064185
-0.064182
-0.064180
-0.064177
-0.064175
-0.064173
-0.064170
-0.064168
-0.064165
-0.064163
-0.064161
-0.064158
-0.064156
-0.064153
-0.064151
-0.064149
-0.064146
-0.064144
-0.064142
-0.064139
-0.064137
-0.064135
-0.064133
-0.064130
-0.064128
-0.064126
-0.064124
-0.064121
-0.064119
-0.064117
-0.064115
-0.064113
-0.064110
-0.064108
-0.064106
-0.064104
-0.064102
-0.064100
-0.064098
-0.064096
-0.064093
-0.064091
-0.064089
-0.064087
-0.064085
-0.064083
-0.064081
-0.064079
-0.064077
-0.064075
-0.064073
-0.064071
-0.064069
-0.064067
-0.064065
-0.064063
-0.064061
-0.064059
-0.064057
-0.064055
-0.064053
-0.064052
-0.064050
-0.064048
-0.064046
-0.064044
-0.064042
-0.064040
-0.064039
-0.064037
-0.064035
-0.064033
-0.064031
-0.064030
-0.064028
-0.064026
-0.064024
-0.064022
-0.064021
-0.064019
-0.064017
-0.064016
-0.064014
-0.064012
-0.064010
-0.064009
-0.064007
-0.064005
-0.064004
-0.064002
-0.064001
-0.063999
-0.063997
-0.063996
-0.063994
-0.063993
-0.063991
-0.063989
-0.063988
-0.063986
-0.063985
-0.063983
-0.063982
-0.063980
-0.063979
-0.063977
-0.063976
-0.063974
-0.063973
-0.063971
-0.063970
-0.063968
-0.063967
-0.063966
-0.063964
-0.063963
-0.063961
-0.063960
-0.063959
-0.063957
-0.063956
-0.063954
-0.063953
-0.063952
-0.063950
-0.063949
-0.063948
-0.063946
-0.063945
-0.063944
-0.063943
-0.063941
-0.063940
-0.063939
-0.063938
-0.063936
-0.063935
-0.063934
-0.063933
-0.063931
-0.063930
-0.063929
-0.063928
-0.063927
-0.063926
-0.063924
-0.063923
-0.063922
-0.063921
-0.063920
-0.063919
-0.063918
-0.063917
-0.063915
-0.063914
-0.063913
-0.063912
-0.063911
-0.063910
-0.063909
-0.063908
-0.063907
-0.063906
-0.063905
-0.063904
-0.063903
-0.063902
-0.063901
-0.063900
-0.063899
-0.063898
-0.063897
-0.063896
-0.063895
-0.063895
-0.063894
-0.063893
-0.063892
-0.063891
-0.063890
-0.063889
-0.063888
-0.063887
-0.063887
-0.063886
-0.063885
-0.063884
-0.063883
-0.063882
-0.063882
-0.063881
-0.063880
-0.063879
-0.063879
-0.063878
-0.063877
-0.063876
-0.063875
-0.063875
-0.063874
-0.063873
-0.063873
-0.063872
-0.063871
-0.063870
-0.063870
-0.063869
-0.063868
-0.063868
-0.063867
-0.063866
-0.063866
-0.063865
-0.063865
-0.063864
-0.063863
-0.063863
-0.063862
-0.063862
-0.063861
-0.063860
-0.063860
-0.063859
-0.063859
-0.063858
-0.063858
-0.063857
-0.063857
-0.063856
-0.063856
-0.063855
-0.063855
-0.063854
-0.063854
-0.063853
-0.063853
-0.063852
-0.063852
-0.063851
-0.063851
-0.063850
-0.063850
-0.063849
-0.063849
-0.063849
-0.063848
-0.063848
-0.063847
-0.063847
-0.063847
-0.063846
-0.063846
-0.063846
-0.063845
-0.063845
-0.063845
-0.063844
-0.063844
-0.063844
-0.063843
-0.063843
-0.063843
-0.063842
-0.063842
-0.063842
-0.063842
-0.063841
-0.063841
-0.063841
-0.063840
-0.063840
-0.063840
-0.063840
-0.063840
-0.063839
-0.063839
-0.063839
-0.063839
-0.063839
-0.063838
-0.063838
-0.063838
-0.063838
-0.063838
-0.063837
-0.063837
-0.063837
-0.063837
-0.063837
-0.063837
-0.063837
-0.063837
-0.063836
-0.063836
-0.063836
-0.063836
-0.063836
-0.063836
-0.063836
-0.063836
-0.063836
-0.063836
-0.063836
-0.063836
-0.063836
-0.063836
-0.063835
-0.063835
-0.063835
-0.063835
-0.063835
-0.063835
-0.063835
-0.063835
-0.063835
-0.063835
-0.063836
-0.063836
-0.063836
-0.063836
-0.063836
-0.063836
-0.063836
-0.063836
-0.063836
-0.063836
-0.063836
-0.063836
-0.063836
-0.063836
-0.063836
-0.063837
-0.063837
-0.063837
-0.063837
-0.063837

