0.000000
0.000000
-0.000006
-0.000014
-0.000023
-0.000034
-0.000045
-0.000058
-0.000070
-0.000084
-0.000097
-0.000111
-0.000125
-0.000140
-0.000155
-0.000170
-0.000185
-0.000201
-0.000217
-0.000233
-0.000249
-0.000266
-0.000282
-0.000299
-0.000316
-0.000333
-0.000351
-0.000368
-0.000386
-0.000404
-0.000422
-0.000440
-0.000459
-0.000477
-0.000496
-0.000515
-0.000534
-0.000553
-0.000572
-0.000591
-0.000611
-0.000631
-0.000651
-0.000670
-0.000691
-0.000711
-0.000731
-0.000751
-0.000772
-0.000793
-0.000813
-0.000834
-0.000855
-0.000876
-0.000898
-0.000919
-0.000940
-0.000962
-0.000984
-0.001005
-0.001027
-0.001049
-0.001071
-0.001093
-0.001115
-0.001138
-0.001160
-0.001183
-0.001205
-0.001228
-0.001251
-0.001273
-0.001296
-0.001319
-0.001342
-0.001366
-0.001389
-0.001412
-0.001435
-0.001459
-0.001482
-0.001506
-0.001530
-0.001553
-0.001577
-0.001601
-0.001625
-0.001649
-0.001673
-0.001697
-0.001722
-0.001746
-0.001770
-0.001795
-0.001819
-0.001844
-0.001868
-0.001893
-0.001918
-0.001942
-0.001967
-0.001992
-0.002017
-0.002042
-0.002067
-0.002092
-0.002118
-0.002143
-0.002168
-0.002193
-0.002219
-0.002244
-0.002270
-0.002295
-0.002321
-0.002346
-0.002372
-0.002398
-0.002424
-0.002449
-0.002475
-0.002501
-0.002527
-0.002553
-0.002579
-0.002605
-0.002631
-0.002658
-0.002684
-0.002710
-0.002736
-0.002763
-0.002789
-0.002815
-0.002842
-0.002868
-0.002895
-0.002921
-0.002948
-0.002975
-0.003001
-0.003028
-0.003055
-0.003082
-0.003108
-0.003135
-0.003162
-0.003189
-0.003216
-0.003243
-0.003270
-0.003297
-0.003324
-0.003351
-0.003379
-0.003406
-0.003433
-0.003460
-0.003487
-0.003515
-0.003542
-0.003569
-0.003597
-0.003624
-0.003652
-0.003679
-0.003707
-0.003734
-0.003762
-0.003789
-0.003817
-0.003845
-0.003872
-0.003900
-0.003928
-0.003955
-0.003983
-0.004011
-0.004039
-0.004067
-0.004094
-0.004122
-0.004150
-0.004178
-0.004206
-0.004234
-0.004262
-0.004290
-0.004318
-0.004346
-0.004374
-0.004402
-0.004430
-0.004459
-0.004487
-0.004515
-0.004543
-0.004571
-0.004599
-0.004628
-0.004656
-0.004684
-0.004713
-0.004741
-0.004769
-0.004798
-0.004826
-0.004854
-0.004883
-0.004911
-0.004940
-0.004968
-0.004997
-0.005025
-0.005054
-0.005082
-0.005111
-0.005139
-0.005168
-0.005197
-0.005225
-0.005254
-0.005282
-0.005311
-0.005340
-0.005368
-0.005397
-0.005426
-0.005455
-0.005483
-0.005512
-0.005541
-0.005570
-0.005598
-0.005627
-0.005656
-0.005685
-0.005714
-0.005743
-0.005771
-0.005800
-0.005829
-0.005858
-0.005887
-0.005916
-0.005945
-0.005974
-0.006003
-0.006032
-0.006061
-0.006090
-0.006119
-0.006148
-0.006177
-0.006206
-0.006235
-0.006264
-0.006293
-0.006322
-0.006351
-0.006380
-0.006409
-0.006438
-0.006467
-0.006496
-0.006525
-0.006555
-0.006584
-0.006613
-0.006642
-0.006671
-0.006700
-0.006729
-0.006759
-0.006788
-0.006817
-0.006846
-0.006875
-0.006905
-0.006934
-0.006963
-0.006992
-0.007022
-0.007051
-0.007080
-0.007109
-0.007139
-0.007168
-0.007197
-0.007226
-0.007256
-0.007285
-0.007314
-0.007344
-0.007373
-0.007402
-0.007432
-0.007461
-0.007490
-0.007520
-0.007549
-0.007578
-0.007608
-0.007637
-0.007666
-0.007696
-0.007725
-0.007754
-0.007784
-0.007813
-0.007842
-0.007872
-0.007901
-0.007931
-0.007960
-0.007989
-0.008019
-0.008048
-0.008078
-0.008107
-0.008136
-0.008166
-0.008195
-0.008225
-0.008254
-0.008283
-0.008313
-0.008342
-0.008372
-0.008401
-0.008431
-0.008460
-0.008489
-0.008519
-0.008548
-0.008578
-0.008607
-0.008637
-0.008666
-0.008695
-0.008725
-0.008754
-0.008784
-0.008813
-0.008843
-0.008872
-0.008902
-0.008931
-0.008960
-0.008990
-0.009019
-0.009049
-0.009078
-0.009108
-0.009137
-0.009167
-0.009196
-0.009225
-0.009255
-0.009284
-0.009314
-0.009343
-0.009373
-0.009402
-0.009432
-0.009461
-0.009490
-0.009520
-0.009549
-0.009579
-0.009608
-0.009638
-0.009667
-0.009696
-0.009726
-0.009755
-0.009785
-0.009814
-0.009844
-0.009873
-0.009902
-0.009932
-0.009961
-0.009991
-0.010020
-0.010050
-0.010079
-0.010108
-0.010138
-0.010167
-0.010197
-0.010226
-0.010255
-0.010285
-0.010314
-0.010344
-0.010373
-0.010402
-0.010432
-0.010461
-0.010490
-0.010520
-0.010549
-0.010579
-0.010608
-0.010637
-0.010667
-0.010696
-0.010725
-0.010755
-0.010784
-0.010813
-0.010843
-0.010872
-0.010901
-0.010931
-0.010960
-0.010989
-0.011019
-0.011048
-0.011077
-0.011107
-0.011136
-0.011165
-0.011195
-0.011224
-0.011253
-0.011282
-0.011312
-0.011341
-0.011370
-0.011400
-0.011429
-0.011458
-0.011487
-0.011517
-0.011546
-0.011575
-0.011604
-0.011634
-0.011663
-0.011692
-0.011721
-0.011750
-0.011780
-0.011809
-0.011838
-0.011867
-0.011896
-0.011926
-0.011955
-0.011984
-0.012013
-0.012042
-0.012071
-0.012101
-0.012130
-0.012159
-0.012188
-0.012217
-0.012246
-0.012275
-0.012304
-0.012334
-0.012363
-0.012392
-0.012421
-0.012450
-0.012479
-0.012508
-0.012537
-0.012566
-0.012595
-0.012624
-0.012653
-0.012682
-0.012711
-0.012740
-0.012769
-0.012798
-0.012827
-0.012856
-0.012885
-0.012914
-0.012943
-0.012972
-0.013001
-0.013030
-0.013059
-0.013088
-0.013117
-0.013146
-0.013175
-0.013204
-0.013233
-0.013262
-0.013291
-0.013320
-0.013348
-0.013377
-0.013406
-0.013435
-0.013464
-0.013493
-0.013522
-0.013551
-0.013579
-0.013608
-0.013637
-0.013666
-0.013695
-0.013723
-0.013752
-0.013781
-0.013810
-0.013839
-0.013867
-0.013896
-0.013925
-0.013954
-0.013982
-0.014011
-0.014040
-0.014068
-0.014097
-0.014126
-0.014155
-0.014183
-0.014212
-0.014241
-0.014269
-0.014298
-0.014326
-0.014355
-0.014384
-0.014412
-0.014441
-0.014470
-0.014498
-0.014527
-0.014555
-0.014584
-0.014612
-0.014641
-0.014670
-0.014698
-0.014727
-0.014755
-0.014784
-0.014812
-0.014841
-0.014869
-0.014898
-0.014926
-0.014955
-0.014983
-0.015011
-0.015040
-0.015068
-0.015097
-0.015125
-0.015154
-0.015182
-0.015210
-0.015239
-0.015267
-0.015295
-0.015324
-0.015352
-0.015380
-0.015409
-0.015437
-0.015465
-0.015494
-0.015522
-0.015550
-0.015579
-0.015607
-0.015635
-0.015663
-0.015692
-0.015720
-0.015748
-0.015776
-0.015804
-0.015833
-0.015861
-0.015889
-0.015917
-0.015945
-0.015974
-0.016002
-0.016030
-0.016058
-0.016086
-0.016114
-0.016142
-0.016170
-0.016198
-0.016226
-0.016255
-0.016283
-0.016311
-0.016339
-0.016367
-0.016395
-0.016423
-0.016451
-0.016479
-0.016507
-0.016535
-0.016563
-0.016590
-0.016618
-0.016646
-0.016674
-0.016702
-0.016730
-0.016758
-0.016786
-0.016814
-0.016842
-0.016869
-0.016897
-0.016925
-0.016953
-0.016981
-0.017009
-0.017036
-0.017064
-0.017092
-0.017120
-0.017147
-0.017175
-0.017203
-0.017231
-0.017258
-0.017286
-0.017314
-0.017341
-0.017369
-0.017397
-0.017424
-0.017452
-0.017480
-0.017507
-0.017535
-0.017563
-0.017590
-0.017618
-0.017645
-0.017673
-0.017700
-0.017728
-0.017756
-0.017783
-0.017811
-0.017838
-0.017866
-0.017893
-0.017921
-0.017948
-0.017975
-0.018003
-0.018030
-0.018058
-0.018085
-0.018113
-0.018140
-0.018167
-0.018195
-0.018222
-0.018249
-0.018277
-0.018304
-0.018331
-0.018359
-0.018386
-0.018413
-0.018441
-0.018468
-0.018495
-0.018522
-0.018550
-0.018577
-0.018604
-0.018631
-0.018658
-0.018686
-0.018713
-0.018740
-0.018767
-0.018794
-0.018821
-0.018849
-0.018876
-0.018903
-0.018930
-0.018957
-0.018984
-0.019011
-0.019038
-0.019065
-0.019092
-0.019119
-0.019146
-0.019173
-0.019200
-0.019227
-0.019254
-0.019281
-0.019308
-0.019335
-0.019362
-0.019389
-0.019416
-0.019443
-0.019469
-0.019496
-0.019523
-0.019550
-0.019577
-0.019604
-0.019631
-0.019657
-0.019684
-0.019711
-0.019738
-0.019764
-0.019791
-0.019818
-0.019845
-0.019871
-0.019898
-0.019925
-0.019951
-0.019978
-0.020005
-0.020031
-0.020058
-0.020085
-0.020111
-0.020138
-0.020165
-0.020191
-0.020218
-0.020244
-0.020271
-0.020297
-0.020324
-0.020350
-0.020377
-0.020403
-0.020430
-0.020456
-0.020483
-0.020509
-0.020536
-0.020562
-0.020589
-0.020615
-0.020641
-0.020668
-0.020694
-0.020721
-0.020747
-0.020773
-0.020800
-0.020826
-0.020852
-0.020879
-0.020905
-0.020931
-0.020957
-0.020984
-0.021010
-0.021036
-0.021062
-0.021089
-0.021115
-0.021141
-0.021167
-0.021193
-0.021219
-0.021246
-0.021272
-0.021298
-0.021324
-0.021350
-0.021376
-0.021402
-0.021428
-0.021454
-0.021480
-0.021506
-0.021532
-0.021558
-0.021584
-0.021610
-0.021636
-0.021662
-0.021688
-0.021714
-0.021740
-0.021766
-0.021792
-0.021818
-0.021844
-0.021870
-0.021895
-0.021921
-0.021947
-0.021973
-0.021999
-0.022025
-0.022050
-0.022076
-0.022102
-0.022128
-0.022153
-0.022179
-0.022205
-0.022231
-0.022256
-0.022282
-0.022308
-0.022333
-0.022359
-0.022385
-0.022410
-0.022436
-0.022462
-0.022487
-0.022513
-0.022538
-0.022564
-0.022589
-0.022615
-0.022641
-0.022666
-0.022692
-0.022717
-0.022743
-0.022768
-0.022794
-0.022819
-0.022844
-0.022870
-0.022895
-0.022921
-0.022946
-0.022971
-0.022997
-0.023022
-0.023048
-0.023073
-0.023098
-0.023124
-0.023149
-0.023174
-0.023199
-0.023225
-0.023250
-0.023275
-0.023300
-0.023326
-0.023351
-0.023376
-0.023401
-0.023426
-0.023452
-0.023477
-0.023502
-0.023527
-0.023552
-0.023577
-0.023602
-0.023627
-0.023653
-0.023678
-0.023703
-0.023728
-0.023753
-0.023778
-0.023803
-0.023828
-0.023853
-0.023878
-0.023903
-0.023928
-0.023953
-0.023977
-0.024002
-0.024027
-0.024052
-0.024077
-0.024102
-0.024127
-0.024152
-0.024176
-0.024201
-0.024226
-0.024251
-0.024276
-0.024300
-0.024325
-0.024350
-0.024375
-0.024399
-0.024424
-0.024449
-0.024474
-0.024498
-0.024523
-0.024548
-0.024572
-0.024597
-0.024622
-0.024646
-0.024671
-0.024695
-0.024720
-0.024745
-0.024769
-0.024794
-0.024818
-0.024843
-0.024867
-0.024892
-0.024916
-0.024941
-0.024965
-0.024990
-0.025014
-0.025038
-0.025063
-0.025087
-0.025112
-0.025136
-0.025160
-0.025185
-0.025209
-0.025233
-0.025258
-0.025282
-0.025306
-0.025331
-0.025355
-0.025379
-0.025404
-0.025428
-0.025452
-0.025476
-0.025500
-0.025525
-0.025549
-0.025573
-0.025597
-0.025621
-0.025645
-0.025670
-0.025694
-0.025718
-0.025742
-0.025766
-0.025790
-0.025814
-0.025838
-0.025862
-0.025886
-0.025910
-0.025934
-0.025958
-0.025982
-0.026006
-0.026030
-0.026054
-0.026078
-0.026102
-0.026126
-0.026150
-0.026174
-0.026198
-0.026221
-0.026245
-0.026269
-0.026293
-0.026317
-0.026341
-0.026364
-0.026388
-0.026412
-0.026436
-0.026460
-0.026483
-0.026507
-0.026531
-0.026554
-0.026578
-0.026602
-0.026625
-0.026649
-0.026673
-0.026696
-0.026720
-0.026744
-0.026767
-0.026791
-0.026814
-0.026838
-0.026862
-0.026885
-0.026909
-0.026932
-0.026956
-0.026979
-0.027003
-0.027026
-0.027050
-0.027073
-0.027096
-0.027120
-0.027143
-0.027167
-0.027190
-0.027214
-0.027237
-0.027260
-0.027284
-0.027307
-0.027330
-0.027354
-0.027377
-0.027400
-0.027423
-0.027447
-0.027470
-0.027493
-0.027516
-0.027540
-0.027563
-0.027586
-0.027609
-0.027632
-0.027656
-0.027679
-0.027702
-0.027725
-0.027748
-0.027771
-0.027794
-0.027818
-0.027841
-0.027864
-0.027887
-0.027910
-0.027933
-0.027956
-0.027979
-0.028002
-0.028025
-0.028048
-0.028071
-0.028094
-0.028117
-0.028140
-0.028162
-0.028185
-0.028208
-0.028231
-0.028254
-0.028277
-0.028300
-0.028323
-0.028345
-0.028368
-0.028391
-0.028414
-0.028437
-0.028459
-0.028482
-0.028505
-0.028528
-0.028550
-0.028573
-0.028596
-0.028618
-0.028641
-0.028664
-0.028686
-0.028709
-0.028732
-0.028754
-0.028777
-0.028799
-0.028822
-0.028845
-0.028867
-0.028890
-0.028912
-0.028935
-0.028957
-0.028980
-0.029002
-0.029025
-0.029047
-0.029070
-0.029092
-0.029115
-0.029137
-0.029160
-0.029182
-0.029204
-0.029227
-0.029249
-0.029271
-0.029294
-0.029316
-0.029338
-0.029361
-0.029383
-0.029405
-0.029428
-0.029450
-0.029472
-0.029494
-0.029517
-0.029539
-0.029561
-0.029583
-0.029606
-0.029628
-0.029650
-0.029672
-0.029694
-0.029716
-0.029738
-0.029761
-0.029783
-0.029805
-0.029827
-0.029849
-0.029871
-0.029893
-0.029915
-0.029937
-0.029959
-0.029981
-0.030003
-0.030025
-0.030047
-0.030069
-0.030091
-0.030113
-0.030135
-0.030157
-0.030179
-0.030200
-0.030222
-0.030244
-0.030266
-0.030288
-0.030310
-0.030332
-0.030353
-0.030375
-0.030397
-0.030419
-0.030441
-0.030462
-0.030484
-0.030506
-0.030528
-0.030549
-0.030571
-0.030593
-0.030614
-0.030636
-0.030658
-0.030679
-0.030701
-0.030723
-0.030744
-0.030766
-0.030787
-0.030809
-0.030830
-0.030852
-0.030874
-0.030895
-0.030917
-0.030938
-0.030960
-0.030981
-0.031003
-0.031024
-0.031046
-0.031067
-0.031088
-0.031110
-0.031131
-0.031153
-0.031174
-0.031195
-0.031217
-0.031238
-0.031260
-0.031281
-0.031302
-0.031324
-0.031345
-0.031366
-0.031387
-0.031409
-0.031430
-0.031451
-0.031472
-0.031494
-0.031515
-0.031536
-0.031557
-0.031578
-0.031600
-0.031621
-0.031642
-0.031663
-0.031684
-0.031705
-0.031726
-0.031748
-0.031769
-0.031790
-0.031811
-0.031832
-0.031853
-0.031874
-0.031895
-0.031916
-0.031937
-0.031958
-0.031979
-0.032000
-0.032021
-0.032042
-0.032063
-0.032084
-0.032104
-0.032125
-0.032146
-0.032167
-0.032188
-0.032209
-0.032230
-0.032251
-0.032271
-0.032292
-0.032313
-0.032334
-0.032355
-0.032375
-0.032396
-0.032417
-0.032438
-0.032458
-0.032479
-0.032500
-0.032520
-0.032541
-0.032562
-0.032582
-0.032603
-0.032624
-0.032644
-0.032665
-0.032686
-0.032706
-0.032727
-0.032747
-0.032768
-0.032788
-0.032809
-0.032830
-0.032850
-0.032871
-0.032891
-0.032912
-0.032932
-0.032953
-0.032973
-0.032993
-0.033014
-0.033034
-0.033055
-0.033075
-0.033095
-0.033116
-0.033136
-0.033157
-0.033177
-0.033197
-0.033218
-0.033238
-0.033258
-0.033279
-0.033299
-0.033319
-0.033339
-0.033360
-0.033380
-0.033400
-0.033420
-0.033441
-0.033461
-0.033481
-0.033501
-0.033521
-0.033541
-0.033562
-0.033582
-0.033602
-0.033622
-0.033642
-0.033662
-0.033682
-0.033702
-0.033722
-0.033742
-0.033762
-0.033783
-0.033803
-0.033823
-0.033843
-0.033863
-0.033883
-0.033902
-0.033922
-0.033942
-0.033962
-0.033982
-0.034002
-0.034022
-0.034042
-0.034062
-0.034082
-0.034102
-0.034121
-0.034141
-0.034161
-0.034181
-0.034201
-0.034221
-0.034240
-0.034260
-0.034280
-0.034300
-0.034319
-0.034339
-0.034359
-0.034379
-0.034398
-0.034418
-0.034438
-0.034457
-0.034477
-0.034497
-0.034516
-0.034536
-0.034556
-0.034575
-0.034595
-0.034614
-0.034634
-0.034654
-0.034673
-0.034693
-0.034712
-0.034732
-0.034751
-0.034771
-0.034790
-0.034810
-0.034829
-0.034849
-0.034868
-0.034888
-0.034907
-0.034926
-0.034946
-0.034965
-0.034985
-0.035004
-0.035023
-0.035043
-0.035062
-0.035081
-0.035101
-0.035120
-0.035139
-0.035159
-0.035178
-0.035197
-0.035217
-0.035236
-0.035255
-0.035274
-0.035294
-0.035313
-0.035332
-0.035351
-0.035370
-0.035390
-0.035409
-0.035428
-0.035447
-0.035466
-0.035485
-0.035504
-0.035523
-0.035543
-0.035562
-0.035581
-0.035600
-0.035619
-0.035638
-0.035657
-0.035676
-0.035695
-0.035714
-0.035733
-0.035752
-0.035771
-0.035790
-0.035809
-0.035828
-0.035847
-0.035866
-0.035885
-0.035903
-0.035922
-0.035941
-0.035960
-0.035979
-0.035998
-0.036017
-0.036035
-0.036054
-0.036073
-0.036092
-0.036111
-0.036130
-0.036148
-0.036167
-0.036186
-0.036205
-0.036223
-0.036242
-0.036261
-0.036279
-0.036298
-0.036317
-0.036335
-0.036354
-0.036373
-0.036391
-0.036410
-0.036429
-0.036447
-0.036466
-0.036484
-0.036503
-0.036522
-0.036540
-0.036559
-0.036577
-0.036596
-0.036614
-0.036633
-0.036651
-0.036670
-0.036688
-0.036707
-0.036725
-0.036744
-0.036762
-0.036781
-0.036799
-0.036817
-0.036836
-0.036854
-0.036873
-0.036891
-0.036909
-0.036928
-0.036946
-0.036964
-0.036983
-0.037001
-0.037019
-0.037037
-0.037056
-0.037074
-0.037092
-0.037111
-0.037129
-0.037147
-0.037165
-0.037183
-0.037202
-0.037220
-0.037238
-0.037256
-0.037274
-0.037293
-0.037311
-0.037329
-0.037347
-0.037365
-0.037383
-0.037401
-0.037419
-0.037437
-0.037455
-0.037474
-0.037492
-0.037510
-0.037528
-0.037546
-0.037564
-0.037582
-0.037600
-0.037618
-0.037636
-0.037654
-0.037671
-0.037689
-0.037707
-0.037725
-0.037743
-0.037761
-0.037779
-0.037797
-0.037815
-0.037833
-0.037850
-0.037868
-0.037886
-0.037904
-0.037922
-0.037939
-0.037957
-0.037975
-0.037993
-0.038011
-0.038028
-0.038046
-0.038064
-0.038082
-0.038099
-0.038117
-0.038135
-0.038152
-0.038170
-0.038188
-0.038205
-0.038223
-0.038241
-0.038258
-0.038276
-0.038293
-0.038311
-0.038329
-0.038346
-0.038364
-0.038381
-0.038399
-0.038416
-0.038434
-0.038452
-0.038469
-0.038487
-0.038504
-0.038521
-0.038539
-0.038556
-0.038574
-0.038591
-0.038609
-0.038626
-0.038644
-0.038661
-0.038678
-0.038696
-0.038713
-0.038731
-0.038748
-0.038765
-0.038783
-0.038800
-0.038817
-0.038835
-0.038852
-0.038869
-0.038886
-0.038904
-0.038921
-0.038938
-0.038955
-0.038973
-0.038990
-0.039007
-0.039024
-0.039042
-0.039059
-0.039076
-0.039093
-0.039110
-0.039127
-0.039145
-0.039162
-0.039179
-0.039196
-0.039213
-0.039230
-0.039247
-0.039264
-0.039281
-0.039298
-0.039315
-0.039332
-0.039349
-0.039367
-0.039384
-0.039401
-0.039418
-0.039434
-0.039451
-0.039468
-0.039485
-0.039502
-0.039519
-0.039536
-0.039553
-0.039570
-0.039587
-0.039604
-0.039621
-0.039638
-0.039654
-0.039671
-0.039688
-0.039705
-0.039722
-0.039739
-0.039755
-0.039772
-0.039789
-0.039806
-0.039822
-0.039839
-0.039856
-0.039873
-0.039889
-0.039906
-0.039923
-0.039940
-0.039956
-0.039973
-0.039990
-0.040006
-0.040023
-0.040040
-0.040056
-0.040073
-0.040089
-0.040106
-0.040123
-0.040139
-0.040156
-0.040172
-0.040189
-0.040206
-0.040222
-0.040239
-0.040255
-0.040272
-0.040288
-0.040305
-0.040321
-0.040338
-0.040354
-0.040371
-0.040387
-0.040403
-0.040420
-0.040436
-0.040453
-0.040469
-0.040486
-0.040502
-0.040518
-0.040535
-0.040551
-0.040567
-0.040584
-0.040600
-0.040616
-0.040633
-0.040649
-0.040665
-0.040682
-0.040698
-0.040714
-0.040730
-0.040747
-0.040763
-0.040779
-0.040795
-0.040812
-0.040828
-0.040844
-0.040860
-0.040876
-0.040893
-0.040909
-0.040925
-0.040941
-0.040957
-0.040973
-0.040989
-0.041006
-0.041022
-0.041038
-0.041054
-0.041070
-0.041086
-0.041102
-0.041118
-0.041134
-0.041150
-0.041166
-0.041182
-0.041198
-0.041214
-0.041230
-0.041246
-0.041262
-0.041278
-0.041294
-0.041310
-0.041326
-0.041342
-0.041358
-0.041374
-0.041390
-0.041405
-0.041421
-0.041437
-0.041453
-0.041469
-0.041485
-0.041501
-0.041516
-0.041532
-0.041548
-0.041564
-0.041580
-0.041595
-0.041611
-0.041627
-0.041643
-0.041658
-0.041674
-0.041690
-0.041706
-0.041721
-0.041737
-0.041753
-0.041768
-0.041784
-0.041800
-0.041815
-0.041831
-0.041847
-0.041862
-0.041878
-0.041894
-0.041909
-0.041925
-0.041940
-0.041956
-0.041971
-0.041987
-0.042003
-0.042018
-0.042034
-0.042049
-0.042065
-0.042080
-0.042096
-0.042111
-0.042127
-0.042142
-0.042158
-0.042173
-0.042188
-0.042204
-0.042219
-0.042235
-0.042250
-0.042266
-0.042281
-0.042296
-0.042312
-0.042327
-0.042342
-0.042358
-0.042373
-0.042389
-0.042404
-0.042419
-0.042434
-0.042450
-0.042465
-0.042480
-0.042496
-0.042511
-0.042526
-0.042541
-0.042557
-0.042572
-0.042587
-0.042602
-0.042618
-0.042633
-0.042648
-0.042663
-0.042678
-0.042693
-0.042709
-0.042724
-0.042739
-0.042754
-0.042769
-0.042784
-0.042799
-0.042814
-0.042829
-0.042845
-0.042860
-0.042875
-0.042890
-0.042905
-0.042920
-0.042935
-0.042950
-0.042965
-0.042980
-0.042995
-0.043010
-0.043025
-0.043040
-0.043055
-0.043070
-0.043085
-0.043100
-0.043115
-0.043129
-0.043144
-0.043159
-0.043174
-0.043189
-0.043204
-0.043219
-0.043234
-0.043248
-0.043263
-0.043278
-0.043293
-0.043308
-0.043323
-0.043337
-0.043352
-0.043367
-0.043382
-0.043396
-0.043411
-0.043426
-0.043441
-0.043455
-0.043470
-0.043485
-0.043500
-0.043514
-0.043529
-0.043544
-0.043558
-0.043573
-0.043588
-0.043602
-0.043617
-0.043632
-0.043646
-0.043661
-0.043675
-0.043690
-0.043705
-0.043719
-0.043734
-0.043748
-0.043763
-0.043777
-0.043792
-0.043807
-0.043821
-0.043836
-0.043850
-0.043865
-0.043879
-0.043894
-0.043908
-0.043923
-0.043937
-0.043951
-0.043966
-0.043980
-0.043995
-0.044009
-0.044024
-0.044038
-0.044052
-0.044067
-0.044081
-0.044095
-0.044110
-0.044124
-0.044139
-0.044153
-0.044167
-0.044182
-0.044196
-0.044210
-0.044224
-0.044239
-0.044253
-0.044267
-0.044282
-0.044296
-0.044310
-0.044324
-0.044338
-0.044353
-0.044367
-0.044381
-0.044395
-0.044409
-0.044424
-0.044438
-0.044452
-0.044466
-0.044480
-0.044494
-0.044509
-0.044523
-0.044537
-0.044551
-0.044565
-0.044579
-0.044593
-0.044607
-0.044621
-0.044635
-0.044649
-0.044664
-0.044678
-0.044692
-0.044706
-0.044720
-0.044734
-0.044748
-0.044762
-0.044776
-0.044790
-0.044804
-0.044817
-0.044831
-0.044845
-0.044859
-0.044873
-0.044887
-0.044901
-0.044915
-0.044929
-0.044943
-0.044957
-0.044970
-0.044984
-0.044998
-0.045012
-0.045026
-0.045040
-0.045053
-0.045067
-0.044767
-0.043261
-0.039038
-0.030307
-0.015592
0.005862
0.033993
0.068159
0.107445
0.150877
0.197526
0.246562
0.297260
0.349000
0.401257
0.453594
0.505652
0.557141
0.607826
0.657523
0.706092
0.753425
0.799448
0.844109
0.887380
0.929247
0.969713
1.008788
1.046494
1.082856
1.117906
1.151678
1.184208
1.215534
1.245693
1.274725
1.302666
1.329554
1.355426
1.380317
1.404261
1.427293
1.449443
1.470744
1.491225
1.510915
1.529842
1.548032
1.565512
1.582304
1.598434
1.613922
1.628791
1.643062
1.656754
1.669886
1.682476
1.694542
1.706100
1.717168
1.727759
1.737889
1.747573
1.756825
1.765657
1.774082
1.782114
1.789763
1.797042
1.803962
1.810533
1.816767
1.822672
1.828260
1.833539
1.838519
1.843208
1.847616
1.851750
1.855619
1.859231
1.862593
1.865712
1.868596
1.871252
1.873687
1.875907
1.877918
1.879727
1.881340
1.882763
1.884000
1.885058
1.885943
1.886658
1.887210
1.887603
1.887842
1.887931
1.887876
1.887983
1.889120
1.892768
1.900712
1.914482
1.934950
1.962239
1.995968
2.035576
2.080595
2.130897
2.187054
2.250901
2.325593
2.414714
2.521412
2.647849
2.794889
2.964566
3.164185
3.402728
3.686429
4.011985
4.370472
4.746094
5.117866
5.466423
5.778255
6.046032
6.267728
6.445644
6.584652
6.690252
6.767510
6.820851
6.854197
6.871098
6.874786
6.868168
6.853783
6.833770
6.809859
6.783411
6.755468
6.726816
6.698044
6.669587
6.641762
6.614800
6.588856
6.564034
6.540391
6.517949
6.496703
6.476627
6.457679
6.439805
6.422944
6.407027
6.391984
6.377745
6.364236
6.351389
6.339134
6.327407
6.316146
6.305292
6.294789
6.284587
6.274637
6.264896
6.255323
6.245882
6.236538
6.227261
6.218023
6.208801
6.199571
6.190313
6.181012
6.171649
6.162214
6.152693
6.143076
6.133355
6.123522
6.113572
6.103499
6.093299
6.082970
6.072508
6.061913
6.051183
6.040318
6.029319
6.018186
6.006920
5.995522
5.983996
5.972342
5.960563
5.948661
5.936640
5.924503
5.912251
5.899889
5.887419
5.874845
5.862170
5.849398
5.836531
5.823572
5.810526
5.797395
5.784183
5.770892
5.757525
5.744086
5.730578
5.717003
5.703365
5.689665
5.675908
5.662094
5.648228
5.634311
5.620346
5.606336
5.592281
5.578186
5.564052
5.549881
5.535675
5.521437
5.507167
5.492869
5.478543
5.464193
5.449819
5.435423
5.421006
5.406572
5.392120
5.377653
5.363171
5.348677
5.334172
5.319657
5.305133
5.290602
5.276064
5.261522
5.246976
5.232427
5.217877
5.203327
5.188776
5.174228
5.159681
5.145139
5.130600
5.116067
5.101540
5.087019
5.072507
5.058003
5.043508
5.029023
5.014548
5.000086
4.985635
4.971197
4.956772
4.942361
4.927964
4.913583
4.899218
4.884868
4.870535
4.856220
4.841922
4.827642
4.813381
4.799139
4.784917
4.770715
4.756532
4.742371
4.728231
4.714112
4.700015
4.685940
4.671888
4.657858
4.643852
4.629869
4.615909
4.601974
4.588063
4.574177
4.560315
4.546478
4.532667
4.518881
4.505121
4.491387
4.477678
4.463997
4.450341
4.436713
4.423111
4.409536
4.395989
4.382469
4.368976
4.355511
4.342074
4.328664
4.315283
4.301930
4.288605
4.275309
4.262041
4.248802
4.235592
4.222410
4.209257
4.196133
4.183039
4.169973
4.156937
4.143930
4.130952
4.118004
4.105085
4.092196
4.079336
4.066506
4.053706
4.040935
4.028195
4.015484
4.002803
3.990152
3.977530
3.964939
3.952378
3.939846
3.927345
3.914874
3.902432
3.890021
3.877640
3.865289
3.852968
3.840678
3.828417
3.816186
3.803986
3.791816
3.779675
3.767565
3.755485
3.743435
3.731415
3.719426
3.707466
3.695536
3.683637
3.671767
3.659928
3.648118
3.636338
3.624589
3.612869
3.601179
3.589519
3.577889
3.566289
3.554718
3.543178
3.531667
3.520185
3.508734
3.497312
3.485920
3.474557
3.463224
3.451921
3.440646
3.429402
3.418187
3.407001
3.395844
3.384717
3.373619
3.362551
3.351511
3.340501
3.329520
3.318568
3.307645
3.296751
3.285886
3.275049
3.264242
3.253463
3.242713
3.231992
3.221300
3.210636
3.200001
3.189394
3.178816
3.168266
3.157745
3.147252
3.136787
3.126351
3.115943
3.105562
3.095210
3.084886
3.074591
3.064323
3.054082
3.043870
3.033686
3.023529
3.013400
3.003299
2.993225
2.983179
2.973160
2.963169
2.953205
2.943268
2.933359
2.923477
2.913622
2.903794
2.893994
2.884220
2.874473
2.864753
2.855060
2.845394
2.835755
2.826142
2.816556
2.806996
2.797463
2.787957
2.778477
2.769023
2.759596
2.750194
2.740820
2.731471
2.722148
2.712851
2.703581
2.694336
2.685117
2.675924
2.666757
2.657615
2.648499
2.639409
2.630344
2.621304
2.612290
2.603302
2.594339
2.585401
2.576488
2.567600
2.558738
2.549901
2.541088
2.532301
2.523538
2.514800
2.506087
2.497399
2.488735
2.480096
2.471481
2.462891
2.454326
2.445785
2.437268
2.428775
2.420307
2.411862
2.403442
2.395046
2.386674
2.378326
2.370002
2.361701
2.353425
2.345172
2.336942
2.328737
2.320555
2.312396
2.304261
2.296149
2.288061
2.279996
2.271954
2.263935
2.255940
2.247967
2.240018
2.232091
2.224188
2.216307
2.208449
2.200614
2.192801
2.185012
2.177244
2.169500
2.161777
2.154078
2.146400
2.138745
2.131112
2.123501
2.115913
2.108347
2.100802
2.093280
2.085780
2.078301
2.070845
2.063410
2.055997
2.048605
2.041236
2.033887
2.026561
2.019256
2.011972
2.004710
1.997468
1.990249
1.983050
1.975873
1.968717
1.961581
1.954467
1.947374
1.940302
1.933250
1.926220
1.919210
1.912221
1.905252
1.898304
1.891377
1.884470
1.877584
1.870718
1.863872
1.857047
1.850242
1.843457
1.836692
1.829947
1.823223
1.816518
1.809834
1.803169
1.796524
1.789899
1.783294
1.776708
1.770142
1.763596
1.757069
1.750562
1.744074
1.737606
1.731157
1.724727
1.718317
1.711926
1.705554
1.699201
1.692867
1.686552
1.680256
1.673979
1.667721
1.661482
1.655262
1.649060
1.642877
1.636713
1.630567
1.624440
1.618331
1.612241
1.606169
1.600116
1.594081
1.588064
1.582065
1.576085
1.570122
1.564178
1.558252
1.552344
1.546453
1.540581
1.534727
1.528890
1.523071
1.517270
1.511486
1.505720
1.499972
1.494241
1.488528
1.482832
1.477153
1.471492
1.465848
1.460222
1.454612
1.449020
1.443445
1.437887
1.432346
1.426822
1.421315
1.415825
1.410352
1.404896
1.399456
1.394033
1.388627
1.383238
1.377865
1.372509
1.367169
1.361846
1.356539
1.351248
1.345974
1.340716
1.335474
1.330249
1.325040
1.319847
1.314670
1.309509
1.304364
1.299235
1.294122
1.289024
1.283943
1.278878
1.273828
1.268794
1.263775
1.258773
1.253785
1.248814
1.243858
1.238917
1.233992
1.229082
1.224187
1.219308
1.214444
1.209596
1.204762
1.199944
1.195140
1.190352
1.185579
1.180820
1.176077
1.171349
1.166635
1.161936
1.157252
1.152583
1.147929
1.143289
1.138664
1.134053
1.129457
1.124875
1.120308
1.115756
1.111217
1.106693
1.102184
1.097688
1.093207
1.088740
1.084288
1.079849
1.075424
1.071014
1.066617
1.062235
1.057866
1.053511
1.049170
1.044843
1.040530
1.036230
1.031945
1.027672
1.023414
1.019169
1.014938
1.010720
1.006515
1.002324
0.998147
0.993983
0.989832
0.985695
0.981570
0.977459
0.973361
0.969277
0.965205
0.961147
0.957101
0.953069
0.949050
0.945043
0.941050
0.937069
0.933101
0.929146
0.925204
0.921274
0.917357
0.913453
0.909561
0.905682
0.901816
0.897962
0.894121
0.890292
0.886475
0.882671
0.878879
0.875099
0.871332
0.867577
0.863835
0.860104
0.856386
0.852679
0.848985
0.845303
0.841633
0.837974
0.834328
0.830694
0.827071
0.823461
0.819862
0.816275
0.812700
0.809136
0.805584
0.802044
0.798515
0.794998
0.791493
0.787999
0.784516
0.781045
0.777585
0.774137
0.770700
0.767275
0.763860
0.760457
0.757066
0.753685
0.750316
0.746957
0.743610
0.740274
0.736949
0.733635
0.730332
0.727040
0.723759
0.720489
0.717229
0.713981
0.710743
0.707516
0.704300
0.701094
0.697899
0.694715
0.691541
0.688378
0.685226
0.682084
0.678952
0.675831
0.672721
0.669620
0.666531
0.663451
0.660382
0.657323
0.654274
0.651236
0.648208
0.645190
0.642182
0.639184
0.636196
0.633219
0.630251
0.627294
0.624346
0.621408
0.618480
0.615563
0.612654
0.609756
0.606868
0.603989
0.601120
0.598261
0.595412
0.592572
0.589742
0.586921
0.584110
0.581308
0.578516
0.575734
0.572961
0.570197
0.567443
0.564698
0.561963
0.559237
0.556520
0.553813
0.551114
0.548425
0.545745
0.543075
0.540413
0.537761
0.535117
0.532483
0.529858
0.527241
0.524634
0.522036
0.519446
0.516866
0.514294
0.511732
0.509178
0.506632
0.504096
0.501568
0.499050
0.496539
0.494038
0.491545
0.489061
0.486585
0.484118
0.481660
0.479210
0.476768
0.474335
0.471910
0.469494
0.467086
0.464687
0.462296
0.459913
0.457539
0.455173
0.452815
0.450465
0.448124
0.445791
0.443465
0.441148
0.438839
0.436539
0.434246
0.431961
0.429684
0.427416
0.425155
0.422902
0.420657
0.418420
0.416191
0.413970
0.411756
0.409551
0.407353
0.405162
0.402980
0.400805
0.398638
0.396479
0.394327
0.392183
0.390046
0.387917
0.385796
0.383682
0.381576
0.379477
0.377385
0.375301
0.373224
0.371155
0.369093
0.367039
0.364992
0.362952
0.360919
0.358894
0.356876
0.354865
0.352861
0.350864
0.348875
0.346893
0.344918
0.342950
0.340989
0.339035
0.337088
0.335148
0.333215
0.331289
0.329370
0.327458
0.325552
0.323654
0.321763
0.319878
0.318000
0.316129
0.314265
0.312407
0.310556
0.308712
0.306875
0.305044
0.303220
0.301402
0.299592
0.297787
0.295990
0.294199
0.292414
0.290636
0.288864
0.287099
0.285340
0.283588
0.281842
0.280103
0.278370
0.276643
0.274922
0.273208
0.271501
0.269799
0.268104
0.266415
0.264732
0.263055
0.261385
0.259721
0.258063
0.256410
0.254765
0.253125
0.251491
0.249863
0.248242
0.246626
0.245016
0.243413
0.241815
0.240223
0.238637
0.237057
0.235483
0.233915
0.232353
0.230796
0.229245
0.227700
0.226161
0.224628
0.223100
0.221578
0.220062
0.218552
0.217047
0.215547
0.214054
0.212566
0.211084
0.209607
0.208136
0.206670
0.205210
0.203755
0.202306
0.200863
0.199424
0.197992
0.196564
0.195143
0.193726
0.192315
0.190909
0.189509
0.188114
0.186724
0.185340
0.183961
0.182587
0.181218
0.179855
0.178496
0.177143
0.175796
0.174453
0.173115
0.171783
0.170456
0.169134
0.167817
0.166505
0.165198
0.163896
0.162599
0.161307
0.160020
0.158738
0.157462
0.156190
0.154923
0.153660
0.152403
0.151151
0.149903
0.148661
0.147423
0.146190
0.144962
0.143738
0.142520
0.141306
0.140097
0.138893
0.137693
0.136498
0.135308
0.134122
0.132942
0.131765
0.130594
0.129427
0.128264
0.127107
0.125953
0.124805
0.123661
0.122521
0.121386
0.120255
0.119129
0.118008
0.116890
0.115778
0.114669
0.113566
0.112466
0.111371
0.110280
0.109194
0.108112
0.107035
0.105961
0.104892
0.103828
0.102767
0.101711
0.100659
0.099611
0.098568
0.097529
0.096494
0.095463
0.094436
0.093414
0.092396
0.091381
0.090371
0.089365
0.088364
0.087366
0.086372
0.085382
0.084397
0.083415
0.082438
0.081464
0.080495
0.079529
0.078568
0.077610
0.076656
0.075707
0.074761
0.073819
0.072881
0.071947
0.071016
0.070090
0.069168
0.068249
0.067334
0.066423
0.065516
0.064612
0.063712
0.062816
0.061924
0.061036
0.060151
0.059270
0.058393
0.057519
0.056649
0.055783
0.054920
0.054061
0.053206
0.052354
0.051506
0.050662
0.049821
0.048983
0.048150
0.047319
0.046493
0.045670
0.044850
0.044034
0.043221
0.042412
0.041607
0.040804
0.040006
0.039210
0.038419
0.037630
0.036845
0.036064
0.035285
0.034511
0.033739
0.032971
0.032206
0.031445
0.030687
0.029932
0.029181
0.028432
0.027688
0.026946
0.026208
0.025473
0.024741
0.024012
0.023287
0.022565
0.021846
0.021130
0.020417
0.019708
0.019002
0.018299
0.017599
0.016902
0.016208
0.015518
0.014830
0.014146
0.013465
0.012787
0.012111
0.011439
0.010770
0.010104
0.009441
0.008781
0.008125
0.007471
0.006820
0.006172
0.005527
0.004885
0.004246
0.003610
0.002976
0.002346
0.001719
0.001094
0.000473
-0.000146
-0.000762
-0.001375
-0.001985
-0.002592
-0.003196
-0.003798
-0.004396
-0.004992
-0.005585
-0.006176
-0.006763
-0.007348
-0.007930
-0.008509
-0.009085
-0.009659
-0.010230
-0.010798
-0.011363
-0.011926
-0.012486
-0.013043
-0.013598
-0.014150
-0.014699
-0.015246
-0.015790
-0.016331
-0.016870
-0.017406
-0.017939
-0.018470
-0.018999
-0.019524
-0.020047
-0.020568
-0.021086
-0.021601
-0.022114
-0.022624
-0.023132
-0.023637
-0.024139
-0.024639
-0.025137
-0.025632
-0.026125
-0.026615
-0.027102
-0.027588
-0.028070
-0.028551
-0.029028
-0.029504
-0.029977
-0.030447
-0.030915
-0.031381
-0.031844
-0.032305
-0.032764
-0.033220
-0.033674
-0.034125
-0.034574
-0.035021
-0.035465
-0.035907
-0.036347
-0.036784
-0.037219
-0.037652
-0.038083
-0.038511
-0.038937
-0.039360
-0.039782
-0.040201
-0.040618
-0.041032
-0.041445
-0.041855
-0.042263
-0.042668
-0.043072
-0.043473
-0.043872
-0.044269
-0.044664
-0.045056
-0.045447
-0.045835
-0.046221
-0.046605
-0.046986
-0.047366
-0.047743
-0.048119
-0.048492
-0.048863
-0.049232
-0.049599
-0.049964
-0.050327
-0.050688
-0.051046
-0.051403
-0.051757
-0.052110
-0.052460
-0.052809
-0.053155
-0.053500
-0.053842
-0.054182
-0.054521
-0.054857
-0.055191
-0.055524
-0.055854
-0.056183
-0.056509
-0.056834
-0.057156
-0.057477
-0.057795
-0.058112
-0.058427
-0.058740
-0.059051
-0.059360
-0.059667
-0.059973
-0.060276
-0.060578
-0.060877
-0.061175
-0.061471
-0.061765
-0.062058
-0.062348
-0.062637
-0.062923
-0.063208
-0.063491
-0.063773
-0.064052
-0.064330
-0.064606
-0.064880
-0.065152
-0.065423
-0.065692
-0.065959
-0.066224
-0.066488
-0.066749
-0.067009
-0.067268
-0.067524
-0.067779
-0.068032
-0.068284
-0.068534
-0.068782
-0.069028
-0.069273
-0.069516
-0.069757
-0.069997
-0.070235
-0.070471
-0.070706
-0.070939
-0.071171
-0.071400
-0.071629
-0.071855
-0.072080
-0.072303
-0.072525
-0.072745
-0.072964
-0.073181
-0.073396
-0.073610
-0.073822
-0.074033
-0.074242
-0.074450
-0.074656
-0.074860
-0.075063
-0.075265
-0.075465
-0.075663
-0.075860
-0.076056
-0.076249
-0.076442
-0.076633
-0.076822
-0.077010
-0.077197
-0.077382
-0.077565
-0.077748
-0.077928
-0.078108
-0.078285
-0.078462
-0.078637
-0.078810
-0.078982
-0.079153
-0.079323
-0.079490
-0.079657
-0.079822
-0.079986
-0.080148
-0.080309
-0.080469
-0.080627
-0.080784
-0.080940
-0.081094
-0.081247
-0.081399
-0.081549
-0.081698
-0.081846
-0.081992
-0.082137
-0.082281
-0.082423
-0.082564
-0.082704
-0.082843
-0.082980
-0.083116
-0.083251
-0.083385
-0.083517
-0.083648
-0.083778
-0.083907
-0.084034
-0.084160
-0.084285
-0.084409
-0.084532
-0.084653
-0.084773
-0.084892
-0.085010
-0.085126
-0.085242
-0.085356
-0.085469
-0.085581
-0.085692
-0.085801
-0.085910
-0.086017
-0.086124
-0.086229
-0.086333
-0.086436
-0.086537
-0.086638
-0.086738
-0.086836
-0.086933
-0.087030
-0.087125
-0.087219
-0.087312
-0.087404
-0.087495
-0.087585
-0.087674
-0.087762
-0.087849
-0.087934
-0.088019
-0.088103
-0.088185
-0.088267
-0.088348
-0.088427
-0.088506
-0.088584
-0.088660
-0.088736
-0.088811
-0.088885
-0.088957
-0.089029
-0.089100
-0.089170
-0.089239
-0.089307
-0.089374
-0.089440
-0.089506
-0.089570
-0.089634
-0.089696
-0.089758
-0.089818
-0.089878
-0.089937
-0.089995
-0.090052
-0.090109
-0.090164
-0.090218
-0.090272
-0.090325
-0.090377
-0.090428
-0.090478
-0.090528
-0.090576
-0.090624
-0.090671
-0.090717
-0.090763
-0.090807
-0.090851
-0.090894
-0.090936
-0.090977
-0.091018
-0.091057
-0.091096
-0.091135
-0.091172
-0.091209
-0.091245
-0.091280
-0.091314
-0.091348
-0.091381
-0.091413
-0.091444
-0.091475
-0.091505
-0.091534
-0.091563
-0.091591
-0.091618
-0.091645
-0.091670
-0.091695
-0.091720
-0.091744
-0.091767
-0.091789
-0.091811
-0.091832
-0.091852
-0.091872
-0.091891
-0.091909
-0.091927
-0.091944
-0.091961
-0.091977
-0.091992
-0.092006
-0.092020
-0.092034
-0.092047
-0.092059
-0.092070
-0.092081
-0.092092
-0.092102
-0.092111
-0.092120
-0.092128
-0.092135
-0.092142
-0.092148
-0.092154
-0.092159
-0.092164
-0.092168
-0.092172
-0.092175
-0.092177
-0.092179
-0.092181
-0.092182
-0.092182
-0.092182
-0.092182
-0.092180
-0.092179
-0.092177
-0.092174
-0.092171
-0.092167
-0.092163
-0.092159
-0.092154
-0.092148
-0.092142
-0.092136
-0.092129
-0.092121
-0.092114
-0.092105
-0.092097
-0.092087
-0.092078
-0.092068
-0.092057
-0.092046
-0.092035
-0.092023
-0.092011
-0.091998
-0.091985
-0.091972
-0.091958
-0.091944
-0.091929
-0.091914
-0.091898
-0.091882
-0.091866
-0.091850
-0.091833
-0.091815
-0.091797
-0.091779
-0.091761
-0.091742
-0.091723
-0.091703
-0.091683
-0.091663
-0.091642
-0.091621
-0.091600
-0.091578
-0.091556
-0.091534
-0.091511
-0.091488
-0.091465
-0.091441
-0.091418
-0.091393
-0.091369
-0.091344
-0.091319
-0.091293
-0.091267
-0.091241
-0.091215
-0.091188
-0.091161
-0.091134
-0.091106
-0.091079
-0.091051
-0.091022
-0.090994
-0.090965
-0.090935
-0.090906
-0.090876
-0.090846
-0.090816
-0.090786
-0.090755
-0.090724
-0.090693
-0.090661
-0.090630
-0.090598
-0.090565
-0.090533
-0.090500
-0.090468
-0.090434
-0.090401
-0.090368
-0.090334
-0.090300
-0.090266
-0.090231
-0.090197
-0.090162
-0.090127
-0.090092
-0.090056
-0.090021
-0.089985
-0.089949
-0.089913
-0.089877
-0.089840
-0.089803
-0.089766
-0.089729
-0.089692
-0.089655
-0.089617
-0.089579
-0.089541
-0.089503
-0.089465
-0.089426
-0.089388
-0.089349
-0.089310
-0.089271
-0.089232
-0.089193
-0.089153
-0.089113
-0.089074
-0.089034
-0.088994
-0.088953
-0.088913
-0.088873
-0.088832
-0.088791
-0.088750
-0.088709
-0.088668
-0.088627
-0.088586
-0.088544
-0.088503
-0.088461
-0.088419
-0.088377
-0.088335
-0.088293
-0.088251
-0.088209
-0.088166
-0.088124
-0.088081
-0.088038
-0.087995
-0.087952
-0.087909
-0.087866
-0.087823
-0.087780
-0.087736
-0.087693
-0.087649
-0.087606
-0.087562
-0.087518
-0.087474
-0.087430
-0.087386
-0.087342
-0.087298
-0.087254
-0.087210
-0.087165
-0.087121
-0.087077
-0.087032
-0.086987
-0.086943
-0.086898
-0.086853
-0.086808
-0.086763
-0.086719
-0.086674
-0.086629
-0.086583
-0.086538
-0.086493
-0.086448
-0.086403
-0.086357
-0.086312
-0.086267
-0.086221
-0.086176
-0.086130
-0.086085
-0.086039
-0.085994
-0.085948
-0.085902
-0.085857
-0.085811
-0.085765
-0.085719
-0.085674
-0.085628
-0.085582
-0.085536
-0.085490
-0.085444
-0.085398
-0.085353
-0.085307
-0.085261
-0.085215
-0.085169
-0.085123
-0.085077
-0.085031
-0.084985
-0.084939
-0.084893
-0.084847
-0.084801
-0.084755
-0.084708
-0.084662
-0.084616
-0.084570
-0.084524
-0.084478
-0.084432
-0.084386
-0.084340
-0.084294
-0.084248
-0.084202
-0.084156
-0.084110
-0.084064
-0.084018
-0.083972
-0.083926
-0.083880
-0.083834
-0.083788
-0.083742
-0.083697
-0.083651
-0.083605
-0.083559
-0.083513
-0.083467
-0.083422
-0.083376
-0.083330
-0.083284
-0.083239
-0.083193
-0.083148
-0.083102
-0.083056
-0.083011
-0.082965
-0.082920
-0.082874
-0.082829
-0.082783
-0.082738
-0.082693
-0.082647
-0.082602
-0.082557
-0.082512
-0.082466
-0.082421
-0.082376
-0.082331
-0.082286
-0.082241
-0.082196
-0.082151
-0.082106
-0.082061
-0.082017
-0.081972
-0.081927
-0.081882
-0.081838
-0.081793
-0.081749
-0.081704
-0.081660
-0.081615
-0.081571
-0.081527
-0.081482
-0.081438
-0.081394
-0.081350
-0.081306
-0.081261
-0.081217
-0.081174
-0.081130
-0.081086
-0.081042
-0.080998
-0.080954
-0.080911
-0.080867
-0.080824
-0.080780
-0.080737
-0.080693
-0.080650
-0.080607
-0.080563
-0.080520
-0.080477
-0.080434
-0.080391
-0.080348
-0.080305
-0.080262
-0.080220
-0.080177
-0.080134
-0.080092
-0.080049
-0.080007
-0.079964
-0.079922
-0.079879
-0.079837
-0.079795
-0.079753
-0.079711
-0.079669
-0.079627
-0.079585
-0.079543
-0.079501
-0.079460
-0.079418
-0.079376
-0.079335
-0.079294
-0.079252
-0.079211
-0.079170
-0.079128
-0.079087
-0.079046
-0.079005
-0.078964
-0.078923
-0.078883
-0.078842
-0.078801
-0.078761
-0.078720
-0.078680
-0.078639
-0.078599
-0.078559
-0.078518
-0.078478
-0.078438
-0.078398
-0.078358
-0.078318
-0.078279
-0.078239
-0.078199
-0.078160
-0.078120
-0.078081
-0.078041
-0.078002
-0.077963
-0.077924
-0.077885
-0.077846
-0.077807
-0.077768
-0.077729
-0.077690
-0.077652
-0.077613
-0.077574
-0.077536
-0.077498
-0.077459
-0.077421
-0.077383
-0.077345
-0.077307
-0.077269
-0.077231
-0.077193
-0.077155
-0.077118
-0.077080
-0.077043
-0.077005
-0.076968
-0.076931
-0.076893
-0.076856
-0.076819
-0.076782
-0.076745
-0.076708
-0.076672
-0.076635
-0.076598
-0.076562
-0.076525
-0.076489
-0.076452
-0.076416
-0.076380
-0.076344
-0.076308
-0.076272
-0.076236
-0.076200
-0.076164
-0.076129
-0.076093
-0.076057
-0.076022
-0.075987
-0.075951
-0.075916
-0.075881
-0.075846
-0.075811
-0.075776
-0.075741
-0.075706
-0.075671
-0.075637
-0.075602
-0.075568
-0.075533
-0.075499
-0.075465
-0.075431
-0.075396
-0.075362
-0.075328
-0.075294
-0.075261
-0.075227
-0.075193
-0.075160
-0.075126
-0.075093
-0.075059
-0.075026
-0.074993
-0.074960
-0.074927
-0.074894
-0.074861
-0.074828
-0.074795
-0.074762
-0.074730
-0.074697
-0.074665
-0.074632
-0.074600
-0.074568
-0.074535
-0.074503
-0.074471
-0.074439
-0.074407
-0.074375
-0.074344
-0.074312
-0.074280
-0.074249
-0.074217
-0.074186
-0.074155
-0.074124
-0.074092
-0.074061
-0.074030
-0.073999
-0.073968
-0.073938
-0.073907
-0.073876
-0.073846
-0.073815
-0.073785
-0.073754
-0.073724
-0.073694
-0.073664
-0.073634
-0.073604
-0.073574
-0.073544
-0.073514
-0.073484
-0.073455
-0.073425
-0.073396
-0.073366
-0.073337
-0.073308
-0.073278
-0.073249
-0.073220
-0.073191
-0.073162
-0.073134
-0.073105
-0.073076
-0.073047
-0.073019
-0.072990
-0.072962
-0.072934
-0.072905
-0.072877
-0.072849
-0.072821
-0.072793
-0.072765
-0.072737
-0.072709
-0.072682
-0.072654
-0.072626
-0.072599
-0.072571
-0.072544
-0.072517
-0.072490
-0.072462
-0.072435
-0.072408
-0.072381
-0.072354
-0.072328
-0.072301
-0.072274
-0.072248
-0.072221
-0.072195
-0.072168
-0.072142
-0.072116
-0.072089
-0.072063
-0.072037
-0.072011
-0.071985
-0.071959
-0.071934
-0.071908
-0.071882
-0.071857
-0.071831
-0.071806
-0.071780
-0.071755
-0.071730
-0.071704
-0.071679
-0.071654
-0.071629
-0.071604
-0.071579
-0.071555
-0.071530
-0.071505
-0.071481
-0.071456
-0.071432
-0.071407
-0.071383
-0.071359
-0.071334
-0.071310
-0.071286
-0.071262
-0.071238
-0.071214
-0.071191
-0.071167
-0.071143
-0.071119
-0.071096
-0.071072
-0.071049
-0.071026
-0.071002
-0.070979
-0.070956
-0.070933
-0.070910
-0.070887
-0.070864
-0.070841
-0.070818
-0.070795
-0.070773
-0.070750
-0.070727
-0.070705
-0.070683
-0.070660
-0.070638
-0.070616
-0.070593
-0.070571
-0.070549
-0.070527
-0.070505
-0.070483
-0.070462
-0.070440
-0.070418
-0.070396
-0.070375
-0.070353
-0.070332
-0.070311
-0.070289
-0.070268
-0.070247
-0.070225
-0.070204
-0.070183
-0.070162
-0.070141
-0.070121
-0.070100
-0.070079
-0.070058
-0.070038
-0.070017
-0.069997
-0.069976
-0.069956
-0.069935
-0.069915
-0.069895
-0.069875
-0.069855
-0.069835
-0.069815
-0.069795
-0.069775
-0.069755
-0.069735
-0.069715
-0.069696
-0.069676
-0.069657
-0.069637
-0.069618
-0.069598
-0.069579
-0.069560
-0.069541
-0.069521
-0.069502
-0.069483
-0.069464
-0.069445
-0.069426
-0.069408
-0.069389
-0.069370
-0.069351
-0.069333
-0.069314
-0.069296
-0.069277
-0.069259
-0.069241
-0.069222
-0.069204
-0.069186
-0.069168
-0.069150
-0.069132
-0.069114
-0.069096
-0.069078
-0.069060
-0.069042
-0.069025
-0.069007
-0.068989
-0.068972
-0.068954
-0.068937
-0.068920
-0.068902
-0.068885
-0.068868
-0.068851
-0.068833
-0.068816
-0.068799
-0.068782
-0.068765
-0.068749
-0.068732
-0.068715
-0.068698
-0.068682
-0.068665
-0.068648
-0.068632
-0.068615
-0.068599
-0.068582
-0.068566
-0.068550
-0.068534
-0.068517
-0.068501
-0.068485
-0.068469
-0.068453
-0.068437
-0.068421
-0.068405
-0.068390
-0.068374
-0.068358
-0.068343
-0.068327
-0.068311
-0.068296
-0.068280
-0.068265
-0.068250
-0.068234
-0.068219
-0.068204
-0.068189
-0.068173
-0.068158
-0.068143
-0.068128
-0.068113
-0.068098
-0.068084
-0.068069
-0.068054
-0.068039
-0.068025
-0.068010
-0.067995
-0.067981
-0.067966
-0.067952
-0.067937
-0.067923
-0.067909
-0.067895
-0.067880
-0.067866
-0.067852
-0.067838
-0.067824
-0.067810
-0.067796
-0.067782
-0.067768
-0.067754
-0.067740
-0.067727
-0.067713
-0.067699
-0.067686
-0.067672
-0.067659
-0.067645
-0.067632
-0.067618
-0.067605
-0.067591
-0.067578
-0.067565
-0.067552
-0.067539
-0.067525
-0.067512
-0.067499
-0.067486
-0.067473
-0.067460
-0.067448
-0.067435
-0.067422
-0.067409
-0.067397
-0.067384
-0.067371
-0.067359
-0.067346
-0.067334
-0.067321
-0.067309
-0.067296
-0.067284
-0.067272
-0.067259
-0.067247
-0.067235
-0.067223
-0.067211
-0.067199
-0.067187
-0.067175
-0.067163
-0.067151
-0.067139
-0.067127
-0.067115
-0.067103
-0.067092
-0.067080
-0.067068
-0.067057
-0.067045
-0.067034
-0.067022
-0.067011
-0.066999
-0.066988
-0.066976
-0.066965
-0.066954
-0.066943
-0.066931
-0.066920
-0.066909
-0.066898
-0.066887
-0.066876
-0.066865
-0.066854
-0.066843
-0.066832
-0.066821
-0.066811
-0.066800
-0.066789

