0.000000
0.000000
-0.000006
-0.000014
-0.000023
-0.000034
-0.000045
-0.000058
-0.000070
-0.000084
-0.000097
-0.000111
-0.000125
-0.000140
-0.000155
-0.000170
-0.000185
-0.000201
-0.000217
-0.000233
-0.000249
-0.000266
-0.000282
-0.000299
-0.000316
-0.000333
-0.000351
-0.000368
-0.000386
-0.000404
-0.000422
-0.000440
-0.000459
-0.000477
-0.000496
-0.000515
-0.000534
-0.000553
-0.000572
-0.000591
-0.000611
-0.000631
-0.000651
-0.000670
-0.000691
-0.000711
-0.000731
-0.000751
-0.000772
-0.000793
-0.000813
-0.000834
-0.000855
-0.000876
-0.000898
-0.000919
-0.000940
-0.000962
-0.000984
-0.001005
-0.001027
-0.001049
-0.001071
-0.001093
-0.001115
-0.001138
-0.001160
-0.001183
-0.001205
-0.001228
-0.001251
-0.001273
-0.001296
-0.001319
-0.001342
-0.001366
-0.001389
-0.001412
-0.001435
-0.001459
-0.001482
-0.001506
-0.001530
-0.001553
-0.001577
-0.001601
-0.001625
-0.001649
-0.001673
-0.001697
-0.001722
-0.001746
-0.001770
-0.001795
-0.001819
-0.001844
-0.001868
-0.001893
-0.001918
-0.001942
-0.001967
-0.001992
-0.002017
-0.002042
-0.002067
-0.002092
-0.002118
-0.002143
-0.002168
-0.002193
-0.002219
-0.002244
-0.002270
-0.002295
-0.002321
-0.002346
-0.002372
-0.002398
-0.002424
-0.002449
-0.002475
-0.002501
-0.002527
-0.002553
-0.002579
-0.002605
-0.002631
-0.002658
-0.002684
-0.002710
-0.002736
-0.002763
-0.002789
-0.002815
-0.002842
-0.002868
-0.002895
-0.002921
-0.002948
-0.002975
-0.003001
-0.003028
-0.003055
-0.003082
-0.003108
-0.003135
-0.003162
-0.003189
-0.003216
-0.003243
-0.003270
-0.003297
-0.003324
-0.003351
-0.003379
-0.003406
-0.003433
-0.003460
-0.003487
-0.003515
-0.003542
-0.003569
-0.003597
-0.003624
-0.003652
-0.003679
-0.003707
-0.003734
-0.003762
-0.003789
-0.003817
-0.003845
-0.003872
-0.003900
-0.003928
-0.003955
-0.003983
-0.004011
-0.004039
-0.004067
-0.004094
-0.004122
-0.004150
-0.004178
-0.004206
-0.004234
-0.004262
-0.004290
-0.004318
-0.004346
-0.004374
-0.004402
-0.004430
-0.004459
-0.004487
-0.004515
-0.004543
-0.004571
-0.004599
-0.004628
-0.004656
-0.004684
-0.004713
-0.004741
-0.004769
-0.004798
-0.004826
-0.004854
-0.004883
-0.004911
-0.004940
-0.004968
-0.004997
-0.005025
-0.005054
-0.005082
-0.005111
-0.005139
-0.005168
-0.005197
-0.005225
-0.005254
-0.005282
-0.005311
-0.005340
-0.005368
-0.005397
-0.005426
-0.005455
-0.005483
-0.005512
-0.005541
-0.005570
-0.005598
-0.005627
-0.005656
-0.005685
-0.005714
-0.005743
-0.005771
-0.005800
-0.005829
-0.005858
-0.005887
-0.005916
-0.005945
-0.005974
-0.006003
-0.006032
-0.006061
-0.006090
-0.006119
-0.006148
-0.006177
-0.006206
-0.006235
-0.006264
-0.006293
-0.006322
-0.006351
-0.006380
-0.006409
-0.006438
-0.006467
-0.006496
-0.006525
-0.006555
-0.006584
-0.006613
-0.006642
-0.006671
-0.006700
-0.006729
-0.006759
-0.006788
-0.006817
-0.006846
-0.006875
-0.006905
-0.006934
-0.006963
-0.006992
-0.007022
-0.007051
-0.007080
-0.007109
-0.007139
-0.007168
-0.007197
-0.007226
-0.007256
-0.007285
-0.007314
-0.007344
-0.007373
-0.007402
-0.007432
-0.007461
-0.007490
-0.007520
-0.007549
-0.007578
-0.007608
-0.007637
-0.007666
-0.007696
-0.007725
-0.007754
-0.007784
-0.007813
-0.007842
-0.007872
-0.007901
-0.007931
-0.007960
-0.007989
-0.008019
-0.008048
-0.008078
-0.008107
-0.008136
-0.008166
-0.008195
-0.008225
-0.008254
-0.008283
-0.008313
-0.008342
-0.008372
-0.008401
-0.008431
-0.008460
-0.008489
-0.008519
-0.008548
-0.008578
-0.008607
-0.008637
-0.008666
-0.008695
-0.008725
-0.008754
-0.008784
-0.008813
-0.008843
-0.008872
-0.008902
-0.008931
-0.008960
-0.008990
-0.009019
-0.009049
-0.009078
-0.009108
-0.009137
-0.009167
-0.009196
-0.009225
-0.009255
-0.009284
-0.009314
-0.009343
-0.009373
-0.009402
-0.009432
-0.009461
-0.009490
-0.009520
-0.009549
-0.009579
-0.009608
-0.009638
-0.009667
-0.009696
-0.009726
-0.009755
-0.009785
-0.009814
-0.009844
-0.009873
-0.009902
-0.009932
-0.009961
-0.009991
-0.010020
-0.010050
-0.010079
-0.010108
-0.010138
-0.010167
-0.010197
-0.010226
-0.010255
-0.010285
-0.010314
-0.010344
-0.010373
-0.010402
-0.010432
-0.010461
-0.010490
-0.010520
-0.010549
-0.010579
-0.010608
-0.010637
-0.010667
-0.010696
-0.010725
-0.010755
-0.010784
-0.010813
-0.010843
-0.010872
-0.010901
-0.010931
-0.010960
-0.010989
-0.011019
-0.011048
-0.011077
-0.011107
-0.011136
-0.011165
-0.011195
-0.011224
-0.011253
-0.011282
-0.011312
-0.011341
-0.011370
-0.011400
-0.011429
-0.011458
-0.011487
-0.011517
-0.011546
-0.011575
-0.011604
-0.011634
-0.011663
-0.011692
-0.011721
-0.011750
-0.011780
-0.011809
-0.011838
-0.011867
-0.011896
-0.011926
-0.011955
-0.011984
-0.012013
-0.012042
-0.012071
-0.012101
-0.012130
-0.012159
-0.012188
-0.012217
-0.012246
-0.012275
-0.012304
-0.012334
-0.012363
-0.012392
-0.012421
-0.012450
-0.012479
-0.012508
-0.012537
-0.012566
-0.012595
-0.012624
-0.012653
-0.012682
-0.012711
-0.012740
-0.012769
-0.012798
-0.012827
-0.012856
-0.012885
-0.012914
-0.012943
-0.012972
-0.013001
-0.013030
-0.013059
-0.013088
-0.013117
-0.013146
-0.013175
-0.013204
-0.013233
-0.013262
-0.013291
-0.013320
-0.013348
-0.013377
-0.013406
-0.013435
-0.013464
-0.013493
-0.013522
-0.013551
-0.013579
-0.013608
-0.013637
-0.013666
-0.013695
-0.013723
-0.013752
-0.013781
-0.013810
-0.013839
-0.013867
-0.013896
-0.013925
-0.013954
-0.013982
-0.014011
-0.014040
-0.014068
-0.014097
-0.014126
-0.014155
-0.014183
-0.014212
-0.014241
-0.014269
-0.014298
-0.014326
-0.014355
-0.014384
-0.014412
-0.014441
-0.014470
-0.014498
-0.014527
-0.014555
-0.014584
-0.014612
-0.014641
-0.014670
-0.014698
-0.014727
-0.014755
-0.014784
-0.014812
-0.014841
-0.014869
-0.014898
-0.014926
-0.014955
-0.014983
-0.015011
-0.015040
-0.015068
-0.015097
-0.015125
-0.015154
-0.015182
-0.015210
-0.015239
-0.015267
-0.015295
-0.015324
-0.015352
-0.015380
-0.015409
-0.015437
-0.015465
-0.015494
-0.015522
-0.015550
-0.015579
-0.015607
-0.015635
-0.015663
-0.015692
-0.015720
-0.015748
-0.015776
-0.015804
-0.015833
-0.015861
-0.015889
-0.015917
-0.015945
-0.015974
-0.016002
-0.016030
-0.016058
-0.016086
-0.016114
-0.016142
-0.016170
-0.016198
-0.016226
-0.016255
-0.016283
-0.016311
-0.016339
-0.016367
-0.016395
-0.016423
-0.016451
-0.016479
-0.016507
-0.016535
-0.016563
-0.016590
-0.016618
-0.016646
-0.016674
-0.016702
-0.016730
-0.016758
-0.016786
-0.016814
-0.016842
-0.016869
-0.016897
-0.016925
-0.016953
-0.016981
-0.017009
-0.017036
-0.017064
-0.017092
-0.017120
-0.017147
-0.017175
-0.017203
-0.017231
-0.017258
-0.017286
-0.017314
-0.017341
-0.017369
-0.017397
-0.017424
-0.017452
-0.017480
-0.017507
-0.017535
-0.017563
-0.017590
-0.017618
-0.017645
-0.017673
-0.017700
-0.017728
-0.017756
-0.017783
-0.017811
-0.017838
-0.017866
-0.017893
-0.017921
-0.017948
-0.017975
-0.018003
-0.018030
-0.018058
-0.018085
-0.018113
-0.018140
-0.018167
-0.018195
-0.018222
-0.018249
-0.018277
-0.018304
-0.018331
-0.018359
-0.018386
-0.018413
-0.018441
-0.018468
-0.018495
-0.018522
-0.018550
-0.018577
-0.018604
-0.018631
-0.018658
-0.018686
-0.018713
-0.018740
-0.018767
-0.018794
-0.018821
-0.018849
-0.018876
-0.018903
-0.018930
-0.018957
-0.018984
-0.019011
-0.019038
-0.019065
-0.019092
-0.019119
-0.019146
-0.019173
-0.019200
-0.019227
-0.019254
-0.019281
-0.019308
-0.019335
-0.019362
-0.019389
-0.019416
-0.019443
-0.019469
-0.019496
-0.019523
-0.019550
-0.019577
-0.019604
-0.019631
-0.019657
-0.019684
-0.019711
-0.019738
-0.019764
-0.019791
-0.019818
-0.019845
-0.019871
-0.019898
-0.019925
-0.019951
-0.019978
-0.020005
-0.020031
-0.020058
-0.020085
-0.020111
-0.020138
-0.020165
-0.020191
-0.020218
-0.020244
-0.020271
-0.020297
-0.020324
-0.020350
-0.020377
-0.020403
-0.020430
-0.020456
-0.020483
-0.020509
-0.020536
-0.020562
-0.020589
-0.020615
-0.020641
-0.020668
-0.020694
-0.020721
-0.020747
-0.020773
-0.020800
-0.020826
-0.020852
-0.020879
-0.020905
-0.020931
-0.020957
-0.020984
-0.021010
-0.021036
-0.021062
-0.021089
-0.021115
-0.021141
-0.021167
-0.021193
-0.021219
-0.021246
-0.021272
-0.021298
-0.021324
-0.021350
-0.021376
-0.021402
-0.021428
-0.021454
-0.021480
-0.021506
-0.021532
-0.021558
-0.021584
-0.021610
-0.021636
-0.021662
-0.021688
-0.021714
-0.021740
-0.021766
-0.021792
-0.021818
-0.021844
-0.021870
-0.021895
-0.021921
-0.021947
-0.021973
-0.021999
-0.022025
-0.022050
-0.022076
-0.022102
-0.022128
-0.022153
-0.022179
-0.022205
-0.022231
-0.022256
-0.022282
-0.022308
-0.022333
-0.022359
-0.022385
-0.022410
-0.022436
-0.022462
-0.022487
-0.022513
-0.022538
-0.022564
-0.022589
-0.022615
-0.022641
-0.022666
-0.022692
-0.022717
-0.022743
-0.022768
-0.022794
-0.022819
-0.022844
-0.022870
-0.022895
-0.022921
-0.022946
-0.022971
-0.022997
-0.023022
-0.023048
-0.023073
-0.023098
-0.023124
-0.023149
-0.023174
-0.023199
-0.023225
-0.023250
-0.023275
-0.023300
-0.023326
-0.023351
-0.023376
-0.023401
-0.023426
-0.023452
-0.023477
-0.023502
-0.023527
-0.023552
-0.023577
-0.023602
-0.023627
-0.023653
-0.023678
-0.023703
-0.023728
-0.023753
-0.023778
-0.023803
-0.023828
-0.023853
-0.023878
-0.023903
-0.023928
-0.023953
-0.023977
-0.024002
-0.024027
-0.024052
-0.024077
-0.024102
-0.024127
-0.024152
-0.024176
-0.024201
-0.024226
-0.024251
-0.024276
-0.024300
-0.024325
-0.024350
-0.024375
-0.024399
-0.024424
-0.024449
-0.024474
-0.024498
-0.024523
-0.024548
-0.024572
-0.024597
-0.024622
-0.024646
-0.024671
-0.024695
-0.024720
-0.024745
-0.024769
-0.024794
-0.024818
-0.024843
-0.024867
-0.024892
-0.024916
-0.024941
-0.024965
-0.024990
-0.025014
-0.025038
-0.025063
-0.025087
-0.025112
-0.025136
-0.025160
-0.025185
-0.025209
-0.025233
-0.025258
-0.025282
-0.025306
-0.025331
-0.025355
-0.025379
-0.025404
-0.025428
-0.025452
-0.025476
-0.025500
-0.025525
-0.025549
-0.025573
-0.025597
-0.025621
-0.025645
-0.025670
-0.025694
-0.025718
-0.025742
-0.025766
-0.025790
-0.025814
-0.025838
-0.025862
-0.025886
-0.025910
-0.025934
-0.025958
-0.025982
-0.026006
-0.026030
-0.026054
-0.026078
-0.026102
-0.026126
-0.026150
-0.026174
-0.026198
-0.026221
-0.026245
-0.026269
-0.026293
-0.026317
-0.026341
-0.026364
-0.026388
-0.026412
-0.026436
-0.026460
-0.026483
-0.026507
-0.026531
-0.026554
-0.026578
-0.026602
-0.026625
-0.026649
-0.026673
-0.026696
-0.026720
-0.026744
-0.026767
-0.026791
-0.026814
-0.026838
-0.026862
-0.026885
-0.026909
-0.026932
-0.026956
-0.026979
-0.027003
-0.027026
-0.027050
-0.027073
-0.027096
-0.027120
-0.027143
-0.027167
-0.027190
-0.027214
-0.027237
-0.027260
-0.027284
-0.027307
-0.027330
-0.027354
-0.027377
-0.027400
-0.027423
-0.027447
-0.027470
-0.027493
-0.027516
-0.027540
-0.027563
-0.027586
-0.027609
-0.027632
-0.027656
-0.027679
-0.027702
-0.027725
-0.027748
-0.027771
-0.027794
-0.027818
-0.027841
-0.027864
-0.027887
-0.027910
-0.027933
-0.027956
-0.027979
-0.028002
-0.028025
-0.028048
-0.028071
-0.028094
-0.028117
-0.028140
-0.028162
-0.028185
-0.028208
-0.028231
-0.028254
-0.028277
-0.028300
-0.028323
-0.028345
-0.028368
-0.028391
-0.028414
-0.028437
-0.028459
-0.028482
-0.028505
-0.028528
-0.028550
-0.028573
-0.028596
-0.028618
-0.028641
-0.028664
-0.028686
-0.028709
-0.028732
-0.028754
-0.028777
-0.028799
-0.028822
-0.028845
-0.028867
-0.028890
-0.028912
-0.028935
-0.028957
-0.028980
-0.029002
-0.029025
-0.029047
-0.029070
-0.029092
-0.029115
-0.029137
-0.029160
-0.029182
-0.029204
-0.029227
-0.029249
-0.029271
-0.029294
-0.029316
-0.029338
-0.029361
-0.029383
-0.029405
-0.029428
-0.029450
-0.029472
-0.029494
-0.029517
-0.029539
-0.029561
-0.029583
-0.029606
-0.029628
-0.029650
-0.029672
-0.029694
-0.029716
-0.029738
-0.029761
-0.029783
-0.029805
-0.029827
-0.029849
-0.029871
-0.029893
-0.029915
-0.029937
-0.029959
-0.029981
-0.030003
-0.030025
-0.030047
-0.030069
-0.030091
-0.030113
-0.030135
-0.030157
-0.030179
-0.030200
-0.030222
-0.030244
-0.030266
-0.030288
-0.030310
-0.030332
-0.030353
-0.030375
-0.030397
-0.030419
-0.030441
-0.030462
-0.030484
-0.030506
-0.030528
-0.030549
-0.030571
-0.030593
-0.030614
-0.030636
-0.030658
-0.030679
-0.030701
-0.030723
-0.030744
-0.030766
-0.030787
-0.030809
-0.030830
-0.030852
-0.030874
-0.030895
-0.030917
-0.030938
-0.030960
-0.030981
-0.031003
-0.031024
-0.031046
-0.031067
-0.031088
-0.031110
-0.031131
-0.031153
-0.031174
-0.031195
-0.031217
-0.031238
-0.031260
-0.031281
-0.031302
-0.031324
-0.031345
-0.031366
-0.031387
-0.031409
-0.031430
-0.031451
-0.031472
-0.031494
-0.031515
-0.031536
-0.031557
-0.031578
-0.031600
-0.031621
-0.031642
-0.031663
-0.031684
-0.031705
-0.031726
-0.031748
-0.031769
-0.031790
-0.031811
-0.031832
-0.031853
-0.031874
-0.031895
-0.031916
-0.031937
-0.031958
-0.031979
-0.032000
-0.032021
-0.032042
-0.032063
-0.032084
-0.032104
-0.032125
-0.032146
-0.032167
-0.032188
-0.032209
-0.032230
-0.032251
-0.032271
-0.032292
-0.032313
-0.032334
-0.032355
-0.032375
-0.032396
-0.032417
-0.032438
-0.032458
-0.032479
-0.032500
-0.032520
-0.032541
-0.032562
-0.032582
-0.032603
-0.032624
-0.032644
-0.032665
-0.032686
-0.032706
-0.032727
-0.032747
-0.032768
-0.032788
-0.032809
-0.032830
-0.032850
-0.032871
-0.032891
-0.032912
-0.032932
-0.032953
-0.032973
-0.032993
-0.033014
-0.033034
-0.033055
-0.033075
-0.033095
-0.033116
-0.033136
-0.033157
-0.033177
-0.033197
-0.033218
-0.033238
-0.033258
-0.033279
-0.033299
-0.033319
-0.033339
-0.033360
-0.033380
-0.033400
-0.033420
-0.033441
-0.033461
-0.033481
-0.033501
-0.033521
-0.033541
-0.033562
-0.033582
-0.033602
-0.033622
-0.033642
-0.033662
-0.033682
-0.033702
-0.033722
-0.033742
-0.033762
-0.033783
-0.033803
-0.033823
-0.033843
-0.033863
-0.033883
-0.033902
-0.033922
-0.033942
-0.033962
-0.033982
-0.034002
-0.034022
-0.034042
-0.034062
-0.034082
-0.034102
-0.034121
-0.034141
-0.034161
-0.034181
-0.034201
-0.034221
-0.034240
-0.034260
-0.034280
-0.034300
-0.034319
-0.034339
-0.034359
-0.034379
-0.034398
-0.034418
-0.034438
-0.034457
-0.034477
-0.034497
-0.034516
-0.034536
-0.034556
-0.034575
-0.034595
-0.034614
-0.034634
-0.034654
-0.034673
-0.034693
-0.034712
-0.034732
-0.034751
-0.034771
-0.034790
-0.034810
-0.034829
-0.034849
-0.034868
-0.034888
-0.034907
-0.034926
-0.034946
-0.034965
-0.034985
-0.035004
-0.035023
-0.035043
-0.035062
-0.035081
-0.035101
-0.035120
-0.035139
-0.035159
-0.035178
-0.035197
-0.035217
-0.035236
-0.035255
-0.035274
-0.035294
-0.035313
-0.035332
-0.035351
-0.035370
-0.035390
-0.035409
-0.035428
-0.035447
-0.035466
-0.035485
-0.035504
-0.035523
-0.035543
-0.035562
-0.035581
-0.035600
-0.035619
-0.035638
-0.035657
-0.035676
-0.035695
-0.035714
-0.035733
-0.035752
-0.035771
-0.035790
-0.035809
-0.035828
-0.035847
-0.035866
-0.035885
-0.035903
-0.035922
-0.035941
-0.035960
-0.035979
-0.035998
-0.036017
-0.036035
-0.036054
-0.036073
-0.036092
-0.036111
-0.036130
-0.036148
-0.036167
-0.036186
-0.036205
-0.036223
-0.036242
-0.036261
-0.036279
-0.036298
-0.036317
-0.036335
-0.036354
-0.036373
-0.036391
-0.036410
-0.036429
-0.036447
-0.036466
-0.036484
-0.036503
-0.036522
-0.036540
-0.036559
-0.036577
-0.036596
-0.036614
-0.036633
-0.036651
-0.036670
-0.036688
-0.036707
-0.036725
-0.036744
-0.036762
-0.036781
-0.036799
-0.036817
-0.036836
-0.036854
-0.036873
-0.036891
-0.036909
-0.036928
-0.036946
-0.036964
-0.036983
-0.037001
-0.037019
-0.037037
-0.037056
-0.037074
-0.037092
-0.037111
-0.037129
-0.037147
-0.037165
-0.037183
-0.037202
-0.037220
-0.037238
-0.037256
-0.037274
-0.037293
-0.037311
-0.037329
-0.037347
-0.037365
-0.037383
-0.037401
-0.037419
-0.037437
-0.037455
-0.037474
-0.037492
-0.037510
-0.037528
-0.037546
-0.037564
-0.037582
-0.037600
-0.037618
-0.037636
-0.037654
-0.037671
-0.037689
-0.037707
-0.037725
-0.037743
-0.037761
-0.037779
-0.037797
-0.037815
-0.037833
-0.037850
-0.037868
-0.037886
-0.037904
-0.037922
-0.037939
-0.037957
-0.037975
-0.037993
-0.038011
-0.038028
-0.038046
-0.038064
-0.038082
-0.038099
-0.038117
-0.038135
-0.038152
-0.038170
-0.038188
-0.038205
-0.038223
-0.038241
-0.038258
-0.038276
-0.038293
-0.038311
-0.038329
-0.038346
-0.038364
-0.038381
-0.038399
-0.038416
-0.038434
-0.038452
-0.038469
-0.038487
-0.038504
-0.038521
-0.038539
-0.038556
-0.038574
-0.038591
-0.038609
-0.038626
-0.038644
-0.038661
-0.038678
-0.038696
-0.038713
-0.038731
-0.038748
-0.038765
-0.038783
-0.038800
-0.038817
-0.038835
-0.038852
-0.038869
-0.038886
-0.038904
-0.038921
-0.038938
-0.038955
-0.038973
-0.038990
-0.039007
-0.039024
-0.039042
-0.039059
-0.039076
-0.039093
-0.039110
-0.039127
-0.039145
-0.039162
-0.039179
-0.039196
-0.039213
-0.039230
-0.039247
-0.039264
-0.039281
-0.039298
-0.039315
-0.039332
-0.039349
-0.039367
-0.039384
-0.039401
-0.039418
-0.039434
-0.039451
-0.039468
-0.039485
-0.039502
-0.039519
-0.039536
-0.039553
-0.039570
-0.039587
-0.039604
-0.039621
-0.039638
-0.039654
-0.039671
-0.039688
-0.039705
-0.039722
-0.039739
-0.039755
-0.039772
-0.039789
-0.039806
-0.039822
-0.039839
-0.039856
-0.039873
-0.039889
-0.039906
-0.039923
-0.039940
-0.039956
-0.039973
-0.039990
-0.040006
-0.040023
-0.040040
-0.040056
-0.040073
-0.040089
-0.040106
-0.040123
-0.040139
-0.040156
-0.040172
-0.040189
-0.040206
-0.040222
-0.040239
-0.040255
-0.040272
-0.040288
-0.040305
-0.040321
-0.040338
-0.040354
-0.040371
-0.040387
-0.040403
-0.040420
-0.040436
-0.040453
-0.040469
-0.040486
-0.040502
-0.040518
-0.040535
-0.040551
-0.040567
-0.040584
-0.040600
-0.040616
-0.040633
-0.040649
-0.040665
-0.040682
-0.040698
-0.040714
-0.040730
-0.040747
-0.040763
-0.040779
-0.040795
-0.040812
-0.040828
-0.040844
-0.040860
-0.040876
-0.040893
-0.040909
-0.040925
-0.040941
-0.040957
-0.040973
-0.040989
-0.041006
-0.041022
-0.041038
-0.041054
-0.041070
-0.041086
-0.041102
-0.041118
-0.041134
-0.041150
-0.041166
-0.041182
-0.041198
-0.041214
-0.041230
-0.041246
-0.041262
-0.041278
-0.041294
-0.041310
-0.041326
-0.041342
-0.041358
-0.041374
-0.041390
-0.041405
-0.041421
-0.041437
-0.041453
-0.041469
-0.041485
-0.041501
-0.041516
-0.041532
-0.041548
-0.041564
-0.041580
-0.041595
-0.041611
-0.041627
-0.041643
-0.041658
-0.041674
-0.041690
-0.041706
-0.041721
-0.041737
-0.041753
-0.041768
-0.041784
-0.041800
-0.041815
-0.041831
-0.041847
-0.041862
-0.041878
-0.041894
-0.041909
-0.041925
-0.041940
-0.041956
-0.041971
-0.041987
-0.042003
-0.042018
-0.042034
-0.042049
-0.042065
-0.042080
-0.042096
-0.042111
-0.042127
-0.042142
-0.042158
-0.042173
-0.042188
-0.042204
-0.042219
-0.042235
-0.042250
-0.042266
-0.042281
-0.042296
-0.042312
-0.042327
-0.042342
-0.042358
-0.042373
-0.042389
-0.042404
-0.042419
-0.042434
-0.042450
-0.042465
-0.042480
-0.042496
-0.042511
-0.042526
-0.042541
-0.042557
-0.042572
-0.042587
-0.042602
-0.042618
-0.042633
-0.042648
-0.042663
-0.042678
-0.042693
-0.042709
-0.042724
-0.042739
-0.042754
-0.042769
-0.042784
-0.042799
-0.042814
-0.042829
-0.042845
-0.042860
-0.042875
-0.042890
-0.042905
-0.042920
-0.042935
-0.042950
-0.042965
-0.042980
-0.042995
-0.043010
-0.043025
-0.043040
-0.043055
-0.043070
-0.043085
-0.043100
-0.043115
-0.043129
-0.043144
-0.043159
-0.043174
-0.043189
-0.043204
-0.043219
-0.043234
-0.043248
-0.043263
-0.043278
-0.043293
-0.043308
-0.043323
-0.043337
-0.043352
-0.043367
-0.043382
-0.043396
-0.043411
-0.043426
-0.043441
-0.043455
-0.043470
-0.043485
-0.043500
-0.043514
-0.043529
-0.043544
-0.043558
-0.043573
-0.043588
-0.043602
-0.043617
-0.043632
-0.043646
-0.043661
-0.043675
-0.043690
-0.043705
-0.043719
-0.043734
-0.043748
-0.043763
-0.043777
-0.043792
-0.043807
-0.043821
-0.043836
-0.043850
-0.043865
-0.043879
-0.043894
-0.043908
-0.043923
-0.043937
-0.043951
-0.043966
-0.043980
-0.043995
-0.044009
-0.044024
-0.044038
-0.044052
-0.044067
-0.044081
-0.044095
-0.044110
-0.044124
-0.044139
-0.044153
-0.044167
-0.044182
-0.044196
-0.044210
-0.044224
-0.044239
-0.044253
-0.044267
-0.044282
-0.044296
-0.044310
-0.044324
-0.044338
-0.044353
-0.044367
-0.044381
-0.044395
-0.044409
-0.044424
-0.044438
-0.044452
-0.044466
-0.044480
-0.044494
-0.044509
-0.044523
-0.044537
-0.044551
-0.044565
-0.044579
-0.044593
-0.044607
-0.044621
-0.044635
-0.044649
-0.044664
-0.044678
-0.044692
-0.044706
-0.044720
-0.044734
-0.044748
-0.044762
-0.044776
-0.044790
-0.044804
-0.044817
-0.044831
-0.044845
-0.044859
-0.044873
-0.044887
-0.044901
-0.044915
-0.044929
-0.044943
-0.044957
-0.044970
-0.044984
-0.044998
-0.045012
-0.045026
-0.045040
-0.045053
-0.045067
-0.044767
-0.043261
-0.039038
-0.030307
-0.015357
0.007222
0.038463
0.079029
0.129401
0.190479
0.264897
0.356835
0.470441
0.608730
0.772804
0.962115
1.180280
1.434804
1.733972
2.076531
2.454300
2.854329
3.257716
3.643931
3.996537
4.305334
4.566232
4.780540
4.953112
5.089886
5.196375
5.277329
5.336914
5.378911
5.406782
5.423660
5.432304
5.435068
5.433888
5.430298
5.425475
5.420288
5.415355
5.411102
5.407800
5.405607
5.404600
5.404792
5.406152
5.408619
5.412111
5.416532
5.421779
5.427744
5.434319
5.441397
5.448876
5.456659
5.464654
5.472777
5.480952
5.489108
5.497184
5.505126
5.512887
5.520426
5.527709
5.534708
5.541399
5.547763
5.553784
5.559450
5.564753
5.569684
5.574240
5.578415
5.582207
5.585617
5.588642
5.591284
5.593543
5.595422
5.596921
5.598045
5.598795
5.599174
5.599187
5.598836
5.598127
5.597062
5.595647
5.593886
5.591784
5.589346
5.586578
5.583484
5.580069
5.576340
5.572302
5.567961
5.563600
5.560025
5.558628
5.561169
5.569659
5.587007
5.618595
5.671558
5.752886
5.867446
6.021549
6.226888
6.494237
6.825767
7.208625
7.613523
8.011168
8.381577
8.713899
9.003545
9.249790
9.454270
9.620120
9.751454
9.852874
9.928983
9.984092
10.022095
10.046438
10.060108
10.065630
10.065093
10.060200
10.052326
10.042566
10.031787
10.020667
10.009727
9.999367
9.989884
9.981495
9.974351
9.968554
9.964162
9.961202
9.959675
9.959564
9.960834
9.963439
9.967327
9.972437
9.978703
9.986057
9.994428
10.003740
10.013917
10.024876
10.036530
10.048788
10.061547
10.074696
10.088112
10.101656
10.115176
10.128506
10.141465
10.153866
10.165514
10.176222
10.185811
10.194127
10.201045
10.206478
10.210380
10.212749
10.213625
10.213083
10.211228
10.208189
10.204107
10.199132
10.193414
10.187099
10.180326
10.173222
10.165901
10.158464
10.150999
10.143578
10.136261
10.129096
10.122116
10.115347
10.108803
10.102490
10.096405
10.090540
10.084879
10.079404
10.074090
10.068911
10.063837
10.058839
10.053884
10.048941
10.043978
10.038964
10.033869
10.028665
10.023325
10.017826
10.012145
10.006263
10.000163
9.993832
9.987256
9.980429
9.973344
9.965997
9.958389
9.950521
9.942399
9.934028
9.925419
9.916583
9.907533
9.898286
9.888858
9.879268
9.869536
9.859682
9.849727
9.839694
9.829605
9.819480
9.809342
9.799210
9.789104
9.779043
9.769042
9.759115
9.749276
9.739533
9.729895
9.720365
9.710946
9.701636
9.692430
9.683323
9.674304
9.665360
9.656478
9.647639
9.638825
9.630017
9.621194
9.612334
9.603418
9.594425
9.585336
9.576135
9.566805
9.557336
9.547716
9.537940
9.528002
9.517903
9.507645
9.497233
9.486676
9.475985
9.465172
9.454254
9.443248
9.432171
9.421045
9.409888
9.398722
9.387567
9.376443
9.365369
9.354365
9.343446
9.332628
9.321924
9.311346
9.300900
9.290594
9.280430
9.270407
9.260521
9.250765
9.241128
9.231594
9.222146
9.212762
9.203417
9.194083
9.184729
9.175324
9.165834
9.156223
9.146459
9.136508
9.126339
9.115921
9.105230
9.094243
9.082942
9.071315
9.059352
9.047052
9.034415
9.021449
9.008163
8.994572
8.980695
8.966552
8.952165
8.937559
8.922758
8.907788
8.892674
8.877440
8.862110
8.846704
8.831244
8.815746
8.800228
8.784703
8.769183
8.753678
8.738195
8.722739
8.707315
8.691923
8.676564
8.661235
8.645935
8.630658
8.615398
8.600150
8.584906
8.569658
8.554398
8.539116
8.523805
8.508455
8.493058
8.477605
8.462088
8.446500
8.430833
8.415082
8.399240
8.383302
8.367266
8.351125
8.334879
8.318525
8.302062
8.285489
8.268806
8.252013
8.235112
8.218104
8.200991
8.183775
8.166459
8.149046
8.131538
8.113938
8.096251
8.078479
8.060625
8.042694
8.024688
8.006611
7.988467
7.970258
7.951988
7.933660
7.915278
7.896843
7.878360
7.859830
7.841257
7.822643
7.803991
7.785304
7.766582
7.747830
7.729048
7.710240
7.691407
7.672550
7.653673
7.634776
7.615861
7.596931
7.577986
7.559028
7.540058
7.521078
7.502090
7.483094
7.464092
7.445085
7.426075
7.407061
7.388046
7.369031
7.350015
7.331002
7.311990
7.292982
7.273978
7.254979
7.235986
7.217000
7.198021
7.179051
7.160089
7.141137
7.122196
7.103265
7.084347
7.065441
7.046548
7.027668
7.008803
6.989953
6.971118
6.952300
6.933498
6.914714
6.895947
6.877199
6.858470
6.839760
6.821070
6.802401
6.783753
6.765126
6.746521
6.727939
6.709379
6.690844
6.672331
6.653844
6.635381
6.616943
6.598531
6.580145
6.561786
6.543453
6.525148
6.506870
6.488620
6.470399
6.452206
6.434042
6.415907
6.397802
6.379727
6.361683
6.343668
6.325685
6.307732
6.289811
6.271921
6.254063
6.236237
6.218443
6.200681
6.182952
6.165256
6.147592
6.129961
6.112364
6.094800
6.077269
6.059772
6.042308
6.024878
6.007483
5.990121
5.972793
5.955499
5.938240
5.921015
5.903825
5.886669
5.869547
5.852460
5.835408
5.818390
5.801407
5.784459
5.767546
5.750668
5.733824
5.717016
5.700242
5.683503
5.666800
5.650131
5.633498
5.616899
5.600336
5.583807
5.567314
5.550855
5.534432
5.518044
5.501691
5.485373
5.469090
5.452842
5.436629
5.420452
5.404309
5.388201
5.372129
5.356091
5.340089
5.324121
5.308189
5.292291
5.276429
5.260601
5.244808
5.229051
5.213328
5.197640
5.181987
5.166368
5.150785
5.135236
5.119722
5.104243
5.088799
5.073389
5.058015
5.042674
5.027369
5.012098
4.996862
4.981660
4.966493
4.951360
4.936262
4.921198
4.906169
4.891175
4.876214
4.861288
4.846397
4.831540
4.816717
4.801928
4.787174
4.772454
4.757768
4.743116
4.728499
4.713915
4.699366
4.684850
4.670369
4.655922
4.641508
4.627129
4.612783
4.598472
4.584194
4.569950
4.555740
4.541563
4.527420
4.513311
4.499236
4.485194
4.471186
4.457211
4.443270
4.429363
4.415488
4.401648
4.387840
4.374066
4.360325
4.346618
4.332944
4.319303
4.305695
4.292120
4.278579
4.265070
4.251595
4.238152
4.224743
4.211366
4.198022
4.184711
4.171433
4.158188
4.144975
4.131796
4.118648
4.105534
4.092452
4.079402
4.066385
4.053400
4.040448
4.027528
4.014641
4.001786
3.988963
3.976172
3.963413
3.950687
3.937992
3.925330
3.912700
3.900101
3.887535
3.875000
3.862497
3.850026
3.837587
3.825179
3.812803
3.800459
3.788146
3.775865
3.763615
3.751396
3.739209
3.727054
3.714929
3.702836
3.690774
3.678743
3.666743
3.654775
3.642837
3.630930
3.619054
3.607210
3.595395
3.583612
3.571859
3.560137
3.548446
3.536785
3.525155
3.513555
3.501986
3.490447
3.478938
3.467460
3.456012
3.444594
3.433206
3.421849
3.410521
3.399223
3.387956
3.376718
3.365510
3.354332
3.343183
3.332064
3.320975
3.309916
3.298886
3.287885
3.276914
3.265972
3.255060
3.244177
3.233323
3.222498
3.211702
3.200936
3.190198
3.179489
3.168810
3.158159
3.147537
3.136944
3.126379
3.115843
3.105336
3.094857
3.084407
3.073985
3.063591
3.053226
3.042889
3.032581
3.022300
3.012048
3.001823
2.991627
2.981459
2.971318
2.961206
2.951121
2.941064
2.931034
2.921033
2.911058
2.901112
2.891192
2.881301
2.871436
2.861599
2.851789
2.842007
2.832251
2.822523
2.812821
2.803147
2.793499
2.783879
2.774285
2.764718
2.755178
2.745664
2.736177
2.726716
2.717282
2.707875
2.698494
2.689139
2.679810
2.670508
2.661231
2.651981
2.642757
2.633559
2.624387
2.615241
2.606120
2.597026
2.587957
2.578914
2.569896
2.560904
2.551937
2.542996
2.534081
2.525190
2.516325
2.507485
2.498671
2.489881
2.481117
2.472377
2.463663
2.454973
2.446309
2.437669
2.429053
2.420463
2.411897
2.403356
2.394839
2.386347
2.377879
2.369435
2.361016
2.352621
2.344251
2.335904
2.327582
2.319283
2.311009
2.302758
2.294531
2.286329
2.278149
2.269994
2.261862
2.253754
2.245670
2.237609
2.229571
2.221557
2.213566
2.205599
2.197654
2.189733
2.181835
2.173960
2.166108
2.158279
2.150473
2.142690
2.134929
2.127192
2.119477
2.111784
2.104115
2.096468
2.088843
2.081241
2.073661
2.066103
2.058568
2.051055
2.043564
2.036095
2.028649
2.021224
2.013821
2.006441
1.999082
1.991744
1.984429
1.977135
1.969863
1.962613
1.955384
1.948177
1.940991
1.933826
1.926683
1.919561
1.912461
1.905381
1.898323
1.891286
1.884269
1.877274
1.870300
1.863347
1.856414
1.849502
1.842611
1.835741
1.828891
1.822062
1.815253
1.808465
1.801697
1.794950
1.788223
1.781516
1.774830
1.768163
1.761517
1.754891
1.748285
1.741699
1.735132
1.728586
1.722060
1.715553
1.709066
1.702599
1.696151
1.689723
1.683314
1.676925
1.670556
1.664205
1.657875
1.651563
1.645271
1.638997
1.632743
1.626509
1.620293
1.614096
1.607918
1.601759
1.595619
1.589498
1.583395
1.577311
1.571246
1.565199
1.559171
1.553162
1.547171
1.541199
1.535244
1.529309
1.523391
1.517492
1.511611
1.505748
1.499903
1.494076
1.488268
1.482477
1.476704
1.470949
1.465212
1.459493
1.453791
1.448107
1.442441
1.436792
1.431161
1.425547
1.419951
1.414372
1.408811
1.403267
1.397740
1.392231
1.386738
1.381263
1.375805
1.370364
1.364940
1.359533
1.354143
1.348770
1.343414
1.338074
1.332751
1.327445
1.322156
1.316883
1.311626
1.306387
1.301163
1.295957
1.290766
1.285592
1.280434
1.275293
1.270168
1.265059
1.259966
1.254889
1.249828
1.244783
1.239755
1.234742
1.229745
1.224764
1.219798
1.214849
1.209915
1.204997
1.200094
1.195207
1.190336
1.185480
1.180640
1.175815
1.171005
1.166211
1.161432
1.156668
1.151920
1.147186
1.142468
1.137765
1.133077
1.128404
1.123746
1.119103
1.114475
1.109862
1.105263
1.100679
1.096110
1.091556
1.087017
1.082492
1.077981
1.073485
1.069004
1.064537
1.060084
1.055646
1.051222
1.046813
1.042418
1.038036
1.033670
1.029317
1.024978
1.020654
1.016343
1.012047
1.007764
1.003496
0.999241
0.995000
0.990773
0.986559
0.982360
0.978174
0.974001
0.969843
0.965698
0.961566
0.957448
0.953343
0.949252
0.945174
0.941110
0.937059
0.933021
0.928996
0.924985
0.920987
0.917001
0.913029
0.909070
0.905124
0.901191
0.897271
0.893364
0.889470
0.885589
0.881720
0.877864
0.874021
0.870191
0.866373
0.862568
0.858775
0.854995
0.851228
0.847473
0.843731
0.840001
0.836283
0.832578
0.828884
0.825204
0.821535
0.817879
0.814235
0.810603
0.806983
0.803375
0.799779
0.796196
0.792624
0.789064
0.785516
0.781980
0.778455
0.774943
0.771442
0.767953
0.764476
0.761010
0.757556
0.754114
0.750683
0.747264
0.743856
0.740460
0.737075
0.733702
0.730340
0.726989
0.723650
0.720322
0.717005
0.713699
0.710405
0.707121
0.703849
0.700588
0.697338
0.694099
0.690871
0.687654
0.684447
0.681252
0.678068
0.674894
0.671731
0.668579
0.665438
0.662307
0.659187
0.656078
0.652979
0.649891
0.646814
0.643747
0.640690
0.637644
0.634609
0.631583
0.628568
0.625564
0.622570
0.619586
0.616612
0.613649
0.610696
0.607753
0.604820
0.601897
0.598984
0.596082
0.593189
0.590306
0.587434
0.584571
0.581718
0.578875
0.576042
0.573218
0.570405
0.567601
0.564807
0.562023
0.559248
0.556483
0.553727
0.550982
0.548245
0.545518
0.542801
0.540093
0.537395
0.534706
0.532027
0.529356
0.526696
0.524044
0.521402
0.518769
0.516145
0.513531
0.510925
0.508329
0.505742
0.503164
0.500595
0.498035
0.495484
0.492942
0.490409
0.487885
0.485370
0.482864
0.480367
0.477878
0.475399
0.472928
0.470465
0.468012
0.465567
0.463131
0.460704
0.458285
0.455875
0.453473
0.451080
0.448695
0.446319
0.443952
0.441592
0.439242
0.436899
0.434565
0.432239
0.429922
0.427613
0.425312
0.423020
0.420735
0.418459
0.416191
0.413931
0.411680
0.409436
0.407201
0.404973
0.402754
0.400542
0.398339
0.396143
0.393956
0.391776
0.389604
0.387440
0.385284
0.383136
0.380995
0.378863
0.376738
0.374620
0.372511
0.370409
0.368315
0.366228
0.364149
0.362078
0.360014
0.357958
0.355909
0.353867
0.351834
0.349807
0.347788
0.345776
0.343772
0.341775
0.339786
0.337804
0.335829
0.333861
0.331901
0.329947
0.328001
0.326063
0.324131
0.322206
0.320289
0.318379
0.316475
0.314579
0.312690
0.310808
0.308933
0.307064
0.305203
0.303349
0.301501
0.299661
0.297827
0.296000
0.294180
0.292367
0.290560
0.288761
0.286968
0.285181
0.283402
0.281629
0.279863
0.278103
0.276350
0.274604
0.272864
0.271131
0.269404
0.267684
0.265970
0.264263
0.262562
0.260867
0.259179
0.257498
0.255823
0.254154
0.252492
0.250835
0.249186
0.247542
0.245905
0.244274
0.242649
0.241030
0.239418
0.237811
0.236211
0.234617
0.233029
0.231448
0.229872
0.228302
0.226739
0.225181
0.223629
0.222084
0.220544
0.219010
0.217482
0.215961
0.214445
0.212934
0.211430
0.209932
0.208439
0.206952
0.205471
0.203996
0.202526
0.201062
0.199604
0.198152
0.196705
0.195264
0.193829
0.192399
0.190975
0.189556
0.188143
0.186736
0.185334
0.183937
0.182546
0.181161
0.179781
0.178407
0.177037
0.175674
0.174316
0.172963
0.171615
0.170273
0.168936
0.167605
0.166279
0.164958
0.163642
0.162332
0.161027
0.159727
0.158432
0.157143
0.155859
0.154580
0.153306
0.152037
0.150773
0.149515
0.148261
0.147013
0.145769
0.144531
0.143297
0.142069
0.140846
0.139627
0.138414
0.137205
0.136002
0.134803
0.133610
0.132421
0.131237
0.130058
0.128883
0.127714
0.126549
0.125389
0.124234
0.123084
0.121938
0.120798
0.119662
0.118530
0.117403
0.116281
0.115164
0.114051
0.112943
0.111840
0.110741
0.109647
0.108557
0.107472
0.106391
0.105315
0.104244
0.103177
0.102114
0.101056
0.100002
0.098953
0.097909
0.096868
0.095833
0.094801
0.093774
0.092751
0.091733
0.090719
0.089709
0.088704
0.087703
0.086706
0.085714
0.084725
0.083741
0.082762
0.081786
0.080815
0.079848
0.078885
0.077926
0.076971
0.076021
0.075074
0.074132
0.073194
0.072260
0.071330
0.070404
0.069482
0.068565
0.067651
0.066741
0.065835
0.064934
0.064036
0.063142
0.062252
0.061366
0.060484
0.059606
0.058732
0.057862
0.056996
0.056133
0.055274
0.054420
0.053569
0.052722
0.051878
0.051039
0.050203
0.049371
0.048543
0.047718
0.046897
0.046080
0.045267
0.044458
0.043652
0.042849
0.042051
0.041256
0.040465
0.039677
0.038893
0.038113
0.037336
0.036563
0.035793
0.035027
0.034264
0.033505
0.032750
0.031998
0.031249
0.030505
0.029763
0.029025
0.028291
0.027559
0.026832
0.026108
0.025387
0.024669
0.023955
0.023245
0.022537
0.021834
0.021133
0.020436
0.019742
0.019051
0.018364
0.017680
0.017000
0.016322
0.015648
0.014977
0.014310
0.013645
0.012984
0.012326
0.011671
0.011020
0.010371
0.009726
0.009084
0.008445
0.007809
0.007177
0.006547
0.005921
0.005297
0.004677
0.004060
0.003446
0.002835
0.002227
0.001622
0.001020
0.000421
-0.000175
-0.000768
-0.001358
-0.001945
-0.002529
-0.003110
-0.003688
-0.004264
-0.004836
-0.005405
-0.005972
-0.006535
-0.007096
-0.007654
-0.008209
-0.008761
-0.009310
-0.009857
-0.010400
-0.010941
-0.011479
-0.012014
-0.012547
-0.013076
-0.013603
-0.014128
-0.014649
-0.015168
-0.015684
-0.016197
-0.016707
-0.017215
-0.017720
-0.018223
-0.018722
-0.019220
-0.019714
-0.020206
-0.020695
-0.021182
-0.021666
-0.022147
-0.022626
-0.023102
-0.023576
-0.024047
-0.024515
-0.024981
-0.025445
-0.025906
-0.026364
-0.026820
-0.027273
-0.027724
-0.028173
-0.028619
-0.029062
-0.029503
-0.029942
-0.030378
-0.030812
-0.031243
-0.031672
-0.032098
-0.032523
-0.032944
-0.033364
-0.033781
-0.034195
-0.034608
-0.035018
-0.035425
-0.035831
-0.036234
-0.036634
-0.037033
-0.037429
-0.037823
-0.038214
-0.038604
-0.038991
-0.039376
-0.039758
-0.040139
-0.040517
-0.040893
-0.041267
-0.041639
-0.042008
-0.042375
-0.042741
-0.043104
-0.043464
-0.043823
-0.044180
-0.044534
-0.044886
-0.045237
-0.045585
-0.045931
-0.046275
-0.046617
-0.046957
-0.047295
-0.047631
-0.047964
-0.048296
-0.048626
-0.048953
-0.049279
-0.049603
-0.049925
-0.050244
-0.050562
-0.050878
-0.051192
-0.051504
-0.051814
-0.052122
-0.052428
-0.052733
-0.053035
-0.053335
-0.053634
-0.053931
-0.054226
-0.054519
-0.054810
-0.055099
-0.055386
-0.055672
-0.055956
-0.056238
-0.056518
-0.056796
-0.057073
-0.057348
-0.057621
-0.057892
-0.058162
-0.058429
-0.058695
-0.058960
-0.059222
-0.059483
-0.059742
-0.060000
-0.060255
-0.060509
-0.060762
-0.061013
-0.061262
-0.061509
-0.061755
-0.061999
-0.062241
-0.062482
-0.062721
-0.062959
-0.063194
-0.063429
-0.063662
-0.063893
-0.064122
-0.064350
-0.064577
-0.064802
-0.065025
-0.065247
-0.065467
-0.065686
-0.065903
-0.066119
-0.066333
-0.066546
-0.066757
-0.066967
-0.067175
-0.067382
-0.067587
-0.067791
-0.067993
-0.068194
-0.068394
-0.068592
-0.068788
-0.068984
-0.069178
-0.069370
-0.069561
-0.069751
-0.069939
-0.070126
-0.070311
-0.070496
-0.070678
-0.070860
-0.071040
-0.071219
-0.071396
-0.071572
-0.071747
-0.071921
-0.072093
-0.072264
-0.072433
-0.072602
-0.072769
-0.072935
-0.073099
-0.073262
-0.073424
-0.073585
-0.073745
-0.073903
-0.074060
-0.074216
-0.074371
-0.074524
-0.074676
-0.074827
-0.074977
-0.075126
-0.075273
-0.075420
-0.075565
-0.075709
-0.075852
-0.075993
-0.076134
-0.076273
-0.076411
-0.076549
-0.076685
-0.076819
-0.076953
-0.077086
-0.077218
-0.077348
-0.077478
-0.077606
-0.077733
-0.077859
-0.077985
-0.078109
-0.078232
-0.078354
-0.078475
-0.078595
-0.078714
-0.078832
-0.078948
-0.079064
-0.079179
-0.079293
-0.079406
-0.079518
-0.079629
-0.079738
-0.079847
-0.079955
-0.080062
-0.080168
-0.080274
-0.080378
-0.080481
-0.080583
-0.080684
-0.080785
-0.080884
-0.080983
-0.081081
-0.081177
-0.081273
-0.081368
-0.081462
-0.081555
-0.081648
-0.081739
-0.081830
-0.081919
-0.082008
-0.082096
-0.082183
-0.082269
-0.082355
-0.082439
-0.082523
-0.082606
-0.082688
-0.082769
-0.082850
-0.082929
-0.083008
-0.083086
-0.083164
-0.083240
-0.083316
-0.083391
-0.083465
-0.083538
-0.083610
-0.083682
-0.083753
-0.083824
-0.083893
-0.083962
-0.084030
-0.084097
-0.084164
-0.084229
-0.084295
-0.084359
-0.084423
-0.084486
-0.084548
-0.084609
-0.084670
-0.084730
-0.084790
-0.084848
-0.084906
-0.084964
-0.085021
-0.085077
-0.085132
-0.085187
-0.085241
-0.085294
-0.085347
-0.085399
-0.085450
-0.085501
-0.085551
-0.085601
-0.085650
-0.085698
-0.085746
-0.085793
-0.085839
-0.085885
-0.085930
-0.085975
-0.086018
-0.086062
-0.086105
-0.086147
-0.086189
-0.086230
-0.086270
-0.086310
-0.086349
-0.086388
-0.086426
-0.086464
-0.086501
-0.086537
-0.086573
-0.086609
-0.086644
-0.086678
-0.086712
-0.086745
-0.086778
-0.086810
-0.086842
-0.086873
-0.086903
-0.086933
-0.086963
-0.086992
-0.087021
-0.087049
-0.087076
-0.087104
-0.087130
-0.087156
-0.087182
-0.087207
-0.087232
-0.087256
-0.087280
-0.087303
-0.087326
-0.087348
-0.087370
-0.087391
-0.087412
-0.087433
-0.087453
-0.087473
-0.087492
-0.087511
-0.087529
-0.087547
-0.087564
-0.087581
-0.087598
-0.087614
-0.087630
-0.087645
-0.087660
-0.087674
-0.087688
-0.087702
-0.087715
-0.087728
-0.087741
-0.087753
-0.087764
-0.087776
-0.087786
-0.087797
-0.087807
-0.087817
-0.087826
-0.087835
-0.087844
-0.087852
-0.087860
-0.087867
-0.087874
-0.087881
-0.087888
-0.087894
-0.087899
-0.087905
-0.087910
-0.087915
-0.087919
-0.087923
-0.087927
-0.087930
-0.087933
-0.087935
-0.087938
-0.087940
-0.087941
-0.087943
-0.087944
-0.087944
-0.087945
-0.087945
-0.087945
-0.087944
-0.087943
-0.087942
-0.087941
-0.087939
-0.087937
-0.087934
-0.087932
-0.087929
-0.087926
-0.087922
-0.087918
-0.087914
-0.087910
-0.087905
-0.087900
-0.087895
-0.087890
-0.087884
-0.087878
-0.087871
-0.087865
-0.087858
-0.087851
-0.087844
-0.087836
-0.087828
-0.087820
-0.087812
-0.087803
-0.087794
-0.087785
-0.087776
-0.087766
-0.087756
-0.087746
-0.087736
-0.087725
-0.087714
-0.087703
-0.087692
-0.087681
-0.087669
-0.087657
-0.087645
-0.087632
-0.087620
-0.087607
-0.087594
-0.087581
-0.087567
-0.087554
-0.087540
-0.087526
-0.087511
-0.087497
-0.087482
-0.087467
-0.087452
-0.087437
-0.087421
-0.087406
-0.087390
-0.087374
-0.087357
-0.087341
-0.087324
-0.087307
-0.087290
-0.087273
-0.087256
-0.087238
-0.087220
-0.087202
-0.087184
-0.087166
-0.087147
-0.087129
-0.087110
-0.087091
-0.087072
-0.087053
-0.087033
-0.087013
-0.086994
-0.086974
-0.086954
-0.086933
-0.086913
-0.086892
-0.086872
-0.086851
-0.086830
-0.086808
-0.086787
-0.086766
-0.086744
-0.086722
-0.086700
-0.086678
-0.086656
-0.086634
-0.086611
-0.086588
-0.086566
-0.086543
-0.086520
-0.086497
-0.086473
-0.086450
-0.086426
-0.086403
-0.086379
-0.086355
-0.086331
-0.086307
-0.086282
-0.086258
-0.086234
-0.086209
-0.086184
-0.086159
-0.086134
-0.086109
-0.086084
-0.086058
-0.086033
-0.086007
-0.085982
-0.085956
-0.085930
-0.085904
-0.085878
-0.085852
-0.085826
-0.085799
-0.085773
-0.085746
-0.085719
-0.085693
-0.085666
-0.085639
-0.085612
-0.085584
-0.085557
-0.085530
-0.085502
-0.085475
-0.085447
-0.085420
-0.085392
-0.085364
-0.085336
-0.085308
-0.085280
-0.085251
-0.085223
-0.085195
-0.085166
-0.085138
-0.085109
-0.085081
-0.085052
-0.085023
-0.084994
-0.084965
-0.084936
-0.084907
-0.084878
-0.084848
-0.084819
-0.084790
-0.084760
-0.084731
-0.084701
-0.084671
-0.084642
-0.084612
-0.084582
-0.084552
-0.084522
-0.084492
-0.084462
-0.084432
-0.084402
-0.084371
-0.084341
-0.084311
-0.084280
-0.084250
-0.084219
-0.084189
-0.084158
-0.084127
-0.084096
-0.084066
-0.084035
-0.084004
-0.083973
-0.083942
-0.083911
-0.083880
-0.083849
-0.083818
-0.083786
-0.083755
-0.083724
-0.083692
-0.083661
-0.083630
-0.083598
-0.083567
-0.083535
-0.083504
-0.083472
-0.083440
-0.083409
-0.083377
-0.083345
-0.083313
-0.083282
-0.083250
-0.083218
-0.083186
-0.083154
-0.083122
-0.083090
-0.083058
-0.083026
-0.082994
-0.082962
-0.082930
-0.082897
-0.082865
-0.082833
-0.082801
-0.082769
-0.082736
-0.082704
-0.082672
-0.082639
-0.082607
-0.082574
-0.082542
-0.082510
-0.082477
-0.082445
-0.082412
-0.082380
-0.082347
-0.082315
-0.082282
-0.082250
-0.082217
-0.082184
-0.082152
-0.082119
-0.082087
-0.082054
-0.082021
-0.081989
-0.081956
-0.081923
-0.081890
-0.081858
-0.081825
-0.081792
-0.081760
-0.081727
-0.081694
-0.081661
-0.081628
-0.081596
-0.081563
-0.081530
-0.081497
-0.081465
-0.081432
-0.081399
-0.081366
-0.081333
-0.081301
-0.081268
-0.081235
-0.081202
-0.081169
-0.081136
-0.081104
-0.081071
-0.081038
-0.081005
-0.080972
-0.080940
-0.080907
-0.080874
-0.080841
-0.080808
-0.080776
-0.080743
-0.080710
-0.080677
-0.080644
-0.080612
-0.080579
-0.080546
-0.080513
-0.080481
-0.080448
-0.080415
-0.080382
-0.080350
-0.080317
-0.080284
-0.080252
-0.080219
-0.080186
-0.080154
-0.080121
-0.080088
-0.080056
-0.080023
-0.079991
-0.079958
-0.079925
-0.079893
-0.079860
-0.079828
-0.079795
-0.079763
-0.079730
-0.079698
-0.079665
-0.079633
-0.079601
-0.079568
-0.079536
-0.079503
-0.079471
-0.079439
-0.079406
-0.079374
-0.079342
-0.079309
-0.079277
-0.079245
-0.079213
-0.079181
-0.079148
-0.079116
-0.079084
-0.079052
-0.079020
-0.078988
-0.078956
-0.078924
-0.078892
-0.078860
-0.078828
-0.078796
-0.078764
-0.078732
-0.078700
-0.078668
-0.078636
-0.078604
-0.078573
-0.078541
-0.078509
-0.078477
-0.078446
-0.078414
-0.078382
-0.078351
-0.078319
-0.078288
-0.078256
-0.078225
-0.078193
-0.078162
-0.078130
-0.078099
-0.078067
-0.078036
-0.078005
-0.077973
-0.077942
-0.077911
-0.077880
-0.077848
-0.077817
-0.077786
-0.077755
-0.077724
-0.077693
-0.077662
-0.077631
-0.077600
-0.077569
-0.077538
-0.077507
-0.077476
-0.077446
-0.077415
-0.077384
-0.077353
-0.077323
-0.077292
-0.077261
-0.077231
-0.077200
-0.077170
-0.077139
-0.077109
-0.077078
-0.077048
-0.077018
-0.076987
-0.076957
-0.076927
-0.076896
-0.076866
-0.076836
-0.076806
-0.076776
-0.076746
-0.076716
-0.076686
-0.076656
-0.076626
-0.076596
-0.076566
-0.076536
-0.076506
-0.076477
-0.076447
-0.076417
-0.076388
-0.076358
-0.076328
-0.076299
-0.076269
-0.076240
-0.076210
-0.076181
-0.076152
-0.076122
-0.076093
-0.076064
-0.076035
-0.076005
-0.075976
-0.075947
-0.075918
-0.075889
-0.075860
-0.075831
-0.075802
-0.075773
-0.075744
-0.075716
-0.075687
-0.075658
-0.075629
-0.075601
-0.075572
-0.075544
-0.075515
-0.075486
-0.075458
-0.075430
-0.075401
-0.075373
-0.075345
-0.075316
-0.075288
-0.075260
-0.075232
-0.075204
-0.075175
-0.075147
-0.075119
-0.075091
-0.075064
-0.075036
-0.075008
-0.074980
-0.074952
-0.074925
-0.074897
-0.074869
-0.074842
-0.074814
-0.074787
-0.074759
-0.074732
-0.074704
-0.074677
-0.074649
-0.074622
-0.074595
-0.074568
-0.074541
-0.074514
-0.074486
-0.074459
-0.074432
-0.074405
-0.074379
-0.074352
-0.074325
-0.074298
-0.074271
-0.074245
-0.074218
-0.074191
-0.074165
-0.074138
-0.074112
-0.074085
-0.074059
-0.074032
-0.074006
-0.073980
-0.073954
-0.073927
-0.073901
-0.073875
-0.073849
-0.073823
-0.073797
-0.073771
-0.073745
-0.073719
-0.073693
-0.073668
-0.073642
-0.073616
-0.073590
-0.073565
-0.073539
-0.073514
-0.073488
-0.073463
-0.073437
-0.073412
-0.073387
-0.073361
-0.073336
-0.073311
-0.073286
-0.073261
-0.073236
-0.073211

