0.000000
0.000000
-0.000006
-0.000014
-0.000023
-0.000034
-0.000045
-0.000058
-0.000070
-0.000084
-0.000097
-0.000111
-0.000125
-0.000140
-0.000155
-0.000170
-0.000185
-0.000201
-0.000217
-0.000233
-0.000249
-0.000266
-0.000282
-0.000299
-0.000316
-0.000333
-0.000351
-0.000368
-0.000386
-0.000404
-0.000422
-0.000440
-0.000459
-0.000477
-0.000496
-0.000515
-0.000534
-0.000553
-0.000572
-0.000591
-0.000611
-0.000631
-0.000651
-0.000670
-0.000691
-0.000711
-0.000731
-0.000751
-0.000772
-0.000793
-0.000813
-0.000834
-0.000855
-0.000876
-0.000898
-0.000919
-0.000940
-0.000962
-0.000984
-0.001005
-0.001027
-0.001049
-0.001071
-0.001093
-0.001115
-0.001138
-0.001160
-0.001183
-0.001205
-0.001228
-0.001251
-0.001273
-0.001296
-0.001319
-0.001342
-0.001366
-0.001389
-0.001412
-0.001435
-0.001459
-0.001482
-0.001506
-0.001530
-0.001553
-0.001577
-0.001601
-0.001625
-0.001649
-0.001673
-0.001697
-0.001722
-0.001746
-0.001770
-0.001795
-0.001819
-0.001844
-0.001868
-0.001893
-0.001918
-0.001942
-0.001967
-0.001992
-0.002017
-0.002042
-0.002067
-0.002092
-0.002118
-0.002143
-0.002168
-0.002193
-0.002219
-0.002244
-0.002270
-0.002295
-0.002321
-0.002346
-0.002372
-0.002398
-0.002424
-0.002449
-0.002475
-0.002501
-0.002527
-0.002553
-0.002579
-0.002605
-0.002631
-0.002658
-0.002684
-0.002710
-0.002736
-0.002763
-0.002789
-0.002815
-0.002842
-0.002868
-0.002895
-0.002921
-0.002948
-0.002975
-0.003001
-0.003028
-0.003055
-0.003082
-0.003108
-0.003135
-0.003162
-0.003189
-0.003216
-0.003243
-0.003270
-0.003297
-0.003324
-0.003351
-0.003379
-0.003406
-0.003433
-0.003460
-0.003487
-0.003515
-0.003542
-0.003569
-0.003597
-0.003624
-0.003652
-0.003679
-0.003707
-0.003734
-0.003762
-0.003789
-0.003817
-0.003845
-0.003872
-0.003900
-0.003928
-0.003955
-0.003983
-0.004011
-0.004039
-0.004067
-0.004094
-0.004122
-0.004150
-0.004178
-0.004206
-0.004234
-0.004262
-0.004290
-0.004318
-0.004346
-0.004374
-0.004402
-0.004430
-0.004459
-0.004487
-0.004515
-0.004543
-0.004571
-0.004599
-0.004628
-0.004656
-0.004684
-0.004713
-0.004741
-0.004769
-0.004798
-0.004826
-0.004854
-0.004883
-0.004911
-0.004940
-0.004968
-0.004997
-0.005025
-0.005054
-0.005082
-0.005111
-0.005139
-0.005168
-0.005197
-0.005225
-0.005254
-0.005282
-0.005311
-0.005340
-0.005368
-0.005397
-0.005426
-0.005455
-0.005483
-0.005512
-0.005541
-0.005570
-0.005598
-0.005627
-0.005656
-0.005685
-0.005714
-0.005743
-0.005771
-0.005800
-0.005829
-0.005858
-0.005887
-0.005916
-0.005945
-0.005974
-0.006003
-0.006032
-0.006061
-0.006090
-0.006119
-0.006148
-0.006177
-0.006206
-0.006235
-0.006264
-0.006293
-0.006322
-0.006351
-0.006380
-0.006409
-0.006438
-0.006467
-0.006496
-0.006525
-0.006555
-0.006584
-0.006613
-0.006642
-0.006671
-0.006700
-0.006729
-0.006759
-0.006788
-0.006817
-0.006846
-0.006875
-0.006905
-0.006934
-0.006963
-0.006992
-0.007022
-0.007051
-0.007080
-0.007109
-0.007139
-0.007168
-0.007197
-0.007226
-0.007256
-0.007285
-0.007314
-0.007344
-0.007373
-0.007402
-0.007432
-0.007461
-0.007490
-0.007520
-0.007549
-0.007578
-0.007608
-0.007637
-0.007666
-0.007696
-0.007725
-0.007754
-0.007784
-0.007813
-0.007842
-0.007872
-0.007901
-0.007931
-0.007960
-0.007989
-0.008019
-0.008048
-0.008078
-0.008107
-0.008136
-0.008166
-0.008195
-0.008225
-0.008254
-0.008283
-0.008313
-0.008342
-0.008372
-0.008401
-0.008431
-0.008460
-0.008489
-0.008519
-0.008548
-0.008578
-0.008607
-0.008637
-0.008666
-0.008695
-0.008725
-0.008754
-0.008784
-0.008813
-0.008843
-0.008872
-0.008902
-0.008931
-0.008960
-0.008990
-0.009019
-0.009049
-0.009078
-0.009108
-0.009137
-0.009167
-0.009196
-0.009225
-0.009255
-0.009284
-0.009314
-0.009343
-0.009373
-0.009402
-0.009432
-0.009461
-0.009490
-0.009520
-0.009549
-0.009579
-0.009608
-0.009638
-0.009667
-0.009696
-0.009726
-0.009755
-0.009785
-0.009814
-0.009844
-0.009873
-0.009902
-0.009932
-0.009961
-0.009991
-0.010020
-0.010050
-0.010079
-0.010108
-0.010138
-0.010167
-0.010197
-0.010226
-0.010255
-0.010285
-0.010314
-0.010344
-0.010373
-0.010402
-0.010432
-0.010461
-0.010490
-0.010520
-0.010549
-0.010579
-0.010608
-0.010637
-0.010667
-0.010696
-0.010725
-0.010755
-0.010784
-0.010813
-0.010843
-0.010872
-0.010901
-0.010931
-0.010960
-0.010989
-0.011019
-0.011048
-0.011077
-0.011107
-0.011136
-0.011165
-0.011195
-0.011224
-0.011253
-0.011282
-0.011312
-0.011341
-0.011370
-0.011400
-0.011429
-0.011458
-0.011487
-0.011517
-0.011546
-0.011575
-0.011604
-0.011634
-0.011663
-0.011692
-0.011721
-0.011750
-0.011780
-0.011809
-0.011838
-0.011867
-0.011896
-0.011926
-0.011955
-0.011984
-0.012013
-0.012042
-0.012071
-0.012101
-0.012130
-0.012159
-0.012188
-0.012217
-0.012246
-0.012275
-0.012304
-0.012334
-0.012363
-0.012392
-0.012421
-0.012450
-0.012479
-0.012508
-0.012537
-0.012566
-0.012595
-0.012624
-0.012653
-0.012682
-0.012711
-0.012740
-0.012769
-0.012798
-0.012827
-0.012856
-0.012885
-0.012914
-0.012943
-0.012972
-0.013001
-0.013030
-0.013059
-0.013088
-0.013117
-0.013146
-0.013175
-0.013204
-0.013233
-0.013262
-0.013291
-0.013320
-0.013348
-0.013377
-0.013406
-0.013435
-0.013464
-0.013493
-0.013522
-0.013551
-0.013579
-0.013608
-0.013637
-0.013666
-0.013695
-0.013723
-0.013752
-0.013781
-0.013810
-0.013839
-0.013867
-0.013896
-0.013925
-0.013954
-0.013982
-0.014011
-0.014040
-0.014068
-0.014097
-0.014126
-0.014155
-0.014183
-0.014212
-0.014241
-0.014269
-0.014298
-0.014326
-0.014355
-0.014384
-0.014412
-0.014441
-0.014470
-0.014498
-0.014527
-0.014555
-0.014584
-0.014612
-0.014641
-0.014670
-0.014698
-0.014727
-0.014755
-0.014784
-0.014812
-0.014841
-0.014869
-0.014898
-0.014926
-0.014955
-0.014983
-0.015011
-0.015040
-0.015068
-0.015097
-0.015125
-0.015154
-0.015182
-0.015210
-0.015239
-0.015267
-0.015295
-0.015324
-0.015352
-0.015380
-0.015409
-0.015437
-0.015465
-0.015494
-0.015522
-0.015550
-0.015579
-0.015607
-0.015635
-0.015663
-0.015692
-0.015720
-0.015748
-0.015776
-0.015804
-0.015833
-0.015861
-0.015889
-0.015917
-0.015945
-0.015974
-0.016002
-0.016030
-0.016058
-0.016086
-0.016114
-0.016142
-0.016170
-0.016198
-0.016226
-0.016255
-0.016283
-0.016311
-0.016339
-0.016367
-0.016395
-0.016423
-0.016451
-0.016479
-0.016507
-0.016535
-0.016563
-0.016590
-0.016618
-0.016646
-0.016674
-0.016702
-0.016730
-0.016758
-0.016786
-0.016814
-0.016842
-0.016869
-0.016897
-0.016925
-0.016953
-0.016981
-0.017009
-0.017036
-0.017064
-0.017092
-0.017120
-0.017147
-0.017175
-0.017203
-0.017231
-0.017258
-0.017286
-0.017314
-0.017341
-0.017369
-0.017397
-0.017424
-0.017452
-0.017480
-0.017507
-0.017535
-0.017563
-0.017590
-0.017618
-0.017645
-0.017673
-0.017700
-0.017728
-0.017756
-0.017783
-0.017811
-0.017838
-0.017866
-0.017893
-0.017921
-0.017948
-0.017975
-0.018003
-0.018030
-0.018058
-0.018085
-0.018113
-0.018140
-0.018167
-0.018195
-0.018222
-0.018249
-0.018277
-0.018304
-0.018331
-0.018359
-0.018386
-0.018413
-0.018441
-0.018468
-0.018495
-0.018522
-0.018550
-0.018577
-0.018604
-0.018631
-0.018658
-0.018686
-0.018713
-0.018740
-0.018767
-0.018794
-0.018821
-0.018849
-0.018876
-0.018903
-0.018930
-0.018957
-0.018984
-0.019011
-0.019038
-0.019065
-0.019092
-0.019119
-0.019146
-0.019173
-0.019200
-0.019227
-0.019254
-0.019281
-0.019308
-0.019335
-0.019362
-0.019389
-0.019416
-0.019443
-0.019469
-0.019496
-0.019523
-0.019550
-0.019577
-0.019604
-0.019631
-0.019657
-0.019684
-0.019711
-0.019738
-0.019764
-0.019791
-0.019818
-0.019845
-0.019871
-0.019898
-0.019925
-0.019951
-0.019978
-0.020005
-0.020031
-0.020058
-0.020085
-0.020111
-0.020138
-0.020165
-0.020191
-0.020218
-0.020244
-0.020271
-0.020297
-0.020324
-0.020350
-0.020377
-0.020403
-0.020430
-0.020456
-0.020483
-0.020509
-0.020536
-0.020562
-0.020589
-0.020615
-0.020641
-0.020668
-0.020694
-0.020721
-0.020747
-0.020773
-0.020800
-0.020826
-0.020852
-0.020879
-0.020905
-0.020931
-0.020957
-0.020984
-0.021010
-0.021036
-0.021062
-0.021089
-0.021115
-0.021141
-0.021167
-0.021193
-0.021219
-0.021246
-0.021272
-0.021298
-0.021324
-0.021350
-0.021376
-0.021402
-0.021428
-0.021454
-0.021480
-0.021506
-0.021532
-0.021558
-0.021584
-0.021610
-0.021636
-0.021662
-0.021688
-0.021714
-0.021740
-0.021766
-0.021792
-0.021818
-0.021844
-0.021870
-0.021895
-0.021921
-0.021947
-0.021973
-0.021999
-0.022025
-0.022050
-0.022076
-0.022102
-0.022128
-0.022153
-0.022179
-0.022205
-0.022231
-0.022256
-0.022282
-0.022308
-0.022333
-0.022359
-0.022385
-0.022410
-0.022436
-0.022462
-0.022487
-0.022513
-0.022538
-0.022564
-0.022589
-0.022615
-0.022641
-0.022666
-0.022692
-0.022717
-0.022743
-0.022768
-0.022794
-0.022819
-0.022844
-0.022870
-0.022895
-0.022921
-0.022946
-0.022971
-0.022997
-0.023022
-0.023048
-0.023073
-0.023098
-0.023124
-0.023149
-0.023174
-0.023199
-0.023225
-0.023250
-0.023275
-0.023300
-0.023326
-0.023351
-0.023376
-0.023401
-0.023426
-0.023452
-0.023477
-0.023502
-0.023527
-0.023552
-0.023577
-0.023602
-0.023627
-0.023653
-0.023678
-0.023703
-0.023728
-0.023753
-0.023778
-0.023803
-0.023828
-0.023853
-0.023878
-0.023903
-0.023928
-0.023953
-0.023977
-0.024002
-0.024027
-0.024052
-0.024077
-0.024102
-0.024127
-0.024152
-0.024176
-0.024201
-0.024226
-0.024251
-0.024276
-0.024300
-0.024325
-0.024350
-0.024375
-0.024399
-0.024424
-0.024449
-0.024474
-0.024498
-0.024523
-0.024548
-0.024572
-0.024597
-0.024622
-0.024646
-0.024671
-0.024695
-0.024720
-0.024745
-0.024769
-0.024794
-0.024818
-0.024843
-0.024867
-0.024892
-0.024916
-0.024941
-0.024965
-0.024990
-0.025014
-0.025038
-0.025063
-0.025087
-0.025112
-0.025136
-0.025160
-0.025185
-0.025209
-0.025233
-0.025258
-0.025282
-0.025306
-0.025331
-0.025355
-0.025379
-0.025404
-0.025428
-0.025452
-0.025476
-0.025500
-0.025525
-0.025549
-0.025573
-0.025597
-0.025621
-0.025645
-0.025670
-0.025694
-0.025718
-0.025742
-0.025766
-0.025790
-0.025814
-0.025838
-0.025862
-0.025886
-0.025910
-0.025934
-0.025958
-0.025982
-0.026006
-0.026030
-0.026054
-0.026078
-0.026102
-0.026126
-0.026150
-0.026174
-0.026198
-0.026221
-0.026245
-0.026269
-0.026293
-0.026317
-0.026341
-0.026364
-0.026388
-0.026412
-0.026436
-0.026460
-0.026483
-0.026507
-0.026531
-0.026554
-0.026578
-0.026602
-0.026625
-0.026649
-0.026673
-0.026696
-0.026720
-0.026744
-0.026767
-0.026791
-0.026814
-0.026838
-0.026862
-0.026885
-0.026909
-0.026932
-0.026956
-0.026979
-0.027003
-0.027026
-0.027050
-0.027073
-0.027096
-0.027120
-0.027143
-0.027167
-0.027190
-0.027214
-0.027237
-0.027260
-0.027284
-0.027307
-0.027330
-0.027354
-0.027377
-0.027400
-0.027423
-0.027447
-0.027470
-0.027493
-0.027516
-0.027540
-0.027563
-0.027586
-0.027609
-0.027632
-0.027656
-0.027679
-0.027702
-0.027725
-0.027748
-0.027771
-0.027794
-0.027818
-0.027841
-0.027864
-0.027887
-0.027910
-0.027933
-0.027956
-0.027979
-0.028002
-0.028025
-0.028048
-0.028071
-0.028094
-0.028117
-0.028140
-0.028162
-0.028185
-0.028208
-0.028231
-0.028254
-0.028277
-0.028300
-0.028323
-0.028345
-0.028368
-0.028391
-0.028414
-0.028437
-0.028459
-0.028482
-0.028505
-0.028528
-0.028550
-0.028573
-0.028596
-0.028618
-0.028641
-0.028664
-0.028686
-0.028709
-0.028732
-0.028754
-0.028777
-0.028799
-0.028822
-0.028845
-0.028867
-0.028890
-0.028912
-0.028935
-0.028957
-0.028980
-0.029002
-0.029025
-0.029047
-0.029070
-0.029092
-0.029115
-0.029137
-0.029160
-0.029182
-0.029204
-0.029227
-0.029249
-0.029271
-0.029294
-0.029316
-0.029338
-0.029361
-0.029383
-0.029405
-0.029428
-0.029450
-0.029472
-0.029494
-0.029517
-0.029539
-0.029561
-0.029583
-0.029606
-0.029628
-0.029650
-0.029672
-0.029694
-0.029716
-0.029738
-0.029761
-0.029783
-0.029805
-0.029827
-0.029849
-0.029871
-0.029893
-0.029915
-0.029937
-0.029959
-0.029981
-0.030003
-0.030025
-0.030047
-0.030069
-0.030091
-0.030113
-0.030135
-0.030157
-0.030179
-0.030200
-0.030222
-0.030244
-0.030266
-0.030288
-0.030310
-0.030332
-0.030353
-0.030375
-0.030397
-0.030419
-0.030441
-0.030462
-0.030484
-0.030506
-0.030528
-0.030549
-0.030571
-0.030593
-0.030614
-0.030636
-0.030658
-0.030679
-0.030701
-0.030723
-0.030744
-0.030766
-0.030787
-0.030809
-0.030830
-0.030852
-0.030874
-0.030895
-0.030917
-0.030938
-0.030960
-0.030981
-0.031003
-0.031024
-0.031046
-0.031067
-0.031088
-0.031110
-0.031131
-0.031153
-0.031174
-0.031195
-0.031217
-0.031238
-0.031260
-0.031281
-0.031302
-0.031324
-0.031345
-0.031366
-0.031387
-0.031409
-0.031430
-0.031451
-0.031472
-0.031494
-0.031515
-0.031536
-0.031557
-0.031578
-0.031600
-0.031621
-0.031642
-0.031663
-0.031684
-0.031705
-0.031726
-0.031748
-0.031769
-0.031790
-0.031811
-0.031832
-0.031853
-0.031874
-0.031895
-0.031916
-0.031937
-0.031958
-0.031979
-0.032000
-0.032021
-0.032042
-0.032063
-0.032084
-0.032104
-0.032125
-0.032146
-0.032167
-0.032188
-0.032209
-0.032230
-0.032251
-0.032271
-0.032292
-0.032313
-0.032334
-0.032355
-0.032375
-0.032396
-0.032417
-0.032438
-0.032458
-0.032479
-0.032500
-0.032520
-0.032541
-0.032562
-0.032582
-0.032603
-0.032624
-0.032644
-0.032665
-0.032686
-0.032706
-0.032727
-0.032747
-0.032768
-0.032788
-0.032809
-0.032830
-0.032850
-0.032871
-0.032891
-0.032912
-0.032932
-0.032953
-0.032973
-0.032993
-0.033014
-0.033034
-0.033055
-0.033075
-0.033095
-0.033116
-0.033136
-0.033157
-0.033177
-0.033197
-0.033218
-0.033238
-0.033258
-0.033279
-0.033299
-0.033319
-0.033339
-0.033360
-0.033380
-0.033400
-0.033420
-0.033441
-0.033461
-0.033481
-0.033501
-0.033521
-0.033541
-0.033562
-0.033582
-0.033602
-0.033622
-0.033642
-0.033662
-0.033682
-0.033702
-0.033722
-0.033742
-0.033762
-0.033783
-0.033803
-0.033823
-0.033843
-0.033863
-0.033883
-0.033902
-0.033922
-0.033942
-0.033962
-0.033982
-0.034002
-0.034022
-0.034042
-0.034062
-0.034082
-0.034102
-0.034121
-0.034141
-0.034161
-0.034181
-0.034201
-0.034221
-0.034240
-0.034260
-0.034280
-0.034300
-0.034319
-0.034339
-0.034359
-0.034379
-0.034398
-0.034418
-0.034438
-0.034457
-0.034477
-0.034497
-0.034516
-0.034536
-0.034556
-0.034575
-0.034595
-0.034614
-0.034634
-0.034654
-0.034673
-0.034693
-0.034712
-0.034732
-0.034751
-0.034771
-0.034790
-0.034810
-0.034829
-0.034849
-0.034868
-0.034888
-0.034907
-0.034926
-0.034946
-0.034965
-0.034985
-0.035004
-0.035023
-0.035043
-0.035062
-0.035081
-0.035101
-0.035120
-0.035139
-0.035159
-0.035178
-0.035197
-0.035217
-0.035236
-0.035255
-0.035274
-0.035294
-0.035313
-0.035332
-0.035351
-0.035370
-0.035390
-0.035409
-0.035428
-0.035447
-0.035466
-0.035485
-0.035504
-0.035523
-0.035543
-0.035562
-0.035581
-0.035600
-0.035619
-0.035638
-0.035657
-0.035676
-0.035695
-0.035714
-0.035733
-0.035752
-0.035771
-0.035790
-0.035809
-0.035828
-0.035847
-0.035866
-0.035885
-0.035903
-0.035922
-0.035941
-0.035960
-0.035979
-0.035998
-0.036017
-0.036035
-0.036054
-0.036073
-0.036092
-0.036111
-0.036130
-0.036148
-0.036167
-0.036186
-0.036205
-0.036223
-0.036242
-0.036261
-0.036279
-0.036298
-0.036317
-0.036335
-0.036354
-0.036373
-0.036391
-0.036410
-0.036429
-0.036447
-0.036466
-0.036484
-0.036503
-0.036522
-0.036540
-0.036559
-0.036577
-0.036596
-0.036614
-0.036633
-0.036651
-0.036670
-0.036688
-0.036707
-0.036725
-0.036744
-0.036762
-0.036781
-0.036799
-0.036817
-0.036836
-0.036854
-0.036873
-0.036891
-0.036909
-0.036928
-0.036946
-0.036964
-0.036983
-0.037001
-0.037019
-0.037037
-0.037056
-0.037074
-0.037092
-0.037111
-0.037129
-0.037147
-0.037165
-0.037183
-0.037202
-0.037220
-0.037238
-0.037256
-0.037274
-0.037293
-0.037311
-0.037329
-0.037347
-0.037365
-0.037383
-0.037401
-0.037419
-0.037437
-0.037455
-0.037474
-0.037492
-0.037510
-0.037528
-0.037546
-0.037564
-0.037582
-0.037600
-0.037618
-0.037636
-0.037654
-0.037671
-0.037689
-0.037707
-0.037725
-0.037743
-0.037761
-0.037779
-0.037797
-0.037815
-0.037833
-0.037850
-0.037868
-0.037886
-0.037904
-0.037922
-0.037939
-0.037957
-0.037975
-0.037993
-0.038011
-0.038028
-0.038046
-0.038064
-0.038082
-0.038099
-0.038117
-0.038135
-0.038152
-0.038170
-0.038188
-0.038205
-0.038223
-0.038241
-0.038258
-0.038276
-0.038293
-0.038311
-0.038329
-0.038346
-0.038364
-0.038381
-0.038399
-0.038416
-0.038434
-0.038452
-0.038469
-0.038487
-0.038504
-0.038521
-0.038539
-0.038556
-0.038574
-0.038591
-0.038609
-0.038626
-0.038644
-0.038661
-0.038678
-0.038696
-0.038713
-0.038731
-0.038748
-0.038765
-0.038783
-0.038800
-0.038817
-0.038835
-0.038852
-0.038869
-0.038886
-0.038904
-0.038921
-0.038938
-0.038955
-0.038973
-0.038990
-0.039007
-0.039024
-0.039042
-0.039059
-0.039076
-0.039093
-0.039110
-0.039127
-0.039145
-0.039162
-0.039179
-0.039196
-0.039213
-0.039230
-0.039247
-0.039264
-0.039281
-0.039298
-0.039315
-0.039332
-0.039349
-0.039367
-0.039384
-0.039401
-0.039418
-0.039434
-0.039451
-0.039468
-0.039485
-0.039502
-0.039519
-0.039536
-0.039553
-0.039570
-0.039587
-0.039604
-0.039621
-0.039638
-0.039654
-0.039671
-0.039688
-0.039705
-0.039722
-0.039739
-0.039755
-0.039772
-0.039789
-0.039806
-0.039822
-0.039839
-0.039856
-0.039873
-0.039889
-0.039906
-0.039923
-0.039940
-0.039956
-0.039973
-0.039990
-0.040006
-0.040023
-0.040040
-0.040056
-0.040073
-0.040089
-0.040106
-0.040123
-0.040139
-0.040156
-0.040172
-0.040189
-0.040206
-0.040222
-0.040239
-0.040255
-0.040272
-0.040288
-0.040305
-0.040321
-0.040338
-0.040354
-0.040371
-0.040387
-0.040403
-0.040420
-0.040436
-0.040453
-0.040469
-0.040486
-0.040502
-0.040518
-0.040535
-0.040551
-0.040567
-0.040584
-0.040600
-0.040616
-0.040633
-0.040649
-0.040665
-0.040682
-0.040698
-0.040714
-0.040730
-0.040747
-0.040763
-0.040779
-0.040795
-0.040812
-0.040828
-0.040844
-0.040860
-0.040876
-0.040893
-0.040909
-0.040925
-0.040941
-0.040957
-0.040973
-0.040989
-0.041006
-0.041022
-0.041038
-0.041054
-0.041070
-0.041086
-0.041102
-0.041118
-0.041134
-0.041150
-0.041166
-0.041182
-0.041198
-0.041214
-0.041230
-0.041246
-0.041262
-0.041278
-0.041294
-0.041310
-0.041326
-0.041342
-0.041358
-0.041374
-0.041390
-0.041405
-0.041421
-0.041437
-0.041453
-0.041469
-0.041485
-0.041501
-0.041516
-0.041532
-0.041548
-0.041564
-0.041580
-0.041595
-0.041611
-0.041627
-0.041643
-0.041658
-0.041674
-0.041690
-0.041706
-0.041721
-0.041737
-0.041753
-0.041768
-0.041784
-0.041800
-0.041815
-0.041831
-0.041847
-0.041862
-0.041878
-0.041894
-0.041909
-0.041925
-0.041940
-0.041956
-0.041971
-0.041987
-0.042003
-0.042018
-0.042034
-0.042049
-0.042065
-0.042080
-0.042096
-0.042111
-0.042127
-0.042142
-0.042158
-0.042173
-0.042188
-0.042204
-0.042219
-0.042235
-0.042250
-0.042266
-0.042281
-0.042296
-0.042312
-0.042327
-0.042342
-0.042358
-0.042373
-0.042389
-0.042404
-0.042419
-0.042434
-0.042450
-0.042465
-0.042480
-0.042496
-0.042511
-0.042526
-0.042541
-0.042557
-0.042572
-0.042587
-0.042602
-0.042618
-0.042633
-0.042648
-0.042663
-0.042678
-0.042693
-0.042709
-0.042724
-0.042739
-0.042754
-0.042769
-0.042784
-0.042799
-0.042814
-0.042829
-0.042845
-0.042860
-0.042875
-0.042890
-0.042905
-0.042920
-0.042935
-0.042950
-0.042965
-0.042980
-0.042995
-0.043010
-0.043025
-0.043040
-0.043055
-0.043070
-0.043085
-0.043100
-0.043115
-0.043129
-0.043144
-0.043159
-0.043174
-0.043189
-0.043204
-0.043219
-0.043234
-0.043248
-0.043263
-0.043278
-0.043293
-0.043308
-0.043323
-0.043337
-0.043352
-0.043367
-0.043382
-0.043396
-0.043411
-0.043426
-0.043441
-0.043455
-0.043470
-0.043485
-0.043500
-0.043514
-0.043529
-0.043544
-0.043558
-0.043573
-0.043588
-0.043602
-0.043617
-0.043632
-0.043646
-0.043661
-0.043675
-0.043690
-0.043705
-0.043719
-0.043734
-0.043748
-0.043763
-0.043777
-0.043792
-0.043807
-0.043821
-0.043836
-0.043850
-0.043865
-0.043879
-0.043894
-0.043908
-0.043923
-0.043937
-0.043951
-0.043966
-0.043980
-0.043995
-0.044009
-0.044024
-0.044038
-0.044052
-0.044067
-0.044081
-0.044095
-0.044110
-0.044124
-0.044139
-0.044153
-0.044167
-0.044182
-0.044196
-0.044210
-0.044224
-0.044239
-0.044253
-0.044267
-0.044282
-0.044296
-0.044310
-0.044324
-0.044338
-0.044353
-0.044367
-0.044381
-0.044395
-0.044409
-0.044424
-0.044438
-0.044452
-0.044466
-0.044480
-0.044494
-0.044509
-0.044523
-0.044537
-0.044551
-0.044565
-0.044579
-0.044593
-0.044607
-0.044621
-0.044635
-0.044649
-0.044664
-0.044678
-0.044692
-0.044706
-0.044720
-0.044734
-0.044748
-0.044762
-0.044776
-0.044790
-0.044804
-0.044817
-0.044831
-0.044845
-0.044859
-0.044873
-0.044887
-0.044901
-0.044915
-0.044929
-0.044943
-0.044957
-0.044970
-0.044984
-0.044998
-0.045012
-0.045026
-0.045040
-0.045053
-0.045067
-0.044767
-0.043261
-0.039038
-0.030307
-0.015357
0.007222
0.038463
0.079029
0.129401
0.190608
0.265701
0.359398
0.476279
0.619580
0.790171
0.987977
1.218403
1.489591
1.808018
2.169714
2.565376
2.979374
3.390216
3.777423
4.126479
4.429467
4.684202
4.893252
5.062050
5.196710
5.302789
5.385051
5.447637
5.494232
5.528129
5.552229
5.569030
5.580632
5.588757
5.594777
5.599765
5.604530
5.609667
5.615594
5.622593
5.630833
5.640402
5.651321
5.663563
5.677066
5.691740
5.707477
5.724158
5.741655
5.759839
5.778578
5.797745
5.817214
5.836867
5.856588
5.876273
5.895821
5.915139
5.934144
5.952759
5.970914
5.988551
6.005618
6.022071
6.037877
6.053010
6.067454
6.081199
6.094246
6.106599
6.118271
6.129280
6.139648
6.149401
6.158568
6.167179
6.175264
6.182854
6.189980
6.196671
6.202954
6.208853
6.214391
6.219588
6.224460
6.229021
6.233283
6.237255
6.240943
6.244352
6.247484
6.250341
6.252921
6.255224
6.257247
6.259251
6.262016
6.266986
6.276293
6.293240
6.322839
6.371057
6.443689
6.545309
6.682565
6.867344
7.111222
7.417012
7.774266
8.156397
8.535100
8.890283
9.210681
9.491307
9.731118
9.931505
10.095363
10.226533
10.329330
10.408113
10.467003
10.509755
10.539713
10.559786
10.572443
10.579726
10.583287
10.584446
10.584237
10.583470
10.582764
10.582592
10.583307
10.585172
10.588374
10.593045
10.599272
10.607106
10.616571
10.627669
10.640379
10.654659
10.670448
10.687659
10.706178
10.725860
10.746522
10.767946
10.789876
10.812018
10.834052
10.855638
10.876433
10.896106
10.914353
10.930921
10.945616
10.958317
10.968980
10.977631
10.984366
10.989333
10.992720
10.994742
10.995629
10.995613
10.994921
10.993766
10.992351
10.990855
10.989442
10.988256
10.987425
10.987058
10.987251
10.988089
10.989644
10.991983
10.995166
10.999250
11.004291
11.010351
11.017492
11.025789
11.035327
11.046210
11.058560
11.072523
11.088272
11.106002
11.125921
11.148228
11.173073
11.200512
11.230457
11.262643
11.296623
11.331788
11.367386
11.402549
11.436288
11.467517
11.495088
11.517889
11.534977
11.545717
11.549874
11.547622
11.539470
11.526145
11.508487
11.487358
11.463586
11.437925
11.411047
11.383530
11.355868
11.328470
11.301674
11.275750
11.250915
11.227332
11.205123
11.184373
11.165132
11.147425
11.131249
11.116584
11.103388
11.091609
11.081179
11.072026
11.064067
11.057218
11.051391
11.046499
11.042458
11.039182
11.036593
11.034613
11.033171
11.032197
11.031626
11.031394
11.031439
11.031702
11.032121
11.032634
11.033177
11.033682
11.034079
11.034296
11.034254
11.033875
11.033077
11.031780
11.029905
11.027377
11.024129
11.020103
11.015251
11.009541
11.002955
10.995491
10.987162
10.977996
10.968035
10.957331
10.945949
10.933958
10.921435
10.908456
10.895103
10.881453
10.867582
10.853563
10.839464
10.825346
10.811266
10.797274
10.783411
10.769715
10.756214
10.742931
10.729880
10.717070
10.704504
10.692180
10.680090
10.668219
10.656552
10.645068
10.633743
10.622553
10.611472
10.600470
10.589523
10.578601
10.567681
10.556737
10.545747
10.534693
10.523556
10.512322
10.500981
10.489523
10.477943
10.466238
10.454408
10.442456
10.430386
10.418205
10.405921
10.393543
10.381083
10.368553
10.355963
10.343327
10.330658
10.317966
10.305265
10.292564
10.279874
10.267204
10.254562
10.241953
10.229384
10.216858
10.204377
10.191941
10.179551
10.167205
10.154898
10.142628
10.130389
10.118175
10.105979
10.093795
10.081616
10.069434
10.057242
10.045035
10.032806
10.020549
10.008261
9.995937
9.983576
9.971174
9.958733
9.946252
9.933733
9.921178
9.908592
9.895978
9.883341
9.870686
9.858020
9.845349
9.832679
9.820016
9.807366
9.794736
9.782129
9.769552
9.757008
9.744499
9.732029
9.719599
9.707208
9.694856
9.682541
9.670260
9.658010
9.645785
9.633580
9.621387
9.609201
9.597014
9.584817
9.572603
9.560363
9.548091
9.535777
9.523416
9.511002
9.498527
9.485989
9.473384
9.460708
9.447962
9.435144
9.422256
9.409299
9.396278
9.383197
9.370060
9.356873
9.343644
9.330380
9.317087
9.303775
9.290451
9.277123
9.263799
9.250487
9.237193
9.223923
9.210685
9.197481
9.184317
9.171195
9.158116
9.145082
9.132091
9.119142
9.106231
9.093353
9.080504
9.067675
9.054859
9.042046
9.029227
9.016390
9.003523
8.990615
8.977652
8.964621
8.951511
8.938308
8.925001
8.911577
8.898026
8.884339
8.870506
8.856519
8.842374
8.828064
8.813587
8.798940
8.784122
8.769135
8.753978
8.738657
8.723172
8.707530
8.691736
8.675794
8.659711
8.643493
8.627146
8.610677
8.594091
8.577395
8.560594
8.543693
8.526698
8.509612
8.492441
8.475187
8.457854
8.440445
8.422962
8.405408
8.387784
8.370093
8.352335
8.334513
8.316626
8.298675
8.280663
8.262589
8.244455
8.226261
8.208007
8.189695
8.171326
8.152900
8.134419
8.115883
8.097293
8.078651
8.059957
8.041214
8.022422
8.003583
7.984699
7.965770
7.946798
7.927785
7.908733
7.889644
7.870517
7.851357
7.832164
7.812939
7.793685
7.774404
7.755096
7.735764
7.716409
7.697033
7.677637
7.658223
7.638793
7.619348
7.599889
7.580419
7.560938
7.541448
7.521950
7.502446
7.482936
7.463423
7.443907
7.424390
7.404872
7.385356
7.365841
7.346329
7.326822
7.307320
7.287824
7.268335
7.248855
7.229383
7.209922
7.190471
7.171032
7.151605
7.132192
7.112793
7.093409
7.074040
7.054688
7.035353
7.016035
6.996737
6.977457
6.958197
6.938958
6.919740
6.900544
6.881370
6.862219
6.843092
6.823989
6.804911
6.785858
6.766831
6.747831
6.728857
6.709912
6.690994
6.672104
6.653244
6.634413
6.615613
6.596843
6.578103
6.559396
6.540720
6.522076
6.503465
6.484887
6.466342
6.447832
6.429355
6.410913
6.392506
6.374134
6.355798
6.337497
6.319233
6.301004
6.282813
6.264658
6.246540
6.228460
6.210417
6.192411
6.174444
6.156514
6.138623
6.120770
6.102955
6.085179
6.067442
6.049743
6.032084
6.014463
5.996881
5.979339
5.961836
5.944372
5.926947
5.909561
5.892215
5.874908
5.857641
5.840413
5.823224
5.806075
5.788965
5.771894
5.754863
5.737871
5.720919
5.704005
5.687131
5.670297
5.653501
5.636745
5.620027
5.603349
5.586710
5.570110
5.553548
5.537026
5.520542
5.504097
5.487690
5.471323
5.454993
5.438703
5.422450
5.406236
5.390060
5.373923
5.357824
5.341762
5.325739
5.309753
5.293806
5.277896
5.262024
5.246189
5.230393
5.214633
5.198911
5.183226
5.167579
5.151969
5.136396
5.120860
5.105361
5.089899
5.074473
5.059085
5.043733
5.028418
5.013139
4.997897
4.982691
4.967522
4.952389
4.937292
4.922231
4.907207
4.892218
4.877265
4.862348
4.847467
4.832622
4.817812
4.803038
4.788300
4.773597
4.758929
4.744297
4.729700
4.715138
4.700611
4.686120
4.671664
4.657242
4.642856
4.628504
4.614187
4.599905
4.585657
4.571445
4.557266
4.543123
4.529013
4.514938
4.500898
4.486891
4.472919
4.458981
4.445078
4.431208
4.417372
4.403570
4.389802
4.376068
4.362368
4.348701
4.335068
4.321469
4.307903
4.294371
4.280872
4.267407
4.253975
4.240576
4.227211
4.213878
4.200579
4.187313
4.174080
4.160880
4.147713
4.134578
4.121477
4.108408
4.095372
4.082369
4.069398
4.056460
4.043554
4.030681
4.017841
4.005032
3.992256
3.979512
3.966801
3.954121
3.941474
3.928858
3.916275
3.903724
3.891204
3.878717
3.866261
3.853837
3.841444
3.829084
3.816755
3.804457
3.792191
3.779956
3.767753
3.755581
3.743440
3.731331
3.719253
3.707206
3.695189
3.683204
3.671250
3.659327
3.647435
3.635574
3.623743
3.611943
3.600174
3.588435
3.576727
3.565050
3.553402
3.541786
3.530199
3.518643
3.507118
3.495622
3.484157
3.472721
3.461316
3.449941
3.438595
3.427280
3.415994
3.404739
3.393512
3.382316
3.371149
3.360012
3.348904
3.337826
3.326777
3.315758
3.304768
3.293807
3.282875
3.271973
3.261099
3.250255
3.239439
3.228653
3.217895
3.207167
3.196467
3.185795
3.175153
3.164539
3.153954
3.143397
3.132868
3.122368
3.111897
3.101453
3.091038
3.080652
3.070293
3.059962
3.049659
3.039385
3.029138
3.018919
3.008728
2.998565
2.988429
2.978321
2.968241
2.958188
2.948163
2.938165
2.928195
2.918252
2.908336
2.898447
2.888586
2.878751
2.868944
2.859164
2.849410
2.839684
2.829984
2.820311
2.810665
2.801046
2.791453
2.781887
2.772347
2.762834
2.753347
2.743887
2.734453
2.725045
2.715663
2.706307
2.696978
2.687674
2.678397
2.669145
2.659919
2.650720
2.641545
2.632397
2.623274
2.614177
2.605105
2.596059
2.587038
2.578043
2.569073
2.560128
2.551209
2.542314
2.533445
2.524601
2.515781
2.506987
2.498218
2.489473
2.480753
2.472058
2.463388
2.454742
2.446121
2.437524
2.428952
2.420404
2.411881
2.403382
2.394907
2.386456
2.378029
2.369627
2.361248
2.352894
2.344563
2.336257
2.327974
2.319715
2.311479
2.303267
2.295079
2.286915
2.278774
2.270656
2.262562
2.254491
2.246443
2.238419
2.230418
2.222439
2.214484
2.206552
2.198643
2.190757
2.182894
2.175053
2.167236
2.159441
2.151668
2.143919
2.136192
2.128487
2.120805
2.113145
2.105507
2.097892
2.090299
2.082728
2.075180
2.067653
2.060148
2.052666
2.045205
2.037766
2.030349
2.022954
2.015581
2.008229
2.000899
1.993590
1.986303
1.979037
1.971793
1.964570
1.957369
1.950188
1.943029
1.935891
1.928774
1.921679
1.914604
1.907550
1.900517
1.893505
1.886514
1.879543
1.872594
1.865664
1.858756
1.851868
1.845000
1.838153
1.831327
1.824520
1.817734
1.810969
1.804223
1.797498
1.790793
1.784108
1.777442
1.770797
1.764172
1.757567
1.750981
1.744415
1.737869
1.731342
1.724836
1.718348
1.711881
1.705432
1.699003
1.692594
1.686204
1.679833
1.673481
1.667149
1.660836
1.654541
1.648266
1.642010
1.635773
1.629555
1.623355
1.617174
1.611012
1.604869
1.598745
1.592639
1.586551
1.580483
1.574432
1.568400
1.562387
1.556392
1.550415
1.544456
1.538516
1.532593
1.526689
1.520803
1.514935
1.509085
1.503253
1.497438
1.491642
1.485863
1.480102
1.474359
1.468633
1.462925
1.457235
1.451562
1.445906
1.440268
1.434647
1.429044
1.423458
1.417889
1.412338
1.406803
1.401286
1.395785
1.390302
1.384836
1.379387
1.373954
1.368539
1.363140
1.357758
1.352392
1.347044
1.341712
1.336396
1.331098
1.325815
1.320549
1.315300
1.310067
1.304850
1.299650
1.294465
1.289297
1.284145
1.279010
1.273890
1.268786
1.263699
1.258627
1.253571
1.248531
1.243507
1.238499
1.233506
1.228529
1.223568
1.218622
1.213692
1.208778
1.203879
1.198995
1.194127
1.189274
1.184437
1.179615
1.174808
1.170016
1.165240
1.160478
1.155732
1.151000
1.146284
1.141583
1.136896
1.132225
1.127568
1.122926
1.118299
1.113687
1.109089
1.104506
1.099938
1.095384
1.090845
1.086320
1.081809
1.077313
1.072832
1.068365
1.063912
1.059473
1.055049
1.050638
1.046242
1.041860
1.037492
1.033138
1.028798
1.024472
1.020160
1.015862
1.011577
1.007307
1.003050
0.998807
0.994578
0.990362
0.986160
0.981971
0.977796
0.973635
0.969487
0.965352
0.961231
0.957123
0.953028
0.948947
0.944879
0.940824
0.936783
0.932754
0.928739
0.924737
0.920748
0.916771
0.912808
0.908858
0.904920
0.900996
0.897084
0.893185
0.889298
0.885425
0.881564
0.877716
0.873880
0.870057
0.866246
0.862448
0.858663
0.854890
0.851129
0.847381
0.843645
0.839921
0.836209
0.832510
0.828823
0.825148
0.821486
0.817835
0.814196
0.810570
0.806955
0.803353
0.799762
0.796183
0.792616
0.789061
0.785518
0.781987
0.778467
0.774959
0.771462
0.767977
0.764504
0.761042
0.757592
0.754154
0.750727
0.747311
0.743907
0.740514
0.737132
0.733762
0.730403
0.727055
0.723718
0.720393
0.717079
0.713776
0.710484
0.707203
0.703933
0.700674
0.697426
0.694189
0.690963
0.687748
0.684543
0.681350
0.678167
0.674995
0.671833
0.668683
0.665543
0.662413
0.659295
0.656186
0.653089
0.650002
0.646925
0.643859
0.640803
0.637757
0.634722
0.631698
0.628683
0.625679
0.622685
0.619701
0.616728
0.613764
0.610811
0.607868
0.604935
0.602012
0.599099
0.596196
0.593303
0.590420
0.587546
0.584683
0.581829
0.578986
0.576152
0.573328
0.570513
0.567708
0.564913
0.562128
0.559352
0.556586
0.553829
0.551082
0.548344
0.545616
0.542898
0.540188
0.537489
0.534798
0.532117
0.529445
0.526783
0.524129
0.521485
0.518850
0.516225
0.513608
0.511001
0.508403
0.505814
0.503234
0.500663
0.498100
0.495547
0.493003
0.490468
0.487942
0.485424
0.482916
0.480416
0.477925
0.475443
0.472970
0.470505
0.468049
0.465602
0.463163
0.460733
0.458311
0.455899
0.453494
0.451098
0.448711
0.446332
0.443962
0.441600
0.439246
0.436901
0.434564
0.432236
0.429916
0.427604
0.425300
0.423005
0.420717
0.418438
0.416167
0.413905
0.411650
0.409404
0.407165
0.404935
0.402712
0.400498
0.398291
0.396093
0.393902
0.391719
0.389545
0.387378
0.385219
0.383067
0.380924
0.378788
0.376660
0.374540
0.372427
0.370322
0.368225
0.366136
0.364054
0.361979
0.359913
0.357853
0.355802
0.353757
0.351721
0.349691
0.347669
0.345655
0.343648
0.341648
0.339656
0.337671
0.335693
0.333723
0.331760
0.329804
0.327855
0.325914
0.323979
0.322052
0.320132
0.318219
0.316313
0.314415
0.312523
0.310639
0.308761
0.306890
0.305027
0.303170
0.301320
0.299477
0.297642
0.295812
0.293990
0.292175
0.290366
0.288565
0.286770
0.284981
0.283200
0.281425
0.279657
0.277895
0.276141
0.274393
0.272651
0.270916
0.269188
0.267466
0.265751
0.264042
0.262340
0.260644
0.258955
0.257272
0.255596
0.253926
0.252262
0.250605
0.248954
0.247310
0.245672
0.244040
0.242414
0.240795
0.239182
0.237575
0.235974
0.234380
0.232791
0.231209
0.229633
0.228063
0.226500
0.224942
0.223390
0.221845
0.220305
0.218771
0.217244
0.215722
0.214207
0.212697
0.211193
0.209695
0.208203
0.206717
0.205237
0.203762
0.202294
0.200831
0.199374
0.197923
0.196477
0.195037
0.193603
0.192175
0.190752
0.189335
0.187924
0.186518
0.185118
0.183724
0.182335
0.180951
0.179574
0.178201
0.176835
0.175473
0.174118
0.172767
0.171423
0.170083
0.168749
0.167421
0.166098
0.164780
0.163467
0.162160
0.160859
0.159562
0.158271
0.156985
0.155705
0.154429
0.153159
0.151894
0.150635
0.149380
0.148131
0.146887
0.145648
0.144414
0.143185
0.141961
0.140743
0.139529
0.138321
0.137117
0.135919
0.134726
0.133537
0.132354
0.131175
0.130002
0.128833
0.127670
0.126511
0.125357
0.124208
0.123064
0.121925
0.120790
0.119660
0.118536
0.117416
0.116300
0.115190
0.114084
0.112983
0.111887
0.110795
0.109708
0.108626
0.107548
0.106475
0.105407
0.104343
0.103284
0.102229
0.101180
0.100134
0.099093
0.098057
0.097025
0.095998
0.094975
0.093957
0.092943
0.091934
0.090929
0.089928
0.088932
0.087940
0.086953
0.085970
0.084991
0.084017
0.083047
0.082081
0.081120
0.080163
0.079210
0.078262
0.077317
0.076377
0.075441
0.074510
0.073582
0.072659
0.071740
0.070825
0.069914
0.069008
0.068105
0.067207
0.066313
0.065422
0.064536
0.063654
0.062776
0.061902
0.061032
0.060166
0.059304
0.058446
0.057592
0.056741
0.055895
0.055053
0.054214
0.053380
0.052549
0.051723
0.050900
0.050081
0.049266
0.048454
0.047647
0.046843
0.046043
0.045247
0.044454
0.043666
0.042881
0.042099
0.041322
0.040548
0.039778
0.039012
0.038249
0.037490
0.036734
0.035982
0.035234
0.034489
0.033748
0.033011
0.032277
0.031547
0.030820
0.030097
0.029377
0.028661
0.027948
0.027239
0.026533
0.025830
0.025131
0.024436
0.023744
0.023055
0.022370
0.021688
0.021010
0.020335
0.019663
0.018995
0.018329
0.017668
0.017009
0.016354
0.015702
0.015054
0.014408
0.013766
0.013127
0.012492
0.011859
0.011230
0.010604
0.009981
0.009361
0.008745
0.008131
0.007521
0.006914
0.006310
0.005709
0.005111
0.004516
0.003925
0.003336
0.002750
0.002168
0.001588
0.001012
0.000438
-0.000132
-0.000700
-0.001265
-0.001826
-0.002385
-0.002941
-0.003494
-0.004044
-0.004591
-0.005135
-0.005676
-0.006215
-0.006750
-0.007283
-0.007813
-0.008340
-0.008864
-0.009386
-0.009905
-0.010420
-0.010934
-0.011444
-0.011952
-0.012457
-0.012959
-0.013458
-0.013955
-0.014449
-0.014941
-0.015429
-0.015915
-0.016399
-0.016879
-0.017358
-0.017833
-0.018306
-0.018776
-0.019244
-0.019709
-0.020172
-0.020632
-0.021089
-0.021544
-0.021997
-0.022447
-0.022894
-0.023339
-0.023781
-0.024221
-0.024659
-0.025094
-0.025526
-0.025957
-0.026384
-0.026810
-0.027232
-0.027653
-0.028071
-0.028487
-0.028900
-0.029311
-0.029720
-0.030126
-0.030530
-0.030932
-0.031331
-0.031729
-0.032123
-0.032516
-0.032906
-0.033294
-0.033680
-0.034064
-0.034445
-0.034824
-0.035201
-0.035576
-0.035948
-0.036318
-0.036687
-0.037053
-0.037416
-0.037778
-0.038138
-0.038495
-0.038850
-0.039204
-0.039555
-0.039904
-0.040251
-0.040596
-0.040938
-0.041279
-0.041618
-0.041955
-0.042289
-0.042622
-0.042953
-0.043281
-0.043608
-0.043933
-0.044255
-0.044576
-0.044895
-0.045212
-0.045527
-0.045840
-0.046151
-0.046460
-0.046767
-0.047073
-0.047376
-0.047678
-0.047978
-0.048276
-0.048572
-0.048866
-0.049158
-0.049449
-0.049738
-0.050025
-0.050310
-0.050593
-0.050875
-0.051155
-0.051433
-0.051709
-0.051984
-0.052256
-0.052528
-0.052797
-0.053065
-0.053331
-0.053595
-0.053857
-0.054118
-0.054378
-0.054635
-0.054891
-0.055145
-0.055398
-0.055649
-0.055898
-0.056146
-0.056392
-0.056637
-0.056879
-0.057121
-0.057360
-0.057599
-0.057835
-0.058070
-0.058304
-0.058536
-0.058766
-0.058995
-0.059223
-0.059448
-0.059673
-0.059896
-0.060117
-0.060337
-0.060555
-0.060772
-0.060988
-0.061202
-0.061414
-0.061626
-0.061835
-0.062044
-0.062250
-0.062456
-0.062660
-0.062863
-0.063064
-0.063264
-0.063462
-0.063659
-0.063855
-0.064050
-0.064243
-0.064434
-0.064625
-0.064814
-0.065002
-0.065188
-0.065373
-0.065557
-0.065740
-0.065921
-0.066101
-0.066280
-0.066457
-0.066633
-0.066808
-0.066982
-0.067154
-0.067325
-0.067495
-0.067664
-0.067832
-0.067998
-0.068163
-0.068327
-0.068490
-0.068651
-0.068811
-0.068971
-0.069129
-0.069285
-0.069441
-0.069596
-0.069749
-0.069901
-0.070052
-0.070202
-0.070351
-0.070499
-0.070646
-0.070791
-0.070936
-0.071079
-0.071221
-0.071362
-0.071502
-0.071642
-0.071780
-0.071916
-0.072052
-0.072187
-0.072321
-0.072454
-0.072585
-0.072716
-0.072846
-0.072975
-0.073102
-0.073229
-0.073355
-0.073479
-0.073603
-0.073726
-0.073847
-0.073968
-0.074088
-0.074207
-0.074325
-0.074442
-0.074558
-0.074673
-0.074787
-0.074900
-0.075012
-0.075124
-0.075234
-0.075344
-0.075452
-0.075560
-0.075667
-0.075773
-0.075878
-0.075982
-0.076085
-0.076188
-0.076289
-0.076390
-0.076490
-0.076589
-0.076687
-0.076784
-0.076881
-0.076977
-0.077071
-0.077165
-0.077259
-0.077351
-0.077443
-0.077533
-0.077623
-0.077712
-0.077801
-0.077888
-0.077975
-0.078061
-0.078146
-0.078231
-0.078315
-0.078398
-0.078480
-0.078561
-0.078642
-0.078722
-0.078801
-0.078880
-0.078957
-0.079034
-0.079111
-0.079186
-0.079261
-0.079335
-0.079409
-0.079481
-0.079554
-0.079625
-0.079696
-0.079765
-0.079835
-0.079903
-0.079971
-0.080039
-0.080105
-0.080171
-0.080236
-0.080301
-0.080365
-0.080428
-0.080491
-0.080553
-0.080614
-0.080675
-0.080735
-0.080795
-0.080854
-0.080912
-0.080969
-0.081027
-0.081083
-0.081139
-0.081194
-0.081249
-0.081303
-0.081356
-0.081409
-0.081461
-0.081513
-0.081564
-0.081614
-0.081664
-0.081714
-0.081763
-0.081811
-0.081858
-0.081906
-0.081952
-0.081998
-0.082044
-0.082089
-0.082133
-0.082177
-0.082220
-0.082263
-0.082306
-0.082347
-0.082389
-0.082429
-0.082470
-0.082509
-0.082549
-0.082587
-0.082625
-0.082663
-0.082700
-0.082737
-0.082773
-0.082809
-0.082844
-0.082879
-0.082914
-0.082947
-0.082981
-0.083014
-0.083046
-0.083078
-0.083110
-0.083141
-0.083171
-0.083201
-0.083231
-0.083260
-0.083289
-0.083317
-0.083345
-0.083373
-0.083400
-0.083427
-0.083453
-0.083479
-0.083504
-0.083529
-0.083553
-0.083578
-0.083601
-0.083624
-0.083647
-0.083670
-0.083692
-0.083714
-0.083735
-0.083756
-0.083776
-0.083796
-0.083816
-0.083835
-0.083854
-0.083873
-0.083891
-0.083909
-0.083926
-0.083943
-0.083960
-0.083976
-0.083992
-0.084008
-0.084023
-0.084038
-0.084053
-0.084067
-0.084081
-0.084094
-0.084107
-0.084120
-0.084133
-0.084145
-0.084157
-0.084168
-0.084179
-0.084190
-0.084201
-0.084211
-0.084220
-0.084230
-0.084239
-0.084248
-0.084257
-0.084265
-0.084273
-0.084280
-0.084288
-0.084295
-0.084301
-0.084308
-0.084314
-0.084320
-0.084325
-0.084330
-0.084335
-0.084340
-0.084344
-0.084348
-0.084352
-0.084356
-0.084359
-0.084362
-0.084364
-0.084367
-0.084369
-0.084371
-0.084372
-0.084374
-0.084375
-0.084375
-0.084376
-0.084376
-0.084376
-0.084376
-0.084376
-0.084375
-0.084374
-0.084372
-0.084371
-0.084369
-0.084367
-0.084365
-0.084362
-0.084360
-0.084357
-0.084354
-0.084350
-0.084346
-0.084343
-0.084338
-0.084334
-0.084330
-0.084325
-0.084320
-0.084314
-0.084309
-0.084303
-0.084297
-0.084291
-0.084285
-0.084278
-0.084272
-0.084265
-0.084258
-0.084250
-0.084243
-0.084235
-0.084227
-0.084219
-0.084210
-0.084202
-0.084193
-0.084184
-0.084175
-0.084165
-0.084156
-0.084146
-0.084136
-0.084126
-0.084116
-0.084105
-0.084095
-0.084084
-0.084073
-0.084061
-0.084050
-0.084039
-0.084027
-0.084015
-0.084003
-0.083991
-0.083978
-0.083966
-0.083953
-0.083940
-0.083927
-0.083914
-0.083900
-0.083887
-0.083873
-0.083859
-0.083845
-0.083831
-0.083817
-0.083802
-0.083787
-0.083773
-0.083758
-0.083743
-0.083727
-0.083712
-0.083696
-0.083681
-0.083665
-0.083649
-0.083633
-0.083617
-0.083600
-0.083584
-0.083567
-0.083550
-0.083533
-0.083516
-0.083499
-0.083482
-0.083464
-0.083447
-0.083429
-0.083411
-0.083393
-0.083375
-0.083357
-0.083339
-0.083320
-0.083302
-0.083283
-0.083264
-0.083246
-0.083227
-0.083207
-0.083188
-0.083169
-0.083149
-0.083130
-0.083110
-0.083090
-0.083070
-0.083050
-0.083030
-0.083010
-0.082990
-0.082969
-0.082949
-0.082928
-0.082907
-0.082886
-0.082866
-0.082845
-0.082823
-0.082802
-0.082781
-0.082759
-0.082738
-0.082716
-0.082695
-0.082673
-0.082651
-0.082629
-0.082607
-0.082585
-0.082563
-0.082540
-0.082518
-0.082495
-0.082473
-0.082450
-0.082428
-0.082405
-0.082382
-0.082359
-0.082336
-0.082313
-0.082290
-0.082266
-0.082243
-0.082220
-0.082196
-0.082172
-0.082149
-0.082125
-0.082101
-0.082077
-0.082054
-0.082030
-0.082006
-0.081981
-0.081957
-0.081933
-0.081909
-0.081884
-0.081860
-0.081835
-0.081811
-0.081786
-0.081761
-0.081737
-0.081712
-0.081687
-0.081662
-0.081637
-0.081612
-0.081587
-0.081562
-0.081536
-0.081511
-0.081486
-0.081461
-0.081435
-0.081410
-0.081384
-0.081359
-0.081333
-0.081307
-0.081282
-0.081256
-0.081230
-0.081204
-0.081178
-0.081152
-0.081126
-0.081100
-0.081074
-0.081048
-0.081022
-0.080996
-0.080969
-0.080943
-0.080917
-0.080890
-0.080864
-0.080837
-0.080811
-0.080784
-0.080758
-0.080731
-0.080705
-0.080678
-0.080651
-0.080625
-0.080598
-0.080571
-0.080544
-0.080517
-0.080490
-0.080463
-0.080436
-0.080409
-0.080382
-0.080355
-0.080328
-0.080301
-0.080274
-0.080247
-0.080220
-0.080192
-0.080165
-0.080138
-0.080111
-0.080083
-0.080056
-0.080029
-0.080001
-0.079974
-0.079946
-0.079919
-0.079892
-0.079864
-0.079837
-0.079809
-0.079781
-0.079754
-0.079726
-0.079699
-0.079671
-0.079643
-0.079616
-0.079588
-0.079560
-0.079533
-0.079505
-0.079477
-0.079450
-0.079422
-0.079394
-0.079366
-0.079338
-0.079311
-0.079283
-0.079255
-0.079227
-0.079199
-0.079171
-0.079144
-0.079116
-0.079088
-0.079060
-0.079032
-0.079004
-0.078976
-0.078948
-0.078920
-0.078892
-0.078864
-0.078837
-0.078809
-0.078781
-0.078753
-0.078725
-0.078697
-0.078669
-0.078641
-0.078613
-0.078585
-0.078557
-0.078529
-0.078501
-0.078473
-0.078445
-0.078417
-0.078389
-0.078361
-0.078333
-0.078305
-0.078277
-0.078249
-0.078221
-0.078193
-0.078165
-0.078137
-0.078109
-0.078081
-0.078053
-0.078025
-0.077997
-0.077969
-0.077941
-0.077913
-0.077885
-0.077857
-0.077829
-0.077801
-0.077774
-0.077746
-0.077718
-0.077690
-0.077662
-0.077634
-0.077606
-0.077578
-0.077550
-0.077523
-0.077495
-0.077467
-0.077439
-0.077411
-0.077384
-0.077356
-0.077328
-0.077300
-0.077272
-0.077245
-0.077217
-0.077189
-0.077162
-0.077134
-0.077106
-0.077078
-0.077051
-0.077023
-0.076995
-0.076968
-0.076940
-0.076913
-0.076885
-0.076858
-0.076830
-0.076802
-0.076775
-0.076747
-0.076720
-0.076692
-0.076665
-0.076638
-0.076610
-0.076583
-0.076555
-0.076528
-0.076501
-0.076473
-0.076446
-0.076419
-0.076391
-0.076364
-0.076337
-0.076310
-0.076282
-0.076255
-0.076228
-0.076201
-0.076174
-0.076147
-0.076120
-0.076092
-0.076065
-0.076038
-0.076011
-0.075984
-0.075957
-0.075930
-0.075904
-0.075877
-0.075850
-0.075823
-0.075796
-0.075769
-0.075742
-0.075716
-0.075689
-0.075662
-0.075635
-0.075609
-0.075582
-0.075555
-0.075529
-0.075502
-0.075476
-0.075449
-0.075423
-0.075396
-0.075370
-0.075343
-0.075317
-0.075290
-0.075264
-0.075238
-0.075211
-0.075185
-0.075159
-0.075133
-0.075106
-0.075080
-0.075054

