0.000000
0.000000
-0.000006
-0.000014
-0.000023
-0.000034
-0.000045
-0.000058
-0.000070
-0.000084
-0.000097
-0.000111
-0.000125
-0.000140
-0.000155
-0.000170
-0.000185
-0.000201
-0.000217
-0.000233
-0.000249
-0.000266
-0.000282
-0.000299
-0.000316
-0.000333
-0.000351
-0.000368
-0.000386
-0.000404
-0.000422
-0.000440
-0.000459
-0.000477
-0.000496
-0.000515
-0.000534
-0.000553
-0.000572
-0.000591
-0.000611
-0.000631
-0.000651
-0.000670
-0.000691
-0.000711
-0.000731
-0.000751
-0.000772
-0.000793
-0.000813
-0.000834
-0.000855
-0.000876
-0.000898
-0.000919
-0.000940
-0.000962
-0.000984
-0.001005
-0.001027
-0.001049
-0.001071
-0.001093
-0.001115
-0.001138
-0.001160
-0.001183
-0.001205
-0.001228
-0.001251
-0.001273
-0.001296
-0.001319
-0.001342
-0.001366
-0.001389
-0.001412
-0.001435
-0.001459
-0.001482
-0.001506
-0.001530
-0.001553
-0.001577
-0.001601
-0.001625
-0.001649
-0.001673
-0.001697
-0.001722
-0.001746
-0.001770
-0.001795
-0.001819
-0.001844
-0.001868
-0.001893
-0.001918
-0.001942
-0.001967
-0.001992
-0.002017
-0.002042
-0.002067
-0.002092
-0.002118
-0.002143
-0.002168
-0.002193
-0.002219
-0.002244
-0.002270
-0.002295
-0.002321
-0.002346
-0.002372
-0.002398
-0.002424
-0.002449
-0.002475
-0.002501
-0.002527
-0.002553
-0.002579
-0.002605
-0.002631
-0.002658
-0.002684
-0.002710
-0.002736
-0.002763
-0.002789
-0.002815
-0.002842
-0.002868
-0.002895
-0.002921
-0.002948
-0.002975
-0.003001
-0.003028
-0.003055
-0.003082
-0.003108
-0.003135
-0.003162
-0.003189
-0.003216
-0.003243
-0.003270
-0.003297
-0.003324
-0.003351
-0.003379
-0.003406
-0.003433
-0.003460
-0.003487
-0.003515
-0.003542
-0.003569
-0.003597
-0.003624
-0.003652
-0.003679
-0.003707
-0.003734
-0.003762
-0.003789
-0.003817
-0.003845
-0.003872
-0.003900
-0.003928
-0.003955
-0.003983
-0.004011
-0.004039
-0.004067
-0.004094
-0.004122
-0.004150
-0.004178
-0.004206
-0.004234
-0.004262
-0.004290
-0.004318
-0.004346
-0.004374
-0.004402
-0.004430
-0.004459
-0.004487
-0.004515
-0.004543
-0.004571
-0.004599
-0.004628
-0.004656
-0.004684
-0.004713
-0.004741
-0.004769
-0.004798
-0.004826
-0.004854
-0.004883
-0.004911
-0.004940
-0.004968
-0.004997
-0.005025
-0.005054
-0.005082
-0.005111
-0.005139
-0.005168
-0.005197
-0.005225
-0.005254
-0.005282
-0.005311
-0.005340
-0.005368
-0.005397
-0.005426
-0.005455
-0.005483
-0.005512
-0.005541
-0.005570
-0.005598
-0.005627
-0.005656
-0.005685
-0.005714
-0.005743
-0.005771
-0.005800
-0.005829
-0.005858
-0.005887
-0.005916
-0.005945
-0.005974
-0.006003
-0.006032
-0.006061
-0.006090
-0.006119
-0.006148
-0.006177
-0.006206
-0.006235
-0.006264
-0.006293
-0.006322
-0.006351
-0.006380
-0.006409
-0.006438
-0.006467
-0.006496
-0.006525
-0.006555
-0.006584
-0.006613
-0.006642
-0.006671
-0.006700
-0.006729
-0.006759
-0.006788
-0.006817
-0.006846
-0.006875
-0.006905
-0.006934
-0.006963
-0.006992
-0.007022
-0.007051
-0.007080
-0.007109
-0.007139
-0.007168
-0.007197
-0.007226
-0.007256
-0.007285
-0.007314
-0.007344
-0.007373
-0.007402
-0.007432
-0.007461
-0.007490
-0.007520
-0.007549
-0.007578
-0.007608
-0.007637
-0.007666
-0.007696
-0.007725
-0.007754
-0.007784
-0.007813
-0.007842
-0.007872
-0.007901
-0.007931
-0.007960
-0.007989
-0.008019
-0.008048
-0.008078
-0.008107
-0.008136
-0.008166
-0.008195
-0.008225
-0.008254
-0.008283
-0.008313
-0.008342
-0.008372
-0.008401
-0.008431
-0.008460
-0.008489
-0.008519
-0.008548
-0.008578
-0.008607
-0.008637
-0.008666
-0.008695
-0.008725
-0.008754
-0.008784
-0.008813
-0.008843
-0.008872
-0.008902
-0.008931
-0.008960
-0.008990
-0.009019
-0.009049
-0.009078
-0.009108
-0.009137
-0.009167
-0.009196
-0.009225
-0.009255
-0.009284
-0.009314
-0.009343
-0.009373
-0.009402
-0.009432
-0.009461
-0.009490
-0.009520
-0.009549
-0.009579
-0.009608
-0.009638
-0.009667
-0.009696
-0.009726
-0.009755
-0.009785
-0.009814
-0.009844
-0.009873
-0.009902
-0.009932
-0.009961
-0.009991
-0.010020
-0.010050
-0.010079
-0.010108
-0.010138
-0.010167
-0.010197
-0.010226
-0.010255
-0.010285
-0.010314
-0.010344
-0.010373
-0.010402
-0.010432
-0.010461
-0.010490
-0.010520
-0.010549
-0.010579
-0.010608
-0.010637
-0.010667
-0.010696
-0.010725
-0.010755
-0.010784
-0.010813
-0.010843
-0.010872
-0.010901
-0.010931
-0.010960
-0.010989
-0.011019
-0.011048
-0.011077
-0.011107
-0.011136
-0.011165
-0.011195
-0.011224
-0.011253
-0.011282
-0.011312
-0.011341
-0.011370
-0.011400
-0.011429
-0.011458
-0.011487
-0.011517
-0.011546
-0.011575
-0.011604
-0.011634
-0.011663
-0.011692
-0.011721
-0.011750
-0.011780
-0.011809
-0.011838
-0.011867
-0.011896
-0.011926
-0.011955
-0.011984
-0.012013
-0.012042
-0.012071
-0.012101
-0.012130
-0.012159
-0.012188
-0.012217
-0.012246
-0.012275
-0.012304
-0.012334
-0.012363
-0.012392
-0.012421
-0.012450
-0.012479
-0.012508
-0.012537
-0.012566
-0.012595
-0.012624
-0.012653
-0.012682
-0.012711
-0.012740
-0.012769
-0.012798
-0.012827
-0.012856
-0.012885
-0.012914
-0.012943
-0.012972
-0.013001
-0.013030
-0.013059
-0.013088
-0.013117
-0.013146
-0.013175
-0.013204
-0.013233
-0.013262
-0.013291
-0.013320
-0.013348
-0.013377
-0.013406
-0.013435
-0.013464
-0.013493
-0.013522
-0.013551
-0.013579
-0.013608
-0.013637
-0.013666
-0.013695
-0.013723
-0.013752
-0.013781
-0.013810
-0.013839
-0.013867
-0.013896
-0.013925
-0.013954
-0.013982
-0.014011
-0.014040
-0.014068
-0.014097
-0.014126
-0.014155
-0.014183
-0.014212
-0.014241
-0.014269
-0.014298
-0.014326
-0.014355
-0.014384
-0.014412
-0.014441
-0.014470
-0.014498
-0.014527
-0.014555
-0.014584
-0.014612
-0.014641
-0.014670
-0.014698
-0.014727
-0.014755
-0.014784
-0.014812
-0.014841
-0.014869
-0.014898
-0.014926
-0.014955
-0.014983
-0.015011
-0.015040
-0.015068
-0.015097
-0.015125
-0.015154
-0.015182
-0.015210
-0.015239
-0.015267
-0.015295
-0.015324
-0.015352
-0.015380
-0.015409
-0.015437
-0.015465
-0.015494
-0.015522
-0.015550
-0.015579
-0.015607
-0.015635
-0.015663
-0.015692
-0.015720
-0.015748
-0.015776
-0.015804
-0.015833
-0.015861
-0.015889
-0.015917
-0.015945
-0.015974
-0.016002
-0.016030
-0.016058
-0.016086
-0.016114
-0.016142
-0.016170
-0.016198
-0.016226
-0.016255
-0.016283
-0.016311
-0.016339
-0.016367
-0.016395
-0.016423
-0.016451
-0.016479
-0.016507
-0.016535
-0.016563
-0.016590
-0.016618
-0.016646
-0.016674
-0.016702
-0.016730
-0.016758
-0.016786
-0.016814
-0.016842
-0.016869
-0.016897
-0.016925
-0.016953
-0.016981
-0.017009
-0.017036
-0.017064
-0.017092
-0.017120
-0.017147
-0.017175
-0.017203
-0.017231
-0.017258
-0.017286
-0.017314
-0.017341
-0.017369
-0.017397
-0.017424
-0.017452
-0.017480
-0.017507
-0.017535
-0.017563
-0.017590
-0.017618
-0.017645
-0.017673
-0.017700
-0.017728
-0.017756
-0.017783
-0.017811
-0.017838
-0.017866
-0.017893
-0.017921
-0.017948
-0.017975
-0.018003
-0.018030
-0.018058
-0.018085
-0.018113
-0.018140
-0.018167
-0.018195
-0.018222
-0.018249
-0.018277
-0.018304
-0.018331
-0.018359
-0.018386
-0.018413
-0.018441
-0.018468
-0.018495
-0.018522
-0.018550
-0.018577
-0.018604
-0.018631
-0.018658
-0.018686
-0.018713
-0.018740
-0.018767
-0.018794
-0.018821
-0.018849
-0.018876
-0.018903
-0.018930
-0.018957
-0.018984
-0.019011
-0.019038
-0.019065
-0.019092
-0.019119
-0.019146
-0.019173
-0.019200
-0.019227
-0.019254
-0.019281
-0.019308
-0.019335
-0.019362
-0.019389
-0.019416
-0.019443
-0.019469
-0.019496
-0.019523
-0.019550
-0.019577
-0.019604
-0.019631
-0.019657
-0.019684
-0.019711
-0.019738
-0.019764
-0.019791
-0.019818
-0.019845
-0.019871
-0.019898
-0.019925
-0.019951
-0.019978
-0.020005
-0.020031
-0.020058
-0.020085
-0.020111
-0.020138
-0.020165
-0.020191
-0.020218
-0.020244
-0.020271
-0.020297
-0.020324
-0.020350
-0.020377
-0.020403
-0.020430
-0.020456
-0.020483
-0.020509
-0.020536
-0.020562
-0.020589
-0.020615
-0.020641
-0.020668
-0.020694
-0.020721
-0.020747
-0.020773
-0.020800
-0.020826
-0.020852
-0.020879
-0.020905
-0.020931
-0.020957
-0.020984
-0.021010
-0.021036
-0.021062
-0.021089
-0.021115
-0.021141
-0.021167
-0.021193
-0.021219
-0.021246
-0.021272
-0.021298
-0.021324
-0.021350
-0.021376
-0.021402
-0.021428
-0.021454
-0.021480
-0.021506
-0.021532
-0.021558
-0.021584
-0.021610
-0.021636
-0.021662
-0.021688
-0.021714
-0.021740
-0.021766
-0.021792
-0.021818
-0.021844
-0.021870
-0.021895
-0.021921
-0.021947
-0.021973
-0.021999
-0.022025
-0.022050
-0.022076
-0.022102
-0.022128
-0.022153
-0.022179
-0.022205
-0.022231
-0.022256
-0.022282
-0.022308
-0.022333
-0.022359
-0.022385
-0.022410
-0.022436
-0.022462
-0.022487
-0.022513
-0.022538
-0.022564
-0.022589
-0.022615
-0.022641
-0.022666
-0.022692
-0.022717
-0.022743
-0.022768
-0.022794
-0.022819
-0.022844
-0.022870
-0.022895
-0.022921
-0.022946
-0.022971
-0.022997
-0.023022
-0.023048
-0.023073
-0.023098
-0.023124
-0.023149
-0.023174
-0.023199
-0.023225
-0.023250
-0.023275
-0.023300
-0.023326
-0.023351
-0.023376
-0.023401
-0.023426
-0.023452
-0.023477
-0.023502
-0.023527
-0.023552
-0.023577
-0.023602
-0.023627
-0.023653
-0.023678
-0.023703
-0.023728
-0.023753
-0.023778
-0.023803
-0.023828
-0.023853
-0.023878
-0.023903
-0.023928
-0.023953
-0.023977
-0.024002
-0.024027
-0.024052
-0.024077
-0.024102
-0.024127
-0.024152
-0.024176
-0.024201
-0.024226
-0.024251
-0.024276
-0.024300
-0.024325
-0.024350
-0.024375
-0.024399
-0.024424
-0.024449
-0.024474
-0.024498
-0.024523
-0.024548
-0.024572
-0.024597
-0.024622
-0.024646
-0.024671
-0.024695
-0.024720
-0.024745
-0.024769
-0.024794
-0.024818
-0.024843
-0.024867
-0.024892
-0.024916
-0.024941
-0.024965
-0.024990
-0.025014
-0.025038
-0.025063
-0.025087
-0.025112
-0.025136
-0.025160
-0.025185
-0.025209
-0.025233
-0.025258
-0.025282
-0.025306
-0.025331
-0.025355
-0.025379
-0.025404
-0.025428
-0.025452
-0.025476
-0.025500
-0.025525
-0.025549
-0.025573
-0.025597
-0.025621
-0.025645
-0.025670
-0.025694
-0.025718
-0.025742
-0.025766
-0.025790
-0.025814
-0.025838
-0.025862
-0.025886
-0.025910
-0.025934
-0.025958
-0.025982
-0.026006
-0.026030
-0.026054
-0.026078
-0.026102
-0.026126
-0.026150
-0.026174
-0.026198
-0.026221
-0.026245
-0.026269
-0.026293
-0.026317
-0.026341
-0.026364
-0.026388
-0.026412
-0.026436
-0.026460
-0.026483
-0.026507
-0.026531
-0.026554
-0.026578
-0.026602
-0.026625
-0.026649
-0.026673
-0.026696
-0.026720
-0.026744
-0.026767
-0.026791
-0.026814
-0.026838
-0.026862
-0.026885
-0.026909
-0.026932
-0.026956
-0.026979
-0.027003
-0.027026
-0.027050
-0.027073
-0.027096
-0.027120
-0.027143
-0.027167
-0.027190
-0.027214
-0.027237
-0.027260
-0.027284
-0.027307
-0.027330
-0.027354
-0.027377
-0.027400
-0.027423
-0.027447
-0.027470
-0.027493
-0.027516
-0.027540
-0.027563
-0.027586
-0.027609
-0.027632
-0.027656
-0.027679
-0.027702
-0.027725
-0.027748
-0.027771
-0.027794
-0.027818
-0.027841
-0.027864
-0.027887
-0.027910
-0.027933
-0.027956
-0.027979
-0.028002
-0.028025
-0.028048
-0.028071
-0.028094
-0.028117
-0.028140
-0.028162
-0.028185
-0.028208
-0.028231
-0.028254
-0.028277
-0.028300
-0.028323
-0.028345
-0.028368
-0.028391
-0.028414
-0.028437
-0.028459
-0.028482
-0.028505
-0.028528
-0.028550
-0.028573
-0.028596
-0.028618
-0.028641
-0.028664
-0.028686
-0.028709
-0.028732
-0.028754
-0.028777
-0.028799
-0.028822
-0.028845
-0.028867
-0.028890
-0.028912
-0.028935
-0.028957
-0.028980
-0.029002
-0.029025
-0.029047
-0.029070
-0.029092
-0.029115
-0.029137
-0.029160
-0.029182
-0.029204
-0.029227
-0.029249
-0.029271
-0.029294
-0.029316
-0.029338
-0.029361
-0.029383
-0.029405
-0.029428
-0.029450
-0.029472
-0.029494
-0.029517
-0.029539
-0.029561
-0.029583
-0.029606
-0.029628
-0.029650
-0.029672
-0.029694
-0.029716
-0.029738
-0.029761
-0.029783
-0.029805
-0.029827
-0.029849
-0.029871
-0.029893
-0.029915
-0.029937
-0.029959
-0.029981
-0.030003
-0.030025
-0.030047
-0.030069
-0.030091
-0.030113
-0.030135
-0.030157
-0.030179
-0.030200
-0.030222
-0.030244
-0.030266
-0.030288
-0.030310
-0.030332
-0.030353
-0.030375
-0.030397
-0.030419
-0.030441
-0.030462
-0.030484
-0.030506
-0.030528
-0.030549
-0.030571
-0.030593
-0.030614
-0.030636
-0.030658
-0.030679
-0.030701
-0.030723
-0.030744
-0.030766
-0.030787
-0.030809
-0.030830
-0.030852
-0.030874
-0.030895
-0.030917
-0.030938
-0.030960
-0.030981
-0.031003
-0.031024
-0.031046
-0.031067
-0.031088
-0.031110
-0.031131
-0.031153
-0.031174
-0.031195
-0.031217
-0.031238
-0.031260
-0.031281
-0.031302
-0.031324
-0.031345
-0.031366
-0.031387
-0.031409
-0.031430
-0.031451
-0.031472
-0.031494
-0.031515
-0.031536
-0.031557
-0.031578
-0.031600
-0.031621
-0.031642
-0.031663
-0.031684
-0.031705
-0.031726
-0.031748
-0.031769
-0.031790
-0.031811
-0.031832
-0.031853
-0.031874
-0.031895
-0.031916
-0.031937
-0.031958
-0.031979
-0.032000
-0.032021
-0.032042
-0.032063
-0.032084
-0.032104
-0.032125
-0.032146
-0.032167
-0.032188
-0.032209
-0.032230
-0.032251
-0.032271
-0.032292
-0.032313
-0.032334
-0.032355
-0.032375
-0.032396
-0.032417
-0.032438
-0.032458
-0.032479
-0.032500
-0.032520
-0.032541
-0.032562
-0.032582
-0.032603
-0.032624
-0.032644
-0.032665
-0.032686
-0.032706
-0.032727
-0.032747
-0.032768
-0.032788
-0.032809
-0.032830
-0.032850
-0.032871
-0.032891
-0.032912
-0.032932
-0.032953
-0.032973
-0.032993
-0.033014
-0.033034
-0.033055
-0.033075
-0.033095
-0.033116
-0.033136
-0.033157
-0.033177
-0.033197
-0.033218
-0.033238
-0.033258
-0.033279
-0.033299
-0.033319
-0.033339
-0.033360
-0.033380
-0.033400
-0.033420
-0.033441
-0.033461
-0.033481
-0.033501
-0.033521
-0.033541
-0.033562
-0.033582
-0.033602
-0.033622
-0.033642
-0.033662
-0.033682
-0.033702
-0.033722
-0.033742
-0.033762
-0.033783
-0.033803
-0.033823
-0.033843
-0.033863
-0.033883
-0.033902
-0.033922
-0.033942
-0.033962
-0.033982
-0.034002
-0.034022
-0.034042
-0.034062
-0.034082
-0.034102
-0.034121
-0.034141
-0.034161
-0.034181
-0.034201
-0.034221
-0.034240
-0.034260
-0.034280
-0.034300
-0.034319
-0.034339
-0.034359
-0.034379
-0.034398
-0.034418
-0.034438
-0.034457
-0.034477
-0.034497
-0.034516
-0.034536
-0.034556
-0.034575
-0.034595
-0.034614
-0.034634
-0.034654
-0.034673
-0.034693
-0.034712
-0.034732
-0.034751
-0.034771
-0.034790
-0.034810
-0.034829
-0.034849
-0.034868
-0.034888
-0.034907
-0.034926
-0.034946
-0.034965
-0.034985
-0.035004
-0.035023
-0.035043
-0.035062
-0.035081
-0.035101
-0.035120
-0.035139
-0.035159
-0.035178
-0.035197
-0.035217
-0.035236
-0.035255
-0.035274
-0.035294
-0.035313
-0.035332
-0.035351
-0.035370
-0.035390
-0.035409
-0.035428
-0.035447
-0.035466
-0.035485
-0.035504
-0.035523
-0.035543
-0.035562
-0.035581
-0.035600
-0.035619
-0.035638
-0.035657
-0.035676
-0.035695
-0.035714
-0.035733
-0.035752
-0.035771
-0.035790
-0.035809
-0.035828
-0.035847
-0.035866
-0.035885
-0.035903
-0.035922
-0.035941
-0.035960
-0.035979
-0.035998
-0.036017
-0.036035
-0.036054
-0.036073
-0.036092
-0.036111
-0.036130
-0.036148
-0.036167
-0.036186
-0.036205
-0.036223
-0.036242
-0.036261
-0.036279
-0.036298
-0.036317
-0.036335
-0.036354
-0.036373
-0.036391
-0.036410
-0.036429
-0.036447
-0.036466
-0.036484
-0.036503
-0.036522
-0.036540
-0.036559
-0.036577
-0.036596
-0.036614
-0.036633
-0.036651
-0.036670
-0.036688
-0.036707
-0.036725
-0.036744
-0.036762
-0.036781
-0.036799
-0.036817
-0.036836
-0.036854
-0.036873
-0.036891
-0.036909
-0.036928
-0.036946
-0.036964
-0.036983
-0.037001
-0.037019
-0.037037
-0.037056
-0.037074
-0.037092
-0.037111
-0.037129
-0.037147
-0.037165
-0.037183
-0.037202
-0.037220
-0.037238
-0.037256
-0.037274
-0.037293
-0.037311
-0.037329
-0.037347
-0.037365
-0.037383
-0.037401
-0.037419
-0.037437
-0.037455
-0.037474
-0.037492
-0.037510
-0.037528
-0.037546
-0.037564
-0.037582
-0.037600
-0.037618
-0.037636
-0.037654
-0.037671
-0.037689
-0.037707
-0.037725
-0.037743
-0.037761
-0.037779
-0.037797
-0.037815
-0.037833
-0.037850
-0.037868
-0.037886
-0.037904
-0.037922
-0.037939
-0.037957
-0.037975
-0.037993
-0.038011
-0.038028
-0.038046
-0.038064
-0.038082
-0.038099
-0.038117
-0.038135
-0.038152
-0.038170
-0.038188
-0.038205
-0.038223
-0.038241
-0.038258
-0.038276
-0.038293
-0.038311
-0.038329
-0.038346
-0.038364
-0.038381
-0.038399
-0.038416
-0.038434
-0.038452
-0.038469
-0.038487
-0.038504
-0.038521
-0.038539
-0.038556
-0.038574
-0.038591
-0.038609
-0.038626
-0.038644
-0.038661
-0.038678
-0.038696
-0.038713
-0.038731
-0.038748
-0.038765
-0.038783
-0.038800
-0.038817
-0.038835
-0.038852
-0.038869
-0.038886
-0.038904
-0.038921
-0.038938
-0.038955
-0.038973
-0.038990
-0.039007
-0.039024
-0.039042
-0.039059
-0.039076
-0.039093
-0.039110
-0.039127
-0.039145
-0.039162
-0.039179
-0.039196
-0.039213
-0.039230
-0.039247
-0.039264
-0.039281
-0.039298
-0.039315
-0.039332
-0.039349
-0.039367
-0.039384
-0.039401
-0.039418
-0.039434
-0.039451
-0.039468
-0.039485
-0.039502
-0.039519
-0.039536
-0.039553
-0.039570
-0.039587
-0.039604
-0.039621
-0.039638
-0.039654
-0.039671
-0.039688
-0.039705
-0.039722
-0.039739
-0.039755
-0.039772
-0.039789
-0.039806
-0.039822
-0.039839
-0.039856
-0.039873
-0.039889
-0.039906
-0.039923
-0.039940
-0.039956
-0.039973
-0.039990
-0.040006
-0.040023
-0.040040
-0.040056
-0.040073
-0.040089
-0.040106
-0.040123
-0.040139
-0.040156
-0.040172
-0.040189
-0.040206
-0.040222
-0.040239
-0.040255
-0.040272
-0.040288
-0.040305
-0.040321
-0.040338
-0.040354
-0.040371
-0.040387
-0.040403
-0.040420
-0.040436
-0.040453
-0.040469
-0.040486
-0.040502
-0.040518
-0.040535
-0.040551
-0.040567
-0.040584
-0.040600
-0.040616
-0.040633
-0.040649
-0.040665
-0.040682
-0.040698
-0.040714
-0.040730
-0.040747
-0.040763
-0.040779
-0.040795
-0.040812
-0.040828
-0.040844
-0.040860
-0.040876
-0.040893
-0.040909
-0.040925
-0.040941
-0.040957
-0.040973
-0.040989
-0.041006
-0.041022
-0.041038
-0.041054
-0.041070
-0.041086
-0.041102
-0.041118
-0.041134
-0.041150
-0.041166
-0.041182
-0.041198
-0.041214
-0.041230
-0.041246
-0.041262
-0.041278
-0.041294
-0.041310
-0.041326
-0.041342
-0.041358
-0.041374
-0.041390
-0.041405
-0.041421
-0.041437
-0.041453
-0.041469
-0.041485
-0.041501
-0.041516
-0.041532
-0.041548
-0.041564
-0.041580
-0.041595
-0.041611
-0.041627
-0.041643
-0.041658
-0.041674
-0.041690
-0.041706
-0.041721
-0.041737
-0.041753
-0.041768
-0.041784
-0.041800
-0.041815
-0.041831
-0.041847
-0.041862
-0.041878
-0.041894
-0.041909
-0.041925
-0.041940
-0.041956
-0.041971
-0.041987
-0.042003
-0.042018
-0.042034
-0.042049
-0.042065
-0.042080
-0.042096
-0.042111
-0.042127
-0.042142
-0.042158
-0.042173
-0.042188
-0.042204
-0.042219
-0.042235
-0.042250
-0.042266
-0.042281
-0.042296
-0.042312
-0.042327
-0.042342
-0.042358
-0.042373
-0.042389
-0.042404
-0.042419
-0.042434
-0.042450
-0.042465
-0.042480
-0.042496
-0.042511
-0.042526
-0.042541
-0.042557
-0.042572
-0.042587
-0.042602
-0.042618
-0.042633
-0.042648
-0.042663
-0.042678
-0.042693
-0.042709
-0.042724
-0.042739
-0.042754
-0.042769
-0.042784
-0.042799
-0.042814
-0.042829
-0.042845
-0.042860
-0.042875
-0.042890
-0.042905
-0.042920
-0.042935
-0.042950
-0.042965
-0.042980
-0.042995
-0.043010
-0.043025
-0.043040
-0.043055
-0.043070
-0.043085
-0.043100
-0.043115
-0.043129
-0.043144
-0.043159
-0.043174
-0.043189
-0.043204
-0.043219
-0.043234
-0.043248
-0.043263
-0.043278
-0.043293
-0.043308
-0.043323
-0.043337
-0.043352
-0.043367
-0.043382
-0.043396
-0.043411
-0.043426
-0.043441
-0.043455
-0.043470
-0.043485
-0.043500
-0.043514
-0.043529
-0.043544
-0.043558
-0.043573
-0.043588
-0.043602
-0.043617
-0.043632
-0.043646
-0.043661
-0.043675
-0.043690
-0.043705
-0.043719
-0.043734
-0.043748
-0.043763
-0.043777
-0.043792
-0.043807
-0.043821
-0.043836
-0.043850
-0.043865
-0.043879
-0.043894
-0.043908
-0.043923
-0.043937
-0.043951
-0.043966
-0.043980
-0.043995
-0.044009
-0.044024
-0.044038
-0.044052
-0.044067
-0.044081
-0.044095
-0.044110
-0.044124
-0.044139
-0.044153
-0.044167
-0.044182
-0.044196
-0.044210
-0.044224
-0.044239
-0.044253
-0.044267
-0.044282
-0.044296
-0.044310
-0.044324
-0.044338
-0.044353
-0.044367
-0.044381
-0.044395
-0.044409
-0.044424
-0.044438
-0.044452
-0.044466
-0.044480
-0.044494
-0.044509
-0.044523
-0.044537
-0.044551
-0.044565
-0.044579
-0.044593
-0.044607
-0.044621
-0.044635
-0.044649
-0.044664
-0.044678
-0.044692
-0.044706
-0.044720
-0.044734
-0.044748
-0.044762
-0.044776
-0.044790
-0.044804
-0.044817
-0.044831
-0.044845
-0.044859
-0.044873
-0.044887
-0.044901
-0.044915
-0.044929
-0.044943
-0.044957
-0.044970
-0.044984
-0.044998
-0.045012
-0.045026
-0.045040
-0.045053
-0.045067
-0.044767
-0.043261
-0.039038
-0.030307
-0.015357
0.007222
0.038264
0.077885
0.125571
0.180522
0.242044
0.309942
0.385013
0.469366
0.565823
0.676966
0.804567
0.949293
1.110611
1.288236
1.486227
1.711381
1.970559
2.266543
2.592557
2.937001
3.285667
3.622872
3.934101
4.208846
4.442320
4.635070
4.790667
4.913464
5.007592
5.076885
5.125048
5.155712
5.172343
5.178098
5.175702
5.167401
5.154977
5.139810
5.122955
5.105207
5.087161
5.069254
5.051801
5.035019
5.019051
5.003982
4.989850
4.976660
4.964391
4.953007
4.942454
4.932674
4.923603
4.915172
4.907316
4.899967
4.893061
4.886537
4.880336
4.874404
4.868690
4.863146
4.857729
4.852401
4.847124
4.841866
4.836599
4.831296
4.825933
4.820492
4.814953
4.809301
4.803523
4.797606
4.791543
4.785323
4.778942
4.772393
4.765673
4.758778
4.751707
4.744458
4.737031
4.729426
4.721644
4.713687
4.705555
4.697251
4.688779
4.680140
4.671337
4.662374
4.653254
4.643981
4.634848
4.626686
4.620917
4.619274
4.623498
4.635250
4.656420
4.690666
4.743869
4.822435
4.931555
5.074368
5.258579
5.496015
5.793449
6.149516
6.547661
6.958390
7.354519
7.718247
8.040275
8.317002
8.548346
8.736502
8.885288
8.999508
9.084194
9.144089
9.183459
9.206071
9.215203
9.213678
9.203900
9.187911
9.167429
9.143894
9.118498
9.092211
9.065810
9.039901
9.014945
8.991275
8.969124
8.948639
8.929896
8.912919
8.897688
8.884145
8.872211
8.861783
8.852744
8.844965
8.838311
8.832643
8.827821
8.823702
8.820151
8.817033
8.814222
8.811596
8.809044
8.806464
8.803761
8.800854
8.797672
8.794155
8.790255
8.785936
8.781170
8.775945
8.770256
8.764107
8.757512
8.750493
8.743078
8.735300
8.727197
8.718810
8.710183
8.701361
8.692388
8.683308
8.674164
8.664998
8.655847
8.646747
8.637731
8.628827
8.620061
8.611453
8.603022
8.594780
8.586738
8.578901
8.571270
8.563844
8.556616
8.549577
8.542711
8.536002
8.529428
8.522964
8.516581
8.510249
8.503933
8.497597
8.491202
8.484710
8.478080
8.471273
8.464250
8.456976
8.449416
8.441541
8.433323
8.424742
8.415780
8.406426
8.396673
8.386519
8.375966
8.365021
8.353695
8.342000
8.329951
8.317567
8.304865
8.291863
8.278581
8.265039
8.251253
8.237241
8.223021
8.208606
8.194011
8.179248
8.164330
8.149266
8.134066
8.118738
8.103288
8.087723
8.072049
8.056270
8.040389
8.024412
8.008340
7.992177
7.975924
7.959585
7.943160
7.926653
7.910063
7.893394
7.876646
7.859821
7.842921
7.825947
7.808901
7.791784
7.774597
7.757343
7.740023
7.722638
7.705190
7.687681
7.670112
7.652486
7.634804
7.617067
7.599278
7.581438
7.563549
7.545613
7.527632
7.509606
7.491539
7.473431
7.455284
7.437101
7.418882
7.400629
7.382345
7.364030
7.345686
7.327315
7.308917
7.290496
7.272052
7.253586
7.235100
7.216596
7.198074
7.179537
7.160985
7.142419
7.123842
7.105254
7.086657
7.068051
7.049439
7.030820
7.012197
6.993570
6.974941
6.956311
6.937680
6.919050
6.900422
6.881797
6.863176
6.844560
6.825949
6.807346
6.788751
6.770164
6.751587
6.733020
6.714465
6.695922
6.677392
6.658876
6.640375
6.621889
6.603420
6.584967
6.566532
6.548115
6.529716
6.511338
6.492980
6.474642
6.456326
6.438031
6.419760
6.401511
6.383285
6.365084
6.346907
6.328754
6.310627
6.292526
6.274451
6.256403
6.238381
6.220386
6.202420
6.184481
6.166570
6.148688
6.130835
6.113011
6.095216
6.077451
6.059716
6.042011
6.024337
6.006693
5.989080
5.971499
5.953949
5.936430
5.918943
5.901488
5.884065
5.866674
5.849316
5.831990
5.814697
5.797437
5.780210
5.763017
5.745856
5.728729
5.711636
5.694576
5.677551
5.660559
5.643601
5.626678
5.609789
5.592934
5.576113
5.559328
5.542577
5.525860
5.509179
5.492532
5.475920
5.459344
5.442802
5.426296
5.409825
5.393389
5.376989
5.360624
5.344294
5.328000
5.311742
5.295519
5.279332
5.263181
5.247065
5.230986
5.214942
5.198934
5.182961
5.167025
5.151125
5.135260
5.119432
5.103640
5.087884
5.072163
5.056479
5.040831
5.025219
5.009643
4.994104
4.978600
4.963133
4.947701
4.932306
4.916947
4.901625
4.886338
4.871087
4.855873
4.840695
4.825553
4.810447
4.795377
4.780344
4.765346
4.750385
4.735459
4.720570
4.705717
4.690900
4.676118
4.661373
4.646664
4.631991
4.617354
4.602753
4.588187
4.573658
4.559164
4.544707
4.530285
4.515899
4.501548
4.487234
4.472955
4.458712
4.444504
4.430332
4.416196
4.402095
4.388030
4.374000
4.360005
4.346047
4.332123
4.318235
4.304382
4.290564
4.276782
4.263035
4.249322
4.235645
4.222004
4.208397
4.194825
4.181288
4.167786
4.154319
4.140886
4.127489
4.114126
4.100798
4.087504
4.074245
4.061021
4.047831
4.034676
4.021555
4.008468
3.995415
3.982397
3.969413
3.956464
3.943548
3.930666
3.917819
3.905005
3.892225
3.879479
3.866767
3.854089
3.841444
3.828833
3.816256
3.803712
3.791202
3.778725
3.766281
3.753871
3.741494
3.729150
3.716839
3.704562
3.692317
3.680105
3.667927
3.655781
3.643668
3.631588
3.619540
3.607525
3.595543
3.583593
3.571676
3.559791
3.547939
3.536118
3.524330
3.512575
3.500851
3.489159
3.477499
3.465872
3.454276
3.442712
3.431179
3.419679
3.408210
3.396772
3.385367
3.373992
3.362649
3.351337
3.340057
3.328808
3.317590
3.306403
3.295247
3.284122
3.273028
3.261964
3.250932
3.239930
3.228959
3.218019
3.207109
3.196229
3.185380
3.174561
3.163773
3.153014
3.142286
3.131588
3.120920
3.110282
3.099674
3.089096
3.078548
3.068029
3.057540
3.047081
3.036651
3.026250
3.015879
3.005537
2.995225
2.984942
2.974688
2.964463
2.954267
2.944100
2.933962
2.923853
2.913772
2.903721
2.893698
2.883703
2.873737
2.863800
2.853891
2.844010
2.834157
2.824333
2.814537
2.804769
2.795029
2.785317
2.775633
2.765977
2.756348
2.746748
2.737175
2.727629
2.718111
2.708621
2.699157
2.689722
2.680313
2.670932
2.661578
2.652251
2.642951
2.633678
2.624431
2.615212
2.606019
2.596854
2.587714
2.578602
2.569516
2.560456
2.551423
2.542416
2.533436
2.524481
2.515553
2.506651
2.497775
2.488925
2.480101
2.471303
2.462530
2.453783
2.445062
2.436367
2.427697
2.419053
2.410434
2.401840
2.393272
2.384729
2.376211
2.367718
2.359250
2.350807
2.342390
2.333997
2.325629
2.317285
2.308967
2.300673
2.292404
2.284159
2.275938
2.267742
2.259571
2.251423
2.243300
2.235201
2.227126
2.219076
2.211049
2.203046
2.195067
2.187112
2.179180
2.171273
2.163389
2.155528
2.147691
2.139878
2.132088
2.124321
2.116577
2.108857
2.101160
2.093486
2.085835
2.078207
2.070602
2.063020
2.055461
2.047924
2.040411
2.032919
2.025451
2.018005
2.010582
2.003180
1.995802
1.988445
1.981111
1.973799
1.966510
1.959242
1.951996
1.944773
1.937571
1.930391
1.923233
1.916097
1.908982
1.901890
1.894818
1.887768
1.880740
1.873733
1.866748
1.859784
1.852841
1.845919
1.839018
1.832139
1.825280
1.818443
1.811627
1.804831
1.798056
1.791302
1.784569
1.777856
1.771164
1.764493
1.757842
1.751212
1.744601
1.738012
1.731442
1.724893
1.718364
1.711855
1.705366
1.698898
1.692449
1.686020
1.679611
1.673222
1.666853
1.660503
1.654173
1.647863
1.641572
1.635301
1.629049
1.622817
1.616604
1.610410
1.604236
1.598080
1.591944
1.585827
1.579730
1.573651
1.567591
1.561550
1.555528
1.549524
1.543540
1.537574
1.531627
1.525698
1.519788
1.513896
1.508023
1.502169
1.496332
1.490514
1.484714
1.478933
1.473170
1.467424
1.461697
1.455988
1.450297
1.444623
1.438968
1.433331
1.427711
1.422109
1.416524
1.410958
1.405409
1.399877
1.394363
1.388866
1.383387
1.377925
1.372481
1.367054
1.361643
1.356251
1.350875
1.345516
1.340174
1.334850
1.329542
1.324251
1.318977
1.313720
1.308479
1.303256
1.298048
1.292858
1.287684
1.282527
1.277386
1.272261
1.267153
1.262062
1.256986
1.251927
1.246884
1.241857
1.236847
1.231852
1.226874
1.221911
1.216965
1.212034
1.207119
1.202220
1.197337
1.192469
1.187618
1.182781
1.177961
1.173156
1.168366
1.163592
1.158834
1.154091
1.149363
1.144650
1.139953
1.135271
1.130604
1.125952
1.121316
1.116694
1.112087
1.107496
1.102919
1.098357
1.093810
1.089278
1.084761
1.080258
1.075770
1.071296
1.066838
1.062393
1.057964
1.053548
1.049148
1.044761
1.040389
1.036031
1.031688
1.027359
1.023043
1.018743
1.014456
1.010183
1.005924
1.001680
0.997449
0.993232
0.989029
0.984840
0.980665
0.976503
0.972355
0.968221
0.964100
0.959994
0.955900
0.951820
0.947754
0.943701
0.939662
0.935635
0.931623
0.927623
0.923637
0.919664
0.915704
0.911758
0.907824
0.903904
0.899996
0.896102
0.892220
0.888352
0.884496
0.880653
0.876823
0.873006
0.869202
0.865410
0.861631
0.857864
0.854111
0.850369
0.846640
0.842924
0.839220
0.835529
0.831850
0.828183
0.824529
0.820887
0.817257
0.813639
0.810033
0.806440
0.802859
0.799290
0.795732
0.792187
0.788654
0.785133
0.781623
0.778126
0.774640
0.771166
0.767704
0.764254
0.760815
0.757388
0.753972
0.750568
0.747176
0.743795
0.740426
0.737068
0.733721
0.730386
0.727062
0.723750
0.720449
0.717159
0.713880
0.710613
0.707356
0.704111
0.700877
0.697654
0.694442
0.691241
0.688050
0.684871
0.681703
0.678545
0.675399
0.672263
0.669138
0.666024
0.662920
0.659827
0.656745
0.653673
0.650612
0.647561
0.644521
0.641492
0.638473
0.635464
0.632466
0.629478
0.626500
0.623533
0.620576
0.617629
0.614693
0.611766
0.608850
0.605944
0.603048
0.600162
0.597286
0.594420
0.591564
0.588718
0.585882
0.583056
0.580239
0.577433
0.574636
0.571849
0.569072
0.566304
0.563546
0.560798
0.558059
0.555330
0.552611
0.549901
0.547200
0.544509
0.541828
0.539156
0.536493
0.533840
0.531196
0.528561
0.525936
0.523320
0.520713
0.518115
0.515526
0.512947
0.510377
0.507815
0.505263
0.502720
0.500186
0.497661
0.495144
0.492637
0.490139
0.487649
0.485168
0.482697
0.480234
0.477779
0.475334
0.472897
0.470468
0.468049
0.465638
0.463236
0.460842
0.458457
0.456080
0.453712
0.451352
0.449001
0.446658
0.444323
0.441997
0.439680
0.437370
0.435069
0.432776
0.430492
0.428215
0.425947
0.423687
0.421435
0.419191
0.416956
0.414728
0.412508
0.410297
0.408093
0.405898
0.403710
0.401530
0.399359
0.397195
0.395038
0.392890
0.390750
0.388617
0.386492
0.384375
0.382265
0.380164
0.378069
0.375983
0.373904
0.371833
0.369769
0.367713
0.365664
0.363623
0.361589
0.359563
0.357544
0.355532
0.353528
0.351531
0.349542
0.347560
0.345585
0.343617
0.341657
0.339704
0.337758
0.335819
0.333887
0.331963
0.330046
0.328135
0.326232
0.324336
0.322447
0.320565
0.318689
0.316821
0.314960
0.313105
0.311258
0.309417
0.307583
0.305756
0.303936
0.302123
0.300316
0.298516
0.296723
0.294937
0.293157
0.291384
0.289617
0.287857
0.286104
0.284357
0.282617
0.280883
0.279156
0.277436
0.275721
0.274014
0.272312
0.270618
0.268929
0.267247
0.265571
0.263902
0.262238
0.260582
0.258931
0.257287
0.255649
0.254017
0.252391
0.250771
0.249158
0.247551
0.245949
0.244354
0.242765
0.241182
0.239605
0.238035
0.236470
0.234911
0.233358
0.231811
0.230270
0.228734
0.227205
0.225682
0.224164
0.222652
0.221146
0.219646
0.218151
0.216663
0.215180
0.213703
0.212231
0.210765
0.209305
0.207850
0.206401
0.204958
0.203520
0.202088
0.200662
0.199240
0.197825
0.196415
0.195010
0.193611
0.192217
0.190829
0.189446
0.188069
0.186697
0.185330
0.183969
0.182613
0.181262
0.179917
0.178576
0.177242
0.175912
0.174587
0.173268
0.171954
0.170645
0.169342
0.168043
0.166750
0.165461
0.164178
0.162900
0.161627
0.160359
0.159096
0.157838
0.156585
0.155337
0.154094
0.152856
0.151623
0.150394
0.149171
0.147952
0.146739
0.145530
0.144326
0.143127
0.141933
0.140743
0.139558
0.138378
0.137203
0.136033
0.134867
0.133706
0.132549
0.131398
0.130251
0.129108
0.127970
0.126837
0.125708
0.124584
0.123465
0.122350
0.121239
0.120133
0.119032
0.117935
0.116843
0.115755
0.114671
0.113592
0.112517
0.111447
0.110381
0.109319
0.108262
0.107209
0.106161
0.105117
0.104077
0.103041
0.102010
0.100983
0.099960
0.098941
0.097927
0.096917
0.095911
0.094909
0.093911
0.092918
0.091928
0.090943
0.089962
0.088985
0.088012
0.087043
0.086078
0.085118
0.084161
0.083208
0.082259
0.081315
0.080374
0.079437
0.078504
0.077575
0.076651
0.075729
0.074812
0.073899
0.072990
0.072084
0.071182
0.070285
0.069391
0.068500
0.067614
0.066731
0.065852
0.064977
0.064106
0.063238
0.062375
0.061514
0.060658
0.059805
0.058956
0.058111
0.057269
0.056431
0.055596
0.054765
0.053938
0.053115
0.052294
0.051478
0.050665
0.049856
0.049050
0.048247
0.047448
0.046653
0.045861
0.045073
0.044288
0.043507
0.042729
0.041954
0.041183
0.040415
0.039651
0.038890
0.038132
0.037378
0.036627
0.035880
0.035135
0.034395
0.033657
0.032923
0.032192
0.031464
0.030740
0.030019
0.029301
0.028586
0.027874
0.027166
0.026461
0.025759
0.025061
0.024365
0.023673
0.022984
0.022298
0.021615
0.020935
0.020258
0.019585
0.018914
0.018247
0.017582
0.016921
0.016263
0.015608
0.014955
0.014306
0.013660
0.013017
0.012377
0.011739
0.011105
0.010474
0.009846
0.009220
0.008598
0.007978
0.007362
0.006748
0.006137
0.005529
0.004924
0.004322
0.003722
0.003126
0.002532
0.001941
0.001353
0.000768
0.000185
-0.000394
-0.000971
-0.001545
-0.002117
-0.002685
-0.003251
-0.003815
-0.004375
-0.004933
-0.005488
-0.006040
-0.006590
-0.007137
-0.007681
-0.008223
-0.008762
-0.009298
-0.009832
-0.010363
-0.010892
-0.011417
-0.011941
-0.012461
-0.012980
-0.013495
-0.014008
-0.014519
-0.015027
-0.015532
-0.016035
-0.016535
-0.017033
-0.017528
-0.018021
-0.018512
-0.018999
-0.019485
-0.019968
-0.020448
-0.020926
-0.021402
-0.021875
-0.022346
-0.022815
-0.023281
-0.023744
-0.024205
-0.024664
-0.025121
-0.025575
-0.026027
-0.026476
-0.026923
-0.027368
-0.027810
-0.028250
-0.028688
-0.029124
-0.029557
-0.029988
-0.030417
-0.030843
-0.031267
-0.031689
-0.032109
-0.032527
-0.032942
-0.033355
-0.033766
-0.034174
-0.034581
-0.034985
-0.035387
-0.035787
-0.036185
-0.036581
-0.036974
-0.037365
-0.037755
-0.038142
-0.038527
-0.038909
-0.039290
-0.039669
-0.040045
-0.040420
-0.040792
-0.041163
-0.041531
-0.041897
-0.042261
-0.042624
-0.042984
-0.043342
-0.043698
-0.044052
-0.044404
-0.044754
-0.045103
-0.045449
-0.045793
-0.046135
-0.046476
-0.046814
-0.047150
-0.047485
-0.047817
-0.048148
-0.048477
-0.048804
-0.049129
-0.049452
-0.049773
-0.050092
-0.050410
-0.050725
-0.051039
-0.051351
-0.051661
-0.051969
-0.052275
-0.052580
-0.052882
-0.053183
-0.053483
-0.053780
-0.054075
-0.054369
-0.054661
-0.054951
-0.055240
-0.055527
-0.055812
-0.056095
-0.056376
-0.056656
-0.056934
-0.057211
-0.057485
-0.057758
-0.058030
-0.058299
-0.058567
-0.058833
-0.059098
-0.059361
-0.059622
-0.059882
-0.060140
-0.060396
-0.060651
-0.060904
-0.061155
-0.061405
-0.061654
-0.061900
-0.062145
-0.062389
-0.062631
-0.062871
-0.063110
-0.063347
-0.063583
-0.063817
-0.064050
-0.064281
-0.064511
-0.064739
-0.064965
-0.065190
-0.065414
-0.065636
-0.065857
-0.066076
-0.066294
-0.066510
-0.066724
-0.066938
-0.067150
-0.067360
-0.067569
-0.067776
-0.067982
-0.068187
-0.068390
-0.068592
-0.068793
-0.068992
-0.069189
-0.069386
-0.069581
-0.069774
-0.069966
-0.070157
-0.070347
-0.070535
-0.070721
-0.070907
-0.071091
-0.071274
-0.071455
-0.071635
-0.071814
-0.071992
-0.072168
-0.072343
-0.072517
-0.072689
-0.072860
-0.073030
-0.073199
-0.073366
-0.073532
-0.073697
-0.073861
-0.074023
-0.074185
-0.074344
-0.074503
-0.074661
-0.074817
-0.074972
-0.075126
-0.075279
-0.075431
-0.075581
-0.075730
-0.075878
-0.076025
-0.076171
-0.076316
-0.076459
-0.076601
-0.076743
-0.076883
-0.077022
-0.077159
-0.077296
-0.077432
-0.077566
-0.077700
-0.077832
-0.077963
-0.078093
-0.078222
-0.078350
-0.078477
-0.078603
-0.078728
-0.078852
-0.078975
-0.079096
-0.079217
-0.079337
-0.079455
-0.079573
-0.079690
-0.079805
-0.079920
-0.080033
-0.080146
-0.080258
-0.080368
-0.080478
-0.080587
-0.080694
-0.080801
-0.080907
-0.081012
-0.081116
-0.081219
-0.081321
-0.081422
-0.081522
-0.081621
-0.081719
-0.081817
-0.081913
-0.082009
-0.082103
-0.082197
-0.082290
-0.082382
-0.082473
-0.082563
-0.082653
-0.082741
-0.082829
-0.082916
-0.083002
-0.083087
-0.083171
-0.083254
-0.083337
-0.083419
-0.083499
-0.083579
-0.083659
-0.083737
-0.083815
-0.083892
-0.083968
-0.084043
-0.084117
-0.084191
-0.084264
-0.084336
-0.084407
-0.084478
-0.084547
-0.084616
-0.084685
-0.084752
-0.084819
-0.084885
-0.084950
-0.085015
-0.085078
-0.085141
-0.085204
-0.085265
-0.085326
-0.085386
-0.085446
-0.085505
-0.085563
-0.085620
-0.085677
-0.085733
-0.085788
-0.085843
-0.085897
-0.085950
-0.086002
-0.086054
-0.086106
-0.086156
-0.086206
-0.086255
-0.086304
-0.086352
-0.086400
-0.086446
-0.086492
-0.086538
-0.086583
-0.086627
-0.086671
-0.086714
-0.086756
-0.086798
-0.086839
-0.086880
-0.086920
-0.086959
-0.086998
-0.087036
-0.087074
-0.087111
-0.087147
-0.087183
-0.087219
-0.087253
-0.087288
-0.087321
-0.087355
-0.087387
-0.087419
-0.087451
-0.087482
-0.087512
-0.087542
-0.087571
-0.087600
-0.087628
-0.087656
-0.087684
-0.087710
-0.087737
-0.087762
-0.087788
-0.087812
-0.087837
-0.087860
-0.087884
-0.087906
-0.087929
-0.087950
-0.087972
-0.087993
-0.088013
-0.088033
-0.088052
-0.088071
-0.088090
-0.088108
-0.088126
-0.088143
-0.088159
-0.088176
-0.088192
-0.088207
-0.088222
-0.088236
-0.088250
-0.088264
-0.088277
-0.088290
-0.088303
-0.088315
-0.088326
-0.088337
-0.088348
-0.088358
-0.088368
-0.088378
-0.088387
-0.088396
-0.088404
-0.088412
-0.088419
-0.088427
-0.088433
-0.088440
-0.088446
-0.088452
-0.088457
-0.088462
-0.088466
-0.088471
-0.088474
-0.088478
-0.088481
-0.088484
-0.088486
-0.088488
-0.088490
-0.088491
-0.088492
-0.088493
-0.088493
-0.088493
-0.088493
-0.088493
-0.088492
-0.088490
-0.088489
-0.088487
-0.088484
-0.088482
-0.088479
-0.088476
-0.088472
-0.088469
-0.088464
-0.088460
-0.088455
-0.088450
-0.088445
-0.088439
-0.088434
-0.088427
-0.088421
-0.088414
-0.088407
-0.088400
-0.088392
-0.088384
-0.088376
-0.088368
-0.088359
-0.088350
-0.088341
-0.088331
-0.088322
-0.088312
-0.088301
-0.088291
-0.088280
-0.088269
-0.088258
-0.088246
-0.088235
-0.088223
-0.088210
-0.088198
-0.088185
-0.088172
-0.088159
-0.088145
-0.088132
-0.088118
-0.088104
-0.088089
-0.088075
-0.088060
-0.088045
-0.088030
-0.088014
-0.087999
-0.087983
-0.087967
-0.087950
-0.087934
-0.087917
-0.087900
-0.087883
-0.087866
-0.087848
-0.087830
-0.087812
-0.087794
-0.087776
-0.087758
-0.087739
-0.087720
-0.087701
-0.087682
-0.087662
-0.087643
-0.087623
-0.087603
-0.087583
-0.087562
-0.087542
-0.087521
-0.087500
-0.087479
-0.087458
-0.087437
-0.087415
-0.087393
-0.087372
-0.087350
-0.087327
-0.087305
-0.087283
-0.087260
-0.087237
-0.087214
-0.087191
-0.087168
-0.087145
-0.087121
-0.087097
-0.087074
-0.087050
-0.087025
-0.087001
-0.086977
-0.086952
-0.086928
-0.086903
-0.086878
-0.086853
-0.086828
-0.086802
-0.086777
-0.086751
-0.086726
-0.086700
-0.086674
-0.086648
-0.086621
-0.086595
-0.086569
-0.086542
-0.086515
-0.086489
-0.086462
-0.086435
-0.086408
-0.086380
-0.086353
-0.086326
-0.086298
-0.086270
-0.086243
-0.086215
-0.086187
-0.086159
-0.086131
-0.086102
-0.086074
-0.086045
-0.086017
-0.085988
-0.085959
-0.085931
-0.085902
-0.085873
-0.085843
-0.085814
-0.085785
-0.085756
-0.085726
-0.085697
-0.085667
-0.085637
-0.085607
-0.085577
-0.085547
-0.085517
-0.085487
-0.085457
-0.085427
-0.085396
-0.085366
-0.085336
-0.085305
-0.085274
-0.085244
-0.085213
-0.085182
-0.085151
-0.085120
-0.085089
-0.085058
-0.085027
-0.084996
-0.084964
-0.084933
-0.084901
-0.084870
-0.084838
-0.084807
-0.084775
-0.084743
-0.084712
-0.084680
-0.084648
-0.084616
-0.084584
-0.084552
-0.084520
-0.084488
-0.084455
-0.084423
-0.084391
-0.084359
-0.084326
-0.084294
-0.084261
-0.084229
-0.084196
-0.084164
-0.084131
-0.084098
-0.084066
-0.084033
-0.084000
-0.083967
-0.083934
-0.083901
-0.083868
-0.083835
-0.083802
-0.083769
-0.083736
-0.083703
-0.083670
-0.083637
-0.083603
-0.083570
-0.083537
-0.083504
-0.083470
-0.083437
-0.083403
-0.083370
-0.083337
-0.083303
-0.083270
-0.083236
-0.083203
-0.083169
-0.083135
-0.083102
-0.083068
-0.083034
-0.083001
-0.082967
-0.082933
-0.082900
-0.082866
-0.082832
-0.082798
-0.082765
-0.082731
-0.082697
-0.082663
-0.082629
-0.082595
-0.082561
-0.082527
-0.082494
-0.082460
-0.082426
-0.082392
-0.082358
-0.082324
-0.082290
-0.082256
-0.082222
-0.082188
-0.082154
-0.082120
-0.082086
-0.082052
-0.082018
-0.081984
-0.081950
-0.081916
-0.081882
-0.081848
-0.081814
-0.081780
-0.081746
-0.081711
-0.081677
-0.081643
-0.081609
-0.081575
-0.081541
-0.081507
-0.081473
-0.081439
-0.081405
-0.081371
-0.081337
-0.081303
-0.081269
-0.081235
-0.081201
-0.081167
-0.081133
-0.081099
-0.081065
-0.081031
-0.080997
-0.080963
-0.080929
-0.080895
-0.080861
-0.080827
-0.080793
-0.080760
-0.080726
-0.080692
-0.080658
-0.080624
-0.080590
-0.080556
-0.080523
-0.080489
-0.080455
-0.080421
-0.080388
-0.080354
-0.080320
-0.080286
-0.080253
-0.080219
-0.080185
-0.080152
-0.080118
-0.080084
-0.080051
-0.080017
-0.079984
-0.079950
-0.079917
-0.079883
-0.079850
-0.079816
-0.079783
-0.079749
-0.079716
-0.079682
-0.079649
-0.079616
-0.079582
-0.079549
-0.079516
-0.079483
-0.079449
-0.079416
-0.079383
-0.079350
-0.079317
-0.079283
-0.079250
-0.079217
-0.079184
-0.079151
-0.079118
-0.079085
-0.079052
-0.079019
-0.078987
-0.078954
-0.078921
-0.078888
-0.078855
-0.078822
-0.078790
-0.078757
-0.078724
-0.078692
-0.078659
-0.078627
-0.078594
-0.078561
-0.078529
-0.078496
-0.078464
-0.078432
-0.078399
-0.078367
-0.078335
-0.078302
-0.078270
-0.078238
-0.078206
-0.078173
-0.078141
-0.078109
-0.078077
-0.078045
-0.078013
-0.077981
-0.077949
-0.077917
-0.077885
-0.077854
-0.077822
-0.077790
-0.077758
-0.077727
-0.077695
-0.077663
-0.077632
-0.077600
-0.077569
-0.077537
-0.077506
-0.077474
-0.077443
-0.077411
-0.077380
-0.077349
-0.077317
-0.077286
-0.077255
-0.077224
-0.077193
-0.077162
-0.077131
-0.077100
-0.077069
-0.077038
-0.077007
-0.076976
-0.076945
-0.076915
-0.076884
-0.076853
-0.076822
-0.076792
-0.076761
-0.076731
-0.076700
-0.076670
-0.076639
-0.076609
-0.076579
-0.076548
-0.076518
-0.076488
-0.076458
-0.076427
-0.076397
-0.076367
-0.076337
-0.076307
-0.076277
-0.076247
-0.076218
-0.076188
-0.076158
-0.076128
-0.076098
-0.076069
-0.076039
-0.076010
-0.075980
-0.075951
-0.075921
-0.075892
-0.075862
-0.075833
-0.075804
-0.075774
-0.075745
-0.075716
-0.075687
-0.075658
-0.075629
-0.075600
-0.075571
-0.075542
-0.075513
-0.075484
-0.075455
-0.075427
-0.075398
-0.075369
-0.075341
-0.075312
-0.075284
-0.075255
-0.075227
-0.075198
-0.075170
-0.075142
-0.075113
-0.075085
-0.075057
-0.075029
-0.075001
-0.074973
-0.074945
-0.074917
-0.074889
-0.074861
-0.074833
-0.074805
-0.074777
-0.074750
-0.074722
-0.074694
-0.074667
-0.074639
-0.074612
-0.074584
-0.074557
-0.074530
-0.074502
-0.074475
-0.074448
-0.074421
-0.074394
-0.074366
-0.074339
-0.074312
-0.074285
-0.074259
-0.074232
-0.074205
-0.074178
-0.074151
-0.074125
-0.074098
-0.074071
-0.074045
-0.074018
-0.073992
-0.073966
-0.073939
-0.073913
-0.073887
-0.073860
-0.073834
-0.073808
-0.073782
-0.073756
-0.073730
-0.073704
-0.073678
-0.073652
-0.073626
-0.073601
-0.073575
-0.073549
-0.073523
-0.073498
-0.073472
-0.073447
-0.073421
-0.073396
-0.073371
-0.073345
-0.073320
-0.073295
-0.073270
-0.073244
-0.073219
-0.073194
-0.073169
-0.073144
-0.073119
-0.073095
-0.073070
-0.073045
-0.073020
-0.072995
-0.072971
-0.072946
-0.072922
-0.072897
-0.072873
-0.072848
-0.072824
-0.072800
-0.072775
-0.072751
-0.072727
-0.072703
-0.072679
-0.072655
-0.072631
-0.072607
-0.072583
-0.072559
-0.072535
-0.072511
-0.072488
-0.072464
-0.072440
-0.072417
-0.072393
-0.072370
-0.072346
-0.072323
-0.072299
-0.072276
-0.072253
-0.072229
-0.072206
-0.072183
-0.072160
-0.072137
-0.072114
-0.072091
-0.072068
-0.072045
-0.072022
-0.072000
-0.071977
-0.071954
-0.071932
-0.071909
-0.071886
-0.071864
-0.071841
-0.071819
-0.071797
-0.071774
-0.071752
-0.071730
-0.071708
-0.071685
-0.071663
-0.071641
-0.071619
-0.071597
-0.071575
-0.071553
-0.071532
-0.071510
-0.071488
-0.071466
-0.071445
-0.071423
-0.071401
-0.071380
-0.071358
-0.071337
-0.071316
-0.071294
-0.071273
-0.071252
-0.071230
-0.071209
-0.071188
-0.071167
-0.071146
-0.071125
-0.071104
-0.071083
-0.071062
-0.071041
-0.071021
-0.071000
-0.070979
-0.070959
-0.070938
-0.070917
-0.070897
-0.070876
-0.070856
-0.070836
-0.070815
-0.070795
-0.070775
-0.070755
-0.070734
-0.070714
-0.070694
-0.070674
-0.070654
-0.070634
-0.070614
-0.070594
-0.070575
-0.070555
-0.070535
-0.070515
-0.070496

