0.000000
0.000000
-0.000006
-0.000014
-0.000023
-0.000034
-0.000045
-0.000058
-0.000070
-0.000083
-0.000097
-0.000111
-0.000125
-0.000140
-0.000155
-0.000170
-0.000185
-0.000201
-0.000217
-0.000233
-0.000249
-0.000265
-0.000282
-0.000299
-0.000316
-0.000333
-0.000351
-0.000368
-0.000386
-0.000404
-0.000422
-0.000440
-0.000459
-0.000477
-0.000496
-0.000515
-0.000534
-0.000553
-0.000572
-0.000591
-0.000611
-0.000631
-0.000650
-0.000670
-0.000690
-0.000711
-0.000731
-0.000751
-0.000772
-0.000793
-0.000813
-0.000834
-0.000855
-0.000876
-0.000898
-0.000919
-0.000940
-0.000962
-0.000984
-0.001005
-0.001027
-0.001049
-0.001071
-0.001093
-0.001115
-0.001138
-0.001160
-0.001183
-0.001205
-0.001228
-0.001250
-0.001273
-0.001296
-0.001319
-0.001342
-0.001365
-0.001389
-0.001412
-0.001435
-0.001459
-0.001482
-0.001506
-0.001530
-0.001553
-0.001577
-0.001601
-0.001625
-0.001649
-0.001673
-0.001697
-0.001722
-0.001746
-0.001770
-0.001795
-0.001819
-0.001844
-0.001868
-0.001893
-0.001918
-0.001942
-0.001967
-0.001992
-0.002017
-0.002042
-0.002067
-0.002092
-0.002117
-0.002143
-0.002168
-0.002193
-0.002219
-0.002244
-0.002269
-0.002295
-0.002321
-0.002346
-0.002372
-0.002398
-0.002423
-0.002449
-0.002475
-0.002501
-0.002527
-0.002553
-0.002579
-0.002605
-0.002631
-0.002657
-0.002684
-0.002710
-0.002736
-0.002762
-0.002789
-0.002815
-0.002842
-0.002868
-0.002895
-0.002921
-0.002948
-0.002975
-0.003001
-0.003028
-0.003055
-0.003081
-0.003108
-0.003135
-0.003162
-0.003189
-0.003216
-0.003243
-0.003270
-0.003297
-0.003324
-0.003351
-0.003378
-0.003405
-0.003433
-0.003460
-0.003487
-0.003515
-0.003542
-0.003569
-0.003597
-0.003624
-0.003651
-0.003679
-0.003706
-0.003734
-0.003762
-0.003789
-0.003817
-0.003844
-0.003872
-0.003900
-0.003927
-0.003955
-0.003983
-0.004011
-0.004038
-0.004066
-0.004094
-0.004122
-0.004150
-0.004178
-0.004206
-0.004234
-0.004262
-0.004290
-0.004318
-0.004346
-0.004374
-0.004402
-0.004430
-0.004458
-0.004486
-0.004515
-0.004543
-0.004571
-0.004599
-0.004628
-0.004656
-0.004684
-0.004712
-0.004741
-0.004769
-0.004797
-0.004826
-0.004854
-0.004883
-0.004911
-0.004940
-0.004968
-0.004996
-0.005025
-0.005054
-0.005082
-0.005111
-0.005139
-0.005168
-0.005196
-0.005225
-0.005254
-0.005282
-0.005311
-0.005340
-0.005368
-0.005397
-0.005426
-0.005454
-0.005483
-0.005512
-0.005541
-0.005569
-0.005598
-0.005627
-0.005656
-0.005685
-0.005713
-0.005742
-0.005771
-0.005800
-0.005829
-0.005858
-0.005887
-0.005916
-0.005945
-0.005973
-0.006002
-0.006031
-0.006060
-0.006089
-0.006118
-0.006147
-0.006176
-0.006205
-0.006234
-0.006263
-0.006292
-0.006322
-0.006351
-0.006380
-0.006409
-0.006438
-0.006467
-0.006496
-0.006525
-0.006554
-0.006583
-0.006613
-0.006642
-0.006671
-0.006700
-0.006729
-0.006758
-0.006788
-0.006817
-0.006846
-0.006875
-0.006904
-0.006934
-0.006963
-0.006992
-0.007021
-0.007051
-0.007080
-0.007109
-0.007138
-0.007168
-0.007197
-0.007226
-0.007255
-0.007285
-0.007314
-0.007343
-0.007373
-0.007402
-0.007431
-0.007461
-0.007490
-0.007519
-0.007549
-0.007578
-0.007607
-0.007637
-0.007666
-0.007695
-0.007725
-0.007754
-0.007783
-0.007813
-0.007842
-0.007872
-0.007901
-0.007930
-0.007960
-0.007989
-0.008018
-0.008048
-0.008077
-0.008107
-0.008136
-0.008166
-0.008195
-0.008224
-0.008254
-0.008283
-0.008313
-0.008342
-0.008371
-0.008401
-0.008430
-0.008460
-0.008489
-0.008519
-0.008548
-0.008577
-0.008607
-0.008636
-0.008666
-0.008695
-0.008725
-0.008754
-0.008783
-0.008813
-0.008842
-0.008872
-0.008901
-0.008931
-0.008960
-0.008990
-0.009019
-0.009048
-0.009078
-0.009107
-0.009137
-0.009166
-0.009196
-0.009225
-0.009255
-0.009284
-0.009313
-0.009343
-0.009372
-0.009402
-0.009431
-0.009461
-0.009490
-0.009520
-0.009549
-0.009578
-0.009608
-0.009637
-0.009667
-0.009696
-0.009726
-0.009755
-0.009784
-0.009814
-0.009843
-0.009873
-0.009902
-0.009932
-0.009961
-0.009990
-0.010020
-0.010049
-0.010079
-0.010108
-0.010137
-0.010167
-0.010196
-0.010226
-0.010255
-0.010284
-0.010314
-0.010343
-0.010373
-0.010402
-0.010431
-0.010461
-0.010490
-0.010520
-0.010549
-0.010578
-0.010608
-0.010637
-0.010666
-0.010696
-0.010725
-0.010754
-0.010784
-0.010813
-0.010842
-0.010872
-0.010901
-0.010930
-0.010960
-0.010989
-0.011018
-0.011048
-0.011077
-0.011106
-0.011136
-0.011165
-0.011194
-0.011224
-0.011253
-0.011282
-0.011311
-0.011341
-0.011370
-0.011399
-0.011428
-0.011458
-0.011487
-0.011516
-0.011545
-0.011575
-0.011604
-0.011633
-0.011662
-0.011692
-0.011721
-0.011750
-0.011779
-0.011808
-0.011838
-0.011867
-0.011896
-0.011925
-0.011954
-0.011984
-0.012013
-0.012042
-0.012071
-0.012100
-0.012129
-0.012158
-0.012188
-0.012217
-0.012246
-0.012275
-0.012304
-0.012333
-0.012362
-0.012391
-0.012421
-0.012450
-0.012479
-0.012508
-0.012537
-0.012566
-0.012595
-0.012624
-0.012653
-0.012682
-0.012711
-0.012740
-0.012769
-0.012798
-0.012827
-0.012856
-0.012885
-0.012914
-0.012943
-0.012972
-0.013001
-0.013030
-0.013059
-0.013088
-0.013117
-0.013146
-0.013175
-0.013204
-0.013233
-0.013261
-0.013290
-0.013319
-0.013348
-0.013377
-0.013406
-0.013435
-0.013150
-0.011956
-0.009172
-0.004400
0.002425
0.011144
0.021495
0.033182
0.045916
0.059437
0.073513
0.087945
0.102565
0.117232
0.131834
0.146280
0.160497
0.174428
0.188033
0.201279
0.214144
0.226612
0.238676
0.250331
0.261576
0.272415
0.282854
0.292898
0.302557
0.311840
0.320758
0.329322
0.337542
0.345431
0.352999
0.360257
0.367217
0.373889
0.380285
0.386413
0.392285
0.397910
0.403297
0.408456
0.413394
0.418120
0.422643
0.426969
0.431106
0.435061
0.439137
0.443910
0.450041
0.457927
0.467647
0.479063
0.491933
0.505979
0.520930
0.536539
0.552587
0.568884
0.585269
0.601610
0.617798
0.633747
0.649389
0.664672
0.679555
0.694011
0.708018
0.721565
0.734644
0.747254
0.759395
0.771072
0.782292
0.793063
0.803396
0.813301
0.822789
0.831874
0.840566
0.848879
0.856825
0.864416
0.871664
0.878582
0.885181
0.891471
0.897466
0.903174
0.908606
0.913772
0.918682
0.923344
0.927768
0.931963
0.935936
0.939695
0.943535
0.948017
0.953794
0.961266
0.970522
0.981436
0.993774
1.007267
1.021651
1.036681
1.052141
1.067842
1.083625
1.099357
1.114929
1.130255
1.145266
1.159910
1.174145
1.187944
1.201285
1.214155
1.226547
1.238459
1.249891
1.260848
1.271336
1.281365
1.290943
1.300082
1.308794
1.317090
1.324983
1.332486
1.339610
1.346370
1.352776
1.358842
1.364578
1.369997
1.375109
1.379926
1.384459
1.388716
1.392709
1.396446
1.399936
1.403190
1.406214
1.409017
1.411886
1.415372
1.420122
1.426540
1.434723
1.444556
1.455813
1.468230
1.481546
1.495517
1.509930
1.524595
1.539351
1.554066
1.568630
1.582954
1.596969
1.610621
1.623868
1.636680
1.649036
1.660922
1.672330
1.683257
1.693702
1.703671
1.713169
1.722205
1.730788
1.738929
1.746640
1.753932
1.760818
1.767310
1.773421
1.779164
1.784551
1.789594
1.794305
1.798696
1.802778
1.806561
1.810058
1.813277
1.816229
1.818923
1.821369
1.823575
1.825550
1.827303
1.829113
1.831523
1.835174
1.840473
1.847529
1.856233
1.866366
1.877670
1.889884
1.902770
1.916111
1.929719
1.943432
1.957116
1.970659
1.983973
1.996986
2.009643
2.021901
2.033729
2.045104
2.056012
2.066444
2.076397
2.085869
2.094865
2.103390
2.111453
2.119062
2.126229
2.132964
2.139279
2.145187
2.150700
2.155832
2.160593
2.164997
2.169056
2.172782
2.176187
2.179281
2.182077
2.184584
2.186813
2.188774
2.190476
2.191930
2.193143
2.194125
2.194884
2.195693
2.197088
2.199705
2.203954
2.209952
2.217598
2.226680
2.236943
2.248131
2.260004
2.272347
2.284972
2.297716
2.310444
2.323042
2.335421
2.347507
2.359245
2.370589
2.381509
2.391981
2.401988
2.411522
2.420577
2.429155
2.437256
2.444888
2.452057
2.458772
2.465044
2.470884
2.476305
2.481317
2.485933
2.490167
2.494030
2.497536
2.500695
2.503520
2.506024
2.508216
2.510109
2.511713
2.513039
2.514096
2.514895
2.515444
2.515752
2.515829
2.515682
2.515580
2.516052
2.517726
2.521020
2.526055
2.532739
2.540866
2.550184
2.560439
2.571394
2.582834
2.594569
2.606437
2.618300
2.630045
2.641580
2.652830
2.663739
2.674261
2.684363
2.694020
2.703217
2.711942
2.720191
2.727963
2.735259
2.742087
2.748451
2.754363
2.759831
2.764866
2.769481
2.773688
2.777498
2.780925
2.783980
2.786677
2.789028
2.791044
2.792737
2.794119
2.795201
2.795994
2.796507
2.796752
2.796738
2.796474
2.795969
2.795233
2.794273
2.793329
2.792873
2.793476
2.795519
2.799121
2.804205
2.810590
2.818052
2.826361
2.835304
2.844687
2.854336
2.864104
2.873866
2.883518
2.892975
2.902170
2.911049
2.919572
2.927707
2.935432
2.942731
2.949596
2.956020
2.962004
2.967548
2.972658
2.977341
2.981603
2.985455
2.988907
2.991969
2.994653
2.996969
2.998930
3.000548
3.001833
3.002796
3.003450
3.003805
3.003872
3.003660
3.003181
3.002443
3.001457
3.000231
2.998774
2.997094
2.995200
2.993100
2.991028
2.989453
2.988944
2.989884
2.992397
2.996411
3.001747
3.008182
3.015487
3.023449
3.031871
3.040581
3.049429
3.058289
3.067055
3.075642
3.083981
3.092017
3.099709
3.107024
3.113939
3.120438
3.126510
3.132151
3.137358
3.142133
3.146480
3.150406
3.153917
3.157025
3.159737
3.162065
3.164019
3.165612
3.166854
3.167756
3.168331
3.168589
3.168541
3.168199
3.167573
3.166672
3.165508
3.164089
3.162426
3.160526
3.158400
3.156055
3.153499
3.150740
3.148010
3.145773
3.144594
3.144859
3.146698
3.150041
3.154714
3.160495
3.167158
3.174487
3.182288
3.190388
3.198635
3.206904
3.215088
3.223101
3.230872
3.238347
3.245483
3.252247
3.258615
3.264570
3.270103
3.275206
3.279879
3.284122
3.287939
3.291337
3.294322
3.296904
3.299093
3.300899
3.302333
3.303406
3.304130
3.304515
3.304574
3.304318
3.303757
3.302902
3.301764
3.300354
3.298680
3.296754
3.294583
3.292178
3.289547
3.286699
3.283641
3.280381
3.277148
3.274402
3.272705
3.272445
3.273756
3.276573
3.280723
3.285988
3.292142
3.298971
3.306280
3.313896
3.321668
3.329468
3.337190
3.344745
3.352065
3.359093
3.365786
3.372110
3.378041
3.383562
3.388662
3.393334
3.397577
3.401391
3.404781
3.407752
3.410311
3.412468
3.414232
3.415613
3.416623
3.417273
3.417573
3.417536
3.417172
3.416493
3.415510
3.414234
3.412676
3.410845
3.408751
3.406405
3.403816
3.400992
3.397943
3.394677
3.391202
3.387526
3.383873
3.380702
3.378572
3.377872
3.378739
3.381113
3.384824
3.389654
3.395380
3.401787
3.408682
3.415891
3.423262
3.430667
3.438000
3.445172
3.452113
3.458765
3.465085
3.471039
3.476602
3.481757
3.486493
3.490802
3.494683
3.498136
3.501165
3.503776
3.505975
3.507773
3.509177
3.510200
3.510851
3.511142
3.511084
3.510688
3.509966
3.508929
3.507589
3.505955
3.504039
3.501851
3.499400
3.496697
3.493752
3.490572
3.487167
3.483545
3.479715
3.475684
3.471460
3.467050
3.462461
3.457700
3.452773
3.447687
3.442448
3.437061
3.431532
3.425867
3.420070
3.414146
3.408101
3.401939
3.395664
3.389280
3.382793
3.376205
3.369520
3.362743
3.355877
3.348925
3.341890
3.334777
3.327587
3.320324
3.312992
3.305591
3.298127
3.290600
3.283014
3.275370
3.267672
3.259922
3.252122
3.244273
3.236379
3.228440
3.220460
3.212440
3.204381
3.196286
3.188157
3.179994
3.171799
3.163575
3.155323
3.147043
3.138738
3.130408
3.122056
3.113682
3.105288
3.096875
3.088444
3.079997
3.071533
3.063055
3.054564
3.046059
3.037544
3.029017
3.020481
3.011937
3.003384
2.994824
2.986258
2.977686
2.969109
2.960529
2.951945
2.943359
2.934770
2.926181
2.917590
2.909000
2.900410
2.891822
2.883235
2.874650
2.866068
2.857490
2.848915
2.840345
2.831779
2.823218
2.814663
2.806114
2.797572
2.789036
2.780508
2.771987
2.763474
2.754970
2.746474
2.737988
2.729510
2.721042
2.712584
2.704137
2.695700
2.687273
2.678858
2.670454
2.662062
2.653681
2.645313
2.636956
2.628612
2.620281
2.611963
2.603658
2.595366
2.587087
2.578822
2.570571
2.562334
2.554111
2.545903
2.537708
2.529529
2.521364
2.513214
2.505079
2.496959
2.488855
2.480765
2.472692
2.464633
2.456591
2.448564
2.440553
2.432559
2.424580
2.416617
2.408671
2.400741
2.392828
2.384931
2.377050
2.369186
2.361339
2.353509
2.345695
2.337899
2.330119
2.322356
2.314611
2.306882
2.299171
2.291476
2.283799
2.276140
2.268497
2.260872
2.253264
2.245674
2.238101
2.230546
2.223008
2.215487
2.207985
2.200499
2.193032
2.185582
2.178149
2.170734
2.163337
2.155958
2.148596
2.141252
2.133925
2.126617
2.119326
2.112053
2.104797
2.097560
2.090340
2.083137
2.075953
2.068786
2.061637
2.054506
2.047393
2.040297
2.033219
2.026159
2.019117
2.012092
2.005085
1.998096
1.991124
1.984170
1.977234
1.970316
1.963415
1.956532
1.949667
1.942819
1.935989
1.929176
1.922381
1.915604
1.908844
1.902102
1.895377
1.888670
1.881980
1.875308
1.868653
1.862016
1.855396
1.848794
1.842209
1.835642
1.829092
1.822559
1.816043
1.809545
1.803064
1.796600
1.790154
1.783725
1.777313
1.770918
1.764541
1.758180
1.751837
1.745510
1.739201
1.732909
1.726634
1.720376
1.714134
1.707910
1.701703
1.695512
1.689339
1.683182
1.677042
1.670919
1.664812
1.658723
1.652650
1.646593
1.640554
1.634531
1.628525
1.622535
1.616562
1.610605
1.604665
1.598741
1.592834
1.586943
1.581069
1.575211
1.569369
1.563543
1.557734
1.551941
1.546165
1.540404
1.534660
1.528932
1.523220
1.517524
1.511844
1.506180
1.500532
1.494900
1.489284
1.483684
1.478100
1.472532
1.466979
1.461442
1.455922
1.450416
1.444927
1.439453
1.433995
1.428552
1.423125
1.417714
1.412318
1.406938
1.401573
1.396223
1.390889
1.385571
1.380267
1.374979
1.369707
1.364449
1.359207
1.353980
1.348769
1.343572
1.338390
1.333224
1.328073
1.322936
1.317815
1.312709
1.307617
1.302541
1.297479
1.292432
1.287400
1.282383
1.277381
1.272393
1.267420
1.262462
1.257518
1.252589
1.247675
1.242775
1.237890
1.233019
1.228162
1.223320
1.218493
1.213680
1.208881
1.204096
1.199326
1.194570
1.189828
1.185101
1.180388
1.175688
1.171003
1.166332
1.161675
1.157032
1.152403
1.147788
1.143187
1.138600
1.134027
1.129467
1.124922
1.120390
1.115872
1.111368
1.106877
1.102400
1.097937
1.093487
1.089051
1.084628
1.080219
1.075824
1.071442
1.067073
1.062718
1.058376
1.054047
1.049732
1.045430
1.041142
1.036866
1.032604
1.028355
1.024119
1.019897
1.015687
1.011491
1.007307
1.003137
0.998979
0.994834
0.990703
0.986584
0.982478
0.978385
0.974305
0.970237
0.966183
0.962141
0.958111
0.954095
0.950091
0.946099
0.942120
0.938154
0.934200
0.930259
0.926330
0.922414
0.918510
0.914618
0.910739
0.906872
0.903018
0.899176
0.895345
0.891528
0.887722
0.883929
0.880147
0.876378
0.872621
0.868876
0.865143
0.861422
0.857713
0.854016
0.850330
0.846657
0.842996
0.839346
0.835708
0.832082
0.828468
0.824865
0.821274
0.817695
0.814127
0.810571
0.807027
0.803494
0.799973
0.796463
0.792965
0.789478
0.786003
0.782539
0.779086
0.775645
0.772215
0.768796
0.765389
0.761993
0.758608
0.755234
0.751871
0.748520
0.745180
0.741850
0.738532
0.735225
0.731929
0.728644
0.725370
0.722106
0.718854
0.715612
0.712382
0.709162
0.705953
0.702755
0.699567
0.696390
0.693224
0.690069
0.686924
0.683790
0.680666
0.677553
0.674451
0.671359
0.668277
0.665206
0.662146
0.659095
0.656055
0.653026
0.650007
0.646998
0.644000
0.641011
0.638033
0.635066
0.632108
0.629161
0.626223
0.623296
0.620379
0.617472
0.614575
0.611688
0.608811
0.605944
0.603087
0.600239
0.597402
0.594575
0.591757
0.588949
0.586151
0.583363
0.580584
0.577816
0.575057
0.572307
0.569567
0.566837
0.564116
0.561405
0.558704
0.556012
0.553330
0.550657
0.547993
0.545339
0.542694
0.540059
0.537433
0.534816
0.532209
0.529611
0.527022
0.524442
0.521872
0.519310
0.516758
0.514215
0.511682
0.509157
0.506641
0.504135
0.501637
0.499149
0.496669
0.494198
0.491737
0.489284
0.486840
0.484405
0.481979
0.479561
0.477153
0.474753
0.472362
0.469979
0.467606
0.465241
0.462884
0.460536
0.458197
0.455867
0.453545
0.451231
0.448926
0.446630
0.444342
0.442062
0.439791
0.437528
0.435274
0.433028
0.430790
0.428561
0.426340
0.424127
0.421922
0.419726
0.417538
0.415358
0.413186
0.411022
0.408867
0.406719
0.404580
0.402449
0.400325
0.398210
0.396102
0.394003
0.391912
0.389828
0.387752
0.385684
0.383624
0.381572
0.379528
0.377491
0.375462
0.373441
0.371428
0.369422
0.367424
0.365434
0.363451
0.361476
0.359509
0.357549
0.355597
0.353652
0.351714
0.349784
0.347862
0.345947
0.344040
0.342139
0.340247
0.338361
0.336483
0.334612
0.332749
0.330893
0.329044
0.327202
0.325368
0.323540
0.321720
0.319907
0.318101
0.316303
0.314511
0.312726
0.310949
0.309178
0.307415
0.305658
0.303908
0.302166
0.300430
0.298701
0.296979
0.295264
0.293556
0.291855
0.290160
0.288472
0.286791
0.285117
0.283449
0.281788
0.280134
0.278486
0.276845
0.275211
0.273583
0.271962
0.270348
0.268740
0.267138
0.265543
0.263955
0.262373
0.260797
0.259228
0.257665
0.256109
0.254559
0.253015
0.251478
0.249947
0.248422
0.246903
0.245391
0.243885
0.242385
0.240892
0.239404
0.237923
0.236448
0.234979
0.233516
0.232059
0.230608
0.229164
0.227725
0.226292
0.224866
0.223445
0.222030
0.220621
0.219218
0.217821
0.216430
0.215045
0.213665
0.212291
0.210924
0.209561
0.208205
0.206855
0.205510
0.204170
0.202837
0.201509
0.200187
0.198871
0.197560
0.196254
0.194955
0.193660
0.192372
0.191089
0.189811
0.188539
0.187272
0.186011
0.184756
0.183505
0.182260
0.181021
0.179787
0.178558
0.177334
0.176116
0.174903
0.173696
0.172493
0.171296
0.170104
0.168918
0.167736
0.166560
0.165389
0.164223
0.163062
0.161906
0.160756
0.159610
0.158469
0.157334
0.156203
0.155078
0.153957
0.152842
0.151731
0.150625
0.149524
0.148429
0.147338
0.146251
0.145170
0.144094
0.143022
0.141955
0.140893
0.139836
0.138783
0.137736
0.136693
0.135654
0.134620
0.133591
0.132567
0.131547
0.130532
0.129522
0.128516
0.127514
0.126517
0.125525
0.124537
0.123554
0.122575
0.121601
0.120631
0.119666
0.118705
0.117748
0.116796
0.115848
0.114905
0.113966
0.113031
0.112100
0.111174
0.110252
0.109335
0.108421
0.107512
0.106607
0.105707
0.104810
0.103918
0.103030
0.102146
0.101266
0.100390
0.099518
0.098651
0.097787
0.096928
0.096072
0.095221
0.094373
0.093530
0.092691
0.091855
0.091024
0.090196
0.089372
0.088553
0.087737
0.086925
0.086117
0.085312
0.084512
0.083715
0.082922
0.082133
0.081348
0.080566
0.079789
0.079015
0.078244
0.077478
0.076715
0.075955
0.075200
0.074448
0.073699
0.072955
0.072213
0.071476
0.070742
0.070012
0.069285
0.068561
0.067841
0.067125
0.066412
0.065703
0.064997
0.064295
0.063596
0.062900
0.062208
0.061519
0.060834
0.060152
0.059473
0.058798
0.058126
0.057457
0.056791
0.056129
0.055470
0.054815
0.054163
0.053513
0.052868
0.052225
0.051585
0.050949
0.050316
0.049686
0.049059
0.048435
0.047815
0.047197
0.046583
0.045971
0.045363
0.044758
0.044156
0.043557
0.042961
0.042367
0.041777
0.041190
0.040606
0.040025
0.039446
0.038871
0.038299
0.037729
0.037162
0.036598
0.036038
0.035479
0.034924
0.034372
0.033822
0.033275
0.032731
0.032190
0.031652
0.031116
0.030583
0.030053
0.029525
0.029001
0.028479
0.027959
0.027443
0.026929
0.026417
0.025908
0.025402
0.024899
0.024398
0.023900
0.023404
0.022911
0.022420
0.021932
0.021447
0.020964
0.020483
0.020005
0.019530
0.019057
0.018586
0.018118
0.017653
0.017189
0.016729
0.016270
0.015814
0.015361
0.014910
0.014461
0.014015
0.013571
0.013129
0.012690
0.012252
0.011818
0.011385
0.010955
0.010527
0.010102
0.009678
0.009257
0.008838
0.008422
0.008007
0.007595
0.007185
0.006777
0.006372
0.005968
0.005567
0.005168
0.004771
0.004376
0.003983
0.003592
0.003204
0.002817
0.002433
0.002050
0.001670
0.001292
0.000916
0.000541
0.000169
-0.000201
-0.000569
-0.000935
-0.001299
-0.001662
-0.002022
-0.002380
-0.002737
-0.003091
-0.003443
-0.003794
-0.004143
-0.004489
-0.004834
-0.005177
-0.005518
-0.005858
-0.006195
-0.006531
-0.006864
-0.007196
-0.007526
-0.007855
-0.008181
-0.008506
-0.008829
-0.009150
-0.009469
-0.009787
-0.010103
-0.010417
-0.010729
-0.011040
-0.011349
-0.011656
-0.011962
-0.012265
-0.012568
-0.012868
-0.013167
-0.013464
-0.013760
-0.014053
-0.014346
-0.014636
-0.014925
-0.015213
-0.015498
-0.015783
-0.016065
-0.016346
-0.016626
-0.016904
-0.017180
-0.017455
-0.017728
-0.018000
-0.018270
-0.018539
-0.018806
-0.019072
-0.019336
-0.019599
-0.019860
-0.020120
-0.020378
-0.020635
-0.020890
-0.021144
-0.021397
-0.021648
-0.021898
-0.022146
-0.022393
-0.022639
-0.022883
-0.023125
-0.023367
-0.023607
-0.023845
-0.024083
-0.024319
-0.024553
-0.024786
-0.025018
-0.025249
-0.025478
-0.025706
-0.025933
-0.026158
-0.026382
-0.026605
-0.026827
-0.027047
-0.027266
-0.027484
-0.027700
-0.027916
-0.028130
-0.028342
-0.028554
-0.028764
-0.028974
-0.029182
-0.029388
-0.029594
-0.029798
-0.030002
-0.030204
-0.030405
-0.030604
-0.030803
-0.031000
-0.031197
-0.031392
-0.031586
-0.031779
-0.031971
-0.032161
-0.032351
-0.032539
-0.032727
-0.032913
-0.033098
-0.033282
-0.033465
-0.033647
-0.033828
-0.034008
-0.034187
-0.034365
-0.034542
-0.034717
-0.034892
-0.035066
-0.035239
-0.035410
-0.035581
-0.035751
-0.035919
-0.036087
-0.036254
-0.036419
-0.036584
-0.036748
-0.036911
-0.037073
-0.037234
-0.037394
-0.037553
-0.037711
-0.037868
-0.038024
-0.038180
-0.038334
-0.038487
-0.038640
-0.038792
-0.038943
-0.039092
-0.039241
-0.039390
-0.039537
-0.039683
-0.039829
-0.039973
-0.040117
-0.040260
-0.040402
-0.040544
-0.040684
-0.040824
-0.040962
-0.041100
-0.041237
-0.041374
-0.041509
-0.041644
-0.041778
-0.041911
-0.042043
-0.042175
-0.042305
-0.042435
-0.042564
-0.042693
-0.042820
-0.042947
-0.043073
-0.043199
-0.043323
-0.043447
-0.043570
-0.043693
-0.043814
-0.043935
-0.044055
-0.044175
-0.044293
-0.044411
-0.044529
-0.044645
-0.044761
-0.044876
-0.044991
-0.045105
-0.045218
-0.045330
-0.045442
-0.045553
-0.045663
-0.045773
-0.045882
-0.045990
-0.046098
-0.046205
-0.046312
-0.046418
-0.046523
-0.046627
-0.046731
-0.046834
-0.046937
-0.047039
-0.047140
-0.047241
-0.047341
-0.047441
-0.047540
-0.047638
-0.047736
-0.047833
-0.047929
-0.048025
-0.048120
-0.048215
-0.048309
-0.048403
-0.048496
-0.048588
-0.048680
-0.048771
-0.048862
-0.048952
-0.049042
-0.049131
-0.049220
-0.049308
-0.049395
-0.049482
-0.049568
-0.049654
-0.049739
-0.049824
-0.049908
-0.049992
-0.050075
-0.050158
-0.050240
-0.050322
-0.050403
-0.050484
-0.050564
-0.050643
-0.050723
-0.050801
-0.050879
-0.050957
-0.051034
-0.051111
-0.051187
-0.051263
-0.051338
-0.051413
-0.051487
-0.051561
-0.051635
-0.051708
-0.051780
-0.051852
-0.051924
-0.051995
-0.052065
-0.052136
-0.052206
-0.052275
-0.052344
-0.052412
-0.052480
-0.052548
-0.052615
-0.052682
-0.052748
-0.052814
-0.052880
-0.052945
-0.053009
-0.053074
-0.053137
-0.053201
-0.053264
-0.053327
-0.053389
-0.053451
-0.053512
-0.053573
-0.053634
-0.053694
-0.053754
-0.053813
-0.053873
-0.053931
-0.053990
-0.054048
-0.054105
-0.054162
-0.054219
-0.054276
-0.054332
-0.054388
-0.054443
-0.054498
-0.054553
-0.054607
-0.054661
-0.054715
-0.054768
-0.054821
-0.054874
-0.054926
-0.054978
-0.055030
-0.055081
-0.055132
-0.055182
-0.055233
-0.055282
-0.055332
-0.055381
-0.055430
-0.055479
-0.055527
-0.055575
-0.055623
-0.055670
-0.055717
-0.055764
-0.055810
-0.055857
-0.055902
-0.055948
-0.055993
-0.056038
-0.056083
-0.056127
-0.056171
-0.056215
-0.056258
-0.056301
-0.056344
-0.056387
-0.056429
-0.056471
-0.056513
-0.056554
-0.056595
-0.056636
-0.056677
-0.056717
-0.056757
-0.056797
-0.056836
-0.056876
-0.056915
-0.056953
-0.056992
-0.057030
-0.057068
-0.057106
-0.057143
-0.057180
-0.057217
-0.057254
-0.057290
-0.057326
-0.057362
-0.057398
-0.057433
-0.057469
-0.057504
-0.057538
-0.057573
-0.057607
-0.057641
-0.057675
-0.057708
-0.057742
-0.057775
-0.057807
-0.057840
-0.057872
-0.057905
-0.057936
-0.057968
-0.058000
-0.058031
-0.058062
-0.058093
-0.058123
-0.058154
-0.058184
-0.058214
-0.058244
-0.058273
-0.058302
-0.058332
-0.058360
-0.058389
-0.058418
-0.058446
-0.058474
-0.058502
-0.058530
-0.058557
-0.058584
-0.058611
-0.058638
-0.058665
-0.058692
-0.058718
-0.058744
-0.058770
-0.058796
-0.058821
-0.058847
-0.058872
-0.058897
-0.058922
-0.058946
-0.058971
-0.058995
-0.059019
-0.059043
-0.059067
-0.059090
-0.059114
-0.059137
-0.059160
-0.059183
-0.059206
-0.059228
-0.059251
-0.059273
-0.059295
-0.059317
-0.059338
-0.059360
-0.059381
-0.059403
-0.059424
-0.059445
-0.059465
-0.059486
-0.059506
-0.059527
-0.059547
-0.059567
-0.059586
-0.059606
-0.059626
-0.059645
-0.059664
-0.059683
-0.059702
-0.059721
-0.059739
-0.059758
-0.059776
-0.059794
-0.059812
-0.059830
-0.059848
-0.059866
-0.059883
-0.059901
-0.059918
-0.059935
-0.059952
-0.059968
-0.059985
-0.060002
-0.060018
-0.060034
-0.060050
-0.060066
-0.060082
-0.060098
-0.060114
-0.060129
-0.060144
-0.060160
-0.060175
-0.060190
-0.060204
-0.060219
-0.060234
-0.060248
-0.060263
-0.060277
-0.060291
-0.060305
-0.060319
-0.060333
-0.060346
-0.060360
-0.060373
-0.060386
-0.060400
-0.060413
-0.060426
-0.060438
-0.060451
-0.060464
-0.060476
-0.060489
-0.060501
-0.060513
-0.060525
-0.060537
-0.060549
-0.060561
-0.060573
-0.060584
-0.060596
-0.060607
-0.060618
-0.060629
-0.060640
-0.060651
-0.060662
-0.060673
-0.060684
-0.060694
-0.060705
-0.060715
-0.060725
-0.060735
-0.060745
-0.060755
-0.060765
-0.060775
-0.060785
-0.060794
-0.060804
-0.060813
-0.060822
-0.060832
-0.060841
-0.060850
-0.060859
-0.060868
-0.060877
-0.060885
-0.060894
-0.060902
-0.060911
-0.060919
-0.060928
-0.060936
-0.060944
-0.060952
-0.060960
-0.060968
-0.060975
-0.060983
-0.060991
-0.060998
-0.061006
-0.061013
-0.061021
-0.061028
-0.061035
-0.061042
-0.061049
-0.061056
-0.061063
-0.061070
-0.061076
-0.061083
-0.061089
-0.061096
-0.061102
-0.061109
-0.061115
-0.061121
-0.061127
-0.061133
-0.061139
-0.061145
-0.061151
-0.061157
-0.061163
-0.061168
-0.061174
-0.061179
-0.061185
-0.061190
-0.061195
-0.061201
-0.061206
-0.061211
-0.061216
-0.061221
-0.061226
-0.061231
-0.061236
-0.061240
-0.061245
-0.061250
-0.061254
-0.061259
-0.061263
-0.061268
-0.061272
-0.061276
-0.061280
-0.061285
-0.061289
-0.061293
-0.061297
-0.061301
-0.061305
-0.061308
-0.061312
-0.061316
-0.061319
-0.061323
-0.061327
-0.061330
-0.061334
-0.061337
-0.061340
-0.061344
-0.061347
-0.061350
-0.061353
-0.061356
-0.061359
-0.061362
-0.061365
-0.061368
-0.061371
-0.061374
-0.061376
-0.061379
-0.061382
-0.061384
-0.061387
-0.061389
-0.061392
-0.061394
-0.061396
-0.061399
-0.061401
-0.061403
-0.061405
-0.061407
-0.061410
-0.061412
-0.061414
-0.061416
-0.061417
-0.061419
-0.061421
-0.061423
-0.061425
-0.061426
-0.061428
-0.061430
-0.061431
-0.061433
-0.061434
-0.061436
-0.061437
-0.061439
-0.061440
-0.061441
-0.061443
-0.061444
-0.061445
-0.061446
-0.061447
-0.061448
-0.061449
-0.061450
-0.061451
-0.061452
-0.061453
-0.061454
-0.061455
-0.061456
-0.061457
-0.061457
-0.061458
-0.061459
-0.061459
-0.061460
-0.061460
-0.061461
-0.061461
-0.061462
-0.061462
-0.061463
-0.061463
-0.061463
-0.061464
-0.061464
-0.061464
-0.061464
-0.061465
-0.061465
-0.061465
-0.061465
-0.061465
-0.061465
-0.061465
-0.061465
-0.061465
-0.061465
-0.061465
-0.061465
-0.061465
-0.061464
-0.061464
-0.061464
-0.061464
-0.061463
-0.061463
-0.061463
-0.061462
-0.061462
-0.061462
-0.061461
-0.061461
-0.061460
-0.061460
-0.061459
-0.061459
-0.061458
-0.061457
-0.061457
-0.061456
-0.061455
-0.061455
-0.061454
-0.061453
-0.061452
-0.061452
-0.061451
-0.061450
-0.061449
-0.061448
-0.061447
-0.061446
-0.061445
-0.061444
-0.061443
-0.061442
-0.061441
-0.061440
-0.061439
-0.061438
-0.061437
-0.061436
-0.061435
-0.061434
-0.061432
-0.061431
-0.061430
-0.061429
-0.061428
-0.061426
-0.061425
-0.061424
-0.061422
-0.061421
-0.061420
-0.061418
-0.061417
-0.061415
-0.061414
-0.061413
-0.061411
-0.061410
-0.061408
-0.061407
-0.061405
-0.061403
-0.061402
-0.061400
-0.061399
-0.061397
-0.061396
-0.061394
-0.061392
-0.061391
-0.061389
-0.061387
-0.061385
-0.061384
-0.061382
-0.061380
-0.061379
-0.061377
-0.061375
-0.061373
-0.061371
-0.061370
-0.061368
-0.061366
-0.061364
-0.061362
-0.061360
-0.061358
-0.061356
-0.061354
-0.061353
-0.061351
-0.061349
-0.061347
-0.061345
-0.061343
-0.061341
-0.061339
-0.061337
-0.061335
-0.061333
-0.061331
-0.061328
-0.061326
-0.061324
-0.061322
-0.061320
-0.061318
-0.061316
-0.061314
-0.061312
-0.061309
-0.061307
-0.061305
-0.061303
-0.061301
-0.061299
-0.061296
-0.061294
-0.061292
-0.061290
-0.061288
-0.061285
-0.061283
-0.061281
-0.061279
-0.061276
-0.061274
-0.061272
-0.061269
-0.061267
-0.061265
-0.061262
-0.061260
-0.061258
-0.061256
-0.061253
-0.061251
-0.061249
-0.061246
-0.061244
-0.061241
-0.061239
-0.061237
-0.061234
-0.061232
-0.061230
-0.061227
-0.061225
-0.061222
-0.061220
-0.061217
-0.061215
-0.061213
-0.061210
-0.061208
-0.061205
-0.061203
-0.061200
-0.061198
-0.061195
-0.061193
-0.061191
-0.061188
-0.061186
-0.061183
-0.061181
-0.061178
-0.061176
-0.061173
-0.061171
-0.061168
-0.061166
-0.061163
-0.061161
-0.061158
-0.061156
-0.061153
-0.061151
-0.061148
-0.061146
-0.061143
-0.061140
-0.061138
-0.061135
-0.061133
-0.061130
-0.061128
-0.061125
-0.061123
-0.061120
-0.061118
-0.061115
-0.061113
-0.061110
-0.061107
-0.061105
-0.061102
-0.061100
-0.061097
-0.061095
-0.061092
-0.061090
-0.061087
-0.061084
-0.061082
-0.061079
-0.061077
-0.061074
-0.061072
-0.061069
-0.061066
-0.061064
-0.061061
-0.061059
-0.061056
-0.061054
-0.061051
-0.061049
-0.061046
-0.061043
-0.061041
-0.061038
-0.061036
-0.061033
-0.061031
-0.061028
-0.061025
-0.061023
-0.061020
-0.061018
-0.061015
-0.061013
-0.061010
-0.061008
-0.061005
-0.061002
-0.061000
-0.060997
-0.060995
-0.060992
-0.060990
-0.060987
-0.060985
-0.060982
-0.060980
-0.060977
-0.060974
-0.060972
-0.060969
-0.060967
-0.060964
-0.060962
-0.060959
-0.060957
-0.060954
-0.060952
-0.060949
-0.060947
-0.060944
-0.060942
-0.060939
-0.060937
-0.060934
-0.060932
-0.060929
-0.060927
-0.060924
-0.060922
-0.060919
-0.060917
-0.060914
-0.060912
-0.060909
-0.060907
-0.060904
-0.060902
-0.060899
-0.060897
-0.060894
-0.060892
-0.060890
-0.060887
-0.060885
-0.060882
-0.060880
-0.060877
-0.060875
-0.060872
-0.060870
-0.060868
-0.060865
-0.060863
-0.060860
-0.060858
-0.060856
-0.060853
-0.060851
-0.060848
-0.060846
-0.060844
-0.060841
-0.060839
-0.060837
-0.060834
-0.060832
-0.060829
-0.060827
-0.060825
-0.060822
-0.060820
-0.060818
-0.060815
-0.060813
-0.060811
-0.060808
-0.060806
-0.060804
-0.060802
-0.060799
-0.060797
-0.060795
-0.060792
-0.060790
-0.060788
-0.060786
-0.060783
-0.060781
-0.060779
-0.060776
-0.060774
-0.060772
-0.060770
-0.060768
-0.060765
-0.060763
-0.060761
-0.060759
-0.060756
-0.060754
-0.060752
-0.060750
-0.060748
-0.060746
-0.060743
-0.060741
-0.060739
-0.060737
-0.060735
-0.060733
-0.060730
-0.060728
-0.060726
-0.060724
-0.060722
-0.060720
-0.060718
-0.060716
-0.060713
-0.060711
-0.060709
-0.060707
-0.060705
-0.060703
-0.060701
-0.060699
-0.060697
-0.060695
-0.060693
-0.060691
-0.060689
-0.060687
-0.060685
-0.060683
-0.060681
-0.060679
-0.060677
-0.060675
-0.060673
-0.060671
-0.060669
-0.060667
-0.060665
-0.060663
-0.060661
-0.060659
-0.060657
-0.060655
-0.060653
-0.060651
-0.060649
-0.060648
-0.060646
-0.060644
-0.060642
-0.060640
-0.060638
-0.060636
-0.060634
-0.060633
-0.060631
-0.060629
-0.060627
-0.060625
-0.060623
-0.060622
-0.060620
-0.060618
-0.060616
-0.060614
-0.060613
-0.060611
-0.060609
-0.060607
-0.060606
-0.060604
-0.060602
-0.060600
-0.060599
-0.060597
-0.060595
-0.060593
-0.060592
-0.060590
-0.060588
-0.060587
-0.060585
-0.060583
-0.060582
-0.060580
-0.060578
-0.060577
-0.060575
-0.060574
-0.060572
-0.060570
-0.060569
-0.060567
-0.060565
-0.060564
-0.060562
-0.060561
-0.060559
-0.060558
-0.060556
-0.060555
-0.060553
-0.060551
-0.060550
-0.060548
-0.060547
-0.060545
-0.060544
-0.060542
-0.060541
-0.060539
-0.060538
-0.060537
-0.060535
-0.060534
-0.060532
-0.060531
-0.060529
-0.060528
-0.060527
-0.060525
-0.060524
-0.060522
-0.060521
-0.060520
-0.060518
-0.060517
-0.060515
-0.060514
-0.060513
-0.060511
-0.060510
-0.060509
-0.060508
-0.060506
-0.060505
-0.060504
-0.060502
-0.060501
-0.060500
-0.060499
-0.060497
-0.060496
-0.060495
-0.060494
-0.060492
-0.060491
-0.060490
-0.060489
-0.060487
-0.060486
-0.060485
-0.060484
-0.060483
-0.060482
-0.060480
-0.060479
-0.060478
-0.060477
-0.060476
-0.060475
-0.060474
-0.060473
-0.060471
-0.060470
-0.060469
-0.060468
-0.060467
-0.060466
-0.060465
-0.060464
-0.060463
-0.060462
-0.060461
-0.060460
-0.060459
-0.060458
-0.060457
-0.060456
-0.060455
-0.060454
-0.060453
-0.060452
-0.060451
-0.060450
-0.060449
-0.060448
-0.060447
-0.060446
-0.060446
-0.060445
-0.060444
-0.060443
-0.060442
-0.060441
-0.060440
-0.060439
-0.060439
-0.060438
-0.060437
-0.060436
-0.060435
-0.060434
-0.060434
-0.060433
-0.060432
-0.060431
-0.060430
-0.060430
-0.060429
-0.060428
-0.060427
-0.060427
-0.060426
-0.060425
-0.060424
-0.060424
-0.060423
-0.060422
-0.060422
-0.060421
-0.060420
-0.060420
-0.060419
-0.060418
-0.060418
-0.060417
-0.060416
-0.060416
-0.060415
-0.060414
-0.060414
-0.060413
-0.060413
-0.060412
-0.060412
-0.060411
-0.060410
-0.060410
-0.060409
-0.060409
-0.060408
-0.060408
-0.060407
-0.060407
-0.060406
-0.060406
-0.060405
-0.060405
-0.060404
-0.060404
-0.060403
-0.060403
-0.060402
-0.060402
-0.060401
-0.060401
-0.060401
-0.060400
-0.060400
-0.060399
-0.060399
-0.060399
-0.060398
-0.060398
-0.060398
-0.060397
-0.060397
-0.060396
-0.060396
-0.060396
-0.060395
-0.060395
-0.060395
-0.060395
-0.060394
-0.060394
-0.060394
-0.060393
-0.060393
-0.060393
-0.060393
-0.060392
-0.060392
-0.060392
-0.060392
-0.060391
-0.060391
-0.060391
-0.060391
-0.060391
-0.060390
-0.060390
-0.060390
-0.060390
-0.060390
-0.060390
-0.060390
-0.060389
-0.060389
-0.060389
-0.060389
-0.060389
-0.060389
-0.060389
-0.060389
-0.060389
-0.060388
-0.060388
-0.060388
-0.060388
-0.060388
-0.060388
-0.060388
-0.060388
-0.060388
-0.060388
-0.060388
-0.060388
-0.060388
-0.060388
-0.060388
-0.060388
-0.060388
-0.060388
-0.060388
-0.060388
-0.060388
-0.060388
-0.060388
-0.060389
-0.060389
-0.060389
-0.060389
-0.060389
-0.060389
-0.060389
-0.060389
-0.060389
-0.060390
-0.060390
-0.060390
-0.060390
-0.060390
-0.060390
-0.060391
-0.060391
-0.060391
-0.060391
-0.060391
-0.060391
-0.060392
-0.060392
-0.060392
-0.060392
-0.060393
-0.060393
-0.060393
-0.060393
-0.060394
-0.060394
-0.060394
-0.060394
-0.060395
-0.060395
-0.060395
-0.060396
-0.060396
-0.060396
-0.060397

