0.000000
0.000000
-0.000006
-0.000014
-0.000023
-0.000034
-0.000045
-0.000058
-0.000070
-0.000083
-0.000097
-0.000111
-0.000125
-0.000140
-0.000155
-0.000170
-0.000185
-0.000201
-0.000217
-0.000233
-0.000249
-0.000265
-0.000282
-0.000299
-0.000316
-0.000333
-0.000351
-0.000368
-0.000386
-0.000404
-0.000422
-0.000440
-0.000459
-0.000477
-0.000496
-0.000515
-0.000534
-0.000553
-0.000572
-0.000591
-0.000611
-0.000631
-0.000650
-0.000670
-0.000690
-0.000711
-0.000731
-0.000751
-0.000772
-0.000793
-0.000813
-0.000834
-0.000855
-0.000876
-0.000898
-0.000919
-0.000940
-0.000962
-0.000984
-0.001005
-0.001027
-0.001049
-0.001071
-0.001093
-0.001115
-0.001138
-0.001160
-0.001183
-0.001205
-0.001228
-0.001250
-0.001273
-0.001296
-0.001319
-0.001342
-0.001365
-0.001389
-0.001412
-0.001435
-0.001459
-0.001482
-0.001506
-0.001530
-0.001553
-0.001577
-0.001601
-0.001625
-0.001649
-0.001673
-0.001697
-0.001722
-0.001746
-0.001770
-0.001795
-0.001819
-0.001844
-0.001868
-0.001893
-0.001918
-0.001942
-0.001967
-0.001992
-0.002017
-0.002042
-0.002067
-0.002092
-0.002117
-0.002143
-0.002168
-0.002193
-0.002219
-0.002244
-0.002269
-0.002295
-0.002321
-0.002346
-0.002372
-0.002398
-0.002423
-0.002449
-0.002475
-0.002501
-0.002527
-0.002553
-0.002579
-0.002605
-0.002631
-0.002657
-0.002684
-0.002710
-0.002736
-0.002762
-0.002789
-0.002815
-0.002842
-0.002868
-0.002895
-0.002921
-0.002948
-0.002975
-0.003001
-0.003028
-0.003055
-0.003081
-0.003108
-0.003135
-0.003162
-0.003189
-0.003216
-0.003243
-0.003270
-0.003297
-0.003324
-0.003351
-0.003378
-0.003405
-0.003433
-0.003460
-0.003487
-0.003515
-0.003542
-0.003569
-0.003597
-0.003624
-0.003651
-0.003679
-0.003706
-0.003734
-0.003762
-0.003789
-0.003817
-0.003844
-0.003872
-0.003900
-0.003927
-0.003955
-0.003983
-0.004011
-0.004038
-0.004066
-0.004094
-0.004122
-0.004150
-0.004178
-0.004206
-0.004234
-0.004262
-0.004290
-0.004318
-0.004346
-0.004374
-0.004402
-0.004430
-0.004458
-0.004486
-0.004515
-0.004543
-0.004571
-0.004599
-0.004628
-0.004656
-0.004684
-0.004712
-0.004741
-0.004769
-0.004797
-0.004826
-0.004854
-0.004883
-0.004911
-0.004940
-0.004968
-0.004996
-0.005025
-0.005054
-0.005082
-0.005111
-0.005139
-0.005168
-0.005196
-0.005225
-0.005254
-0.005282
-0.005311
-0.005340
-0.005368
-0.005397
-0.005426
-0.005454
-0.005483
-0.005512
-0.005541
-0.005569
-0.005598
-0.005627
-0.005656
-0.005685
-0.005713
-0.005742
-0.005771
-0.005800
-0.005829
-0.005858
-0.005887
-0.005916
-0.005945
-0.005973
-0.006002
-0.006031
-0.006060
-0.006089
-0.006118
-0.006147
-0.006176
-0.006205
-0.006234
-0.006263
-0.006292
-0.006322
-0.006351
-0.006380
-0.006409
-0.006438
-0.006467
-0.006496
-0.006525
-0.006554
-0.006583
-0.006613
-0.006642
-0.006671
-0.006700
-0.006729
-0.006758
-0.006788
-0.006817
-0.006846
-0.006875
-0.006904
-0.006934
-0.006963
-0.006992
-0.007021
-0.007051
-0.007080
-0.007109
-0.007138
-0.007168
-0.007197
-0.007226
-0.007255
-0.007285
-0.007314
-0.007343
-0.007373
-0.007402
-0.007431
-0.007461
-0.007490
-0.007519
-0.007549
-0.007578
-0.007607
-0.007637
-0.007666
-0.007695
-0.007725
-0.007754
-0.007783
-0.007813
-0.007842
-0.007872
-0.007901
-0.007930
-0.007960
-0.007989
-0.008018
-0.008048
-0.008077
-0.008107
-0.008136
-0.008166
-0.008195
-0.008224
-0.008254
-0.008283
-0.008313
-0.008342
-0.008371
-0.008401
-0.008430
-0.008460
-0.008489
-0.008519
-0.008548
-0.008577
-0.008607
-0.008636
-0.008666
-0.008695
-0.008725
-0.008754
-0.008783
-0.008813
-0.008842
-0.008872
-0.008901
-0.008931
-0.008960
-0.008990
-0.009019
-0.009048
-0.009078
-0.009107
-0.009137
-0.009166
-0.009196
-0.009225
-0.009255
-0.009284
-0.009313
-0.009343
-0.009372
-0.009402
-0.009431
-0.009461
-0.009490
-0.009520
-0.009549
-0.009578
-0.009608
-0.009637
-0.009667
-0.009696
-0.009726
-0.009755
-0.009784
-0.009814
-0.009843
-0.009873
-0.009902
-0.009932
-0.009961
-0.009990
-0.010020
-0.010049
-0.010079
-0.010108
-0.010137
-0.010167
-0.010196
-0.010226
-0.010255
-0.010284
-0.010314
-0.010343
-0.010373
-0.010402
-0.010431
-0.010461
-0.010490
-0.010520
-0.010549
-0.010578
-0.010608
-0.010637
-0.010666
-0.010696
-0.010725
-0.010754
-0.010784
-0.010813
-0.010842
-0.010872
-0.010901
-0.010930
-0.010960
-0.010989
-0.011018
-0.011048
-0.011077
-0.011106
-0.011136
-0.011165
-0.011194
-0.011224
-0.011253
-0.011282
-0.011311
-0.011341
-0.011370
-0.011399
-0.011428
-0.011458
-0.011487
-0.011516
-0.011545
-0.011575
-0.011604
-0.011633
-0.011662
-0.011692
-0.011721
-0.011750
-0.011779
-0.011808
-0.011838
-0.011867
-0.011896
-0.011925
-0.011954
-0.011984
-0.012013
-0.012042
-0.012071
-0.012100
-0.012129
-0.012158
-0.012188
-0.012217
-0.012246
-0.012275
-0.012304
-0.012333
-0.012362
-0.012391
-0.012421
-0.012450
-0.012479
-0.012508
-0.012537
-0.012566
-0.012595
-0.012624
-0.012653
-0.012682
-0.012711
-0.012740
-0.012769
-0.012798
-0.012827
-0.012856
-0.012885
-0.012914
-0.012943
-0.012972
-0.013001
-0.013030
-0.013059
-0.013088
-0.013117
-0.013146
-0.013175
-0.013204
-0.013233
-0.013261
-0.013290
-0.013319
-0.013348
-0.013377
-0.013406
-0.013435
-0.013150
-0.011956
-0.009172
-0.004400
0.002425
0.011144
0.021495
0.033182
0.045916
0.059437
0.073513
0.087945
0.102565
0.117232
0.131834
0.146280
0.160497
0.174428
0.188033
0.201279
0.214144
0.226612
0.238676
0.250331
0.261576
0.272415
0.282854
0.292898
0.302557
0.311840
0.320758
0.329322
0.337542
0.345431
0.352999
0.360257
0.367217
0.373889
0.380285
0.386413
0.392285
0.397910
0.403297
0.408456
0.413394
0.418120
0.422643
0.426969
0.431106
0.435061
0.439137
0.443910
0.450041
0.457927
0.467647
0.479063
0.491933
0.505979
0.520930
0.536539
0.552587
0.568884
0.585269
0.601610
0.617798
0.633747
0.649389
0.664672
0.679555
0.694011
0.708018
0.721565
0.734644
0.747254
0.759395
0.771072
0.782292
0.793063
0.803396
0.813301
0.822789
0.831874
0.840566
0.848879
0.856825
0.864416
0.871664
0.878582
0.885181
0.891471
0.897466
0.903174
0.908606
0.913772
0.918682
0.923344
0.927768
0.931963
0.935936
0.939695
0.943535
0.948017
0.953794
0.961266
0.970522
0.981436
0.993774
1.007267
1.021651
1.036681
1.052141
1.067842
1.083625
1.099357
1.114929
1.130255
1.145266
1.159910
1.174145
1.187944
1.201285
1.214155
1.226547
1.238459
1.249891
1.260848
1.271336
1.281365
1.290943
1.300082
1.308794
1.317090
1.324983
1.332486
1.339610
1.346370
1.352776
1.358842
1.364578
1.369997
1.375109
1.379926
1.384459
1.388716
1.392709
1.396446
1.399936
1.403190
1.406214
1.409017
1.411606
1.413990
1.416176
1.418170
1.419979
1.421609
1.423067
1.424359
1.425489
1.426465
1.427290
1.427971
1.428512
1.428917
1.429191
1.429340
1.429365
1.429273
1.429067
1.428750
1.428327
1.427800
1.427173
1.426450
1.425634
1.424727
1.423733
1.422655
1.421495
1.420256
1.418940
1.417551
1.416090
1.414560
1.412964
1.411302
1.409579
1.407795
1.405952
1.404053
1.402100
1.400093
1.398036
1.395929
1.393775
1.391575
1.389331
1.387043
1.384714
1.382345
1.379937
1.377492
1.375011
1.372495
1.369945
1.367363
1.364750
1.362107
1.359435
1.356735
1.354007
1.351254
1.348476
1.345674
1.342848
1.340000
1.337131
1.334241
1.331331
1.328402
1.325455
1.322490
1.319508
1.316510
1.313497
1.310469
1.307426
1.304370
1.301301
1.298220
1.295126
1.292021
1.288906
1.285780
1.282644
1.279499
1.276345
1.273183
1.270013
1.266835
1.263650
1.260459
1.257261
1.254057
1.250848
1.247633
1.244414
1.241190
1.237962
1.234730
1.231494
1.228256
1.225014
1.221770
1.218523
1.215274
1.212023
1.208771
1.205517
1.202263
1.199007
1.195750
1.192494
1.189236
1.185979
1.182722
1.179466
1.176210
1.172954
1.169700
1.166446
1.163194
1.159943
1.156694
1.153447
1.150201
1.146957
1.143716
1.140476
1.137239
1.134005
1.130773
1.127544
1.124318
1.121095
1.117875
1.114658
1.111445
1.108235
1.105028
1.101825
1.098626
1.095431
1.092239
1.089051
1.085868
1.082688
1.079513
1.076341
1.073175
1.070012
1.066854
1.063701
1.060552
1.057408
1.054268
1.051133
1.048003
1.044878
1.041758
1.038643
1.035533
1.032427
1.029327
1.026232
1.023143
1.020058
1.016979
1.013905
1.010836
1.007773
1.004715
1.001663
0.998616
0.995574
0.992538
0.989508
0.986483
0.983464
0.980450
0.977443
0.974440
0.971444
0.968453
0.965468
0.962489
0.959515
0.956548
0.953586
0.950630
0.947680
0.944736
0.941797
0.938865
0.935938
0.933018
0.930103
0.927195
0.924292
0.921395
0.918504
0.915620
0.912741
0.909868
0.907001
0.904141
0.901286
0.898437
0.895595
0.892758
0.889928
0.887103
0.884285
0.881473
0.878667
0.875867
0.873073
0.870285
0.867503
0.864727
0.861957
0.859194
0.856437
0.853685
0.850940
0.848201
0.845468
0.842741
0.840020
0.837305
0.834597
0.831894
0.829198
0.826508
0.823823
0.821145
0.818473
0.815807
0.813148
0.810494
0.807846
0.805205
0.802569
0.799940
0.797316
0.794699
0.792088
0.789483
0.786884
0.784291
0.781704
0.779123
0.776548
0.773979
0.771416
0.768859
0.766308
0.763764
0.761225
0.758692
0.756165
0.753645
0.751130
0.748621
0.746118
0.743621
0.741130
0.738645
0.736166
0.733693
0.731226
0.728765
0.726310
0.723860
0.721417
0.718980
0.716548
0.714122
0.711702
0.709288
0.706880
0.704478
0.702082
0.699691
0.697307
0.694928
0.692555
0.690188
0.687827
0.685471
0.683121
0.680777
0.678439
0.676107
0.673780
0.671460
0.669145
0.666835
0.664532
0.662234
0.659942
0.657655
0.655375
0.653100
0.650830
0.648567
0.646309
0.644056
0.641810
0.639569
0.637333
0.635104
0.632879
0.630661
0.628448
0.626241
0.624039
0.621843
0.619652
0.617467
0.615288
0.613114
0.610946
0.608783
0.606626
0.604474
0.602328
0.600187
0.598052
0.595922
0.593797
0.591679
0.589565
0.587457
0.585355
0.583258
0.581166
0.579080
0.576999
0.574923
0.572853
0.570788
0.568729
0.566675
0.564626
0.562583
0.560545
0.558512
0.556485
0.554463
0.552446
0.550434
0.548428
0.546427
0.544432
0.542441
0.540456
0.538476
0.536501
0.534532
0.532567
0.530608
0.528654
0.526705
0.524762
0.522823
0.520890
0.518962
0.517039
0.515121
0.513208
0.511300
0.509398
0.507500
0.505607
0.503720
0.501838
0.499960
0.498088
0.496221
0.494359
0.492501
0.490649
0.488802
0.486960
0.485122
0.483290
0.481463
0.479640
0.477823
0.476010
0.474203
0.472400
0.470602
0.468809
0.467021
0.465238
0.463460
0.461686
0.459918
0.458154
0.456395
0.454641
0.452892
0.451147
0.449407
0.447673
0.445942
0.444217
0.442496
0.440780
0.439069
0.437363
0.435661
0.433964
0.432272
0.430584
0.428901
0.427223
0.425550
0.423881
0.422216
0.420557
0.418902
0.417251
0.415606
0.413964
0.412328
0.410696
0.409068
0.407445
0.405827
0.404213
0.402604
0.400999
0.399399
0.397804
0.396212
0.394626
0.393044
0.391466
0.389893
0.388324
0.386759
0.385199
0.383644
0.382093
0.380546
0.379004
0.377466
0.375933
0.374404
0.372879
0.371358
0.369842
0.368331
0.366823
0.365320
0.363822
0.362327
0.360837
0.359351
0.357870
0.356392
0.354919
0.353450
0.351986
0.350526
0.349070
0.347618
0.346170
0.344727
0.343287
0.341852
0.340421
0.338994
0.337572
0.336153
0.334739
0.333329
0.331923
0.330521
0.329123
0.327729
0.326339
0.324954
0.323572
0.322195
0.320821
0.319452
0.318087
0.316725
0.315368
0.314015
0.312665
0.311320
0.309979
0.308641
0.307308
0.305979
0.304653
0.303332
0.302014
0.300700
0.299390
0.298085
0.296783
0.295484
0.294190
0.292900
0.291613
0.290331
0.289052
0.287777
0.286506
0.285239
0.283975
0.282716
0.281460
0.280208
0.278959
0.277715
0.276474
0.275237
0.274004
0.272774
0.271549
0.270326
0.269108
0.267893
0.266682
0.265475
0.264272
0.263072
0.261875
0.260683
0.259494
0.258309
0.257127
0.255949
0.254774
0.253604
0.252436
0.251273
0.250113
0.248956
0.247803
0.246654
0.245508
0.244366
0.243227
0.242092
0.240960
0.239832
0.238708
0.237586
0.236469
0.235354
0.234244
0.233136
0.232033
0.230932
0.229835
0.228742
0.227652
0.226565
0.225482
0.224402
0.223326
0.222253
0.221183
0.220117
0.219054
0.217994
0.216938
0.215885
0.214835
0.213789
0.212746
0.211706
0.210670
0.209637
0.208607
0.207581
0.206558
0.205538
0.204521
0.203508
0.202497
0.201490
0.200487
0.199486
0.198489
0.197495
0.196504
0.195516
0.194532
0.193550
0.192572
0.191597
0.190625
0.189656
0.188691
0.187728
0.186769
0.185812
0.184859
0.183909
0.182962
0.182018
0.181078
0.180140
0.179205
0.178274
0.177345
0.176420
0.175497
0.174578
0.173661
0.172748
0.171837
0.170930
0.170025
0.169124
0.168226
0.167330
0.166437
0.165548
0.164661
0.163778
0.162897
0.162019
0.161144
0.160272
0.159403
0.158537
0.157673
0.156813
0.155955
0.155101
0.154249
0.153400
0.152554
0.151711
0.150870
0.150033
0.149198
0.148366
0.147537
0.146711
0.145887
0.145066
0.144248
0.143433
0.142621
0.141811
0.141004
0.140200
0.139399
0.138600
0.137804
0.137011
0.136220
0.135432
0.134647
0.133865
0.133085
0.132308
0.131534
0.130762
0.129993
0.129227
0.128463
0.127702
0.126943
0.126187
0.125434
0.124684
0.123936
0.123190
0.122447
0.121707
0.120970
0.120235
0.119502
0.118772
0.118045
0.117320
0.116598
0.115878
0.115161
0.114446
0.113734
0.113024
0.112317
0.111613
0.110911
0.110211
0.109514
0.108819
0.108127
0.107437
0.106750
0.106065
0.105383
0.104703
0.104025
0.103350
0.102677
0.102007
0.101339
0.100674
0.100011
0.099350
0.098692
0.098036
0.097382
0.096731
0.096082
0.095436
0.094792
0.094150
0.093510
0.092873
0.092238
0.091606
0.090976
0.090348
0.089722
0.089099
0.088478
0.087859
0.087242
0.086628
0.086016
0.085407
0.084799
0.084194
0.083591
0.082990
0.082392
0.081795
0.081201
0.080610
0.080020
0.079432
0.078847
0.078264
0.077683
0.077104
0.076528
0.075953
0.075381
0.074811
0.074243
0.073677
0.073113
0.072552
0.071992
0.071435
0.070880
0.070327
0.069776
0.069227
0.068680
0.068135
0.067592
0.067052
0.066513
0.065977
0.065442
0.064910
0.064380
0.063851
0.063325
0.062801
0.062278
0.061758
0.061240
0.060724
0.060209
0.059697
0.059187
0.058679
0.058172
0.057668
0.057166
0.056665
0.056167
0.055670
0.055176
0.054683
0.054192
0.053703
0.053217
0.052732
0.052249
0.051767
0.051288
0.050811
0.050335
0.049862
0.049390
0.048920
0.048452
0.047986
0.047522
0.047059
0.046599
0.046140
0.045683
0.045228
0.044775
0.044323
0.043874
0.043426
0.042980
0.042536
0.042093
0.041653
0.041214
0.040777
0.040341
0.039908
0.039476
0.039046
0.038618
0.038191
0.037766
0.037343
0.036922
0.036502
0.036084
0.035668
0.035254
0.034841
0.034430
0.034020
0.033613
0.033207
0.032802
0.032400
0.031999
0.031599
0.031202
0.030806
0.030411
0.030018
0.029627
0.029238
0.028850
0.028464
0.028079
0.027696
0.027314
0.026935
0.026556
0.026180
0.025805
0.025431
0.025059
0.024689
0.024320
0.023953
0.023587
0.023223
0.022861
0.022500
0.022140
0.021782
0.021426
0.021071
0.020717
0.020366
0.020015
0.019666
0.019319
0.018973
0.018629
0.018286
0.017944
0.017604
0.017266
0.016929
0.016593
0.016259
0.015926
0.015595
0.015265
0.014937
0.014610
0.014284
0.013960
0.013637
0.013316
0.012996
0.012678
0.012361
0.012045
0.011731
0.011418
0.011106
0.010796
0.010487
0.010180
0.009873
0.009569
0.009265
0.008963
0.008663
0.008363
0.008065
0.007768
0.007473
0.007179
0.006886
0.006595
0.006304
0.006015
0.005728
0.005442
0.005156
0.004873
0.004590
0.004309
0.004029
0.003750
0.003473
0.003197
0.002922
0.002648
0.002376
0.002104
0.001835
0.001566
0.001298
0.001032
0.000767
0.000503
0.000240
-0.000021
-0.000282
-0.000541
-0.000799
-0.001056
-0.001311
-0.001566
-0.001819
-0.002071
-0.002322
-0.002572
-0.002820
-0.003068
-0.003314
-0.003559
-0.003803
-0.004046
-0.004288
-0.004529
-0.004768
-0.005007
-0.005244
-0.005481
-0.005716
-0.005950
-0.006183
-0.006415
-0.006646
-0.006875
-0.007104
-0.007332
-0.007558
-0.007784
-0.008008
-0.008231
-0.008454
-0.008675
-0.008895
-0.009114
-0.009333
-0.009550
-0.009766
-0.009981
-0.010195
-0.010408
-0.010620
-0.010831
-0.011041
-0.011250
-0.011459
-0.011666
-0.011872
-0.012077
-0.012281
-0.012484
-0.012686
-0.012888
-0.013088
-0.013287
-0.013486
-0.013683
-0.013880
-0.014075
-0.014270
-0.014463
-0.014656
-0.014848
-0.015039
-0.015229
-0.015418
-0.015606
-0.015794
-0.015980
-0.016165
-0.016350
-0.016534
-0.016716
-0.016898
-0.017079
-0.017260
-0.017439
-0.017617
-0.017795
-0.017972
-0.018147
-0.018322
-0.018497
-0.018670
-0.018842
-0.019014
-0.019185
-0.019355
-0.019524
-0.019692
-0.019859
-0.020026
-0.020192
-0.020357
-0.020521
-0.020685
-0.020847
-0.021009
-0.021170
-0.021330
-0.021490
-0.021649
-0.021806
-0.021964
-0.022120
-0.022276
-0.022430
-0.022584
-0.022738
-0.022890
-0.023042
-0.023193
-0.023343
-0.023493
-0.023642
-0.023790
-0.023937
-0.024084
-0.024230
-0.024375
-0.024519
-0.024663
-0.024806
-0.024948
-0.025090
-0.025231
-0.025371
-0.025511
-0.025650
-0.025788
-0.025925
-0.026062
-0.026198
-0.026333
-0.026468
-0.026602
-0.026736
-0.026868
-0.027001
-0.027132
-0.027263
-0.027393
-0.027522
-0.027651
-0.027779
-0.027907
-0.028034
-0.028160
-0.028286
-0.028411
-0.028535
-0.028659
-0.028782
-0.028904
-0.029026
-0.029148
-0.029268
-0.029388
-0.029508
-0.029627
-0.029745
-0.029863
-0.029980
-0.030096
-0.030212
-0.030328
-0.030442
-0.030557
-0.030670
-0.030783
-0.030896
-0.031008
-0.031119
-0.031230
-0.031340
-0.031450
-0.031559
-0.031667
-0.031775
-0.031883
-0.031990
-0.032096
-0.032202
-0.032308
-0.032412
-0.032517
-0.032620
-0.032724
-0.032826
-0.032928
-0.033030
-0.033131
-0.033232
-0.033332
-0.033432
-0.033531
-0.033630
-0.033728
-0.033825
-0.033922
-0.034019
-0.034115
-0.034211
-0.034306
-0.034401
-0.034495
-0.034589
-0.034682
-0.034775
-0.034867
-0.034959
-0.035051
-0.035142
-0.035232
-0.035322
-0.035412
-0.035501
-0.035590
-0.035678
-0.035766
-0.035853
-0.035940
-0.036026
-0.036112
-0.036198
-0.036283
-0.036368
-0.036452
-0.036536
-0.036619
-0.036702
-0.036785
-0.036867
-0.036949
-0.037030
-0.037111
-0.037192
-0.037272
-0.037352
-0.037431
-0.037510
-0.037588
-0.037667
-0.037744
-0.037822
-0.037899
-0.037975
-0.038051
-0.038127
-0.038202
-0.038277
-0.038352
-0.038426
-0.038500
-0.038574
-0.038647
-0.038720
-0.038792
-0.038864
-0.038936
-0.039007
-0.039078
-0.039149
-0.039219
-0.039289
-0.039358
-0.039428
-0.039496
-0.039565
-0.039633
-0.039701
-0.039768
-0.039836
-0.039902
-0.039969
-0.040035
-0.040101
-0.040166
-0.040231
-0.040296
-0.040361
-0.040425
-0.040488
-0.040552
-0.040615
-0.040678
-0.040741
-0.040803
-0.040865
-0.040926
-0.040988
-0.041049
-0.041109
-0.041170
-0.041230
-0.041290
-0.041349
-0.041408
-0.041467
-0.041526
-0.041584
-0.041642
-0.041700
-0.041757
-0.041814
-0.041871
-0.041928
-0.041984
-0.042040
-0.042096
-0.042151
-0.042207
-0.042261
-0.042316
-0.042370
-0.042424
-0.042478
-0.042532
-0.042585
-0.042638
-0.042691
-0.042743
-0.042796
-0.042848
-0.042899
-0.042951
-0.043002
-0.043053
-0.043104
-0.043154
-0.043204
-0.043254
-0.043304
-0.043353
-0.043403
-0.043452
-0.043500
-0.043549
-0.043597
-0.043645
-0.043693
-0.043740
-0.043788
-0.043835
-0.043882
-0.043928
-0.043975
-0.044021
-0.044067
-0.044112
-0.044158
-0.044203
-0.044248
-0.044293
-0.044337
-0.044382
-0.044426
-0.044470
-0.044514
-0.044557
-0.044600
-0.044643
-0.044686
-0.044729
-0.044771
-0.044814
-0.044856
-0.044898
-0.044939
-0.044981
-0.045022
-0.045063
-0.045104
-0.045144
-0.045185
-0.045225
-0.045265
-0.045305
-0.045345
-0.045384
-0.045423
-0.045462
-0.045501
-0.045540
-0.045579
-0.045617
-0.045655
-0.045693
-0.045731
-0.045768
-0.045806
-0.045843
-0.045880
-0.045917
-0.045954
-0.045990
-0.046027
-0.046063
-0.046099
-0.046135
-0.046170
-0.046206
-0.046241
-0.046276
-0.046311
-0.046346
-0.046381
-0.046415
-0.046450
-0.046484
-0.046518
-0.046552
-0.046585
-0.046619
-0.046652
-0.046685
-0.046718
-0.046751
-0.046784
-0.046817
-0.046849
-0.046881
-0.046913
-0.046945
-0.046977
-0.047009
-0.047040
-0.047072
-0.047103
-0.047134
-0.047165
-0.047196
-0.047227
-0.047257
-0.047287
-0.047318
-0.047348
-0.047378
-0.047408
-0.047437
-0.047467
-0.047496
-0.047525
-0.047555
-0.047584
-0.047612
-0.047641
-0.047670
-0.047698
-0.047726
-0.047755
-0.047783
-0.047811
-0.047838
-0.047866
-0.047894
-0.047921
-0.047948
-0.047976
-0.048003
-0.048030
-0.048056
-0.048083
-0.048110
-0.048136
-0.048162
-0.048189
-0.048215
-0.048241
-0.048267
-0.048292
-0.048318
-0.048343
-0.048369
-0.048394
-0.048419
-0.048444
-0.048469
-0.048494
-0.048519
-0.048543
-0.048568
-0.048592
-0.048616
-0.048641
-0.048665
-0.048689
-0.048713
-0.048736
-0.048760
-0.048783
-0.048807
-0.048830
-0.048853
-0.048876
-0.048899
-0.048922
-0.048945
-0.048968
-0.048991
-0.049013
-0.049035
-0.049058
-0.049080
-0.049102
-0.049124
-0.049146
-0.049168
-0.049190
-0.049211
-0.049233
-0.049254
-0.049276
-0.049297
-0.049318
-0.049339
-0.049360
-0.049381
-0.049402
-0.049423
-0.049443
-0.049464
-0.049484
-0.049505
-0.049525
-0.049545
-0.049565
-0.049585
-0.049605
-0.049625
-0.049645
-0.049665
-0.049684
-0.049704
-0.049723
-0.049743
-0.049762
-0.049781
-0.049800
-0.049819
-0.049838
-0.049857
-0.049876
-0.049895
-0.049913
-0.049932
-0.049950
-0.049969
-0.049987
-0.050005
-0.050023
-0.050042
-0.050060
-0.050078
-0.050095
-0.050113
-0.050131
-0.050149
-0.050166
-0.050184
-0.050201
-0.050219
-0.050236
-0.050253
-0.050270
-0.050288
-0.050305
-0.050322
-0.050338
-0.050355
-0.050372
-0.050389
-0.050405
-0.050422
-0.050438
-0.050455
-0.050471
-0.050488
-0.050504
-0.050520
-0.050536
-0.050552
-0.050568
-0.050584
-0.050600
-0.050616
-0.050631
-0.050647
-0.050663
-0.050678
-0.050694
-0.050709
-0.050725
-0.050740
-0.050755
-0.050770
-0.050785
-0.050800
-0.050816
-0.050830
-0.050845
-0.050860
-0.050875
-0.050890
-0.050904
-0.050919
-0.050934
-0.050948
-0.050963
-0.050977
-0.050991
-0.051006
-0.051020
-0.051034
-0.051048
-0.051062
-0.051076
-0.051090
-0.051104
-0.051118
-0.051132
-0.051146
-0.051159
-0.051173
-0.051187
-0.051200
-0.051214
-0.051227
-0.051241
-0.051254
-0.051267
-0.051281
-0.051294
-0.051307
-0.051320
-0.051333
-0.051346
-0.051359
-0.051372
-0.051385
-0.051398
-0.051411
-0.051424
-0.051436
-0.051449
-0.051462
-0.051474
-0.051487
-0.051499
-0.051512
-0.051524
-0.051536
-0.051549
-0.051561
-0.051573
-0.051585
-0.051598
-0.051610
-0.051622
-0.051634
-0.051646
-0.051658
-0.051670
-0.051682
-0.051693
-0.051705
-0.051717
-0.051729
-0.051740
-0.051752
-0.051763
-0.051775
-0.051787
-0.051798
-0.051809
-0.051821
-0.051832
-0.051844
-0.051855
-0.051866
-0.051877
-0.051888
-0.051900
-0.051911
-0.051922
-0.051933
-0.051944
-0.051955
-0.051966
-0.051977
-0.051987
-0.051998
-0.052009
-0.052020
-0.052030
-0.052041
-0.052052
-0.052062
-0.052073
-0.052084
-0.052094
-0.052105
-0.052115
-0.052125
-0.052136
-0.052146
-0.052157
-0.052167
-0.052177
-0.052187
-0.052197
-0.052208
-0.052218
-0.052228
-0.052238
-0.052248
-0.052258
-0.052268
-0.052278
-0.052288
-0.052298
-0.052308
-0.052317
-0.052327
-0.052337
-0.052347
-0.052357
-0.052366
-0.052376
-0.052386
-0.052395
-0.052405
-0.052414
-0.052424
-0.052433
-0.052443
-0.052452
-0.052462
-0.052471
-0.052480
-0.052490
-0.052499
-0.052508
-0.052518
-0.052527
-0.052536
-0.052545
-0.052554
-0.052564
-0.052573
-0.052582
-0.052591
-0.052600
-0.052609
-0.052618
-0.052627
-0.052636
-0.052645
-0.052654
-0.052662
-0.052671
-0.052680
-0.052689
-0.052698
-0.052706
-0.052715
-0.052724
-0.052733
-0.052741
-0.052750
-0.052759
-0.052767
-0.052776
-0.052784
-0.052793
-0.052801
-0.052810
-0.052818
-0.052827
-0.052835
-0.052844
-0.052852
-0.052860
-0.052869
-0.052877
-0.052885
-0.052893
-0.052902
-0.052910
-0.052918
-0.052926
-0.052935
-0.052943
-0.052951
-0.052959
-0.052967
-0.052975
-0.052983
-0.052991
-0.052999
-0.053007
-0.053015
-0.053023
-0.053031
-0.053039
-0.053047
-0.053055
-0.053063
-0.053071
-0.053079
-0.053086
-0.053094
-0.053102
-0.053110
-0.053118
-0.053125
-0.053133
-0.053141
-0.053148
-0.053156
-0.053164
-0.053171
-0.053179
-0.053187
-0.053194
-0.053202
-0.053209
-0.053217
-0.053224
-0.053232
-0.053239
-0.053247
-0.053254
-0.053262
-0.053269
-0.053277
-0.053284
-0.053291
-0.053299
-0.053306
-0.053314
-0.053321
-0.053328
-0.053336
-0.053343
-0.053350
-0.053357
-0.053365
-0.053372
-0.053379
-0.053386
-0.053393
-0.053401
-0.053408
-0.053415
-0.053422
-0.053429
-0.053436
-0.053443
-0.053450
-0.053457
-0.053465
-0.053472
-0.053479
-0.053486
-0.053493
-0.053500
-0.053507
-0.053514
-0.053521
-0.053527
-0.053534
-0.053541
-0.053548
-0.053555
-0.053562
-0.053569
-0.053576
-0.053583
-0.053589
-0.053596
-0.053603
-0.053610
-0.053617
-0.053623
-0.053630
-0.053637
-0.053644
-0.053650
-0.053657
-0.053664
-0.053670
-0.053677
-0.053684
-0.053690
-0.053697
-0.053704
-0.053710
-0.053717
-0.053724
-0.053730
-0.053737
-0.053743
-0.053750
-0.053757
-0.053763
-0.053770
-0.053776
-0.053783
-0.053789
-0.053796
-0.053802
-0.053809
-0.053815
-0.053822
-0.053828
-0.053834
-0.053841
-0.053847
-0.053854
-0.053860
-0.053867
-0.053873
-0.053879
-0.053886
-0.053892
-0.053898
-0.053905
-0.053911
-0.053917
-0.053924
-0.053930
-0.053936
-0.053943
-0.053949
-0.053955
-0.053961
-0.053968
-0.053974
-0.053980
-0.053986
-0.053993
-0.053999
-0.054005
-0.054011
-0.054018
-0.054024
-0.054030
-0.054036
-0.054042
-0.054048
-0.054055
-0.054061
-0.054067
-0.054073
-0.054079
-0.054085
-0.054091
-0.054097
-0.054104
-0.054110
-0.054116
-0.054122
-0.054128
-0.054134
-0.054140
-0.054146
-0.054152
-0.054158
-0.054164
-0.054170
-0.054176
-0.054182
-0.054188
-0.054194
-0.054200
-0.054206
-0.054212
-0.054218
-0.054224
-0.054230
-0.054236
-0.054242
-0.054248
-0.054254
-0.054260
-0.054265
-0.054271
-0.054277
-0.054283
-0.054289
-0.054295
-0.054301
-0.054307
-0.054313
-0.054318
-0.054324
-0.054330
-0.054336
-0.054342
-0.054348
-0.054353
-0.054359
-0.054365
-0.054371
-0.054377
-0.054383
-0.054388
-0.054394
-0.054400
-0.054406
-0.054411
-0.054417
-0.054423
-0.054429
-0.054435
-0.054440
-0.054446
-0.054452
-0.054458
-0.054463
-0.054469
-0.054475
-0.054480
-0.054486
-0.054492
-0.054498
-0.054503
-0.054509
-0.054515
-0.054520
-0.054526
-0.054532
-0.054537
-0.054543
-0.054549
-0.054554
-0.054560
-0.054566
-0.054571
-0.054577
-0.054583
-0.054588
-0.054594
-0.054599
-0.054605
-0.054611
-0.054616
-0.054622
-0.054628
-0.054633
-0.054639
-0.054644
-0.054650
-0.054656
-0.054661
-0.054667
-0.054672
-0.054678
-0.054683
-0.054689
-0.054695
-0.054700
-0.054706
-0.054711
-0.054717
-0.054722
-0.054728
-0.054733
-0.054739
-0.054744
-0.054750
-0.054755
-0.054761
-0.054767
-0.054772
-0.054778
-0.054783
-0.054789
-0.054794
-0.054800
-0.054805
-0.054811
-0.054816
-0.054822
-0.054827
-0.054832
-0.054838
-0.054843
-0.054849
-0.054854
-0.054860
-0.054865
-0.054871
-0.054876
-0.054882
-0.054887
-0.054893
-0.054898
-0.054903
-0.054909
-0.054914
-0.054920
-0.054925
-0.054931
-0.054936
-0.054941
-0.054947
-0.054952
-0.054958
-0.054963
-0.054968
-0.054974
-0.054979
-0.054985
-0.054990
-0.054996
-0.055001
-0.055006
-0.055012
-0.055017
-0.055022
-0.055028
-0.055033
-0.055039
-0.055044
-0.055049
-0.055055
-0.055060
-0.055065
-0.055071
-0.055076
-0.055082
-0.055087
-0.055092
-0.055098
-0.055103
-0.055108
-0.055114
-0.055119
-0.055124
-0.055130
-0.055135
-0.055140
-0.055146
-0.055151
-0.055156
-0.055162
-0.055167
-0.055172
-0.055178
-0.055183
-0.055188
-0.055194
-0.055199
-0.055204
-0.055210
-0.055215
-0.055220
-0.055225
-0.055231
-0.055236
-0.055241
-0.055247
-0.055252
-0.055257
-0.055263
-0.055268
-0.055273
-0.055278
-0.055284
-0.055289
-0.055294
-0.055300
-0.055305
-0.055310
-0.055315
-0.055321
-0.055326
-0.055331
-0.055336
-0.055342
-0.055347
-0.055352
-0.055358
-0.055363
-0.055368
-0.055373
-0.055379
-0.055384
-0.055389
-0.055394
-0.055400
-0.055405
-0.055410
-0.055415
-0.055421
-0.055426
-0.055431
-0.055436
-0.055442
-0.055447
-0.055452
-0.055457
-0.055463
-0.055468
-0.055473
-0.055478
-0.055483
-0.055489
-0.055494
-0.055499
-0.055504
-0.055510
-0.055515
-0.055520
-0.055525
-0.055531
-0.055536
-0.055541
-0.055546
-0.055551
-0.055557
-0.055562
-0.055567
-0.055572
-0.055577
-0.055583
-0.055588
-0.055593
-0.055598
-0.055604
-0.055609
-0.055614
-0.055619
-0.055624
-0.055630
-0.055635
-0.055640
-0.055645
-0.055650
-0.055656
-0.055661
-0.055666
-0.055671
-0.055676
-0.055681
-0.055687
-0.055692
-0.055697
-0.055702
-0.055707
-0.055713
-0.055718
-0.055723
-0.055728
-0.055733
-0.055739
-0.055744
-0.055749
-0.055754
-0.055759
-0.055764
-0.055770
-0.055775
-0.055780
-0.055785
-0.055790
-0.055795
-0.055801
-0.055806
-0.055811
-0.055816
-0.055821
-0.055826
-0.055832
-0.055837
-0.055842
-0.055847
-0.055852
-0.055857
-0.055863
-0.055868
-0.055873
-0.055878
-0.055883
-0.055888
-0.055894
-0.055899
-0.055904
-0.055909
-0.055914
-0.055919
-0.055925
-0.055930
-0.055935
-0.055940
-0.055945
-0.055950
-0.055955
-0.055961
-0.055966
-0.055971
-0.055976
-0.055981
-0.055986
-0.055991
-0.055997
-0.056002
-0.056007
-0.056012
-0.056017
-0.056022
-0.056027
-0.056033
-0.056038
-0.056043
-0.056048
-0.056053
-0.056058
-0.056063
-0.056069
-0.056074
-0.056079
-0.056084
-0.056089
-0.056094
-0.056099
-0.056104
-0.056110
-0.056115
-0.056120
-0.056125
-0.056130
-0.056135
-0.056140
-0.056146
-0.056151
-0.056156
-0.056161
-0.056166
-0.056171
-0.056176
-0.056181
-0.056187
-0.056192
-0.056197
-0.056202
-0.056207
-0.056212
-0.056217
-0.056222
-0.056227
-0.056233
-0.056238
-0.056243
-0.056248
-0.056253
-0.056258
-0.056263
-0.056268
-0.056274
-0.056279
-0.056284
-0.056289
-0.056294
-0.056299
-0.056304
-0.056309
-0.056314
-0.056320
-0.056325
-0.056330
-0.056335
-0.056340
-0.056345
-0.056350
-0.056355
-0.056360
-0.056365
-0.056371
-0.056376
-0.056381
-0.056386
-0.056391
-0.056396
-0.056401
-0.056406
-0.056411
-0.056417
-0.056422
-0.056427
-0.056432
-0.056437
-0.056442
-0.056447
-0.056452
-0.056457
-0.056462
-0.056467
-0.056473
-0.056478
-0.056483
-0.056488
-0.056493
-0.056498
-0.056503
-0.056508
-0.056513
-0.056518
-0.056524
-0.056529
-0.056534
-0.056539
-0.056544
-0.056549
-0.056554
-0.056559
-0.056564
-0.056569
-0.056574
-0.056579
-0.056585
-0.056590
-0.056595
-0.056600
-0.056605
-0.056610
-0.056615
-0.056620
-0.056625
-0.056630
-0.056635
-0.056640
-0.056646
-0.056651
-0.056656
-0.056661
-0.056666
-0.056671
-0.056676
-0.056681
-0.056686
-0.056691
-0.056696
-0.056701
-0.056706
-0.056712
-0.056717
-0.056722
-0.056727
-0.056732
-0.056737
-0.056742
-0.056747
-0.056752
-0.056757
-0.056762
-0.056767
-0.056772
-0.056777
-0.056783
-0.056788
-0.056793
-0.056798
-0.056803
-0.056808
-0.056813
-0.056818
-0.056823
-0.056828
-0.056833
-0.056838
-0.056843
-0.056848
-0.056853
-0.056858
-0.056864
-0.056869
-0.056874
-0.056879
-0.056884
-0.056889
-0.056894
-0.056899
-0.056904
-0.056909
-0.056914
-0.056919
-0.056924
-0.056929
-0.056934
-0.056939
-0.056944
-0.056949
-0.056954
-0.056960
-0.056965
-0.056970
-0.056975
-0.056980
-0.056985
-0.056990
-0.056995
-0.057000
-0.057005
-0.057010
-0.057015
-0.057020
-0.057025
-0.057030
-0.057035
-0.057040
-0.057045
-0.057050
-0.057055
-0.057060
-0.057065
-0.057071
-0.057076
-0.057081
-0.057086
-0.057091
-0.057096
-0.057101
-0.057106
-0.057111
-0.057116
-0.057121
-0.057126
-0.057131
-0.057136
-0.057141
-0.057146
-0.057151
-0.057156
-0.057161
-0.057166
-0.057171
-0.057176
-0.057181
-0.057186
-0.057191
-0.057196
-0.057201
-0.057206
-0.057211
-0.057216
-0.057221
-0.057226
-0.057231
-0.057236
-0.057241
-0.057246
-0.057251
-0.057257
-0.057262
-0.057267
-0.057272
-0.057277
-0.057282
-0.057287
-0.057292
-0.057297
-0.057302
-0.057307
-0.057312
-0.057317
-0.057322
-0.057327
-0.057332
-0.057337
-0.057342
-0.057347
-0.057352
-0.057357
-0.057362
-0.057367
-0.057372
-0.057377
-0.057382
-0.057387
-0.057392
-0.057397
-0.057402
-0.057407
-0.057412
-0.057417
-0.057422
-0.057427
-0.057432
-0.057437
-0.057442
-0.057447
-0.057452
-0.057457
-0.057462
-0.057467
-0.057472
-0.057477
-0.057482
-0.057487
-0.057492
-0.057497
-0.057502
-0.057506
-0.057511
-0.057516
-0.057521
-0.057526
-0.057531
-0.057536
-0.057541
-0.057546
-0.057551
-0.057556
-0.057561
-0.057566
-0.057571
-0.057576
-0.057581
-0.057586
-0.057591
-0.057596
-0.057601
-0.057606
-0.057611
-0.057616
-0.057621
-0.057626
-0.057631
-0.057636
-0.057641
-0.057646
-0.057651
-0.057656
-0.057661
-0.057666
-0.057671
-0.057675
-0.057680
-0.057685
-0.057690
-0.057695
-0.057700
-0.057705
-0.057710
-0.057715
-0.057720
-0.057725
-0.057730
-0.057735
-0.057740
-0.057745
-0.057750
-0.057755
-0.057760
-0.057765
-0.057770
-0.057774
-0.057779
-0.057784
-0.057789
-0.057794
-0.057799
-0.057804
-0.057809
-0.057814
-0.057819
-0.057824
-0.057829
-0.057834
-0.057839
-0.057844
-0.057848
-0.057853
-0.057858
-0.057863
-0.057868
-0.057873
-0.057878
-0.057883
-0.057888
-0.057893
-0.057898
-0.057903
-0.057908
-0.057912
-0.057917
-0.057922
-0.057927
-0.057932
-0.057937
-0.057942
-0.057947
-0.057952
-0.057957
-0.057962
-0.057966
-0.057971
-0.057976
-0.057981
-0.057986
-0.057991
-0.057996
-0.058001
-0.058006
-0.058011
-0.058015
-0.058020
-0.058025
-0.058030
-0.058035
-0.058040
-0.058045
-0.058050
-0.058055
-0.058059
-0.058064
-0.058069
-0.058074
-0.058079
-0.058084
-0.058089
-0.058094
-0.058099
-0.058103
-0.058108
-0.058113
-0.058118
-0.058123
-0.058128
-0.058133
-0.058138
-0.058142
-0.058147
-0.058152
-0.058157
-0.058162
-0.058167
-0.058172
-0.058176
-0.058181
-0.058186
-0.058191
-0.058196
-0.058201
-0.058206
-0.058210
-0.058215
-0.058220
-0.058225
-0.058230
-0.058235
-0.058240
-0.058244
-0.058249
-0.058254
-0.058259
-0.058264
-0.058269
-0.058274
-0.058278
-0.058283
-0.058288
-0.058293
-0.058298
-0.058303
-0.058307
-0.058312
-0.058317
-0.058322
-0.058327
-0.058332
-0.058336
-0.058341
-0.058346
-0.058351
-0.058356
-0.058360
-0.058365
-0.058370
-0.058375
-0.058380
-0.058385
-0.058389
-0.058394
-0.058399
-0.058404
-0.058409
-0.058413
-0.058418
-0.058423
-0.058428
-0.058433
-0.058437
-0.058442
-0.058447
-0.058452
-0.058457
-0.058461
-0.058466
-0.058471
-0.058476
-0.058481
-0.058485
-0.058490
-0.058495
-0.058500
-0.058505
-0.058509
-0.058514
-0.058519
-0.058524
-0.058529
-0.058533
-0.058538
-0.058543
-0.058548
-0.058552
-0.058557
-0.058562
-0.058567
-0.058571
-0.058576
-0.058581
-0.058586
-0.058591
-0.058595
-0.058600
-0.058605
-0.058610
-0.058614
-0.058619
-0.058624
-0.058629
-0.058633
-0.058638
-0.058643
-0.058648
-0.058652
-0.058657
-0.058662
-0.058667
-0.058671
-0.058676
-0.058681
-0.058686
-0.058690
-0.058695
-0.058700
-0.058705
-0.058709
-0.058714
-0.058719
-0.058723
-0.058728
-0.058733
-0.058738
-0.058742
-0.058747
-0.058752
-0.058757
-0.058761
-0.058766
-0.058771
-0.058775
-0.058780
-0.058785
-0.058790
-0.058794
-0.058799
-0.058804
-0.058808
-0.058813
-0.058818
-0.058822
-0.058827
-0.058832
-0.058837
-0.058841
-0.058846
-0.058851
-0.058855
-0.058860
-0.058865
-0.058869
-0.058874
-0.058879
-0.058883
-0.058888
-0.058893
-0.058897
-0.058902
-0.058907
-0.058912
-0.058916
-0.058921
-0.058926
-0.058930
-0.058935
-0.058940
-0.058944
-0.058949
-0.058954

