0.000000
0.000000
-0.000006
-0.000014
-0.000023
-0.000034
-0.000045
-0.000058
-0.000070
-0.000083
-0.000097
-0.000111
-0.000125
-0.000140
-0.000155
-0.000170
-0.000185
-0.000201
-0.000217
-0.000233
-0.000249
-0.000265
-0.000282
-0.000299
-0.000316
-0.000333
-0.000351
-0.000368
-0.000386
-0.000404
-0.000422
-0.000440
-0.000459
-0.000477
-0.000496
-0.000515
-0.000534
-0.000553
-0.000572
-0.000591
-0.000611
-0.000631
-0.000650
-0.000670
-0.000690
-0.000711
-0.000731
-0.000751
-0.000772
-0.000793
-0.000813
-0.000834
-0.000855
-0.000876
-0.000898
-0.000919
-0.000940
-0.000962
-0.000984
-0.001005
-0.001027
-0.001049
-0.001071
-0.001093
-0.001115
-0.001138
-0.001160
-0.001183
-0.001205
-0.001228
-0.001250
-0.001273
-0.001296
-0.001319
-0.001342
-0.001365
-0.001389
-0.001412
-0.001435
-0.001459
-0.001482
-0.001506
-0.001530
-0.001553
-0.001577
-0.001601
-0.001625
-0.001649
-0.001673
-0.001697
-0.001722
-0.001746
-0.001770
-0.001795
-0.001819
-0.001844
-0.001868
-0.001893
-0.001918
-0.001942
-0.001967
-0.001992
-0.002017
-0.002042
-0.002067
-0.002092
-0.002117
-0.002143
-0.002168
-0.002193
-0.002219
-0.002244
-0.002269
-0.002295
-0.002321
-0.002346
-0.002372
-0.002398
-0.002423
-0.002449
-0.002475
-0.002501
-0.002527
-0.002553
-0.002579
-0.002605
-0.002631
-0.002657
-0.002684
-0.002710
-0.002736
-0.002762
-0.002789
-0.002815
-0.002842
-0.002868
-0.002895
-0.002921
-0.002948
-0.002975
-0.003001
-0.003028
-0.003055
-0.003081
-0.003108
-0.003135
-0.003162
-0.003189
-0.003216
-0.003243
-0.003270
-0.003297
-0.003324
-0.003351
-0.003378
-0.003405
-0.003433
-0.003460
-0.003487
-0.003515
-0.003542
-0.003569
-0.003597
-0.003624
-0.003651
-0.003679
-0.003706
-0.003734
-0.003762
-0.003789
-0.003817
-0.003844
-0.003872
-0.003900
-0.003927
-0.003955
-0.003983
-0.004011
-0.004038
-0.004066
-0.004094
-0.004122
-0.004150
-0.004178
-0.004206
-0.004234
-0.004262
-0.004290
-0.004318
-0.004346
-0.004374
-0.004402
-0.004430
-0.004458
-0.004486
-0.004515
-0.004543
-0.004571
-0.004599
-0.004628
-0.004656
-0.004684
-0.004712
-0.004741
-0.004769
-0.004797
-0.004826
-0.004854
-0.004883
-0.004911
-0.004940
-0.004968
-0.004996
-0.005025
-0.005054
-0.005082
-0.005111
-0.005139
-0.005168
-0.005196
-0.005225
-0.005254
-0.005282
-0.005311
-0.005340
-0.005368
-0.005397
-0.005426
-0.005454
-0.005483
-0.005512
-0.005541
-0.005569
-0.005598
-0.005627
-0.005656
-0.005685
-0.005713
-0.005742
-0.005771
-0.005800
-0.005829
-0.005858
-0.005887
-0.005916
-0.005945
-0.005973
-0.006002
-0.006031
-0.006060
-0.006089
-0.006118
-0.006147
-0.006176
-0.006205
-0.006234
-0.006263
-0.006292
-0.006322
-0.006351
-0.006380
-0.006409
-0.006438
-0.006467
-0.006496
-0.006525
-0.006554
-0.006583
-0.006613
-0.006642
-0.006671
-0.006700
-0.006729
-0.006758
-0.006788
-0.006817
-0.006846
-0.006875
-0.006904
-0.006934
-0.006963
-0.006992
-0.007021
-0.007051
-0.007080
-0.007109
-0.007138
-0.007168
-0.007197
-0.007226
-0.007255
-0.007285
-0.007314
-0.007343
-0.007373
-0.007402
-0.007431
-0.007461
-0.007490
-0.007519
-0.007549
-0.007578
-0.007607
-0.007637
-0.007666
-0.007695
-0.007725
-0.007754
-0.007783
-0.007813
-0.007842
-0.007872
-0.007901
-0.007930
-0.007960
-0.007989
-0.008018
-0.008048
-0.008077
-0.008107
-0.008136
-0.008166
-0.008195
-0.008224
-0.008254
-0.008283
-0.008313
-0.008342
-0.008371
-0.008401
-0.008430
-0.008460
-0.008489
-0.008519
-0.008548
-0.008577
-0.008607
-0.008636
-0.008666
-0.008695
-0.008725
-0.008754
-0.008783
-0.008813
-0.008842
-0.008872
-0.008901
-0.008931
-0.008960
-0.008990
-0.009019
-0.009048
-0.009078
-0.009107
-0.009137
-0.009166
-0.009196
-0.009225
-0.009255
-0.009284
-0.009313
-0.009343
-0.009372
-0.009402
-0.009431
-0.009461
-0.009490
-0.009520
-0.009549
-0.009578
-0.009608
-0.009637
-0.009667
-0.009696
-0.009726
-0.009755
-0.009784
-0.009814
-0.009843
-0.009873
-0.009902
-0.009932
-0.009961
-0.009990
-0.010020
-0.010049
-0.010079
-0.010108
-0.010137
-0.010167
-0.010196
-0.010226
-0.010255
-0.010284
-0.010314
-0.010343
-0.010373
-0.010402
-0.010431
-0.010461
-0.010490
-0.010520
-0.010549
-0.010578
-0.010608
-0.010637
-0.010666
-0.010696
-0.010725
-0.010754
-0.010784
-0.010813
-0.010842
-0.010872
-0.010901
-0.010930
-0.010960
-0.010989
-0.011018
-0.011048
-0.011077
-0.011106
-0.011136
-0.011165
-0.011194
-0.011224
-0.011253
-0.011282
-0.011311
-0.011341
-0.011370
-0.011399
-0.011428
-0.011458
-0.011487
-0.011516
-0.011545
-0.011575
-0.011604
-0.011633
-0.011662
-0.011692
-0.011721
-0.011750
-0.011779
-0.011808
-0.011838
-0.011867
-0.011896
-0.011925
-0.011954
-0.011984
-0.012013
-0.012042
-0.012071
-0.012100
-0.012129
-0.012158
-0.012188
-0.012217
-0.012246
-0.012275
-0.012304
-0.012333
-0.012362
-0.012391
-0.012421
-0.012450
-0.012479
-0.012508
-0.012537
-0.012566
-0.012595
-0.012624
-0.012653
-0.012682
-0.012711
-0.012740
-0.012769
-0.012798
-0.012827
-0.012856
-0.012885
-0.012914
-0.012943
-0.012972
-0.013001
-0.013030
-0.013059
-0.013088
-0.013117
-0.013146
-0.013175
-0.013204
-0.013233
-0.013261
-0.013290
-0.013319
-0.013348
-0.013377
-0.013406
-0.013435
-0.013150
-0.011956
-0.009172
-0.004400
0.002425
0.011144
0.021495
0.033182
0.045916
0.059437
0.073513
0.087945
0.102565
0.117232
0.131834
0.146280
0.160497
0.174428
0.188033
0.201279
0.214144
0.226612
0.238676
0.250331
0.261576
0.272415
0.282854
0.292898
0.302557
0.311840
0.320758
0.329322
0.337542
0.345431
0.352999
0.360257
0.367217
0.373889
0.380285
0.386413
0.392285
0.397910
0.403297
0.408456
0.413394
0.418120
0.422643
0.426969
0.431106
0.435061
0.439137
0.443910
0.450041
0.457927
0.467647
0.479063
0.491933
0.505979
0.520930
0.536539
0.552587
0.568884
0.585269
0.601610
0.617798
0.633747
0.649389
0.664672
0.679555
0.694011
0.708018
0.721565
0.734644
0.747254
0.759395
0.771072
0.782292
0.793063
0.803396
0.813301
0.822789
0.831874
0.840566
0.848879
0.856825
0.864416
0.871664
0.878582
0.885181
0.891471
0.897466
0.903174
0.908606
0.913772
0.918682
0.923344
0.927768
0.931963
0.935936
0.939695
0.943535
0.948017
0.953794
0.961266
0.970522
0.981436
0.993774
1.007267
1.021651
1.036681
1.052141
1.067842
1.083625
1.099357
1.114929
1.130255
1.145266
1.159910
1.174145
1.187944
1.201285
1.214155
1.226547
1.238459
1.249891
1.260848
1.271336
1.281365
1.290943
1.300082
1.308794
1.317090
1.324983
1.332486
1.339610
1.346370
1.352776
1.358842
1.364578
1.369997
1.375109
1.379926
1.384459
1.388716
1.392709
1.396446
1.399936
1.403190
1.406214
1.409017
1.411886
1.415372
1.420122
1.426540
1.434723
1.444556
1.455813
1.468230
1.481546
1.495517
1.509930
1.524595
1.539351
1.554066
1.568630
1.582954
1.596969
1.610621
1.623868
1.636680
1.649036
1.660922
1.672330
1.683257
1.693702
1.703671
1.713169
1.722205
1.730788
1.738929
1.746640
1.753932
1.760818
1.767310
1.773421
1.779164
1.784551
1.789594
1.794305
1.798696
1.802778
1.806561
1.810058
1.813277
1.816229
1.818923
1.821369
1.823575
1.825550
1.827303
1.829113
1.831523
1.835174
1.840473
1.847529
1.856233
1.866366
1.877670
1.889884
1.902770
1.916111
1.929719
1.943432
1.957116
1.970659
1.983973
1.996986
2.009643
2.021901
2.033729
2.045104
2.056012
2.066444
2.076397
2.085869
2.094865
2.103390
2.111453
2.119062
2.126229
2.132964
2.139279
2.145187
2.150700
2.155832
2.160593
2.164997
2.169056
2.172782
2.176187
2.179281
2.182077
2.184584
2.186813
2.188774
2.190476
2.191930
2.193143
2.194125
2.194884
2.195693
2.197088
2.199705
2.203954
2.209952
2.217598
2.226680
2.236943
2.248131
2.260004
2.272347
2.284972
2.297716
2.310444
2.323042
2.335421
2.347507
2.359245
2.370589
2.381509
2.391981
2.401988
2.411522
2.420577
2.429155
2.437256
2.444888
2.452057
2.458772
2.465044
2.470884
2.476305
2.481317
2.485933
2.490167
2.494030
2.497536
2.500695
2.503520
2.506024
2.508216
2.510109
2.511713
2.513039
2.514096
2.514895
2.515444
2.515752
2.515829
2.515682
2.515580
2.516052
2.517726
2.521020
2.526055
2.532739
2.540866
2.550184
2.560439
2.571394
2.582834
2.594569
2.606437
2.618300
2.630045
2.641580
2.652830
2.663739
2.674261
2.684363
2.694020
2.703217
2.711942
2.720191
2.727963
2.735259
2.742087
2.748451
2.754363
2.759831
2.764866
2.769481
2.773688
2.777498
2.780925
2.783980
2.786677
2.789028
2.791044
2.792737
2.794119
2.795201
2.795994
2.796507
2.796752
2.796738
2.796474
2.795969
2.795233
2.794273
2.793329
2.792873
2.793476
2.795519
2.799121
2.804205
2.810590
2.818052
2.826361
2.835304
2.844687
2.854336
2.864104
2.873866
2.883518
2.892975
2.902170
2.911049
2.919572
2.927707
2.935432
2.942731
2.949596
2.956020
2.962004
2.967548
2.972658
2.977341
2.981603
2.985455
2.988907
2.991969
2.994653
2.996969
2.998930
3.000548
3.001833
3.002796
3.003450
3.003805
3.003872
3.003660
3.003181
3.002443
3.001457
3.000231
2.998774
2.997094
2.995200
2.993100
2.991028
2.989453
2.988944
2.989884
2.992397
2.996411
3.001747
3.008182
3.015487
3.023449
3.031871
3.040581
3.049429
3.058289
3.067055
3.075642
3.083981
3.092017
3.099709
3.107024
3.113939
3.120438
3.126510
3.132151
3.137358
3.142133
3.146480
3.150406
3.153917
3.157025
3.159737
3.162065
3.164019
3.165612
3.166854
3.167756
3.168331
3.168589
3.168541
3.168199
3.167573
3.166672
3.165508
3.164089
3.162426
3.160526
3.158400
3.156055
3.153499
3.150740
3.148010
3.145773
3.144594
3.144859
3.146698
3.150041
3.154714
3.160495
3.167158
3.174487
3.182288
3.190388
3.198635
3.206904
3.215088
3.223101
3.230872
3.238347
3.245483
3.252247
3.258615
3.264570
3.270103
3.275206
3.279879
3.284122
3.287939
3.291337
3.294322
3.296904
3.299093
3.300899
3.302333
3.303406
3.304130
3.304515
3.304574
3.304318
3.303757
3.302902
3.301764
3.300354
3.298680
3.296754
3.294583
3.292178
3.289547
3.286699
3.283641
3.280381
3.277148
3.274402
3.272705
3.272445
3.273756
3.276573
3.280723
3.285988
3.292142
3.298971
3.306280
3.313896
3.321668
3.329468
3.337190
3.344745
3.352065
3.359093
3.365786
3.372110
3.378041
3.383562
3.388662
3.393334
3.397577
3.401391
3.404781
3.407752
3.410311
3.412468
3.414232
3.415613
3.416623
3.417273
3.417573
3.417536
3.417172
3.416493
3.415510
3.414234
3.412676
3.410845
3.408751
3.406405
3.403816
3.400992
3.397943
3.394677
3.391202
3.387526
3.383656
3.379600
3.375365
3.370957
3.366383
3.361649
3.356762
3.351726
3.346548
3.341233
3.335785
3.330211
3.324514
3.318699
3.312771
3.306734
3.300593
3.294350
3.288010
3.281577
3.275054
3.268444
3.261751
3.254979
3.248130
3.241206
3.234213
3.227150
3.220023
3.212833
3.205582
3.198274
3.190910
3.183493
3.176025
3.168509
3.160945
3.153337
3.145686
3.137994
3.130264
3.122495
3.114692
3.106854
3.098984
3.091083
3.083153
3.075195
3.067210
3.059201
3.051168
3.043112
3.035035
3.026939
3.018823
3.010690
3.002540
2.994375
2.986196
2.978002
2.969797
2.961580
2.953352
2.945115
2.936869
2.928614
2.920353
2.912085
2.903811
2.895533
2.887250
2.878964
2.870675
2.862384
2.854091
2.845797
2.837503
2.829209
2.820916
2.812625
2.804335
2.796047
2.787763
2.779482
2.771204
2.762931
2.754663
2.746400
2.738142
2.729890
2.721645
2.713406
2.705175
2.696951
2.688734
2.680526
2.672326
2.664135
2.655953
2.647780
2.639617
2.631464
2.623321
2.615188
2.607066
2.598955
2.590855
2.582766
2.574689
2.566624
2.558571
2.550530
2.542501
2.534485
2.526482
2.518492
2.510514
2.502550
2.494600
2.486663
2.478739
2.470830
2.462935
2.455053
2.447186
2.439334
2.431496
2.423672
2.415863
2.408069
2.400290
2.392526
2.384778
2.377044
2.369326
2.361623
2.353935
2.346264
2.338607
2.330967
2.323342
2.315734
2.308141
2.300564
2.293003
2.285458
2.277930
2.270417
2.262921
2.255442
2.247978
2.240531
2.233101
2.225687
2.218289
2.210908
2.203544
2.196196
2.188865
2.181550
2.174253
2.166972
2.159707
2.152460
2.145229
2.138016
2.130819
2.123639
2.116476
2.109329
2.102200
2.095087
2.087992
2.080913
2.073852
2.066807
2.059779
2.052768
2.045775
2.038798
2.031838
2.024895
2.017969
2.011061
2.004169
1.997294
1.990436
1.983595
1.976771
1.969964
1.963174
1.956401
1.949645
1.942906
1.936184
1.929478
1.922790
1.916118
1.909464
1.902826
1.896206
1.889602
1.883015
1.876444
1.869891
1.863354
1.856835
1.850332
1.843845
1.837376
1.830923
1.824487
1.818068
1.811665
1.805279
1.798910
1.792557
1.786221
1.779902
1.773599
1.767313
1.761043
1.754790
1.748553
1.742333
1.736129
1.729942
1.723771
1.717616
1.711478
1.705356
1.699251
1.693162
1.687089
1.681032
1.674992
1.668967
1.662959
1.656968
1.650992
1.645032
1.639089
1.633162
1.627250
1.621355
1.615476
1.609612
1.603765
1.597934
1.592118
1.586318
1.580535
1.574767
1.569014
1.563278
1.557557
1.551852
1.546163
1.540489
1.534831
1.529189
1.523562
1.517951
1.512355
1.506775
1.501211
1.495661
1.490128
1.484609
1.479106
1.473619
1.468146
1.462689
1.457247
1.451821
1.446410
1.441013
1.435632
1.430267
1.424916
1.419580
1.414259
1.408954
1.403663
1.398388
1.393127
1.387881
1.382650
1.377434
1.372233
1.367046
1.361874
1.356718
1.351575
1.346448
1.341335
1.336236
1.331153
1.326084
1.321029
1.315989
1.310963
1.305952
1.300955
1.295973
1.291005
1.286052
1.281112
1.276187
1.271277
1.266380
1.261498
1.256630
1.251776
1.246936
1.242110
1.237299
1.232501
1.227718
1.222948
1.218192
1.213450
1.208723
1.204009
1.199308
1.194622
1.189949
1.185291
1.180645
1.176014
1.171396
1.166792
1.162202
1.157625
1.153062
1.148512
1.143976
1.139453
1.134943
1.130447
1.125965
1.121496
1.117040
1.112597
1.108168
1.103752
1.099349
1.094960
1.090583
1.086220
1.081870
1.077532
1.073208
1.068897
1.064599
1.060314
1.056042
1.051783
1.047537
1.043303
1.039083
1.034875
1.030680
1.026498
1.022328
1.018171
1.014027
1.009896
1.005777
1.001670
0.997577
0.993495
0.989427
0.985371
0.981327
0.977296
0.973277
0.969270
0.965276
0.961294
0.957324
0.953367
0.949422
0.945489
0.941568
0.937660
0.933763
0.929879
0.926007
0.922146
0.918298
0.914462
0.910638
0.906826
0.903025
0.899237
0.895460
0.891695
0.887943
0.884201
0.880472
0.876754
0.873048
0.869354
0.865672
0.862001
0.858341
0.854694
0.851057
0.847433
0.843819
0.840218
0.836627
0.833048
0.829481
0.825925
0.822380
0.818846
0.815324
0.811813
0.808314
0.804825
0.801348
0.797882
0.794427
0.790983
0.787550
0.784128
0.780718
0.777318
0.773929
0.770551
0.767185
0.763829
0.760484
0.757150
0.753826
0.750514
0.747212
0.743921
0.740641
0.737371
0.734113
0.730864
0.727627
0.724400
0.721183
0.717978
0.714782
0.711598
0.708423
0.705260
0.702106
0.698963
0.695831
0.692708
0.689597
0.686495
0.683404
0.680323
0.677252
0.674191
0.671141
0.668101
0.665071
0.662051
0.659041
0.656041
0.653051
0.650071
0.647102
0.644142
0.641192
0.638252
0.635322
0.632402
0.629492
0.626592
0.623701
0.620820
0.617949
0.615088
0.612236
0.609394
0.606562
0.603740
0.600927
0.598123
0.595330
0.592545
0.589771
0.587005
0.584250
0.581503
0.578766
0.576039
0.573321
0.570612
0.567913
0.565223
0.562542
0.559871
0.557208
0.554555
0.551912
0.549277
0.546651
0.544035
0.541428
0.538830
0.536241
0.533661
0.531090
0.528528
0.525975
0.523430
0.520895
0.518369
0.515852
0.513343
0.510844
0.508353
0.505871
0.503397
0.500933
0.498477
0.496030
0.493592
0.491162
0.488741
0.486329
0.483925
0.481530
0.479143
0.476765
0.474395
0.472034
0.469681
0.467337
0.465001
0.462674
0.460355
0.458044
0.455742
0.453448
0.451162
0.448884
0.446615
0.444354
0.442101
0.439857
0.437620
0.435392
0.433172
0.430960
0.428756
0.426560
0.424372
0.422192
0.420020
0.417856
0.415700
0.413552
0.411412
0.409280
0.407155
0.405039
0.402930
0.400829
0.398736
0.396651
0.394573
0.392504
0.390441
0.388387
0.386340
0.384301
0.382269
0.380245
0.378229
0.376220
0.374219
0.372225
0.370239
0.368260
0.366289
0.364325
0.362369
0.360420
0.358478
0.356544
0.354617
0.352697
0.350785
0.348879
0.346982
0.345091
0.343208
0.341332
0.339463
0.337601
0.335746
0.333898
0.332058
0.330224
0.328398
0.326579
0.324766
0.322961
0.321163
0.319371
0.317587
0.315810
0.314039
0.312275
0.310518
0.308768
0.307025
0.305289
0.303559
0.301836
0.300120
0.298411
0.296708
0.295012
0.293323
0.291640
0.289964
0.288295
0.286632
0.284976
0.283326
0.281683
0.280046
0.278416
0.276792
0.275175
0.273564
0.271960
0.270362
0.268771
0.267185
0.265607
0.264034
0.262468
0.260908
0.259354
0.257807
0.256266
0.254731
0.253202
0.251680
0.250163
0.248653
0.247149
0.245651
0.244159
0.242673
0.241193
0.239720
0.238252
0.236790
0.235334
0.233885
0.232441
0.231003
0.229571
0.228145
0.226725
0.225310
0.223902
0.222499
0.221102
0.219711
0.218326
0.216946
0.215572
0.214204
0.212842
0.211485
0.210134
0.208788
0.207448
0.206114
0.204785
0.203462
0.202145
0.200833
0.199526
0.198225
0.196930
0.195640
0.194355
0.193076
0.191803
0.190534
0.189271
0.188014
0.186762
0.185515
0.184273
0.183037
0.181806
0.180580
0.179360
0.178145
0.176935
0.175730
0.174530
0.173336
0.172146
0.170962
0.169783
0.168609
0.167440
0.166277
0.165118
0.163964
0.162815
0.161671
0.160533
0.159399
0.158270
0.157146
0.156027
0.154913
0.153804
0.152699
0.151600
0.150505
0.149415
0.148330
0.147250
0.146175
0.145104
0.144038
0.142977
0.141920
0.140868
0.139821
0.138778
0.137740
0.136707
0.135678
0.134654
0.133635
0.132620
0.131610
0.130604
0.129602
0.128606
0.127613
0.126625
0.125642
0.124663
0.123688
0.122718
0.121752
0.120791
0.119834
0.118881
0.117933
0.116989
0.116049
0.115114
0.114183
0.113256
0.112333
0.111415
0.110500
0.109590
0.108684
0.107783
0.106885
0.105992
0.105103
0.104217
0.103336
0.102459
0.101586
0.100717
0.099853
0.098992
0.098135
0.097282
0.096433
0.095588
0.094747
0.093910
0.093077
0.092248
0.091423
0.090601
0.089784
0.088970
0.088160
0.087354
0.086552
0.085753
0.084958
0.084167
0.083380
0.082597
0.081817
0.081041
0.080268
0.079500
0.078735
0.077973
0.077215
0.076461
0.075711
0.074964
0.074220
0.073481
0.072744
0.072012
0.071283
0.070557
0.069835
0.069116
0.068401
0.067689
0.066981
0.066276
0.065574
0.064876
0.064182
0.063490
0.062802
0.062118
0.061437
0.060759
0.060084
0.059413
0.058745
0.058080
0.057419
0.056760
0.056105
0.055453
0.054805
0.054160
0.053517
0.052878
0.052242
0.051610
0.050980
0.050354
0.049730
0.049110
0.048493
0.047879
0.047267
0.046659
0.046054
0.045452
0.044853
0.044257
0.043664
0.043074
0.042487
0.041903
0.041322
0.040744
0.040168
0.039596
0.039026
0.038459
0.037896
0.037335
0.036776
0.036221
0.035669
0.035119
0.034572
0.034028
0.033486
0.032948
0.032412
0.031879
0.031348
0.030820
0.030295
0.029773
0.029253
0.028736
0.028222
0.027710
0.027201
0.026694
0.026190
0.025689
0.025190
0.024694
0.024201
0.023710
0.023221
0.022735
0.022252
0.021771
0.021292
0.020816
0.020343
0.019872
0.019403
0.018937
0.018473
0.018012
0.017553
0.017096
0.016642
0.016191
0.015741
0.015294
0.014849
0.014407
0.013967
0.013529
0.013094
0.012661
0.012230
0.011801
0.011375
0.010951
0.010529
0.010110
0.009692
0.009277
0.008864
0.008453
0.008045
0.007638
0.007234
0.006832
0.006432
0.006034
0.005638
0.005245
0.004853
0.004464
0.004077
0.003691
0.003308
0.002927
0.002548
0.002171
0.001796
0.001423
0.001052
0.000683
0.000316
-0.000049
-0.000413
-0.000774
-0.001133
-0.001490
-0.001845
-0.002199
-0.002550
-0.002900
-0.003248
-0.003593
-0.003937
-0.004279
-0.004619
-0.004958
-0.005294
-0.005629
-0.005962
-0.006293
-0.006622
-0.006949
-0.007275
-0.007599
-0.007921
-0.008241
-0.008560
-0.008877
-0.009192
-0.009505
-0.009817
-0.010127
-0.010435
-0.010741
-0.011046
-0.011349
-0.011651
-0.011950
-0.012249
-0.012545
-0.012840
-0.013133
-0.013425
-0.013715
-0.014003
-0.014290
-0.014575
-0.014859
-0.015141
-0.015421
-0.015700
-0.015978
-0.016253
-0.016528
-0.016800
-0.017072
-0.017341
-0.017609
-0.017876
-0.018141
-0.018405
-0.018667
-0.018928
-0.019188
-0.019445
-0.019702
-0.019957
-0.020210
-0.020462
-0.020713
-0.020962
-0.021210
-0.021457
-0.021702
-0.021946
-0.022188
-0.022429
-0.022669
-0.022907
-0.023144
-0.023379
-0.023614
-0.023847
-0.024078
-0.024308
-0.024537
-0.024765
-0.024991
-0.025217
-0.025440
-0.025663
-0.025884
-0.026104
-0.026323
-0.026540
-0.026757
-0.026972
-0.027186
-0.027398
-0.027610
-0.027820
-0.028029
-0.028236
-0.028443
-0.028648
-0.028853
-0.029056
-0.029258
-0.029458
-0.029658
-0.029856
-0.030054
-0.030250
-0.030445
-0.030639
-0.030831
-0.031023
-0.031214
-0.031403
-0.031591
-0.031779
-0.031965
-0.032150
-0.032334
-0.032517
-0.032699
-0.032880
-0.033060
-0.033239
-0.033416
-0.033593
-0.033769
-0.033943
-0.034117
-0.034290
-0.034461
-0.034632
-0.034802
-0.034970
-0.035138
-0.035305
-0.035470
-0.035635
-0.035799
-0.035962
-0.036124
-0.036284
-0.036444
-0.036604
-0.036762
-0.036919
-0.037075
-0.037231
-0.037385
-0.037539
-0.037691
-0.037843
-0.037994
-0.038144
-0.038293
-0.038441
-0.038588
-0.038735
-0.038880
-0.039025
-0.039169
-0.039312
-0.039454
-0.039596
-0.039736
-0.039876
-0.040015
-0.040153
-0.040290
-0.040426
-0.040562
-0.040697
-0.040831
-0.040964
-0.041096
-0.041228
-0.041359
-0.041489
-0.041618
-0.041747
-0.041875
-0.042002
-0.042128
-0.042253
-0.042378
-0.042502
-0.042625
-0.042748
-0.042870
-0.042991
-0.043111
-0.043231
-0.043350
-0.043468
-0.043585
-0.043702
-0.043818
-0.043934
-0.044048
-0.044162
-0.044276
-0.044388
-0.044500
-0.044611
-0.044722
-0.044832
-0.044941
-0.045050
-0.045158
-0.045265
-0.045372
-0.045478
-0.045583
-0.045688
-0.045792
-0.045896
-0.045999
-0.046101
-0.046202
-0.046303
-0.046404
-0.046504
-0.046603
-0.046701
-0.046799
-0.046897
-0.046994
-0.047090
-0.047185
-0.047280
-0.047375
-0.047469
-0.047562
-0.047655
-0.047747
-0.047839
-0.047930
-0.048020
-0.048110
-0.048199
-0.048288
-0.048377
-0.048464
-0.048552
-0.048638
-0.048724
-0.048810
-0.048895
-0.048980
-0.049064
-0.049147
-0.049230
-0.049313
-0.049395
-0.049476
-0.049557
-0.049638
-0.049718
-0.049797
-0.049876
-0.049955
-0.050033
-0.050110
-0.050187
-0.050264
-0.050340
-0.050416
-0.050491
-0.050566
-0.050640
-0.050714
-0.050787
-0.050860
-0.050932
-0.051004
-0.051076
-0.051147
-0.051218
-0.051288
-0.051358
-0.051427
-0.051496
-0.051564
-0.051632
-0.051700
-0.051767
-0.051834
-0.051900
-0.051966
-0.052031
-0.052096
-0.052161
-0.052225
-0.052289
-0.052353
-0.052416
-0.052478
-0.052541
-0.052603
-0.052664
-0.052725
-0.052786
-0.052846
-0.052906
-0.052966
-0.053025
-0.053084
-0.053142
-0.053200
-0.053258
-0.053315
-0.053372
-0.053429
-0.053485
-0.053541
-0.053596
-0.053652
-0.053706
-0.053761
-0.053815
-0.053869
-0.053922
-0.053975
-0.054028
-0.054080
-0.054132
-0.054184
-0.054235
-0.054287
-0.054337
-0.054388
-0.054438
-0.054487
-0.054537
-0.054586
-0.054635
-0.054683
-0.054731
-0.054779
-0.054827
-0.054874
-0.054921
-0.054968
-0.055014
-0.055060
-0.055106
-0.055151
-0.055196
-0.055241
-0.055285
-0.055330
-0.055374
-0.055417
-0.055461
-0.055504
-0.055547
-0.055589
-0.055631
-0.055673
-0.055715
-0.055756
-0.055797
-0.055838
-0.055879
-0.055919
-0.055959
-0.055999
-0.056039
-0.056078
-0.056117
-0.056156
-0.056194
-0.056232
-0.056270
-0.056308
-0.056345
-0.056383
-0.056420
-0.056456
-0.056493
-0.056529
-0.056565
-0.056601
-0.056636
-0.056671
-0.056706
-0.056741
-0.056776
-0.056810
-0.056844
-0.056878
-0.056912
-0.056945
-0.056978
-0.057011
-0.057044
-0.057076
-0.057108
-0.057140
-0.057172
-0.057204
-0.057235
-0.057266
-0.057297
-0.057328
-0.057359
-0.057389
-0.057419
-0.057449
-0.057479
-0.057508
-0.057537
-0.057566
-0.057595
-0.057624
-0.057652
-0.057681
-0.057709
-0.057737
-0.057764
-0.057792
-0.057819
-0.057846
-0.057873
-0.057900
-0.057926
-0.057953
-0.057979
-0.058005
-0.058031
-0.058056
-0.058082
-0.058107
-0.058132
-0.058157
-0.058182
-0.058206
-0.058230
-0.058255
-0.058279
-0.058302
-0.058326
-0.058350
-0.058373
-0.058396
-0.058419
-0.058442
-0.058464
-0.058487
-0.058509
-0.058531
-0.058553
-0.058575
-0.058597
-0.058618
-0.058640
-0.058661
-0.058682
-0.058703
-0.058723
-0.058744
-0.058764
-0.058785
-0.058805
-0.058825
-0.058845
-0.058864
-0.058884
-0.058903
-0.058922
-0.058941
-0.058960
-0.058979
-0.058998
-0.059016
-0.059035
-0.059053
-0.059071
-0.059089
-0.059107
-0.059124
-0.059142
-0.059159
-0.059177
-0.059194
-0.059211
-0.059228
-0.059244
-0.059261
-0.059278
-0.059294
-0.059310
-0.059326
-0.059342
-0.059358
-0.059374
-0.059389
-0.059405
-0.059420
-0.059435
-0.059451
-0.059466
-0.059480
-0.059495
-0.059510
-0.059524
-0.059539
-0.059553
-0.059567
-0.059581
-0.059595
-0.059609
-0.059623
-0.059636
-0.059650
-0.059663
-0.059676
-0.059690
-0.059703
-0.059715
-0.059728
-0.059741
-0.059754
-0.059766
-0.059779
-0.059791
-0.059803
-0.059815
-0.059827
-0.059839
-0.059851
-0.059863
-0.059874
-0.059886
-0.059897
-0.059908
-0.059919
-0.059931
-0.059942
-0.059952
-0.059963
-0.059974
-0.059985
-0.059995
-0.060006
-0.060016
-0.060026
-0.060036
-0.060046
-0.060056
-0.060066
-0.060076
-0.060086
-0.060095
-0.060105
-0.060114
-0.060124
-0.060133
-0.060142
-0.060151
-0.060160
-0.060169
-0.060178
-0.060187
-0.060196
-0.060204
-0.060213
-0.060221
-0.060229
-0.060238
-0.060246
-0.060254
-0.060262
-0.060270
-0.060278
-0.060286
-0.060294
-0.060301
-0.060309
-0.060316
-0.060324
-0.060331
-0.060338
-0.060346
-0.060353
-0.060360
-0.060367
-0.060374
-0.060381
-0.060387
-0.060394
-0.060401
-0.060407
-0.060414
-0.060420
-0.060427
-0.060433
-0.060439
-0.060445
-0.060452
-0.060458
-0.060464
-0.060469
-0.060475
-0.060481
-0.060487
-0.060492
-0.060498
-0.060504
-0.060509
-0.060514
-0.060520
-0.060525
-0.060530
-0.060536
-0.060541
-0.060546
-0.060551
-0.060556
-0.060560
-0.060565
-0.060570
-0.060575
-0.060579
-0.060584
-0.060589
-0.060593
-0.060597
-0.060602
-0.060606
-0.060610
-0.060615
-0.060619
-0.060623
-0.060627
-0.060631
-0.060635
-0.060639
-0.060643
-0.060646
-0.060650
-0.060654
-0.060657
-0.060661
-0.060664
-0.060668
-0.060671
-0.060675
-0.060678
-0.060681
-0.060685
-0.060688
-0.060691
-0.060694
-0.060697
-0.060700
-0.060703
-0.060706
-0.060709
-0.060712
-0.060715
-0.060717
-0.060720
-0.060723
-0.060725
-0.060728
-0.060731
-0.060733
-0.060735
-0.060738
-0.060740
-0.060743
-0.060745
-0.060747
-0.060749
-0.060751
-0.060754
-0.060756
-0.060758
-0.060760
-0.060762
-0.060764
-0.060766
-0.060767
-0.060769
-0.060771
-0.060773
-0.060774
-0.060776
-0.060778
-0.060779
-0.060781
-0.060782
-0.060784
-0.060785
-0.060787
-0.060788
-0.060790
-0.060791
-0.060792
-0.060793
-0.060795
-0.060796
-0.060797
-0.060798
-0.060799
-0.060800
-0.060801
-0.060802
-0.060803
-0.060804
-0.060805
-0.060806
-0.060807
-0.060808
-0.060808
-0.060809
-0.060810
-0.060811
-0.060811
-0.060812
-0.060813
-0.060813
-0.060814
-0.060814
-0.060815
-0.060815
-0.060816
-0.060816
-0.060816
-0.060817
-0.060817
-0.060817
-0.060818
-0.060818
-0.060818
-0.060818
-0.060819
-0.060819
-0.060819
-0.060819
-0.060819
-0.060819
-0.060819
-0.060819
-0.060819
-0.060819
-0.060819
-0.060819
-0.060819
-0.060819
-0.060819
-0.060819
-0.060818
-0.060818
-0.060818
-0.060818
-0.060817
-0.060817
-0.060817
-0.060816
-0.060816
-0.060816
-0.060815
-0.060815
-0.060814
-0.060814
-0.060813
-0.060813
-0.060812
-0.060812
-0.060811
-0.060811
-0.060810
-0.060809
-0.060809
-0.060808
-0.060807
-0.060807
-0.060806
-0.060805
-0.060805
-0.060804
-0.060803
-0.060802
-0.060801
-0.060801
-0.060800
-0.060799
-0.060798
-0.060797
-0.060796
-0.060795
-0.060794
-0.060793
-0.060793
-0.060792
-0.060791
-0.060790
-0.060788
-0.060787
-0.060786
-0.060785
-0.060784
-0.060783
-0.060782
-0.060781
-0.060780
-0.060779
-0.060777
-0.060776
-0.060775
-0.060774
-0.060773
-0.060771
-0.060770
-0.060769
-0.060768
-0.060766
-0.060765
-0.060764
-0.060762
-0.060761
-0.060760
-0.060758
-0.060757
-0.060756
-0.060754
-0.060753
-0.060751
-0.060750
-0.060749
-0.060747
-0.060746
-0.060744
-0.060743
-0.060741
-0.060740
-0.060738
-0.060737
-0.060735
-0.060734
-0.060732
-0.060731
-0.060729
-0.060728
-0.060726
-0.060724
-0.060723
-0.060721
-0.060720
-0.060718
-0.060716
-0.060715
-0.060713
-0.060712
-0.060710
-0.060708
-0.060707
-0.060705
-0.060703
-0.060701
-0.060700
-0.060698
-0.060696
-0.060695
-0.060693
-0.060691
-0.060689
-0.060688
-0.060686
-0.060684
-0.060682
-0.060681
-0.060679
-0.060677
-0.060675
-0.060674
-0.060672
-0.060670
-0.060668
-0.060666
-0.060664
-0.060663
-0.060661
-0.060659
-0.060657
-0.060655
-0.060653
-0.060652
-0.060650
-0.060648
-0.060646
-0.060644
-0.060642
-0.060640
-0.060639
-0.060637
-0.060635
-0.060633
-0.060631
-0.060629
-0.060627
-0.060625
-0.060623
-0.060621
-0.060619
-0.060618
-0.060616
-0.060614
-0.060612
-0.060610
-0.060608
-0.060606
-0.060604
-0.060602
-0.060600
-0.060598
-0.060596
-0.060594
-0.060592
-0.060590
-0.060588
-0.060586
-0.060584
-0.060583
-0.060581
-0.060579
-0.060577
-0.060575
-0.060573
-0.060571
-0.060569
-0.060567
-0.060565
-0.060563
-0.060561
-0.060559
-0.060557
-0.060555
-0.060553
-0.060551
-0.060549
-0.060547
-0.060545
-0.060543
-0.060541
-0.060539
-0.060537
-0.060535
-0.060533
-0.060531
-0.060529
-0.060527
-0.060525
-0.060523
-0.060521
-0.060519
-0.060517
-0.060515
-0.060513
-0.060511
-0.060509
-0.060507
-0.060505
-0.060503
-0.060501
-0.060499
-0.060497
-0.060495
-0.060493
-0.060491
-0.060489
-0.060487
-0.060485
-0.060483
-0.060481
-0.060479
-0.060477
-0.060475
-0.060473
-0.060471
-0.060470
-0.060468
-0.060466
-0.060464
-0.060462
-0.060460
-0.060458
-0.060456
-0.060454
-0.060452
-0.060450
-0.060448
-0.060446
-0.060444
-0.060442
-0.060440
-0.060438
-0.060436
-0.060434
-0.060432
-0.060431
-0.060429
-0.060427
-0.060425
-0.060423
-0.060421
-0.060419
-0.060417
-0.060415
-0.060413
-0.060411
-0.060409
-0.060408
-0.060406
-0.060404
-0.060402
-0.060400
-0.060398
-0.060396
-0.060394
-0.060393
-0.060391
-0.060389
-0.060387
-0.060385
-0.060383
-0.060381
-0.060380
-0.060378
-0.060376
-0.060374
-0.060372
-0.060370
-0.060369
-0.060367
-0.060365
-0.060363
-0.060361
-0.060359
-0.060358
-0.060356
-0.060354
-0.060352
-0.060350
-0.060349
-0.060347
-0.060345
-0.060343
-0.060342
-0.060340
-0.060338
-0.060336
-0.060335
-0.060333
-0.060331
-0.060329
-0.060328
-0.060326
-0.060324
-0.060322
-0.060321
-0.060319
-0.060317
-0.060316
-0.060314
-0.060312
-0.060310
-0.060309
-0.060307
-0.060305
-0.060304
-0.060302
-0.060300
-0.060299
-0.060297
-0.060295
-0.060294
-0.060292
-0.060291
-0.060289
-0.060287
-0.060286
-0.060284
-0.060283
-0.060281
-0.060279
-0.060278
-0.060276
-0.060275
-0.060273
-0.060271
-0.060270
-0.060268
-0.060267
-0.060265
-0.060264
-0.060262
-0.060261
-0.060259
-0.060258
-0.060256
-0.060254
-0.060253
-0.060251
-0.060250
-0.060248
-0.060247
-0.060246
-0.060244
-0.060243
-0.060241
-0.060240
-0.060238
-0.060237
-0.060235
-0.060234
-0.060232
-0.060231
-0.060230
-0.060228
-0.060227
-0.060225
-0.060224
-0.060223
-0.060221
-0.060220
-0.060218
-0.060217
-0.060216
-0.060214
-0.060213
-0.060212
-0.060210
-0.060209
-0.060208
-0.060206
-0.060205
-0.060204
-0.060202
-0.060201
-0.060200
-0.060199
-0.060197
-0.060196
-0.060195
-0.060194
-0.060192
-0.060191
-0.060190
-0.060189
-0.060187
-0.060186
-0.060185
-0.060184
-0.060183
-0.060181
-0.060180
-0.060179
-0.060178
-0.060177
-0.060175
-0.060174
-0.060173
-0.060172
-0.060171
-0.060170
-0.060169
-0.060167
-0.060166
-0.060165
-0.060164
-0.060163
-0.060162
-0.060161
-0.060160
-0.060159
-0.060158
-0.060157
-0.060156
-0.060155
-0.060154
-0.060152
-0.060151
-0.060150
-0.060149
-0.060148
-0.060147
-0.060146
-0.060145
-0.060144
-0.060144
-0.060143
-0.060142
-0.060141
-0.060140
-0.060139
-0.060138
-0.060137
-0.060136
-0.060135
-0.060134
-0.060133
-0.060132
-0.060131
-0.060131
-0.060130
-0.060129
-0.060128
-0.060127
-0.060126
-0.060125
-0.060125
-0.060124
-0.060123
-0.060122
-0.060121
-0.060121
-0.060120
-0.060119
-0.060118
-0.060117
-0.060117
-0.060116
-0.060115
-0.060114
-0.060114
-0.060113
-0.060112
-0.060111
-0.060111
-0.060110
-0.060109
-0.060109
-0.060108
-0.060107
-0.060107
-0.060106
-0.060105
-0.060105
-0.060104
-0.060103
-0.060103
-0.060102
-0.060101
-0.060101
-0.060100
-0.060100
-0.060099
-0.060099
-0.060098
-0.060097
-0.060097
-0.060096
-0.060096
-0.060095
-0.060095
-0.060094
-0.060094
-0.060093
-0.060093
-0.060092
-0.060092
-0.060091
-0.060091
-0.060090
-0.060090
-0.060089
-0.060089
-0.060088
-0.060088
-0.060087
-0.060087
-0.060086
-0.060086
-0.060086
-0.060085
-0.060085
-0.060084
-0.060084
-0.060084
-0.060083
-0.060083
-0.060083
-0.060082
-0.060082
-0.060082
-0.060081
-0.060081
-0.060081
-0.060080
-0.060080
-0.060080
-0.060079
-0.060079
-0.060079
-0.060079
-0.060078
-0.060078
-0.060078
-0.060078
-0.060077
-0.060077
-0.060077
-0.060077
-0.060077
-0.060076
-0.060076
-0.060076
-0.060076
-0.060076
-0.060075
-0.060075
-0.060075
-0.060075
-0.060075
-0.060075
-0.060075
-0.060074
-0.060074
-0.060074
-0.060074
-0.060074
-0.060074
-0.060074
-0.060074
-0.060074
-0.060074
-0.060074
-0.060074
-0.060073
-0.060073
-0.060073
-0.060073
-0.060073
-0.060073
-0.060073
-0.060073
-0.060073
-0.060073
-0.060073
-0.060073
-0.060073
-0.060074
-0.060074
-0.060074
-0.060074
-0.060074
-0.060074
-0.060074
-0.060074
-0.060074
-0.060074
-0.060074
-0.060074
-0.060075
-0.060075
-0.060075
-0.060075
-0.060075
-0.060075
-0.060075
-0.060076
-0.060076
-0.060076
-0.060076
-0.060076
-0.060077
-0.060077
-0.060077
-0.060077
-0.060077
-0.060078
-0.060078
-0.060078
-0.060078
-0.060079
-0.060079
-0.060079
-0.060079
-0.060080
-0.060080
-0.060080
-0.060081
-0.060081
-0.060081
-0.060082
-0.060082
-0.060082
-0.060083
-0.060083
-0.060083
-0.060084
-0.060084
-0.060084
-0.060085
-0.060085
-0.060085
-0.060086
-0.060086
-0.060087
-0.060087
-0.060087
-0.060088
-0.060088
-0.060089
-0.060089
-0.060090
-0.060090
-0.060091
-0.060091
-0.060092
-0.060092
-0.060092
-0.060093
-0.060093
-0.060094
-0.060094
-0.060095
-0.060096
-0.060096
-0.060097
-0.060097
-0.060098
-0.060098
-0.060099
-0.060099
-0.060100
-0.060100
-0.060101
-0.060102
-0.060102
-0.060103
-0.060103
-0.060104
-0.060105
-0.060105
-0.060106
-0.060107
-0.060107
-0.060108
-0.060109
-0.060109
-0.060110
-0.060111
-0.060111
-0.060112
-0.060113
-0.060113
-0.060114
-0.060115
-0.060115
-0.060116
-0.060117
-0.060118
-0.060118
-0.060119
-0.060120
-0.060121
-0.060121
-0.060122
-0.060123
-0.060124
-0.060124
-0.060125
-0.060126
-0.060127
-0.060128
-0.060128
-0.060129
-0.060130
-0.060131
-0.060132
-0.060133
-0.060133
-0.060134
-0.060135
-0.060136
-0.060137
-0.060138
-0.060139
-0.060139
-0.060140
-0.060141
-0.060142
-0.060143
-0.060144
-0.060145
-0.060146
-0.060147
-0.060148
-0.060149

