0.000000
0.000000
-0.000026
-0.000052
-0.000077
-0.000103
-0.000128
-0.000153
-0.000177
-0.000201
-0.000224
-0.000247
-0.000270
-0.000293
-0.000315
-0.000337
-0.000359
-0.000380
-0.000402
-0.000423
-0.000444
-0.000465
-0.000485
-0.000506
-0.000526
-0.000547
-0.000567
-0.000587
-0.000607
-0.000627
-0.000647
-0.000667
-0.000687
-0.000707
-0.000726
-0.000746
-0.000766
-0.000785
-0.000805
-0.000824
-0.000844
-0.000863
-0.000883
-0.000902
-0.000922
-0.000941
-0.000961
-0.000980
-0.001000
-0.001019
-0.001038
-0.001058
-0.001077
-0.001097
-0.001116
-0.001135
-0.001155
-0.001174
-0.001194
-0.001213
-0.001233
-0.001252
-0.001271
-0.001291
-0.001310
-0.001330
-0.001349
-0.001369
-0.001388
-0.001408
-0.001428
-0.001447
-0.001467
-0.001486
-0.001506
-0.001525
-0.001545
-0.001565
-0.001584
-0.001604
-0.001624
-0.001644
-0.001663
-0.001683
-0.001703
-0.001723
-0.001743
-0.001762
-0.001782
-0.001802
-0.001822
-0.001842
-0.001862
-0.001882
-0.001902
-0.001922
-0.001942
-0.001962
-0.001982
-0.002002
-0.002022
-0.002042
-0.002063
-0.002083
-0.002103
-0.002123
-0.002143
-0.002164
-0.002184
-0.002204
-0.002225
-0.002245
-0.002265
-0.002286
-0.002306
-0.002326
-0.002347
-0.002367
-0.002388
-0.002408
-0.002429
-0.002449
-0.002470
-0.002491
-0.002511
-0.002532
-0.002553
-0.002573
-0.002594
-0.002615
-0.002635
-0.002656
-0.002677
-0.002698
-0.002719
-0.002739
-0.002760
-0.002781
-0.002802
-0.002823
-0.002844
-0.002865
-0.002886
-0.002907
-0.002928
-0.002949
-0.002970
-0.002991
-0.003012
-0.003033
-0.003054
-0.003075
-0.003097
-0.003118
-0.003139
-0.003160
-0.003181
-0.003203
-0.003224
-0.003245
-0.003266
-0.003288
-0.003309
-0.003330
-0.003352
-0.003373
-0.003395
-0.003416
-0.003437
-0.003459
-0.003480
-0.003502
-0.003523
-0.003545
-0.003566
-0.003588
-0.003610
-0.003631
-0.003653
-0.003674
-0.003696
-0.003718
-0.003739
-0.003761
-0.003783
-0.003804
-0.003826
-0.003848
-0.003869
-0.003891
-0.003913
-0.003935
-0.003956
-0.003978
-0.004000
-0.004022
-0.004044
-0.004066
-0.004088
-0.004109
-0.004131
-0.004153
-0.004175
-0.004197
-0.004219
-0.004241
-0.004263
-0.004285
-0.004307
-0.004329
-0.004351
-0.004373
-0.004395
-0.004417
-0.004439
-0.004461
-0.004483
-0.004505
-0.004527
-0.004550
-0.004572
-0.004594
-0.004616
-0.004638
-0.004660
-0.004683
-0.004705
-0.004727
-0.004749
-0.004771
-0.004794
-0.004816
-0.004838
-0.004860
-0.004883
-0.004905
-0.004927
-0.004949
-0.004972
-0.004994
-0.005016
-0.005039
-0.005061
-0.005083
-0.005106
-0.005128
-0.005150
-0.005173
-0.005195
-0.005218
-0.005240
-0.005262
-0.005285
-0.005307
-0.005330
-0.005352
-0.005375
-0.005397
-0.005419
-0.005442
-0.005464
-0.005487
-0.005509
-0.005532
-0.005554
-0.005577
-0.005599
-0.005622
-0.005644
-0.005667
-0.005690
-0.005712
-0.005735
-0.005757
-0.005780
-0.005802
-0.005825
-0.005847
-0.005870
-0.005893
-0.005915
-0.005938
-0.005960
-0.005983
-0.006006
-0.006028
-0.006051
-0.006073
-0.006096
-0.006119
-0.006141
-0.006164
-0.006187
-0.006209
-0.006232
-0.006255
-0.006277
-0.006300
-0.006323
-0.006345
-0.006368
-0.006391
-0.006413
-0.006436
-0.006459
-0.006482
-0.006504
-0.006527
-0.006550
-0.006572
-0.006595
-0.006618
-0.006641
-0.006663
-0.006686
-0.006709
-0.006731
-0.006754
-0.006777
-0.006800
-0.006822
-0.006845
-0.006868
-0.006891
-0.006913
-0.006936
-0.006959
-0.006982
-0.007004
-0.007027
-0.007050
-0.007073
-0.007095
-0.007118
-0.007141
-0.007164
-0.007187
-0.007209
-0.007232
-0.007255
-0.007278
-0.007300
-0.007323
-0.007346
-0.007369
-0.007392
-0.007414
-0.007437
-0.007460
-0.007483
-0.007505
-0.007528
-0.007551
-0.007574
-0.007597
-0.007619
-0.007642
-0.007665
-0.007688
-0.007711
-0.007733
-0.007756
-0.007779
-0.007802
-0.007825
-0.007847
-0.007870
-0.007893
-0.007916
-0.007939
-0.007961
-0.007984
-0.008007
-0.008030
-0.008052
-0.008075
-0.008098
-0.008121
-0.008144
-0.008166
-0.008189
-0.008212
-0.008235
-0.008258
-0.008280
-0.008303
-0.008326
-0.008349
-0.008371
-0.008394
-0.008417
-0.008440
-0.008462
-0.008485
-0.008508
-0.008531
-0.008554
-0.008576
-0.008599
-0.008622
-0.008645
-0.008667
-0.008690
-0.008713
-0.008736
-0.008758
-0.008781
-0.008804
-0.008827
-0.008849
-0.008872
-0.008895
-0.008917
-0.008940
-0.008963
-0.008986
-0.009008
-0.009031
-0.009054
-0.009077
-0.009099
-0.009122
-0.009145
-0.009167
-0.009190
-0.009213
-0.009235
-0.009258
-0.009281
-0.009304
-0.009326
-0.009349
-0.009372
-0.009394
-0.009417
-0.009440
-0.009462
-0.009485
-0.009508
-0.009530
-0.009553
-0.009576
-0.009598
-0.009621
-0.009643
-0.009666
-0.009689
-0.009711
-0.009734
-0.009757
-0.009779
-0.009802
-0.009824
-0.009847
-0.009870
-0.009892
-0.009915
-0.009937
-0.009960
-0.009983
-0.010005
-0.010028
-0.010050
-0.010073
-0.010095
-0.010118
-0.010141
-0.010163
-0.010186
-0.010208
-0.010231
-0.010253
-0.010276
-0.010298
-0.010321
-0.010343
-0.010366
-0.010388
-0.010411
-0.010433
-0.010456
-0.010478
-0.010501
-0.010523
-0.010546
-0.010568
-0.010591
-0.010613
-0.010636
-0.010658
-0.010680
-0.010703
-0.010725
-0.010748
-0.010770
-0.010793
-0.010815
-0.010837
-0.010860
-0.010882
-0.010905
-0.010927
0.639416
1.559440
2.605614
3.249057
3.703518
4.034743
4.279894
4.462120
4.596570
4.693625
4.755736
4.791540
4.806449
4.804495
4.788815
4.761910
4.725808
4.682190
4.632437
4.577713
4.518994
4.457116
4.392769
4.326547
4.258948
4.190413
4.121289
4.051882
3.982464
3.913241
4.447783
5.243386
6.162515
6.715147
7.088936
7.346627
7.523668
7.641999
7.715989
7.755434
7.761847
7.743803
7.706639
7.654284
7.589763
7.515480
7.433371
7.345009
7.251717
7.154594
7.054551
6.952369
6.848692
6.744079
6.638978
6.533814
6.428885
6.324501
6.220867
6.118208
6.591848
7.325761
8.184470
8.700835
9.043112
9.272509
9.423512
9.517528
9.568508
9.585983
9.570935
9.531878
9.474153
9.401684
9.317476
9.223902
9.122867
9.015953
8.904437
8.789419
8.671788
8.552330
8.431684
8.310381
8.188901
8.067625
7.946872
7.826929
7.708026
7.590339
8.028915
8.729412
9.557247
10.061240
10.393810
10.614779
10.758183
10.845068
10.889171
10.899871
10.877813
10.831469
10.766241
10.686108
10.594087
10.492591
10.383536
10.268535
10.148871
10.025683
9.899883
9.772246
9.643430
9.513993
9.384426
9.255101
9.126378
8.998528
8.871760
8.746308
9.160576
9.839190
10.647861
11.148884
11.480267
11.700786
11.844022
11.930756
11.974517
11.984601
11.961385
11.913295
11.845821
11.762991
11.667895
11.562964
11.450214
11.331226
11.207406
11.079868
10.949573
10.817330
10.683808
10.549636
10.415245
10.281075
10.147470
10.014727
9.883079
9.752730
10.147476
10.809154
11.603729
12.105396
12.439209
12.662783
12.809205
12.898955
12.945386
12.957682
12.935978
12.888630
12.821225
12.737833
12.641637
12.535149
12.420385
12.299069
12.172603
12.042171
11.908766
11.773252
11.636338
11.498637
11.360653
11.222801
11.085477
10.948960
10.813490
10.679300
11.056834
11.703706
12.486551
12.990331
13.328410
13.557040
13.708733
13.803596
13.854706
13.871102
13.852659
13.807631
13.741681
13.658968
13.562742
13.455575
13.339622
13.216613
13.088062
12.955194
12.819077
12.680639
12.540579
12.399568
12.258187
12.116833
11.975894
11.835724
11.696558
11.558622
11.873015
12.434420
13.123541
13.571953
13.872207
14.073868
14.205764
14.285796
14.325703
14.333587
14.309270
14.260157
14.191418
14.106935
14.009723
13.902171
13.786287
13.663707
13.535837
13.403872
13.268801
13.131464
12.992632
12.852899
12.712783
12.572748
12.433151
12.294301
12.156485
12.019908
12.327929
12.885871
13.574800
14.032439
14.343181
14.555637
14.698171
14.788419
14.837890
14.854585
14.838175
14.795930
14.733088
14.653583
14.560509
14.456369
14.343237
14.222835
14.096651
13.965950
13.831801
13.695086
13.556589
13.416964
13.276732
13.136396
12.996349
12.856891
12.718324
12.580900
12.879679
13.430572
14.115354
14.579200
14.898494
15.120485
15.272803
15.372545
15.430894
15.455620
15.446153
15.409590
15.351198
15.275001
15.184182
15.081396
14.968818
14.848332
14.721505
14.589704
14.454120
14.315711
14.175282
14.033557
13.891088
13.748358
13.605815
13.463772
13.322566
13.182389
13.470198
14.012051
14.690908
15.159819
15.487743
15.719984
15.883149
15.993612
16.062000
16.095742
16.093926
16.063390
16.009384
15.936014
15.846617
15.743981
15.630506
15.508228
15.378936
15.244142
15.105136
14.963005
14.818694
14.672919
14.526339
14.379461
14.232763
14.086544
13.941159
13.796829
14.072638
14.604511
15.277146
15.751690
16.089885
16.335027
16.512149
16.636579
16.718252
16.764039
16.772515
16.750100
16.701925
16.632157
16.544289
16.441329
16.325947
16.200475
16.066944
15.927138
15.782532
15.634442
15.483900
15.331795
15.178803
15.025555
14.872547
14.720158
14.568728
14.418497
14.681151
15.202090
15.868404
16.350069
16.702000
16.964514
17.160944
17.305241
17.406262
17.470042
17.494367
17.484893
17.446403
17.382974
17.298214
17.195424
17.077602
16.947526
16.807651
16.660151
16.506924
16.349503
16.189247
16.027252
15.864327
15.701232
15.538577
15.376788
15.216249
15.057279
15.304395
15.812781
16.472792
16.964088
17.334583
17.621443
17.845814
18.019887
18.151065
18.244073
18.295407
18.309305
18.289613
18.239834
18.163413
18.063791
17.944379
17.808562
17.659504
17.500125
17.332979
17.160295
16.983912
16.805370
16.625866
16.446393
16.267715
16.090469
15.915107
15.741998
15.968592
16.460941
17.113716
17.617693
18.013826
18.335617
18.601778
18.822682
19.004041
19.148839
19.251538
19.313748
19.337006
19.322811
19.273085
19.190384
19.077897
18.939427
18.779157
18.601368
18.410128
18.209188
18.001822
17.790822
17.578434
17.366446
17.156161
16.948588
16.744453
16.544269
16.348349
16.156879
15.969946
15.787552
15.609651
15.436147
15.266977
15.101975
14.941015
14.783982
14.630675
14.481013
14.334822
14.192015
14.052419
13.915945
13.782499
13.651948
13.524185
13.399154
13.276772
13.156920
13.039548
12.924591
12.811980
12.701661
12.593562
12.487634
12.383805
12.282040
12.182278
12.084464
11.988548
11.894480
11.802204
11.711678
11.622842
11.535664
11.450088
11.366073
11.283563
11.202533
11.122929
11.044717
10.967861
10.892314
10.818055
10.745036
10.673220
10.602594
10.533106
10.464730
10.397454
10.331226
10.266034
10.201852
10.138642
10.076392
10.015073
9.954661
9.895129
9.836466
9.778640
9.721635
9.665441
9.610025
9.555367
9.501456
9.448280
9.395809
9.344028
9.292926
9.242490
9.192693
9.143526
9.094981
9.047036
8.999674
8.952883
8.906658
8.860984
8.815845
8.771225
8.727119
8.683517
8.640402
8.597762
8.555586
8.513872
8.472608
8.431779
8.391374
8.351387
8.311812
8.272640
8.233857
8.195454
8.157425
8.119763
8.082466
8.045520
8.008916
7.972647
7.936707
7.901099
7.865805
7.830820
7.796138
7.761750
7.727656
7.693853
7.660331
7.627081
7.594098
7.561378
7.528920
7.496721
7.464770
7.433061
7.401591
7.370357
7.339353
7.308582
7.278034
7.247705
7.217588
7.187681
7.157980
7.128485
7.099193
7.070100
7.041200
7.012488
6.983961
6.955617
6.927455
6.899476
6.871673
6.844039
6.816576
6.789277
6.762142
6.735169
6.708358
6.681706
6.655210
6.628864
6.602668
6.576618
6.550713
6.524952
6.499336
6.473862
6.448524
6.423323
6.398254
6.373315
6.348508
6.323829
6.299282
6.274861
6.250563
6.226387
6.202332
6.178395
6.154575
6.130872
6.107285
6.083816
6.060459
6.037214
6.014077
5.991049
5.968128
5.945312
5.922602
5.899997
5.877500
5.855104
5.832808
5.810612
5.788515
5.766514
5.744610
5.722802
5.701091
5.679477
5.657957
5.636528
5.615192
5.593944
5.572787
5.551718
5.530738
5.509846
5.489043
5.468328
5.447699
5.427155
5.406693
5.386315
5.366019
5.345804
5.325671
5.305620
5.285650
5.265762
5.245954
5.226224
5.206572
5.186995
5.167496
5.148072
5.128724
5.109451
5.090253
5.071133
5.052087
5.033114
5.014214
4.995386
4.976628
4.957942
4.939326
4.920781
4.902305
4.883900
4.865566
4.847303
4.829108
4.810980
4.792920
4.774926
4.756998
4.739137
4.721341
4.703611
4.685947
4.668349
4.650818
4.633351
4.615949
4.598609
4.581332
4.564118
4.546965
4.529874
4.512846
4.495878
4.478973
4.462130
4.445350
4.428631
4.411971
4.395372
4.378831
4.362349
4.345925
4.329560
4.313253
4.297004
4.280813
4.264680
4.248607
4.232592
4.216634
4.200732
4.184886
4.169095
4.153361
4.137681
4.122057
4.106487
4.090972
4.075511
4.060106
4.044757
4.029462
4.014221
3.999034
3.983900
3.968818
3.953790
3.938813
3.923888
3.909015
3.894194
3.879424
3.864706
3.850041
3.835428
3.820867
3.806356
3.791896
3.777486
3.763127
3.748816
3.734555
3.720343
3.706181
3.692067
3.678002
3.663986
3.650018
3.636102
3.622233
3.608414
3.594642
3.580918
3.567241
3.553611
3.540028
3.526492
3.513002
3.499559
3.486162
3.472811
3.459507
3.446248
3.433036
3.419872
3.406753
3.393679
3.380651
3.367667
3.354728
3.341833
3.328983
3.316177
3.303415
3.290696
3.278022
3.265391
3.252803
3.240260
3.227760
3.215305
3.202893
3.190523
3.178197
3.165913
3.153671
3.141471
3.129313
3.117197
3.105123
3.093089
3.081098
3.069147
3.057238
3.045370
3.033543
3.021758
3.010014
2.998312
2.986649
2.975028
2.963446
2.951904
2.940401
2.928939
2.917515
2.906132
2.894787
2.883481
2.872215
2.860987
2.849798
2.838648
2.827537
2.816465
2.805432
2.794438
2.783481
2.772563
2.761683
2.750840
2.740035
2.729267
2.718536
2.707842
2.697186
2.686566
2.675983
2.665437
2.654927
2.644454
2.634017
2.623617
2.613253
2.602927
2.592637
2.582382
2.572164
2.561981
2.551834
2.541722
2.531645
2.521603
2.511596
2.501623
2.491686
2.481783
2.471915
2.462081
2.452282
2.442517
2.432786
2.423090
2.413427
2.403799
2.394206
2.384647
2.375121
2.365629
2.356170
2.346745
2.337352
2.327992
2.318666
2.309372
2.300110
2.290881
2.281685
2.272521
2.263390
2.254290
2.245223
2.236188
2.227185
2.218214
2.209275
2.200368
2.191493
2.182650
2.173839
2.165060
2.156311
2.147594
2.138908
2.130252
2.121627
2.113033
2.104469
2.095936
2.087433
2.078961
2.070519
2.062107
2.053725
2.045373
2.037051
2.028759
2.020497
2.012264
2.004062
1.995889
1.987746
1.979633
1.971549
1.963495
1.955470
1.947474
1.939507
1.931569
1.923659
1.915778
1.907925
1.900101
1.892305
1.884537
1.876798
1.869086
1.861403
1.853748
1.846120
1.838520
1.830949
1.823404
1.815888
1.808399
1.800938
1.793504
1.786097
1.778719
1.771368
1.764044
1.756748
1.749478
1.742235
1.735019
1.727830
1.720667
1.713531
1.706421
1.699337
1.692279
1.685248
1.678242
1.671263
1.664309
1.657382
1.650480
1.643604
1.636754
1.629929
1.623130
1.616356
1.609608
1.602885
1.596187
1.589515
1.582868
1.576246
1.569650
1.563079
1.556534
1.550013
1.543516
1.537045
1.530598
1.524175
1.517777
1.511403
1.505053
1.498727
1.492426
1.486148
1.479895
1.473665
1.467459
1.461277
1.455118
1.448983
1.442872
1.436784
1.430719
1.424678
1.418661
1.412666
1.406695
1.400747
1.394822
1.388920
1.383041
1.377185
1.371352
1.365542
1.359755
1.353991
1.348250
1.342531
1.336834
1.331160
1.325509
1.319879
1.314272
1.308686
1.303123
1.297581
1.292062
1.286564
1.281088
1.275633
1.270200
1.264789
1.259399
1.254031
1.248683
1.243357
1.238053
1.232769
1.227507
1.222266
1.217045
1.211846
1.206667
1.201510
1.196373
1.191257
1.186162
1.181087
1.176033
1.170999
1.165986
1.160994
1.156022
1.151071
1.146140
1.141229
1.136338
1.131467
1.126616
1.121785
1.116974
1.112183
1.107411
1.102659
1.097926
1.093213
1.088520
1.083846
1.079191
1.074555
1.069938
1.065341
1.060763
1.056203
1.051663
1.047141
1.042639
1.038155
1.033690
1.029243
1.024815
1.020406
1.016015
1.011643
1.007289
1.002953
0.998636
0.994337
0.990056
0.985793
0.981549
0.977322
0.973114
0.968923
0.964750
0.960595
0.956458
0.952339
0.948238
0.944154
0.940088
0.936039
0.932008
0.927995
0.923998
0.920019
0.916057
0.912112
0.908184
0.904273
0.900379
0.896502
0.892642
0.888798
0.884971
0.881161
0.877368
0.873591
0.869830
0.866086
0.862358
0.858647
0.854952
0.851273
0.847610
0.843963
0.840332
0.836718
0.833119
0.829536
0.825969
0.822418
0.818882
0.815362
0.811858
0.808369
0.804896
0.801438
0.797996
0.794568
0.791157
0.787760
0.784379
0.781013
0.777662
0.774326
0.771005
0.767699
0.764408
0.761131
0.757870
0.754623
0.751391
0.748174
0.744971
0.741783
0.738610
0.735451
0.732306
0.729176
0.726060
0.722958
0.719871
0.716797
0.713738
0.710692
0.707661
0.704643
0.701639
0.698649
0.695673
0.692710
0.689761
0.686825
0.683903
0.680995
0.678100
0.675218
0.672349
0.669494
0.666652
0.663823
0.661007
0.658204
0.655414
0.652637
0.649873
0.647122
0.644384
0.641658
0.638945
0.636244
0.633557
0.630881
0.628219
0.625568
0.622930
0.620305
0.617691
0.615090
0.612501
0.609925
0.607360
0.604807
0.602267
0.599738
0.597221
0.594716
0.592223
0.589741
0.587271
0.584813
0.582367
0.579932
0.577508
0.575096
0.572695
0.570306
0.567928
0.565561
0.563206
0.560861
0.558528
0.556206
0.553895
0.551595
0.549306
0.547028
0.544760
0.542504
0.540258
0.538023
0.535798
0.533585
0.531381
0.529189
0.527007
0.524835
0.522674
0.520523
0.518382
0.516252
0.514131
0.512021
0.509921
0.507831
0.505751
0.503680
0.501620
0.499570
0.497529
0.495498
0.493477
0.491466
0.489464
0.487471
0.485489
0.483515
0.481551
0.479597
0.477652
0.475716
0.473789
0.471872
0.469964
0.468065
0.466175
0.464294
0.462422
0.460559
0.458705
0.456860
0.455023
0.453196
0.451377
0.449567
0.447765
0.445972
0.444188
0.442412
0.440645
0.438886
0.437135
0.435393
0.433659
0.431933
0.430216
0.428507
0.426806
0.425113
0.423428
0.421751
0.420082
0.418422
0.416769
0.415123
0.413486
0.411857
0.410235
0.408621
0.407014
0.405415
0.403824
0.402240
0.400664
0.399096
0.397534
0.395980
0.394434
0.392895
0.391363
0.389838
0.388320
0.386810
0.385307
0.383810
0.382321
0.380839
0.379364
0.377895
0.376434
0.374980
0.373532
0.372091
0.370657
0.369229
0.367808
0.366394
0.364987
0.363586
0.362191
0.360803
0.359422
0.358046
0.356678
0.355315
0.353959
0.352609
0.351266
0.349929
0.348597
0.347272
0.345954
0.344641
0.343334
0.342033
0.340738
0.339449
0.338167
0.336889
0.335618
0.334353
0.333093
0.331839
0.330591
0.329349
0.328112
0.326881
0.325655
0.324435
0.323221
0.322012
0.320808
0.319610
0.318417
0.317230
0.316048
0.314871
0.313700
0.312533
0.311372
0.310216
0.309066
0.307920
0.306780
0.305644
0.304514
0.303388
0.302268
0.301152
0.300041
0.298936
0.297835
0.296739
0.295647
0.294561
0.293479
0.292402
0.291329
0.290262
0.289198
0.288140
0.287086
0.286036
0.284991
0.283951
0.282915
0.281883
0.280856
0.279833
0.278815
0.277801
0.276791
0.275786
0.274784
0.273787
0.272795
0.271806
0.270821
0.269841
0.268865
0.267893
0.266924
0.265960
0.265000
0.264044
0.263092
0.262144
0.261200
0.260259
0.259323
0.258390
0.257461
0.256536
0.255614
0.254697
0.253783
0.252873
0.251966
0.251064
0.250164
0.249269
0.248377
0.247489
0.246604
0.245722
0.244845
0.243970
0.243099
0.242232
0.241368
0.240507
0.239650
0.238796
0.237946
0.237099
0.236255
0.235414
0.234577
0.233743
0.232912
0.232085
0.231260
0.230439
0.229621
0.228806
0.227994
0.227185
0.226379
0.225577
0.224777
0.223981
0.223187
0.222396
0.221609
0.220824
0.220042
0.219263
0.218487
0.217714
0.216944
0.216177
0.215412
0.214651
0.213892
0.213136
0.212382
0.211632
0.210884
0.210139
0.209396
0.208656
0.207919
0.207185
0.206453
0.205724
0.204997
0.204273
0.203552
0.202833
0.202117
0.201403
0.200691
0.199983
0.199276
0.198573
0.197871
0.197172
0.196476
0.195782
0.195090
0.194401
0.193714
0.193030
0.192348
0.191668
0.190990
0.190315
0.189642
0.188972
0.188304
0.187638
0.186974
0.186312
0.185653
0.184996
0.184341
0.183688
0.183038
0.182389
0.181743
0.181099
0.180457
0.179817
0.179180
0.178544
0.177911
0.177279
0.176650
0.176022
0.175397
0.174774
0.174153
0.173533
0.172916
0.172301
0.171688
0.171076
0.170467
0.169860
0.169254
0.168650
0.168049
0.167449
0.166851
0.166255
0.165661
0.165069
0.164479
0.163890
0.163304
0.162719
0.162136
0.161555
0.160975
0.160398
0.159822
0.159248
0.158676
0.158105
0.157536
0.156969
0.156404
0.155841
0.155279
0.154719
0.154160
0.153604
0.153049
0.152495
0.151944
0.151394
0.150845
0.150298
0.149753
0.149210
0.148668
0.148128
0.147589
0.147052
0.146517
0.145983
0.145451
0.144920
0.144391
0.143863
0.143337
0.142813
0.142290
0.141769
0.141249
0.140730
0.140214
0.139698
0.139184
0.138672
0.138161
0.137652
0.137144
0.136638
0.136133
0.135629
0.135127
0.134626
0.134127
0.133629
0.133133
0.132638
0.132144
0.131652
0.131162
0.130672
0.130184
0.129698
0.129213
0.128729
0.128246
0.127765
0.127286
0.126807
0.126330
0.125855
0.125380
0.124907
0.124436
0.123965
0.123496
0.123028
0.122562
0.122097
0.121633
0.121170
0.120709
0.120249
0.119790
0.119333
0.118877
0.118422
0.117968
0.117516
0.117065
0.116615
0.116166
0.115719
0.115273
0.114828
0.114384
0.113941
0.113500
0.113060
0.112621
0.112183
0.111747
0.111312
0.110877
0.110444
0.110013
0.109582
0.109153
0.108724
0.108297
0.107871
0.107446
0.107023
0.106600
0.106179
0.105759
0.105340
0.104922
0.104505
0.104089
0.103675
0.103261
0.102849
0.102438
0.102027
0.101618
0.101210
0.100804
0.100398
0.099993
0.099590
0.099187
0.098786
0.098386
0.097986
0.097588
0.097191
0.096795
0.096400
0.096006
0.095613
0.095221
0.094830
0.094441
0.094052
0.093664
0.093278
0.092892
0.092507
0.092124
0.091741
0.091360
0.090979
0.090600
0.090221
0.089844
0.089467
0.089092
0.088717
0.088344
0.087972
0.087600
0.087230
0.086860
0.086491
0.086124
0.085757
0.085392
0.085027
0.084663
0.084301
0.083939
0.083578
0.083218
0.082859
0.082502
0.082145
0.081789
0.081433
0.081079
0.080726
0.080374
0.080022
0.079672
0.079323
0.078974
0.078626
0.078280
0.077934
0.077589
0.077245
0.076902
0.076560
0.076219
0.075878
0.075539
0.075200
0.074863
0.074526
0.074190
0.073855
0.073521
0.073188
0.072856
0.072524
0.072194
0.071864
0.071535
0.071207
0.070880
0.070554
0.070229
0.069904
0.069581
0.069258
0.068936
0.068615
0.068295
0.067976
0.067657
0.067340
0.067023
0.066707
0.066392
0.066078
0.065764
0.065452
0.065140
0.064829
0.064519
0.064210
0.063901
0.063593
0.063287
0.062981
0.062675
0.062371
0.062067
0.061765
0.061463
0.061162
0.060861
0.060562
0.060263
0.059965
0.059668
0.059372
0.059076
0.058781
0.058487
0.058194
0.057902
0.057610
0.057319
0.057029
0.056740
0.056451
0.056163
0.055876
0.055590
0.055305
0.055020
0.054736
0.054453
0.054170
0.053889
0.053608
0.053328
0.053048
0.052769
0.052492
0.052214
0.051938
0.051662
0.051387
0.051113
0.050840
0.050567
0.050295
0.050024
0.049753
0.049483
0.049214
0.048946
0.048678
0.048411
0.048145
0.047880
0.047615
0.047351
0.047087
0.046825
0.046563
0.046302
0.046041
0.045781
0.045522
0.045264
0.045006
0.044749
0.044493
0.044237
0.043982
0.043728
0.043474
0.043221
0.042969
0.042718
0.042467
0.042217
0.041967
0.041719
0.041470
0.041223
0.040976
0.040730
0.040485
0.040240
0.039996
0.039752
0.039510
0.039268
0.039026
0.038785
0.038545
0.038306
0.038067
0.037829
0.037591
0.037354
0.037118
0.036882
0.036647
0.036413
0.036179
0.035946
0.035714
0.035482
0.035251
0.035021
0.034791
0.034562
0.034333
0.034105
0.033878
0.033651
0.033425
0.033199
0.032974
0.032750
0.032526
0.032303
0.032081
0.031859
0.031638
0.031417
0.031197
0.030978
0.030759
0.030541
0.030324
0.030107
0.029890
0.029674
0.029459
0.029245
0.029031
0.028817
0.028604
0.028392
0.028180
0.027969
0.027759
0.027549
0.027340
0.027131
0.026923
0.026715
0.026508
0.026302
0.026096
0.025891
0.025686
0.025482
0.025278
0.025075
0.024873
0.024671
0.024469
0.024268
0.024068
0.023869
0.023669
0.023471
0.023273
0.023075
0.022878
0.022682
0.022486
0.022291
0.022096
0.021902
0.021708
0.021515
0.021323
0.021131
0.020939
0.020748
0.020558
0.020368
0.020178
0.019990
0.019801
0.019613
0.019426
0.019239
0.019053
0.018867
0.018682
0.018498
0.018313
0.018130
0.017947
0.017764
0.017582
0.017400
0.017219
0.017039
0.016859
0.016679
0.016500
0.016322
0.016143
0.015966
0.015789
0.015612
0.015436
0.015261
0.015086
0.014911
0.014737
0.014563
0.014390
0.014218
0.014045
0.013874
0.013703
0.013532
0.013362
0.013192
0.013023
0.012854
0.012686
0.012518
0.012350
0.012184
0.012017
0.011851
0.011686
0.011521
0.011356
0.011192
0.011029
0.010865
0.010703
0.010541
0.010379
0.010217
0.010057
0.009896
0.009736
0.009577
0.009418
0.009259
0.009101
0.008943
0.008786
0.008629
0.008473
0.008317
0.008162
0.008007
0.007852
0.007698
0.007544
0.007391
0.007238
0.007086
0.006934
0.006782
0.006631
0.006480
0.006330
0.006180
0.006031
0.005882
0.005733
0.005585
0.005438
0.005290
0.005143
0.004997
0.004851
0.004705
0.004560
0.004415
0.004271
0.004127
0.003984
0.003840
0.003698
0.003555
0.003414
0.003272
0.003131
0.002990
0.002850
0.002710
0.002571
0.002431
0.002293
0.002154
0.002017
0.001879
0.001742
0.001605
0.001469
0.001333
0.001197
0.001062
0.000927
0.000793
0.000659
0.000525
0.000392
0.000259
0.000127
-0.000005
-0.000137
-0.000268
-0.000399
-0.000530
-0.000660
-0.000790
-0.000919
-0.001048
-0.001177
-0.001306
-0.001434
-0.001561
-0.001688
-0.001815
-0.001942
-0.002068
-0.002194
-0.002319
-0.002444
-0.002569
-0.002693
-0.002817
-0.002941
-0.003064
-0.003187
-0.003310
-0.003432
-0.003554
-0.003675
-0.003797
-0.003917
-0.004038
-0.004158
-0.004278
-0.004397
-0.004516
-0.004635
-0.004753
-0.004871
-0.004989
-0.005107
-0.005224
-0.005340
-0.005457
-0.005573
-0.005688
-0.005804
-0.005919
-0.006033
-0.006148
-0.006262
-0.006376
-0.006489
-0.006602
-0.006715
-0.006827
-0.006939
-0.007051
-0.007162
-0.007274
-0.007384
-0.007495
-0.007605
-0.007715
-0.007824
-0.007933
-0.008042
-0.008151
-0.008259
-0.008367
-0.008475
-0.008582
-0.008689
-0.008796
-0.008902
-0.009008
-0.009114
-0.009219
-0.009325
-0.009429
-0.009534
-0.009638
-0.009742
-0.009846
-0.009949
-0.010052
-0.010155
-0.010257
-0.010360
-0.010461
-0.010563
-0.010664
-0.010765
-0.010866
-0.010966
-0.011066
-0.011166
-0.011266
-0.011365
-0.011464
-0.011563
-0.011661
-0.011759
-0.011857
-0.011954
-0.012052
-0.012148
-0.012245
-0.012342
-0.012438
-0.012533
-0.012629
-0.012724
-0.012819
-0.012914
-0.013008
-0.013103
-0.013197
-0.013290
-0.013384
-0.013477
-0.013569
-0.013662
-0.013754
-0.013846
-0.013938
-0.014029
-0.014121
-0.014212
-0.014302
-0.014393
-0.014483
-0.014573
-0.014662
-0.014752
-0.014841
-0.014930
-0.015018
-0.015107
-0.015195
-0.015283
-0.015370
-0.015457
-0.015544
-0.015631
-0.015718
-0.015804
-0.015890
-0.015976
-0.016062
-0.016147
-0.016232
-0.016317
-0.016401
-0.016486
-0.016570
-0.016653
-0.016737
-0.016820
-0.016903
-0.016986
-0.017069
-0.017151
-0.017233
-0.017315
-0.017397
-0.017478
-0.017560
-0.017641
-0.017721
-0.017802
-0.017882
-0.017962
-0.018042
-0.018121
-0.018201
-0.018280
-0.018359
-0.018437
-0.018516
-0.018594
-0.018672
-0.018749
-0.018827
-0.018904
-0.018981
-0.019058
-0.019135
-0.019211
-0.019287
-0.019363
-0.019439
-0.019514
-0.019590
-0.019665
-0.019739
-0.019814
-0.019888
-0.019963
-0.020037
-0.020110
-0.020184
-0.020257
-0.020330
-0.020403
-0.020476
-0.020548
-0.020621
-0.020693
-0.020764
-0.020836
-0.020907
-0.020979
-0.021050
-0.021121
-0.021191
-0.021262
-0.021332
-0.021402
-0.021471
-0.021541
-0.021610
-0.021680
-0.021749
-0.021817
-0.021886
-0.021954
-0.022022
-0.022090
-0.022158
-0.022226
-0.022293
-0.022360
-0.022427
-0.022494
-0.022561
-0.022627
-0.022693
-0.022759
-0.022825
-0.022891
-0.022956
-0.023022
-0.023087
-0.023152
-0.023216
-0.023281
-0.023345
-0.023409
-0.023473
-0.023537
-0.023601
-0.023664
-0.023727
-0.023790
-0.023853
-0.023916
-0.023978
-0.024040
-0.024103
-0.024164
-0.024226
-0.024288
-0.024349
-0.024410
-0.024471
-0.024532
-0.024593
-0.024654
-0.024714
-0.024774
-0.024834
-0.024894
-0.024954
-0.025013
-0.025072
-0.025131
-0.025190
-0.025249
-0.025308
-0.025366
-0.025425
-0.025483
-0.025541
-0.025598
-0.025656
-0.025713
-0.025771
-0.025828
-0.025885
-0.025941
-0.025998
-0.026055
-0.026111
-0.026167
-0.026223
-0.026279
-0.026334
-0.026390
-0.026445
-0.026500
-0.026555
-0.026610
-0.026665
-0.026719
-0.026774
-0.026828
-0.026882
-0.026936
-0.026990
-0.027043
-0.027097
-0.027150
-0.027203
-0.027256
-0.027309
-0.027361
-0.027414
-0.027466
-0.027519
-0.027571
-0.027623
-0.027674
-0.027726
-0.027777
-0.027829
-0.027880
-0.027931
-0.027982
-0.028032
-0.028083
-0.028133
-0.028184
-0.028234
-0.028284
-0.028334
-0.028383
-0.028433
-0.028482
-0.028532
-0.028581
-0.028630
-0.028679
-0.028727
-0.028776
-0.028824
-0.028873
-0.028921
-0.028969
-0.029017
-0.029065
-0.029112
-0.029160
-0.029207
-0.029254
-0.029301
-0.029348
-0.029395
-0.029442
-0.029488
-0.029535
-0.029581
-0.029627
-0.029673
-0.029719
-0.029765
-0.029810
-0.029856
-0.029901
-0.029946
-0.029991
-0.030036
-0.030081
-0.030126
-0.030170
-0.030215
-0.030259
-0.030303
-0.030347
-0.030391
-0.030435
-0.030479
-0.030522
-0.030566
-0.030609
-0.030652
-0.030695
-0.030738
-0.030781
-0.030824
-0.030866
-0.030909
-0.030951
-0.030993
-0.031036
-0.031078
-0.031119
-0.031161
-0.031203
-0.031244
-0.031286
-0.031327
-0.031368
-0.031409
-0.031450
-0.031491
-0.031531
-0.031572
-0.031612
-0.031653
-0.031693
-0.031733
-0.031773
-0.031813
-0.031853
-0.031892
-0.031932
-0.031971
-0.032011
-0.032050
-0.032089
-0.032128
-0.032167
-0.032206
-0.032244
-0.032283
-0.032321
-0.032360
-0.032398
-0.032436
-0.032474
-0.032512
-0.032550
-0.032587
-0.032625
-0.032662
-0.032700
-0.032737
-0.032774
-0.032811
-0.032848
-0.032885
-0.032922
-0.032958
-0.032995
-0.033031
-0.033067
-0.033104
-0.033140
-0.033176
-0.033212
-0.033247
-0.033283
-0.033319
-0.033354
-0.033390
-0.033425
-0.033460
-0.033495
-0.033530
-0.033565
-0.033600
-0.033635
-0.033669
-0.033704
-0.033738
-0.033773
-0.033807
-0.033841
-0.033875
-0.033909
-0.033943
-0.033977
-0.034010
-0.034044
-0.034077
-0.034111
-0.034144
-0.034177
-0.034210
-0.034243
-0.034276
-0.034309
-0.034342
-0.034374
-0.034407
-0.034439
-0.034472
-0.034504
-0.034536
-0.034568
-0.034600
-0.034632
-0.034664
-0.034696
-0.034728
-0.034759
-0.034791
-0.034822
-0.034853
-0.034885
-0.034916
-0.034947
-0.034978
-0.035009
-0.035039
-0.035070
-0.035101
-0.035131
-0.035162
-0.035192
-0.035222
-0.035252
-0.035283
-0.035313
-0.035343
-0.035372
-0.035402
-0.035432
-0.035462
-0.035491
-0.035521
-0.035550
-0.035579
-0.035608
-0.035638
-0.035667
-0.035696
-0.035724
-0.035753
-0.035782
-0.035811
-0.035839
-0.035868
-0.035896
-0.035924
-0.035953
-0.035981
-0.036009
-0.036037
-0.036065
-0.036093
-0.036121
-0.036148
-0.036176
-0.036204
-0.036231
-0.036258
-0.036286
-0.036313
-0.036340
-0.036367
-0.036394
-0.036421
-0.036448
-0.036475
-0.036502
-0.036529
-0.036555
-0.036582
-0.036608
-0.036635
-0.036661
-0.036687
-0.036713
-0.036739
-0.036765
-0.036791
-0.036817
-0.036843
-0.036869
-0.036895
-0.036920
-0.036946
-0.036971
-0.036997
-0.037022
-0.037047
-0.037072
-0.037098
-0.037123
-0.037148
-0.037173
-0.037197
-0.037222
-0.037247
-0.037272
-0.037296
-0.037321
-0.037345
-0.037370
-0.037394
-0.037418
-0.037442
-0.037466
-0.037491
-0.037515
-0.037538
-0.037562
-0.037586
-0.037610
-0.037634
-0.037657
-0.037681
-0.037704
-0.037728
-0.037751
-0.037774
-0.037798
-0.037821
-0.037844
-0.037867
-0.037890
-0.037913
-0.037936
-0.037959
-0.037981
-0.038004
-0.038027
-0.038049
-0.038072
-0.038094
-0.038117
-0.038139
-0.038161
-0.038183
-0.038206
-0.038228
-0.038250
-0.038272
-0.038294
-0.038315
-0.038337
-0.038359
-0.038381
-0.038402
-0.038424
-0.038445
-0.038467
-0.038488
-0.038510
-0.038531
-0.038552
-0.038573
-0.038594
-0.038615
-0.038637
-0.038657
-0.038678
-0.038699
-0.038720
-0.038741
-0.038761
-0.038782
-0.038803
-0.038823
-0.038844
-0.038864
-0.038884
-0.038905
-0.038925
-0.038945
-0.038965
-0.038985
-0.039005
-0.039025
-0.039045
-0.039065
-0.039085
-0.039105
-0.039125
-0.039144
-0.039164
-0.039184
-0.039203
-0.039223
-0.039242
-0.039261
-0.039281
-0.039300
-0.039319
-0.039338
-0.039357
-0.039377
-0.039396
-0.039415
-0.039433
-0.039452
-0.039471
-0.039490
-0.039509
-0.039527
-0.039546
-0.039565
-0.039583
-0.039602
-0.039620
-0.039639
-0.039657
-0.039675
-0.039693
-0.039712
-0.039730
-0.039748
-0.039766
-0.039784
-0.039802
-0.039820
-0.039838
-0.039856
-0.039874
-0.039891
-0.039909
-0.039927
-0.039944
-0.039962
-0.039979
-0.039997
-0.040014
-0.040032
-0.040049
-0.040066
-0.040084
-0.040101
-0.040118
-0.040135
-0.040152
-0.040169
-0.040186
-0.040203
-0.040220
-0.040237
-0.040254
-0.040271
-0.040287
-0.040304
-0.040321
-0.040337
-0.040354
-0.040371
-0.040387
-0.040404
-0.040420
-0.040436
-0.040453
-0.040469
-0.040485
-0.040501
-0.040518
-0.040534
-0.040550
-0.040566
-0.040582
-0.040598
-0.040614
-0.040630
-0.040646
-0.040661
-0.040677
-0.040693
-0.040709
-0.040724
-0.040740
-0.040755
-0.040771
-0.040786
-0.040802
-0.040817
-0.040833
-0.040848
-0.040863
-0.040879
-0.040894
-0.040909
-0.040924
-0.040939
-0.040954
-0.040970
-0.040985
-0.041000
-0.041014
-0.041029
-0.041044
-0.041059
-0.041074
-0.041089
-0.041103
-0.041118
-0.041133
-0.041147
-0.041162
-0.041176
-0.041191
-0.041205
-0.041220
-0.041234
-0.041249
-0.041263
-0.041277
-0.041292
-0.041306
-0.041320
-0.041334
-0.041348
-0.041362
-0.041376
-0.041390
-0.041404
-0.041418
-0.041432
-0.041446
-0.041460
-0.041474
-0.041488
-0.041501
-0.041515
-0.041529
-0.041543
-0.041556
-0.041570
-0.041583
-0.041597
-0.041610
-0.041624
-0.041637
-0.041651
-0.041664
-0.041677
-0.041691
-0.041704
-0.041717
-0.041730
-0.041744
-0.041757
-0.041770
-0.041783
-0.041796
-0.041809
-0.041822
-0.041835
-0.041848
-0.041861
-0.041874
-0.041887
-0.041899
-0.041912
-0.041925
-0.041938
-0.041950
-0.041963
-0.041976
-0.041988
-0.042001
-0.042013
-0.042026
-0.042038
-0.042051
-0.042063
-0.042076
-0.042088
-0.042100
-0.042113
-0.042125
-0.042137
-0.042150
-0.042162
-0.042174
-0.042186
-0.042198
-0.042210
-0.042222
-0.042234
-0.042246
-0.042258
-0.042270
-0.042282
-0.042294
-0.042306
-0.042318
-0.042330
-0.042341
-0.042353
-0.042365
-0.042377
-0.042388
-0.042400
-0.042412
-0.042423
-0.042435
-0.042446
-0.042458
-0.042469
-0.042481
-0.042492
-0.042504
-0.042515
-0.042526
-0.042538
-0.042549
-0.042560
-0.042572
-0.042583
-0.042594
-0.042605
-0.042617
-0.042628
-0.042639
-0.042650
-0.042661
-0.042672
-0.042683
-0.042694
-0.042705
-0.042716
-0.042727
-0.042738
-0.042749
-0.042759
-0.042770
-0.042781
-0.042792
-0.042803
-0.042813
-0.042824
-0.042835
-0.042845

