0.000000
0.000000
-0.000026
-0.000052
-0.000077
-0.000103
-0.000128
-0.000153
-0.000177
-0.000201
-0.000224
-0.000247
-0.000270
-0.000293
-0.000315
-0.000337
-0.000359
-0.000380
-0.000402
-0.000423
-0.000444
-0.000465
-0.000485
-0.000506
-0.000526
-0.000547
-0.000567
-0.000587
-0.000607
-0.000627
-0.000647
-0.000667
-0.000687
-0.000707
-0.000726
-0.000746
-0.000766
-0.000785
-0.000805
-0.000824
-0.000844
-0.000863
-0.000883
-0.000902
-0.000922
-0.000941
-0.000961
-0.000980
-0.001000
-0.001019
-0.001038
-0.001058
-0.001077
-0.001097
-0.001116
-0.001135
-0.001155
-0.001174
-0.001194
-0.001213
-0.001233
-0.001252
-0.001271
-0.001291
-0.001310
-0.001330
-0.001349
-0.001369
-0.001388
-0.001408
-0.001428
-0.001447
-0.001467
-0.001486
-0.001506
-0.001525
-0.001545
-0.001565
-0.001584
-0.001604
-0.001624
-0.001644
-0.001663
-0.001683
-0.001703
-0.001723
-0.001743
-0.001762
-0.001782
-0.001802
-0.001822
-0.001842
-0.001862
-0.001882
-0.001902
-0.001922
-0.001942
-0.001962
-0.001982
-0.002002
-0.002022
-0.002042
-0.002063
-0.002083
-0.002103
-0.002123
-0.002143
-0.002164
-0.002184
-0.002204
-0.002225
-0.002245
-0.002265
-0.002286
-0.002306
-0.002326
-0.002347
-0.002367
-0.002388
-0.002408
-0.002429
-0.002449
-0.002470
-0.002491
-0.002511
-0.002532
-0.002553
-0.002573
-0.002594
-0.002615
-0.002635
-0.002656
-0.002677
-0.002698
-0.002719
-0.002739
-0.002760
-0.002781
-0.002802
-0.002823
-0.002844
-0.002865
-0.002886
-0.002907
-0.002928
-0.002949
-0.002970
-0.002991
-0.003012
-0.003033
-0.003054
-0.003075
-0.003097
-0.003118
-0.003139
-0.003160
-0.003181
-0.003203
-0.003224
-0.003245
-0.003266
-0.003288
-0.003309
-0.003330
-0.003352
-0.003373
-0.003395
-0.003416
-0.003437
-0.003459
-0.003480
-0.003502
-0.003523
-0.003545
-0.003566
-0.003588
-0.003610
-0.003631
-0.003653
-0.003674
-0.003696
-0.003718
-0.003739
-0.003761
-0.003783
-0.003804
-0.003826
-0.003848
-0.003869
-0.003891
-0.003913
-0.003935
-0.003956
-0.003978
-0.004000
-0.004022
-0.004044
-0.004066
-0.004088
-0.004109
-0.004131
-0.004153
-0.004175
-0.004197
-0.004219
-0.004241
-0.004263
-0.004285
-0.004307
-0.004329
-0.004351
-0.004373
-0.004395
-0.004417
-0.004439
-0.004461
-0.004483
-0.004505
-0.004527
-0.004550
-0.004572
-0.004594
-0.004616
-0.004638
-0.004660
-0.004683
-0.004705
-0.004727
-0.004749
-0.004771
-0.004794
-0.004816
-0.004838
-0.004860
-0.004883
-0.004905
-0.004927
-0.004949
-0.004972
-0.004994
-0.005016
-0.005039
-0.005061
-0.005083
-0.005106
-0.005128
-0.005150
-0.005173
-0.005195
-0.005218
-0.005240
-0.005262
-0.005285
-0.005307
-0.005330
-0.005352
-0.005375
-0.005397
-0.005419
-0.005442
-0.005464
-0.005487
-0.005509
-0.005532
-0.005554
-0.005577
-0.005599
-0.005622
-0.005644
-0.005667
-0.005690
-0.005712
-0.005735
-0.005757
-0.005780
-0.005802
-0.005825
-0.005847
-0.005870
-0.005893
-0.005915
-0.005938
-0.005960
-0.005983
-0.006006
-0.006028
-0.006051
-0.006073
-0.006096
-0.006119
-0.006141
-0.006164
-0.006187
-0.006209
-0.006232
-0.006255
-0.006277
-0.006300
-0.006323
-0.006345
-0.006368
-0.006391
-0.006413
-0.006436
-0.006459
-0.006482
-0.006504
-0.006527
-0.006550
-0.006572
-0.006595
-0.006618
-0.006641
-0.006663
-0.006686
-0.006709
-0.006731
-0.006754
-0.006777
-0.006800
-0.006822
-0.006845
-0.006868
-0.006891
-0.006913
-0.006936
-0.006959
-0.006982
-0.007004
-0.007027
-0.007050
-0.007073
-0.007095
-0.007118
-0.007141
-0.007164
-0.007187
-0.007209
-0.007232
-0.007255
-0.007278
-0.007300
-0.007323
-0.007346
-0.007369
-0.007392
-0.007414
-0.007437
-0.007460
-0.007483
-0.007505
-0.007528
-0.007551
-0.007574
-0.007597
-0.007619
-0.007642
-0.007665
-0.007688
-0.007711
-0.007733
-0.007756
-0.007779
-0.007802
-0.007825
-0.007847
-0.007870
-0.007893
-0.007916
-0.007939
-0.007961
-0.007984
-0.008007
-0.008030
-0.008052
-0.008075
-0.008098
-0.008121
-0.008144
-0.008166
-0.008189
-0.008212
-0.008235
-0.008258
-0.008280
-0.008303
-0.008326
-0.008349
-0.008371
-0.008394
-0.008417
-0.008440
-0.008462
-0.008485
-0.008508
-0.008531
-0.008554
-0.008576
-0.008599
-0.008622
-0.008645
-0.008667
-0.008690
-0.008713
-0.008736
-0.008758
-0.008781
-0.008804
-0.008827
-0.008849
-0.008872
-0.008895
-0.008917
-0.008940
-0.008963
-0.008986
-0.009008
-0.009031
-0.009054
-0.009077
-0.009099
-0.009122
-0.009145
-0.009167
-0.009190
-0.009213
-0.009235
-0.009258
-0.009281
-0.009304
-0.009326
-0.009349
-0.009372
-0.009394
-0.009417
-0.009440
-0.009462
-0.009485
-0.009508
-0.009530
-0.009553
-0.009576
-0.009598
-0.009621
-0.009643
-0.009666
-0.009689
-0.009711
-0.009734
-0.009757
-0.009779
-0.009802
-0.009824
-0.009847
-0.009870
-0.009892
-0.009915
-0.009937
-0.009960
-0.009983
-0.010005
-0.010028
-0.010050
-0.010073
-0.010095
-0.010118
-0.010141
-0.010163
-0.010186
-0.010208
-0.010231
-0.010253
-0.010276
-0.010298
-0.010321
-0.010343
-0.010366
-0.010388
-0.010411
-0.010433
-0.010456
-0.010478
-0.010501
-0.010523
-0.010546
-0.010568
-0.010591
-0.010613
-0.010636
-0.010658
-0.010680
-0.010703
-0.010725
-0.010748
-0.010770
-0.010793
-0.010815
-0.010837
-0.010860
-0.010882
-0.010905
-0.010927
0.639416
1.559440
2.605614
3.249057
3.703518
4.034743
4.279894
4.462120
4.596570
4.693625
4.755736
4.791540
4.806449
4.804495
4.788815
4.761910
4.725808
4.682190
4.632437
4.577713
4.518994
4.457116
4.392769
4.326547
4.258948
4.190413
4.121289
4.051882
3.982464
3.913241
4.447783
5.243386
6.162515
6.715147
7.088936
7.346627
7.523668
7.641999
7.715989
7.755434
7.761847
7.743803
7.706639
7.654284
7.589763
7.515480
7.433371
7.345009
7.251717
7.154594
7.054551
6.952369
6.848692
6.744079
6.638978
6.533814
6.428885
6.324501
6.220867
6.118208
6.591848
7.325761
8.184470
8.700835
9.043112
9.272509
9.423512
9.517528
9.568508
9.585983
9.570935
9.531878
9.474153
9.401684
9.317476
9.223902
9.122867
9.015953
8.904437
8.789419
8.671788
8.552330
8.431684
8.310381
8.188901
8.067625
7.946872
7.826929
7.708026
7.590339
8.028915
8.729412
9.557247
10.061240
10.393810
10.614779
10.758183
10.845068
10.889171
10.899871
10.877813
10.831469
10.766241
10.686108
10.594087
10.492591
10.383536
10.268535
10.148871
10.025683
9.899883
9.772246
9.643430
9.513993
9.384426
9.255101
9.126378
8.998528
8.871760
8.746308
9.160576
9.839190
10.647861
11.148884
11.480267
11.700786
11.844022
11.930756
11.974517
11.984601
11.961385
11.913295
11.845821
11.762991
11.667895
11.562964
11.450214
11.331226
11.207406
11.079868
10.949573
10.817330
10.683808
10.549636
10.415245
10.281075
10.147470
10.014727
9.883079
9.752730
10.147476
10.809154
11.603729
12.105396
12.439209
12.662783
12.809205
12.898955
12.945386
12.957682
12.935978
12.888630
12.821225
12.737833
12.641637
12.535149
12.420385
12.299069
12.172603
12.042171
11.908766
11.773252
11.636338
11.498637
11.360653
11.222801
11.085477
10.948960
10.813490
10.679300
11.056834
11.703706
12.486551
12.990331
13.328410
13.557040
13.708733
13.803596
13.854706
13.871102
13.852659
13.807631
13.741681
13.658968
13.562742
13.455575
13.339622
13.216613
13.088062
12.955194
12.819077
12.680639
12.540579
12.399568
12.258187
12.116833
11.975894
11.835724
11.696558
11.558622
11.422133
11.287214
11.153990
11.022571
10.893061
10.765481
10.639901
10.516369
10.394884
10.275493
10.158170
10.042953
9.929811
9.818750
9.709764
9.602803
9.497880
9.394963
9.294022
9.195023
9.097971
9.002803
8.909513
8.818057
8.728406
8.640525
8.554387
8.469972
8.387224
8.306128
8.226638
8.148729
8.072376
7.997533
7.924176
7.852279
7.781793
7.712703
7.644976
7.578577
7.513482
7.449661
7.387077
7.325711
7.265541
7.206525
7.148636
7.091861
7.036171
6.981531
6.927921
6.875326
6.823711
6.773051
6.723328
6.674525
6.626613
6.579569
6.533371
6.488004
6.443451
6.399686
6.356687
6.314438
6.272928
6.232133
6.192034
6.152613
6.113854
6.075745
6.038271
6.001409
5.965148
5.929470
5.894365
5.859821
5.825819
5.792347
5.759390
5.726937
5.694974
5.663495
5.632485
5.601931
5.571819
5.542141
5.512886
5.484044
5.455607
5.427566
5.399906
5.372620
5.345699
5.319132
5.292911
5.267031
5.241485
5.216262
5.191353
5.166750
5.142446
5.118435
5.094709
5.071262
5.048088
5.025184
5.002539
4.980146
4.958000
4.936095
4.914426
4.892987
4.871772
4.850778
4.830002
4.809438
4.789078
4.768918
4.748953
4.729180
4.709592
4.690188
4.670963
4.651913
4.633034
4.614327
4.595783
4.577399
4.559172
4.541097
4.523171
4.505392
4.487757
4.470262
4.452905
4.435683
4.418594
4.401638
4.384809
4.368105
4.351521
4.335057
4.318709
4.302475
4.286353
4.270341
4.254437
4.238639
4.222947
4.207357
4.191870
4.176481
4.161190
4.145993
4.130889
4.115876
4.100953
4.086116
4.071367
4.056703
4.042122
4.027624
4.013208
3.998872
3.984615
3.970438
3.956336
3.942310
3.928356
3.914475
3.900665
3.886924
3.873251
3.859647
3.846109
3.832638
3.819231
3.805889
3.792611
3.779397
3.766246
3.753156
3.740127
3.727157
3.714245
3.701390
3.688592
3.675849
3.663162
3.650528
3.637949
3.625423
3.612951
3.600530
3.588161
3.575844
3.563579
3.551365
3.539201
3.527086
3.515020
3.503001
3.491029
3.479104
3.467224
3.455391
3.443602
3.431858
3.420158
3.408503
3.396891
3.385323
3.373798
3.362316
3.350877
3.339482
3.328128
3.316816
3.305545
3.294314
3.283124
3.271973
3.260861
3.249788
3.238753
3.227757
3.216798
3.205878
3.194995
3.184150
3.173342
3.162571
3.151838
3.141141
3.130482
3.119860
3.109274
3.098723
3.088208
3.077727
3.067282
3.056871
3.046494
3.036151
3.025841
3.015565
3.005323
2.995113
2.984937
2.974794
2.964684
2.954606
2.944561
2.934550
2.924570
2.914625
2.904711
2.894830
2.884980
2.875161
2.865374
2.855617
2.845892
2.836197
2.826532
2.816898
2.807293
2.797719
2.788174
2.778659
2.769174
2.759718
2.750292
2.740895
2.731528
2.722191
2.712883
2.703604
2.694356
2.685136
2.675945
2.666782
2.657648
2.648542
2.639464
2.630413
2.621391
2.612396
2.603428
2.594488
2.585575
2.576690
2.567831
2.558999
2.550194
2.541416
2.532665
2.523941
2.515244
2.506573
2.497930
2.489313
2.480724
2.472161
2.463624
2.455114
2.446629
2.438170
2.429737
2.421329
2.412947
2.404591
2.396259
2.387953
2.379671
2.371415
2.363183
2.354977
2.346795
2.338637
2.330505
2.322397
2.314313
2.306254
2.298220
2.290211
2.282226
2.274266
2.266331
2.258420
2.250534
2.242671
2.234832
2.227017
2.219225
2.211457
2.203713
2.195991
2.188294
2.180619
2.172967
2.165339
2.157733
2.150150
2.142591
2.135054
2.127539
2.120047
2.112578
2.105132
2.097708
2.090307
2.082928
2.075572
2.068239
2.060928
2.053640
2.046375
2.039132
2.031911
2.024711
2.017534
2.010378
2.003245
1.996132
1.989042
1.981972
1.974925
1.967898
1.960893
1.953909
1.946946
1.940004
1.933083
1.926183
1.919304
1.912446
1.905609
1.898792
1.891996
1.885221
1.878467
1.871733
1.865020
1.858328
1.851656
1.845006
1.838376
1.831767
1.825177
1.818609
1.812060
1.805531
1.799022
1.792534
1.786065
1.779615
1.773186
1.766776
1.760386
1.754015
1.747664
1.741332
1.735019
1.728726
1.722452
1.716197
1.709962
1.703745
1.697548
1.691369
1.685210
1.679069
1.672947
1.666844
1.660760
1.654695
1.648649
1.642622
1.636613
1.630624
1.624653
1.618701
1.612768
1.606853
1.600956
1.595078
1.589218
1.583376
1.577552
1.571746
1.565959
1.560189
1.554437
1.548703
1.542986
1.537288
1.531607
1.525943
1.520298
1.514669
1.509059
1.503465
1.497890
1.492331
1.486790
1.481266
1.475759
1.470270
1.464797
1.459342
1.453904
1.448483
1.443079
1.437691
1.432321
1.426969
1.421633
1.416314
1.411012
1.405728
1.400460
1.395208
1.389973
1.384755
1.379553
1.374368
1.369199
1.364046
1.358910
1.353790
1.348686
1.343598
1.338527
1.333471
1.328431
1.323408
1.318400
1.313408
1.308433
1.303472
1.298528
1.293599
1.288686
1.283789
1.278907
1.274041
1.269191
1.264355
1.259536
1.254731
1.249943
1.245169
1.240411
1.235667
1.230940
1.226227
1.221530
1.216848
1.212181
1.207530
1.202893
1.198272
1.193666
1.189075
1.184499
1.179938
1.175392
1.170860
1.166343
1.161841
1.157353
1.152880
1.148421
1.143977
1.139548
1.135133
1.130732
1.126346
1.121974
1.117616
1.113272
1.108943
1.104628
1.100327
1.096040
1.091767
1.087508
1.083263
1.079032
1.074815
1.070612
1.066423
1.062247
1.058085
1.053937
1.049803
1.045683
1.041576
1.037482
1.033402
1.029336
1.025283
1.021244
1.017218
1.013206
1.009207
1.005221
1.001249
0.997291
0.993345
0.989413
0.985495
0.981590
0.977697
0.973819
0.969953
0.966100
0.962260
0.958433
0.954619
0.950818
0.947030
0.943255
0.939493
0.935743
0.932006
0.928281
0.924570
0.920871
0.917184
0.913510
0.909849
0.906200
0.902564
0.898940
0.895328
0.891729
0.888142
0.884568
0.881005
0.877455
0.873918
0.870392
0.866879
0.863377
0.859888
0.856411
0.852946
0.849493
0.846051
0.842622
0.839205
0.835799
0.832406
0.829024
0.825654
0.822296
0.818950
0.815615
0.812292
0.808981
0.805681
0.802393
0.799116
0.795851
0.792598
0.789356
0.786125
0.782906
0.779699
0.776503
0.773319
0.770146
0.766984
0.763834
0.760695
0.757567
0.754450
0.751345
0.748250
0.745167
0.742095
0.739034
0.735984
0.732945
0.729916
0.726899
0.723893
0.720897
0.717913
0.714939
0.711976
0.709023
0.706082
0.703151
0.700231
0.697321
0.694422
0.691534
0.688656
0.685789
0.682932
0.680086
0.677250
0.674425
0.671610
0.668805
0.666011
0.663227
0.660453
0.657690
0.654937
0.652194
0.649461
0.646739
0.644026
0.641324
0.638632
0.635950
0.633278
0.630616
0.627964
0.625321
0.622689
0.620067
0.617455
0.614852
0.612259
0.609676
0.607103
0.604540
0.601986
0.599442
0.596908
0.594384
0.591869
0.589363
0.586867
0.584381
0.581905
0.579437
0.576980
0.574531
0.572093
0.569663
0.567243
0.564833
0.562432
0.560040
0.557658
0.555285
0.552921
0.550566
0.548221
0.545885
0.543558
0.541240
0.538931
0.536631
0.534340
0.532059
0.529786
0.527522
0.525267
0.523021
0.520784
0.518556
0.516336
0.514126
0.511924
0.509731
0.507547
0.505371
0.503204
0.501046
0.498896
0.496755
0.494623
0.492499
0.490384
0.488277
0.486178
0.484088
0.482007
0.479934
0.477869
0.475813
0.473765
0.471726
0.469694
0.467671
0.465656
0.463650
0.461652
0.459661
0.457679
0.455705
0.453740
0.451782
0.449832
0.447890
0.445957
0.444031
0.442113
0.440204
0.438302
0.436408
0.434522
0.432643
0.430773
0.428910
0.427055
0.425208
0.423369
0.421537
0.419713
0.417896
0.416088
0.414286
0.412493
0.410707
0.408928
0.407157
0.405394
0.403638
0.401889
0.400148
0.398414
0.396687
0.394968
0.393256
0.391552
0.389855
0.388164
0.386482
0.384806
0.383138
0.381476
0.379822
0.378175
0.376535
0.374902
0.373276
0.371658
0.370046
0.368441
0.366843
0.365252
0.363667
0.362090
0.360520
0.358956
0.357399
0.355849
0.354306
0.352769
0.351240
0.349717
0.348200
0.346690
0.345187
0.343691
0.342201
0.340718
0.339241
0.337771
0.336307
0.334849
0.333398
0.331954
0.330516
0.329084
0.327659
0.326239
0.324827
0.323420
0.322020
0.320625
0.319237
0.317856
0.316480
0.315111
0.313747
0.312390
0.311039
0.309693
0.308354
0.307021
0.305694
0.304372
0.303057
0.301747
0.300444
0.299146
0.297854
0.296568
0.295287
0.294013
0.292744
0.291481
0.290223
0.288971
0.287725
0.286484
0.285249
0.284020
0.282796
0.281578
0.280365
0.279158
0.277956
0.276759
0.275568
0.274383
0.273203
0.272028
0.270858
0.269694
0.268535
0.267381
0.266233
0.265090
0.263952
0.262819
0.261691
0.260568
0.259451
0.258339
0.257231
0.256129
0.255032
0.253939
0.252852
0.251770
0.250692
0.249620
0.248552
0.247490
0.246432
0.245379
0.244331
0.243287
0.242248
0.241214
0.240185
0.239161
0.238141
0.237126
0.236115
0.235109
0.234108
0.233111
0.232119
0.231131
0.230148
0.229169
0.228195
0.227225
0.226260
0.225299
0.224342
0.223390
0.222442
0.221498
0.220559
0.219624
0.218693
0.217767
0.216845
0.215927
0.215013
0.214103
0.213197
0.212296
0.211399
0.210505
0.209616
0.208731
0.207850
0.206972
0.206099
0.205230
0.204365
0.203503
0.202646
0.201792
0.200942
0.200097
0.199255
0.198416
0.197582
0.196751
0.195924
0.195101
0.194281
0.193466
0.192653
0.191845
0.191040
0.190239
0.189441
0.188647
0.187857
0.187070
0.186286
0.185506
0.184730
0.183957
0.183187
0.182421
0.181658
0.180899
0.180143
0.179391
0.178641
0.177895
0.177153
0.176414
0.175678
0.174945
0.174215
0.173489
0.172766
0.172046
0.171329
0.170616
0.169905
0.169198
0.168494
0.167793
0.167094
0.166399
0.165707
0.165019
0.164333
0.163650
0.162970
0.162293
0.161618
0.160947
0.160279
0.159614
0.158951
0.158291
0.157635
0.156981
0.156329
0.155681
0.155035
0.154392
0.153752
0.153115
0.152480
0.151848
0.151219
0.150593
0.149969
0.149347
0.148729
0.148113
0.147499
0.146888
0.146280
0.145674
0.145071
0.144471
0.143873
0.143277
0.142684
0.142093
0.141505
0.140919
0.140336
0.139755
0.139176
0.138600
0.138026
0.137455
0.136886
0.136319
0.135755
0.135193
0.134633
0.134075
0.133520
0.132967
0.132417
0.131868
0.131322
0.130778
0.130236
0.129696
0.129159
0.128624
0.128090
0.127559
0.127030
0.126504
0.125979
0.125456
0.124936
0.124417
0.123901
0.123386
0.122874
0.122363
0.121855
0.121349
0.120844
0.120342
0.119841
0.119343
0.118846
0.118351
0.117859
0.117368
0.116879
0.116392
0.115906
0.115423
0.114942
0.114462
0.113984
0.113508
0.113034
0.112561
0.112091
0.111622
0.111155
0.110689
0.110226
0.109764
0.109304
0.108845
0.108388
0.107933
0.107480
0.107029
0.106579
0.106130
0.105684
0.105239
0.104795
0.104353
0.103913
0.103475
0.103038
0.102602
0.102169
0.101736
0.101306
0.100877
0.100449
0.100023
0.099599
0.099176
0.098754
0.098334
0.097916
0.097499
0.097083
0.096669
0.096257
0.095846
0.095436
0.095028
0.094621
0.094216
0.093812
0.093409
0.093008
0.092608
0.092210
0.091813
0.091418
0.091023
0.090631
0.090239
0.089849
0.089460
0.089072
0.088686
0.088301
0.087918
0.087536
0.087155
0.086775
0.086397
0.086019
0.085644
0.085269
0.084896
0.084524
0.084153
0.083783
0.083415
0.083048
0.082682
0.082317
0.081953
0.081591
0.081230
0.080870
0.080511
0.080154
0.079797
0.079442
0.079088
0.078735
0.078383
0.078032
0.077683
0.077334
0.076987
0.076641
0.076296
0.075952
0.075609
0.075267
0.074927
0.074587
0.074249
0.073911
0.073575
0.073240
0.072906
0.072572
0.072240
0.071909
0.071579
0.071250
0.070922
0.070595
0.070270
0.069945
0.069621
0.069298
0.068976
0.068655
0.068335
0.068016
0.067699
0.067382
0.067066
0.066751
0.066437
0.066124
0.065812
0.065501
0.065190
0.064881
0.064573
0.064266
0.063959
0.063654
0.063349
0.063046
0.062743
0.062441
0.062140
0.061840
0.061541
0.061243
0.060946
0.060649
0.060354
0.060059
0.059765
0.059473
0.059181
0.058890
0.058599
0.058310
0.058021
0.057734
0.057447
0.057161
0.056876
0.056591
0.056308
0.056025
0.055744
0.055463
0.055182
0.054903
0.054625
0.054347
0.054070
0.053794
0.053519
0.053244
0.052971
0.052698
0.052426
0.052154
0.051884
0.051614
0.051345
0.051077
0.050810
0.050543
0.050277
0.050012
0.049748
0.049484
0.049222
0.048959
0.048698
0.048438
0.048178
0.047919
0.047660
0.047403
0.047146
0.046890
0.046635
0.046380
0.046126
0.045873
0.045620
0.045369
0.045118
0.044867
0.044618
0.044369
0.044121
0.043873
0.043626
0.043380
0.043135
0.042890
0.042646
0.042403
0.042160
0.041918
0.041677
0.041436
0.041196
0.040957
0.040718
0.040480
0.040243
0.040007
0.039771
0.039535
0.039301
0.039067
0.038833
0.038601
0.038369
0.038138
0.037907
0.037677
0.037447
0.037219
0.036990
0.036763
0.036536
0.036310
0.036084
0.035859
0.035635
0.035411
0.035188
0.034966
0.034744
0.034522
0.034302
0.034082
0.033862
0.033644
0.033425
0.033208
0.032991
0.032774
0.032559
0.032343
0.032129
0.031915
0.031701
0.031488
0.031276
0.031064
0.030853
0.030643
0.030433
0.030224
0.030015
0.029807
0.029599
0.029392
0.029186
0.028980
0.028774
0.028570
0.028365
0.028162
0.027959
0.027756
0.027554
0.027353
0.027152
0.026952
0.026752
0.026553
0.026354
0.026156
0.025958
0.025761
0.025565
0.025369
0.025174
0.024979
0.024784
0.024591
0.024397
0.024205
0.024012
0.023821
0.023630
0.023439
0.023249
0.023059
0.022870
0.022682
0.022494
0.022306
0.022119
0.021933
0.021747
0.021561
0.021376
0.021192
0.021008
0.020824
0.020641
0.020459
0.020277
0.020096
0.019915
0.019734
0.019554
0.019375
0.019196
0.019017
0.018839
0.018662
0.018485
0.018308
0.018132
0.017957
0.017782
0.017607
0.017433
0.017259
0.017086
0.016914
0.016741
0.016570
0.016398
0.016228
0.016057
0.015887
0.015718
0.015549
0.015381
0.015213
0.015045
0.014878
0.014711
0.014545
0.014379
0.014214
0.014049
0.013885
0.013721
0.013558
0.013395
0.013232
0.013070
0.012908
0.012747
0.012586
0.012426
0.012266
0.012107
0.011948
0.011789
0.011631
0.011473
0.011316
0.011159
0.011003
0.010847
0.010691
0.010536
0.010381
0.010227
0.010073
0.009920
0.009767
0.009614
0.009462
0.009310
0.009159
0.009008
0.008857
0.008707
0.008558
0.008408
0.008260
0.008111
0.007963
0.007815
0.007668
0.007521
0.007375
0.007229
0.007083
0.006938
0.006793
0.006649
0.006505
0.006361
0.006218
0.006075
0.005933
0.005791
0.005649
0.005508
0.005367
0.005227
0.005087
0.004947
0.004808
0.004669
0.004530
0.004392
0.004254
0.004117
0.003980
0.003843
0.003707
0.003571
0.003436
0.003300
0.003166
0.003031
0.002897
0.002764
0.002630
0.002498
0.002365
0.002233
0.002101
0.001970
0.001839
0.001708
0.001577
0.001447
0.001318
0.001189
0.001060
0.000931
0.000803
0.000675
0.000548
0.000421
0.000294
0.000167
0.000041
-0.000084
-0.000210
-0.000335
-0.000460
-0.000584
-0.000708
-0.000832
-0.000955
-0.001078
-0.001200
-0.001323
-0.001445
-0.001566
-0.001687
-0.001808
-0.001929
-0.002049
-0.002169
-0.002289
-0.002408
-0.002527
-0.002645
-0.002764
-0.002882
-0.002999
-0.003116
-0.003233
-0.003350
-0.003466
-0.003582
-0.003698
-0.003813
-0.003928
-0.004043
-0.004157
-0.004271
-0.004385
-0.004499
-0.004612
-0.004724
-0.004837
-0.004949
-0.005061
-0.005172
-0.005284
-0.005394
-0.005505
-0.005615
-0.005725
-0.005835
-0.005944
-0.006053
-0.006162
-0.006271
-0.006379
-0.006487
-0.006594
-0.006701
-0.006808
-0.006915
-0.007021
-0.007127
-0.007233
-0.007339
-0.007444
-0.007549
-0.007653
-0.007757
-0.007861
-0.007965
-0.008069
-0.008172
-0.008274
-0.008377
-0.008479
-0.008581
-0.008683
-0.008784
-0.008885
-0.008986
-0.009087
-0.009187
-0.009287
-0.009387
-0.009486
-0.009585
-0.009684
-0.009783
-0.009881
-0.009979
-0.010077
-0.010174
-0.010272
-0.010369
-0.010465
-0.010562
-0.010658
-0.010754
-0.010849
-0.010944
-0.011040
-0.011134
-0.011229
-0.011323
-0.011417
-0.011511
-0.011604
-0.011697
-0.011790
-0.011883
-0.011976
-0.012068
-0.012160
-0.012251
-0.012343
-0.012434
-0.012525
-0.012615
-0.012706
-0.012796
-0.012886
-0.012975
-0.013064
-0.013154
-0.013242
-0.013331
-0.013419
-0.013507
-0.013595
-0.013683
-0.013770
-0.013857
-0.013944
-0.014031
-0.014117
-0.014203
-0.014289
-0.014375
-0.014460
-0.014546
-0.014630
-0.014715
-0.014800
-0.014884
-0.014968
-0.015052
-0.015135
-0.015218
-0.015301
-0.015384
-0.015467
-0.015549
-0.015631
-0.015713
-0.015795
-0.015876
-0.015957
-0.016038
-0.016119
-0.016200
-0.016280
-0.016360
-0.016440
-0.016519
-0.016599
-0.016678
-0.016757
-0.016835
-0.016914
-0.016992
-0.017070
-0.017148
-0.017226
-0.017303
-0.017380
-0.017457
-0.017534
-0.017610
-0.017687
-0.017763
-0.017839
-0.017914
-0.017990
-0.018065
-0.018140
-0.018215
-0.018289
-0.018364
-0.018438
-0.018512
-0.018586
-0.018659
-0.018733
-0.018806
-0.018879
-0.018952
-0.019024
-0.019096
-0.019168
-0.019240
-0.019312
-0.019384
-0.019455
-0.019526
-0.019597
-0.019668
-0.019738
-0.019808
-0.019879
-0.019948
-0.020018
-0.020088
-0.020157
-0.020226
-0.020295
-0.020364
-0.020432
-0.020501
-0.020569
-0.020637
-0.020705
-0.020772
-0.020840
-0.020907
-0.020974
-0.021041
-0.021107
-0.021174
-0.021240
-0.021306
-0.021372
-0.021438
-0.021503
-0.021569
-0.021634
-0.021699
-0.021764
-0.021828
-0.021893
-0.021957
-0.022021
-0.022085
-0.022148
-0.022212
-0.022275
-0.022338
-0.022401
-0.022464
-0.022527
-0.022589
-0.022652
-0.022714
-0.022776
-0.022837
-0.022899
-0.022960
-0.023022
-0.023083
-0.023144
-0.023204
-0.023265
-0.023325
-0.023386
-0.023446
-0.023505
-0.023565
-0.023625
-0.023684
-0.023743
-0.023802
-0.023861
-0.023920
-0.023978
-0.024037
-0.024095
-0.024153
-0.024211
-0.024269
-0.024326
-0.024384
-0.024441
-0.024498
-0.024555
-0.024612
-0.024668
-0.024725
-0.024781
-0.024837
-0.024893
-0.024949
-0.025005
-0.025060
-0.025115
-0.025171
-0.025226
-0.025281
-0.025335
-0.025390
-0.025444
-0.025499
-0.025553
-0.025607
-0.025660
-0.025714
-0.025768
-0.025821
-0.025874
-0.025927
-0.025980
-0.026033
-0.026086
-0.026138
-0.026190
-0.026243
-0.026295
-0.026347
-0.026398
-0.026450
-0.026501
-0.026553
-0.026604
-0.026655
-0.026706
-0.026757
-0.026807
-0.026858
-0.026908
-0.026958
-0.027008
-0.027058
-0.027108
-0.027157
-0.027207
-0.027256
-0.027305
-0.027355
-0.027403
-0.027452
-0.027501
-0.027549
-0.027598
-0.027646
-0.027694
-0.027742
-0.027790
-0.027838
-0.027885
-0.027933
-0.027980
-0.028027
-0.028074
-0.028121
-0.028168
-0.028215
-0.028261
-0.028308
-0.028354
-0.028400
-0.028446
-0.028492
-0.028538
-0.028584
-0.028629
-0.028674
-0.028720
-0.028765
-0.028810
-0.028855
-0.028900
-0.028944
-0.028989
-0.029033
-0.029077
-0.029122
-0.029166
-0.029209
-0.029253
-0.029297
-0.029340
-0.029384
-0.029427
-0.029470
-0.029513
-0.029556
-0.029599
-0.029642
-0.029685
-0.029727
-0.029769
-0.029812
-0.029854
-0.029896
-0.029938
-0.029979
-0.030021
-0.030063
-0.030104
-0.030145
-0.030187
-0.030228
-0.030269
-0.030309
-0.030350
-0.030391
-0.030431
-0.030472
-0.030512
-0.030552
-0.030592
-0.030632
-0.030672
-0.030712
-0.030752
-0.030791
-0.030831
-0.030870
-0.030909
-0.030948
-0.030987
-0.031026
-0.031065
-0.031104
-0.031142
-0.031181
-0.031219
-0.031257
-0.031295
-0.031333
-0.031371
-0.031409
-0.031447
-0.031485
-0.031522
-0.031560
-0.031597
-0.031634
-0.031671
-0.031708
-0.031745
-0.031782
-0.031819
-0.031855
-0.031892
-0.031928
-0.031965
-0.032001
-0.032037
-0.032073
-0.032109
-0.032145
-0.032180
-0.032216
-0.032252
-0.032287
-0.032322
-0.032358
-0.032393
-0.032428
-0.032463
-0.032498
-0.032532
-0.032567
-0.032602
-0.032636
-0.032671
-0.032705
-0.032739
-0.032773
-0.032807
-0.032841
-0.032875
-0.032909
-0.032942
-0.032976
-0.033010
-0.033043
-0.033076
-0.033109
-0.033143
-0.033176
-0.033209
-0.033241
-0.033274
-0.033307
-0.033339
-0.033372
-0.033404
-0.033437
-0.033469
-0.033501
-0.033533
-0.033565
-0.033597
-0.033629
-0.033661
-0.033692
-0.033724
-0.033755
-0.033787
-0.033818
-0.033849
-0.033880
-0.033911
-0.033942
-0.033973
-0.034004
-0.034035
-0.034065
-0.034096
-0.034126
-0.034157
-0.034187
-0.034217
-0.034247
-0.034278
-0.034308
-0.034337
-0.034367
-0.034397
-0.034427
-0.034456
-0.034486
-0.034515
-0.034545
-0.034574
-0.034603
-0.034632
-0.034661
-0.034690
-0.034719
-0.034748
-0.034777
-0.034805
-0.034834
-0.034863
-0.034891
-0.034919
-0.034948
-0.034976
-0.035004
-0.035032
-0.035060
-0.035088
-0.035116
-0.035144
-0.035171
-0.035199
-0.035227
-0.035254
-0.035281
-0.035309
-0.035336
-0.035363
-0.035390
-0.035417
-0.035444
-0.035471
-0.035498
-0.035525
-0.035552
-0.035578
-0.035605
-0.035631
-0.035658
-0.035684
-0.035710
-0.035737
-0.035763
-0.035789
-0.035815
-0.035841
-0.035867
-0.035892
-0.035918
-0.035944
-0.035969
-0.035995
-0.036021
-0.036046
-0.036071
-0.036097
-0.036122
-0.036147
-0.036172
-0.036197
-0.036222
-0.036247
-0.036272
-0.036296
-0.036321
-0.036346
-0.036370
-0.036395
-0.036419
-0.036444
-0.036468
-0.036492
-0.036516
-0.036541
-0.036565
-0.036589
-0.036613
-0.036637
-0.036660
-0.036684
-0.036708
-0.036731
-0.036755
-0.036779
-0.036802
-0.036825
-0.036849
-0.036872
-0.036895
-0.036918
-0.036941
-0.036965
-0.036988
-0.037010
-0.037033
-0.037056
-0.037079
-0.037102
-0.037124
-0.037147
-0.037169
-0.037192
-0.037214
-0.037237
-0.037259
-0.037281
-0.037303
-0.037325
-0.037347
-0.037369
-0.037391
-0.037413
-0.037435
-0.037457
-0.037479
-0.037500
-0.037522
-0.037544
-0.037565
-0.037587
-0.037608
-0.037629
-0.037651
-0.037672
-0.037693
-0.037714
-0.037735
-0.037756
-0.037777
-0.037798
-0.037819
-0.037840
-0.037861
-0.037882
-0.037902
-0.037923
-0.037943
-0.037964
-0.037984
-0.038005
-0.038025
-0.038045
-0.038066
-0.038086
-0.038106
-0.038126
-0.038146
-0.038166
-0.038186
-0.038206
-0.038226
-0.038246
-0.038266
-0.038285
-0.038305
-0.038325
-0.038344
-0.038364
-0.038383
-0.038403
-0.038422
-0.038441
-0.038461
-0.038480
-0.038499
-0.038518
-0.038537
-0.038556
-0.038576
-0.038594
-0.038613
-0.038632
-0.038651
-0.038670
-0.038689
-0.038707
-0.038726
-0.038745
-0.038763
-0.038782
-0.038800
-0.038818
-0.038837
-0.038855
-0.038873
-0.038892
-0.038910
-0.038928
-0.038946
-0.038964
-0.038982
-0.039000
-0.039018
-0.039036
-0.039054
-0.039072
-0.039089
-0.039107
-0.039125
-0.039142
-0.039160
-0.039178
-0.039195
-0.039213
-0.039230
-0.039247
-0.039265
-0.039282
-0.039299
-0.039316
-0.039334
-0.039351
-0.039368
-0.039385
-0.039402
-0.039419
-0.039436
-0.039453
-0.039470
-0.039486
-0.039503
-0.039520
-0.039537
-0.039553
-0.039570
-0.039586
-0.039603
-0.039620
-0.039636
-0.039652
-0.039669
-0.039685
-0.039701
-0.039718
-0.039734
-0.039750
-0.039766
-0.039782
-0.039798
-0.039814
-0.039830
-0.039846
-0.039862
-0.039878
-0.039894
-0.039910
-0.039926
-0.039941
-0.039957
-0.039973
-0.039988
-0.040004
-0.040020
-0.040035
-0.040051
-0.040066
-0.040082
-0.040097
-0.040112
-0.040128
-0.040143
-0.040158
-0.040173
-0.040188
-0.040204
-0.040219
-0.040234
-0.040249
-0.040264
-0.040279
-0.040294
-0.040309
-0.040323
-0.040338
-0.040353
-0.040368
-0.040383
-0.040397
-0.040412
-0.040427
-0.040441
-0.040456
-0.040470
-0.040485
-0.040499
-0.040514
-0.040528
-0.040542
-0.040557
-0.040571
-0.040585
-0.040600
-0.040614
-0.040628
-0.040642
-0.040656
-0.040670
-0.040684
-0.040698
-0.040712
-0.040726
-0.040740
-0.040754
-0.040768
-0.040782
-0.040796
-0.040809
-0.040823
-0.040837
-0.040850
-0.040864
-0.040878
-0.040891
-0.040905
-0.040918
-0.040932
-0.040945
-0.040959
-0.040972
-0.040986
-0.040999
-0.041012
-0.041025
-0.041039
-0.041052
-0.041065
-0.041078
-0.041092
-0.041105
-0.041118
-0.041131
-0.041144
-0.041157
-0.041170
-0.041183
-0.041196
-0.041209
-0.041221
-0.041234
-0.041247
-0.041260
-0.041273
-0.041285
-0.041298
-0.041311
-0.041323
-0.041336
-0.041348
-0.041361
-0.041374
-0.041386
-0.041399
-0.041411
-0.041423
-0.041436
-0.041448
-0.041461
-0.041473
-0.041485
-0.041497
-0.041510
-0.041522
-0.041534
-0.041546
-0.041558
-0.041570
-0.041583
-0.041595
-0.041607
-0.041619
-0.041631
-0.041643
-0.041655
-0.041666
-0.041678
-0.041690
-0.041702
-0.041714
-0.041726
-0.041737
-0.041749
-0.041761
-0.041773
-0.041784
-0.041796
-0.041807
-0.041819
-0.041831
-0.041842
-0.041854
-0.041865
-0.041877
-0.041888
-0.041899
-0.041911
-0.041922
-0.041934
-0.041945
-0.041956
-0.041967
-0.041979
-0.041990
-0.042001
-0.042012
-0.042024
-0.042035
-0.042046
-0.042057
-0.042068
-0.042079
-0.042090
-0.042101
-0.042112
-0.042123
-0.042134
-0.042145
-0.042156
-0.042167
-0.042178
-0.042188
-0.042199
-0.042210
-0.042221
-0.042231
-0.042242
-0.042253
-0.042264
-0.042274
-0.042285
-0.042295
-0.042306
-0.042317
-0.042327
-0.042338
-0.042348
-0.042359
-0.042369
-0.042380
-0.042390
-0.042400
-0.042411
-0.042421
-0.042432
-0.042442
-0.042452
-0.042462
-0.042473
-0.042483
-0.042493
-0.042503
-0.042514
-0.042524
-0.042534
-0.042544
-0.042554
-0.042564
-0.042574
-0.042584
-0.042594
-0.042604
-0.042614
-0.042624
-0.042634
-0.042644
-0.042654
-0.042664
-0.042674
-0.042684
-0.042693
-0.042703
-0.042713
-0.042723
-0.042733
-0.042742
-0.042752
-0.042762
-0.042771
-0.042781
-0.042791
-0.042800
-0.042810
-0.042820
-0.042829
-0.042839
-0.042848
-0.042858
-0.042867
-0.042877
-0.042886
-0.042896
-0.042905
-0.042915
-0.042924
-0.042933
-0.042943
-0.042952
-0.042961
-0.042971
-0.042980
-0.042989
-0.042998
-0.043008
-0.043017
-0.043026
-0.043035
-0.043044
-0.043054
-0.043063
-0.043072
-0.043081
-0.043090
-0.043099
-0.043108
-0.043117
-0.043126
-0.043135
-0.043144
-0.043153
-0.043162
-0.043171
-0.043180
-0.043189
-0.043198
-0.043207
-0.043215
-0.043224
-0.043233
-0.043242
-0.043251
-0.043259
-0.043268
-0.043277
-0.043286
-0.043294
-0.043303
-0.043312
-0.043320
-0.043329
-0.043338
-0.043346
-0.043355
-0.043363
-0.043372
-0.043381
-0.043389
-0.043398
-0.043406
-0.043415
-0.043423
-0.043432
-0.043440
-0.043448
-0.043457
-0.043465
-0.043474
-0.043482
-0.043490
-0.043499
-0.043507
-0.043515
-0.043524
-0.043532
-0.043540
-0.043548
-0.043557
-0.043565
-0.043573
-0.043581
-0.043590
-0.043598
-0.043606
-0.043614
-0.043622
-0.043630
-0.043638
-0.043646
-0.043655
-0.043663
-0.043671
-0.043679
-0.043687
-0.043695
-0.043703
-0.043711
-0.043719
-0.043727
-0.043734
-0.043742
-0.043750
-0.043758
-0.043766
-0.043774
-0.043782
-0.043790
-0.043797
-0.043805
-0.043813
-0.043821
-0.043829
-0.043836
-0.043844
-0.043852
-0.043860
-0.043867
-0.043875
-0.043883
-0.043890
-0.043898
-0.043906
-0.043913
-0.043921
-0.043929
-0.043936
-0.043944
-0.043951
-0.043959
-0.043966
-0.043974
-0.043981
-0.043989
-0.043996
-0.044004
-0.044011
-0.044019
-0.044026
-0.044034
-0.044041
-0.044049
-0.044056
-0.044063
-0.044071
-0.044078
-0.044085
-0.044093
-0.044100
-0.044107
-0.044115
-0.044122
-0.044129
-0.044136
-0.044144
-0.044151
-0.044158
-0.044165
-0.044173
-0.044180
-0.044187
-0.044194
-0.044201
-0.044208
-0.044216
-0.044223
-0.044230
-0.044237
-0.044244
-0.044251
-0.044258
-0.044265
-0.044272
-0.044279
-0.044286
-0.044293
-0.044300
-0.044307
-0.044314
-0.044321
-0.044328
-0.044335
-0.044342
-0.044349
-0.044356
-0.044363
-0.044370
-0.044377
-0.044384
-0.044390
-0.044397
-0.044404
-0.044411
-0.044418
-0.044425
-0.044431
-0.044438
-0.044445
-0.044452
-0.044458
-0.044465
-0.044472
-0.044479
-0.044485
-0.044492
-0.044499
-0.044506
-0.044512
-0.044519
-0.044526
-0.044532
-0.044539
-0.044545
-0.044552
-0.044559
-0.044565
-0.044572
-0.044578
-0.044585
-0.044592
-0.044598
-0.044605
-0.044611
-0.044618
-0.044624
-0.044631
-0.044637
-0.044644
-0.044650
-0.044657
-0.044663
-0.044669
-0.044676
-0.044682
-0.044689
-0.044695
-0.044701
-0.044708
-0.044714
-0.044721
-0.044727
-0.044733
-0.044740
-0.044746
-0.044752
-0.044759
-0.044765
-0.044771
-0.044777
-0.044784
-0.044790
-0.044796
-0.044802
-0.044809
-0.044815
-0.044821
-0.044827
-0.044834
-0.044840
-0.044846
-0.044852
-0.044858
-0.044864
-0.044871
-0.044877
-0.044883

