0.000000
0.000000
-0.000026
-0.000052
-0.000077
-0.000103
-0.000128
-0.000153
-0.000177
-0.000201
-0.000224
-0.000247
-0.000270
-0.000293
-0.000315
-0.000337
-0.000359
-0.000380
-0.000402
-0.000423
-0.000444
-0.000465
-0.000485
-0.000506
-0.000526
-0.000547
-0.000567
-0.000587
-0.000607
-0.000627
-0.000647
-0.000667
-0.000687
-0.000707
-0.000726
-0.000746
-0.000766
-0.000785
-0.000805
-0.000824
-0.000844
-0.000863
-0.000883
-0.000902
-0.000922
-0.000941
-0.000961
-0.000980
-0.001000
-0.001019
-0.001038
-0.001058
-0.001077
-0.001097
-0.001116
-0.001135
-0.001155
-0.001174
-0.001194
-0.001213
-0.001233
-0.001252
-0.001271
-0.001291
-0.001310
-0.001330
-0.001349
-0.001369
-0.001388
-0.001408
-0.001428
-0.001447
-0.001467
-0.001486
-0.001506
-0.001525
-0.001545
-0.001565
-0.001584
-0.001604
-0.001624
-0.001644
-0.001663
-0.001683
-0.001703
-0.001723
-0.001743
-0.001762
-0.001782
-0.001802
-0.001822
-0.001842
-0.001862
-0.001882
-0.001902
-0.001922
-0.001942
-0.001962
-0.001982
-0.002002
-0.002022
-0.002042
-0.002063
-0.002083
-0.002103
-0.002123
-0.002143
-0.002164
-0.002184
-0.002204
-0.002225
-0.002245
-0.002265
-0.002286
-0.002306
-0.002326
-0.002347
-0.002367
-0.002388
-0.002408
-0.002429
-0.002449
-0.002470
-0.002491
-0.002511
-0.002532
-0.002553
-0.002573
-0.002594
-0.002615
-0.002635
-0.002656
-0.002677
-0.002698
-0.002719
-0.002739
-0.002760
-0.002781
-0.002802
-0.002823
-0.002844
-0.002865
-0.002886
-0.002907
-0.002928
-0.002949
-0.002970
-0.002991
-0.003012
-0.003033
-0.003054
-0.003075
-0.003097
-0.003118
-0.003139
-0.003160
-0.003181
-0.003203
-0.003224
-0.003245
-0.003266
-0.003288
-0.003309
-0.003330
-0.003352
-0.003373
-0.003395
-0.003416
-0.003437
-0.003459
-0.003480
-0.003502
-0.003523
-0.003545
-0.003566
-0.003588
-0.003610
-0.003631
-0.003653
-0.003674
-0.003696
-0.003718
-0.003739
-0.003761
-0.003783
-0.003804
-0.003826
-0.003848
-0.003869
-0.003891
-0.003913
-0.003935
-0.003956
-0.003978
-0.004000
-0.004022
-0.004044
-0.004066
-0.004088
-0.004109
-0.004131
-0.004153
-0.004175
-0.004197
-0.004219
-0.004241
-0.004263
-0.004285
-0.004307
-0.004329
-0.004351
-0.004373
-0.004395
-0.004417
-0.004439
-0.004461
-0.004483
-0.004505
-0.004527
-0.004550
-0.004572
-0.004594
-0.004616
-0.004638
-0.004660
-0.004683
-0.004705
-0.004727
-0.004749
-0.004771
-0.004794
-0.004816
-0.004838
-0.004860
-0.004883
-0.004905
-0.004927
-0.004949
-0.004972
-0.004994
-0.005016
-0.005039
-0.005061
-0.005083
-0.005106
-0.005128
-0.005150
-0.005173
-0.005195
-0.005218
-0.005240
-0.005262
-0.005285
-0.005307
-0.005330
-0.005352
-0.005375
-0.005397
-0.005419
-0.005442
-0.005464
-0.005487
-0.005509
-0.005532
-0.005554
-0.005577
-0.005599
-0.005622
-0.005644
-0.005667
-0.005690
-0.005712
-0.005735
-0.005757
-0.005780
-0.005802
-0.005825
-0.005847
-0.005870
-0.005893
-0.005915
-0.005938
-0.005960
-0.005983
-0.006006
-0.006028
-0.006051
-0.006073
-0.006096
-0.006119
-0.006141
-0.006164
-0.006187
-0.006209
-0.006232
-0.006255
-0.006277
-0.006300
-0.006323
-0.006345
-0.006368
-0.006391
-0.006413
-0.006436
-0.006459
-0.006482
-0.006504
-0.006527
-0.006550
-0.006572
-0.006595
-0.006618
-0.006641
-0.006663
-0.006686
-0.006709
-0.006731
-0.006754
-0.006777
-0.006800
-0.006822
-0.006845
-0.006868
-0.006891
-0.006913
-0.006936
-0.006959
-0.006982
-0.007004
-0.007027
-0.007050
-0.007073
-0.007095
-0.007118
-0.007141
-0.007164
-0.007187
-0.007209
-0.007232
-0.007255
-0.007278
-0.007300
-0.007323
-0.007346
-0.007369
-0.007392
-0.007414
-0.007437
-0.007460
-0.007483
-0.007505
-0.007528
-0.007551
-0.007574
-0.007597
-0.007619
-0.007642
-0.007665
-0.007688
-0.007711
-0.007733
-0.007756
-0.007779
-0.007802
-0.007825
-0.007847
-0.007870
-0.007893
-0.007916
-0.007939
-0.007961
-0.007984
-0.008007
-0.008030
-0.008052
-0.008075
-0.008098
-0.008121
-0.008144
-0.008166
-0.008189
-0.008212
-0.008235
-0.008258
-0.008280
-0.008303
-0.008326
-0.008349
-0.008371
-0.008394
-0.008417
-0.008440
-0.008462
-0.008485
-0.008508
-0.008531
-0.008554
-0.008576
-0.008599
-0.008622
-0.008645
-0.008667
-0.008690
-0.008713
-0.008736
-0.008758
-0.008781
-0.008804
-0.008827
-0.008849
-0.008872
-0.008895
-0.008917
-0.008940
-0.008963
-0.008986
-0.009008
-0.009031
-0.009054
-0.009077
-0.009099
-0.009122
-0.009145
-0.009167
-0.009190
-0.009213
-0.009235
-0.009258
-0.009281
-0.009304
-0.009326
-0.009349
-0.009372
-0.009394
-0.009417
-0.009440
-0.009462
-0.009485
-0.009508
-0.009530
-0.009553
-0.009576
-0.009598
-0.009621
-0.009643
-0.009666
-0.009689
-0.009711
-0.009734
-0.009757
-0.009779
-0.009802
-0.009824
-0.009847
-0.009870
-0.009892
-0.009915
-0.009937
-0.009960
-0.009983
-0.010005
-0.010028
-0.010050
-0.010073
-0.010095
-0.010118
-0.010141
-0.010163
-0.010186
-0.010208
-0.010231
-0.010253
-0.010276
-0.010298
-0.010321
-0.010343
-0.010366
-0.010388
-0.010411
-0.010433
-0.010456
-0.010478
-0.010501
-0.010523
-0.010546
-0.010568
-0.010591
-0.010613
-0.010636
-0.010658
-0.010680
-0.010703
-0.010725
-0.010748
-0.010770
-0.010793
-0.010815
-0.010837
-0.010860
-0.010882
-0.010905
-0.010927
0.639416
1.559440
2.605614
3.249057
3.703518
4.034743
4.279894
4.462120
4.596570
4.693625
4.755736
4.791540
4.806449
4.804495
4.788815
4.761910
4.725808
4.682190
4.632437
4.577713
4.518994
4.457116
4.392769
4.326547
4.258948
4.190413
4.121289
4.051882
3.982464
3.913241
4.447783
5.243386
6.162515
6.715147
7.088936
7.346627
7.523668
7.641999
7.715989
7.755434
7.761847
7.743803
7.706639
7.654284
7.589763
7.515480
7.433371
7.345009
7.251717
7.154594
7.054551
6.952369
6.848692
6.744079
6.638978
6.533814
6.428885
6.324501
6.220867
6.118208
6.016659
5.916381
5.817463
5.720006
5.624090
5.529761
5.437075
5.346047
5.256728
5.169109
5.083209
4.999036
4.916571
4.835831
4.756783
4.679421
4.603733
4.529689
4.457274
4.386471
4.317245
4.249575
4.183442
4.118809
4.055649
3.993947
3.933665
3.874772
3.817245
3.761060
3.706182
3.652582
3.600236
3.549121
3.499203
3.450453
3.402846
3.356366
3.310977
3.266654
3.223371
3.181102
3.139836
3.099537
3.060183
3.021750
2.984215
2.947560
2.911767
2.876807
2.842661
2.809308
2.776728
2.744903
2.713818
2.683450
2.653780
2.624790
2.596463
2.568782
2.541729
2.515295
2.489459
2.464206
2.439520
2.415386
2.391789
2.368717
2.346154
2.324087
2.302509
2.281403
2.260756
2.240556
2.220791
2.201450
2.182521
2.163993
2.145857
2.128100
2.110714
2.093691
2.077021
2.060693
2.044699
2.029029
2.013674
1.998626
1.983878
1.969420
1.955246
1.941347
1.927716
1.914347
1.901232
1.888364
1.875740
1.863351
1.851192
1.839254
1.827534
1.816024
1.804720
1.793615
1.782705
1.771984
1.761448
1.751091
1.740909
1.730896
1.721050
1.711365
1.701836
1.692461
1.683235
1.674153
1.665214
1.656414
1.647748
1.639212
1.630804
1.622520
1.614357
1.606311
1.598380
1.590560
1.582849
1.575244
1.567742
1.560340
1.553037
1.545829
1.538714
1.531689
1.524753
1.517904
1.511138
1.504454
1.497850
1.491324
1.484873
1.478497
1.472193
1.465960
1.459795
1.453697
1.447666
1.441699
1.435794
1.429950
1.424166
1.418440
1.412770
1.407156
1.401595
1.396087
1.390631
1.385225
1.379867
1.374558
1.369296
1.364079
1.358907
1.353779
1.348693
1.343649
1.338646
1.333683
1.328759
1.323872
1.319024
1.314212
1.309435
1.304694
1.299987
1.295313
1.290672
1.286063
1.281486
1.276940
1.272423
1.267937
1.263479
1.259050
1.254649
1.250274
1.245927
1.241606
1.237311
1.233042
1.228797
1.224577
1.220382
1.216209
1.212060
1.207934
1.203830
1.199748
1.195687
1.191647
1.187628
1.183630
1.179651
1.175693
1.171753
1.167833
1.163932
1.160049
1.156184
1.152337
1.148508
1.144696
1.140901
1.137123
1.133362
1.129617
1.125888
1.122175
1.118477
1.114795
1.111129
1.107477
1.103841
1.100219
1.096611
1.093018
1.089439
1.085873
1.082322
1.078784
1.075260
1.071748
1.068250
1.064765
1.061293
1.057834
1.054387
1.050952
1.047530
1.044120
1.040722
1.037336
1.033962
1.030599
1.027248
1.023908
1.020580
1.017263
1.013958
1.010664
1.007380
1.004108
1.000847
0.997596
0.994356
0.991127
0.987907
0.984699
0.981500
0.978312
0.975134
0.971966
0.968808
0.965659
0.962521
0.959392
0.956273
0.953164
0.950064
0.946974
0.943893
0.940821
0.937759
0.934706
0.931662
0.928627
0.925601
0.922585
0.919577
0.916578
0.913588
0.910607
0.907635
0.904671
0.901716
0.898770
0.895833
0.892903
0.889983
0.887071
0.884167
0.881271
0.878384
0.875506
0.872635
0.869773
0.866919
0.864073
0.861235
0.858405
0.855584
0.852770
0.849964
0.847166
0.844377
0.841595
0.838821
0.836054
0.833296
0.830545
0.827802
0.825067
0.822339
0.819619
0.816907
0.814202
0.811505
0.808815
0.806133
0.803458
0.800791
0.798131
0.795479
0.792834
0.790197
0.787567
0.784944
0.782329
0.779721
0.777120
0.774527
0.771940
0.769361
0.766789
0.764225
0.761667
0.759116
0.756573
0.754036
0.751507
0.748984
0.746469
0.743960
0.741459
0.738964
0.736476
0.733995
0.731521
0.729054
0.726594
0.724140
0.721693
0.719253
0.716820
0.714393
0.711973
0.709560
0.707154
0.704754
0.702361
0.699974
0.697594
0.695221
0.692854
0.690493
0.688140
0.685792
0.683451
0.681117
0.678789
0.676468
0.674153
0.671844
0.669542
0.667246
0.664957
0.662674
0.660397
0.658127
0.655863
0.653605
0.651353
0.649108
0.646869
0.644636
0.642410
0.640189
0.637975
0.635767
0.633565
0.631369
0.629180
0.626996
0.624818
0.622647
0.620482
0.618322
0.616169
0.614022
0.611881
0.609746
0.607616
0.605493
0.603376
0.601264
0.599159
0.597059
0.594965
0.592878
0.590796
0.588719
0.586649
0.584585
0.582526
0.580473
0.578426
0.576385
0.574350
0.572320
0.570296
0.568278
0.566266
0.564259
0.562258
0.560263
0.558273
0.556289
0.554311
0.552338
0.550371
0.548409
0.546453
0.544503
0.542558
0.540619
0.538685
0.536757
0.534834
0.532916
0.531005
0.529098
0.527197
0.525302
0.523411
0.521527
0.519647
0.517773
0.515905
0.514042
0.512184
0.510331
0.508484
0.506642
0.504805
0.502974
0.501148
0.499327
0.497511
0.495701
0.493896
0.492096
0.490301
0.488511
0.486727
0.484948
0.483174
0.481405
0.479641
0.477882
0.476128
0.474380
0.472636
0.470898
0.469165
0.467436
0.465713
0.463995
0.462282
0.460573
0.458870
0.457172
0.455479
0.453790
0.452107
0.450428
0.448755
0.447086
0.445422
0.443763
0.442109
0.440460
0.438816
0.437176
0.435542
0.433912
0.432287
0.430667
0.429051
0.427441
0.425835
0.424233
0.422637
0.421045
0.419458
0.417876
0.416299
0.414726
0.413158
0.411594
0.410035
0.408481
0.406931
0.405386
0.403846
0.402310
0.400779
0.399252
0.397730
0.396213
0.394700
0.393192
0.391688
0.390188
0.388694
0.387203
0.385717
0.384236
0.382759
0.381287
0.379819
0.378355
0.376896
0.375441
0.373991
0.372545
0.371103
0.369666
0.368233
0.366805
0.365381
0.363961
0.362546
0.361134
0.359728
0.358325
0.356927
0.355533
0.354143
0.352758
0.351377
0.350000
0.348628
0.347259
0.345895
0.344535
0.343180
0.341828
0.340481
0.339137
0.337798
0.336463
0.335132
0.333806
0.332483
0.331165
0.329850
0.328540
0.327234
0.325932
0.324633
0.323339
0.322049
0.320763
0.319481
0.318203
0.316929
0.315659
0.314393
0.313131
0.311873
0.310619
0.309369
0.308123
0.306880
0.305642
0.304407
0.303177
0.301950
0.300727
0.299508
0.298293
0.297082
0.295874
0.294671
0.293471
0.292275
0.291083
0.289895
0.288710
0.287529
0.286353
0.285179
0.284010
0.282844
0.281682
0.280524
0.279369
0.278219
0.277072
0.275928
0.274788
0.273652
0.272520
0.271391
0.270266
0.269145
0.268027
0.266913
0.265803
0.264696
0.263592
0.262493
0.261397
0.260304
0.259215
0.258130
0.257048
0.255970
0.254895
0.253824
0.252756
0.251692
0.250631
0.249574
0.248520
0.247470
0.246423
0.245380
0.244340
0.243303
0.242270
0.241241
0.240215
0.239192
0.238173
0.237157
0.236144
0.235135
0.234129
0.233127
0.232128
0.231132
0.230140
0.229151
0.228165
0.227183
0.226204
0.225228
0.224256
0.223287
0.222321
0.221358
0.220399
0.219443
0.218490
0.217541
0.216594
0.215651
0.214711
0.213775
0.212841
0.211911
0.210984
0.210060
0.209139
0.208221
0.207307
0.206396
0.205488
0.204583
0.203681
0.202782
0.201886
0.200994
0.200104
0.199218
0.198335
0.197455
0.196578
0.195704
0.194833
0.193965
0.193100
0.192238
0.191379
0.190523
0.189670
0.188821
0.187974
0.187130
0.186289
0.185451
0.184616
0.183784
0.182955
0.182129
0.181306
0.180486
0.179669
0.178854
0.178043
0.177234
0.176428
0.175626
0.174826
0.174029
0.173235
0.172443
0.171655
0.170869
0.170086
0.169306
0.168529
0.167755
0.166983
0.166215
0.165449
0.164686
0.163925
0.163168
0.162413
0.161661
0.160912
0.160165
0.159421
0.158680
0.157942
0.157206
0.156473
0.155743
0.155015
0.154290
0.153568
0.152849
0.152132
0.151418
0.150706
0.149997
0.149291
0.148587
0.147886
0.147188
0.146492
0.145799
0.145108
0.144420
0.143735
0.143052
0.142372
0.141694
0.141019
0.140346
0.139676
0.139009
0.138344
0.137682
0.137022
0.136364
0.135709
0.135057
0.134407
0.133760
0.133115
0.132472
0.131832
0.131194
0.130559
0.129927
0.129296
0.128669
0.128043
0.127420
0.126800
0.126181
0.125566
0.124952
0.124341
0.123732
0.123126
0.122522
0.121920
0.121321
0.120724
0.120130
0.119537
0.118947
0.118360
0.117774
0.117191
0.116611
0.116032
0.115456
0.114882
0.114310
0.113741
0.113174
0.112609
0.112046
0.111486
0.110928
0.110372
0.109818
0.109266
0.108717
0.108169
0.107624
0.107082
0.106541
0.106002
0.105466
0.104932
0.104400
0.103870
0.103342
0.102816
0.102292
0.101771
0.101252
0.100734
0.100219
0.099706
0.099195
0.098686
0.098179
0.097674
0.097171
0.096671
0.096172
0.095675
0.095180
0.094688
0.094197
0.093708
0.093222
0.092737
0.092254
0.091774
0.091295
0.090818
0.090343
0.089870
0.089399
0.088930
0.088463
0.087998
0.087535
0.087074
0.086614
0.086157
0.085701
0.085247
0.084795
0.084345
0.083897
0.083451
0.083006
0.082564
0.082123
0.081684
0.081247
0.080811
0.080378
0.079946
0.079516
0.079088
0.078662
0.078237
0.077815
0.077394
0.076974
0.076557
0.076141
0.075727
0.075315
0.074904
0.074495
0.074088
0.073683
0.073279
0.072877
0.072477
0.072078
0.071681
0.071286
0.070892
0.070500
0.070110
0.069721
0.069334
0.068948
0.068565
0.068182
0.067802
0.067423
0.067045
0.066670
0.066295
0.065923
0.065552
0.065182
0.064814
0.064448
0.064083
0.063720
0.063358
0.062998
0.062639
0.062282
0.061926
0.061572
0.061219
0.060868
0.060518
0.060170
0.059823
0.059478
0.059134
0.058791
0.058451
0.058111
0.057773
0.057436
0.057101
0.056767
0.056435
0.056104
0.055774
0.055446
0.055119
0.054794
0.054470
0.054147
0.053826
0.053506
0.053187
0.052870
0.052554
0.052239
0.051926
0.051614
0.051304
0.050994
0.050686
0.050380
0.050074
0.049770
0.049467
0.049165
0.048865
0.048566
0.048268
0.047972
0.047676
0.047382
0.047090
0.046798
0.046508
0.046218
0.045930
0.045644
0.045358
0.045074
0.044791
0.044509
0.044228
0.043948
0.043670
0.043392
0.043116
0.042841
0.042568
0.042295
0.042023
0.041753
0.041483
0.041215
0.040948
0.040682
0.040417
0.040154
0.039891
0.039629
0.039369
0.039109
0.038851
0.038594
0.038337
0.038082
0.037828
0.037575
0.037323
0.037072
0.036822
0.036573
0.036325
0.036078
0.035832
0.035587
0.035343
0.035100
0.034858
0.034617
0.034377
0.034138
0.033900
0.033663
0.033427
0.033192
0.032958
0.032724
0.032492
0.032261
0.032030
0.031801
0.031572
0.031344
0.031118
0.030892
0.030667
0.030443
0.030219
0.029997
0.029776
0.029555
0.029336
0.029117
0.028899
0.028682
0.028466
0.028250
0.028036
0.027822
0.027609
0.027397
0.027186
0.026976
0.026766
0.026558
0.026350
0.026143
0.025937
0.025731
0.025527
0.025323
0.025120
0.024917
0.024716
0.024515
0.024315
0.024116
0.023918
0.023720
0.023523
0.023327
0.023132
0.022937
0.022743
0.022550
0.022358
0.022166
0.021975
0.021785
0.021595
0.021407
0.021218
0.021031
0.020844
0.020658
0.020473
0.020289
0.020105
0.019921
0.019739
0.019557
0.019376
0.019195
0.019016
0.018836
0.018658
0.018480
0.018303
0.018126
0.017950
0.017775
0.017601
0.017427
0.017253
0.017081
0.016909
0.016737
0.016566
0.016396
0.016226
0.016057
0.015889
0.015721
0.015554
0.015388
0.015222
0.015056
0.014891
0.014727
0.014564
0.014401
0.014238
0.014076
0.013915
0.013754
0.013594
0.013434
0.013275
0.013117
0.012959
0.012802
0.012645
0.012488
0.012333
0.012177
0.012023
0.011869
0.011715
0.011562
0.011409
0.011257
0.011106
0.010955
0.010804
0.010655
0.010505
0.010356
0.010208
0.010060
0.009912
0.009766
0.009619
0.009473
0.009328
0.009183
0.009038
0.008894
0.008751
0.008608
0.008465
0.008323
0.008182
0.008041
0.007900
0.007760
0.007620
0.007481
0.007342
0.007204
0.007066
0.006928
0.006791
0.006655
0.006519
0.006383
0.006248
0.006113
0.005979
0.005845
0.005712
0.005579
0.005446
0.005314
0.005182
0.005051
0.004920
0.004789
0.004659
0.004530
0.004400
0.004272
0.004143
0.004015
0.003888
0.003760
0.003634
0.003507
0.003381
0.003256
0.003130
0.003006
0.002881
0.002757
0.002633
0.002510
0.002387
0.002265
0.002143
0.002021
0.001900
0.001779
0.001658
0.001538
0.001418
0.001298
0.001179
0.001061
0.000942
0.000824
0.000706
0.000589
0.000472
0.000356
0.000239
0.000123
0.000008
-0.000107
-0.000222
-0.000337
-0.000451
-0.000565
-0.000678
-0.000791
-0.000904
-0.001016
-0.001128
-0.001240
-0.001352
-0.001463
-0.001574
-0.001684
-0.001794
-0.001904
-0.002013
-0.002123
-0.002231
-0.002340
-0.002448
-0.002556
-0.002663
-0.002771
-0.002878
-0.002984
-0.003090
-0.003196
-0.003302
-0.003407
-0.003512
-0.003617
-0.003722
-0.003826
-0.003930
-0.004033
-0.004136
-0.004239
-0.004342
-0.004444
-0.004546
-0.004648
-0.004749
-0.004851
-0.004951
-0.005052
-0.005152
-0.005252
-0.005352
-0.005451
-0.005550
-0.005649
-0.005748
-0.005846
-0.005944
-0.006042
-0.006139
-0.006237
-0.006333
-0.006430
-0.006526
-0.006623
-0.006718
-0.006814
-0.006909
-0.007004
-0.007099
-0.007193
-0.007288
-0.007381
-0.007475
-0.007569
-0.007662
-0.007755
-0.007847
-0.007940
-0.008032
-0.008123
-0.008215
-0.008306
-0.008397
-0.008488
-0.008579
-0.008669
-0.008759
-0.008849
-0.008939
-0.009028
-0.009117
-0.009206
-0.009294
-0.009383
-0.009471
-0.009559
-0.009646
-0.009734
-0.009821
-0.009908
-0.009994
-0.010081
-0.010167
-0.010253
-0.010339
-0.010424
-0.010509
-0.010594
-0.010679
-0.010764
-0.010848
-0.010932
-0.011016
-0.011099
-0.011183
-0.011266
-0.011349
-0.011431
-0.011514
-0.011596
-0.011678
-0.011760
-0.011842
-0.011923
-0.012004
-0.012085
-0.012166
-0.012246
-0.012326
-0.012407
-0.012486
-0.012566
-0.012645
-0.012725
-0.012804
-0.012882
-0.012961
-0.013039
-0.013117
-0.013195
-0.013273
-0.013350
-0.013428
-0.013505
-0.013582
-0.013658
-0.013735
-0.013811
-0.013887
-0.013963
-0.014039
-0.014114
-0.014189
-0.014264
-0.014339
-0.014414
-0.014488
-0.014562
-0.014636
-0.014710
-0.014784
-0.014857
-0.014931
-0.015004
-0.015077
-0.015149
-0.015222
-0.015294
-0.015366
-0.015438
-0.015510
-0.015581
-0.015653
-0.015724
-0.015795
-0.015865
-0.015936
-0.016006
-0.016077
-0.016147
-0.016216
-0.016286
-0.016356
-0.016425
-0.016494
-0.016563
-0.016632
-0.016700
-0.016768
-0.016837
-0.016905
-0.016972
-0.017040
-0.017108
-0.017175
-0.017242
-0.017309
-0.017376
-0.017442
-0.017509
-0.017575
-0.017641
-0.017707
-0.017773
-0.017838
-0.017904
-0.017969
-0.018034
-0.018099
-0.018163
-0.018228
-0.018292
-0.018356
-0.018420
-0.018484
-0.018548
-0.018611
-0.018675
-0.018738
-0.018801
-0.018864
-0.018926
-0.018989
-0.019051
-0.019114
-0.019176
-0.019237
-0.019299
-0.019361
-0.019422
-0.019483
-0.019544
-0.019605
-0.019666
-0.019727
-0.019787
-0.019847
-0.019907
-0.019967
-0.020027
-0.020087
-0.020146
-0.020206
-0.020265
-0.020324
-0.020383
-0.020442
-0.020500
-0.020559
-0.020617
-0.020675
-0.020733
-0.020791
-0.020848
-0.020906
-0.020963
-0.021020
-0.021078
-0.021134
-0.021191
-0.021248
-0.021304
-0.021361
-0.021417
-0.021473
-0.021529
-0.021585
-0.021640
-0.021696
-0.021751
-0.021806
-0.021861
-0.021916
-0.021971
-0.022025
-0.022080
-0.022134
-0.022188
-0.022242
-0.022296
-0.022350
-0.022404
-0.022457
-0.022511
-0.022564
-0.022617
-0.022670
-0.022723
-0.022775
-0.022828
-0.022880
-0.022933
-0.022985
-0.023037
-0.023089
-0.023140
-0.023192
-0.023243
-0.023295
-0.023346
-0.023397
-0.023448
-0.023499
-0.023549
-0.023600
-0.023650
-0.023701
-0.023751
-0.023801
-0.023851
-0.023900
-0.023950
-0.024000
-0.024049
-0.024098
-0.024147
-0.024196
-0.024245
-0.024294
-0.024343
-0.024391
-0.024440
-0.024488
-0.024536
-0.024584
-0.024632
-0.024680
-0.024727
-0.024775
-0.024822
-0.024870
-0.024917
-0.024964
-0.025011
-0.025058
-0.025104
-0.025151
-0.025197
-0.025244
-0.025290
-0.025336
-0.025382
-0.025428
-0.025474
-0.025519
-0.025565
-0.025610
-0.025655
-0.025701
-0.025746
-0.025791
-0.025835
-0.025880
-0.025925
-0.025969
-0.026014
-0.026058
-0.026102
-0.026146
-0.026190
-0.026234
-0.026277
-0.026321
-0.026364
-0.026408
-0.026451
-0.026494
-0.026537
-0.026580
-0.026623
-0.026666
-0.026708
-0.026751
-0.026793
-0.026836
-0.026878
-0.026920
-0.026962
-0.027004
-0.027045
-0.027087
-0.027129
-0.027170
-0.027211
-0.027253
-0.027294
-0.027335
-0.027376
-0.027416
-0.027457
-0.027498
-0.027538
-0.027579
-0.027619
-0.027659
-0.027699
-0.027739
-0.027779
-0.027819
-0.027859
-0.027898
-0.027938
-0.027977
-0.028016
-0.028056
-0.028095
-0.028134
-0.028173
-0.028212
-0.028250
-0.028289
-0.028327
-0.028366
-0.028404
-0.028442
-0.028480
-0.028519
-0.028556
-0.028594
-0.028632
-0.028670
-0.028707
-0.028745
-0.028782
-0.028819
-0.028857
-0.028894
-0.028931
-0.028968
-0.029005
-0.029041
-0.029078
-0.029114
-0.029151
-0.029187
-0.029224
-0.029260
-0.029296
-0.029332
-0.029368
-0.029404
-0.029439
-0.029475
-0.029511
-0.029546
-0.029582
-0.029617
-0.029652
-0.029687
-0.029722
-0.029757
-0.029792
-0.029827
-0.029862
-0.029896
-0.029931
-0.029965
-0.029999
-0.030034
-0.030068
-0.030102
-0.030136
-0.030170
-0.030204
-0.030238
-0.030271
-0.030305
-0.030338
-0.030372
-0.030405
-0.030438
-0.030472
-0.030505
-0.030538
-0.030571
-0.030604
-0.030636
-0.030669
-0.030702
-0.030734
-0.030767
-0.030799
-0.030831
-0.030864
-0.030896
-0.030928
-0.030960
-0.030992
-0.031024
-0.031055
-0.031087
-0.031119
-0.031150
-0.031182
-0.031213
-0.031244
-0.031276
-0.031307
-0.031338
-0.031369
-0.031400
-0.031430
-0.031461
-0.031492
-0.031523
-0.031553
-0.031584
-0.031614
-0.031644
-0.031675
-0.031705
-0.031735
-0.031765
-0.031795
-0.031825
-0.031855
-0.031884
-0.031914
-0.031944
-0.031973
-0.032003
-0.032032
-0.032061
-0.032090
-0.032120
-0.032149
-0.032178
-0.032207
-0.032236
-0.032264
-0.032293
-0.032322
-0.032351
-0.032379
-0.032408
-0.032436
-0.032464
-0.032493
-0.032521
-0.032549
-0.032577
-0.032605
-0.032633
-0.032661
-0.032689
-0.032716
-0.032744
-0.032772
-0.032799
-0.032827
-0.032854
-0.032881
-0.032909
-0.032936
-0.032963
-0.032990
-0.033017
-0.033044
-0.033071
-0.033098
-0.033125
-0.033151
-0.033178
-0.033205
-0.033231
-0.033258
-0.033284
-0.033310
-0.033337
-0.033363
-0.033389
-0.033415
-0.033441
-0.033467
-0.033493
-0.033519
-0.033544
-0.033570
-0.033596
-0.033621
-0.033647
-0.033672
-0.033698
-0.033723
-0.033749
-0.033774
-0.033799
-0.033824
-0.033849
-0.033874
-0.033899
-0.033924
-0.033949
-0.033974
-0.033998
-0.034023
-0.034048
-0.034072
-0.034097
-0.034121
-0.034145
-0.034170
-0.034194
-0.034218
-0.034242
-0.034266
-0.034290
-0.034314
-0.034338
-0.034362
-0.034386
-0.034410
-0.034433
-0.034457
-0.034481
-0.034504
-0.034528
-0.034551
-0.034575
-0.034598
-0.034621
-0.034644
-0.034667
-0.034691
-0.034714
-0.034737
-0.034760
-0.034783
-0.034805
-0.034828
-0.034851
-0.034874
-0.034896
-0.034919
-0.034941
-0.034964
-0.034986
-0.035009
-0.035031
-0.035053
-0.035075
-0.035098
-0.035120
-0.035142
-0.035164
-0.035186
-0.035208
-0.035230
-0.035252
-0.035273
-0.035295
-0.035317
-0.035338
-0.035360
-0.035382
-0.035403
-0.035424
-0.035446
-0.035467
-0.035488
-0.035510
-0.035531
-0.035552
-0.035573
-0.035594
-0.035615
-0.035636
-0.035657
-0.035678
-0.035699
-0.035720
-0.035740
-0.035761
-0.035782
-0.035802
-0.035823
-0.035843
-0.035864
-0.035884
-0.035905
-0.035925
-0.035945
-0.035965
-0.035986
-0.036006
-0.036026
-0.036046
-0.036066
-0.036086
-0.036106
-0.036126
-0.036146
-0.036165
-0.036185
-0.036205
-0.036224
-0.036244
-0.036264
-0.036283
-0.036303
-0.036322
-0.036342
-0.036361
-0.036380
-0.036399
-0.036419
-0.036438
-0.036457
-0.036476
-0.036495
-0.036514
-0.036533
-0.036552
-0.036571
-0.036590
-0.036609
-0.036628
-0.036646
-0.036665
-0.036684
-0.036702
-0.036721
-0.036739
-0.036758
-0.036776
-0.036795
-0.036813
-0.036832
-0.036850
-0.036868
-0.036886
-0.036905
-0.036923
-0.036941
-0.036959
-0.036977
-0.036995
-0.037013
-0.037031
-0.037049
-0.037067
-0.037084
-0.037102
-0.037120
-0.037138
-0.037155
-0.037173
-0.037190
-0.037208
-0.037225
-0.037243
-0.037260
-0.037278
-0.037295
-0.037312
-0.037330
-0.037347
-0.037364
-0.037381
-0.037398
-0.037416
-0.037433
-0.037450
-0.037467
-0.037484
-0.037501
-0.037517
-0.037534
-0.037551
-0.037568
-0.037585
-0.037601
-0.037618
-0.037635
-0.037651
-0.037668
-0.037684
-0.037701
-0.037717
-0.037734
-0.037750
-0.037767
-0.037783
-0.037799
-0.037816
-0.037832
-0.037848
-0.037864
-0.037880
-0.037896
-0.037913
-0.037929
-0.037945
-0.037961
-0.037977
-0.037992
-0.038008
-0.038024
-0.038040
-0.038056
-0.038072
-0.038087
-0.038103
-0.038119
-0.038134
-0.038150
-0.038165
-0.038181
-0.038196
-0.038212
-0.038227
-0.038243
-0.038258
-0.038273
-0.038289
-0.038304
-0.038319
-0.038335
-0.038350
-0.038365
-0.038380
-0.038395
-0.038410
-0.038425
-0.038440
-0.038455
-0.038470
-0.038485
-0.038500
-0.038515
-0.038530
-0.038544
-0.038559
-0.038574
-0.038589
-0.038603
-0.038618
-0.038633
-0.038647
-0.038662
-0.038676
-0.038691
-0.038705
-0.038720
-0.038734
-0.038749
-0.038763
-0.038777
-0.038792
-0.038806
-0.038820
-0.038835
-0.038849
-0.038863
-0.038877
-0.038891
-0.038905
-0.038919
-0.038933
-0.038948
-0.038961
-0.038975
-0.038989
-0.039003
-0.039017
-0.039031
-0.039045
-0.039059
-0.039072
-0.039086
-0.039100
-0.039114
-0.039127
-0.039141
-0.039155
-0.039168
-0.039182
-0.039195
-0.039209
-0.039222
-0.039236
-0.039249
-0.039263
-0.039276
-0.039289
-0.039303
-0.039316
-0.039329
-0.039343
-0.039356
-0.039369
-0.039382
-0.039395
-0.039409
-0.039422
-0.039435
-0.039448
-0.039461
-0.039474
-0.039487
-0.039500
-0.039513
-0.039526
-0.039539
-0.039552
-0.039564
-0.039577
-0.039590
-0.039603
-0.039616
-0.039628
-0.039641
-0.039654
-0.039666
-0.039679
-0.039692
-0.039704
-0.039717
-0.039729
-0.039742
-0.039754
-0.039767
-0.039779
-0.039792
-0.039804
-0.039817
-0.039829
-0.039841
-0.039854
-0.039866
-0.039878
-0.039890
-0.039903
-0.039915
-0.039927
-0.039939
-0.039951
-0.039964
-0.039976
-0.039988
-0.040000
-0.040012
-0.040024
-0.040036
-0.040048
-0.040060
-0.040072
-0.040084
-0.040096
-0.040107
-0.040119
-0.040131
-0.040143
-0.040155
-0.040166
-0.040178
-0.040190
-0.040202
-0.040213
-0.040225
-0.040237
-0.040248
-0.040260
-0.040271
-0.040283
-0.040295
-0.040306
-0.040318
-0.040329
-0.040341
-0.040352
-0.040363
-0.040375
-0.040386
-0.040398
-0.040409
-0.040420
-0.040432
-0.040443
-0.040454
-0.040465
-0.040477
-0.040488
-0.040499
-0.040510
-0.040521
-0.040532
-0.040544
-0.040555
-0.040566
-0.040577
-0.040588
-0.040599
-0.040610
-0.040621
-0.040632
-0.040643
-0.040654
-0.040665
-0.040675
-0.040686
-0.040697
-0.040708
-0.040719
-0.040730
-0.040740
-0.040751
-0.040762
-0.040773
-0.040783
-0.040794
-0.040805
-0.040815
-0.040826
-0.040837
-0.040847
-0.040858
-0.040868
-0.040879
-0.040889
-0.040900
-0.040910
-0.040921
-0.040931
-0.040942
-0.040952
-0.040963
-0.040973
-0.040983
-0.040994
-0.041004
-0.041015
-0.041025
-0.041035
-0.041045
-0.041056
-0.041066
-0.041076
-0.041086
-0.041097
-0.041107
-0.041117
-0.041127
-0.041137
-0.041147
-0.041157
-0.041167
-0.041178
-0.041188
-0.041198
-0.041208
-0.041218
-0.041228
-0.041238
-0.041248
-0.041258
-0.041267
-0.041277
-0.041287
-0.041297
-0.041307
-0.041317
-0.041327
-0.041336
-0.041346
-0.041356
-0.041366
-0.041376
-0.041385
-0.041395
-0.041405
-0.041414
-0.041424
-0.041434
-0.041443
-0.041453
-0.041463
-0.041472
-0.041482
-0.041491
-0.041501
-0.041511
-0.041520
-0.041530
-0.041539
-0.041549
-0.041558
-0.041567
-0.041577
-0.041586
-0.041596
-0.041605
-0.041615
-0.041624
-0.041633
-0.041643
-0.041652
-0.041661
-0.041671
-0.041680
-0.041689
-0.041698
-0.041708
-0.041717
-0.041726
-0.041735
-0.041744
-0.041754
-0.041763
-0.041772
-0.041781
-0.041790
-0.041799
-0.041808
-0.041817
-0.041827
-0.041836
-0.041845
-0.041854
-0.041863
-0.041872
-0.041881
-0.041890
-0.041899
-0.041908
-0.041916
-0.041925
-0.041934
-0.041943
-0.041952
-0.041961
-0.041970
-0.041979
-0.041987
-0.041996
-0.042005
-0.042014
-0.042023
-0.042031
-0.042040
-0.042049
-0.042058
-0.042066
-0.042075
-0.042084
-0.042092
-0.042101
-0.042110
-0.042118
-0.042127
-0.042136
-0.042144
-0.042153
-0.042161
-0.042170
-0.042179
-0.042187
-0.042196
-0.042204
-0.042213
-0.042221
-0.042230
-0.042238
-0.042247
-0.042255
-0.042263
-0.042272
-0.042280
-0.042289
-0.042297
-0.042305
-0.042314
-0.042322
-0.042330
-0.042339
-0.042347
-0.042355
-0.042364
-0.042372
-0.042380
-0.042389
-0.042397
-0.042405
-0.042413
-0.042421
-0.042430
-0.042438
-0.042446
-0.042454
-0.042462
-0.042470
-0.042479
-0.042487
-0.042495
-0.042503
-0.042511
-0.042519
-0.042527
-0.042535
-0.042543
-0.042551
-0.042559
-0.042567
-0.042575
-0.042583
-0.042591
-0.042599
-0.042607
-0.042615
-0.042623
-0.042631
-0.042639
-0.042647
-0.042655
-0.042663
-0.042671
-0.042679
-0.042686
-0.042694
-0.042702
-0.042710
-0.042718
-0.042725
-0.042733
-0.042741
-0.042749
-0.042757
-0.042764
-0.042772
-0.042780
-0.042788
-0.042795
-0.042803
-0.042811
-0.042818
-0.042826
-0.042834
-0.042841
-0.042849
-0.042857
-0.042864
-0.042872
-0.042879
-0.042887
-0.042895
-0.042902
-0.042910
-0.042917
-0.042925
-0.042932
-0.042940
-0.042947
-0.042955
-0.042962
-0.042970
-0.042977
-0.042985
-0.042992
-0.043000
-0.043007
-0.043015
-0.043022
-0.043030
-0.043037
-0.043044
-0.043052
-0.043059
-0.043066
-0.043074
-0.043081
-0.043088
-0.043096
-0.043103
-0.043110
-0.043118
-0.043125
-0.043132
-0.043140
-0.043147
-0.043154
-0.043161
-0.043169
-0.043176
-0.043183
-0.043190
-0.043197
-0.043205
-0.043212
-0.043219
-0.043226
-0.043233
-0.043241
-0.043248
-0.043255
-0.043262
-0.043269
-0.043276
-0.043283
-0.043290
-0.043297
-0.043304
-0.043312
-0.043319
-0.043326
-0.043333
-0.043340
-0.043347
-0.043354
-0.043361
-0.043368
-0.043375
-0.043382
-0.043389
-0.043396
-0.043403
-0.043410
-0.043417
-0.043423
-0.043430
-0.043437
-0.043444
-0.043451
-0.043458
-0.043465
-0.043472
-0.043479
-0.043485
-0.043492
-0.043499
-0.043506
-0.043513
-0.043520
-0.043526
-0.043533
-0.043540
-0.043547
-0.043554
-0.043560
-0.043567
-0.043574
-0.043581
-0.043587
-0.043594
-0.043601
-0.043608
-0.043614
-0.043621
-0.043628
-0.043634
-0.043641
-0.043648
-0.043654
-0.043661
-0.043668
-0.043674
-0.043681
-0.043687
-0.043694
-0.043701
-0.043707
-0.043714
-0.043720
-0.043727
-0.043734
-0.043740
-0.043747
-0.043753
-0.043760
-0.043766
-0.043773
-0.043779
-0.043786
-0.043792
-0.043799
-0.043805
-0.043812
-0.043818
-0.043825
-0.043831
-0.043838
-0.043844
-0.043851
-0.043857
-0.043863
-0.043870
-0.043876
-0.043883
-0.043889
-0.043896
-0.043902
-0.043908
-0.043915
-0.043921
-0.043927
-0.043934
-0.043940
-0.043946
-0.043953
-0.043959
-0.043965
-0.043972
-0.043978
-0.043984
-0.043991
-0.043997
-0.044003
-0.044009
-0.044016
-0.044022
-0.044028
-0.044034
-0.044041
-0.044047
-0.044053
-0.044059
-0.044065
-0.044072
-0.044078
-0.044084
-0.044090
-0.044096
-0.044102
-0.044109
-0.044115
-0.044121
-0.044127
-0.044133
-0.044139
-0.044145
-0.044152
-0.044158
-0.044164
-0.044170
-0.044176
-0.044182
-0.044188
-0.044194
-0.044200
-0.044206
-0.044212
-0.044218
-0.044224
-0.044230
-0.044236
-0.044242
-0.044248
-0.044255
-0.044261
-0.044266
-0.044272
-0.044278
-0.044284
-0.044290
-0.044296
-0.044302
-0.044308
-0.044314
-0.044320
-0.044326
-0.044332
-0.044338
-0.044344
-0.044350
-0.044356
-0.044362
-0.044367
-0.044373
-0.044379
-0.044385
-0.044391
-0.044397
-0.044403
-0.044408
-0.044414
-0.044420
-0.044426
-0.044432
-0.044438
-0.044443
-0.044449
-0.044455
-0.044461
-0.044467
-0.044472
-0.044478
-0.044484
-0.044490
-0.044495
-0.044501
-0.044507
-0.044513
-0.044518
-0.044524
-0.044530
-0.044536
-0.044541
-0.044547
-0.044553
-0.044558
-0.044564
-0.044570
-0.044575
-0.044581
-0.044587
-0.044592
-0.044598
-0.044604
-0.044609
-0.044615
-0.044621
-0.044626
-0.044632
-0.044638
-0.044643
-0.044649
-0.044654
-0.044660
-0.044666
-0.044671
-0.044677
-0.044682
-0.044688
-0.044693
-0.044699
-0.044705
-0.044710
-0.044716
-0.044721
-0.044727
-0.044732
-0.044738
-0.044743
-0.044749
-0.044754
-0.044760
-0.044765
-0.044771
-0.044776
-0.044782
-0.044787
-0.044793
-0.044798
-0.044804
-0.044809
-0.044814
-0.044820
-0.044825
-0.044831
-0.044836
-0.044842
-0.044847
-0.044852
-0.044858
-0.044863
-0.044869
-0.044874
-0.044879
-0.044885
-0.044890
-0.044895
-0.044901
-0.044906
-0.044912
-0.044917
-0.044922
-0.044928
-0.044933
-0.044938
-0.044944
-0.044949
-0.044954
-0.044960
-0.044965
-0.044970
-0.044975
-0.044981
-0.044986
-0.044991
-0.044997
-0.045002
-0.045007
-0.045012
-0.045018
-0.045023
-0.045028
-0.045033
-0.045039
-0.045044
-0.045049
-0.045054
-0.045059
-0.045065
-0.045070
-0.045075
-0.045080
-0.045085
-0.045091
-0.045096
-0.045101
-0.045106
-0.045111
-0.045117
-0.045122
-0.045127
-0.045132
-0.045137
-0.045142
-0.045147
-0.045153
-0.045158
-0.045163
-0.045168
-0.045173
-0.045178
-0.045183
-0.045188
-0.045193
-0.045199
-0.045204
-0.045209
-0.045214
-0.045219
-0.045224
-0.045229
-0.045234
-0.045239
-0.045244
-0.045249
-0.045254
-0.045259
-0.045264
-0.045269
-0.045274
-0.045279
-0.045284
-0.045289
-0.045294
-0.045299
-0.045304
-0.045309
-0.045314
-0.045319
-0.045324
-0.045329
-0.045334
-0.045339
-0.045344
-0.045349
-0.045354
-0.045359
-0.045364
-0.045369
-0.045374
-0.045379
-0.045384
-0.045389
-0.045394
-0.045399
-0.045403
-0.045408
-0.045413
-0.045418
-0.045423
-0.045428
-0.045433
-0.045438
-0.045443
-0.045447
-0.045452
-0.045457
-0.045462
-0.045467
-0.045472
-0.045477
-0.045481
-0.045486
-0.045491
-0.045496
-0.045501
-0.045506
-0.045510
-0.045515
-0.045520
-0.045525
-0.045530
-0.045534
-0.045539
-0.045544
-0.045549
-0.045554
-0.045558
-0.045563
-0.045568
-0.045573
-0.045577
-0.045582
-0.045587
-0.045592
-0.045596
-0.045601
-0.045606
-0.045611
-0.045615
-0.045620
-0.045625
-0.045629
-0.045634
-0.045639
-0.045644
-0.045648
-0.045653
-0.045658
-0.045662
-0.045667
-0.045672
-0.045676
-0.045681
-0.045686
-0.045690
-0.045695
-0.045700

