0.000000
0.000000
-0.000026
-0.000052
-0.000077
-0.000103
-0.000128
-0.000153
-0.000177
-0.000201
-0.000224
-0.000247
-0.000270
-0.000293
-0.000315
-0.000337
-0.000359
-0.000380
-0.000402
-0.000423
-0.000444
-0.000465
-0.000485
-0.000506
-0.000526
-0.000547
-0.000567
-0.000587
-0.000607
-0.000627
-0.000647
-0.000667
-0.000687
-0.000707
-0.000726
-0.000746
-0.000766
-0.000785
-0.000805
-0.000824
-0.000844
-0.000863
-0.000883
-0.000902
-0.000922
-0.000941
-0.000961
-0.000980
-0.001000
-0.001019
-0.001038
-0.001058
-0.001077
-0.001097
-0.001116
-0.001135
-0.001155
-0.001174
-0.001194
-0.001213
-0.001233
-0.001252
-0.001271
-0.001291
-0.001310
-0.001330
-0.001349
-0.001369
-0.001388
-0.001408
-0.001428
-0.001447
-0.001467
-0.001486
-0.001506
-0.001525
-0.001545
-0.001565
-0.001584
-0.001604
-0.001624
-0.001644
-0.001663
-0.001683
-0.001703
-0.001723
-0.001743
-0.001762
-0.001782
-0.001802
-0.001822
-0.001842
-0.001862
-0.001882
-0.001902
-0.001922
-0.001942
-0.001962
-0.001982
-0.002002
-0.002022
-0.002042
-0.002063
-0.002083
-0.002103
-0.002123
-0.002143
-0.002164
-0.002184
-0.002204
-0.002225
-0.002245
-0.002265
-0.002286
-0.002306
-0.002326
-0.002347
-0.002367
-0.002388
-0.002408
-0.002429
-0.002449
-0.002470
-0.002491
-0.002511
-0.002532
-0.002553
-0.002573
-0.002594
-0.002615
-0.002635
-0.002656
-0.002677
-0.002698
-0.002719
-0.002739
-0.002760
-0.002781
-0.002802
-0.002823
-0.002844
-0.002865
-0.002886
-0.002907
-0.002928
-0.002949
-0.002970
-0.002991
-0.003012
-0.003033
-0.003054
-0.003075
-0.003097
-0.003118
-0.003139
-0.003160
-0.003181
-0.003203
-0.003224
-0.003245
-0.003266
-0.003288
-0.003309
-0.003330
-0.003352
-0.003373
-0.003395
-0.003416
-0.003437
-0.003459
-0.003480
-0.003502
-0.003523
-0.003545
-0.003566
-0.003588
-0.003610
-0.003631
-0.003653
-0.003674
-0.003696
-0.003718
-0.003739
-0.003761
-0.003783
-0.003804
-0.003826
-0.003848
-0.003869
-0.003891
-0.003913
-0.003935
-0.003956
-0.003978
-0.004000
-0.004022
-0.004044
-0.004066
-0.004088
-0.004109
-0.004131
-0.004153
-0.004175
-0.004197
-0.004219
-0.004241
-0.004263
-0.004285
-0.004307
-0.004329
-0.004351
-0.004373
-0.004395
-0.004417
-0.004439
-0.004461
-0.004483
-0.004505
-0.004527
-0.004550
-0.004572
-0.004594
-0.004616
-0.004638
-0.004660
-0.004683
-0.004705
-0.004727
-0.004749
-0.004771
-0.004794
-0.004816
-0.004838
-0.004860
-0.004883
-0.004905
-0.004927
-0.004949
-0.004972
-0.004994
-0.005016
-0.005039
-0.005061
-0.005083
-0.005106
-0.005128
-0.005150
-0.005173
-0.005195
-0.005218
-0.005240
-0.005262
-0.005285
-0.005307
-0.005330
-0.005352
-0.005375
-0.005397
-0.005419
-0.005442
-0.005464
-0.005487
-0.005509
-0.005532
-0.005554
-0.005577
-0.005599
-0.005622
-0.005644
-0.005667
-0.005690
-0.005712
-0.005735
-0.005757
-0.005780
-0.005802
-0.005825
-0.005847
-0.005870
-0.005893
-0.005915
-0.005938
-0.005960
-0.005983
-0.006006
-0.006028
-0.006051
-0.006073
-0.006096
-0.006119
-0.006141
-0.006164
-0.006187
-0.006209
-0.006232
-0.006255
-0.006277
-0.006300
-0.006323
-0.006345
-0.006368
-0.006391
-0.006413
-0.006436
-0.006459
-0.006482
-0.006504
-0.006527
-0.006550
-0.006572
-0.006595
-0.006618
-0.006641
-0.006663
-0.006686
-0.006709
-0.006731
-0.006754
-0.006777
-0.006800
-0.006822
-0.006845
-0.006868
-0.006891
-0.006913
-0.006936
-0.006959
-0.006982
-0.007004
-0.007027
-0.007050
-0.007073
-0.007095
-0.007118
-0.007141
-0.007164
-0.007187
-0.007209
-0.007232
-0.007255
-0.007278
-0.007300
-0.007323
-0.007346
-0.007369
-0.007392
-0.007414
-0.007437
-0.007460
-0.007483
-0.007505
-0.007528
-0.007551
-0.007574
-0.007597
-0.007619
-0.007642
-0.007665
-0.007688
-0.007711
-0.007733
-0.007756
-0.007779
-0.007802
-0.007825
-0.007847
-0.007870
-0.007893
-0.007916
-0.007939
-0.007961
-0.007984
-0.008007
-0.008030
-0.008052
-0.008075
-0.008098
-0.008121
-0.008144
-0.008166
-0.008189
-0.008212
-0.008235
-0.008258
-0.008280
-0.008303
-0.008326
-0.008349
-0.008371
-0.008394
-0.008417
-0.008440
-0.008462
-0.008485
-0.008508
-0.008531
-0.008554
-0.008576
-0.008599
-0.008622
-0.008645
-0.008667
-0.008690
-0.008713
-0.008736
-0.008758
-0.008781
-0.008804
-0.008827
-0.008849
-0.008872
-0.008895
-0.008917
-0.008940
-0.008963
-0.008986
-0.009008
-0.009031
-0.009054
-0.009077
-0.009099
-0.009122
-0.009145
-0.009167
-0.009190
-0.009213
-0.009235
-0.009258
-0.009281
-0.009304
-0.009326
-0.009349
-0.009372
-0.009394
-0.009417
-0.009440
-0.009462
-0.009485
-0.009508
-0.009530
-0.009553
-0.009576
-0.009598
-0.009621
-0.009643
-0.009666
-0.009689
-0.009711
-0.009734
-0.009757
-0.009779
-0.009802
-0.009824
-0.009847
-0.009870
-0.009892
-0.009915
-0.009937
-0.009960
-0.009983
-0.010005
-0.010028
-0.010050
-0.010073
-0.010095
-0.010118
-0.010141
-0.010163
-0.010186
-0.010208
-0.010231
-0.010253
-0.010276
-0.010298
-0.010321
-0.010343
-0.010366
-0.010388
-0.010411
-0.010433
-0.010456
-0.010478
-0.010501
-0.010523
-0.010546
-0.010568
-0.010591
-0.010613
-0.010636
-0.010658
-0.010680
-0.010703
-0.010725
-0.010748
-0.010770
-0.010793
-0.010815
-0.010837
-0.010860
-0.010882
-0.010905
-0.010927
0.639416
1.559440
2.605614
3.249057
3.703518
4.034743
4.279894
4.462120
4.596570
4.693625
4.755736
4.791540
4.806449
4.804495
4.788815
4.761910
4.725808
4.682190
4.632437
4.577713
4.518994
4.457116
4.392769
4.326547
4.258948
4.190413
4.121289
4.051882
3.982464
3.913241
4.447783
5.243386
6.162515
6.715147
7.088936
7.346627
7.523668
7.641999
7.715989
7.755434
7.761847
7.743803
7.706639
7.654284
7.589763
7.515480
7.433371
7.345009
7.251717
7.154594
7.054551
6.952369
6.848692
6.744079
6.638978
6.533814
6.428885
6.324501
6.220867
6.118208
6.591848
7.325761
8.184470
8.700835
9.043112
9.272509
9.423512
9.517528
9.568508
9.585983
9.570935
9.531878
9.474153
9.401684
9.317476
9.223902
9.122867
9.015953
8.904437
8.789419
8.671788
8.552330
8.431684
8.310381
8.188901
8.067625
7.946872
7.826929
7.708026
7.590339
8.028915
8.729412
9.557247
10.061240
10.393810
10.614779
10.758183
10.845068
10.889171
10.899871
10.877813
10.831469
10.766241
10.686108
10.594087
10.492591
10.383536
10.268535
10.148871
10.025683
9.899883
9.772246
9.643430
9.513993
9.384426
9.255101
9.126378
8.998528
8.871760
8.746308
9.160576
9.839190
10.647861
11.148884
11.480267
11.700786
11.844022
11.930756
11.974517
11.984601
11.961385
11.913295
11.845821
11.762991
11.667895
11.562964
11.450214
11.331226
11.207406
11.079868
10.949573
10.817330
10.683808
10.549636
10.415245
10.281075
10.147470
10.014727
9.883079
9.752730
10.147476
10.809154
11.603729
12.105396
12.439209
12.662783
12.809205
12.898955
12.945386
12.957682
12.935978
12.888630
12.821225
12.737833
12.641637
12.535149
12.420385
12.299069
12.172603
12.042171
11.908766
11.773252
11.636338
11.498637
11.360653
11.222801
11.085477
10.948960
10.813490
10.679300
11.056834
11.703706
12.486551
12.990331
13.328410
13.557040
13.708733
13.803596
13.854706
13.871102
13.852659
13.807631
13.741681
13.658968
13.562742
13.455575
13.339622
13.216613
13.088062
12.955194
12.819077
12.680639
12.540579
12.399568
12.258187
12.116833
11.975894
11.835724
11.696558
11.558622
11.873015
12.434420
13.123541
13.571953
13.872207
14.073868
14.205764
14.285796
14.325703
14.333587
14.309270
14.260157
14.191418
14.106935
14.009723
13.902171
13.786287
13.663707
13.535837
13.403872
13.268801
13.131464
12.992632
12.852899
12.712783
12.572748
12.433151
12.294301
12.156485
12.019908
12.327929
12.885871
13.574800
14.032439
14.343181
14.555637
14.698171
14.788419
14.837890
14.854585
14.838175
14.795930
14.733088
14.653583
14.560509
14.456369
14.343237
14.222835
14.096651
13.965950
13.831801
13.695086
13.556589
13.416964
13.276732
13.136396
12.996349
12.856891
12.718324
12.580900
12.879679
13.430572
14.115354
14.579200
14.898494
15.120485
15.272803
15.372545
15.430894
15.455620
15.446153
15.409590
15.351198
15.275001
15.184182
15.081396
14.968818
14.848332
14.721505
14.589704
14.454120
14.315711
14.175282
14.033557
13.891088
13.748358
13.605815
13.463772
13.322566
13.182389
13.043466
12.906002
12.770101
12.635912
12.503571
12.373119
12.244615
12.118129
11.993701
11.871359
11.751098
11.632921
11.516848
11.402858
11.290925
11.181062
11.073217
10.967372
10.863495
10.761564
10.661540
10.563399
10.467093
10.372612
10.279899
10.188935
10.099667
10.012082
9.926133
9.841794
9.759024
9.677792
9.598072
9.519825
9.443015
9.367625
9.293612
9.220960
9.149618
9.079568
9.010786
8.943225
8.876873
8.811708
8.747687
8.684789
8.622998
8.562280
8.502604
8.443959
8.386313
8.329639
8.273920
8.219141
8.165265
8.112279
8.060162
8.008892
7.958448
7.908811
7.859964
7.811888
7.764561
7.717965
7.672086
7.626908
7.582410
7.538578
7.495394
7.452847
7.410922
7.369598
7.328862
7.288701
7.249106
7.210060
7.171548
7.133557
7.096075
7.059093
7.022604
6.986589
6.951034
6.915930
6.881267
6.847040
6.813237
6.779845
6.746851
6.714248
6.682031
6.650189
6.618717
6.587603
6.556836
6.526409
6.496313
6.466544
6.437096
6.407962
6.379132
6.350598
6.322354
6.294391
6.266707
6.239295
6.212154
6.185272
6.158644
6.132264
6.106126
6.080224
6.054555
6.029118
6.003906
5.978912
5.954132
5.929561
5.905192
5.881023
5.857051
5.833274
5.809688
5.786289
5.763069
5.740028
5.717159
5.694460
5.671928
5.649559
5.627353
5.605309
5.583419
5.561683
5.540095
5.518652
5.497352
5.476194
5.455172
5.434288
5.413538
5.392923
5.372437
5.352078
5.331843
5.311731
5.291739
5.271863
5.252105
5.232461
5.212929
5.193513
5.174206
5.155007
5.135914
5.116924
5.098037
5.079250
5.060562
5.041972
5.023479
5.005081
4.986779
4.968571
4.950456
4.932429
4.914492
4.896642
4.878877
4.861198
4.843602
4.826090
4.808659
4.791310
4.774044
4.756858
4.739749
4.722718
4.705763
4.688882
4.672076
4.655343
4.638682
4.622094
4.605577
4.589130
4.572754
4.556449
4.540212
4.524043
4.507941
4.491905
4.475933
4.460027
4.444184
4.428405
4.412688
4.397034
4.381442
4.365912
4.350446
4.335039
4.319693
4.304405
4.289176
4.274005
4.258891
4.243835
4.228834
4.213890
4.199002
4.184169
4.169391
4.154669
4.140004
4.125392
4.110834
4.096328
4.081875
4.067474
4.053125
4.038827
4.024580
4.010383
3.996237
3.982141
3.968095
3.954100
3.940154
3.926259
3.912413
3.898615
3.884865
3.871162
3.857507
3.843899
3.830337
3.816821
3.803352
3.789929
3.776552
3.763220
3.749934
3.736694
3.723501
3.710353
3.697249
3.684189
3.671174
3.658201
3.645272
3.632386
3.619542
3.606742
3.593984
3.581268
3.568594
3.555963
3.543374
3.530827
3.518321
3.505859
3.493439
3.481059
3.468720
3.456421
3.444162
3.431943
3.419765
3.407625
3.395525
3.383464
3.371443
3.359461
3.347518
3.335614
3.323749
3.311923
3.300137
3.288390
3.276681
3.265010
3.253377
3.241781
3.230222
3.218700
3.207215
3.195767
3.184356
3.172982
3.161644
3.150342
3.139077
3.127848
3.116656
3.105500
3.094380
3.083298
3.072251
3.061240
3.050264
3.039323
3.028417
3.017546
3.006709
2.995907
2.985139
2.974405
2.963706
2.953040
2.942409
2.931812
2.921248
2.910719
2.900223
2.889762
2.879335
2.868942
2.858582
2.848256
2.837962
2.827701
2.817473
2.807277
2.797113
2.786982
2.776882
2.766815
2.756779
2.746776
2.736804
2.726864
2.716956
2.707079
2.697234
2.687421
2.677639
2.667890
2.658172
2.648486
2.638830
2.629205
2.619611
2.610048
2.600514
2.591011
2.581538
2.572095
2.562682
2.553299
2.543945
2.534621
2.525327
2.516063
2.506828
2.497623
2.488447
2.479301
2.470184
2.461097
2.452039
2.443012
2.434013
2.425043
2.416101
2.407188
2.398304
2.389448
2.380620
2.371820
2.363048
2.354304
2.345587
2.336899
2.328238
2.319604
2.310999
2.302421
2.293870
2.285347
2.276851
2.268383
2.259942
2.251529
2.243144
2.234786
2.226455
2.218151
2.209873
2.201622
2.193398
2.185200
2.177028
2.168883
2.160763
2.152670
2.144603
2.136561
2.128545
2.120555
2.112590
2.104651
2.096738
2.088850
2.080988
2.073151
2.065340
2.057554
2.049793
2.042058
2.034349
2.026665
2.019006
2.011372
2.003763
1.996179
1.988619
1.981084
1.973573
1.966087
1.958624
1.951186
1.943773
1.936383
1.929017
1.921674
1.914356
1.907062
1.899791
1.892543
1.885320
1.878120
1.870943
1.863790
1.856661
1.849554
1.842472
1.835412
1.828377
1.821365
1.814376
1.807410
1.800468
1.793548
1.786651
1.779777
1.772925
1.766096
1.759290
1.752505
1.745743
1.739004
1.732286
1.725591
1.718917
1.712266
1.705636
1.699029
1.692443
1.685879
1.679336
1.672815
1.666316
1.659839
1.653383
1.646948
1.640536
1.634144
1.627774
1.621425
1.615098
1.608793
1.602509
1.596246
1.590004
1.583783
1.577583
1.571404
1.565246
1.559108
1.552991
1.546894
1.540818
1.534762
1.528727
1.522712
1.516717
1.510742
1.504787
1.498853
1.492938
1.487043
1.481169
1.475314
1.469479
1.463663
1.457867
1.452091
1.446335
1.440598
1.434881
1.429184
1.423505
1.417847
1.412208
1.406588
1.400988
1.395408
1.389847
1.384305
1.378782
1.373278
1.367793
1.362328
1.356880
1.351452
1.346043
1.340652
1.335279
1.329926
1.324590
1.319274
1.313975
1.308695
1.303433
1.298190
1.292965
1.287757
1.282568
1.277397
1.272244
1.267109
1.261992
1.256893
1.251812
1.246748
1.241702
1.236674
1.231663
1.226670
1.221695
1.216737
1.211797
1.206875
1.201970
1.197082
1.192212
1.187360
1.182525
1.177707
1.172907
1.168123
1.163357
1.158608
1.153876
1.149160
1.144462
1.139780
1.135116
1.130467
1.125836
1.121221
1.116623
1.112041
1.107476
1.102928
1.098395
1.093879
1.089380
1.084896
1.080429
1.075978
1.071544
1.067125
1.062723
1.058336
1.053965
1.049611
1.045272
1.040949
1.036642
1.032351
1.028076
1.023816
1.019572
1.015343
1.011130
1.006933
1.002751
0.998585
0.994434
0.990299
0.986179
0.982075
0.977986
0.973912
0.969854
0.965811
0.961784
0.957771
0.953774
0.949791
0.945824
0.941871
0.937934
0.934011
0.930103
0.926210
0.922331
0.918467
0.914618
0.910783
0.906963
0.903158
0.899367
0.895590
0.891828
0.888080
0.884346
0.880627
0.876922
0.873231
0.869555
0.865892
0.862244
0.858609
0.854989
0.851383
0.847790
0.844212
0.840647
0.837096
0.833559
0.830036
0.826526
0.823030
0.819548
0.816080
0.812625
0.809183
0.805755
0.802341
0.798939
0.795552
0.792177
0.788816
0.785469
0.782134
0.778813
0.775505
0.772211
0.768929
0.765661
0.762406
0.759164
0.755935
0.752719
0.749516
0.746326
0.743149
0.739984
0.736833
0.733694
0.730567
0.727453
0.724352
0.721264
0.718188
0.715124
0.712073
0.709035
0.706008
0.702994
0.699993
0.697003
0.694026
0.691061
0.688109
0.685168
0.682240
0.679323
0.676419
0.673526
0.670646
0.667777
0.664921
0.662076
0.659243
0.656421
0.653612
0.650814
0.648028
0.645254
0.642491
0.639739
0.637000
0.634271
0.631554
0.628849
0.626155
0.623472
0.620801
0.618141
0.615492
0.612855
0.610228
0.607613
0.605009
0.602416
0.599834
0.597263
0.594703
0.592154
0.589616
0.587089
0.584572
0.582067
0.579572
0.577088
0.574614
0.572152
0.569700
0.567258
0.564828
0.562407
0.559998
0.557599
0.555210
0.552832
0.550464
0.548107
0.545759
0.543423
0.541096
0.538780
0.536474
0.534178
0.531892
0.529616
0.527350
0.525094
0.522848
0.520613
0.518386
0.516170
0.513964
0.511767
0.509580
0.507403
0.505236
0.503078
0.500929
0.498791
0.496662
0.494542
0.492432
0.490331
0.488240
0.486158
0.484085
0.482022
0.479968
0.477923
0.475888
0.473861
0.471844
0.469836
0.467837
0.465847
0.463865
0.461893
0.459930
0.457976
0.456030
0.454094
0.452166
0.450247
0.448337
0.446435
0.444542
0.442658
0.440782
0.438915
0.437057
0.435207
0.433365
0.431532
0.429707
0.427891
0.426083
0.424283
0.422491
0.420708
0.418933
0.417166
0.415407
0.413657
0.411914
0.410180
0.408453
0.406735
0.405024
0.403321
0.401627
0.399940
0.398261
0.396589
0.394926
0.393270
0.391621
0.389981
0.388348
0.386723
0.385105
0.383495
0.381892
0.380296
0.378708
0.377128
0.375555
0.373989
0.372430
0.370879
0.369335
0.367798
0.366269
0.364746
0.363231
0.361723
0.360221
0.358727
0.357240
0.355759
0.354286
0.352820
0.351360
0.349907
0.348461
0.347022
0.345590
0.344164
0.342745
0.341333
0.339927
0.338528
0.337135
0.335749
0.334370
0.332997
0.331630
0.330270
0.328916
0.327569
0.326228
0.324893
0.323564
0.322242
0.320926
0.319616
0.318312
0.317014
0.315722
0.314436
0.313157
0.311883
0.310615
0.309353
0.308097
0.306847
0.305603
0.304364
0.303132
0.301905
0.300684
0.299468
0.298258
0.297054
0.295855
0.294662
0.293475
0.292293
0.291116
0.289945
0.288779
0.287619
0.286464
0.285315
0.284171
0.283032
0.281898
0.280770
0.279647
0.278529
0.277416
0.276308
0.275206
0.274108
0.273016
0.271928
0.270846
0.269769
0.268696
0.267629
0.266566
0.265508
0.264455
0.263407
0.262364
0.261325
0.260291
0.259262
0.258237
0.257218
0.256202
0.255192
0.254186
0.253184
0.252188
0.251195
0.250207
0.249224
0.248245
0.247270
0.246300
0.245334
0.244373
0.243416
0.242463
0.241514
0.240570
0.239629
0.238693
0.237762
0.236834
0.235910
0.234991
0.234076
0.233164
0.232257
0.231354
0.230454
0.229559
0.228668
0.227780
0.226897
0.226017
0.225141
0.224269
0.223401
0.222536
0.221676
0.220819
0.219966
0.219116
0.218270
0.217428
0.216589
0.215755
0.214923
0.214095
0.213271
0.212451
0.211633
0.210820
0.210009
0.209203
0.208399
0.207599
0.206803
0.206010
0.205220
0.204433
0.203650
0.202870
0.202094
0.201320
0.200550
0.199783
0.199020
0.198259
0.197502
0.196747
0.195996
0.195248
0.194503
0.193761
0.193023
0.192287
0.191554
0.190824
0.190097
0.189373
0.188653
0.187935
0.187219
0.186507
0.185798
0.185091
0.184388
0.183687
0.182989
0.182294
0.181601
0.180912
0.180225
0.179540
0.178859
0.178180
0.177504
0.176830
0.176159
0.175491
0.174826
0.174163
0.173502
0.172844
0.172189
0.171536
0.170886
0.170238
0.169593
0.168950
0.168310
0.167672
0.167036
0.166403
0.165773
0.165145
0.164519
0.163895
0.163274
0.162655
0.162039
0.161425
0.160813
0.160203
0.159596
0.158991
0.158388
0.157787
0.157189
0.156593
0.155999
0.155407
0.154817
0.154230
0.153645
0.153061
0.152480
0.151901
0.151324
0.150750
0.150177
0.149606
0.149038
0.148471
0.147906
0.147344
0.146783
0.146225
0.145668
0.145113
0.144561
0.144010
0.143461
0.142914
0.142369
0.141826
0.141285
0.140746
0.140208
0.139673
0.139139
0.138607
0.138077
0.137549
0.137022
0.136498
0.135975
0.135454
0.134935
0.134417
0.133901
0.133387
0.132875
0.132365
0.131856
0.131349
0.130843
0.130339
0.129837
0.129337
0.128838
0.128341
0.127846
0.127352
0.126860
0.126369
0.125880
0.125393
0.124907
0.124423
0.123940
0.123459
0.122980
0.122502
0.122026
0.121551
0.121078
0.120606
0.120136
0.119667
0.119199
0.118734
0.118269
0.117807
0.117345
0.116885
0.116427
0.115970
0.115514
0.115060
0.114608
0.114156
0.113706
0.113258
0.112811
0.112365
0.111921
0.111478
0.111037
0.110596
0.110158
0.109720
0.109284
0.108849
0.108416
0.107984
0.107553
0.107123
0.106695
0.106268
0.105843
0.105419
0.104996
0.104574
0.104153
0.103734
0.103316
0.102900
0.102484
0.102070
0.101657
0.101246
0.100835
0.100426
0.100018
0.099611
0.099205
0.098801
0.098398
0.097996
0.097595
0.097195
0.096797
0.096400
0.096004
0.095609
0.095215
0.094822
0.094431
0.094040
0.093651
0.093263
0.092876
0.092490
0.092105
0.091722
0.091339
0.090958
0.090578
0.090199
0.089820
0.089444
0.089068
0.088693
0.088319
0.087946
0.087575
0.087204
0.086835
0.086466
0.086099
0.085733
0.085367
0.085003
0.084640
0.084278
0.083916
0.083556
0.083197
0.082839
0.082482
0.082126
0.081771
0.081417
0.081064
0.080712
0.080361
0.080010
0.079661
0.079313
0.078966
0.078620
0.078275
0.077930
0.077587
0.077245
0.076903
0.076563
0.076223
0.075885
0.075547
0.075211
0.074875
0.074540
0.074206
0.073873
0.073541
0.073210
0.072880
0.072551
0.072223
0.071895
0.071569
0.071243
0.070918
0.070594
0.070272
0.069949
0.069628
0.069308
0.068989
0.068670
0.068353
0.068036
0.067720
0.067405
0.067091
0.066777
0.066465
0.066153
0.065843
0.065533
0.065224
0.064916
0.064608
0.064302
0.063996
0.063691
0.063387
0.063084
0.062782
0.062480
0.062180
0.061880
0.061581
0.061282
0.060985
0.060688
0.060393
0.060098
0.059803
0.059510
0.059217
0.058926
0.058635
0.058344
0.058055
0.057766
0.057479
0.057191
0.056905
0.056620
0.056335
0.056051
0.055768
0.055485
0.055204
0.054923
0.054643
0.054363
0.054085
0.053807
0.053530
0.053253
0.052978
0.052703
0.052429
0.052156
0.051883
0.051611
0.051340
0.051069
0.050800
0.050531
0.050263
0.049995
0.049728
0.049462
0.049197
0.048932
0.048668
0.048405
0.048143
0.047881
0.047620
0.047360
0.047100
0.046841
0.046583
0.046325
0.046069
0.045812
0.045557
0.045302
0.045048
0.044795
0.044542
0.044290
0.044039
0.043788
0.043538
0.043289
0.043040
0.042792
0.042545
0.042298
0.042053
0.041807
0.041563
0.041319
0.041076
0.040833
0.040591
0.040350
0.040109
0.039869
0.039630
0.039391
0.039153
0.038916
0.038679
0.038443
0.038207
0.037972
0.037738
0.037505
0.037272
0.037039
0.036808
0.036577
0.036346
0.036117
0.035887
0.035659
0.035431
0.035204
0.034977
0.034751
0.034526
0.034301
0.034077
0.033853
0.033630
0.033408
0.033186
0.032965
0.032744
0.032524
0.032305
0.032086
0.031868
0.031650
0.031433
0.031217
0.031001
0.030786
0.030571
0.030357
0.030144
0.029931
0.029718
0.029507
0.029296
0.029085
0.028875
0.028666
0.028457
0.028248
0.028041
0.027834
0.027627
0.027421
0.027216
0.027011
0.026806
0.026603
0.026399
0.026197
0.025995
0.025793
0.025592
0.025392
0.025192
0.024993
0.024794
0.024596
0.024398
0.024201
0.024004
0.023808
0.023612
0.023417
0.023223
0.023029
0.022836
0.022643
0.022450
0.022259
0.022067
0.021877
0.021686
0.021497
0.021308
0.021119
0.020931
0.020743
0.020556
0.020369
0.020183
0.019998
0.019813
0.019628
0.019444
0.019261
0.019078
0.018895
0.018713
0.018532
0.018351
0.018170
0.017990
0.017811
0.017632
0.017453
0.017275
0.017098
0.016921
0.016744
0.016568
0.016392
0.016217
0.016043
0.015869
0.015695
0.015522
0.015349
0.015177
0.015005
0.014834
0.014663
0.014493
0.014323
0.014154
0.013985
0.013817
0.013649
0.013481
0.013314
0.013148
0.012982
0.012816
0.012651
0.012486
0.012322
0.012158
0.011995
0.011832
0.011670
0.011508
0.011346
0.011185
0.011025
0.010864
0.010705
0.010545
0.010387
0.010228
0.010070
0.009913
0.009756
0.009599
0.009443
0.009287
0.009132
0.008977
0.008823
0.008669
0.008515
0.008362
0.008209
0.008057
0.007905
0.007754
0.007603
0.007452
0.007302
0.007152
0.007003
0.006854
0.006706
0.006558
0.006410
0.006263
0.006116
0.005969
0.005823
0.005678
0.005533
0.005388
0.005244
0.005100
0.004956
0.004813
0.004670
0.004528
0.004386
0.004244
0.004103
0.003962
0.003822
0.003682
0.003543
0.003403
0.003265
0.003126
0.002988
0.002851
0.002713
0.002577
0.002440
0.002304
0.002168
0.002033
0.001898
0.001764
0.001629
0.001496
0.001362
0.001229
0.001097
0.000964
0.000833
0.000701
0.000570
0.000439
0.000309
0.000179
0.000049
-0.000080
-0.000209
-0.000338
-0.000466
-0.000594
-0.000721
-0.000848
-0.000975
-0.001102
-0.001228
-0.001353
-0.001479
-0.001604
-0.001728
-0.001853
-0.001976
-0.002100
-0.002223
-0.002346
-0.002469
-0.002591
-0.002713
-0.002834
-0.002955
-0.003076
-0.003196
-0.003316
-0.003436
-0.003556
-0.003675
-0.003793
-0.003912
-0.004030
-0.004148
-0.004265
-0.004382
-0.004499
-0.004615
-0.004731
-0.004847
-0.004962
-0.005077
-0.005192
-0.005307
-0.005421
-0.005534
-0.005648
-0.005761
-0.005874
-0.005986
-0.006098
-0.006210
-0.006322
-0.006433
-0.006544
-0.006654
-0.006765
-0.006875
-0.006984
-0.007093
-0.007202
-0.007311
-0.007419
-0.007528
-0.007635
-0.007743
-0.007850
-0.007957
-0.008063
-0.008169
-0.008275
-0.008381
-0.008486
-0.008591
-0.008696
-0.008800
-0.008905
-0.009008
-0.009112
-0.009215
-0.009318
-0.009421
-0.009523
-0.009625
-0.009727
-0.009828
-0.009929
-0.010030
-0.010131
-0.010231
-0.010331
-0.010431
-0.010530
-0.010630
-0.010728
-0.010827
-0.010925
-0.011023
-0.011121
-0.011219
-0.011316
-0.011413
-0.011509
-0.011606
-0.011702
-0.011798
-0.011893
-0.011988
-0.012083
-0.012178
-0.012273
-0.012367
-0.012461
-0.012554
-0.012648
-0.012741
-0.012834
-0.012926
-0.013018
-0.013110
-0.013202
-0.013294
-0.013385
-0.013476
-0.013567
-0.013657
-0.013747
-0.013837
-0.013927
-0.014016
-0.014106
-0.014194
-0.014283
-0.014371
-0.014460
-0.014548
-0.014635
-0.014723
-0.014810
-0.014897
-0.014983
-0.015070
-0.015156
-0.015242
-0.015327
-0.015413
-0.015498
-0.015583
-0.015667
-0.015752
-0.015836
-0.015920
-0.016004
-0.016087
-0.016170
-0.016253
-0.016336
-0.016419
-0.016501
-0.016583
-0.016665
-0.016746
-0.016828
-0.016909
-0.016990
-0.017070
-0.017151
-0.017231
-0.017311
-0.017390
-0.017470
-0.017549
-0.017628
-0.017707
-0.017785
-0.017864
-0.017942
-0.018020
-0.018097
-0.018175
-0.018252
-0.018329
-0.018406
-0.018482
-0.018559
-0.018635
-0.018711
-0.018786
-0.018862
-0.018937
-0.019012
-0.019087
-0.019162
-0.019236
-0.019310
-0.019384
-0.019458
-0.019531
-0.019605
-0.019678
-0.019751
-0.019823
-0.019896
-0.019968
-0.020040
-0.020112
-0.020184
-0.020255
-0.020326
-0.020398
-0.020468
-0.020539
-0.020609
-0.020680
-0.020750
-0.020819
-0.020889
-0.020958
-0.021028
-0.021097
-0.021166
-0.021234
-0.021303
-0.021371
-0.021439
-0.021507
-0.021574
-0.021642
-0.021709
-0.021776
-0.021843
-0.021910
-0.021976
-0.022042
-0.022109
-0.022175
-0.022240
-0.022306
-0.022371
-0.022436
-0.022501
-0.022566
-0.022631
-0.022695
-0.022759
-0.022823
-0.022887
-0.022951
-0.023014
-0.023078
-0.023141
-0.023204
-0.023267
-0.023329
-0.023392
-0.023454
-0.023516
-0.023578
-0.023640
-0.023701
-0.023762
-0.023824
-0.023885
-0.023945
-0.024006
-0.024067
-0.024127
-0.024187
-0.024247
-0.024307
-0.024366
-0.024426
-0.024485
-0.024544
-0.024603
-0.024662
-0.024720
-0.024779
-0.024837
-0.024895
-0.024953
-0.025011
-0.025069
-0.025126
-0.025183
-0.025240
-0.025297
-0.025354
-0.025411
-0.025467
-0.025523
-0.025580
-0.025636
-0.025691
-0.025747
-0.025803
-0.025858
-0.025913
-0.025968
-0.026023
-0.026078
-0.026132
-0.026187
-0.026241
-0.026295
-0.026349
-0.026403
-0.026456
-0.026510
-0.026563
-0.026616
-0.026669
-0.026722
-0.026775
-0.026827
-0.026880
-0.026932
-0.026984
-0.027036
-0.027088
-0.027140
-0.027191
-0.027243
-0.027294
-0.027345
-0.027396
-0.027447
-0.027497
-0.027548
-0.027598
-0.027648
-0.027698
-0.027748
-0.027798
-0.027848
-0.027897
-0.027947
-0.027996
-0.028045
-0.028094
-0.028143
-0.028191
-0.028240
-0.028288
-0.028337
-0.028385
-0.028433
-0.028481
-0.028528
-0.028576
-0.028623
-0.028671
-0.028718
-0.028765
-0.028812
-0.028858
-0.028905
-0.028952
-0.028998
-0.029044
-0.029090
-0.029136
-0.029182
-0.029228
-0.029274
-0.029319
-0.029364
-0.029410
-0.029455
-0.029500
-0.029544
-0.029589
-0.029634
-0.029678
-0.029722
-0.029767
-0.029811
-0.029855
-0.029899
-0.029942
-0.029986
-0.030029
-0.030073
-0.030116
-0.030159
-0.030202
-0.030245
-0.030287
-0.030330
-0.030373
-0.030415
-0.030457
-0.030499
-0.030541
-0.030583
-0.030625
-0.030667
-0.030708
-0.030750
-0.030791
-0.030832
-0.030873
-0.030914
-0.030955
-0.030996
-0.031036
-0.031077
-0.031117
-0.031158
-0.031198
-0.031238
-0.031278
-0.031317
-0.031357
-0.031397
-0.031436
-0.031476
-0.031515
-0.031554
-0.031593
-0.031632
-0.031671
-0.031710
-0.031748
-0.031787
-0.031825
-0.031864
-0.031902
-0.031940
-0.031978
-0.032016
-0.032053
-0.032091
-0.032129
-0.032166
-0.032203
-0.032241
-0.032278
-0.032315
-0.032352
-0.032389
-0.032425
-0.032462
-0.032498
-0.032535
-0.032571
-0.032607
-0.032644
-0.032680
-0.032715
-0.032751
-0.032787
-0.032823
-0.032858
-0.032894
-0.032929
-0.032964
-0.032999
-0.033034
-0.033069
-0.033104
-0.033139
-0.033173
-0.033208
-0.033242
-0.033277
-0.033311
-0.033345
-0.033379
-0.033413
-0.033447
-0.033481
-0.033515
-0.033548
-0.033582
-0.033615
-0.033649
-0.033682
-0.033715
-0.033748
-0.033781
-0.033814
-0.033847
-0.033879
-0.033912
-0.033944
-0.033977
-0.034009
-0.034041
-0.034074
-0.034106
-0.034138
-0.034170
-0.034201
-0.034233
-0.034265
-0.034296
-0.034328
-0.034359
-0.034390
-0.034422
-0.034453
-0.034484
-0.034515
-0.034546
-0.034576
-0.034607
-0.034638
-0.034668
-0.034699
-0.034729
-0.034759
-0.034789
-0.034820
-0.034850
-0.034880
-0.034909
-0.034939
-0.034969
-0.034999
-0.035028
-0.035058
-0.035087
-0.035116
-0.035146
-0.035175
-0.035204
-0.035233
-0.035262
-0.035290
-0.035319
-0.035348
-0.035376
-0.035405
-0.035433
-0.035462
-0.035490
-0.035518
-0.035546
-0.035575
-0.035603
-0.035630
-0.035658
-0.035686
-0.035714
-0.035741
-0.035769
-0.035796
-0.035824
-0.035851
-0.035878
-0.035906
-0.035933
-0.035960
-0.035987
-0.036013
-0.036040
-0.036067
-0.036094
-0.036120
-0.036147
-0.036173
-0.036200
-0.036226
-0.036252
-0.036278
-0.036304
-0.036331
-0.036356
-0.036382
-0.036408
-0.036434
-0.036460
-0.036485
-0.036511
-0.036536
-0.036562
-0.036587
-0.036612
-0.036638
-0.036663
-0.036688
-0.036713
-0.036738
-0.036763
-0.036787
-0.036812
-0.036837
-0.036861
-0.036886
-0.036911
-0.036935
-0.036959
-0.036984
-0.037008
-0.037032
-0.037056
-0.037080
-0.037104
-0.037128
-0.037152
-0.037176
-0.037199
-0.037223
-0.037247
-0.037270
-0.037294
-0.037317
-0.037340
-0.037364
-0.037387
-0.037410
-0.037433
-0.037456
-0.037479
-0.037502
-0.037525
-0.037548
-0.037571
-0.037593
-0.037616
-0.037639
-0.037661
-0.037684
-0.037706
-0.037728
-0.037751
-0.037773
-0.037795
-0.037817
-0.037839
-0.037861
-0.037883
-0.037905
-0.037927
-0.037949
-0.037970
-0.037992
-0.038013
-0.038035
-0.038057
-0.038078
-0.038099
-0.038121
-0.038142
-0.038163
-0.038184
-0.038205
-0.038226
-0.038247
-0.038268
-0.038289
-0.038310
-0.038331
-0.038352
-0.038372
-0.038393
-0.038413
-0.038434
-0.038454
-0.038475
-0.038495
-0.038516
-0.038536
-0.038556
-0.038576
-0.038596
-0.038616
-0.038636
-0.038656
-0.038676
-0.038696
-0.038716
-0.038735
-0.038755
-0.038775
-0.038794
-0.038814
-0.038833
-0.038853
-0.038872
-0.038892
-0.038911
-0.038930
-0.038949
-0.038969
-0.038988
-0.039007
-0.039026
-0.039045
-0.039064
-0.039082
-0.039101
-0.039120
-0.039139
-0.039157
-0.039176
-0.039195
-0.039213
-0.039232
-0.039250
-0.039269
-0.039287
-0.039305
-0.039324
-0.039342
-0.039360
-0.039378
-0.039396
-0.039414
-0.039432
-0.039450
-0.039468
-0.039486
-0.039504
-0.039521
-0.039539
-0.039557
-0.039574
-0.039592
-0.039610
-0.039627
-0.039645
-0.039662
-0.039679
-0.039697
-0.039714
-0.039731
-0.039748
-0.039766
-0.039783
-0.039800
-0.039817
-0.039834
-0.039851
-0.039868
-0.039885
-0.039901
-0.039918
-0.039935
-0.039952
-0.039968
-0.039985
-0.040002
-0.040018
-0.040035
-0.040051
-0.040068
-0.040084
-0.040100
-0.040117
-0.040133
-0.040149
-0.040165
-0.040181
-0.040198
-0.040214
-0.040230
-0.040246
-0.040262
-0.040277
-0.040293
-0.040309
-0.040325
-0.040341
-0.040357
-0.040372
-0.040388
-0.040403
-0.040419
-0.040435
-0.040450
-0.040466
-0.040481
-0.040496
-0.040512
-0.040527
-0.040542
-0.040558
-0.040573
-0.040588
-0.040603
-0.040618
-0.040633
-0.040648
-0.040663
-0.040678
-0.040693
-0.040708
-0.040723
-0.040738
-0.040752
-0.040767
-0.040782
-0.040797
-0.040811
-0.040826
-0.040840
-0.040855
-0.040869
-0.040884
-0.040898
-0.040913
-0.040927
-0.040942
-0.040956
-0.040970
-0.040984
-0.040999
-0.041013
-0.041027
-0.041041
-0.041055
-0.041069
-0.041083
-0.041097
-0.041111
-0.041125
-0.041139
-0.041153
-0.041166
-0.041180
-0.041194
-0.041208
-0.041221
-0.041235
-0.041249
-0.041262
-0.041276
-0.041289
-0.041303
-0.041316
-0.041330
-0.041343
-0.041357
-0.041370
-0.041383
-0.041396
-0.041410
-0.041423
-0.041436
-0.041449
-0.041462
-0.041476
-0.041489
-0.041502
-0.041515
-0.041528
-0.041541
-0.041554
-0.041566
-0.041579
-0.041592
-0.041605
-0.041618
-0.041630
-0.041643
-0.041656
-0.041669
-0.041681
-0.041694
-0.041706
-0.041719
-0.041731
-0.041744
-0.041756
-0.041769
-0.041781
-0.041794
-0.041806
-0.041818
-0.041831
-0.041843
-0.041855
-0.041867
-0.041880
-0.041892
-0.041904
-0.041916
-0.041928
-0.041940
-0.041952
-0.041964
-0.041976
-0.041988
-0.042000
-0.042012
-0.042024
-0.042036
-0.042048
-0.042059
-0.042071
-0.042083
-0.042095
-0.042106
-0.042118
-0.042130
-0.042141
-0.042153
-0.042164
-0.042176
-0.042187
-0.042199
-0.042210
-0.042222
-0.042233
-0.042245
-0.042256
-0.042267
-0.042279
-0.042290
-0.042301
-0.042312
-0.042324
-0.042335
-0.042346
-0.042357
-0.042368
-0.042379
-0.042391
-0.042402
-0.042413
-0.042424
-0.042435
-0.042446
-0.042457
-0.042467
-0.042478
-0.042489
-0.042500
-0.042511
-0.042522
-0.042532
-0.042543
-0.042554
-0.042565
-0.042575
-0.042586
-0.042597
-0.042607
-0.042618
-0.042628
-0.042639
-0.042650
-0.042660
-0.042671
-0.042681
-0.042691
-0.042702
-0.042712
-0.042723
-0.042733
-0.042743
-0.042754
-0.042764
-0.042774
-0.042784
-0.042795
-0.042805
-0.042815
-0.042825
-0.042835
-0.042846
-0.042856
-0.042866
-0.042876
-0.042886
-0.042896
-0.042906
-0.042916
-0.042926
-0.042936
-0.042946
-0.042956
-0.042965
-0.042975
-0.042985
-0.042995
-0.043005
-0.043014
-0.043024
-0.043034
-0.043044
-0.043053
-0.043063
-0.043073
-0.043082
-0.043092
-0.043102
-0.043111
-0.043121
-0.043130
-0.043140
-0.043149
-0.043159
-0.043168
-0.043178
-0.043187
-0.043197
-0.043206
-0.043215
-0.043225
-0.043234
-0.043243
-0.043253
-0.043262
-0.043271
-0.043280
-0.043290
-0.043299
-0.043308
-0.043317
-0.043326
-0.043336
-0.043345
-0.043354
-0.043363
-0.043372
-0.043381
-0.043390
-0.043399
-0.043408
-0.043417
-0.043426
-0.043435
-0.043444
-0.043453
-0.043462
-0.043471
-0.043479
-0.043488
-0.043497
-0.043506
-0.043515
-0.043523
-0.043532
-0.043541
-0.043550
-0.043558
-0.043567
-0.043576
-0.043584
-0.043593
-0.043602
-0.043610
-0.043619
-0.043627
-0.043636
-0.043644
-0.043653
-0.043661
-0.043670
-0.043678
-0.043687
-0.043695
-0.043704
-0.043712
-0.043721
-0.043729
-0.043737
-0.043746
-0.043754
-0.043762
-0.043771
-0.043779
-0.043787
-0.043795
-0.043804
-0.043812
-0.043820
-0.043828
-0.043837
-0.043845
-0.043853
-0.043861
-0.043869
-0.043877
-0.043885
-0.043893
-0.043901
-0.043909
-0.043917
-0.043926
-0.043934
-0.043941
-0.043949
-0.043957
-0.043965
-0.043973
-0.043981
-0.043989
-0.043997
-0.044005
-0.044013
-0.044021
-0.044028
-0.044036
-0.044044
-0.044052
-0.044060
-0.044067
-0.044075
-0.044083
-0.044091
-0.044098
-0.044106
-0.044114
-0.044121
-0.044129
-0.044137
-0.044144
-0.044152
-0.044159
-0.044167
-0.044175
-0.044182
-0.044190
-0.044197
-0.044205
-0.044212
-0.044220
-0.044227
-0.044235
-0.044242
-0.044249
-0.044257
-0.044264
-0.044272
-0.044279

