0.000000
0.000000
-0.000026
-0.000052
-0.000077
-0.000103
-0.000128
-0.000153
-0.000177
-0.000201
-0.000224
-0.000247
-0.000270
-0.000293
-0.000315
-0.000337
-0.000359
-0.000380
-0.000402
-0.000423
-0.000444
-0.000465
-0.000485
-0.000506
-0.000526
-0.000547
-0.000567
-0.000587
-0.000607
-0.000627
-0.000647
-0.000667
-0.000687
-0.000707
-0.000726
-0.000746
-0.000766
-0.000785
-0.000805
-0.000824
-0.000844
-0.000863
-0.000883
-0.000902
-0.000922
-0.000941
-0.000961
-0.000980
-0.001000
-0.001019
-0.001038
-0.001058
-0.001077
-0.001097
-0.001116
-0.001135
-0.001155
-0.001174
-0.001194
-0.001213
-0.001233
-0.001252
-0.001271
-0.001291
-0.001310
-0.001330
-0.001349
-0.001369
-0.001388
-0.001408
-0.001428
-0.001447
-0.001467
-0.001486
-0.001506
-0.001525
-0.001545
-0.001565
-0.001584
-0.001604
-0.001624
-0.001644
-0.001663
-0.001683
-0.001703
-0.001723
-0.001743
-0.001762
-0.001782
-0.001802
-0.001822
-0.001842
-0.001862
-0.001882
-0.001902
-0.001922
-0.001942
-0.001962
-0.001982
-0.002002
-0.002022
-0.002042
-0.002063
-0.002083
-0.002103
-0.002123
-0.002143
-0.002164
-0.002184
-0.002204
-0.002225
-0.002245
-0.002265
-0.002286
-0.002306
-0.002326
-0.002347
-0.002367
-0.002388
-0.002408
-0.002429
-0.002449
-0.002470
-0.002491
-0.002511
-0.002532
-0.002553
-0.002573
-0.002594
-0.002615
-0.002635
-0.002656
-0.002677
-0.002698
-0.002719
-0.002739
-0.002760
-0.002781
-0.002802
-0.002823
-0.002844
-0.002865
-0.002886
-0.002907
-0.002928
-0.002949
-0.002970
-0.002991
-0.003012
-0.003033
-0.003054
-0.003075
-0.003097
-0.003118
-0.003139
-0.003160
-0.003181
-0.003203
-0.003224
-0.003245
-0.003266
-0.003288
-0.003309
-0.003330
-0.003352
-0.003373
-0.003395
-0.003416
-0.003437
-0.003459
-0.003480
-0.003502
-0.003523
-0.003545
-0.003566
-0.003588
-0.003610
-0.003631
-0.003653
-0.003674
-0.003696
-0.003718
-0.003739
-0.003761
-0.003783
-0.003804
-0.003826
-0.003848
-0.003869
-0.003891
-0.003913
-0.003935
-0.003956
-0.003978
-0.004000
-0.004022
-0.004044
-0.004066
-0.004088
-0.004109
-0.004131
-0.004153
-0.004175
-0.004197
-0.004219
-0.004241
-0.004263
-0.004285
-0.004307
-0.004329
-0.004351
-0.004373
-0.004395
-0.004417
-0.004439
-0.004461
-0.004483
-0.004505
-0.004527
-0.004550
-0.004572
-0.004594
-0.004616
-0.004638
-0.004660
-0.004683
-0.004705
-0.004727
-0.004749
-0.004771
-0.004794
-0.004816
-0.004838
-0.004860
-0.004883
-0.004905
-0.004927
-0.004949
-0.004972
-0.004994
-0.005016
-0.005039
-0.005061
-0.005083
-0.005106
-0.005128
-0.005150
-0.005173
-0.005195
-0.005218
-0.005240
-0.005262
-0.005285
-0.005307
-0.005330
-0.005352
-0.005375
-0.005397
-0.005419
-0.005442
-0.005464
-0.005487
-0.005509
-0.005532
-0.005554
-0.005577
-0.005599
-0.005622
-0.005644
-0.005667
-0.005690
-0.005712
-0.005735
-0.005757
-0.005780
-0.005802
-0.005825
-0.005847
-0.005870
-0.005893
-0.005915
-0.005938
-0.005960
-0.005983
-0.006006
-0.006028
-0.006051
-0.006073
-0.006096
-0.006119
-0.006141
-0.006164
-0.006187
-0.006209
-0.006232
-0.006255
-0.006277
-0.006300
-0.006323
-0.006345
-0.006368
-0.006391
-0.006413
-0.006436
-0.006459
-0.006482
-0.006504
-0.006527
-0.006550
-0.006572
-0.006595
-0.006618
-0.006641
-0.006663
-0.006686
-0.006709
-0.006731
-0.006754
-0.006777
-0.006800
-0.006822
-0.006845
-0.006868
-0.006891
-0.006913
-0.006936
-0.006959
-0.006982
-0.007004
-0.007027
-0.007050
-0.007073
-0.007095
-0.007118
-0.007141
-0.007164
-0.007187
-0.007209
-0.007232
-0.007255
-0.007278
-0.007300
-0.007323
-0.007346
-0.007369
-0.007392
-0.007414
-0.007437
-0.007460
-0.007483
-0.007505
-0.007528
-0.007551
-0.007574
-0.007597
-0.007619
-0.007642
-0.007665
-0.007688
-0.007711
-0.007733
-0.007756
-0.007779
-0.007802
-0.007825
-0.007847
-0.007870
-0.007893
-0.007916
-0.007939
-0.007961
-0.007984
-0.008007
-0.008030
-0.008052
-0.008075
-0.008098
-0.008121
-0.008144
-0.008166
-0.008189
-0.008212
-0.008235
-0.008258
-0.008280
-0.008303
-0.008326
-0.008349
-0.008371
-0.008394
-0.008417
-0.008440
-0.008462
-0.008485
-0.008508
-0.008531
-0.008554
-0.008576
-0.008599
-0.008622
-0.008645
-0.008667
-0.008690
-0.008713
-0.008736
-0.008758
-0.008781
-0.008804
-0.008827
-0.008849
-0.008872
-0.008895
-0.008917
-0.008940
-0.008963
-0.008986
-0.009008
-0.009031
-0.009054
-0.009077
-0.009099
-0.009122
-0.009145
-0.009167
-0.009190
-0.009213
-0.009235
-0.009258
-0.009281
-0.009304
-0.009326
-0.009349
-0.009372
-0.009394
-0.009417
-0.009440
-0.009462
-0.009485
-0.009508
-0.009530
-0.009553
-0.009576
-0.009598
-0.009621
-0.009643
-0.009666
-0.009689
-0.009711
-0.009734
-0.009757
-0.009779
-0.009802
-0.009824
-0.009847
-0.009870
-0.009892
-0.009915
-0.009937
-0.009960
-0.009983
-0.010005
-0.010028
-0.010050
-0.010073
-0.010095
-0.010118
-0.010141
-0.010163
-0.010186
-0.010208
-0.010231
-0.010253
-0.010276
-0.010298
-0.010321
-0.010343
-0.010366
-0.010388
-0.010411
-0.010433
-0.010456
-0.010478
-0.010501
-0.010523
-0.010546
-0.010568
-0.010591
-0.010613
-0.010636
-0.010658
-0.010680
-0.010703
-0.010725
-0.010748
-0.010770
-0.010793
-0.010815
-0.010837
-0.010860
-0.010882
-0.010905
-0.010927
-0.010949
-0.010972
-0.010994
-0.011017
-0.011039
-0.011061
-0.011084
-0.011106
-0.011128
-0.011151
-0.011173
-0.011195
-0.011218
-0.011240
-0.011262
-0.011285
-0.011307
-0.011329
-0.011351
-0.011374
-0.011396
-0.011418
-0.011440
-0.011463
-0.011485
-0.011507
-0.011529
-0.011552
-0.011574
-0.011596
-0.011618
-0.011641
-0.011663
-0.011685
-0.011707
-0.011729
-0.011752
-0.011774
-0.011796
-0.011818
-0.011840
-0.011862
-0.011884
-0.011907
-0.011929
-0.011951
-0.011973
-0.011995
-0.012017
-0.012039
-0.012061
-0.012083
-0.012106
-0.012128
-0.012150
-0.012172
-0.012194
-0.012216
-0.012238
-0.012260
-0.012282
-0.012304
-0.012326
-0.012348
-0.012370
-0.012392
-0.012414
-0.012436
-0.012458
-0.012480
-0.012502
-0.012524
-0.012546
-0.012568
-0.012590
-0.012612
-0.012634
-0.012655
-0.012677
-0.012699
-0.012721
-0.012743
-0.012765
-0.012787
-0.012809
-0.012831
-0.012852
-0.012874
-0.012896
-0.012918
-0.012940
-0.012962
-0.012983
-0.013005
-0.013027
-0.013049
-0.013070
-0.013092
-0.013114
-0.013136
-0.013158
-0.013179
-0.013201
-0.013223
-0.013244
-0.013266
-0.013288
-0.013310
-0.013331
-0.013353
-0.013375
-0.013396
-0.013418
-0.013440
-0.013461
-0.013483
-0.013505
-0.013526
-0.013548
-0.013569
-0.013591
-0.013613
-0.013634
-0.013656
-0.013677
-0.013699
-0.013721
-0.013742
-0.013764
-0.013785
-0.013807
-0.013828
-0.013850
-0.013871
-0.013893
-0.013914
-0.013936
-0.013957
-0.013979
-0.014000
-0.014022
-0.014043
-0.014065
-0.014086
-0.014107
-0.014129
-0.014150
-0.014172
-0.014193
-0.014214
-0.014236
-0.014257
-0.014278
-0.014300
-0.014321
-0.014343
-0.014364
-0.014385
-0.014406
-0.014428
-0.014449
-0.014470
-0.014492
-0.014513
-0.014534
-0.014555
-0.014577
-0.014598
-0.014619
-0.014640
-0.014662
-0.014683
-0.014704
-0.014725
-0.014746
-0.014768
-0.014789
-0.014810
-0.014831
-0.014852
-0.014873
-0.014894
-0.014916
-0.014937
-0.014958
-0.014979
-0.015000
-0.015021
-0.015042
-0.015063
-0.015084
-0.015105
-0.015126
-0.015147
-0.015168
-0.015189
-0.015210
-0.015231
-0.015252
-0.015273
-0.015294
-0.015315
-0.015336
-0.015357
-0.015378
-0.015399
-0.015420
-0.015441
-0.015462
-0.015483
-0.015504
-0.015524
-0.015545
-0.015566
-0.015587
-0.015608
-0.015629
-0.015650
-0.015670
-0.015691
-0.015712
-0.015733
-0.015754
-0.015774
-0.015795
-0.015816
-0.015837
-0.015857
-0.015878
-0.015899
-0.015920
-0.015940
-0.015961
-0.015982
-0.016002
-0.016023
-0.016044
-0.016064
-0.016085
-0.016106
-0.016126
-0.016147
-0.016168
-0.016188
-0.016209
-0.016229
-0.016250
-0.016271
-0.016291
-0.016312
-0.016332
-0.016353
-0.016373
-0.016394
-0.016414
-0.016435
-0.016455
-0.016476
-0.016496
-0.016517
-0.016537
-0.016558
-0.016578
-0.016599
-0.016619
-0.016639
-0.016660
-0.016680
-0.016701
-0.016721
-0.016741
-0.016762
-0.016782
-0.016802
-0.016823
-0.016843
-0.016863
-0.016884
-0.016904
-0.016924
-0.016945
-0.016965
-0.016985
-0.017005
-0.017026
-0.017046
-0.017066
-0.017086
-0.017107
-0.017127
-0.017147
-0.017167
-0.017187
-0.017207
-0.017228
-0.017248
-0.017268
-0.017288
-0.017308
-0.017328
-0.017348
-0.017369
-0.017389
-0.017409
-0.017429
-0.017449
-0.017469
-0.017489
-0.017509
-0.017529
-0.017549
-0.017569
-0.017589
-0.017609
-0.017629
-0.017649
-0.017669
-0.017689
-0.017709
-0.017729
-0.017749
-0.017769
-0.017789
-0.017808
-0.017828
-0.017848
-0.017868
-0.017888
-0.017908
-0.017928
-0.017948
-0.017967
-0.017987
-0.018007
-0.018027
-0.018047
-0.018066
-0.018086
-0.018106
-0.018126
-0.018145
-0.018165
-0.018185
-0.018205
-0.018224
-0.018244
-0.018264
-0.018284
-0.018303
-0.018323
-0.018343
-0.018362
-0.018382
-0.018401
-0.018421
-0.018441
-0.018460
-0.018480
-0.018500
-0.018519
-0.018539
-0.018558
-0.018578
-0.018597
-0.018617
-0.018636
-0.018656
-0.018675
-0.018695
-0.018714
-0.018734
-0.018753
-0.018773
-0.018792
-0.018812
-0.018831
-0.018851
-0.018870
-0.018889
-0.018909
-0.018928
-0.018948
-0.018967
-0.018986
-0.019006
-0.019025
-0.019044
-0.019064
-0.019083
-0.019102
-0.019122
-0.019141
-0.019160
-0.019179
-0.019199
-0.019218
-0.019237
-0.019256
-0.019276
-0.019295
-0.019314
-0.019333
-0.019353
-0.019372
-0.019391
-0.019410
-0.019429
-0.019448
-0.019468
-0.019487
-0.019506
-0.019525
-0.019544
-0.019563
-0.019582
-0.019601
-0.019620
-0.019639
-0.019658
-0.019677
-0.019696
-0.019715
-0.019734
-0.019753
-0.019772
-0.019791
-0.019810
-0.019829
-0.019848
-0.019867
-0.019886
-0.019905
-0.019924
-0.019943
-0.019962
-0.019981
-0.020000
-0.020019
-0.020037
-0.020056
-0.020075
-0.020094
-0.020113
-0.020132
-0.020150
-0.020169
-0.020188
-0.020207
-0.020226
-0.020244
-0.020263
-0.020282
-0.020301
-0.020319
-0.020338
-0.020357
-0.020375
-0.020394
-0.020413
-0.020432
-0.020450
-0.020469
-0.020488
-0.020506
-0.020525
-0.020543
-0.020562
-0.020581
-0.020599
-0.020618
-0.020636
-0.020655
-0.020674
-0.020692
-0.020711
-0.020729
-0.020748
-0.020766
-0.020785
-0.020803
-0.020822
-0.020840
-0.020859
-0.020877
-0.020895
-0.020914
-0.020932
-0.020951
-0.020969
-0.020988
-0.021006
-0.021024
-0.021043
-0.021061
-0.021079
-0.021098
-0.021116
-0.021135
-0.021153
-0.021171
-0.021189
-0.021208
-0.021226
-0.021244
-0.021263
-0.021281
-0.021299
-0.021317
-0.021336
-0.021354
-0.021372
-0.021390
-0.021408
-0.021427
-0.021445
-0.021463
-0.021481
-0.021499
-0.021517
-0.021536
-0.021554
-0.021572
-0.021590
-0.021608
-0.021626
-0.021644
-0.021662
-0.021680
-0.021698
-0.021716
-0.021734
-0.021752
-0.021770
-0.021788
-0.021806
-0.021824
-0.021842
-0.021860
-0.021878
-0.021896
-0.021914
-0.021932
-0.021950
-0.021968
-0.021986
-0.022004
-0.022022
-0.022040
-0.022058
-0.022075
-0.022093
-0.022111
-0.022129
-0.022147
-0.022165
-0.022182
-0.022200
-0.022218
-0.022236
-0.022254
-0.022271
-0.022289
-0.022307
-0.022325
-0.022342
-0.022360
-0.022378
-0.022395
-0.022413
-0.022431
-0.022448
-0.022466
-0.022484
-0.022501
-0.022519
-0.022537
-0.022554
-0.022572
-0.022590
-0.022607
-0.022625
-0.022642
-0.022660
-0.022677
-0.022695
-0.022713
-0.022730
-0.022748
-0.022765
-0.022783
-0.022800
-0.022818
-0.022835
-0.022853
-0.022870
-0.022887
-0.022905
-0.022922
-0.022940
-0.022957
-0.022975
-0.022992
-0.023009
-0.023027
-0.023044
-0.023062
-0.023079
-0.023096
-0.023114
-0.023131
-0.023148
-0.023166
-0.023183
-0.023200
-0.023217
-0.023235
-0.023252
-0.023269
-0.023286
-0.023304
-0.023321
-0.023338
-0.023355
-0.023373
-0.023390
-0.023407
-0.023424
-0.023441
-0.023458
-0.023476
-0.023493
-0.023510
-0.023527
-0.023544
-0.023561
-0.023578
-0.023595
-0.023613
-0.023630
-0.023647
-0.023664
-0.023681
-0.023698
-0.023715
-0.023732
-0.023749
-0.023766
-0.023783
-0.023800
-0.023817
-0.023834
-0.023851
-0.023868
-0.023885
-0.023902
-0.023919
-0.023935
-0.023952
-0.023969
-0.023986
-0.024003
-0.024020
-0.024037
-0.024054
-0.024070
-0.024087
-0.024104
-0.024121
-0.024138
-0.024155
-0.024171
-0.024188
-0.024205
-0.024222
-0.024238
-0.024255
-0.024272
-0.024289
-0.024305
-0.024322
-0.024339
-0.024356
-0.024372
-0.024389
-0.024406
-0.024422
-0.024439
-0.024456
-0.024472
-0.024489
-0.024505
-0.024522
-0.024539
-0.024555
-0.024572
-0.024588
-0.024605
-0.024622
-0.024638
-0.024655
-0.024671
-0.024688
-0.024704
-0.024721
-0.024737
-0.024754
-0.024770
-0.024787
-0.024803
-0.024820
-0.024836
-0.024852
-0.024869
-0.024885
-0.024902
-0.024918
-0.024935
-0.024951
-0.024967
-0.024984
-0.025000
-0.025016
-0.025033
-0.025049
-0.025065
-0.025082
-0.025098
-0.025114
-0.025131
-0.025147
-0.025163
-0.025179
-0.025196
-0.025212
-0.025228
-0.025244
-0.025261
-0.025277
-0.025293
-0.025309
-0.025326
-0.025342
-0.025358
-0.025374
-0.025390
-0.025406
-0.025423
-0.025439
-0.025455
-0.025471
-0.025487
-0.025503
-0.025519
-0.025535
-0.025551
-0.025567
-0.025583
-0.025600
-0.025616
-0.025632
-0.025648
-0.025664
-0.025680
-0.025696
-0.025712
-0.025728
-0.025744
-0.025760
-0.025775
-0.025791
-0.025807
-0.025823
-0.025839
-0.025855
-0.025871
-0.025887
-0.025903
-0.025919
-0.025935
-0.025950
-0.025966
-0.025982
-0.025998
-0.026014
-0.026030
-0.026045
-0.026061
-0.026077
-0.026093
-0.026109
-0.026124
-0.026140
-0.026156
-0.026172
-0.026187
-0.026203
-0.026219
-0.026235
-0.026250
-0.026266
-0.026282
-0.026297
-0.026313
-0.026329
-0.026344
-0.026360
-0.026376
-0.026391
-0.026407
-0.026422
-0.026438
-0.026454
-0.026469
-0.026485
-0.026500
-0.026516
-0.026532
-0.026547
-0.026563
-0.026578
-0.026594
-0.026609
-0.026625
-0.026640
-0.026656
-0.026671
-0.026687
-0.026702
-0.026718
-0.026733
-0.026748
-0.026764
-0.026779
-0.026795
-0.026810
-0.026825
-0.026841
-0.026856
-0.026872
-0.026887
-0.026902
-0.026918
-0.026933
-0.026948
-0.026964
-0.026979
-0.026994
-0.027010
-0.027025
-0.027040
-0.027055
-0.027071
-0.027086
-0.027101
-0.027116
-0.027132
-0.027147
-0.027162
-0.027177
-0.027193
-0.027208
-0.027223
-0.027238
-0.027253
-0.027268
-0.027284
-0.027299
-0.027314
-0.027329
-0.027344
-0.027359
-0.027374
-0.027389
-0.027405
-0.027420
-0.027435
-0.027450
-0.027465
-0.027480
-0.027495
-0.027510
-0.027525
-0.027540
-0.027555
-0.027570
-0.027585
-0.027600
-0.027615
-0.027630
-0.027645
-0.027660
-0.027675
-0.027690
-0.027705
-0.027720
-0.027734
-0.027749
-0.027764
-0.027779
-0.027794
-0.027809
-0.027824
-0.027839
-0.027853
-0.027868
-0.027883
-0.027898
-0.027913
-0.027928
-0.027942
-0.027957
-0.027972
-0.027987
-0.028001
-0.028016
-0.028031
-0.028046
-0.028060
-0.028075
-0.028090
-0.028105
-0.028119
-0.028134
-0.028149
-0.028163
-0.028178
-0.028193
-0.028207
-0.028222
-0.028237
-0.028251
-0.028266
-0.028281
-0.028295
-0.028310
-0.028324
-0.028339
-0.028353
-0.028368
-0.028383
-0.028397
-0.028412
-0.028426
-0.028441
-0.028455
-0.028470
-0.028484
-0.028499
-0.028513
-0.028528
-0.028542
-0.028557
-0.028571
-0.028586
-0.028600
-0.028614
-0.028629
-0.028643
-0.028658
-0.028672
-0.028687
-0.028701
-0.028715
-0.028730
-0.028744
-0.028758
-0.028773
-0.028787
-0.028801
-0.028816
-0.028830
-0.028844
-0.028859
-0.028873
-0.028887
-0.028902
-0.028916
-0.028930
-0.028944
-0.028959
-0.028973
-0.028987
-0.029001
-0.029015
-0.029030
-0.029044
-0.029058
-0.029072
-0.029086
-0.029101
-0.029115
-0.029129
-0.029143
-0.029157
-0.029171
-0.029185
-0.029200
-0.029214
-0.029228
-0.029242
-0.029256
-0.029270
-0.029284
-0.029298
-0.029312
-0.029326
-0.029340
-0.029354
-0.029368
-0.029382
-0.029396
-0.029410
-0.029424
-0.029438
-0.029452
-0.029466
-0.029480
-0.029494
-0.029508
-0.029522
-0.029536
-0.029550
-0.029564
-0.029578
-0.029592
-0.029606
-0.029620
-0.029633
-0.029647
-0.029661
-0.029675
-0.029689
-0.029703
-0.029717
-0.029730
-0.029744
-0.029758
-0.029772
-0.029786
-0.029799
-0.029813
-0.029827
-0.029841
-0.029854
-0.029868
-0.029882
-0.029896
-0.029909
-0.029923
-0.029937
-0.029951
-0.029964
-0.029978
-0.029992
-0.030005
-0.030019
-0.030033
-0.030046
-0.030060
-0.030074
-0.030087
-0.030101
-0.030114
-0.030128
-0.030142
-0.030155
-0.030169
-0.030182
-0.030196
-0.030209
-0.030223
-0.030237
-0.030250
-0.030264
-0.030277
-0.030291
-0.030304
-0.030318
-0.030331
-0.030345
-0.030358
-0.030372
-0.030385
-0.030399
-0.030412
-0.030425
-0.030439
-0.030452
-0.030466
-0.030479
-0.030493
-0.030506
-0.030519
-0.030533
-0.030546
-0.030559
-0.030573
-0.030586
-0.030600
-0.030613
-0.030626
-0.030640
-0.030653
-0.030666
-0.030679
-0.030693
-0.030706
-0.030719
-0.030733
-0.030746
-0.030759
-0.030772
-0.030786
-0.030799
-0.030812
-0.030825
-0.030839
-0.030852
-0.030865
-0.030878
-0.030891
-0.030905
-0.030918
-0.030931
-0.030944
-0.030957
-0.030970
-0.030983
-0.030997
-0.031010
-0.031023
-0.031036
-0.031049
-0.031062
-0.031075
-0.031088
-0.031101
-0.031114
-0.031127
-0.031140
-0.031154
-0.031167
-0.031180
-0.031193
-0.031206
-0.031219
-0.031232
-0.031245
-0.031258
-0.031271
-0.031284
-0.031296
-0.031309
-0.031322
-0.031335
-0.031348
-0.031361
-0.031374
-0.031387
-0.031400
-0.031413
-0.031426
-0.031439
-0.031451
-0.031464
-0.031477
-0.031490
-0.031503
-0.031516
-0.031529
-0.031541
-0.031554
-0.031567
-0.031580
-0.031593
-0.031605
-0.031618
-0.031631
-0.031644
-0.031656
-0.031669
-0.031682
-0.031695
-0.031707
-0.031720
-0.031733
-0.031746
-0.031758
-0.031771
-0.031784
-0.031796
-0.031809
-0.031822
-0.031834
-0.031847
-0.031860
-0.031872
-0.031885
-0.031898
-0.031910
-0.031923
-0.031935
-0.031948
-0.031961
-0.031973
-0.031986
-0.031998
-0.032011
-0.032023
-0.032036
-0.032049
-0.032061
-0.032074
-0.032086
-0.032099
-0.032111
-0.032124
-0.032136
-0.032149
-0.032161
-0.032174
-0.032186
-0.032199
-0.032211
-0.032223
-0.032236
-0.032248
-0.032261
-0.032273
-0.032286
-0.032298
-0.032310
-0.032323
-0.032335
-0.032347
-0.032360
-0.032372
-0.032385
-0.032397
-0.032409
-0.032422
-0.032434
-0.032446
-0.032459
-0.032471
-0.032483
-0.032495
-0.032508
-0.032520
-0.032532
-0.032545
-0.032557
-0.032569
-0.032581
-0.032594
-0.032606
-0.032618
-0.032630
-0.032642
-0.032655
-0.032667
-0.032679
-0.032691
-0.032703
-0.032716
-0.032728
-0.032740
-0.032752
-0.032764
-0.032776
-0.032788
-0.032800
-0.032813
-0.032825
-0.032837
-0.032849
-0.032861
-0.032873
-0.032885
-0.032897
-0.032909
-0.032921
-0.032933
-0.032945
-0.032957
-0.032969
-0.032981
-0.032993
-0.033005
-0.033017
-0.033029
-0.033041
-0.033053
-0.033065
-0.033077
-0.033089
-0.033101
-0.033113
-0.033125
-0.033137
-0.033149
-0.033161
-0.033173
-0.033185
-0.033197
-0.033209
-0.033220
-0.033232
-0.033244
-0.033256
-0.033268
-0.033280
-0.033292
-0.033303
-0.033315
-0.033327
-0.033339
-0.033351
-0.033362
-0.033374
-0.033386
-0.033398
-0.033410
-0.033421
-0.033433
-0.033445
-0.033457
-0.033468
-0.033480
-0.033492
-0.033504
-0.033515
-0.033527
-0.033539
-0.033550
-0.033562
-0.033574
-0.033585
-0.033597
-0.033609
-0.033620
-0.033632
-0.033644
-0.033655
-0.033667
-0.033679
-0.033690
-0.033702
-0.033713
-0.033725
-0.033737
-0.033748
-0.033760
-0.033771
-0.033783
-0.033795
-0.033806
-0.033818
-0.033829
-0.033841
-0.033852
-0.033864
-0.033875
-0.033887
-0.033898
-0.033910
-0.033921
-0.033933
-0.033944
-0.033956
-0.033967
-0.033979
-0.033990
-0.034001
-0.034013
-0.034024
-0.034036
-0.034047
-0.034059
-0.034070
-0.034081
-0.034093
-0.034104
-0.034116
-0.034127
-0.034138
-0.034150
-0.034161
-0.034172
-0.034184
-0.034195
-0.034206
-0.034218
-0.034229
-0.034240
-0.034252
-0.034263
-0.034274
-0.034285
-0.034297
-0.034308
-0.034319
-0.034330
-0.034342
-0.034353
-0.034364
-0.034375
-0.034387
-0.034398
-0.034409
-0.034420
-0.034431
-0.034443
-0.034454
-0.034465
-0.034476
-0.034487
-0.034498
-0.034510
-0.034521
-0.034532
-0.034543
-0.034554
-0.034565
-0.034576
-0.034588
-0.034599
-0.034610
-0.034621
-0.034632
-0.034643
-0.034654
-0.034665
-0.034676
-0.034687
-0.034698
-0.034709
-0.034720
-0.034731
-0.034742
-0.034753
-0.034764
-0.034775
-0.034786
-0.034797
-0.034808
-0.034819
-0.034830
-0.034841
-0.034852
-0.034863
-0.034874
-0.034885
-0.034896
-0.034907
-0.034918
-0.034929
-0.034940
-0.034950
-0.034961
-0.034972
-0.034983
-0.034994
-0.035005
-0.035016
-0.035027
-0.035037
-0.035048
-0.035059
-0.035070
-0.035081
-0.035092
-0.035102
-0.035113
-0.035124
-0.035135
-0.035146
-0.035156
-0.035167
-0.035178
-0.035189
-0.035199
-0.035210
-0.035221
-0.035232
-0.035242
-0.035253
-0.035264
-0.035275
-0.035285
-0.035296
-0.035307
-0.035317
-0.035328
-0.035339
-0.035349
-0.035360
-0.035371
-0.035381
-0.035392
0.615164
1.535487
2.582001
3.225628
3.680207
4.011506
4.256704
4.438958
4.573423
4.670483
4.732597
4.768401
4.783305
4.781345
4.765656
4.738740
4.702633
4.659000
4.609233
4.554493
4.495758
4.433866
4.369503
4.303264
4.235657
4.167103
4.097961
4.028545
3.959108
3.889868
3.821009
3.752699
3.685053
3.618183
3.552186
3.487128
3.423068
3.360063
3.298143
3.237338
3.177668
3.119159
3.061811
3.005629
2.950613
2.896770
2.844085
2.792551
2.742157
2.692897
3.260089
4.095054
5.057039
5.645322
6.050882
6.337579
6.541584
6.685292
6.783341
6.845760
6.874374
6.877748
6.861259
6.828887
6.783705
6.728149
6.664199
6.593474
6.517312
6.436841
6.353007
6.266595
6.178286
6.088651
5.998157
5.907236
5.816209
5.725376
5.634988
5.545242
5.456320
5.368351
5.281475
5.195773
5.111332
5.028221
4.946480
4.866157
4.787287
4.709877
4.633959
4.559526
4.486578
4.415132
4.345165
4.276666
4.209639
4.144055
4.079897
4.017152
4.586633
5.421339
6.383242
6.974543
7.391341
7.693029
7.913432
8.073527
8.187218
8.264109
8.302001
8.311756
8.299513
8.269740
8.225859
8.170547
8.105952
8.033829
7.955668
7.872660
7.785820
7.696055
7.604050
7.510445
7.415760
7.320415
7.224842
7.129301
7.034108
6.939450
6.845550
6.752541
6.660549
6.569735
6.480137
6.391869
6.304956
6.219442
6.135412
6.052841
5.971783
5.892223
5.814165
5.737644
5.662623
5.589094
5.517082
5.446539
5.377449
5.309828
5.857110
6.676107
7.628047
8.228987
8.655911
8.967641
9.197470
9.366252
9.487780
9.571671
9.615315
9.629579
9.620807
9.593608
9.551511
9.497277
9.433152
9.360947
9.282193
9.198165
9.109907
9.018349
8.924263
8.828286
8.730988
8.632804
8.534201
8.435455
8.336888
8.238755
8.141245
8.044550
7.948798
7.854129
7.760608
7.668380
7.577455
7.487912
7.399807
7.313135
7.227976
7.144292
7.062117
6.981468
6.902310
6.824686
6.748549
6.673885
6.600726
6.529014
6.458730
6.389898
6.322458
6.256387
6.191688
6.128334
6.066281
6.005519
5.946034
5.887783
5.830739
5.774892
5.720225
5.666693
5.614270
5.562947
5.512706
5.463506
5.415321
5.368138
5.321941
5.276697
5.232380
5.188968
5.146449
5.104806
5.064009
5.024035
4.984863
4.946472
4.908866
4.872008
4.835879
4.800460
4.765732
4.731677
4.698298
4.665562
4.633454
4.601957
4.571054
4.540730
4.510970
4.481776
4.453121
4.424991
4.397372
4.370249
4.343611
4.317444
4.291740
4.266493
4.241684
4.217304
4.193338
4.169777
4.146610
4.123826
4.101415
4.079368
4.057683
4.036350
4.015356
3.994690
3.974345
3.954311
3.934581
3.915147
3.896001
3.877135
3.858547
3.840230
3.822175
3.804375
3.786823
3.769512
3.752437
3.735590
3.718966
3.702559
3.686364
3.670375
3.654587
3.638998
3.623604
3.608399
3.593377
3.578533
3.563863
3.549361
3.535025
3.520849
3.506829
3.492962
3.479244
3.465672
3.452241
3.438948
3.425792
3.412769
3.399879
3.387115
3.374475
3.361955
3.349552
3.337264
3.325087
3.313019
3.301058
3.289201
3.277445
3.265788
3.254228
3.242763
3.231390
3.220107
3.208913
3.197809
3.186792
3.175858
3.165007
3.154235
3.143541
3.132923
3.122379
3.111908
3.101509
3.091179
3.080918
3.070723
3.060594
3.050528
3.040526
3.030585
3.020705
3.010883
3.001119
2.991413
2.981764
2.972173
2.962635
2.953152
2.943720
2.934340
2.925009
2.915728
2.906496
2.897310
2.888171
2.879078
2.870030
2.861025
2.852064
2.843146
2.834269
2.825434
2.816639
2.807885
2.799169
2.790492
2.781853
2.773251
2.764689
2.756164
2.747676
2.739224
2.730807
2.722425
2.714078
2.705763
2.697482
2.689234
2.681017
2.672833
2.664680
2.656557
2.648466
2.640404
2.632372
2.624369
2.616396
2.608451
2.600534
2.592646
2.584785
2.576951
2.569145
2.561366
2.553613
2.545887
2.538190
2.530518
2.522873
2.515253
2.507659
2.500090
2.492545
2.485025
2.477529
2.470057
2.462609
2.455184
2.447783
2.440405
2.433049
2.425717
2.418407
2.411119
2.403853
2.396610
2.389388
2.382188
2.375010
2.367852
2.360716
2.353601
2.346507
2.339434
2.332382
2.325351
2.318342
2.311354
2.304386
2.297439
2.290512
2.283605
2.276717
2.269849
2.263001
2.256172
2.249363
2.242573
2.235801
2.229049
2.222316
2.215601
2.208905
2.202228
2.195568
2.188928
2.182305
2.175701
2.169115
2.162547
2.155997
2.149464
2.142950
2.136453
2.129974
2.123512
2.117068
2.110642
2.104234
2.097844
2.091472
2.085117
2.078780
2.072460
2.066156
2.059870
2.053601
2.047349
2.041113
2.034894
2.028692
2.022506
2.016337
2.010184
2.004048
1.997927
1.991823
1.985736
1.979664
1.973609
1.967569
1.961546
1.955538
1.949546
1.943571
1.937610
1.931666
1.925737
1.919824
1.913927
1.908045
1.902178
1.896327
1.890492
1.884673
1.878871
1.873083
1.867311
1.861555
1.855813
1.850087
1.844377
1.838681
1.833000
1.827335
1.821684
1.816048
1.810427
1.804821
1.799229
1.793653
1.788091
1.782543
1.777010
1.771492
1.765988
1.760499
1.755024
1.749564
1.744118
1.738686
1.733268
1.727865
1.722476
1.717101
1.711740
1.706394
1.701061
1.695742
1.690438
1.685147
1.679871
1.674608
1.669360
1.664126
1.658907
1.653701
1.648510
1.643332
1.638168
1.633018
1.627881
1.622758
1.617649
1.612553
1.607471
1.602402
1.597347
1.592305
1.587276
1.582261
1.577259
1.572270
1.567294
1.562332
1.557383
1.552447
1.547524
1.542614
1.537717
1.532833
1.527962
1.523104
1.518259
1.513427
1.508607
1.503801
1.499007
1.494226
1.489457
1.484702
1.479959
1.475229
1.470511
1.465806
1.461113
1.456433
1.451766
1.447112
1.442471
1.437842
1.433226
1.428622
1.424031
1.419452
1.414885
1.410331
1.405788
1.401259
1.396741
1.392235
1.387742
1.383260
1.378791
1.374334
1.369888
1.365455
1.361034
1.356624
1.352226
1.347841
1.343467
1.339104
1.334754
1.330415
1.326088
1.321773
1.317469
1.313177
1.308896
1.304627
1.300370
1.296124
1.291890
1.287667
1.283455
1.279255
1.275066
1.270889
1.266723
1.262568
1.258425
1.254292
1.250171
1.246061
1.241963
1.237875
1.233799
1.229734
1.225681
1.221639
1.217608
1.213588
1.209579
1.205581
1.201594
1.197618
1.193653
1.189699
1.185756
1.181823
1.177901
1.173990
1.170090
1.166200
1.162321
1.158453
1.154595
1.150748
1.146911
1.143085
1.139269
1.135464
1.131669
1.127885
1.124111
1.120348
1.116595
1.112852
1.109119
1.105397
1.101685
1.097983
1.094292
1.090611
1.086939
1.083278
1.079627
1.075986
1.072356
1.068735
1.065124
1.061523
1.057932
1.054352
1.050781
1.047219
1.043668
1.040127
1.036595
1.033074
1.029562
1.026059
1.022567
1.019084
1.015611
1.012148
1.008695
1.005252
1.001818
0.998394
0.994979
0.991574
0.988179
0.984793
0.981417
0.978050
0.974692
0.971344
0.968005
0.964676
0.961356
0.958045
0.954743
0.951451
0.948168
0.944894
0.941629
0.938374
0.935127
0.931890
0.928662
0.925443
0.922233
0.919032
0.915840
0.912657
0.909482
0.906317
0.903161
0.900014
0.896875
0.893745
0.890624
0.887512
0.884409
0.881315
0.878229
0.875152
0.872083
0.869024
0.865973
0.862930
0.859896
0.856871
0.853854
0.850846
0.847847
0.844856
0.841873
0.838899
0.835933
0.832976
0.830027
0.827087
0.824154
0.821231
0.818315
0.815408
0.812509
0.809618
0.806736
0.803862
0.800996
0.798138
0.795288
0.792447
0.789614
0.786789
0.783972
0.781164
0.778363
0.775571
0.772786
0.770010
0.767241
0.764481
0.761728
0.758984
0.756247
0.753518
0.750797
0.748083
0.745378
0.742680
0.739990
0.737308
0.734633
0.731966
0.729307
0.726655
0.724012
0.721375
0.718747
0.716126
0.713512
0.710906
0.708308
0.705717
0.703133
0.700557
0.697989
0.695428
0.692874
0.690327
0.687789
0.685257
0.682733
0.680216
0.677706
0.675204
0.672709
0.670221
0.667740
0.665267
0.662800
0.660341
0.657889
0.655444
0.653007
0.650576
0.648153
0.645736
0.643327
0.640924
0.638529
0.636141
0.633759
0.631385
0.629017
0.626657
0.624303
0.621956
0.619616
0.617283
0.614957
0.612637
0.610325
0.608019
0.605720
0.603427
0.601142
0.598863
0.596590
0.594325
0.592066
0.589814
0.587568
0.585329
0.583097
0.580871
0.578651
0.576439
0.574233
0.572033
0.569840
0.567654
0.565474
0.563301
0.561134
0.558973
0.556819
0.554671
0.552530
0.550395
0.548266
0.546143
0.544027
0.541917
0.539814
0.537716
0.535625
0.533540
0.531462
0.529389
0.527323
0.525263
0.523208
0.521160
0.519119
0.517083
0.515053
0.513029
0.511012
0.509000
0.506995
0.504995
0.503001
0.501014
0.499032
0.497056
0.495086
0.493122
0.491164
0.489212
0.487266
0.485325
0.483390
0.481462
0.479538
0.477621
0.475710
0.473804
0.471904
0.470009
0.468121
0.466238
0.464360
0.462489
0.460623
0.458762
0.456908
0.455058
0.453215
0.451377
0.449544
0.447718
0.445896
0.444080
0.442270
0.440465
0.438666
0.436872
0.435083
0.433300
0.431523
0.429750
0.427983
0.426222
0.424466
0.422715
0.420970
0.419229
0.417495
0.415765
0.414041
0.412322
0.410608
0.408900
0.407196
0.405498
0.403805
0.402118
0.400435
0.398758
0.397085
0.395418
0.393756
0.392099
0.390447
0.388801
0.387159
0.385522
0.383891
0.382264
0.380643
0.379026
0.377415
0.375808
0.374206
0.372610
0.371018
0.369431
0.367849
0.366272
0.364700
0.363132
0.361570
0.360012
0.358460
0.356912
0.355369
0.353830
0.352297
0.350768
0.349245
0.347725
0.346211
0.344701
0.343196
0.341696
0.340201
0.338710
0.337224
0.335742
0.334265
0.332793
0.331325
0.329862
0.328404
0.326950
0.325500
0.324055
0.322615
0.321179
0.319748
0.318321
0.316899
0.315481
0.314068
0.312659
0.311255
0.309855
0.308459
0.307068
0.305681
0.304299
0.302921
0.301547
0.300178
0.298813
0.297453
0.296096
0.294745
0.293397
0.292054
0.290714
0.289380
0.288049
0.286723
0.285401
0.284083
0.282769
0.281460
0.280154
0.278853
0.277556
0.276263
0.274975
0.273690
0.272410
0.271134
0.269862
0.268593
0.267329
0.266070
0.264814
0.263562
0.262314
0.261070
0.259831
0.258595
0.257363
0.256136
0.254912
0.253692
0.252476
0.251264
0.250057
0.248853
0.247652
0.246456
0.245264
0.244076
0.242891
0.241711
0.240534
0.239361
0.238192
0.237026
0.235865
0.234707
0.233554
0.232404
0.231257
0.230115
0.228976
0.227841
0.226710
0.225582
0.224459
0.223339
0.222222
0.221110
0.220001
0.218895
0.217794
0.216696
0.215602
0.214511
0.213424
0.212340
0.211261
0.210184
0.209112
0.208043
0.206977
0.205916
0.204857
0.203802
0.202751
0.201704
0.200659
0.199619
0.198582
0.197548
0.196518
0.195491
0.194468
0.193448
0.192432
0.191419
0.190410
0.189404
0.188401
0.187402
0.186406
0.185414
0.184425
0.183440
0.182457
0.181478
0.180503
0.179531
0.178562
0.177597
0.176634
0.175676
0.174720
0.173768
0.172819
0.171873
0.170931
0.169992
0.169056
0.168123
0.167194
0.166267
0.165344
0.164425
0.163508
0.162595
0.161685
0.160778
0.159874
0.158973
0.158076
0.157182
0.156291
0.155403
0.154518
0.153636
0.152757
0.151882
0.151009
0.150140
0.149274
0.148411
0.147550
0.146693
0.145839
0.144989
0.144141
0.143296
0.142454
0.141615
0.140779
0.139947
0.139117
0.138290
0.137466
0.136645
0.135828
0.135013
0.134201
0.133392
0.132586
0.131783
0.130983
0.130185
0.129391
0.128600
0.127811
0.127026
0.126243
0.125463
0.124686
0.123912
0.123141
0.122372
0.121607
0.120844
0.120084
0.119327
0.118573
0.117821
0.117073
0.116327
0.115584
0.114844
0.114106
0.113371
0.112640
0.111910
0.111184
0.110460
0.109739
0.109021
0.108306
0.107593
0.106883
0.106175
0.105471
0.104769
0.104069
0.103373
0.102679
0.101988
0.101299
0.100613
0.099930
0.099249
0.098571
0.097896
0.097223
0.096553
0.095885
0.095220
0.094558
0.093898
0.093241
0.092586
0.091934
0.091285
0.090638
0.089994
0.089352
0.088713
0.088076
0.087442
0.086810
0.086181
0.085555
0.084931
0.084309
0.083690
0.083073
0.082459
0.081848
0.081238
0.080632
0.080028
0.079426
0.078827
0.078230
0.077635
0.077043
0.076454
0.075867
0.075282
0.074699
0.074120
0.073542
0.072967
0.072394
0.071824
0.071256
0.070690
0.070127
0.069566
0.069008
0.068451
0.067898
0.067346
0.066797
0.066250
0.065705
0.065163
0.064623
0.064086
0.063550
0.063017
0.062487
0.061958
0.061432
0.060908
0.060386
0.059867
0.059350
0.058835
0.058322
0.057812
0.057304
0.056798
0.056294
0.055792
0.055293
0.054796
0.054301
0.053808
0.053318
0.052829
0.052343
0.051859
0.051377
0.050897
0.050420
0.049944
0.049471
0.049000
0.048531
0.048064
0.047599
0.047137
0.046676
0.046218
0.045761
0.045307
0.044855
0.044405
0.043957
0.043511
0.043067
0.042625
0.042185
0.041748
0.041312
0.040878
0.040447
0.040017
0.039590
0.039164
0.038741
0.038319
0.037900
0.037482
0.037067
0.036653
0.036241
0.035832
0.035424
0.035018
0.034615
0.034213
0.033813
0.033415
0.033019
0.032625
0.032233
0.031843
0.031455
0.031068
0.030684
0.030301
0.029920
0.029542
0.029165
0.028790
0.028416
0.028045
0.027676
0.027308
0.026942
0.026578
0.026216
0.025856
0.025497
0.025141
0.024786
0.024433
0.024082
0.023732
0.023384
0.023039
0.022695
0.022352
0.022012
0.021673
0.021336
0.021000
0.020667
0.020335
0.020005
0.019677
0.019350
0.019025
0.018702
0.018380
0.018061
0.017742
0.017426
0.017111
0.016798
0.016487
0.016177
0.015869
0.015562
0.015258
0.014955
0.014653
0.014353
0.014055
0.013758
0.013463
0.013170
0.012878
0.012588
0.012299
0.012012
0.011726
0.011442
0.011160
0.010879
0.010600
0.010322
0.010046
0.009772
0.009498
0.009227
0.008957
0.008688
0.008421
0.008156
0.007892
0.007629
0.007368
0.007108
0.006850
0.006594
0.006338
0.006085
0.005832
0.005581
0.005332
0.005084
0.004837
0.004592
0.004348
0.004106
0.003865
0.003626
0.003387
0.003151
0.002915
0.002681
0.002449
0.002217
0.001987
0.001759
0.001531
0.001305
0.001081
0.000857
0.000635
0.000415
0.000195
-0.000023
-0.000239
-0.000455
-0.000669
-0.000882
-0.001094
-0.001304
-0.001513
-0.001721
-0.001928
-0.002133
-0.002338
-0.002541
-0.002742
-0.002943
-0.003142
-0.003340
-0.003537
-0.003733
-0.003928
-0.004121
-0.004313
-0.004504
-0.004694
-0.004883
-0.005070
-0.005257
-0.005442
-0.005626
-0.005809
-0.005991
-0.006172
-0.006352
-0.006530
-0.006708
-0.006884
-0.007060
-0.007234
-0.007407
-0.007579
-0.007750
-0.007920
-0.008089
-0.008257
-0.008424
-0.008590
-0.008755
-0.008919
-0.009081
-0.009243
-0.009404
-0.009564
-0.009723
-0.009880
-0.010037
-0.010193
-0.010348
-0.010502
-0.010655
-0.010807
-0.010958
-0.011108
-0.011257
-0.011406
-0.011553
-0.011699
-0.011845
-0.011990
-0.012133
-0.012276
-0.012418
-0.012559
-0.012699
-0.012839
-0.012977
-0.013115
-0.013252
-0.013387
-0.013522
-0.013657
-0.013790
-0.013923
-0.014054
-0.014185
-0.014315
-0.014445
-0.014573
-0.014701
-0.014828
-0.014954
-0.015079
-0.015204
-0.015327
-0.015450
-0.015573
-0.015694
-0.015815
-0.015935
-0.016054
-0.016173
-0.016291
-0.016408
-0.016524
-0.016640
-0.016755
-0.016869
-0.016982
-0.017095
-0.017207
-0.017319
-0.017430
-0.017540
-0.017649
-0.017758
-0.017866
-0.017974
-0.018080
-0.018187
-0.018292
-0.018397
-0.018501
-0.018605
-0.018708
-0.018810
-0.018912
-0.019013
-0.019114
-0.019214
-0.019313
-0.019412
-0.019510
-0.019608
-0.019705
-0.019801
-0.019897
-0.019993
-0.020087
-0.020182
-0.020275
-0.020369
-0.020461
-0.020553
-0.020645
-0.020736
-0.020826
-0.020916
-0.021006
-0.021094
-0.021183
-0.021271
-0.021358
-0.021445
-0.021531
-0.021617
-0.021703
-0.021788
-0.021872
-0.021956
-0.022040
-0.022123
-0.022205
-0.022288
-0.022369
-0.022450
-0.022531
-0.022612
-0.022691
-0.022771
-0.022850
-0.022929
-0.023007
-0.023084
-0.023162
-0.023239
-0.023315
-0.023391
-0.023467
-0.023542
-0.023617
-0.023692
-0.023766
-0.023840
-0.023913
-0.023986
-0.024058
-0.024131
-0.024202
-0.024274
-0.024345
-0.024416
-0.024486
-0.024556
-0.024626
-0.024695
-0.024764
-0.024833
-0.024901
-0.024969
-0.025037
-0.025104
-0.025171
-0.025237
-0.025304
-0.025370
-0.025435
-0.025501
-0.025566
-0.025630
-0.025695
-0.025759
-0.025823
-0.025886
-0.025949
-0.026012
-0.026075
-0.026137
-0.026199
-0.026261
-0.026322
-0.026383
-0.026444
-0.026505
-0.026565
-0.026625
-0.026685
-0.026745
-0.026804
-0.026863
-0.026922
-0.026980
-0.027039
-0.027097
-0.027154
-0.027212
-0.027269
-0.027326
-0.027383
-0.027439
-0.027496
-0.027552
-0.027608
-0.027663
-0.027718
-0.027774
-0.027829
-0.027883
-0.027938
-0.027992
-0.028046
-0.028100
-0.028153
-0.028207
-0.028260
-0.028313
-0.028366
-0.028418
-0.028471
-0.028523
-0.028575
-0.028626
-0.028678
-0.028729
-0.028780
-0.028831
-0.028882
-0.028933
-0.028983
-0.029033
-0.029083
-0.029133
-0.029183
-0.029232
-0.029282
-0.029331
-0.029380
-0.029429
-0.029477
-0.029526
-0.029574
-0.029622
-0.029670
-0.029718
-0.029765
-0.029813
-0.029860
-0.029907
-0.029954
-0.030001
-0.030048
-0.030094
-0.030141
-0.030187
-0.030233
-0.030279
-0.030325
-0.030370
-0.030416
-0.030461
-0.030506
-0.030551
-0.030596
-0.030641
-0.030685
-0.030730
-0.030774
-0.030818
-0.030862
-0.030906
-0.030950
-0.030994
-0.031037
-0.031080
-0.031124
-0.031167
-0.031210
-0.031253
-0.031295
-0.031338
-0.031381
-0.031423
-0.031465
-0.031507
-0.031549
-0.031591
-0.031633
-0.031675
-0.031716
-0.031758
-0.031799
-0.031840
-0.031881
-0.031922
-0.031963
-0.032004
-0.032044
-0.032085
-0.032125
-0.032165
-0.032206
-0.032246
-0.032286
-0.032325
-0.032365
-0.032405
-0.032444
-0.032484
-0.032523
-0.032562
-0.032601
-0.032640
-0.032679
-0.032718
-0.032757
-0.032796
-0.032834
-0.032873
-0.032911
-0.032949
-0.032987
-0.033025
-0.033063
-0.033101
-0.033139
-0.033177
-0.033214
-0.033252
-0.033289
-0.033326
-0.033363
-0.033401
-0.033438
-0.033475
-0.033511
-0.033548
-0.033585
-0.033621
-0.033658
-0.033694
-0.033731
-0.033767
-0.033803
-0.033839
-0.033875
-0.033911
-0.033947
-0.033983
-0.034018
-0.034054
-0.034089
-0.034125
-0.034160
-0.034195
-0.034230
-0.034266
-0.034301
-0.034335
-0.034370
-0.034405
-0.034440
-0.034474
-0.034509
-0.034543
-0.034578
-0.034612
-0.034646
-0.034680
-0.034715
-0.034749
-0.034782
-0.034816
-0.034850
-0.034884
-0.034917
-0.034951
-0.034984
-0.035018
-0.035051
-0.035084
-0.035118
-0.035151
-0.035184
-0.035217
-0.035250
-0.035282
-0.035315
-0.035348
-0.035380
-0.035413
-0.035445
-0.035478
-0.035510
-0.035543
-0.035575
-0.035607
-0.035639
-0.035671
-0.035703
-0.035735
-0.035766
-0.035798
-0.035830
-0.035861
-0.035893
-0.035924
-0.035956
-0.035987
-0.036018
-0.036050
-0.036081
-0.036112
-0.036143
-0.036174
-0.036205
-0.036235
-0.036266
-0.036297
-0.036327
-0.036358
-0.036388
-0.036419
-0.036449
-0.036479
-0.036510
-0.036540
-0.036570
-0.036600
-0.036630
-0.036660
-0.036690
-0.036720
-0.036749
-0.036779
-0.036809
-0.036838
-0.036868
-0.036897
-0.036926
-0.036956
-0.036985
-0.037014
-0.037043
-0.037072
-0.037101
-0.037130
-0.037159
-0.037188
-0.037217
-0.037245
-0.037274
-0.037303
-0.037331
-0.037360
-0.037388
-0.037416
-0.037445
-0.037473
-0.037501
-0.037529
-0.037557
-0.037585
-0.037613
-0.037641
-0.037669
-0.037697
-0.037724
-0.037752
-0.037780
-0.037807
-0.037835
-0.037862
-0.037889
-0.037917
-0.037944
-0.037971
-0.037998
-0.038025
-0.038052
-0.038079
-0.038106
-0.038133
-0.038160
-0.038187
-0.038214
-0.038240
-0.038267
-0.038293
-0.038320
-0.038346
-0.038373
-0.038399
-0.038425
-0.038451
-0.038478
-0.038504
-0.038530
-0.038556
-0.038582
-0.038608
-0.038633
-0.038659
-0.038685
-0.038711
-0.038736
-0.038762
-0.038787
-0.038813
-0.038838
-0.038864
-0.038889
-0.038914
-0.038939
-0.038965
-0.038990
-0.039015
-0.039040
-0.039065
-0.039089
-0.039114
-0.039139
-0.039164
-0.039189
-0.039213
-0.039238
-0.039262
-0.039287
-0.039311
-0.039336
-0.039360
-0.039384
-0.039408
-0.039433
-0.039457
-0.039481
-0.039505
-0.039529
-0.039553
-0.039577
-0.039600
-0.039624
-0.039648
-0.039672
-0.039695
-0.039719
-0.039742
-0.039766
-0.039789
-0.039813
-0.039836
-0.039859
-0.039882
-0.039906
-0.039929
-0.039952
-0.039975
-0.039998
-0.040021
-0.040044
-0.040066
-0.040089
-0.040112
-0.040135
-0.040157
-0.040180
-0.040203
-0.040225
-0.040248
-0.040270
-0.040292
-0.040315
-0.040337
-0.040359
-0.040381
-0.040403
-0.040425
-0.040448
-0.040469
-0.040491
-0.040513
-0.040535
-0.040557
-0.040579
-0.040600
-0.040622
-0.040644
-0.040665
-0.040687
-0.040708
-0.040730
-0.040751
-0.040772
-0.040794
-0.040815
-0.040836
-0.040857
-0.040878
-0.040900
-0.040921
-0.040942
-0.040962
-0.040983
-0.041004
-0.041025
-0.041046
-0.041066
-0.041087
-0.041108
-0.041128
-0.041149
-0.041169
-0.041190
-0.041210
-0.041231
-0.041251
-0.041271
-0.041291
-0.041312
-0.041332
-0.041352
-0.041372
-0.041392
-0.041412
-0.041432
-0.041452
-0.041471
-0.041491
-0.041511
-0.041531
-0.041550
-0.041570
-0.041590
-0.041609
-0.041629
-0.041648
-0.041667
-0.041687
-0.041706
-0.041725
-0.041745
-0.041764
-0.041783
-0.041802
-0.041821
-0.041840
-0.041859
-0.041878
-0.041897
-0.041916
-0.041935
-0.041954
-0.041972
-0.041991
-0.042010
-0.042028
-0.042047
-0.042065
-0.042084
-0.042102
-0.042121
-0.042139
-0.042157
-0.042176
-0.042194
-0.042212
-0.042230
-0.042249
-0.042267
-0.042285
-0.042303
-0.042321
-0.042339
-0.042357
-0.042374
-0.042392
-0.042410
-0.042428
-0.042445
-0.042463
-0.042481
-0.042498
-0.042516
-0.042533
-0.042551
-0.042568
-0.042586
-0.042603
-0.042620
-0.042638
-0.042655
-0.042672
-0.042689
-0.042706
-0.042724
-0.042741
-0.042758
-0.042775
-0.042792
-0.042808
-0.042825
-0.042842
-0.042859
-0.042876
-0.042892
-0.042909
-0.042926
-0.042942
-0.042959
-0.042975
-0.042992
-0.043008
-0.043025
-0.043041
-0.043058
-0.043074
-0.043090
-0.043106
-0.043123
-0.043139
-0.043155
-0.043171
-0.043187
-0.043203
-0.043219
-0.043235
-0.043251
-0.043267
-0.043283
-0.043298
-0.043314
-0.043330
-0.043346
-0.043361
-0.043377
-0.043393
-0.043408
-0.043424
-0.043439
-0.043455
-0.043470
-0.043485
-0.043501
-0.043516
-0.043531
-0.043547
-0.043562
-0.043577
-0.043592
-0.043607
-0.043623
-0.043638
-0.043653
-0.043668
-0.043683
-0.043697
-0.043712
-0.043727
-0.043742
-0.043757
-0.043772
-0.043786
-0.043801
-0.043816
-0.043830
-0.043845
-0.043859
-0.043874
-0.043888
-0.043903
-0.043917
-0.043932
-0.043946
-0.043960
-0.043975
-0.043989
-0.044003
-0.044017
-0.044032
-0.044046
-0.044060
-0.044074
-0.044088
-0.044102
-0.044116
-0.044130
-0.044144
-0.044158
-0.044172
-0.044185
-0.044199
-0.044213
-0.044227
-0.044240
-0.044254
-0.044268
-0.044281
-0.044295
-0.044309
-0.044322
-0.044336
-0.044349
-0.044362
-0.044376
-0.044389
-0.044403
-0.044416
-0.044429
-0.044442
-0.044456
-0.044469
-0.044482
-0.044495
-0.044508
-0.044521
-0.044534
-0.044547
-0.044560
-0.044573
-0.044586
-0.044599
-0.044612
-0.044625
-0.044638
-0.044650
-0.044663
-0.044676
-0.044689
-0.044701
-0.044714
-0.044727
-0.044739
-0.044752
-0.044764
-0.044777
-0.044789
-0.044802
-0.044814
-0.044826
-0.044839
-0.044851
-0.044864
-0.044876
-0.044888
-0.044900
-0.044912
-0.044925
-0.044937
-0.044949
-0.044961
-0.044973
-0.044985
-0.044997
-0.045009
-0.045021
-0.045033
-0.045045
-0.045057
-0.045069
-0.045080
-0.045092
-0.045104
-0.045116
-0.045127
-0.045139
-0.045151
-0.045162
-0.045174
-0.045186
-0.045197
-0.045209
-0.045220
-0.045232
-0.045243
-0.045255
-0.045266
-0.045277
-0.045289
-0.045300
-0.045311
-0.045323
-0.045334
-0.045345
-0.045356
-0.045367
-0.045379
-0.045390
-0.045401
-0.045412
-0.045423
-0.045434
-0.045445
-0.045456
-0.045467
-0.045478
-0.045489
-0.045500
-0.045510
-0.045521
-0.045532
-0.045543
-0.045554
-0.045564
-0.045575
-0.045586
-0.045596
-0.045607
-0.045618
-0.045628
-0.045639
-0.045649
-0.045660
-0.045670
-0.045681
-0.045691
-0.045702
-0.045712
-0.045723
-0.045733
-0.045743
-0.045754
-0.045764
-0.045774
-0.045784
-0.045795
-0.045805
-0.045815
-0.045825
-0.045835
-0.045845
-0.045856
-0.045866
-0.045876
-0.045886
-0.045896
-0.045906
-0.045916
-0.045926
-0.045935
-0.045945
-0.045955
-0.045965
-0.045975
-0.045985
-0.045994
-0.046004
-0.046014
-0.046024
-0.046033
-0.046043
-0.046053
-0.046062
-0.046072
-0.046081
-0.046091
-0.046101
-0.046110
-0.046120
-0.046129
-0.046139
-0.046148
-0.046157
-0.046167
-0.046176
-0.046186
-0.046195
-0.046204
-0.046213
-0.046223
-0.046232
-0.046241
-0.046250
-0.046260
-0.046269
-0.046278
-0.046287
-0.046296
-0.046305
-0.046314
-0.046323
-0.046332
-0.046341
-0.046350
-0.046359
-0.046368
-0.046377
-0.046386
-0.046395
-0.046404
-0.046413
-0.046422
-0.046430
-0.046439
-0.046448
-0.046457
-0.046466
-0.046474
-0.046483
-0.046492
-0.046500
-0.046509
-0.046518
-0.046526
-0.046535
-0.046543
-0.046552
-0.046560
-0.046569
-0.046577
-0.046586
-0.046594
-0.046603
-0.046611
-0.046620
-0.046628
-0.046636
-0.046645
-0.046653
-0.046661
-0.046670
-0.046678
-0.046686
-0.046694
-0.046703
-0.046711
-0.046719
-0.046727
-0.046735
-0.046743
-0.046752
-0.046760
-0.046768

