0.000000
0.000000
-0.000026
-0.000052
-0.000077
-0.000103
-0.000128
-0.000153
-0.000177
-0.000201
-0.000224
-0.000247
-0.000270
-0.000293
-0.000315
-0.000337
-0.000359
-0.000380
-0.000402
-0.000423
-0.000444
-0.000465
-0.000485
-0.000506
-0.000526
-0.000547
-0.000567
-0.000587
-0.000607
-0.000627
-0.000647
-0.000667
-0.000687
-0.000707
-0.000726
-0.000746
-0.000766
-0.000785
-0.000805
-0.000824
-0.000844
-0.000863
-0.000883
-0.000902
-0.000922
-0.000941
-0.000961
-0.000980
-0.001000
-0.001019
-0.001038
-0.001058
-0.001077
-0.001097
-0.001116
-0.001135
-0.001155
-0.001174
-0.001194
-0.001213
-0.001233
-0.001252
-0.001271
-0.001291
-0.001310
-0.001330
-0.001349
-0.001369
-0.001388
-0.001408
-0.001428
-0.001447
-0.001467
-0.001486
-0.001506
-0.001525
-0.001545
-0.001565
-0.001584
-0.001604
-0.001624
-0.001644
-0.001663
-0.001683
-0.001703
-0.001723
-0.001743
-0.001762
-0.001782
-0.001802
-0.001822
-0.001842
-0.001862
-0.001882
-0.001902
-0.001922
-0.001942
-0.001962
-0.001982
-0.002002
-0.002022
-0.002042
-0.002063
-0.002083
-0.002103
-0.002123
-0.002143
-0.002164
-0.002184
-0.002204
-0.002225
-0.002245
-0.002265
-0.002286
-0.002306
-0.002326
-0.002347
-0.002367
-0.002388
-0.002408
-0.002429
-0.002449
-0.002470
-0.002491
-0.002511
-0.002532
-0.002553
-0.002573
-0.002594
-0.002615
-0.002635
-0.002656
-0.002677
-0.002698
-0.002719
-0.002739
-0.002760
-0.002781
-0.002802
-0.002823
-0.002844
-0.002865
-0.002886
-0.002907
-0.002928
-0.002949
-0.002970
-0.002991
-0.003012
-0.003033
-0.003054
-0.003075
-0.003097
-0.003118
-0.003139
-0.003160
-0.003181
-0.003203
-0.003224
-0.003245
-0.003266
-0.003288
-0.003309
-0.003330
-0.003352
-0.003373
-0.003395
-0.003416
-0.003437
-0.003459
-0.003480
-0.003502
-0.003523
-0.003545
-0.003566
-0.003588
-0.003610
-0.003631
-0.003653
-0.003674
-0.003696
-0.003718
-0.003739
-0.003761
-0.003783
-0.003804
-0.003826
-0.003848
-0.003869
-0.003891
-0.003913
-0.003935
-0.003956
-0.003978
-0.004000
-0.004022
-0.004044
-0.004066
-0.004088
-0.004109
-0.004131
-0.004153
-0.004175
-0.004197
-0.004219
-0.004241
-0.004263
-0.004285
-0.004307
-0.004329
-0.004351
-0.004373
-0.004395
-0.004417
-0.004439
-0.004461
-0.004483
-0.004505
-0.004527
-0.004550
-0.004572
-0.004594
-0.004616
-0.004638
-0.004660
-0.004683
-0.004705
-0.004727
-0.004749
-0.004771
-0.004794
-0.004816
-0.004838
-0.004860
-0.004883
-0.004905
-0.004927
-0.004949
-0.004972
-0.004994
-0.005016
-0.005039
-0.005061
-0.005083
-0.005106
-0.005128
-0.005150
-0.005173
-0.005195
-0.005218
-0.005240
-0.005262
-0.005285
-0.005307
-0.005330
-0.005352
-0.005375
-0.005397
-0.005419
-0.005442
-0.005464
-0.005487
-0.005509
-0.005532
-0.005554
-0.005577
-0.005599
-0.005622
-0.005644
-0.005667
-0.005690
-0.005712
-0.005735
-0.005757
-0.005780
-0.005802
-0.005825
-0.005847
-0.005870
-0.005893
-0.005915
-0.005938
-0.005960
-0.005983
-0.006006
-0.006028
-0.006051
-0.006073
-0.006096
-0.006119
-0.006141
-0.006164
-0.006187
-0.006209
-0.006232
-0.006255
-0.006277
-0.006300
-0.006323
-0.006345
-0.006368
-0.006391
-0.006413
-0.006436
-0.006459
-0.006482
-0.006504
-0.006527
-0.006550
-0.006572
-0.006595
-0.006618
-0.006641
-0.006663
-0.006686
-0.006709
-0.006731
-0.006754
-0.006777
-0.006800
-0.006822
-0.006845
-0.006868
-0.006891
-0.006913
-0.006936
-0.006959
-0.006982
-0.007004
-0.007027
-0.007050
-0.007073
-0.007095
-0.007118
-0.007141
-0.007164
-0.007187
-0.007209
-0.007232
-0.007255
-0.007278
-0.007300
-0.007323
-0.007346
-0.007369
-0.007392
-0.007414
-0.007437
-0.007460
-0.007483
-0.007505
-0.007528
-0.007551
-0.007574
-0.007597
-0.007619
-0.007642
-0.007665
-0.007688
-0.007711
-0.007733
-0.007756
-0.007779
-0.007802
-0.007825
-0.007847
-0.007870
-0.007893
-0.007916
-0.007939
-0.007961
-0.007984
-0.008007
-0.008030
-0.008052
-0.008075
-0.008098
-0.008121
-0.008144
-0.008166
-0.008189
-0.008212
-0.008235
-0.008258
-0.008280
-0.008303
-0.008326
-0.008349
-0.008371
-0.008394
-0.008417
-0.008440
-0.008462
-0.008485
-0.008508
-0.008531
-0.008554
-0.008576
-0.008599
-0.008622
-0.008645
-0.008667
-0.008690
-0.008713
-0.008736
-0.008758
-0.008781
-0.008804
-0.008827
-0.008849
-0.008872
-0.008895
-0.008917
-0.008940
-0.008963
-0.008986
-0.009008
-0.009031
-0.009054
-0.009077
-0.009099
-0.009122
-0.009145
-0.009167
-0.009190
-0.009213
-0.009235
-0.009258
-0.009281
-0.009304
-0.009326
-0.009349
-0.009372
-0.009394
-0.009417
-0.009440
-0.009462
-0.009485
-0.009508
-0.009530
-0.009553
-0.009576
-0.009598
-0.009621
-0.009643
-0.009666
-0.009689
-0.009711
-0.009734
-0.009757
-0.009779
-0.009802
-0.009824
-0.009847
-0.009870
-0.009892
-0.009915
-0.009937
-0.009960
-0.009983
-0.010005
-0.010028
-0.010050
-0.010073
-0.010095
-0.010118
-0.010141
-0.010163
-0.010186
-0.010208
-0.010231
-0.010253
-0.010276
-0.010298
-0.010321
-0.010343
-0.010366
-0.010388
-0.010411
-0.010433
-0.010456
-0.010478
-0.010501
-0.010523
-0.010546
-0.010568
-0.010591
-0.010613
-0.010636
-0.010658
-0.010680
-0.010703
-0.010725
-0.010748
-0.010770
-0.010793
-0.010815
-0.010837
-0.010860
-0.010882
-0.010905
-0.010927
-0.010949
-0.010972
-0.010994
-0.011017
-0.011039
-0.011061
-0.011084
-0.011106
-0.011128
-0.011151
-0.011173
-0.011195
-0.011218
-0.011240
-0.011262
-0.011285
-0.011307
-0.011329
-0.011351
-0.011374
-0.011396
-0.011418
-0.011440
-0.011463
-0.011485
-0.011507
-0.011529
-0.011552
-0.011574
-0.011596
-0.011618
-0.011641
-0.011663
-0.011685
-0.011707
-0.011729
-0.011752
-0.011774
-0.011796
-0.011818
-0.011840
-0.011862
-0.011884
-0.011907
-0.011929
-0.011951
-0.011973
-0.011995
-0.012017
-0.012039
-0.012061
-0.012083
-0.012106
-0.012128
-0.012150
-0.012172
-0.012194
-0.012216
-0.012238
-0.012260
-0.012282
-0.012304
-0.012326
-0.012348
-0.012370
-0.012392
-0.012414
-0.012436
-0.012458
-0.012480
-0.012502
-0.012524
-0.012546
-0.012568
-0.012590
-0.012612
-0.012634
-0.012655
-0.012677
-0.012699
-0.012721
-0.012743
-0.012765
-0.012787
-0.012809
-0.012831
-0.012852
-0.012874
-0.012896
-0.012918
-0.012940
-0.012962
-0.012983
-0.013005
-0.013027
-0.013049
-0.013070
-0.013092
-0.013114
-0.013136
-0.013158
-0.013179
-0.013201
-0.013223
-0.013244
-0.013266
-0.013288
-0.013310
-0.013331
-0.013353
-0.013375
-0.013396
-0.013418
-0.013440
-0.013461
-0.013483
-0.013505
-0.013526
-0.013548
-0.013569
-0.013591
-0.013613
-0.013634
-0.013656
-0.013677
-0.013699
-0.013721
-0.013742
-0.013764
-0.013785
-0.013807
-0.013828
-0.013850
-0.013871
-0.013893
-0.013914
-0.013936
-0.013957
-0.013979
-0.014000
-0.014022
-0.014043
-0.014065
-0.014086
-0.014107
-0.014129
-0.014150
-0.014172
-0.014193
-0.014214
-0.014236
-0.014257
-0.014278
-0.014300
-0.014321
-0.014343
-0.014364
-0.014385
-0.014406
-0.014428
-0.014449
-0.014470
-0.014492
-0.014513
-0.014534
-0.014555
-0.014577
-0.014598
-0.014619
-0.014640
-0.014662
-0.014683
-0.014704
-0.014725
-0.014746
-0.014768
-0.014789
-0.014810
-0.014831
-0.014852
-0.014873
-0.014894
-0.014916
-0.014937
-0.014958
-0.014979
-0.015000
-0.015021
-0.015042
-0.015063
-0.015084
-0.015105
-0.015126
-0.015147
-0.015168
-0.015189
-0.015210
-0.015231
-0.015252
-0.015273
-0.015294
-0.015315
-0.015336
-0.015357
-0.015378
-0.015399
-0.015420
-0.015441
-0.015462
-0.015483
-0.015504
-0.015524
-0.015545
-0.015566
-0.015587
-0.015608
-0.015629
-0.015650
-0.015670
-0.015691
-0.015712
-0.015733
-0.015754
-0.015774
-0.015795
-0.015816
-0.015837
-0.015857
-0.015878
-0.015899
-0.015920
-0.015940
-0.015961
-0.015982
-0.016002
-0.016023
-0.016044
-0.016064
-0.016085
-0.016106
-0.016126
-0.016147
-0.016168
-0.016188
-0.016209
-0.016229
-0.016250
-0.016271
-0.016291
-0.016312
-0.016332
-0.016353
-0.016373
-0.016394
-0.016414
-0.016435
-0.016455
-0.016476
-0.016496
-0.016517
-0.016537
-0.016558
-0.016578
-0.016599
-0.016619
-0.016639
-0.016660
-0.016680
-0.016701
-0.016721
-0.016741
-0.016762
-0.016782
-0.016802
-0.016823
-0.016843
-0.016863
-0.016884
-0.016904
-0.016924
-0.016945
-0.016965
-0.016985
-0.017005
-0.017026
-0.017046
-0.017066
-0.017086
-0.017107
-0.017127
-0.017147
-0.017167
-0.017187
-0.017207
-0.017228
-0.017248
-0.017268
-0.017288
-0.017308
-0.017328
-0.017348
-0.017369
-0.017389
-0.017409
-0.017429
-0.017449
-0.017469
-0.017489
-0.017509
-0.017529
-0.017549
-0.017569
-0.017589
-0.017609
-0.017629
-0.017649
-0.017669
-0.017689
-0.017709
-0.017729
-0.017749
-0.017769
-0.017789
-0.017808
-0.017828
-0.017848
-0.017868
-0.017888
-0.017908
-0.017928
-0.017948
-0.017967
-0.017987
-0.018007
-0.018027
-0.018047
-0.018066
-0.018086
-0.018106
-0.018126
-0.018145
-0.018165
-0.018185
-0.018205
-0.018224
-0.018244
-0.018264
-0.018284
-0.018303
-0.018323
-0.018343
-0.018362
-0.018382
-0.018401
-0.018421
-0.018441
-0.018460
-0.018480
-0.018500
-0.018519
-0.018539
-0.018558
-0.018578
-0.018597
-0.018617
-0.018636
-0.018656
-0.018675
-0.018695
-0.018714
-0.018734
-0.018753
-0.018773
-0.018792
-0.018812
-0.018831
-0.018851
-0.018870
-0.018889
-0.018909
-0.018928
-0.018948
-0.018967
-0.018986
-0.019006
-0.019025
-0.019044
-0.019064
-0.019083
-0.019102
-0.019122
-0.019141
-0.019160
-0.019179
-0.019199
-0.019218
-0.019237
-0.019256
-0.019276
-0.019295
-0.019314
-0.019333
-0.019353
-0.019372
-0.019391
-0.019410
-0.019429
-0.019448
-0.019468
-0.019487
-0.019506
-0.019525
-0.019544
-0.019563
-0.019582
-0.019601
-0.019620
-0.019639
-0.019658
-0.019677
-0.019696
-0.019715
-0.019734
-0.019753
-0.019772
-0.019791
-0.019810
-0.019829
-0.019848
-0.019867
-0.019886
-0.019905
-0.019924
-0.019943
-0.019962
-0.019981
-0.020000
-0.020019
-0.020037
-0.020056
-0.020075
-0.020094
-0.020113
-0.020132
-0.020150
-0.020169
-0.020188
-0.020207
-0.020226
-0.020244
-0.020263
-0.020282
-0.020301
-0.020319
-0.020338
-0.020357
-0.020375
-0.020394
-0.020413
-0.020432
-0.020450
-0.020469
-0.020488
-0.020506
-0.020525
-0.020543
-0.020562
-0.020581
-0.020599
-0.020618
-0.020636
-0.020655
-0.020674
-0.020692
-0.020711
-0.020729
-0.020748
-0.020766
-0.020785
-0.020803
-0.020822
-0.020840
-0.020859
-0.020877
-0.020895
-0.020914
-0.020932
-0.020951
-0.020969
-0.020988
-0.021006
-0.021024
-0.021043
-0.021061
-0.021079
-0.021098
-0.021116
-0.021135
-0.021153
-0.021171
-0.021189
-0.021208
-0.021226
-0.021244
-0.021263
-0.021281
-0.021299
-0.021317
-0.021336
-0.021354
-0.021372
-0.021390
-0.021408
-0.021427
-0.021445
-0.021463
-0.021481
-0.021499
-0.021517
-0.021536
-0.021554
-0.021572
-0.021590
-0.021608
-0.021626
-0.021644
-0.021662
-0.021680
-0.021698
-0.021716
-0.021734
-0.021752
-0.021770
-0.021788
-0.021806
-0.021824
-0.021842
-0.021860
-0.021878
-0.021896
-0.021914
-0.021932
-0.021950
-0.021968
-0.021986
-0.022004
-0.022022
-0.022040
-0.022058
-0.022075
-0.022093
-0.022111
-0.022129
-0.022147
-0.022165
-0.022182
-0.022200
-0.022218
-0.022236
-0.022254
-0.022271
-0.022289
-0.022307
-0.022325
-0.022342
-0.022360
-0.022378
-0.022395
-0.022413
-0.022431
-0.022448
-0.022466
-0.022484
-0.022501
-0.022519
-0.022537
-0.022554
-0.022572
-0.022590
-0.022607
-0.022625
-0.022642
-0.022660
-0.022677
-0.022695
-0.022713
-0.022730
-0.022748
-0.022765
-0.022783
-0.022800
-0.022818
-0.022835
-0.022853
-0.022870
-0.022887
-0.022905
-0.022922
-0.022940
-0.022957
-0.022975
-0.022992
-0.023009
-0.023027
-0.023044
-0.023062
-0.023079
-0.023096
-0.023114
-0.023131
-0.023148
-0.023166
-0.023183
-0.023200
-0.023217
-0.023235
-0.023252
-0.023269
-0.023286
-0.023304
-0.023321
-0.023338
-0.023355
-0.023373
-0.023390
-0.023407
-0.023424
-0.023441
-0.023458
-0.023476
-0.023493
-0.023510
-0.023527
-0.023544
-0.023561
-0.023578
-0.023595
-0.023613
-0.023630
-0.023647
-0.023664
-0.023681
-0.023698
-0.023715
-0.023732
-0.023749
-0.023766
-0.023783
-0.023800
-0.023817
-0.023834
-0.023851
-0.023868
-0.023885
-0.023902
-0.023919
-0.023935
-0.023952
-0.023969
-0.023986
-0.024003
-0.024020
-0.024037
-0.024054
-0.024070
-0.024087
-0.024104
-0.024121
-0.024138
-0.024155
-0.024171
-0.024188
-0.024205
-0.024222
-0.024238
-0.024255
-0.024272
-0.024289
-0.024305
-0.024322
-0.024339
-0.024356
-0.024372
-0.024389
-0.024406
-0.024422
-0.024439
-0.024456
-0.024472
-0.024489
-0.024505
-0.024522
-0.024539
-0.024555
-0.024572
-0.024588
-0.024605
-0.024622
-0.024638
-0.024655
-0.024671
-0.024688
-0.024704
-0.024721
-0.024737
-0.024754
-0.024770
-0.024787
-0.024803
-0.024820
-0.024836
-0.024852
-0.024869
-0.024885
-0.024902
-0.024918
-0.024935
-0.024951
-0.024967
-0.024984
-0.025000
-0.025016
-0.025033
-0.025049
-0.025065
-0.025082
-0.025098
-0.025114
-0.025131
-0.025147
-0.025163
-0.025179
-0.025196
-0.025212
-0.025228
-0.025244
-0.025261
-0.025277
-0.025293
-0.025309
-0.025326
-0.025342
-0.025358
-0.025374
-0.025390
-0.025406
-0.025423
-0.025439
-0.025455
-0.025471
-0.025487
-0.025503
-0.025519
-0.025535
-0.025551
-0.025567
-0.025583
-0.025600
-0.025616
-0.025632
-0.025648
-0.025664
-0.025680
-0.025696
-0.025712
-0.025728
-0.025744
-0.025760
-0.025775
-0.025791
-0.025807
-0.025823
-0.025839
-0.025855
-0.025871
-0.025887
-0.025903
-0.025919
-0.025935
-0.025950
-0.025966
-0.025982
-0.025998
-0.026014
-0.026030
-0.026045
-0.026061
-0.026077
-0.026093
-0.026109
-0.026124
-0.026140
-0.026156
-0.026172
-0.026187
-0.026203
-0.026219
-0.026235
-0.026250
-0.026266
-0.026282
-0.026297
-0.026313
-0.026329
-0.026344
-0.026360
-0.026376
-0.026391
-0.026407
-0.026422
-0.026438
-0.026454
-0.026469
-0.026485
-0.026500
-0.026516
-0.026532
-0.026547
-0.026563
-0.026578
-0.026594
-0.026609
-0.026625
-0.026640
-0.026656
-0.026671
-0.026687
-0.026702
-0.026718
-0.026733
-0.026748
-0.026764
-0.026779
-0.026795
-0.026810
-0.026825
-0.026841
-0.026856
-0.026872
-0.026887
-0.026902
-0.026918
-0.026933
-0.026948
-0.026964
-0.026979
-0.026994
-0.027010
-0.027025
-0.027040
-0.027055
-0.027071
-0.027086
-0.027101
-0.027116
-0.027132
-0.027147
-0.027162
-0.027177
-0.027193
-0.027208
-0.027223
-0.027238
-0.027253
-0.027268
-0.027284
-0.027299
-0.027314
-0.027329
-0.027344
-0.027359
-0.027374
-0.027389
-0.027405
-0.027420
-0.027435
-0.027450
-0.027465
-0.027480
-0.027495
-0.027510
-0.027525
-0.027540
-0.027555
-0.027570
-0.027585
-0.027600
-0.027615
-0.027630
-0.027645
-0.027660
-0.027675
-0.027690
-0.027705
-0.027720
-0.027734
-0.027749
-0.027764
-0.027779
-0.027794
-0.027809
-0.027824
-0.027839
-0.027853
-0.027868
-0.027883
-0.027898
-0.027913
-0.027928
-0.027942
-0.027957
-0.027972
-0.027987
-0.028001
-0.028016
-0.028031
-0.028046
-0.028060
-0.028075
-0.028090
-0.028105
-0.028119
-0.028134
-0.028149
-0.028163
-0.028178
-0.028193
-0.028207
-0.028222
-0.028237
-0.028251
-0.028266
-0.028281
-0.028295
-0.028310
-0.028324
-0.028339
-0.028353
-0.028368
-0.028383
-0.028397
-0.028412
-0.028426
-0.028441
-0.028455
-0.028470
-0.028484
-0.028499
-0.028513
-0.028528
-0.028542
-0.028557
-0.028571
-0.028586
-0.028600
-0.028614
-0.028629
-0.028643
-0.028658
-0.028672
-0.028687
-0.028701
-0.028715
-0.028730
-0.028744
-0.028758
-0.028773
-0.028787
-0.028801
-0.028816
-0.028830
-0.028844
-0.028859
-0.028873
-0.028887
-0.028902
-0.028916
-0.028930
-0.028944
-0.028959
-0.028973
-0.028987
-0.029001
-0.029015
-0.029030
-0.029044
-0.029058
-0.029072
-0.029086
-0.029101
-0.029115
-0.029129
-0.029143
-0.029157
-0.029171
-0.029185
-0.029200
-0.029214
-0.029228
-0.029242
-0.029256
-0.029270
-0.029284
-0.029298
-0.029312
-0.029326
-0.029340
-0.029354
-0.029368
-0.029382
-0.029396
-0.029410
-0.029424
-0.029438
-0.029452
-0.029466
-0.029480
-0.029494
-0.029508
-0.029522
-0.029536
-0.029550
-0.029564
-0.029578
-0.029592
-0.029606
-0.029620
-0.029633
-0.029647
-0.029661
-0.029675
-0.029689
-0.029703
-0.029717
-0.029730
-0.029744
-0.029758
-0.029772
-0.029786
-0.029799
-0.029813
-0.029827
-0.029841
-0.029854
-0.029868
-0.029882
-0.029896
-0.029909
-0.029923
-0.029937
-0.029951
-0.029964
-0.029978
-0.029992
-0.030005
-0.030019
-0.030033
-0.030046
-0.030060
-0.030074
-0.030087
-0.030101
-0.030114
-0.030128
-0.030142
-0.030155
-0.030169
-0.030182
-0.030196
-0.030209
-0.030223
-0.030237
-0.030250
-0.030264
-0.030277
-0.030291
-0.030304
-0.030318
-0.030331
-0.030345
-0.030358
-0.030372
-0.030385
-0.030399
-0.030412
-0.030425
-0.030439
-0.030452
-0.030466
-0.030479
-0.030493
-0.030506
-0.030519
-0.030533
-0.030546
-0.030559
-0.030573
-0.030586
-0.030600
-0.030613
-0.030626
-0.030640
-0.030653
-0.030666
-0.030679
-0.030693
-0.030706
-0.030719
-0.030733
-0.030746
-0.030759
-0.030772
-0.030786
-0.030799
-0.030812
-0.030825
-0.030839
-0.030852
-0.030865
-0.030878
-0.030891
-0.030905
-0.030918
-0.030931
-0.030944
-0.030957
-0.030970
-0.030983
-0.030997
-0.031010
-0.031023
-0.031036
-0.031049
-0.031062
-0.031075
-0.031088
-0.031101
-0.031114
-0.031127
-0.031140
-0.031154
-0.031167
-0.031180
-0.031193
-0.031206
-0.031219
-0.031232
-0.031245
-0.031258
-0.031271
-0.031284
-0.031296
-0.031309
-0.031322
-0.031335
-0.031348
-0.031361
-0.031374
-0.031387
-0.031400
-0.031413
-0.031426
-0.031439
-0.031451
-0.031464
-0.031477
-0.031490
-0.031503
-0.031516
-0.031529
-0.031541
-0.031554
-0.031567
-0.031580
-0.031593
-0.031605
-0.031618
-0.031631
-0.031644
-0.031656
-0.031669
-0.031682
-0.031695
-0.031707
-0.031720
-0.031733
-0.031746
-0.031758
-0.031771
-0.031784
-0.031796
-0.031809
-0.031822
-0.031834
-0.031847
-0.031860
-0.031872
-0.031885
-0.031898
-0.031910
-0.031923
-0.031935
-0.031948
-0.031961
-0.031973
-0.031986
-0.031998
-0.032011
-0.032023
-0.032036
-0.032049
-0.032061
-0.032074
-0.032086
-0.032099
-0.032111
-0.032124
-0.032136
-0.032149
-0.032161
-0.032174
-0.032186
-0.032199
-0.032211
-0.032223
-0.032236
-0.032248
-0.032261
-0.032273
-0.032286
-0.032298
-0.032310
-0.032323
-0.032335
-0.032347
-0.032360
-0.032372
-0.032385
-0.032397
-0.032409
-0.032422
-0.032434
-0.032446
-0.032459
-0.032471
-0.032483
-0.032495
-0.032508
-0.032520
-0.032532
-0.032545
-0.032557
-0.032569
-0.032581
-0.032594
-0.032606
-0.032618
-0.032630
-0.032642
-0.032655
-0.032667
-0.032679
-0.032691
-0.032703
-0.032716
-0.032728
-0.032740
-0.032752
-0.032764
-0.032776
-0.032788
-0.032800
-0.032813
-0.032825
-0.032837
-0.032849
-0.032861
-0.032873
-0.032885
-0.032897
-0.032909
-0.032921
-0.032933
-0.032945
-0.032957
-0.032969
-0.032981
-0.032993
-0.033005
-0.033017
-0.033029
-0.033041
-0.033053
-0.033065
-0.033077
-0.033089
-0.033101
-0.033113
-0.033125
-0.033137
-0.033149
-0.033161
-0.033173
-0.033185
-0.033197
-0.033209
-0.033220
-0.033232
-0.033244
-0.033256
-0.033268
-0.033280
-0.033292
-0.033303
-0.033315
-0.033327
-0.033339
-0.033351
-0.033362
-0.033374
-0.033386
-0.033398
-0.033410
-0.033421
-0.033433
-0.033445
-0.033457
-0.033468
-0.033480
-0.033492
-0.033504
-0.033515
-0.033527
-0.033539
-0.033550
-0.033562
-0.033574
-0.033585
-0.033597
-0.033609
-0.033620
-0.033632
-0.033644
-0.033655
-0.033667
-0.033679
-0.033690
-0.033702
-0.033713
-0.033725
-0.033737
-0.033748
-0.033760
-0.033771
-0.033783
-0.033795
-0.033806
-0.033818
-0.033829
-0.033841
-0.033852
-0.033864
-0.033875
-0.033887
-0.033898
-0.033910
-0.033921
-0.033933
-0.033944
-0.033956
-0.033967
-0.033979
-0.033990
-0.034001
-0.034013
-0.034024
-0.034036
-0.034047
-0.034059
-0.034070
-0.034081
-0.034093
-0.034104
-0.034116
-0.034127
-0.034138
-0.034150
-0.034161
-0.034172
-0.034184
-0.034195
-0.034206
-0.034218
-0.034229
-0.034240
-0.034252
-0.034263
-0.034274
-0.034285
-0.034297
-0.034308
-0.034319
-0.034330
-0.034342
-0.034353
-0.034364
-0.034375
-0.034387
-0.034398
-0.034409
-0.034420
-0.034431
-0.034443
-0.034454
-0.034465
-0.034476
-0.034487
-0.034498
-0.034510
-0.034521
-0.034532
-0.034543
-0.034554
-0.034565
-0.034576
-0.034588
-0.034599
-0.034610
-0.034621
-0.034632
-0.034643
-0.034654
-0.034665
-0.034676
-0.034687
-0.034698
-0.034709
-0.034720
-0.034731
-0.034742
-0.034753
-0.034764
-0.034775
-0.034786
-0.034797
-0.034808
-0.034819
-0.034830
-0.034841
-0.034852
-0.034863
-0.034874
-0.034885
-0.034896
-0.034907
-0.034918
-0.034929
-0.034940
-0.034950
-0.034961
-0.034972
-0.034983
-0.034994
-0.035005
-0.035016
-0.035027
-0.035037
-0.035048
-0.035059
-0.035070
-0.035081
-0.035092
-0.035102
-0.035113
-0.035124
-0.035135
-0.035146
-0.035156
-0.035167
-0.035178
-0.035189
-0.035199
-0.035210
-0.035221
-0.035232
-0.035242
-0.035253
-0.035264
-0.035275
-0.035285
-0.035296
-0.035307
-0.035317
-0.035328
-0.035339
-0.035349
-0.035360
-0.035371
-0.035381
-0.035392
0.615164
1.535487
2.582001
3.225628
3.680207
4.011506
4.256704
4.438958
4.573423
4.670483
4.732597
4.768401
4.783305
4.781345
4.765656
4.738740
4.702633
4.659000
4.609233
4.554493
4.495758
4.433866
4.369503
4.303264
4.235657
4.167103
4.097961
4.028545
3.959108
3.889868
3.821009
3.752699
3.685053
3.618183
3.552186
3.487128
3.423068
3.360063
3.298143
3.237338
3.177668
3.119159
3.061811
3.005629
2.950613
2.896770
2.844085
2.792551
2.742157
2.692897
3.260089
4.095054
5.057039
5.645322
6.050882
6.337579
6.541584
6.685292
6.783341
6.845760
6.874374
6.877748
6.861259
6.828887
6.783705
6.728149
6.664199
6.593474
6.517312
6.436841
6.353007
6.266595
6.178286
6.088651
5.998157
5.907236
5.816209
5.725376
5.634988
5.545242
5.456320
5.368351
5.281475
5.195773
5.111332
5.028221
4.946480
4.866157
4.787287
4.709877
4.633959
4.559526
4.486578
4.415132
4.345165
4.276666
4.209639
4.144055
4.079897
4.017152
5.172433
6.834734
8.714586
9.884555
10.711271
11.315786
11.765475
12.101836
12.351643
12.533010
12.641691
12.697590
12.712155
12.693617
12.648236
12.580948
12.495693
12.395716
12.283740
12.162007
12.032439
11.896630
11.755980
11.611634
11.464545
11.315580
11.165434
11.014676
10.863849
10.713371
10.563574
10.414819
10.267308
10.121257
9.976899
9.834326
9.693666
9.555067
9.418556
9.284205
9.152086
9.022227
8.894643
8.769351
8.646364
8.525697
8.407315
8.291260
8.177449
8.065940
9.102067
10.643244
12.409572
13.536985
14.341807
14.937457
15.386994
15.728742
15.987119
16.178648
16.295210
16.356089
16.372246
16.351729
16.300803
16.224544
16.127244
16.012531
15.883497
15.742808
15.592765
15.435263
15.271932
15.104162
14.933050
14.759652
14.584709
14.408972
14.232982
14.057194
13.882121
13.708047
13.535347
13.364241
13.194939
13.027673
12.862562
12.699794
12.539399
12.381531
12.226216
12.073546
11.923475
11.776074
11.631388
11.489345
11.349951
11.213247
11.079132
10.947627
11.916382
13.397630
15.117285
16.260627
17.108362
17.770442
18.307381
18.754817
19.134510
19.459875
19.717237
19.920175
20.074114
20.182147
20.246040
20.267127
20.246915
20.187385
20.091196
19.961842
19.803284
19.620033
19.416726
19.197904
18.967768
18.730070
18.487937
18.243953
18.000239
17.758251
17.519249
17.283978
17.053008
16.826660
16.605156
16.388601
16.177016
15.970364
15.768565
15.571471
15.379019
15.191062
15.007394
14.827953
14.652612
14.481187
14.313592
14.149707
13.989457
13.832691
14.731617
16.154376
17.842027
19.058915
20.075956
21.023707
22.002346
23.123779
24.564385
26.642554
29.822406
34.194201
38.612326
42.065715
44.504746
46.123885
47.147530
48.119231
49.504211
51.104052
52.483699
53.289255
53.442052
52.951442
51.874130
50.311454
48.378518
46.181137
43.812684
41.358309
38.894150
36.486837
34.199662
32.089274
30.191603
28.509925
27.016853
25.674676
24.458309
23.355423
22.363073
21.482794
20.716148
20.060218
19.507177
19.045482
18.662088
18.343788
18.078854
17.856937
18.640088
19.985396
21.712631
23.336815
25.281180
28.036912
32.092326
36.875830
40.960699
43.911435
45.885778
47.198202
48.494705
50.094441
51.727490
52.906115
53.423379
53.242565
52.426356
51.099774
49.399239
47.442682
45.323455
43.115406
40.880874
38.674915
36.548550
34.551563
32.724504
31.089320
29.646100
28.376480
27.254270
26.254164
25.359921
24.561885
23.854592
23.234050
22.696564
22.237596
21.851969
21.533552
21.275121
21.069397
20.909024
20.787075
20.697262
20.633930
20.592158
20.567659
21.430163
22.919672
25.049206
27.738209
31.483999
35.901226
39.818445
42.761636
44.842814
46.371245
47.963203
49.783638
51.444872
52.520243
52.862976
52.490602
51.518658
50.096040
48.359493
46.417666
44.352700
42.227804
40.095505
38.003546
35.999205
34.129385
32.430156
30.918475
29.590162
28.426593
27.404065
26.501940
25.705710
25.007093
24.400935
23.882804
23.448453
23.092753
22.809965
22.593762
22.437552
22.334752
22.279079
22.264770
22.286749
22.340661
22.422869
22.530440
22.661098
22.813083
23.438337
24.481681
25.989984
27.854386
30.160439
32.718029
35.131769
37.135921
38.699101
39.917914
41.018215
42.461538
44.311049
46.195769
47.601322
48.296452
48.268881
47.609839
46.451745
44.926767
43.147449
41.204520
39.172813
37.118116
35.103502
33.191535
31.434123
29.858360
28.461077
27.218523
26.105020
25.105035
24.213941
23.432608
22.762924
22.204624
21.754473
21.405462
21.147858
20.970396
20.861725
20.811128
20.809155
20.847780
20.920440
21.021886
21.148127
21.296251
21.464265
21.651117
22.274215
23.279679
24.721602
26.573306
29.110607
32.375540
35.818153
38.775612
41.059411
42.783396
44.309733
46.139848
48.130430
49.741507
50.633414
50.737516
50.135949
48.975906
47.408577
45.561160
43.532100
41.396771
39.216176
37.045259
34.940062
32.958360
31.149423
29.537382
28.114784
26.855751
25.733466
24.732626
23.848811
23.082145
22.433633
21.901867
21.481696
21.164305
20.938456
20.791905
20.712565
20.689555
20.713466
20.776514
20.872514
20.996668
21.145481
21.316613
21.508720
21.721505
21.955610
22.212797
22.495822
22.808865
23.157823
23.550621
23.997722
24.512427
25.110781
25.810006
26.622946
27.549309
28.560056
29.589437
30.546407
31.346562
31.940596
32.321282
32.515895
32.581994
32.614279
32.769271
33.292939
34.396843
35.958106
37.655432
39.171937
40.180759
40.537333
40.261394
39.444141
38.196886
36.632327
34.858839
32.981061
31.099948
29.296664
27.610799
26.035349
24.548357
23.144867
21.844872
20.683872
19.693170
18.884338
18.249006
17.765764
17.408624
17.152605
16.975703
16.859977
16.791069
16.757726
16.751094
16.764282
16.791887
16.829664
16.874258
16.923040
16.973872
17.025066
17.075293
17.123501
17.168846
17.210665
17.248455
17.281846
17.310555
17.334399
17.353257
17.367080
17.375868
17.379667
17.378562
17.372668
17.362128
17.347105
17.327778
17.304344
17.277002
17.245971
17.211465
17.173708
17.132917
17.089290
17.043041
16.994386
16.943521
16.890637
16.835899
16.779495
16.721588
16.662332
16.601854
16.540307
16.477832
16.414521
16.350487
16.285837
16.220657
16.155017
16.089027
16.022753
15.956231
15.889549
15.822752
15.755878
15.688974
15.622101
15.555270
15.488512
15.421879
15.355377
15.289029
15.222882
15.156924
15.091176
15.025673
14.960422
14.895422
14.830682
14.766248
14.702093
14.638220
14.574671
14.511422
14.448481
14.385880
14.323603
14.261647
14.200013
14.138739
14.077794
14.017185
13.956940
13.897038
13.837477
13.778254
13.719403
13.660892
13.602726
13.544917
13.487461
13.430346
13.373582
13.317174
13.261108
13.205375
13.149981
13.094938
13.040227
12.985839
12.931779
12.878059
12.824658
12.771567
12.718789
12.666336
12.614188
12.562334
12.510778
12.459530
12.408568
12.357882
12.307486
12.257375
12.207533
12.157960
12.108651
12.059608
12.010832
11.962308
11.914029
11.865997
11.818224
11.770682
11.723377
11.676304
11.629474
11.582872
11.536489
11.490328
11.444385
11.398668
11.353164
11.307869
11.262779
11.217903
11.173238
11.128767
11.084497
11.040419
10.996548
10.952877
10.909390
10.866093
10.822980
10.780070
10.737345
10.694795
10.652427
10.610237
10.568241
10.526421
10.484772
10.443295
10.401992
10.360869
10.319921
10.279141
10.238527
10.198080
10.157798
10.117696
10.077756
10.037976
9.998358
9.958900
9.919613
9.880483
9.841511
9.802695
9.764036
9.725537
9.687202
9.649020
9.610989
9.573109
9.535382
9.497817
9.460401
9.423135
9.386015
9.349043
9.312221
9.275557
9.239037
9.202663
9.166432
9.130344
9.094402
9.058616
9.022969
8.987464
8.952099
8.916873
8.881790
8.846857
8.812062
8.777404
8.742883
8.708498
8.674252
8.640150
8.606185
8.572354
8.538655
8.505089
8.471659
8.438370
8.405215
8.372189
8.339295
8.306531
8.273896
8.241393
8.209028
8.176792
8.144683
8.112699
8.080842
8.049111
8.017513
7.986044
7.954701
7.923482
7.892385
7.861410
7.830560
7.799840
7.769242
7.738766
7.708411
7.678174
7.648056
7.618061
7.588190
7.558439
7.528807
7.499291
7.469890
7.440607
7.411439
7.382390
7.353463
7.324649
7.295949
7.267362
7.238888
7.210527
7.182278
7.154146
7.126128
7.098221
7.070422
7.042733
7.015153
6.987682
6.960322
6.933075
6.905936
6.878904
6.851977
6.825157
6.798441
6.771832
6.745330
6.718936
6.692647
6.666461
6.640377
6.614395
6.588516
6.562738
6.537062
6.511493
6.486025
6.460655
6.435386
6.410215
6.385141
6.360166
6.335291
6.310517
6.285841
6.261262
6.236777
6.212389
6.188096
6.163898
6.139794
6.115784
6.091874
6.068056
6.044332
6.020699
5.997159
5.973710
5.950352
5.927084
5.903908
5.880827
5.857835
5.834933
5.812119
5.789394
5.766756
5.744205
5.721742
5.699366
5.677080
5.654882
5.632771
5.610745
5.588803
5.566945
5.545172
5.523482
5.501876
5.480353
5.458919
5.437567
5.416297
5.395110
5.374002
5.352976
5.332031
5.311165
5.290379
5.269673
5.249050
5.228508
5.208045
5.187660
5.167353
5.147122
5.126969
5.106892
5.086893
5.066969
5.047123
5.027356
5.007665
4.988048
4.968506
4.949038
4.929644
4.910323
4.891075
4.871901
4.852800
4.833772
4.814819
4.795939
4.777131
4.758393
4.739727
4.721130
4.702603
4.684146
4.665759
4.647441
4.629193
4.611016
4.592910
4.574873
4.556903
4.539001
4.521165
4.503396
4.485694
4.468058
4.450489
4.432985
4.415548
4.398179
4.380876
4.363639
4.346467
4.329358
4.312313
4.295332
4.278413
4.261558
4.244766
4.228037
4.211370
4.194767
4.178228
4.161751
4.145337
4.128983
4.112690
4.096458
4.080285
4.064172
4.048120
4.032127
4.016193
4.000318
3.984503
3.968749
3.953055
3.937420
3.921843
3.906323
3.890861
3.875455
3.860106
3.844813
3.829577
3.814398
3.799274
3.784207
3.769196
3.754242
3.739345
3.724504
3.709717
3.694985
3.680306
3.665682
3.651110
3.636593
3.622128
3.607717
3.593359
3.579054
3.564802
3.550603
3.536458
3.522366
3.508326
3.494338
3.480400
3.466514
3.452679
3.438893
3.425158
3.411473
3.397838
3.384253
3.370718
3.357233
3.343797
3.330412
3.317078
3.303793
3.290556
3.277368
3.264228
3.251136
3.238091
3.225094
3.212143
3.199240
3.186383
3.173574
3.160811
3.148095
3.135426
3.122804
3.110229
3.097700
3.085218
3.072781
3.060389
3.048043
3.035741
3.023483
3.011270
2.999101
2.986976
2.974895
2.962857
2.950864
2.938914
2.927007
2.915144
2.903326
2.891551
2.879820
2.868132
2.856486
2.844882
2.833320
2.821800
2.810321
2.798884
2.787488
2.776132
2.764818
2.753545
2.742312
2.731120
2.719969
2.708858
2.697788
2.686759
2.675771
2.664823
2.653915
2.643047
2.632217
2.621427
2.610676
2.599963
2.589288
2.578652
2.568054
2.557495
2.546973
2.536489
2.526042
2.515634
2.505263
2.494930
2.484635
2.474377
2.464158
2.453976
2.443831
2.433722
2.423650
2.413614
2.403614
2.393650
2.383722
2.373830
2.363973
2.354151
2.344364
2.334613
2.324896
2.315214
2.305568
2.295956
2.286379
2.276836
2.267329
2.257857
2.248419
2.239016
2.229646
2.220311
2.211009
2.201740
2.192505
2.183303
2.174134
2.164998
2.155894
2.146823
2.137785
2.128779
2.119805
2.110863
2.101953
2.093076
2.084230
2.075417
2.066635
2.057885
2.049167
2.040482
2.031828
2.023205
2.014614
2.006053
1.997523
1.989024
1.980556
1.972118
1.963710
1.955332
1.946985
1.938667
1.930379
1.922121
1.913892
1.905693
1.897523
1.889382
1.881271
1.873189
1.865136
1.857112
1.849117
1.841151
1.833215
1.825308
1.817430
1.809580
1.801758
1.793965
1.786200
1.778462
1.770753
1.763071
1.755417
1.747791
1.740191
1.732620
1.725075
1.717557
1.710067
1.702603
1.695166
1.687756
1.680372
1.673015
1.665684
1.658380
1.651102
1.643851
1.636626
1.629427
1.622255
1.615109
1.607990
1.600896
1.593828
1.586785
1.579768
1.572777
1.565810
1.558869
1.551953
1.545062
1.538195
1.531354
1.524537
1.517745
1.510977
1.504234
1.497515
1.490820
1.484149
1.477503
1.470880
1.464281
1.457707
1.451156
1.444628
1.438125
1.431645
1.425189
1.418756
1.412347
1.405961
1.399600
1.393261
1.386946
1.380654
1.374384
1.368138
1.361914
1.355713
1.349535
1.343378
1.337245
1.331133
1.325044
1.318977
1.312932
1.306909
1.300908
1.294929
1.288971
1.283036
1.277121
1.271229
1.265358
1.259508
1.253679
1.247872
1.242086
1.236321
1.230577
1.224855
1.219153
1.213472
1.207812
1.202173
1.196555
1.190958
1.185382
1.179826
1.174291
1.168776
1.163282
1.157808
1.152354
1.146920
1.141506
1.136112
1.130738
1.125384
1.120049
1.114734
1.109439
1.104163
1.098907
1.093670
1.088452
1.083254
1.078075
1.072914
1.067773
1.062651
1.057548
1.052464
1.047399
1.042352
1.037324
1.032315
1.027324
1.022352
1.017398
1.012463
1.007546
1.002648
0.997767
0.992905
0.988062
0.983236
0.978429
0.973640
0.968870
0.964117
0.959382
0.954665
0.949965
0.945283
0.940619
0.935972
0.931343
0.926731
0.922136
0.917559
0.912999
0.908456
0.903930
0.899422
0.894930
0.890455
0.885997
0.881556
0.877132
0.872724
0.868333
0.863959
0.859601
0.855260
0.850936
0.846627
0.842335
0.838060
0.833800
0.829557
0.825330
0.821119
0.816924
0.812746
0.808583
0.804436
0.800305
0.796190
0.792090
0.788007
0.783939
0.779886
0.775850
0.771829
0.767824
0.763834
0.759860
0.755901
0.751958
0.748030
0.744118
0.740220
0.736338
0.732470
0.728618
0.724781
0.720959
0.717151
0.713359
0.709581
0.705818
0.702070
0.698336
0.694617
0.690913
0.687223
0.683547
0.679886
0.676239
0.672607
0.668989
0.665385
0.661796
0.658220
0.654659
0.651112
0.647579
0.644060
0.640555
0.637064
0.633586
0.630123
0.626673
0.623237
0.619815
0.616406
0.613012
0.609630
0.606263
0.602908
0.599568
0.596240
0.592926
0.589626
0.586338
0.583065
0.579804
0.576556
0.573322
0.570101
0.566893
0.563698
0.560516
0.557347
0.554191
0.551049
0.547919
0.544802
0.541698
0.538607
0.535528
0.532463
0.529409
0.526369
0.523341
0.520326
0.517323
0.514332
0.511354
0.508389
0.505435
0.502494
0.499566
0.496649
0.493745
0.490853
0.487973
0.485105
0.482250
0.479406
0.476574
0.473754
0.470946
0.468150
0.465366
0.462594
0.459833
0.457085
0.454348
0.451622
0.448909
0.446206
0.443516
0.440837
0.438170
0.435514
0.432869
0.430236
0.427614
0.425004
0.422405
0.419817
0.417241
0.414676
0.412122
0.409579
0.407047
0.404526
0.402017
0.399518
0.397031
0.394554
0.392088
0.389634
0.387190
0.384757
0.382335
0.379923
0.377522
0.375133
0.372753
0.370385
0.368027
0.365679
0.363343
0.361016
0.358701
0.356396
0.354101
0.351816
0.349543
0.347279
0.345026
0.342783
0.340551
0.338329
0.336117
0.333915
0.331724
0.329542
0.327371
0.325210
0.323059
0.320918
0.318787
0.316666
0.314555
0.312453
0.310362
0.308280
0.306209
0.304147
0.302094
0.300052
0.298019
0.295996
0.293982
0.291978
0.289984
0.287999
0.286024
0.284058
0.282102
0.280155
0.278217
0.276289
0.274371
0.272461
0.270561
0.268670
0.266789
0.264916
0.263053
0.261199
0.259354
0.257518
0.255691
0.253874
0.252065
0.250265
0.248475
0.246693
0.244920
0.243156
0.241401
0.239655
0.237917
0.236189
0.234469
0.232758
0.231055
0.229361
0.227676
0.225999
0.224331
0.222672
0.221021
0.219379
0.217745
0.216120
0.214503
0.212894
0.211294
0.209702
0.208118
0.206543
0.204976
0.203417
0.201867
0.200325
0.198791
0.197265
0.195747
0.194237
0.192735
0.191242
0.189756
0.188278
0.186809
0.185347
0.183893
0.182447
0.181009
0.179578
0.178156
0.176741
0.175334
0.173935
0.172543
0.171160
0.169783
0.168415
0.167054
0.165700
0.164354
0.163016
0.161685
0.160362
0.159046
0.157737
0.156436
0.155142
0.153856
0.152577
0.151305
0.150040
0.148783
0.147533
0.146290
0.145054
0.143825
0.142604
0.141389
0.140182
0.138982
0.137788
0.136602
0.135423
0.134250
0.133085
0.131926
0.130774
0.129629
0.128491
0.127360
0.126235
0.125118
0.124007
0.122902
0.121805
0.120714
0.119629
0.118551
0.117480
0.116415
0.115357
0.114305
0.113260
0.112221
0.111188
0.110162
0.109142
0.108129
0.107122
0.106121
0.105126
0.104138
0.103156
0.102180
0.101210
0.100246
0.099288
0.098337
0.097391
0.096452
0.095518
0.094591
0.093669
0.092754
0.091844
0.090940
0.090042
0.089150
0.088264
0.087383
0.086508
0.085639
0.084776
0.083918
0.083066
0.082220
0.081379
0.080544
0.079714
0.078890
0.078071
0.077258
0.076450
0.075648
0.074851
0.074060
0.073274
0.072493
0.071718
0.070948
0.070183
0.069423
0.068669
0.067920
0.067176
0.066437
0.065703
0.064974
0.064251
0.063532
0.062819
0.062110
0.061406
0.060708
0.060014
0.059325
0.058642
0.057963
0.057288
0.056619
0.055954
0.055295
0.054640
0.053989
0.053343
0.052702
0.052066
0.051434
0.050807
0.050185
0.049567
0.048953
0.048344
0.047740
0.047139
0.046544
0.045953
0.045366
0.044783
0.044205
0.043631
0.043062
0.042497
0.041936
0.041379
0.040826
0.040278
0.039734
0.039194
0.038658
0.038126
0.037598
0.037074
0.036554
0.036038
0.035527
0.035019
0.034515
0.034015
0.033519
0.033026
0.032538
0.032053
0.031572
0.031095
0.030622
0.030152
0.029687
0.029224
0.028766
0.028311
0.027860
0.027412
0.026968
0.026527
0.026090
0.025657
0.025227
0.024800
0.024377
0.023957
0.023541
0.023128
0.022719
0.022312
0.021909
0.021510
0.021114
0.020720
0.020331
0.019944
0.019561
0.019180
0.018803
0.018429
0.018058
0.017691
0.017326
0.016964
0.016605
0.016250
0.015897
0.015547
0.015201
0.014857
0.014516
0.014178
0.013843
0.013510
0.013181
0.012854
0.012530
0.012209
0.011890
0.011575
0.011262
0.010951
0.010644
0.010339
0.010036
0.009737
0.009440
0.009145
0.008853
0.008563
0.008276
0.007992
0.007710
0.007430
0.007153
0.006879
0.006606
0.006336
0.006069
0.005804
0.005541
0.005280
0.005022
0.004766
0.004512
0.004261
0.004012
0.003765
0.003520
0.003277
0.003037
0.002798
0.002562
0.002328
0.002096
0.001866
0.001638
0.001412
0.001188
0.000966
0.000746
0.000528
0.000312
0.000098
-0.000114
-0.000324
-0.000533
-0.000739
-0.000944
-0.001147
-0.001348
-0.001547
-0.001744
-0.001940
-0.002134
-0.002326
-0.002516
-0.002705
-0.002892
-0.003077
-0.003260
-0.003442
-0.003623
-0.003801
-0.003979
-0.004154
-0.004328
-0.004500
-0.004671
-0.004840
-0.005008
-0.005174
-0.005339
-0.005502
-0.005664
-0.005824
-0.005983
-0.006141
-0.006297
-0.006451
-0.006605
-0.006756
-0.006907
-0.007056
-0.007204
-0.007351
-0.007496
-0.007640
-0.007782
-0.007924
-0.008064
-0.008203
-0.008341
-0.008477
-0.008612
-0.008746
-0.008879
-0.009011
-0.009141
-0.009271
-0.009399
-0.009526
-0.009652
-0.009777
-0.009901
-0.010024
-0.010145
-0.010266
-0.010385
-0.010504
-0.010622
-0.010738
-0.010854
-0.010968
-0.011082
-0.011194
-0.011306
-0.011417
-0.011526
-0.011635
-0.011743
-0.011850
-0.011956
-0.012061
-0.012166
-0.012269
-0.012372
-0.012473
-0.012574
-0.012674
-0.012774
-0.012872
-0.012970
-0.013067
-0.013163
-0.013258
-0.013353
-0.013446
-0.013539
-0.013632
-0.013723
-0.013814
-0.013904
-0.013994
-0.014082
-0.014170
-0.014258
-0.014344
-0.014430
-0.014516
-0.014600
-0.014684
-0.014768
-0.014851
-0.014933
-0.015014
-0.015095
-0.015176
-0.015255
-0.015334
-0.015413
-0.015491
-0.015569
-0.015646
-0.015722
-0.015798
-0.015873
-0.015948
-0.016022
-0.016096
-0.016169
-0.016242
-0.016314
-0.016386
-0.016457
-0.016528
-0.016598
-0.016668
-0.016737
-0.016806
-0.016874
-0.016943
-0.017010
-0.017077
-0.017144
-0.017210
-0.017276
-0.017342
-0.017407
-0.017471
-0.017536
-0.017600
-0.017663
-0.017726
-0.017789
-0.017852
-0.017914
-0.017975
-0.018037
-0.018098
-0.018158
-0.018218
-0.018278
-0.018338
-0.018397
-0.018456
-0.018515
-0.018573
-0.018631
-0.018689
-0.018747
-0.018804
-0.018860
-0.018917
-0.018973
-0.019029
-0.019085
-0.019140
-0.019196
-0.019250
-0.019305
-0.019359
-0.019414
-0.019467
-0.019521
-0.019574
-0.019628
-0.019680
-0.019733
-0.019786
-0.019838
-0.019890
-0.019941
-0.019993
-0.020044
-0.020095
-0.020146
-0.020197
-0.020247
-0.020298
-0.020348
-0.020398
-0.020447
-0.020497
-0.020546
-0.020595
-0.020644
-0.020693
-0.020741
-0.020790
-0.020838
-0.020886
-0.020934
-0.020982
-0.021029
-0.021077
-0.021124
-0.021171
-0.021218
-0.021264
-0.021311
-0.021358
-0.021404
-0.021450
-0.021496
-0.021542
-0.021588
-0.021633
-0.021679
-0.021724
-0.021769
-0.021814
-0.021859
-0.021904
-0.021949
-0.021993
-0.022038
-0.022082
-0.022126
-0.022170
-0.022214
-0.022258
-0.022302
-0.022346
-0.022389
-0.022433
-0.022476
-0.022519
-0.022562
-0.022605
-0.022648
-0.022691
-0.022734
-0.022776
-0.022819
-0.022861
-0.022903
-0.022946
-0.022988
-0.023030
-0.023072
-0.023114
-0.023155
-0.023197
-0.023239
-0.023280
-0.023322
-0.023363
-0.023404
-0.023445
-0.023487
-0.023528
-0.023569
-0.023609
-0.023650
-0.023691
-0.023732
-0.023772
-0.023813
-0.023853
-0.023893
-0.023934
-0.023974
-0.024014
-0.024054
-0.024094
-0.024134
-0.024174
-0.024214
-0.024254
-0.024293
-0.024333
-0.024372
-0.024412
-0.024451
-0.024491
-0.024530
-0.024569
-0.024608
-0.024647
-0.024687
-0.024726
-0.024765
-0.024803
-0.024842
-0.024881
-0.024920
-0.024958
-0.024997
-0.025036
-0.025074
-0.025112
-0.025151
-0.025189
-0.025227
-0.025266
-0.025304
-0.025342
-0.025380
-0.025418
-0.025456
-0.025494
-0.025532
-0.025570
-0.025607
-0.025645
-0.025683
-0.025720
-0.025758
-0.025795
-0.025833
-0.025870
-0.025908
-0.025945
-0.025982
-0.026019
-0.026057
-0.026094
-0.026131
-0.026168
-0.026205
-0.026242
-0.026279
-0.026316
-0.026352
-0.026389
-0.026426
-0.026462
-0.026499
-0.026536
-0.026572
-0.026609
-0.026645
-0.026682
-0.026718
-0.026754
-0.026790
-0.026827
-0.026863
-0.026899
-0.026935
-0.026971
-0.027007
-0.027043
-0.027079
-0.027115
-0.027151
-0.027186
-0.027222
-0.027258
-0.027294
-0.027329
-0.027365
-0.027400
-0.027436
-0.027471
-0.027507
-0.027542
-0.027577
-0.027612
-0.027648
-0.027683
-0.027718
-0.027753
-0.027788
-0.027823
-0.027858
-0.027893
-0.027928
-0.027963
-0.027997
-0.028032
-0.028067
-0.028102
-0.028136
-0.028171
-0.028205
-0.028240
-0.028274
-0.028309
-0.028343
-0.028377
-0.028412
-0.028446
-0.028480
-0.028514
-0.028548
-0.028582
-0.028616
-0.028650
-0.028684
-0.028718
-0.028752
-0.028786
-0.028820
-0.028853
-0.028887
-0.028921
-0.028954
-0.028988
-0.029021
-0.029055
-0.029088
-0.029122
-0.029155
-0.029188
-0.029222
-0.029255
-0.029288
-0.029321
-0.029354
-0.029387
-0.029420
-0.029453
-0.029486
-0.029519
-0.029552
-0.029584
-0.029617
-0.029650
-0.029683
-0.029715
-0.029748
-0.029780
-0.029813
-0.029845
-0.029877
-0.029910
-0.029942
-0.029974
-0.030007
-0.030039
-0.030071
-0.030103
-0.030135
-0.030167
-0.030199
-0.030231
-0.030263
-0.030295
-0.030326
-0.030358
-0.030390
-0.030421
-0.030453
-0.030484
-0.030516
-0.030547
-0.030579
-0.030610
-0.030642
-0.030673
-0.030704
-0.030735
-0.030766
-0.030798
-0.030829
-0.030860
-0.030891
-0.030922
-0.030952
-0.030983
-0.031014
-0.031045
-0.031076
-0.031106
-0.031137
-0.031167
-0.031198
-0.031228
-0.031259
-0.031289
-0.031320
-0.031350
-0.031380
-0.031410
-0.031441
-0.031471
-0.031501
-0.031531
-0.031561
-0.031591
-0.031621
-0.031651
-0.031680
-0.031710
-0.031740
-0.031769
-0.031799
-0.031829
-0.031858
-0.031888
-0.031917
-0.031947
-0.031976
-0.032005
-0.032035
-0.032064
-0.032093
-0.032122
-0.032151
-0.032180
-0.032209
-0.032238
-0.032267
-0.032296
-0.032325
-0.032354
-0.032382
-0.032411
-0.032440
-0.032468
-0.032497
-0.032525
-0.032554
-0.032582
-0.032611
-0.032639
-0.032667
-0.032695
-0.032724
-0.032752
-0.032780
-0.032808
-0.032836
-0.032864
-0.032892
-0.032920
-0.032948
-0.032975
-0.033003
-0.033031
-0.033058
-0.033086
-0.033114
-0.033141
-0.033169
-0.033196
-0.033223
-0.033251
-0.033278
-0.033305
-0.033333
-0.033360
-0.033387
-0.033414
-0.033441
-0.033468
-0.033495
-0.033522
-0.033549
-0.033575
-0.033602
-0.033629
-0.033656
-0.033682
-0.033709
-0.033735
-0.033762
-0.033788
-0.033815
-0.033841
-0.033867
-0.033894
-0.033920
-0.033946
-0.033972
-0.033998
-0.034024
-0.034050
-0.034076
-0.034102
-0.034128
-0.034154
-0.034180
-0.034205
-0.034231
-0.034257
-0.034282
-0.034308
-0.034334
-0.034359
-0.034384
-0.034410
-0.034435
-0.034461
-0.034486
-0.034511
-0.034536
-0.034561
-0.034586
-0.034611
-0.034636
-0.034661
-0.034686
-0.034711
-0.034736
-0.034761
-0.034786
-0.034810
-0.034835
-0.034860
-0.034884
-0.034909
-0.034933
-0.034958
-0.034982
-0.035006
-0.035031
-0.035055
-0.035079
-0.035103
-0.035128
-0.035152
-0.035176
-0.035200
-0.035224
-0.035248
-0.035272
-0.035295
-0.035319
-0.035343
-0.035367
-0.035390
-0.035414
-0.035438
-0.035461
-0.035485
-0.035508
-0.035532
-0.035555
-0.035578
-0.035602
-0.035625
-0.035648
-0.035671
-0.035694
-0.035718
-0.035741
-0.035764
-0.035787
-0.035810
-0.035832
-0.035855
-0.035878
-0.035901
-0.035924
-0.035946
-0.035969
-0.035992
-0.036014
-0.036037
-0.036059
-0.036082
-0.036104
-0.036126
-0.036149
-0.036171
-0.036193
-0.036215
-0.036238
-0.036260
-0.036282
-0.036304
-0.036326
-0.036348
-0.036370
-0.036392
-0.036413

