0.000000
0.000000
-0.000026
-0.000052
-0.000077
-0.000103
-0.000128
-0.000153
-0.000177
-0.000201
-0.000224
-0.000247
-0.000270
-0.000293
-0.000315
-0.000337
-0.000359
-0.000380
-0.000402
-0.000423
-0.000444
-0.000465
-0.000485
-0.000506
-0.000526
-0.000547
-0.000567
-0.000587
-0.000607
-0.000627
-0.000647
-0.000667
-0.000687
-0.000707
-0.000726
-0.000746
-0.000766
-0.000785
-0.000805
-0.000824
-0.000844
-0.000863
-0.000883
-0.000902
-0.000922
-0.000941
-0.000961
-0.000980
-0.001000
-0.001019
-0.001038
-0.001058
-0.001077
-0.001097
-0.001116
-0.001135
-0.001155
-0.001174
-0.001194
-0.001213
-0.001233
-0.001252
-0.001271
-0.001291
-0.001310
-0.001330
-0.001349
-0.001369
-0.001388
-0.001408
-0.001428
-0.001447
-0.001467
-0.001486
-0.001506
-0.001525
-0.001545
-0.001565
-0.001584
-0.001604
-0.001624
-0.001644
-0.001663
-0.001683
-0.001703
-0.001723
-0.001743
-0.001762
-0.001782
-0.001802
-0.001822
-0.001842
-0.001862
-0.001882
-0.001902
-0.001922
-0.001942
-0.001962
-0.001982
-0.002002
-0.002022
-0.002042
-0.002063
-0.002083
-0.002103
-0.002123
-0.002143
-0.002164
-0.002184
-0.002204
-0.002225
-0.002245
-0.002265
-0.002286
-0.002306
-0.002326
-0.002347
-0.002367
-0.002388
-0.002408
-0.002429
-0.002449
-0.002470
-0.002491
-0.002511
-0.002532
-0.002553
-0.002573
-0.002594
-0.002615
-0.002635
-0.002656
-0.002677
-0.002698
-0.002719
-0.002739
-0.002760
-0.002781
-0.002802
-0.002823
-0.002844
-0.002865
-0.002886
-0.002907
-0.002928
-0.002949
-0.002970
-0.002991
-0.003012
-0.003033
-0.003054
-0.003075
-0.003097
-0.003118
-0.003139
-0.003160
-0.003181
-0.003203
-0.003224
-0.003245
-0.003266
-0.003288
-0.003309
-0.003330
-0.003352
-0.003373
-0.003395
-0.003416
-0.003437
-0.003459
-0.003480
-0.003502
-0.003523
-0.003545
-0.003566
-0.003588
-0.003610
-0.003631
-0.003653
-0.003674
-0.003696
-0.003718
-0.003739
-0.003761
-0.003783
-0.003804
-0.003826
-0.003848
-0.003869
-0.003891
-0.003913
-0.003935
-0.003956
-0.003978
-0.004000
-0.004022
-0.004044
-0.004066
-0.004088
-0.004109
-0.004131
-0.004153
-0.004175
-0.004197
-0.004219
-0.004241
-0.004263
-0.004285
-0.004307
-0.004329
-0.004351
-0.004373
-0.004395
-0.004417
-0.004439
-0.004461
-0.004483
-0.004505
-0.004527
-0.004550
-0.004572
-0.004594
-0.004616
-0.004638
-0.004660
-0.004683
-0.004705
-0.004727
-0.004749
-0.004771
-0.004794
-0.004816
-0.004838
-0.004860
-0.004883
-0.004905
-0.004927
-0.004949
-0.004972
-0.004994
-0.005016
-0.005039
-0.005061
-0.005083
-0.005106
-0.005128
-0.005150
-0.005173
-0.005195
-0.005218
-0.005240
-0.005262
-0.005285
-0.005307
-0.005330
-0.005352
-0.005375
-0.005397
-0.005419
-0.005442
-0.005464
-0.005487
-0.005509
-0.005532
-0.005554
-0.005577
-0.005599
-0.005622
-0.005644
-0.005667
-0.005690
-0.005712
-0.005735
-0.005757
-0.005780
-0.005802
-0.005825
-0.005847
-0.005870
-0.005893
-0.005915
-0.005938
-0.005960
-0.005983
-0.006006
-0.006028
-0.006051
-0.006073
-0.006096
-0.006119
-0.006141
-0.006164
-0.006187
-0.006209
-0.006232
-0.006255
-0.006277
-0.006300
-0.006323
-0.006345
-0.006368
-0.006391
-0.006413
-0.006436
-0.006459
-0.006482
-0.006504
-0.006527
-0.006550
-0.006572
-0.006595
-0.006618
-0.006641
-0.006663
-0.006686
-0.006709
-0.006731
-0.006754
-0.006777
-0.006800
-0.006822
-0.006845
-0.006868
-0.006891
-0.006913
-0.006936
-0.006959
-0.006982
-0.007004
-0.007027
-0.007050
-0.007073
-0.007095
-0.007118
-0.007141
-0.007164
-0.007187
-0.007209
-0.007232
-0.007255
-0.007278
-0.007300
-0.007323
-0.007346
-0.007369
-0.007392
-0.007414
-0.007437
-0.007460
-0.007483
-0.007505
-0.007528
-0.007551
-0.007574
-0.007597
-0.007619
-0.007642
-0.007665
-0.007688
-0.007711
-0.007733
-0.007756
-0.007779
-0.007802
-0.007825
-0.007847
-0.007870
-0.007893
-0.007916
-0.007939
-0.007961
-0.007984
-0.008007
-0.008030
-0.008052
-0.008075
-0.008098
-0.008121
-0.008144
-0.008166
-0.008189
-0.008212
-0.008235
-0.008258
-0.008280
-0.008303
-0.008326
-0.008349
-0.008371
-0.008394
-0.008417
-0.008440
-0.008462
-0.008485
-0.008508
-0.008531
-0.008554
-0.008576
-0.008599
-0.008622
-0.008645
-0.008667
-0.008690
-0.008713
-0.008736
-0.008758
-0.008781
-0.008804
-0.008827
-0.008849
-0.008872
-0.008895
-0.008917
-0.008940
-0.008963
-0.008986
-0.009008
-0.009031
-0.009054
-0.009077
-0.009099
-0.009122
-0.009145
-0.009167
-0.009190
-0.009213
-0.009235
-0.009258
-0.009281
-0.009304
-0.009326
-0.009349
-0.009372
-0.009394
-0.009417
-0.009440
-0.009462
-0.009485
-0.009508
-0.009530
-0.009553
-0.009576
-0.009598
-0.009621
-0.009643
-0.009666
-0.009689
-0.009711
-0.009734
-0.009757
-0.009779
-0.009802
-0.009824
-0.009847
-0.009870
-0.009892
-0.009915
-0.009937
-0.009960
-0.009983
-0.010005
-0.010028
-0.010050
-0.010073
-0.010095
-0.010118
-0.010141
-0.010163
-0.010186
-0.010208
-0.010231
-0.010253
-0.010276
-0.010298
-0.010321
-0.010343
-0.010366
-0.010388
-0.010411
-0.010433
-0.010456
-0.010478
-0.010501
-0.010523
-0.010546
-0.010568
-0.010591
-0.010613
-0.010636
-0.010658
-0.010680
-0.010703
-0.010725
-0.010748
-0.010770
-0.010793
-0.010815
-0.010837
-0.010860
-0.010882
-0.010905
-0.010927
-0.010949
-0.010972
-0.010994
-0.011017
-0.011039
-0.011061
-0.011084
-0.011106
-0.011128
-0.011151
-0.011173
-0.011195
-0.011218
-0.011240
-0.011262
-0.011285
-0.011307
-0.011329
-0.011351
-0.011374
-0.011396
-0.011418
-0.011440
-0.011463
-0.011485
-0.011507
-0.011529
-0.011552
-0.011574
-0.011596
-0.011618
-0.011641
-0.011663
-0.011685
-0.011707
-0.011729
-0.011752
-0.011774
-0.011796
-0.011818
-0.011840
-0.011862
-0.011884
-0.011907
-0.011929
-0.011951
-0.011973
-0.011995
-0.012017
-0.012039
-0.012061
-0.012083
-0.012106
-0.012128
-0.012150
-0.012172
-0.012194
-0.012216
-0.012238
-0.012260
-0.012282
-0.012304
-0.012326
-0.012348
-0.012370
-0.012392
-0.012414
-0.012436
-0.012458
-0.012480
-0.012502
-0.012524
-0.012546
-0.012568
-0.012590
-0.012612
-0.012634
-0.012655
-0.012677
-0.012699
-0.012721
-0.012743
-0.012765
-0.012787
-0.012809
-0.012831
-0.012852
-0.012874
-0.012896
-0.012918
-0.012940
-0.012962
-0.012983
-0.013005
-0.013027
-0.013049
-0.013070
-0.013092
-0.013114
-0.013136
-0.013158
-0.013179
-0.013201
-0.013223
-0.013244
-0.013266
-0.013288
-0.013310
-0.013331
-0.013353
-0.013375
-0.013396
-0.013418
-0.013440
-0.013461
-0.013483
-0.013505
-0.013526
-0.013548
-0.013569
-0.013591
-0.013613
-0.013634
-0.013656
-0.013677
-0.013699
-0.013721
-0.013742
-0.013764
-0.013785
-0.013807
-0.013828
-0.013850
-0.013871
-0.013893
-0.013914
-0.013936
-0.013957
-0.013979
-0.014000
-0.014022
-0.014043
-0.014065
-0.014086
-0.014107
-0.014129
-0.014150
-0.014172
-0.014193
-0.014214
-0.014236
-0.014257
-0.014278
-0.014300
-0.014321
-0.014343
-0.014364
-0.014385
-0.014406
-0.014428
-0.014449
-0.014470
-0.014492
-0.014513
-0.014534
-0.014555
-0.014577
-0.014598
-0.014619
-0.014640
-0.014662
-0.014683
-0.014704
-0.014725
-0.014746
-0.014768
-0.014789
-0.014810
-0.014831
-0.014852
-0.014873
-0.014894
-0.014916
-0.014937
-0.014958
-0.014979
-0.015000
-0.015021
-0.015042
-0.015063
-0.015084
-0.015105
-0.015126
-0.015147
-0.015168
-0.015189
-0.015210
-0.015231
-0.015252
-0.015273
-0.015294
-0.015315
-0.015336
-0.015357
-0.015378
-0.015399
-0.015420
-0.015441
-0.015462
-0.015483
-0.015504
-0.015524
-0.015545
-0.015566
-0.015587
-0.015608
-0.015629
-0.015650
-0.015670
-0.015691
-0.015712
-0.015733
-0.015754
-0.015774
-0.015795
-0.015816
-0.015837
-0.015857
-0.015878
-0.015899
-0.015920
-0.015940
-0.015961
-0.015982
-0.016002
-0.016023
-0.016044
-0.016064
-0.016085
-0.016106
-0.016126
-0.016147
-0.016168
-0.016188
-0.016209
-0.016229
-0.016250
-0.016271
-0.016291
-0.016312
-0.016332
-0.016353
-0.016373
-0.016394
-0.016414
-0.016435
-0.016455
-0.016476
-0.016496
-0.016517
-0.016537
-0.016558
-0.016578
-0.016599
-0.016619
-0.016639
-0.016660
-0.016680
-0.016701
-0.016721
-0.016741
-0.016762
-0.016782
-0.016802
-0.016823
-0.016843
-0.016863
-0.016884
-0.016904
-0.016924
-0.016945
-0.016965
-0.016985
-0.017005
-0.017026
-0.017046
-0.017066
-0.017086
-0.017107
-0.017127
-0.017147
-0.017167
-0.017187
-0.017207
-0.017228
-0.017248
-0.017268
-0.017288
-0.017308
-0.017328
-0.017348
-0.017369
-0.017389
-0.017409
-0.017429
-0.017449
-0.017469
-0.017489
-0.017509
-0.017529
-0.017549
-0.017569
-0.017589
-0.017609
-0.017629
-0.017649
-0.017669
-0.017689
-0.017709
-0.017729
-0.017749
-0.017769
-0.017789
-0.017808
-0.017828
-0.017848
-0.017868
-0.017888
-0.017908
-0.017928
-0.017948
-0.017967
-0.017987
-0.018007
-0.018027
-0.018047
-0.018066
-0.018086
-0.018106
-0.018126
-0.018145
-0.018165
-0.018185
-0.018205
-0.018224
-0.018244
-0.018264
-0.018284
-0.018303
-0.018323
-0.018343
-0.018362
-0.018382
-0.018401
-0.018421
-0.018441
-0.018460
-0.018480
-0.018500
-0.018519
-0.018539
-0.018558
-0.018578
-0.018597
-0.018617
-0.018636
-0.018656
-0.018675
-0.018695
-0.018714
-0.018734
-0.018753
-0.018773
-0.018792
-0.018812
-0.018831
-0.018851
-0.018870
-0.018889
-0.018909
-0.018928
-0.018948
-0.018967
-0.018986
-0.019006
-0.019025
-0.019044
-0.019064
-0.019083
-0.019102
-0.019122
-0.019141
-0.019160
-0.019179
-0.019199
-0.019218
-0.019237
-0.019256
-0.019276
-0.019295
-0.019314
-0.019333
-0.019353
-0.019372
-0.019391
-0.019410
-0.019429
-0.019448
-0.019468
-0.019487
-0.019506
-0.019525
-0.019544
-0.019563
-0.019582
-0.019601
-0.019620
-0.019639
-0.019658
-0.019677
-0.019696
-0.019715
-0.019734
-0.019753
-0.019772
-0.019791
-0.019810
-0.019829
-0.019848
-0.019867
-0.019886
-0.019905
-0.019924
-0.019943
-0.019962
-0.019981
-0.020000
-0.020019
-0.020037
-0.020056
-0.020075
-0.020094
-0.020113
-0.020132
-0.020150
-0.020169
-0.020188
-0.020207
-0.020226
-0.020244
-0.020263
-0.020282
-0.020301
-0.020319
-0.020338
-0.020357
-0.020375
-0.020394
-0.020413
-0.020432
-0.020450
-0.020469
-0.020488
-0.020506
-0.020525
-0.020543
-0.020562
-0.020581
-0.020599
-0.020618
-0.020636
-0.020655
-0.020674
-0.020692
-0.020711
-0.020729
-0.020748
-0.020766
-0.020785
-0.020803
-0.020822
-0.020840
-0.020859
-0.020877
-0.020895
-0.020914
-0.020932
-0.020951
-0.020969
-0.020988
-0.021006
-0.021024
-0.021043
-0.021061
-0.021079
-0.021098
-0.021116
-0.021135
-0.021153
-0.021171
-0.021189
-0.021208
-0.021226
-0.021244
-0.021263
-0.021281
-0.021299
-0.021317
-0.021336
-0.021354
-0.021372
-0.021390
-0.021408
-0.021427
-0.021445
-0.021463
-0.021481
-0.021499
-0.021517
-0.021536
-0.021554
-0.021572
-0.021590
-0.021608
-0.021626
-0.021644
-0.021662
-0.021680
-0.021698
-0.021716
-0.021734
-0.021752
-0.021770
-0.021788
-0.021806
-0.021824
-0.021842
-0.021860
-0.021878
-0.021896
-0.021914
-0.021932
-0.021950
-0.021968
-0.021986
-0.022004
-0.022022
-0.022040
-0.022058
-0.022075
-0.022093
-0.022111
-0.022129
-0.022147
-0.022165
-0.022182
-0.022200
-0.022218
-0.022236
-0.022254
-0.022271
-0.022289
-0.022307
-0.022325
-0.022342
-0.022360
-0.022378
-0.022395
-0.022413
-0.022431
-0.022448
-0.022466
-0.022484
-0.022501
-0.022519
-0.022537
-0.022554
-0.022572
-0.022590
-0.022607
-0.022625
-0.022642
-0.022660
-0.022677
-0.022695
-0.022713
-0.022730
-0.022748
-0.022765
-0.022783
-0.022800
-0.022818
-0.022835
-0.022853
-0.022870
-0.022887
-0.022905
-0.022922
-0.022940
-0.022957
-0.022975
-0.022992
-0.023009
-0.023027
-0.023044
-0.023062
-0.023079
-0.023096
-0.023114
-0.023131
-0.023148
-0.023166
-0.023183
-0.023200
-0.023217
-0.023235
-0.023252
-0.023269
-0.023286
-0.023304
-0.023321
-0.023338
-0.023355
-0.023373
-0.023390
-0.023407
-0.023424
-0.023441
-0.023458
-0.023476
-0.023493
-0.023510
-0.023527
-0.023544
-0.023561
-0.023578
-0.023595
-0.023613
-0.023630
-0.023647
-0.023664
-0.023681
-0.023698
-0.023715
-0.023732
-0.023749
-0.023766
-0.023783
-0.023800
-0.023817
-0.023834
-0.023851
-0.023868
-0.023885
-0.023902
-0.023919
-0.023935
-0.023952
-0.023969
-0.023986
-0.024003
-0.024020
-0.024037
-0.024054
-0.024070
-0.024087
-0.024104
-0.024121
-0.024138
-0.024155
-0.024171
-0.024188
-0.024205
-0.024222
-0.024238
-0.024255
-0.024272
-0.024289
-0.024305
-0.024322
-0.024339
-0.024356
-0.024372
-0.024389
-0.024406
-0.024422
-0.024439
-0.024456
-0.024472
-0.024489
-0.024505
-0.024522
-0.024539
-0.024555
-0.024572
-0.024588
-0.024605
-0.024622
-0.024638
-0.024655
-0.024671
-0.024688
-0.024704
-0.024721
-0.024737
-0.024754
-0.024770
-0.024787
-0.024803
-0.024820
-0.024836
-0.024852
-0.024869
-0.024885
-0.024902
-0.024918
-0.024935
-0.024951
-0.024967
-0.024984
-0.025000
-0.025016
-0.025033
-0.025049
-0.025065
-0.025082
-0.025098
-0.025114
-0.025131
-0.025147
-0.025163
-0.025179
-0.025196
-0.025212
-0.025228
-0.025244
-0.025261
-0.025277
-0.025293
-0.025309
-0.025326
-0.025342
-0.025358
-0.025374
-0.025390
-0.025406
-0.025423
-0.025439
-0.025455
-0.025471
-0.025487
-0.025503
-0.025519
-0.025535
-0.025551
-0.025567
-0.025583
-0.025600
-0.025616
-0.025632
-0.025648
-0.025664
-0.025680
-0.025696
-0.025712
-0.025728
-0.025744
-0.025760
-0.025775
-0.025791
-0.025807
-0.025823
-0.025839
-0.025855
-0.025871
-0.025887
-0.025903
-0.025919
-0.025935
-0.025950
-0.025966
-0.025982
-0.025998
-0.026014
-0.026030
-0.026045
-0.026061
-0.026077
-0.026093
-0.026109
-0.026124
-0.026140
-0.026156
-0.026172
-0.026187
-0.026203
-0.026219
-0.026235
-0.026250
-0.026266
-0.026282
-0.026297
-0.026313
-0.026329
-0.026344
-0.026360
-0.026376
-0.026391
-0.026407
-0.026422
-0.026438
-0.026454
-0.026469
-0.026485
-0.026500
-0.026516
-0.026532
-0.026547
-0.026563
-0.026578
-0.026594
-0.026609
-0.026625
-0.026640
-0.026656
-0.026671
-0.026687
-0.026702
-0.026718
-0.026733
-0.026748
-0.026764
-0.026779
-0.026795
-0.026810
-0.026825
-0.026841
-0.026856
-0.026872
-0.026887
-0.026902
-0.026918
-0.026933
-0.026948
-0.026964
-0.026979
-0.026994
-0.027010
-0.027025
-0.027040
-0.027055
-0.027071
-0.027086
-0.027101
-0.027116
-0.027132
-0.027147
-0.027162
-0.027177
-0.027193
-0.027208
-0.027223
-0.027238
-0.027253
-0.027268
-0.027284
-0.027299
-0.027314
-0.027329
-0.027344
-0.027359
-0.027374
-0.027389
-0.027405
-0.027420
-0.027435
-0.027450
-0.027465
-0.027480
-0.027495
-0.027510
-0.027525
-0.027540
-0.027555
-0.027570
-0.027585
-0.027600
-0.027615
-0.027630
-0.027645
-0.027660
-0.027675
-0.027690
-0.027705
-0.027720
-0.027734
-0.027749
-0.027764
-0.027779
-0.027794
-0.027809
-0.027824
-0.027839
-0.027853
-0.027868
-0.027883
-0.027898
-0.027913
-0.027928
-0.027942
-0.027957
-0.027972
-0.027987
-0.028001
-0.028016
-0.028031
-0.028046
-0.028060
-0.028075
-0.028090
-0.028105
-0.028119
-0.028134
-0.028149
-0.028163
-0.028178
-0.028193
-0.028207
-0.028222
-0.028237
-0.028251
-0.028266
-0.028281
-0.028295
-0.028310
-0.028324
-0.028339
-0.028353
-0.028368
-0.028383
-0.028397
-0.028412
-0.028426
-0.028441
-0.028455
-0.028470
-0.028484
-0.028499
-0.028513
-0.028528
-0.028542
-0.028557
-0.028571
-0.028586
-0.028600
-0.028614
-0.028629
-0.028643
-0.028658
-0.028672
-0.028687
-0.028701
-0.028715
-0.028730
-0.028744
-0.028758
-0.028773
-0.028787
-0.028801
-0.028816
-0.028830
-0.028844
-0.028859
-0.028873
-0.028887
-0.028902
-0.028916
-0.028930
-0.028944
-0.028959
-0.028973
-0.028987
-0.029001
-0.029015
-0.029030
-0.029044
-0.029058
-0.029072
-0.029086
-0.029101
-0.029115
-0.029129
-0.029143
-0.029157
-0.029171
-0.029185
-0.029200
-0.029214
-0.029228
-0.029242
-0.029256
-0.029270
-0.029284
-0.029298
-0.029312
-0.029326
-0.029340
-0.029354
-0.029368
-0.029382
-0.029396
-0.029410
-0.029424
-0.029438
-0.029452
-0.029466
-0.029480
-0.029494
-0.029508
-0.029522
-0.029536
-0.029550
-0.029564
-0.029578
-0.029592
-0.029606
-0.029620
-0.029633
-0.029647
-0.029661
-0.029675
-0.029689
-0.029703
-0.029717
-0.029730
-0.029744
-0.029758
-0.029772
-0.029786
-0.029799
-0.029813
-0.029827
-0.029841
-0.029854
-0.029868
-0.029882
-0.029896
-0.029909
-0.029923
-0.029937
-0.029951
-0.029964
-0.029978
-0.029992
-0.030005
-0.030019
-0.030033
-0.030046
-0.030060
-0.030074
-0.030087
-0.030101
-0.030114
-0.030128
-0.030142
-0.030155
-0.030169
-0.030182
-0.030196
-0.030209
-0.030223
-0.030237
-0.030250
-0.030264
-0.030277
-0.030291
-0.030304
-0.030318
-0.030331
-0.030345
-0.030358
-0.030372
-0.030385
-0.030399
-0.030412
-0.030425
-0.030439
-0.030452
-0.030466
-0.030479
-0.030493
-0.030506
-0.030519
-0.030533
-0.030546
-0.030559
-0.030573
-0.030586
-0.030600
-0.030613
-0.030626
-0.030640
-0.030653
-0.030666
-0.030679
-0.030693
-0.030706
-0.030719
-0.030733
-0.030746
-0.030759
-0.030772
-0.030786
-0.030799
-0.030812
-0.030825
-0.030839
-0.030852
-0.030865
-0.030878
-0.030891
-0.030905
-0.030918
-0.030931
-0.030944
-0.030957
-0.030970
-0.030983
-0.030997
-0.031010
-0.031023
-0.031036
-0.031049
-0.031062
-0.031075
-0.031088
-0.031101
-0.031114
-0.031127
-0.031140
-0.031154
-0.031167
-0.031180
-0.031193
-0.031206
-0.031219
-0.031232
-0.031245
-0.031258
-0.031271
-0.031284
-0.031296
-0.031309
-0.031322
-0.031335
-0.031348
-0.031361
-0.031374
-0.031387
-0.031400
-0.031413
-0.031426
-0.031439
-0.031451
-0.031464
-0.031477
-0.031490
-0.031503
-0.031516
-0.031529
-0.031541
-0.031554
-0.031567
-0.031580
-0.031593
-0.031605
-0.031618
-0.031631
-0.031644
-0.031656
-0.031669
-0.031682
-0.031695
-0.031707
-0.031720
-0.031733
-0.031746
-0.031758
-0.031771
-0.031784
-0.031796
-0.031809
-0.031822
-0.031834
-0.031847
-0.031860
-0.031872
-0.031885
-0.031898
-0.031910
-0.031923
-0.031935
-0.031948
-0.031961
-0.031973
-0.031986
-0.031998
-0.032011
-0.032023
-0.032036
-0.032049
-0.032061
-0.032074
-0.032086
-0.032099
-0.032111
-0.032124
-0.032136
-0.032149
-0.032161
-0.032174
-0.032186
-0.032199
-0.032211
-0.032223
-0.032236
-0.032248
-0.032261
-0.032273
-0.032286
-0.032298
-0.032310
-0.032323
-0.032335
-0.032347
-0.032360
-0.032372
-0.032385
-0.032397
-0.032409
-0.032422
-0.032434
-0.032446
-0.032459
-0.032471
-0.032483
-0.032495
-0.032508
-0.032520
-0.032532
-0.032545
-0.032557
-0.032569
-0.032581
-0.032594
-0.032606
-0.032618
-0.032630
-0.032642
-0.032655
-0.032667
-0.032679
-0.032691
-0.032703
-0.032716
-0.032728
-0.032740
-0.032752
-0.032764
-0.032776
-0.032788
-0.032800
-0.032813
-0.032825
-0.032837
-0.032849
-0.032861
-0.032873
-0.032885
-0.032897
-0.032909
-0.032921
-0.032933
-0.032945
-0.032957
-0.032969
-0.032981
-0.032993
-0.033005
-0.033017
-0.033029
-0.033041
-0.033053
-0.033065
-0.033077
-0.033089
-0.033101
-0.033113
-0.033125
-0.033137
-0.033149
-0.033161
-0.033173
-0.033185
-0.033197
-0.033209
-0.033220
-0.033232
-0.033244
-0.033256
-0.033268
-0.033280
-0.033292
-0.033303
-0.033315
-0.033327
-0.033339
-0.033351
-0.033362
-0.033374
-0.033386
-0.033398
-0.033410
-0.033421
-0.033433
-0.033445
-0.033457
-0.033468
-0.033480
-0.033492
-0.033504
-0.033515
-0.033527
-0.033539
-0.033550
-0.033562
-0.033574
-0.033585
-0.033597
-0.033609
-0.033620
-0.033632
-0.033644
-0.033655
-0.033667
-0.033679
-0.033690
-0.033702
-0.033713
-0.033725
-0.033737
-0.033748
-0.033760
-0.033771
-0.033783
-0.033795
-0.033806
-0.033818
-0.033829
-0.033841
-0.033852
-0.033864
-0.033875
-0.033887
-0.033898
-0.033910
-0.033921
-0.033933
-0.033944
-0.033956
-0.033967
-0.033979
-0.033990
-0.034001
-0.034013
-0.034024
-0.034036
-0.034047
-0.034059
-0.034070
-0.034081
-0.034093
-0.034104
-0.034116
-0.034127
-0.034138
-0.034150
-0.034161
-0.034172
-0.034184
-0.034195
-0.034206
-0.034218
-0.034229
-0.034240
-0.034252
-0.034263
-0.034274
-0.034285
-0.034297
-0.034308
-0.034319
-0.034330
-0.034342
-0.034353
-0.034364
-0.034375
-0.034387
-0.034398
-0.034409
-0.034420
-0.034431
-0.034443
-0.034454
-0.034465
-0.034476
-0.034487
-0.034498
-0.034510
-0.034521
-0.034532
-0.034543
-0.034554
-0.034565
-0.034576
-0.034588
-0.034599
-0.034610
-0.034621
-0.034632
-0.034643
-0.034654
-0.034665
-0.034676
-0.034687
-0.034698
-0.034709
-0.034720
-0.034731
-0.034742
-0.034753
-0.034764
-0.034775
-0.034786
-0.034797
-0.034808
-0.034819
-0.034830
-0.034841
-0.034852
-0.034863
-0.034874
-0.034885
-0.034896
-0.034907
-0.034918
-0.034929
-0.034940
-0.034950
-0.034961
-0.034972
-0.034983
-0.034994
-0.035005
-0.035016
-0.035027
-0.035037
-0.035048
-0.035059
-0.035070
-0.035081
-0.035092
-0.035102
-0.035113
-0.035124
-0.035135
-0.035146
-0.035156
-0.035167
-0.035178
-0.035189
-0.035199
-0.035210
-0.035221
-0.035232
-0.035242
-0.035253
-0.035264
-0.035275
-0.035285
-0.035296
-0.035307
-0.035317
-0.035328
-0.035339
-0.035349
-0.035360
-0.035371
-0.035381
-0.035392
0.615164
1.535487
2.582001
3.225628
3.680207
4.011506
4.256704
4.438958
4.573423
4.670483
4.732597
4.768401
4.783305
4.781345
4.765656
4.738740
4.702633
4.659000
4.609233
4.554493
4.495758
4.433866
4.369503
4.303264
4.235657
4.167103
4.097961
4.028545
3.959108
3.889868
3.821009
3.752699
3.685053
3.618183
3.552186
3.487128
3.423068
3.360063
3.298143
3.237338
3.177668
3.119159
3.061811
3.005629
2.950613
2.896770
2.844085
2.792551
2.742157
2.692897
3.260089
4.095054
5.057039
5.645322
6.050882
6.337579
6.541584
6.685292
6.783341
6.845760
6.874374
6.877748
6.861259
6.828887
6.783705
6.728149
6.664199
6.593474
6.517312
6.436841
6.353007
6.266595
6.178286
6.088651
5.998157
5.907236
5.816209
5.725376
5.634988
5.545242
5.456320
5.368351
5.281475
5.195773
5.111332
5.028221
4.946480
4.866157
4.787287
4.709877
4.633959
4.559526
4.486578
4.415132
4.345165
4.276666
4.209639
4.144055
4.079897
4.017152
5.172433
6.834734
8.714586
9.884555
10.711271
11.315786
11.765475
12.101836
12.351643
12.533010
12.641691
12.697590
12.712155
12.693617
12.648236
12.580948
12.495693
12.395716
12.283740
12.162007
12.032439
11.896630
11.755980
11.611634
11.464545
11.315580
11.165434
11.014676
10.863849
10.713371
10.563574
10.414819
10.267308
10.121257
9.976899
9.834326
9.693666
9.555067
9.418556
9.284205
9.152086
9.022227
8.894643
8.769351
8.646364
8.525697
8.407315
8.291260
8.177449
8.065940
9.102067
10.643244
12.409572
13.536985
14.341807
14.937457
15.386994
15.728742
15.987119
16.178648
16.295210
16.356089
16.372246
16.351729
16.300803
16.224544
16.127244
16.012531
15.883497
15.742808
15.592765
15.435263
15.271932
15.104162
14.933050
14.759652
14.584709
14.408972
14.232982
14.057194
13.882121
13.708047
13.535347
13.364241
13.194939
13.027673
12.862562
12.699794
12.539399
12.381531
12.226216
12.073546
11.923475
11.776074
11.631388
11.489345
11.349951
11.213247
11.079132
10.947627
11.916382
13.397630
15.117285
16.260627
17.108362
17.770442
18.307381
18.754817
19.134510
19.459875
19.717237
19.920175
20.074114
20.182147
20.246040
20.267127
20.246915
20.187385
20.091196
19.961842
19.803284
19.620033
19.416726
19.197904
18.967768
18.730070
18.487937
18.243953
18.000239
17.758251
17.519249
17.283978
17.053008
16.826660
16.605156
16.388601
16.177016
15.970364
15.768565
15.571471
15.379019
15.191062
15.007394
14.827953
14.652612
14.481187
14.313592
14.149707
13.989457
13.832691
14.731617
16.154376
17.842027
19.058915
20.075956
21.023707
22.002346
23.123779
24.564385
26.642554
29.822406
34.194201
38.612326
42.065715
44.504746
46.123885
47.147530
48.119231
49.504211
51.104052
52.483699
53.289255
53.442052
52.951442
51.874130
50.311454
48.378518
46.181137
43.812684
41.358309
38.894150
36.486837
34.199662
32.089274
30.191603
28.509925
27.016853
25.674676
24.458309
23.355423
22.363073
21.482794
20.716148
20.060218
19.507177
19.045482
18.662088
18.343788
18.078854
17.856937
18.640088
19.985396
21.712631
23.336815
25.281180
28.036912
32.092326
36.875830
40.960699
43.911435
45.885778
47.198202
48.494705
50.094441
51.727490
52.906115
53.423379
53.242565
52.426356
51.099774
49.399239
47.442682
45.323455
43.115406
40.880874
38.674915
36.548550
34.551563
32.724504
31.089320
29.646100
28.376480
27.254270
26.254164
25.359921
24.561885
23.854592
23.234050
22.696564
22.237596
21.851969
21.533552
21.275121
21.069397
20.909024
20.787075
20.697262
20.633930
20.592158
20.567659
21.430163
22.919672
25.049206
27.738209
31.483999
35.901226
39.818445
42.761636
44.842814
46.371245
47.963203
49.783638
51.444872
52.520243
52.862976
52.490602
51.518658
50.096040
48.359493
46.417666
44.352700
42.227804
40.095505
38.003546
35.999205
34.129385
32.430156
30.918475
29.590162
28.426593
27.404065
26.501940
25.705710
25.007093
24.400935
23.882804
23.448453
23.092753
22.809965
22.593762
22.437552
22.334752
22.279079
22.264770
22.286749
22.340661
22.422869
22.530440
22.661098
22.813083
23.804699
25.545899
28.159666
31.403570
34.910775
38.001673
40.421391
42.244787
43.709726
45.324946
47.223128
49.043801
50.309782
50.841653
50.654135
49.860968
48.608492
47.032060
45.240464
43.316588
41.324718
39.318357
37.346653
35.458628
33.701186
32.108022
30.692407
29.449436
28.362832
27.414396
26.587840
25.871748
25.258183
24.740799
24.314180
23.972409
23.709414
23.518949
23.394694
23.330433
23.320445
23.359632
23.443622
23.568864
23.732552
23.932567
24.167261
24.435170
24.734729
25.063663
26.138546
27.914959
30.330232
32.785944
34.996438
36.817484
38.270188
39.467157
40.657861
42.238839
44.153609
46.004953
47.322742
47.927641
47.840614
47.170244
46.051378
44.610132
42.950425
41.154738
39.290231
37.415702
35.586532
33.855940
32.266360
30.839294
29.577143
28.469264
27.501542
26.661339
25.938871
25.326942
24.819624
24.410538
24.093565
23.862087
23.709225
23.628224
23.612771
23.657134
23.756432
23.906727
24.104838
24.348294
24.635133
24.963168
25.329322
25.728833
26.153784
26.592123
27.706681
29.401013
31.489374
33.379911
34.971216
36.264847
37.331421
38.313459
39.498245
41.158294
43.079371
44.832748
46.011909
46.490759
46.316018
45.601861
44.476803
43.057447
41.440256
39.703806
37.914497
36.132287
34.414480
32.810130
31.351298
30.048642
28.898895
27.893103
27.020998
26.274593
25.646781
25.130565
24.719442
24.406220
24.183598
24.044322
23.981359
23.988084
24.058634
24.187873
24.371580
24.605956
24.887472
25.212302
25.575568
25.970176
26.386032
26.809377
27.222734
27.606125
28.591835
30.045030
31.768972
33.248277
34.467155
35.465292
36.322297
37.182996
38.311996
39.916651
41.773144
43.495427
44.687545
45.207354
45.092303
44.449384
43.400425
42.057629
40.515930
38.854439
37.141285
35.438660
33.804688
32.284282
30.904305
29.672046
28.584847
27.636167
26.819722
26.129906
25.560122
25.103815
24.753437
24.501044
24.338867
24.259155
24.254774
24.319123
24.446363
24.631314
24.869149
25.155014
25.483299
25.847233
26.237425
26.641655
27.044778
27.429379
27.777158
28.071035
28.934393
30.222665
31.747076
33.030538
34.083685
34.955718
35.726585
36.533897
37.618357
39.162784
40.959854
42.660811
43.877396
44.445596
44.389430
43.809293
42.822952
41.540495
40.056306
38.450069
36.790720
35.141729
33.559682
32.088126
30.751408
29.556326
28.500869
27.582035
26.795965
26.138143
25.602634
25.182260
24.869104
24.654758
24.530729
24.488942
24.521941
24.622870
24.785452
25.003766
25.271778
25.582855
25.928950
26.300431
26.684948
27.067950
27.433312
27.764986
28.048049
28.271267
29.052650
30.244326
31.662849
32.849957
33.825260
34.641636
35.376794
36.161845
37.219385
38.720346
40.474051
42.156258
43.387710
43.989143
43.973779
43.437214
42.494767
41.255304
39.812955
38.247279
36.627597
35.017034
33.471720
32.033629
30.725790
29.554853
28.520563
27.621146
26.854419
26.217213
25.703967
25.307635
25.019627
24.831033
24.733067
24.717180
24.775449
24.900489
25.085206
25.322728
25.605615
25.925732
26.273084
26.636107
27.001316
27.354384
27.680542
27.966406
28.201160
28.377650
28.819395
29.455516
30.208261
30.845414
31.369607
31.797053
32.152879
32.474591
32.819387
33.279387
33.983399
35.069538
36.484028
38.003695
39.382822
40.344017
40.742618
40.586989
39.959085
38.960227
37.689441
36.237703
34.688206
33.118133
31.593060
30.159075
28.841326
27.648759
26.584243
25.649605
24.846710
24.174712
23.631980
23.214058
22.914520
22.725513
22.638760
22.646068
22.740370
22.916388
23.171051
23.503763
23.916602
24.413644
24.999912
25.678674
26.446299
27.286269
28.163965
29.028067
30.135467
31.382486
32.649033
33.704503
34.569440
35.310948
36.058314
37.060666
38.579956
40.470666
42.326513
43.699749
44.382963
44.386467
43.813600
42.791463
41.439994
39.861435
38.140877
36.351526
34.560747
32.831621
31.215371
29.741785
28.419046
27.243959
26.211468
25.317998
24.560459
23.935587
23.438939
23.064527
22.804576
22.650887
22.594781
22.628374
22.745105
22.940281
23.211542
23.558927
23.984952
24.493911
25.090477
25.776869
26.547324
27.382956
28.246965
29.087986
29.851355
30.492771
30.988046
31.334307
31.547802
31.661973
31.729392
31.830351
32.092195
32.706273
33.835324
35.384153
37.060355
38.554937
39.559064
39.933106
39.699119
38.951035
37.800465
36.356124
34.719016
32.984151
31.239909
29.558912
27.984480
26.529055
25.189065
23.962602
22.857635
21.889157
21.070778
20.408891
19.899930
19.531826
19.287086
19.146882
19.093324
19.110759
19.186274
19.309594
19.473060
19.671076
19.900226
20.158830
20.447077
20.767408
21.124229
21.525567
21.983400
22.516440
23.152777
23.935371
24.927608
26.215244
27.883703
29.938668
32.206805
34.387880
36.261799
37.782017
39.045523
40.358939
42.138436
44.236364
46.109618
47.299425
47.669613
47.276005
46.257552
44.768941
42.946854
40.901087
38.718794
36.473429
34.234285
32.074061
30.061846
28.238631
26.603757
25.127936
23.786013
22.571843
21.497005
20.577426
19.822542
19.229591
18.784521
18.466980
18.255115
18.128509
18.069421
18.063147
18.097864
18.164196
18.254759
18.363869
18.487008
18.620744
18.762404
18.909932
19.061733
19.216680
19.373867
19.532654
19.692618
19.853471
20.015098
20.177470
20.340609
20.504656
20.669799
20.836257
21.004370
21.174461
21.346875
21.521995
21.700212
21.881913
22.067346
22.256825
22.450414
22.648049
22.849330
23.053412
23.258916
23.463678
23.664602
23.857444
24.036699
24.195508
24.325873
24.418855
24.465287
24.456453
24.385026
24.245998
24.037441
23.761147
23.422785
23.031744
22.600463
22.143411
21.675783
21.212048
20.764390
20.342113
19.951300
19.595021
19.273759
18.986269
18.730127
18.502293
18.299613
18.118931
17.957270
17.811940
17.680513
17.560912
17.451326
17.350143
17.256049
17.167859
17.084617
17.005487
16.929755
16.856850
16.786244
16.717512
16.650334
16.584383
16.519423
16.455267
16.391729
16.328681
16.266009
16.203650
16.141512
16.079553
16.017748
15.956044
15.894431
15.832907
15.771457
15.710082
15.648785
15.587593
15.526489
15.465497
15.404634
15.343902
15.283308
15.222881
15.162638
15.102578
15.042724
14.983100
14.923702
14.864534
14.805634
14.746996
14.688626
14.630540
14.572765
14.515282
14.458103
14.401256
14.344730
14.288528
14.232661
14.177144
14.121969
14.067145
14.012668
13.958560
13.904806
13.851411
13.798382
13.745722
13.693423
13.641487
13.589923
13.538730
13.487899
13.437429
13.387328
13.337593
13.288216
13.239193
13.190528
13.142219
13.094257
13.046634
12.999356
12.952428
12.905830
12.859556
12.813606
12.767987
12.722679
12.677678
12.632980
12.588581
12.544485
12.500676
12.457146
12.413890
12.370908
12.328199
12.285746
12.243544
12.201588
12.159880
12.118416
12.077180
12.036168
11.995372
11.954798
11.914439
11.874285
11.834328
11.794562
11.754993
11.715613
11.676415
11.637388
11.598533
11.559844
11.521329
11.482970
11.444767
11.406713
11.368805
11.331051
11.293441
11.255967
11.218626
11.181415
11.144333
11.107385
11.070560
11.033854
10.997264
10.960789
10.924433
10.888194
10.852061
10.816034
10.780112
10.744295
10.708586
10.672978
10.637468
10.602052
10.566733
10.531510
10.496387
10.461357
10.426417
10.391565
10.356804
10.322130
10.287552
10.253062
10.218657
10.184334
10.150098
10.115946
10.081887
10.047910
10.014015
9.980203
9.946470
9.912824
9.879266
9.845789
9.812393
9.779077
9.745842
9.712688
9.679621
9.646638
9.613735
9.580912
9.548169
9.515506
9.482928
9.450436
9.418026
9.385694
9.353441
9.321271
9.289185
9.257185
9.225269
9.193433
9.161678
9.130005
9.098413
9.066908
9.035490
9.004154
8.972900
8.941728
8.910638
8.879634
8.848719
8.817888
8.787142
8.756476
8.725895
8.695397
8.664986
8.634665
8.604430
8.574280
8.544212
8.514228
8.484331
8.454520
8.424800
8.395167
8.365618
8.336154
8.306774
8.277481
8.248275
8.219162
8.190135
8.161192
8.132336
8.103565
8.074880
8.046283
8.017778
7.989359
7.961027
7.932781
7.904621
7.876547
7.848558
7.820660
7.792852
7.765131
7.737495
7.709945
7.682481
7.655103
7.627813
7.600613
7.573501
7.546475
7.519534
7.492679
7.465908
7.439224
7.412628
7.386120
7.359699
7.333363
7.307112
7.280945
7.254863
7.228866
7.202957
7.177136
7.151399
7.125747
7.100178
7.074693
7.049292
7.023975
6.998744
6.973599
6.948538
6.923561
6.898665
6.873852
6.849121
6.824473
6.799909
6.775431
6.751035
6.726721
6.702489
6.678338
6.654267
6.630277
6.606368
6.582543
6.558800
6.535138
6.511555
6.488053
6.464629
6.441285
6.418019
6.394833
6.371728
6.348704
6.325759
6.302892
6.280101
6.257389
6.234753
6.212195
6.189713
6.167311
6.144988
6.122741
6.100571
6.078475
6.056455
6.034509
6.012639
5.990844
5.969125
5.947483
5.925916
5.904424
5.883005
5.861659
5.840385
5.819184
5.798056
5.777001
5.756019
5.735113
5.714279
5.693517
5.672826
5.652205
5.631654
5.611174
5.590764
5.570425
5.550157
5.529962
5.509837
5.489781
5.469793
5.449874
5.430023
5.410240
5.390525
5.370878
5.351299
5.331790
5.312349
5.292975
5.273668
5.254427
5.235252
5.216142
5.197098
5.178119
5.159205
5.140357
5.121576
5.102862
5.084211
5.065625
5.047102
5.028642
5.010246
4.991912
4.973641
4.955433
4.937288
4.919207
4.901190
4.883234
4.865341
4.847509
4.829737
4.812026
4.794376
4.776786
4.759256
4.741786
4.724377
4.707029
4.689742
4.672515
4.655346
4.638236
4.621184
4.604191
4.587255
4.570377
4.553557
4.536794
4.520089
4.503442
4.486854
4.470323
4.453849
4.437430
4.421068
4.404761
4.388510
4.372314
4.356173
4.340087
4.324056
4.308079
4.292160
4.276296
4.260486
4.244730
4.229027
4.213378
4.197782
4.182239
4.166749
4.151311
4.135925
4.120592
4.105312
4.090084
4.074910
4.059788
4.044718
4.029698
4.014730
3.999813
3.984945
3.970129
3.955362
3.940645
3.925978
3.911361
3.896795
3.882278
3.867812
3.853396
3.839028
3.824710
3.810440
3.796218
3.782044
3.767918
3.753840
3.739810
3.725827
3.711891
3.698002
3.684161
3.670368
3.656623
3.642925
3.629273
3.615667
3.602108
3.588594
3.575126
3.561703
3.548325
3.534993
3.521706
3.508463
3.495266
3.482113
3.469005
3.455943
3.442926
3.429953
3.417024
3.404138
3.391296
3.378498
3.365742
3.353030
3.340360
3.327733
3.315149
3.302607
3.290107
3.277650
3.265236
3.252864
3.240535
3.228248
3.216003
3.203799
3.191636
3.179515
3.167434
3.155393
3.143394
3.131435
3.119516
3.107637
3.095799
3.084000
3.072242
3.060523
3.048845
3.037208
3.025610
3.014051
3.002532
2.991051
2.979610
2.968207
2.956842
2.945515
2.934227
2.922977
2.911765
2.900591
2.889454
2.878356
2.867295
2.856271
2.845286
2.834338
2.823428
2.812556
2.801720
2.790921
2.780158
2.769432
2.758742
2.748088
2.737470
2.726888
2.716342
2.705832
2.695357
2.684918
2.674514
2.664146
2.653812
2.643515
2.633252
2.623026
2.612834
2.602678
2.592555
2.582468
2.572414
2.562395
2.552410
2.542458
2.532540
2.522656
2.512806
2.502989
2.493205
2.483455
2.473738
2.464054
2.454403
2.444786
2.435201
2.425649
2.416131
2.406646
2.397193
2.387773
2.378385
2.369029
2.359705
2.350412
2.341152
2.331923
2.322726
2.313560
2.304425
2.295322
2.286249
2.277208
2.268198
2.259219
2.250271
2.241353
2.232467
2.223611
2.214786
2.205992
2.197229
2.188496
2.179793
2.171120
2.162477
2.153864
2.145281
2.136727
2.128203
2.119708
2.111242
2.102805
2.094398
2.086020
2.077670
2.069350
2.061058
2.052795
2.044561
2.036356
2.028179
2.020030
2.011910
2.003819
1.995757
1.987723
1.979717
1.971739
1.963789
1.955867
1.947972
1.940105
1.932265
1.924453
1.916668
1.908910
1.901179
1.893475
1.885798
1.878148
1.870525
1.862929
1.855359
1.847816
1.840299
1.832809
1.825346
1.817909
1.810498
1.803113
1.795755
1.788424
1.781119
1.773839
1.766586
1.759358
1.752156
1.744980
1.737828
1.730703
1.723602
1.716527
1.709477
1.702452
1.695452
1.688477
1.681527
1.674601
1.667700
1.660824
1.653972
1.647145
1.640343
1.633565
1.626811
1.620081
1.613376
1.606695
1.600038
1.593405
1.586796
1.580212
1.573652
1.567116
1.560603
1.554114
1.547648
1.541206
1.534787
1.528392
1.522019
1.515670
1.509344
1.503041
1.496761
1.490504
1.484269
1.478057
1.471868
1.465702
1.459558
1.453436
1.447337
1.441260
1.435206
1.429174
1.423164
1.417176
1.411210
1.405267
1.399345
1.393446
1.387568
1.381712
1.375878
1.370067
1.364276
1.358508
1.352761
1.347035
1.341331
1.335648
1.329987
1.324346
1.318726
1.313128
1.307550
1.301994
1.296458
1.290943
1.285448
1.279975
1.274521
1.269089
1.263676
1.258285
1.252913
1.247562
1.242231
1.236920
1.231629
1.226359
1.221108
1.215877
1.210667
1.205476
1.200305
1.195153
1.190022
1.184910
1.179818
1.174745
1.169693
1.164659
1.159646
1.154651
1.149676
1.144721
1.139784
1.134867
1.129968
1.125089
1.120228
1.115386
1.110563
1.105759
1.100973
1.096206
1.091458
1.086728
1.082016
1.077323
1.072649
1.067992
1.063354
1.058734
1.054132
1.049548
1.044982
1.040434
1.035904
1.031392
1.026898
1.022422
1.017963
1.013522
1.009098
1.004692
1.000304
0.995933
0.991579
0.987243
0.982924
0.978623
0.974339
0.970072
0.965822
0.961589
0.957374
0.953176
0.948994
0.944830
0.940683
0.936552
0.932438
0.928340
0.924260
0.920196
0.916148
0.912117
0.908102
0.904103
0.900121
0.896155
0.892206
0.888272
0.884355
0.880453
0.876568
0.872698
0.868845
0.865007
0.861185
0.857379
0.853588
0.849814
0.846054
0.842311
0.838583
0.834870
0.831173
0.827491
0.823824
0.820173
0.816537
0.812916
0.809311
0.805720
0.802144
0.798584
0.795038
0.791508
0.787992
0.784491
0.781005
0.777533
0.774076
0.770634
0.767207
0.763794
0.760396
0.757012
0.753642
0.750288
0.746947
0.743621
0.740309
0.737012
0.733728
0.730459
0.727204
0.723962
0.720735
0.717522
0.714322
0.711136
0.707964
0.704806
0.701662
0.698531
0.695413
0.692310
0.689219
0.686142
0.683079
0.680029
0.676992
0.673969
0.670958
0.667961
0.664977
0.662007
0.659049
0.656104
0.653172
0.650254
0.647348
0.644454
0.641574
0.638707
0.635852
0.633010
0.630180
0.627363
0.624559
0.621767
0.618987
0.616220
0.613466
0.610723
0.607993
0.605275
0.602570
0.599876
0.597195
0.594526
0.591869
0.589223
0.586590
0.583969
0.581359
0.578762
0.576176
0.573602
0.571039
0.568489
0.565950
0.563422
0.560906
0.558402
0.555909
0.553428
0.550957
0.548499
0.546051
0.543615
0.541191
0.538777
0.536375
0.533984
0.531604
0.529235
0.526877
0.524530
0.522193
0.519868
0.517554
0.515250
0.512957
0.510675
0.508403
0.506142
0.503892
0.501652
0.499422
0.497203
0.494995
0.492797
0.490609
0.488432
0.486264
0.484107
0.481961
0.479824
0.477698
0.475581
0.473475
0.471378
0.469292
0.467215
0.465149
0.463092
0.461045
0.459008
0.456980
0.454962
0.452954
0.450956
0.448967
0.446987
0.445017
0.443057
0.441106
0.439164
0.437232
0.435309
0.433395
0.431491
0.429596
0.427710
0.425833
0.423965
0.422106
0.420256
0.418416
0.416584
0.414761
0.412947
0.411142
0.409345
0.407558
0.405779
0.404009
0.402247
0.400494
0.398750
0.397014
0.395287
0.393568
0.391858
0.390156
0.388463
0.386778
0.385101
0.383432
0.381772
0.380120
0.378476
0.376840
0.375212
0.373592
0.371980
0.370377
0.368781
0.367193
0.365613
0.364041
0.362477
0.360920
0.359371
0.357830
0.356297
0.354771
0.353253
0.351743
0.350240
0.348744
0.347256
0.345776
0.344303
0.342837
0.341379
0.339928
0.338484
0.337047
0.335618
0.334196
0.332781
0.331374
0.329973
0.328579
0.327193
0.325813
0.324440
0.323075
0.321716
0.320364
0.319019
0.317680
0.316349
0.315024
0.313706
0.312394
0.311089
0.309791
0.308499
0.307214
0.305935
0.304663
0.303397
0.302138
0.300885
0.299638
0.298397
0.297163
0.295935
0.294714
0.293498
0.292289
0.291086
0.289889
0.288698
0.287513
0.286334
0.285161
0.283994
0.282832
0.281677
0.280528
0.279384
0.278246
0.277114
0.275988
0.274867
0.273752
0.272643
0.271539
0.270441
0.269349
0.268262
0.267180
0.266104
0.265034
0.263969
0.262909
0.261854
0.260805
0.259762
0.258723
0.257690
0.256662
0.255639
0.254621
0.253608
0.252601
0.251599
0.250601
0.249609
0.248622
0.247639
0.246662
0.245689
0.244722
0.243759
0.242801
0.241848
0.240899
0.239956
0.239017
0.238083
0.237153
0.236228
0.235308
0.234392
0.233481
0.232575
0.231672
0.230775
0.229882
0.228993
0.228109
0.227229
0.226353
0.225482
0.224615
0.223753
0.222894
0.222040
0.221190
0.220345
0.219503
0.218666
0.217832
0.217003
0.216178
0.215357
0.214540
0.213727
0.212918
0.212112
0.211311
0.210514
0.209720
0.208930
0.208145
0.207363
0.206584
0.205810
0.205039
0.204272
0.203508
0.202749
0.201993
0.201240
0.200491
0.199746
0.199004
0.198266
0.197531
0.196800
0.196072
0.195348
0.194627
0.193909
0.193195
0.192484
0.191777
0.191073
0.190372
0.189674
0.188980
0.188289
0.187601
0.186916
0.186234
0.185556
0.184881
0.184208
0.183539
0.182873
0.182210
0.181550
0.180893
0.180239
0.179588
0.178940
0.178295
0.177652
0.177013
0.176376
0.175743
0.175112
0.174484
0.173859
0.173236
0.172616
0.171999
0.171385
0.170773
0.170164
0.169558
0.168955
0.168354
0.167755
0.167159
0.166566
0.165976
0.165387
0.164802
0.164219
0.163638
0.163060
0.162484
0.161911
0.161340
0.160772
0.160206
0.159642
0.159081
0.158522
0.157965
0.157410
0.156858
0.156309
0.155761
0.155216
0.154673
0.154132
0.153593
0.153056
0.152522
0.151990
0.151460
0.150932
0.150406
0.149882
0.149360
0.148841
0.148323
0.147808
0.147294
0.146782
0.146273
0.145765
0.145260
0.144756
0.144254
0.143754
0.143256
0.142760
0.142266
0.141774
0.141283
0.140795
0.140308
0.139823
0.139340
0.138858
0.138379
0.137901
0.137425
0.136950
0.136478
0.136007
0.135537
0.135070
0.134604
0.134140
0.133677
0.133216
0.132757
0.132299
0.131843
0.131389
0.130936
0.130484
0.130035
0.129587
0.129140
0.128695
0.128251
0.127809
0.127368
0.126929
0.126492
0.126055
0.125621
0.125187
0.124756
0.124325
0.123896
0.123469
0.123042
0.122618
0.122194
0.121772
0.121351
0.120932
0.120514
0.120097
0.119682
0.119268
0.118855
0.118444
0.118034
0.117625
0.117217
0.116811
0.116406
0.116002
0.115599
0.115198
0.114798
0.114399
0.114001
0.113604
0.113209
0.112815
0.112422
0.112030
0.111639
0.111249
0.110861
0.110474
0.110088
0.109703
0.109319
0.108936
0.108554
0.108173
0.107794
0.107415
0.107038
0.106662
0.106286
0.105912
0.105539
0.105167
0.104795
0.104425
0.104056
0.103688
0.103321
0.102955
0.102590
0.102226
0.101863
0.101500
0.101139
0.100779
0.100420
0.100062
0.099704
0.099348
0.098992
0.098638
0.098284
0.097931
0.097580
0.097229
0.096879
0.096530
0.096182
0.095834
0.095488
0.095142
0.094798
0.094454
0.094111
0.093769
0.093428
0.093087
0.092748
0.092409
0.092072
0.091735
0.091398
0.091063
0.090729
0.090395
0.090062
0.089730
0.089399
0.089068
0.088739
0.088410
0.088082
0.087755
0.087428
0.087102
0.086777
0.086453
0.086130
0.085807
0.085485
0.085164
0.084844
0.084524
0.084205
0.083887
0.083570
0.083253
0.082937
0.082622
0.082308
0.081994
0.081681
0.081369
0.081057
0.080746
0.080436
0.080126
0.079818
0.079510
0.079202
0.078896
0.078590
0.078284
0.077980
0.077676
0.077373
0.077070
0.076768
0.076467
0.076167
0.075867
0.075568
0.075269
0.074971
0.074674
0.074377
0.074081
0.073786
0.073492
0.073198
0.072904
0.072612
0.072320
0.072028
0.071738
0.071447
0.071158
0.070869
0.070581
0.070293
0.070006
0.069720
0.069434
0.069149
0.068865
0.068581
0.068298
0.068015
0.067733
0.067451
0.067171
0.066890
0.066611
0.066332
0.066053
0.065775
0.065498
0.065222
0.064946
0.064670
0.064395
0.064121
0.063847
0.063574
0.063302
0.063030
0.062758
0.062488
0.062217
0.061948
0.061679
0.061410
0.061142
0.060875
0.060608
0.060342
0.060076
0.059811
0.059547
0.059283
0.059019
0.058756
0.058494
0.058232
0.057971
0.057710
0.057450
0.057191
0.056932
0.056673
0.056416
0.056158
0.055901
0.055645
0.055390
0.055134
0.054880
0.054626
0.054372
0.054119
0.053867
0.053615
0.053363
0.053112
0.052862
0.052612
0.052363
0.052114
0.051866
0.051618
0.051371
0.051124
0.050878
0.050633
0.050388
0.050143
0.049899
0.049656
0.049413
0.049170
0.048928
0.048687
0.048446
0.048205
0.047965
0.047726
0.047487
0.047249
0.047011
0.046773
0.046536
0.046300
0.046064
0.045829
0.045594
0.045360
0.045126
0.044892
0.044660
0.044427
0.044195
0.043964
0.043733
0.043503
0.043273
0.043043
0.042815
0.042586
0.042358
0.042131
0.041904
0.041677
0.041452
0.041226
0.041001
0.040777
0.040553
0.040329
0.040106
0.039883
0.039661
0.039440
0.039219
0.038998
0.038778
0.038558

