0.000000
0.000000
-0.000026
-0.000052
-0.000077
-0.000103
-0.000128
-0.000153
-0.000177
-0.000201
-0.000224
-0.000247
-0.000270
-0.000293
-0.000315
-0.000337
-0.000359
-0.000380
-0.000402
-0.000423
-0.000444
-0.000465
-0.000485
-0.000506
-0.000526
-0.000547
-0.000567
-0.000587
-0.000607
-0.000627
-0.000647
-0.000667
-0.000687
-0.000707
-0.000726
-0.000746
-0.000766
-0.000785
-0.000805
-0.000824
-0.000844
-0.000863
-0.000883
-0.000902
-0.000922
-0.000941
-0.000961
-0.000980
-0.001000
-0.001019
-0.001038
-0.001058
-0.001077
-0.001097
-0.001116
-0.001135
-0.001155
-0.001174
-0.001194
-0.001213
-0.001233
-0.001252
-0.001271
-0.001291
-0.001310
-0.001330
-0.001349
-0.001369
-0.001388
-0.001408
-0.001428
-0.001447
-0.001467
-0.001486
-0.001506
-0.001525
-0.001545
-0.001565
-0.001584
-0.001604
-0.001624
-0.001644
-0.001663
-0.001683
-0.001703
-0.001723
-0.001743
-0.001762
-0.001782
-0.001802
-0.001822
-0.001842
-0.001862
-0.001882
-0.001902
-0.001922
-0.001942
-0.001962
-0.001982
-0.002002
-0.002022
-0.002042
-0.002063
-0.002083
-0.002103
-0.002123
-0.002143
-0.002164
-0.002184
-0.002204
-0.002225
-0.002245
-0.002265
-0.002286
-0.002306
-0.002326
-0.002347
-0.002367
-0.002388
-0.002408
-0.002429
-0.002449
-0.002470
-0.002491
-0.002511
-0.002532
-0.002553
-0.002573
-0.002594
-0.002615
-0.002635
-0.002656
-0.002677
-0.002698
-0.002719
-0.002739
-0.002760
-0.002781
-0.002802
-0.002823
-0.002844
-0.002865
-0.002886
-0.002907
-0.002928
-0.002949
-0.002970
-0.002991
-0.003012
-0.003033
-0.003054
-0.003075
-0.003097
-0.003118
-0.003139
-0.003160
-0.003181
-0.003203
-0.003224
-0.003245
-0.003266
-0.003288
-0.003309
-0.003330
-0.003352
-0.003373
-0.003395
-0.003416
-0.003437
-0.003459
-0.003480
-0.003502
-0.003523
-0.003545
-0.003566
-0.003588
-0.003610
-0.003631
-0.003653
-0.003674
-0.003696
-0.003718
-0.003739
-0.003761
-0.003783
-0.003804
-0.003826
-0.003848
-0.003869
-0.003891
-0.003913
-0.003935
-0.003956
-0.003978
-0.004000
-0.004022
-0.004044
-0.004066
-0.004088
-0.004109
-0.004131
-0.004153
-0.004175
-0.004197
-0.004219
-0.004241
-0.004263
-0.004285
-0.004307
-0.004329
-0.004351
-0.004373
-0.004395
-0.004417
-0.004439
-0.004461
-0.004483
-0.004505
-0.004527
-0.004550
-0.004572
-0.004594
-0.004616
-0.004638
-0.004660
-0.004683
-0.004705
-0.004727
-0.004749
-0.004771
-0.004794
-0.004816
-0.004838
-0.004860
-0.004883
-0.004905
-0.004927
-0.004949
-0.004972
-0.004994
-0.005016
-0.005039
-0.005061
-0.005083
-0.005106
-0.005128
-0.005150
-0.005173
-0.005195
-0.005218
-0.005240
-0.005262
-0.005285
-0.005307
-0.005330
-0.005352
-0.005375
-0.005397
-0.005419
-0.005442
-0.005464
-0.005487
-0.005509
-0.005532
-0.005554
-0.005577
-0.005599
-0.005622
-0.005644
-0.005667
-0.005690
-0.005712
-0.005735
-0.005757
-0.005780
-0.005802
-0.005825
-0.005847
-0.005870
-0.005893
-0.005915
-0.005938
-0.005960
-0.005983
-0.006006
-0.006028
-0.006051
-0.006073
-0.006096
-0.006119
-0.006141
-0.006164
-0.006187
-0.006209
-0.006232
-0.006255
-0.006277
-0.006300
-0.006323
-0.006345
-0.006368
-0.006391
-0.006413
-0.006436
-0.006459
-0.006482
-0.006504
-0.006527
-0.006550
-0.006572
-0.006595
-0.006618
-0.006641
-0.006663
-0.006686
-0.006709
-0.006731
-0.006754
-0.006777
-0.006800
-0.006822
-0.006845
-0.006868
-0.006891
-0.006913
-0.006936
-0.006959
-0.006982
-0.007004
-0.007027
-0.007050
-0.007073
-0.007095
-0.007118
-0.007141
-0.007164
-0.007187
-0.007209
-0.007232
-0.007255
-0.007278
-0.007300
-0.007323
-0.007346
-0.007369
-0.007392
-0.007414
-0.007437
-0.007460
-0.007483
-0.007505
-0.007528
-0.007551
-0.007574
-0.007597
-0.007619
-0.007642
-0.007665
-0.007688
-0.007711
-0.007733
-0.007756
-0.007779
-0.007802
-0.007825
-0.007847
-0.007870
-0.007893
-0.007916
-0.007939
-0.007961
-0.007984
-0.008007
-0.008030
-0.008052
-0.008075
-0.008098
-0.008121
-0.008144
-0.008166
-0.008189
-0.008212
-0.008235
-0.008258
-0.008280
-0.008303
-0.008326
-0.008349
-0.008371
-0.008394
-0.008417
-0.008440
-0.008462
-0.008485
-0.008508
-0.008531
-0.008554
-0.008576
-0.008599
-0.008622
-0.008645
-0.008667
-0.008690
-0.008713
-0.008736
-0.008758
-0.008781
-0.008804
-0.008827
-0.008849
-0.008872
-0.008895
-0.008917
-0.008940
-0.008963
-0.008986
-0.009008
-0.009031
-0.009054
-0.009077
-0.009099
-0.009122
-0.009145
-0.009167
-0.009190
-0.009213
-0.009235
-0.009258
-0.009281
-0.009304
-0.009326
-0.009349
-0.009372
-0.009394
-0.009417
-0.009440
-0.009462
-0.009485
-0.009508
-0.009530
-0.009553
-0.009576
-0.009598
-0.009621
-0.009643
-0.009666
-0.009689
-0.009711
-0.009734
-0.009757
-0.009779
-0.009802
-0.009824
-0.009847
-0.009870
-0.009892
-0.009915
-0.009937
-0.009960
-0.009983
-0.010005
-0.010028
-0.010050
-0.010073
-0.010095
-0.010118
-0.010141
-0.010163
-0.010186
-0.010208
-0.010231
-0.010253
-0.010276
-0.010298
-0.010321
-0.010343
-0.010366
-0.010388
-0.010411
-0.010433
-0.010456
-0.010478
-0.010501
-0.010523
-0.010546
-0.010568
-0.010591
-0.010613
-0.010636
-0.010658
-0.010680
-0.010703
-0.010725
-0.010748
-0.010770
-0.010793
-0.010815
-0.010837
-0.010860
-0.010882
-0.010905
-0.010927
0.639416
2.174372
4.643036
7.562585
10.703819
13.924180
17.138813
20.301319
23.663323
28.434400
36.683789
45.177713
50.610878
53.657401
55.166564
55.762195
56.405204
57.233027
58.026836
58.385736
58.198734
57.507250
56.368985
54.864481
53.090002
51.139632
49.097990
47.041388
45.031220
43.108155
41.298580
39.624020
38.101670
36.740516
35.541079
34.497373
33.600283
32.838723
32.199583
31.668068
31.228670
30.866133
30.566200
30.315989
30.104402
29.921957
29.760770
29.614392
29.477545
29.346050
29.216625
29.086751
28.954495
28.818495
28.677794
28.531694
28.379832
28.222007
28.058134
27.888157
27.712071
27.529899
27.341661
27.147279
26.946698
26.739839
26.526656
26.307186
26.081593
25.850243
25.613742
25.372851
25.128628
24.882361
24.635340
24.389098
24.145115
23.904915
23.669927
23.441513
23.220739
23.008508
22.805528
22.612211
22.428770
22.255239
22.091400
21.936843
21.791042
21.653416
21.523242
21.399668
21.281941
21.169179
21.060609
20.955368
20.852749
20.751987
20.652478
20.553577
20.454823
20.355725
20.255943
20.155147
20.053143
19.949732
19.844835
19.738394
19.630433
19.520974
19.410108
19.297945
19.184606
19.070274
18.955078
18.839187
18.722759
18.605951
18.488951
18.371874
18.254893
18.138091
18.021642
17.905611
17.790126
17.675264
17.561092
17.447696
17.335107
17.223422
17.112640
17.002838
16.894022
16.786234
16.679497
16.573816
16.469216
16.365704
16.263302
16.161990
16.061796
15.962687
15.864700
15.767806
15.672005
15.577312
15.483689
15.391166
15.299690
15.209280
15.119910
15.031603
14.944318
14.858053
14.772806
14.688548
14.605290
14.523009
14.441699
14.361341
14.281934
14.203473
14.125932
14.049301
13.973588
13.898774
13.824847
13.751801
13.679623
13.608308
13.537836
13.468205
13.399408
13.331424
13.264248
13.197870
13.132280
13.067452
13.003402
12.940096
12.877520
12.815685
12.754554
12.694111
12.634359
12.575286
12.516875
12.459099
12.401972
12.345455
12.289543
12.234221
12.179494
12.125330
12.071718
12.018647
11.966118
11.914104
11.862595
11.811581
11.761059
11.711009
11.661421
11.612290
11.563608
11.515358
11.467528
11.420116
11.373116
11.326511
11.280298
11.234457
11.188999
11.143909
11.099172
11.054788
11.010745
10.967049
10.923682
10.880633
10.837907
10.795492
10.753388
10.711583
10.670068
10.628847
10.587909
10.547256
10.506873
10.466759
10.426909
10.387318
10.347993
10.308916
10.270085
10.231492
10.193142
10.155033
10.117153
10.079499
10.042069
10.004859
9.967869
9.931097
9.894538
9.858181
9.822029
9.786077
9.750328
9.714778
9.679422
9.644253
9.609271
9.574473
9.539865
9.505438
9.471189
9.437113
9.403210
9.369475
9.335916
9.302526
9.269302
9.236236
9.203333
9.170586
9.137998
9.105572
9.073297
9.041175
9.009200
8.977374
8.945694
8.914164
8.882781
8.851537
8.820433
8.789467
8.758641
8.727950
8.697398
8.666983
8.636698
8.606543
8.576517
8.546621
8.516853
8.487215
8.457704
8.428315
8.399048
8.369902
8.340878
8.311973
8.283193
8.254529
8.225982
8.197550
8.169233
8.141029
8.112940
8.084967
8.057104
8.029353
8.001711
7.974175
7.946749
7.919430
7.892219
7.865117
7.838118
7.811225
7.784434
7.757745
7.731158
7.704672
7.678291
7.652011
7.625830
7.599747
7.573762
7.547874
7.522083
7.496387
7.470790
7.445290
7.419885
7.394573
7.369354
7.344226
7.319191
7.294248
7.269398
7.244641
7.219975
7.195397
7.170907
7.146506
7.122192
7.097967
7.073828
7.049780
7.025819
7.001944
6.978153
6.954445
6.930822
6.907283
6.883827
6.860456
6.837171
6.813968
6.790847
6.767806
6.744845
6.721965
6.699165
6.676444
6.653805
6.631247
6.608769
6.586368
6.564046
6.541800
6.519631
6.497537
6.475521
6.453581
6.431719
6.409934
6.388225
6.366591
6.345030
6.323543
6.302129
6.280787
6.259519
6.238324
6.217204
6.196158
6.175184
6.154281
6.133449
6.112687
6.091995
6.071372
6.050821
6.030338
6.009928
5.989588
5.969318
5.949115
5.928981
5.908914
5.888914
5.868980
5.849113
5.829314
5.809583
5.789921
5.770325
5.750795
5.731329
5.711929
5.692594
5.673322
5.654114
5.634970
5.615891
5.596877
5.577929
5.559044
5.540222
5.521462
5.502765
5.484129
5.465555
5.447041
5.428590
5.410199
5.391870
5.373605
5.355401
5.337257
5.319173
5.301148
5.283183
5.265277
5.247430
5.229641
5.211910
5.194239
5.176627
5.159075
5.141582
5.124145
5.106767
5.089444
5.072179
5.054971
5.037818
5.020721
5.003680
4.986696
4.969767
4.952897
4.936082
4.919323
4.902618
4.885968
4.869372
4.852830
4.836342
4.819908
4.803527
4.787200
4.770926
4.754706
4.738541
4.722429
4.706369
4.690362
4.674407
4.658503
4.642651
4.626851
4.611101
4.595403
4.579756
4.564160
4.548615
4.533122
4.517681
4.502289
4.486948
4.471655
4.456413
4.441219
4.426075
4.410980
4.395934
4.380936
4.365987
4.351086
4.336235
4.321433
4.306679
4.291973
4.277315
4.262704
4.248139
4.233622
4.219152
4.204728
4.190351
4.176020
4.161735
4.147497
4.133305
4.119161
4.105062
4.091009
4.077001
4.063038
4.049121
4.035247
4.021419
4.007635
3.993895
3.980199
3.966548
3.952940
3.939377
3.925857
3.912383
3.898952
3.885564
3.872219
3.858917
3.845658
3.832442
3.819267
3.806135
3.793045
3.779997
3.766991
3.754027
3.741104
3.728223
3.715384
3.702587
3.689832
3.677118
3.664444
3.651811
3.639219
3.626666
3.614154
3.601682
3.589250
3.576858
3.564505
3.552192
3.539918
3.527684
3.515489
3.503334
3.491219
3.479143
3.467105
3.455107
3.443146
3.431224
3.419339
3.407493
3.395685
3.383914
3.372180
3.360485
3.348826
3.337205
3.325622
3.314075
3.302566
3.291094
3.279660
3.268263
3.256902
3.245578
3.234289
3.223037
3.211820
3.200639
3.189494
3.178384
3.167310
3.156271
3.145268
3.134299
3.123366
3.112468
3.101605
3.090777
3.079984
3.069226
3.058503
3.047815
3.037161
3.026540
3.015954
3.005401
2.994881
2.984396
2.973943
2.963524
2.953138
2.942786
2.932466
2.922180
2.911926
2.901705
2.891518
2.881363
2.871241
2.861152
2.851096
2.841072
2.831080
2.821120
2.811192
2.801296
2.791431
2.781597
2.771794
2.762023
2.752283
2.742575
2.732897
2.723250
2.713634
2.704049
2.694495
2.684972
2.675479
2.666017
2.656585
2.647185
2.637815
2.628475
2.619165
2.609885
2.600635
2.591414
2.582222
2.573060
2.563927
2.554823
2.545748
2.536702
2.527686
2.518698
2.509739
2.500808
2.491907
2.483034
2.474190
2.465374
2.456587
2.447828
2.439099
2.430397
2.421724
2.413079
2.404461
2.395871
2.387309
2.378774
2.370266
2.361786
2.353333
2.344907
2.336507
2.328135
2.319790
2.311471
2.303179
2.294914
2.286676
2.278464
2.270279
2.262121
2.253989
2.245883
2.237804
2.229751
2.221725
2.213725
2.205751
2.197802
2.189880
2.181982
2.174111
2.166264
2.158443
2.150647
2.142876
2.135130
2.127410
2.119714
2.112042
2.104396
2.096774
2.089178
2.081605
2.074058
2.066535
2.059036
2.051562
2.044112
2.036687
2.029286
2.021910
2.014558
2.007230
1.999926
1.992646
1.985389
1.978156
1.970947
1.963761
1.956598
1.949459
1.942343
1.935250
1.928180
1.921133
1.914109
1.907108
1.900130
1.893174
1.886241
1.879331
1.872443
1.865578
1.858736
1.851916
1.845118
1.838343
1.831590
1.824860
1.818152
1.811466
1.804803
1.798161
1.791542
1.784944
1.778368
1.771814
1.765282
1.758770
1.752281
1.745812
1.739365
1.732939
1.726535
1.720151
1.713789
1.707447
1.701126
1.694826
1.688547
1.682289
1.676051
1.669834
1.663638
1.657462
1.651307
1.645172
1.639057
1.632963
1.626890
1.620837
1.614804
1.608791
1.602798
1.596826
1.590875
1.584943
1.579030
1.573138
1.567266
1.561413
1.555579
1.549766
1.543971
1.538196
1.532441
1.526704
1.520987
1.515289
1.509610
1.503951
1.498310
1.492688
1.487085
1.481501
1.475935
1.470389
1.464861
1.459351
1.453861
1.448388
1.442935
1.437500
1.432083
1.426685
1.421305
1.415943
1.410600
1.405275
1.399968
1.394680
1.389410
1.384158
1.378924
1.373708
1.368509
1.363329
1.358166
1.353021
1.347894
1.342784
1.337692
1.332617
1.327559
1.322519
1.317496
1.312491
1.307502
1.302531
1.297577
1.292640
1.287720
1.282817
1.277930
1.273061
1.268208
1.263372
1.258553
1.253751
1.248965
1.244196
1.239443
1.234707
1.229987
1.225284
1.220597
1.215926
1.211272
1.206634
1.202013
1.197407
1.192818
1.188245
1.183689
1.179148
1.174623
1.170115
1.165622
1.161146
1.156685
1.152240
1.147810
1.143396
1.138998
1.134615
1.130248
1.125896
1.121560
1.117239
1.112933
1.108642
1.104367
1.100107
1.095862
1.091632
1.087417
1.083217
1.079033
1.074863
1.070707
1.066567
1.062442
1.058331
1.054235
1.050154
1.046087
1.042035
1.037998
1.033974
1.029966
1.025972
1.021992
1.018027
1.014075
1.010139
1.006216
1.002308
0.998414
0.994534
0.990668
0.986816
0.982979
0.979155
0.975345
0.971550
0.967768
0.964000
0.960246
0.956506
0.952780
0.949067
0.945368
0.941683
0.938011
0.934352
0.930707
0.927075
0.923457
0.919852
0.916261
0.912682
0.909117
0.905565
0.902026
0.898500
0.894987
0.891487
0.888000
0.884527
0.881065
0.877617
0.874182
0.870759
0.867349
0.863952
0.860568
0.857196
0.853837
0.850490
0.847156
0.843834
0.840525
0.837228
0.833943
0.830671
0.827411
0.824163
0.820928
0.817704
0.814493
0.811294
0.808107
0.804932
0.801769
0.798618
0.795479
0.792351
0.789236
0.786133
0.783041
0.779961
0.776893
0.773836
0.770791
0.767758
0.764736
0.761726
0.758728
0.755741
0.752766
0.749802
0.746849
0.743908
0.740978
0.738059
0.735151
0.732255
0.729370
0.726495
0.723632
0.720780
0.717939
0.715109
0.712289
0.709481
0.706683
0.703896
0.701120
0.698355
0.695600
0.692856
0.690123
0.687400
0.684688
0.681986
0.679295
0.676614
0.673943
0.671283
0.668633
0.665994
0.663364
0.660745
0.658136
0.655538
0.652949
0.650371
0.647802
0.645244
0.642695
0.640157
0.637628
0.635110
0.632601
0.630102
0.627612
0.625133
0.622663
0.620203
0.617752
0.615311
0.612880
0.610458
0.608045
0.605642
0.603249
0.600865
0.598490
0.596125
0.593769
0.591422
0.589084
0.586756
0.584437
0.582126
0.579825
0.577533
0.575250
0.572976
0.570712
0.568455
0.566208
0.563970
0.561741
0.559520
0.557308
0.555105
0.552911
0.550725
0.548548
0.546380
0.544220
0.542069
0.539927
0.537793
0.535667
0.533550
0.531441
0.529340
0.527248
0.525164
0.523088
0.521021
0.518962
0.516910
0.514867
0.512832
0.510805
0.508787
0.506776
0.504773
0.502777
0.500790
0.498811
0.496839
0.494876
0.492920
0.490971
0.489031
0.487098
0.485173
0.483255
0.481345
0.479443
0.477548
0.475660
0.473780
0.471907
0.470042
0.468184
0.466334
0.464490
0.462654
0.460826
0.459004
0.457190
0.455383
0.453582
0.451789
0.450004
0.448225
0.446453
0.444688
0.442930
0.441179
0.439435
0.437697
0.435967
0.434243
0.432526
0.430816
0.429113
0.427416
0.425726
0.424042
0.422365
0.420695
0.419031
0.417374
0.415723
0.414079
0.412441
0.410810
0.409185
0.407566
0.405954
0.404348
0.402748
0.401154
0.399567
0.397986
0.396411
0.394842
0.393279
0.391722
0.390172
0.388627
0.387089
0.385556
0.384029
0.382509
0.380994
0.379485
0.377982
0.376485
0.374993
0.373507
0.372028
0.370553
0.369085
0.367622
0.366165
0.364713
0.363267
0.361827
0.360392
0.358963
0.357539
0.356120
0.354708
0.353300
0.351898
0.350502
0.349110
0.347724
0.346344
0.344968
0.343598
0.342234
0.340874
0.339520
0.338171
0.336827
0.335488
0.334154
0.332825
0.331502
0.330183
0.328870
0.327561
0.326258
0.324959
0.323666
0.322377
0.321093
0.319814
0.318540
0.317270
0.316006
0.314746
0.313491
0.312241
0.310995
0.309754
0.308518
0.307287
0.306060
0.304837
0.303620
0.302407
0.301198
0.299994
0.298794
0.297599
0.296409
0.295222
0.294041
0.292863
0.291690
0.290522
0.289358
0.288198
0.287042
0.285891
0.284744
0.283601
0.282463
0.281328
0.280198
0.279072
0.277951
0.276833
0.275719
0.274610
0.273505
0.272404
0.271307
0.270213
0.269124
0.268039
0.266958
0.265881
0.264808
0.263739
0.262673
0.261612
0.260554
0.259501
0.258451
0.257405
0.256363
0.255325
0.254290
0.253259
0.252232
0.251209
0.250189
0.249173
0.248161
0.247153
0.246148
0.245147
0.244149
0.243155
0.242165
0.241178
0.240195
0.239215
0.238239
0.237266
0.236297
0.235332
0.234370
0.233411
0.232456
0.231504
0.230555
0.229611
0.228669
0.227731
0.226796
0.225864
0.224936
0.224011
0.223090
0.222172
0.221257
0.220345
0.219436
0.218531
0.217629
0.216731
0.215835
0.214943
0.214053
0.213167
0.212284
0.211405
0.210528
0.209654
0.208784
0.207917
0.207052
0.206191
0.205333
0.204478
0.203626
0.202776
0.201930
0.201087
0.200247
0.199410
0.198576
0.197744
0.196916
0.196090
0.195268
0.194448
0.193631
0.192817
0.192006
0.191198
0.190393
0.189590
0.188790
0.187993
0.187199
0.186408
0.185619
0.184833
0.184050
0.183270
0.182492
0.181717
0.180945
0.180175
0.179408
0.178644
0.177882
0.177123
0.176367
0.175614
0.174863
0.174114
0.173368
0.172625
0.171884
0.171146
0.170411
0.169678
0.168948
0.168220
0.167494
0.166771
0.166051
0.165333
0.164618
0.163905
0.163195
0.162487
0.161781
0.161078
0.160377
0.159679
0.158983
0.158290
0.157599
0.156910
0.156224
0.155540
0.154858
0.154179
0.153502
0.152828
0.152155
0.151485
0.150818
0.150153
0.149490
0.148829
0.148170
0.147514
0.146860
0.146208
0.145559
0.144912
0.144267
0.143624
0.142983
0.142345
0.141709
0.141074
0.140443
0.139813
0.139185
0.138560
0.137937
0.137316
0.136697
0.136080
0.135465
0.134852
0.134242
0.133633
0.133027
0.132422
0.131820
0.131220
0.130622
0.130026
0.129432
0.128840
0.128250
0.127662
0.127076
0.126492
0.125910
0.125330
0.124752
0.124176
0.123602
0.123030
0.122459
0.121891
0.121325
0.120761
0.120198
0.119638
0.119079
0.118522
0.117968
0.117415
0.116864
0.116315
0.115767
0.115222
0.114678
0.114137
0.113597
0.113059
0.112523
0.111988
0.111456
0.110925
0.110396
0.109869
0.109344
0.108820
0.108298
0.107778
0.107260
0.106744
0.106229
0.105716
0.105205
0.104695
0.104188
0.103682
0.103177
0.102675
0.102174
0.101675
0.101177
0.100681
0.100187
0.099695
0.099204
0.098715
0.098228
0.097742
0.097258
0.096776
0.096295
0.095816
0.095338
0.094862
0.094388
0.093915
0.093444
0.092975
0.092507
0.092040
0.091576
0.091113
0.090651
0.090191
0.089733
0.089276
0.088820
0.088367
0.087914
0.087464
0.087015
0.086567
0.086121
0.085676
0.085233
0.084792
0.084352
0.083913
0.083476
0.083040
0.082606
0.082174
0.081742
0.081313
0.080884
0.080458
0.080032
0.079608
0.079186
0.078765
0.078345
0.077927
0.077511
0.077095
0.076681
0.076269
0.075858
0.075448
0.075040
0.074633
0.074228
0.073823
0.073421
0.073019
0.072619
0.072221
0.071823
0.071427
0.071033
0.070640
0.070248
0.069857
0.069468
0.069080
0.068693
0.068308
0.067924
0.067541
0.067160
0.066780
0.066401
0.066024
0.065648
0.065273
0.064899
0.064527
0.064156
0.063786
0.063417
0.063050
0.062684
0.062319
0.061956
0.061593
0.061232
0.060873
0.060514
0.060157
0.059800
0.059445
0.059092
0.058739
0.058388
0.058038
0.057689
0.057341
0.056995
0.056649
0.056305
0.055962
0.055620
0.055280
0.054940
0.054602
0.054265
0.053928
0.053594
0.053260
0.052927
0.052596
0.052266
0.051936
0.051608
0.051281
0.050955
0.050631
0.050307
0.049985
0.049663
0.049343
0.049024
0.048706
0.048389
0.048073
0.047758
0.047444
0.047132
0.046820
0.046509
0.046200
0.045892
0.045584
0.045278
0.044973
0.044668
0.044365
0.044063
0.043762
0.043462
0.043163
0.042865
0.042568
0.042272
0.041977
0.041683
0.041390
0.041098
0.040807
0.040518
0.040229
0.039941
0.039654
0.039368
0.039083
0.038799
0.038516
0.038234
0.037953
0.037673
0.037394
0.037115
0.036838
0.036562
0.036287
0.036012
0.035739
0.035466
0.035195
0.034924
0.034654
0.034386
0.034118
0.033851
0.033585
0.033320
0.033056
0.032793
0.032530
0.032269
0.032008
0.031749
0.031490
0.031232
0.030975
0.030719
0.030464
0.030209
0.029956
0.029703
0.029452
0.029201
0.028951
0.028702
0.028454
0.028206
0.027960
0.027714
0.027469
0.027225
0.026982
0.026740
0.026498
0.026258
0.026018
0.025779
0.025541
0.025304
0.025067
0.024831
0.024597
0.024363
0.024129
0.023897
0.023665
0.023434
0.023204
0.022975
0.022747
0.022519
0.022292
0.022066
0.021841
0.021616
0.021393
0.021170
0.020947
0.020726
0.020505
0.020285
0.020066
0.019848
0.019630
0.019414
0.019197
0.018982
0.018767
0.018554
0.018340
0.018128
0.017916
0.017705
0.017495
0.017286
0.017077
0.016869
0.016662
0.016455
0.016249
0.016044
0.015840
0.015636
0.015433
0.015231
0.015029
0.014828
0.014628
0.014429
0.014230
0.014032
0.013834
0.013637
0.013441
0.013246
0.013051
0.012857
0.012664
0.012471
0.012279
0.012088
0.011897
0.011707
0.011518
0.011329
0.011141
0.010954
0.010767
0.010581
0.010395
0.010211
0.010026
0.009843
0.009660
0.009478
0.009296
0.009115
0.008935
0.008755
0.008576
0.008398
0.008220
0.008043
0.007866
0.007690
0.007515
0.007340
0.007166
0.006992
0.006819
0.006647
0.006475
0.006304
0.006133
0.005963
0.005794
0.005625
0.005457
0.005289
0.005122
0.004956
0.004790
0.004625
0.004460
0.004296
0.004132
0.003969
0.003807
0.003645
0.003484
0.003323
0.003163
0.003003
0.002844
0.002686
0.002528
0.002371
0.002214
0.002057
0.001902
0.001746
0.001592
0.001438
0.001284
0.001131
0.000979
0.000827
0.000675
0.000524
0.000374
0.000224
0.000075
-0.000074
-0.000223
-0.000370
-0.000518
-0.000664
-0.000811
-0.000956
-0.001102
-0.001246
-0.001391
-0.001534
-0.001677
-0.001820
-0.001962
-0.002104
-0.002245
-0.002386
-0.002526
-0.002666
-0.002805
-0.002944
-0.003082
-0.003220
-0.003357
-0.003494
-0.003631
-0.003767
-0.003902
-0.004037
-0.004171
-0.004305
-0.004439
-0.004572
-0.004705
-0.004837
-0.004968
-0.005100
-0.005230
-0.005361
-0.005490
-0.005620
-0.005749
-0.005877
-0.006005
-0.006133
-0.006260
-0.006387
-0.006513
-0.006639
-0.006764
-0.006889
-0.007014
-0.007138
-0.007261
-0.007384
-0.007507
-0.007630
-0.007751
-0.007873
-0.007994
-0.008115
-0.008235
-0.008355
-0.008474
-0.008593
-0.008712
-0.008830
-0.008947
-0.009065
-0.009182
-0.009298
-0.009414
-0.009530
-0.009645
-0.009760
-0.009874
-0.009988
-0.010102
-0.010215
-0.010328
-0.010441
-0.010553
-0.010665
-0.010776
-0.010887
-0.010997
-0.011107
-0.011217
-0.011327
-0.011436
-0.011544
-0.011652
-0.011760
-0.011868
-0.011975
-0.012081
-0.012188
-0.012294
-0.012399
-0.012505
-0.012610
-0.012714
-0.012818
-0.012922
-0.013025
-0.013128
-0.013231
-0.013333
-0.013435
-0.013537
-0.013638
-0.013739
-0.013840
-0.013940
-0.014040
-0.014139
-0.014238
-0.014337
-0.014436
-0.014534
-0.014632
-0.014729
-0.014826
-0.014923
-0.015019
-0.015116
-0.015211
-0.015307
-0.015402
-0.015497
-0.015591
-0.015685
-0.015779
-0.015872
-0.015965
-0.016058
-0.016151
-0.016243
-0.016335
-0.016426
-0.016517
-0.016608
-0.016699
-0.016789
-0.016879
-0.016968
-0.017058
-0.017147
-0.017235
-0.017324
-0.017412
-0.017500
-0.017587
-0.017674
-0.017761
-0.017847
-0.017934
-0.018020
-0.018105
-0.018191
-0.018276
-0.018360
-0.018445
-0.018529
-0.018613
-0.018696
-0.018780
-0.018863
-0.018945
-0.019028
-0.019110
-0.019192
-0.019273
-0.019355
-0.019435
-0.019516
-0.019597
-0.019677
-0.019757
-0.019836
-0.019916
-0.019995
-0.020073
-0.020152
-0.020230
-0.020308
-0.020386
-0.020463
-0.020540
-0.020617
-0.020694
-0.020770
-0.020846
-0.020922
-0.020997
-0.021073
-0.021148
-0.021222
-0.021297
-0.021371
-0.021445
-0.021519
-0.021592
-0.021666
-0.021739
-0.021811
-0.021884
-0.021956
-0.022028
-0.022100
-0.022171
-0.022242
-0.022313
-0.022384
-0.022454
-0.022525
-0.022595
-0.022664
-0.022734
-0.022803
-0.022872
-0.022941
-0.023009
-0.023078
-0.023146
-0.023214
-0.023281
-0.023349
-0.023416
-0.023483
-0.023549
-0.023616
-0.023682
-0.023748
-0.023814
-0.023879
-0.023945
-0.024010
-0.024075
-0.024139
-0.024204
-0.024268
-0.024332
-0.024396
-0.024459
-0.024522
-0.024586
-0.024648
-0.024711
-0.024773
-0.024836
-0.024898
-0.024960
-0.025021
-0.025083
-0.025144
-0.025205
-0.025265
-0.025326
-0.025386
-0.025446
-0.025506
-0.025566
-0.025626
-0.025685
-0.025744
-0.025803
-0.025861
-0.025920
-0.025978
-0.026036
-0.026094
-0.026152
-0.026209
-0.026267
-0.026324
-0.026381
-0.026437
-0.026494
-0.026550
-0.026606
-0.026662
-0.026718
-0.026774
-0.026829
-0.026884
-0.026939
-0.026994
-0.027049
-0.027103
-0.027157
-0.027211
-0.027265
-0.027319
-0.027372
-0.027426
-0.027479
-0.027532
-0.027585
-0.027637
-0.027690
-0.027742
-0.027794
-0.027846
-0.027898
-0.027949
-0.028001
-0.028052
-0.028103
-0.028154
-0.028204
-0.028255
-0.028305
-0.028355
-0.028405
-0.028455
-0.028505
-0.028554
-0.028604
-0.028653
-0.028702
-0.028750
-0.028799
-0.028848
-0.028896
-0.028944
-0.028992
-0.029040
-0.029088
-0.029135
-0.029182
-0.029230
-0.029277
-0.029324
-0.029370
-0.029417
-0.029463
-0.029509
-0.029555
-0.029601
-0.029647
-0.029693
-0.029738
-0.029784
-0.029829
-0.029874
-0.029919
-0.029963
-0.030008
-0.030052
-0.030097
-0.030141
-0.030185
-0.030228
-0.030272
-0.030316
-0.030359
-0.030402
-0.030445
-0.030488
-0.030531
-0.030574
-0.030616
-0.030659
-0.030701
-0.030743
-0.030785
-0.030827
-0.030868
-0.030910
-0.030951
-0.030993
-0.031034
-0.031075
-0.031115
-0.031156
-0.031197
-0.031237
-0.031278
-0.031318
-0.031358
-0.031398
-0.031437
-0.031477
-0.031517
-0.031556
-0.031595
-0.031634
-0.031673
-0.031712
-0.031751
-0.031789
-0.031828
-0.031866
-0.031904
-0.031943
-0.031981
-0.032018
-0.032056
-0.032094
-0.032131
-0.032168
-0.032206
-0.032243
-0.032280
-0.032317
-0.032353
-0.032390
-0.032426
-0.032463
-0.032499
-0.032535
-0.032571
-0.032607
-0.032643
-0.032679
-0.032714
-0.032750
-0.032785
-0.032820
-0.032855
-0.032890
-0.032925
-0.032960
-0.032994
-0.033029
-0.033063
-0.033098
-0.033132
-0.033166
-0.033200
-0.033234
-0.033267
-0.033301
-0.033334
-0.033368
-0.033401
-0.033434
-0.033467
-0.033500
-0.033533
-0.033566
-0.033599
-0.033631
-0.033664
-0.033696
-0.033728
-0.033760
-0.033792
-0.033824
-0.033856
-0.033888
-0.033920
-0.033951
-0.033982
-0.034014
-0.034045
-0.034076
-0.034107
-0.034138
-0.034169
-0.034200
-0.034230
-0.034261
-0.034291
-0.034321
-0.034352
-0.034382
-0.034412
-0.034442
-0.034472
-0.034501
-0.034531
-0.034561
-0.034590
-0.034619
-0.034649
-0.034678
-0.034707
-0.034736
-0.034765
-0.034794
-0.034822
-0.034851
-0.034880
-0.034908
-0.034936
-0.034965
-0.034993
-0.035021
-0.035049
-0.035077
-0.035105
-0.035132
-0.035160
-0.035188
-0.035215
-0.035242
-0.035270
-0.035297
-0.035324
-0.035351
-0.035378
-0.035405
-0.035432
-0.035458
-0.035485
-0.035512
-0.035538
-0.035564
-0.035591
-0.035617
-0.035643
-0.035669
-0.035695
-0.035721
-0.035747
-0.035773
-0.035798
-0.035824
-0.035849
-0.035875
-0.035900
-0.035925
-0.035950
-0.035976
-0.036001
-0.036026
-0.036050
-0.036075
-0.036100
-0.036125
-0.036149
-0.036174
-0.036198
-0.036222
-0.036247
-0.036271
-0.036295
-0.036319
-0.036343
-0.036367
-0.036391
-0.036414
-0.036438
-0.036462
-0.036485
-0.036509
-0.036532
-0.036555
-0.036579
-0.036602
-0.036625
-0.036648
-0.036671
-0.036694
-0.036717
-0.036739
-0.036762
-0.036785
-0.036807
-0.036830
-0.036852
-0.036874
-0.036897
-0.036919
-0.036941
-0.036963
-0.036985
-0.037007
-0.037029
-0.037051
-0.037072
-0.037094
-0.037116
-0.037137
-0.037159
-0.037180
-0.037202
-0.037223
-0.037244
-0.037265
-0.037286
-0.037307
-0.037328
-0.037349
-0.037370
-0.037391
-0.037412
-0.037432
-0.037453
-0.037474
-0.037494
-0.037514
-0.037535
-0.037555
-0.037575
-0.037596
-0.037616
-0.037636
-0.037656
-0.037676
-0.037696
-0.037716
-0.037735
-0.037755
-0.037775
-0.037794
-0.037814
-0.037833
-0.037853
-0.037872
-0.037892
-0.037911
-0.037930
-0.037949
-0.037968
-0.037987
-0.038006
-0.038025
-0.038044
-0.038063
-0.038082
-0.038100
-0.038119
-0.038138
-0.038156
-0.038175
-0.038193
-0.038212
-0.038230
-0.038248
-0.038267
-0.038285
-0.038303
-0.038321
-0.038339
-0.038357
-0.038375
-0.038393
-0.038411
-0.038428
-0.038446
-0.038464
-0.038481
-0.038499
-0.038517
-0.038534
-0.038551
-0.038569
-0.038586
-0.038603
-0.038621
-0.038638
-0.038655
-0.038672
-0.038689
-0.038706
-0.038723
-0.038740
-0.038757
-0.038774
-0.038790
-0.038807
-0.038824
-0.038840
-0.038857
-0.038874
-0.038890
-0.038907
-0.038923
-0.038939
-0.038956
-0.038972
-0.038988
-0.039004
-0.039020
-0.039036
-0.039052
-0.039068
-0.039084
-0.039100
-0.039116
-0.039132
-0.039148
-0.039164
-0.039179
-0.039195
-0.039210
-0.039226
-0.039242
-0.039257
-0.039273
-0.039288
-0.039303
-0.039319
-0.039334
-0.039349
-0.039364
-0.039379
-0.039395
-0.039410
-0.039425
-0.039440
-0.039455
-0.039470
-0.039484
-0.039499
-0.039514
-0.039529
-0.039543
-0.039558
-0.039573
-0.039587
-0.039602
-0.039616
-0.039631
-0.039645
-0.039660
-0.039674
-0.039689
-0.039703
-0.039717
-0.039731
-0.039745
-0.039760
-0.039774
-0.039788
-0.039802
-0.039816
-0.039830
-0.039844
-0.039858
-0.039871
-0.039885
-0.039899
-0.039913
-0.039927
-0.039940
-0.039954
-0.039967
-0.039981
-0.039995
-0.040008
-0.040022
-0.040035
-0.040048
-0.040062
-0.040075
-0.040088
-0.040102
-0.040115
-0.040128
-0.040141
-0.040154
-0.040167
-0.040181
-0.040194
-0.040207
-0.040220
-0.040232
-0.040245
-0.040258
-0.040271
-0.040284
-0.040297
-0.040309
-0.040322
-0.040335
-0.040347
-0.040360
-0.040373
-0.040385
-0.040398
-0.040410
-0.040423
-0.040435
-0.040448
-0.040460
-0.040472
-0.040485
-0.040497
-0.040509
-0.040521
-0.040533
-0.040546
-0.040558
-0.040570
-0.040582
-0.040594
-0.040606
-0.040618
-0.040630
-0.040642
-0.040654
-0.040666
-0.040677
-0.040689
-0.040701
-0.040713
-0.040725
-0.040736
-0.040748
-0.040760
-0.040771
-0.040783
-0.040794
-0.040806
-0.040817
-0.040829
-0.040840
-0.040852
-0.040863
-0.040874
-0.040886
-0.040897
-0.040908
-0.040920
-0.040931
-0.040942
-0.040953
-0.040965
-0.040976
-0.040987
-0.040998
-0.041009
-0.041020
-0.041031
-0.041042
-0.041053
-0.041064
-0.041075
-0.041086
-0.041096
-0.041107
-0.041118
-0.041129
-0.041140
-0.041150
-0.041161
-0.041172
-0.041182
-0.041193
-0.041204
-0.041214
-0.041225
-0.041235
-0.041246
-0.041256
-0.041267
-0.041277
-0.041288
-0.041298
-0.041309
-0.041319
-0.041329
-0.041340
-0.041350
-0.041360
-0.041370
-0.041381
-0.041391
-0.041401
-0.041411
-0.041421
-0.041431
-0.041441
-0.041451
-0.041461
-0.041471
-0.041481
-0.041491
-0.041501
-0.041511
-0.041521
-0.041531
-0.041541
-0.041551
-0.041561
-0.041570
-0.041580
-0.041590
-0.041600
-0.041609
-0.041619
-0.041629
-0.041639
-0.041648
-0.041658
-0.041667
-0.041677
-0.041687
-0.041696
-0.041706
-0.041715
-0.041725
-0.041734
-0.041743
-0.041753
-0.041762
-0.041772
-0.041781
-0.041790
-0.041800
-0.041809
-0.041818
-0.041827
-0.041837
-0.041846
-0.041855
-0.041864
-0.041874
-0.041883
-0.041892
-0.041901
-0.041910
-0.041919
-0.041928
-0.041937
-0.041946
-0.041955
-0.041964
-0.041973
-0.041982
-0.041991
-0.042000
-0.042009
-0.042018
-0.042027
-0.042035
-0.042044
-0.042053
-0.042062
-0.042071
-0.042079
-0.042088
-0.042097
-0.042105
-0.042114
-0.042123
-0.042131
-0.042140
-0.042149
-0.042157
-0.042166
-0.042174
-0.042183
-0.042191
-0.042200
-0.042208
-0.042217
-0.042225
-0.042234
-0.042242
-0.042251
-0.042259
-0.042268
-0.042276
-0.042284
-0.042293
-0.042301
-0.042309
-0.042317
-0.042326
-0.042334
-0.042342
-0.042350
-0.042359
-0.042367
-0.042375
-0.042383
-0.042391
-0.042400
-0.042408
-0.042416
-0.042424
-0.042432
-0.042440
-0.042448
-0.042456
-0.042464
-0.042472
-0.042480
-0.042488
-0.042496
-0.042504
-0.042512
-0.042520
-0.042528
-0.042535
-0.042543
-0.042551
-0.042559
-0.042567
-0.042575
-0.042582
-0.042590
-0.042598
-0.042606
-0.042614
-0.042621
-0.042629
-0.042637
-0.042644
-0.042652
-0.042660
-0.042667
-0.042675
-0.042683
-0.042690
-0.042698
-0.042705
-0.042713
-0.042720
-0.042728
-0.042735
-0.042743
-0.042750
-0.042758
-0.042765
-0.042773
-0.042780
-0.042788
-0.042795
-0.042803
-0.042810
-0.042817
-0.042825
-0.042832
-0.042839
-0.042847
-0.042854
-0.042861
-0.042869
-0.042876
-0.042883
-0.042891
-0.042898
-0.042905
-0.042912
-0.042919
-0.042927
-0.042934
-0.042941
-0.042948
-0.042955
-0.042962
-0.042970
-0.042977
-0.042984
-0.042991
-0.042998
-0.043005
-0.043012
-0.043019
-0.043026
-0.043033
-0.043040
-0.043047
-0.043054
-0.043061
-0.043068
-0.043075
-0.043082
-0.043089
-0.043096
-0.043103
-0.043110
-0.043116
-0.043123
-0.043130
-0.043137
-0.043144
-0.043151
-0.043158
-0.043164
-0.043171
-0.043178
-0.043185
-0.043191
-0.043198
-0.043205
-0.043212
-0.043218
-0.043225
-0.043232
-0.043238
-0.043245
-0.043252
-0.043258
-0.043265
-0.043272
-0.043278
-0.043285
-0.043292
-0.043298
-0.043305
-0.043311
-0.043318
-0.043324
-0.043331
-0.043338
-0.043344
-0.043351
-0.043357
-0.043364
-0.043370
-0.043377
-0.043383
-0.043390
-0.043396
-0.043402
-0.043409
-0.043415
-0.043422
-0.043428
-0.043434
-0.043441
-0.043447
-0.043454
-0.043460
-0.043466
-0.043473
-0.043479
-0.043485
-0.043492
-0.043498
-0.043504
-0.043510
-0.043517
-0.043523
-0.043529
-0.043535
-0.043542
-0.043548
-0.043554
-0.043560
-0.043566
-0.043573
-0.043579
-0.043585
-0.043591
-0.043597
-0.043603
-0.043610
-0.043616
-0.043622
-0.043628
-0.043634
-0.043640
-0.043646
-0.043652
-0.043658
-0.043664
-0.043670
-0.043676
-0.043683
-0.043689
-0.043695
-0.043701
-0.043707
-0.043713
-0.043719
-0.043725
-0.043730
-0.043736
-0.043742
-0.043748
-0.043754
-0.043760
-0.043766
-0.043772
-0.043778
-0.043784
-0.043790
-0.043796
-0.043801
-0.043807
-0.043813
-0.043819
-0.043825
-0.043831
-0.043836
-0.043842
-0.043848
-0.043854
-0.043860
-0.043865
-0.043871
-0.043877
-0.043883
-0.043888
-0.043894
-0.043900
-0.043906
-0.043911
-0.043917
-0.043923
-0.043929
-0.043934
-0.043940
-0.043946
-0.043951
-0.043957
-0.043963
-0.043968

