0.000000
0.000000
-0.000026
-0.000052
-0.000077
-0.000103
-0.000128
-0.000153
-0.000177
-0.000201
-0.000224
-0.000247
-0.000270
-0.000293
-0.000315
-0.000337
-0.000359
-0.000380
-0.000402
-0.000423
-0.000444
-0.000465
-0.000485
-0.000506
-0.000526
-0.000547
-0.000567
-0.000587
-0.000607
-0.000627
-0.000647
-0.000667
-0.000687
-0.000707
-0.000726
-0.000746
-0.000766
-0.000785
-0.000805
-0.000824
-0.000844
-0.000863
-0.000883
-0.000902
-0.000922
-0.000941
-0.000961
-0.000980
-0.001000
-0.001019
-0.001038
-0.001058
-0.001077
-0.001097
-0.001116
-0.001135
-0.001155
-0.001174
-0.001194
-0.001213
-0.001233
-0.001252
-0.001271
-0.001291
-0.001310
-0.001330
-0.001349
-0.001369
-0.001388
-0.001408
-0.001428
-0.001447
-0.001467
-0.001486
-0.001506
-0.001525
-0.001545
-0.001565
-0.001584
-0.001604
-0.001624
-0.001644
-0.001663
-0.001683
-0.001703
-0.001723
-0.001743
-0.001762
-0.001782
-0.001802
-0.001822
-0.001842
-0.001862
-0.001882
-0.001902
-0.001922
-0.001942
-0.001962
-0.001982
-0.002002
-0.002022
-0.002042
-0.002063
-0.002083
-0.002103
-0.002123
-0.002143
-0.002164
-0.002184
-0.002204
-0.002225
-0.002245
-0.002265
-0.002286
-0.002306
-0.002326
-0.002347
-0.002367
-0.002388
-0.002408
-0.002429
-0.002449
-0.002470
-0.002491
-0.002511
-0.002532
-0.002553
-0.002573
-0.002594
-0.002615
-0.002635
-0.002656
-0.002677
-0.002698
-0.002719
-0.002739
-0.002760
-0.002781
-0.002802
-0.002823
-0.002844
-0.002865
-0.002886
-0.002907
-0.002928
-0.002949
-0.002970
-0.002991
-0.003012
-0.003033
-0.003054
-0.003075
-0.003097
-0.003118
-0.003139
-0.003160
-0.003181
-0.003203
-0.003224
-0.003245
-0.003266
-0.003288
-0.003309
-0.003330
-0.003352
-0.003373
-0.003395
-0.003416
-0.003437
-0.003459
-0.003480
-0.003502
-0.003523
-0.003545
-0.003566
-0.003588
-0.003610
-0.003631
-0.003653
-0.003674
-0.003696
-0.003718
-0.003739
-0.003761
-0.003783
-0.003804
-0.003826
-0.003848
-0.003869
-0.003891
-0.003913
-0.003935
-0.003956
-0.003978
-0.004000
-0.004022
-0.004044
-0.004066
-0.004088
-0.004109
-0.004131
-0.004153
-0.004175
-0.004197
-0.004219
-0.004241
-0.004263
-0.004285
-0.004307
-0.004329
-0.004351
-0.004373
-0.004395
-0.004417
-0.004439
-0.004461
-0.004483
-0.004505
-0.004527
-0.004550
-0.004572
-0.004594
-0.004616
-0.004638
-0.004660
-0.004683
-0.004705
-0.004727
-0.004749
-0.004771
-0.004794
-0.004816
-0.004838
-0.004860
-0.004883
-0.004905
-0.004927
-0.004949
-0.004972
-0.004994
-0.005016
-0.005039
-0.005061
-0.005083
-0.005106
-0.005128
-0.005150
-0.005173
-0.005195
-0.005218
-0.005240
-0.005262
-0.005285
-0.005307
-0.005330
-0.005352
-0.005375
-0.005397
-0.005419
-0.005442
-0.005464
-0.005487
-0.005509
-0.005532
-0.005554
-0.005577
-0.005599
-0.005622
-0.005644
-0.005667
-0.005690
-0.005712
-0.005735
-0.005757
-0.005780
-0.005802
-0.005825
-0.005847
-0.005870
-0.005893
-0.005915
-0.005938
-0.005960
-0.005983
-0.006006
-0.006028
-0.006051
-0.006073
-0.006096
-0.006119
-0.006141
-0.006164
-0.006187
-0.006209
-0.006232
-0.006255
-0.006277
-0.006300
-0.006323
-0.006345
-0.006368
-0.006391
-0.006413
-0.006436
-0.006459
-0.006482
-0.006504
-0.006527
-0.006550
-0.006572
-0.006595
-0.006618
-0.006641
-0.006663
-0.006686
-0.006709
-0.006731
-0.006754
-0.006777
-0.006800
-0.006822
-0.006845
-0.006868
-0.006891
-0.006913
-0.006936
-0.006959
-0.006982
-0.007004
-0.007027
-0.007050
-0.007073
-0.007095
-0.007118
-0.007141
-0.007164
-0.007187
-0.007209
-0.007232
-0.007255
-0.007278
-0.007300
-0.007323
-0.007346
-0.007369
-0.007392
-0.007414
-0.007437
-0.007460
-0.007483
-0.007505
-0.007528
-0.007551
-0.007574
-0.007597
-0.007619
-0.007642
-0.007665
-0.007688
-0.007711
-0.007733
-0.007756
-0.007779
-0.007802
-0.007825
-0.007847
-0.007870
-0.007893
-0.007916
-0.007939
-0.007961
-0.007984
-0.008007
-0.008030
-0.008052
-0.008075
-0.008098
-0.008121
-0.008144
-0.008166
-0.008189
-0.008212
-0.008235
-0.008258
-0.008280
-0.008303
-0.008326
-0.008349
-0.008371
-0.008394
-0.008417
-0.008440
-0.008462
-0.008485
-0.008508
-0.008531
-0.008554
-0.008576
-0.008599
-0.008622
-0.008645
-0.008667
-0.008690
-0.008713
-0.008736
-0.008758
-0.008781
-0.008804
-0.008827
-0.008849
-0.008872
-0.008895
-0.008917
-0.008940
-0.008963
-0.008986
-0.009008
-0.009031
-0.009054
-0.009077
-0.009099
-0.009122
-0.009145
-0.009167
-0.009190
-0.009213
-0.009235
-0.009258
-0.009281
-0.009304
-0.009326
-0.009349
-0.009372
-0.009394
-0.009417
-0.009440
-0.009462
-0.009485
-0.009508
-0.009530
-0.009553
-0.009576
-0.009598
-0.009621
-0.009643
-0.009666
-0.009689
-0.009711
-0.009734
-0.009757
-0.009779
-0.009802
-0.009824
-0.009847
-0.009870
-0.009892
-0.009915
-0.009937
-0.009960
-0.009983
-0.010005
-0.010028
-0.010050
-0.010073
-0.010095
-0.010118
-0.010141
-0.010163
-0.010186
-0.010208
-0.010231
-0.010253
-0.010276
-0.010298
-0.010321
-0.010343
-0.010366
-0.010388
-0.010411
-0.010433
-0.010456
-0.010478
-0.010501
-0.010523
-0.010546
-0.010568
-0.010591
-0.010613
-0.010636
-0.010658
-0.010680
-0.010703
-0.010725
-0.010748
-0.010770
-0.010793
-0.010815
-0.010837
-0.010860
-0.010882
-0.010905
-0.010927
0.639416
2.174372
4.643036
7.562585
10.703819
13.924180
17.138813
20.301319
23.663323
28.167962
35.709960
43.692463
48.935736
51.942709
53.478740
54.027254
54.444893
55.138245
55.941920
56.446134
56.407387
55.815220
54.715984
53.175986
51.286127
49.144671
46.847320
44.486944
42.143758
39.875743
37.724123
35.724045
33.904745
32.284627
30.869759
29.657495
28.637207
27.789101
27.087809
26.507095
26.022693
25.614519
25.266052
24.964082
24.697794
24.458589
24.239429
24.034681
23.839787
23.651092
23.465698
23.281367
23.096479
22.909794
22.720583
22.528436
22.333244
22.135150
21.934484
21.731730
21.527536
21.322508
21.117312
20.912548
20.708757
20.506387
20.305812
20.107329
19.911136
19.717357
19.526055
19.337208
19.150788
18.966798
18.785171
18.605850
18.428734
18.253735
18.080811
17.909858
17.740873
17.573755
17.408520
17.245122
17.083496
16.923647
16.765546
16.609218
16.454621
16.301742
16.150569
16.001149
15.853440
15.707437
15.563192
15.420656
15.279818
15.140746
15.003394
14.867748
14.733860
14.601721
14.471300
14.342627
14.215688
14.090517
13.967128
13.845482
13.725606
13.607503
13.491180
13.376634
13.263861
13.152890
13.043659
12.936226
12.830528
12.726595
12.624373
12.523884
12.425063
12.327935
12.232446
12.138594
12.046332
11.955630
11.866479
11.778833
11.692685
11.607987
11.524723
11.442847
11.362334
11.283166
11.205309
11.128729
11.053420
10.979325
10.906441
10.834725
10.764149
10.694708
10.626359
10.559071
10.492847
10.427639
10.363437
10.300215
10.237956
10.176629
10.116217
10.056709
9.998066
9.940276
9.883322
9.827191
9.771849
9.717284
9.663494
9.610444
9.558113
9.506496
9.455581
9.405342
9.355759
9.306823
9.258528
9.210850
9.163773
9.117286
9.071376
9.026040
8.981253
8.937000
8.893273
8.850061
8.807360
8.765149
8.723414
8.682146
8.641343
8.600995
8.561085
8.521602
8.482535
8.443881
8.405634
8.367781
8.330311
8.293215
8.256484
8.220119
8.184111
8.148446
8.113117
8.078117
8.043438
8.009081
7.975037
7.941298
7.907855
7.874701
7.841831
7.809239
7.776931
7.744891
7.713112
7.681590
7.650320
7.619296
7.588519
7.557985
7.527685
7.497612
7.467764
7.438136
7.408724
7.379525
7.350542
7.321762
7.293185
7.264804
7.236617
7.208619
7.180808
7.153186
7.125747
7.098486
7.071399
7.044483
7.017736
6.991154
6.964736
6.938484
6.912392
6.886456
6.860672
6.835039
6.809554
6.784215
6.759021
6.733971
6.709064
6.684294
6.659661
6.635160
6.610792
6.586553
6.562443
6.538460
6.514606
6.490876
6.467267
6.443779
6.420407
6.397153
6.374014
6.350989
6.328077
6.305280
6.282592
6.260015
6.237543
6.215177
6.192917
6.170758
6.148702
6.126747
6.104895
6.083145
6.061491
6.039936
6.018475
5.997110
5.975838
5.954659
5.933570
5.912575
5.891670
5.870857
5.850133
5.829496
5.808946
5.788482
5.768102
5.747806
5.727594
5.707465
5.687419
5.667458
5.647578
5.627777
5.608057
5.588414
5.568849
5.549362
5.529951
5.510616
5.491358
5.472176
5.453071
5.434040
5.415082
5.396197
5.377384
5.358642
5.339971
5.321372
5.302842
5.284383
5.265993
5.247676
5.229427
5.211245
5.193131
5.175084
5.157103
5.139188
5.121338
5.103554
5.085835
5.068181
5.050592
5.033070
5.015611
4.998215
4.980881
4.963609
4.946399
4.929250
4.912162
4.895136
4.878170
4.861263
4.844419
4.827634
4.810911
4.794247
4.777641
4.761093
4.744602
4.728169
4.711794
4.695475
4.679213
4.663008
4.646859
4.630767
4.614731
4.598753
4.582831
4.566963
4.551149
4.535389
4.519683
4.504031
4.488432
4.472886
4.457393
4.441954
4.426568
4.411235
4.395956
4.380729
4.365554
4.350431
4.335358
4.320336
4.305364
4.290443
4.275572
4.260751
4.245980
4.231259
4.216587
4.201966
4.187395
4.172874
4.158402
4.143979
4.129603
4.115275
4.100995
4.086761
4.072576
4.058437
4.044346
4.030301
4.016304
4.002352
3.988449
3.974592
3.960783
3.947020
3.933303
3.919631
3.906004
3.892421
3.878883
3.865389
3.851940
3.838535
3.825175
3.811858
3.798586
3.785358
3.772174
3.759035
3.745940
3.732888
3.719880
3.706914
3.693990
3.681108
3.668268
3.655470
3.642714
3.629999
3.617327
3.604695
3.592105
3.579557
3.567050
3.554585
3.542162
3.529781
3.517440
3.505139
3.492878
3.480657
3.468476
3.456334
3.444231
3.432168
3.420144
3.408158
3.396212
3.384306
3.372437
3.360608
3.348818
3.337068
3.325356
3.313683
3.302049
3.290452
3.278893
3.267371
3.255886
3.244438
3.233028
3.221653
3.210316
3.199015
3.187751
3.176524
3.165333
3.154179
3.143061
3.131980
3.120936
3.109929
3.098957
3.088021
3.077121
3.066256
3.055426
3.044631
3.033870
3.023145
3.012453
3.001796
2.991173
2.980585
2.970031
2.959511
2.949025
2.938574
2.928156
2.917773
2.907425
2.897110
2.886830
2.876582
2.866368
2.856187
2.846039
2.835923
2.825840
2.815789
2.805771
2.795784
2.785830
2.775908
2.766018
2.756159
2.746333
2.736538
2.726776
2.717045
2.707346
2.697679
2.688044
2.678441
2.668868
2.659327
2.649817
2.640338
2.630889
2.621470
2.612082
2.602724
2.593396
2.584097
2.574829
2.565591
2.556382
2.547203
2.538053
2.528933
2.519843
2.510782
2.501751
2.492750
2.483778
2.474836
2.465923
2.457039
2.448184
2.439358
2.430560
2.421790
2.413049
2.404336
2.395651
2.386994
2.378365
2.369764
2.361190
2.352644
2.344126
2.335634
2.327171
2.318734
2.310325
2.301944
2.293589
2.285262
2.276962
2.268690
2.260445
2.252228
2.244037
2.235872
2.227734
2.219623
2.211537
2.203478
2.195445
2.187438
2.179457
2.171501
2.163572
2.155667
2.147789
2.139935
2.132108
2.124305
2.116527
2.108775
2.101048
2.093346
2.085670
2.078018
2.070391
2.062790
2.055214
2.047663
2.040136
2.032635
2.025158
2.017705
2.010277
2.002872
1.995492
1.988136
1.980804
1.973495
1.966210
1.958949
1.951712
1.944498
1.937307
1.930140
1.922996
1.915875
1.908777
1.901702
1.894651
1.887622
1.880616
1.873634
1.866674
1.859737
1.852823
1.845932
1.839064
1.832219
1.825397
1.818597
1.811819
1.805064
1.798330
1.791619
1.784930
1.778263
1.771617
1.764993
1.758391
1.751811
1.745252
1.738714
1.732198
1.725704
1.719230
1.712778
1.706347
1.699937
1.693548
1.687180
1.680833
1.674506
1.668201
1.661916
1.655652
1.649409
1.643187
1.636986
1.630805
1.624645
1.618505
1.612387
1.606288
1.600210
1.594152
1.588114
1.582096
1.576098
1.570119
1.564161
1.558222
1.552303
1.546404
1.540524
1.534664
1.528823
1.523001
1.517199
1.511416
1.505652
1.499907
1.494181
1.488475
1.482787
1.477118
1.471468
1.465837
1.460225
1.454631
1.449056
1.443500
1.437962
1.432443
1.426943
1.421461
1.415998
1.410554
1.405128
1.399720
1.394331
1.388959
1.383606
1.378271
1.372954
1.367655
1.362373
1.357110
1.351864
1.346636
1.341425
1.336232
1.331057
1.325898
1.320758
1.315634
1.310528
1.305440
1.300368
1.295314
1.290276
1.285256
1.280253
1.275267
1.270297
1.265345
1.260409
1.255490
1.250588
1.245702
1.240833
1.235981
1.231145
1.226326
1.221523
1.216737
1.211967
1.207214
1.202477
1.197757
1.193053
1.188366
1.183695
1.179039
1.174400
1.169777
1.165170
1.160578
1.156003
1.151443
1.146899
1.142371
1.137858
1.133361
1.128879
1.124413
1.119963
1.115528
1.111108
1.106703
1.102314
1.097940
1.093581
1.089238
1.084909
1.080596
1.076298
1.072014
1.067746
1.063492
1.059253
1.055030
1.050820
1.046626
1.042446
1.038281
1.034131
1.029995
1.025874
1.021767
1.017675
1.013597
1.009533
1.005484
1.001450
0.997430
0.993424
0.989432
0.985455
0.981492
0.977543
0.973608
0.969687
0.965781
0.961888
0.958009
0.954144
0.950293
0.946456
0.942632
0.938822
0.935026
0.931243
0.927474
0.923719
0.919976
0.916248
0.912533
0.908831
0.905142
0.901467
0.897805
0.894157
0.890521
0.886899
0.883289
0.879693
0.876110
0.872540
0.868983
0.865439
0.861908
0.858389
0.854884
0.851391
0.847911
0.844444
0.840989
0.837547
0.834118
0.830701
0.827297
0.823905
0.820526
0.817159
0.813805
0.810463
0.807133
0.803816
0.800511
0.797218
0.793937
0.790669
0.787413
0.784169
0.780937
0.777717
0.774510
0.771314
0.768131
0.764959
0.761799
0.758652
0.755516
0.752392
0.749280
0.746179
0.743090
0.740013
0.736947
0.733893
0.730851
0.727820
0.724800
0.721792
0.718796
0.715810
0.712836
0.709874
0.706922
0.703982
0.701053
0.698136
0.695229
0.692334
0.689449
0.686576
0.683714
0.680863
0.678022
0.675193
0.672374
0.669567
0.666770
0.663984
0.661208
0.658444
0.655690
0.652947
0.650214
0.647493
0.644781
0.642080
0.639390
0.636710
0.634041
0.631382
0.628734
0.626096
0.623468
0.620850
0.618243
0.615646
0.613059
0.610483
0.607916
0.605360
0.602814
0.600278
0.597751
0.595235
0.592729
0.590233
0.587746
0.585270
0.582803
0.580347
0.577900
0.575462
0.573035
0.570617
0.568209
0.565811
0.563422
0.561043
0.558673
0.556314
0.553963
0.551622
0.549291
0.546969
0.544657
0.542353
0.540059
0.537775
0.535499
0.533233
0.530976
0.528729
0.526490
0.524261
0.522040
0.519829
0.517626
0.515433
0.513249
0.511073
0.508907
0.506749
0.504600
0.502460
0.500329
0.498206
0.496092
0.493987
0.491891
0.489803
0.487724
0.485653
0.483591
0.481538
0.479493
0.477456
0.475428
0.473408
0.471397
0.469394
0.467399
0.465412
0.463434
0.461464
0.459503
0.457549
0.455604
0.453666
0.451737
0.449816
0.447903
0.445998
0.444101
0.442212
0.440330
0.438457
0.436592
0.434734
0.432884
0.431042
0.429208
0.427381
0.425562
0.423751
0.421948
0.420152
0.418363
0.416583
0.414809
0.413044
0.411285
0.409534
0.407791
0.406055
0.404326
0.402605
0.400891
0.399184
0.397485
0.395792
0.394107
0.392429
0.390759
0.389095
0.387438
0.385789
0.384146
0.382511
0.380882
0.379261
0.377646
0.376039
0.374438
0.372844
0.371257
0.369676
0.368103
0.366536
0.364975
0.363422
0.361875
0.360335
0.358801
0.357274
0.355754
0.354240
0.352732
0.351231
0.349737
0.348249
0.346767
0.345292
0.343823
0.342360
0.340904
0.339454
0.338010
0.336573
0.335142
0.333716
0.332297
0.330884
0.329478
0.328077
0.326682
0.325293
0.323910
0.322534
0.321163
0.319798
0.318438
0.317085
0.315738
0.314396
0.313060
0.311730
0.310405
0.309087
0.307773
0.306466
0.305164
0.303868
0.302577
0.301292
0.300012
0.298738
0.297470
0.296206
0.294949
0.293696
0.292449
0.291208
0.289971
0.288740
0.287515
0.286294
0.285079
0.283869
0.282664
0.281464
0.280269
0.279080
0.277896
0.276716
0.275542
0.274373
0.273208
0.272049
0.270895
0.269745
0.268601
0.267461
0.266326
0.265196
0.264071
0.262951
0.261835
0.260724
0.259618
0.258517
0.257420
0.256328
0.255240
0.254157
0.253079
0.252005
0.250936
0.249872
0.248811
0.247756
0.246705
0.245658
0.244615
0.243577
0.242544
0.241515
0.240490
0.239469
0.238453
0.237441
0.236433
0.235429
0.234430
0.233435
0.232444
0.231457
0.230474
0.229495
0.228521
0.227550
0.226584
0.225621
0.224663
0.223709
0.222758
0.221811
0.220869
0.219930
0.218995
0.218064
0.217137
0.216214
0.215295
0.214379
0.213467
0.212559
0.211654
0.210754
0.209857
0.208963
0.208074
0.207188
0.206305
0.205427
0.204552
0.203680
0.202812
0.201947
0.201086
0.200229
0.199375
0.198524
0.197677
0.196834
0.195993
0.195157
0.194323
0.193493
0.192666
0.191843
0.191023
0.190206
0.189392
0.188582
0.187775
0.186971
0.186171
0.185374
0.184579
0.183788
0.183001
0.182216
0.181434
0.180656
0.179880
0.179108
0.178339
0.177573
0.176809
0.176049
0.175292
0.174538
0.173787
0.173038
0.172293
0.171551
0.170811
0.170075
0.169341
0.168610
0.167882
0.167157
0.166435
0.165715
0.164998
0.164284
0.163573
0.162865
0.162159
0.161456
0.160756
0.160059
0.159364
0.158672
0.157982
0.157295
0.156611
0.155929
0.155251
0.154574
0.153900
0.153229
0.152561
0.151894
0.151231
0.150570
0.149911
0.149255
0.148602
0.147951
0.147302
0.146656
0.146012
0.145371
0.144732
0.144096
0.143462
0.142830
0.142201
0.141574
0.140949
0.140327
0.139707
0.139089
0.138474
0.137861
0.137250
0.136642
0.136035
0.135431
0.134830
0.134230
0.133633
0.133038
0.132445
0.131854
0.131266
0.130680
0.130095
0.129513
0.128934
0.128356
0.127780
0.127207
0.126635
0.126066
0.125499
0.124933
0.124370
0.123809
0.123250
0.122693
0.122138
0.121585
0.121034
0.120485
0.119938
0.119393
0.118850
0.118309
0.117770
0.117233
0.116698
0.116164
0.115633
0.115103
0.114576
0.114050
0.113526
0.113004
0.112484
0.111966
0.111449
0.110935
0.110422
0.109911
0.109402
0.108894
0.108389
0.107885
0.107383
0.106883
0.106385
0.105888
0.105393
0.104900
0.104409
0.103919
0.103431
0.102945
0.102460
0.101977
0.101496
0.101017
0.100539
0.100063
0.099588
0.099116
0.098645
0.098175
0.097707
0.097241
0.096776
0.096313
0.095852
0.095392
0.094934
0.094477
0.094022
0.093569
0.093117
0.092667
0.092218
0.091771
0.091325
0.090881
0.090439
0.089998
0.089558
0.089120
0.088684
0.088249
0.087815
0.087383
0.086953
0.086523
0.086096
0.085670
0.085245
0.084822
0.084400
0.083980
0.083561
0.083143
0.082727
0.082313
0.081900
0.081488
0.081077
0.080668
0.080261
0.079855
0.079450
0.079046
0.078644
0.078244
0.077844
0.077446
0.077050
0.076654
0.076260
0.075868
0.075476
0.075086
0.074698
0.074310
0.073924
0.073539
0.073156
0.072774
0.072393
0.072013
0.071635
0.071258
0.070882
0.070508
0.070135
0.069763
0.069392
0.069022
0.068654
0.068287
0.067921
0.067557
0.067193
0.066831
0.066470
0.066111
0.065752
0.065395
0.065039
0.064684
0.064330
0.063978
0.063626
0.063276
0.062927
0.062579
0.062233
0.061887
0.061543
0.061200
0.060858
0.060517
0.060177
0.059838
0.059501
0.059164
0.058829
0.058495
0.058162
0.057830
0.057499
0.057169
0.056840
0.056513
0.056186
0.055861
0.055537
0.055213
0.054891
0.054570
0.054250
0.053931
0.053613
0.053297
0.052981
0.052666
0.052352
0.052040
0.051728
0.051417
0.051108
0.050799
0.050492
0.050185
0.049880
0.049575
0.049272
0.048969
0.048668
0.048367
0.048068
0.047769
0.047472
0.047175
0.046880
0.046585
0.046292
0.045999
0.045708
0.045417
0.045127
0.044838
0.044551
0.044264
0.043978
0.043693
0.043409
0.043126
0.042844
0.042562
0.042282
0.042003
0.041724
0.041447
0.041170
0.040894
0.040620
0.040346
0.040073
0.039801
0.039530
0.039259
0.038990
0.038721
0.038454
0.038187
0.037921
0.037656
0.037392
0.037129
0.036866
0.036605
0.036344
0.036084
0.035826
0.035567
0.035310
0.035054
0.034798
0.034544
0.034290
0.034037
0.033785
0.033533
0.033283
0.033033
0.032784
0.032536
0.032289
0.032042
0.031797
0.031552
0.031308
0.031065
0.030822
0.030581
0.030340
0.030100
0.029861
0.029622
0.029385
0.029148
0.028912
0.028676
0.028442
0.028208
0.027975
0.027743
0.027511
0.027281
0.027051
0.026822
0.026593
0.026366
0.026139
0.025912
0.025687
0.025462
0.025238
0.025015
0.024793
0.024571
0.024350
0.024130
0.023910
0.023691
0.023473
0.023256
0.023039
0.022823
0.022608
0.022393
0.022180
0.021966
0.021754
0.021542
0.021331
0.021121
0.020911
0.020702
0.020494
0.020286
0.020080
0.019873
0.019668
0.019463
0.019259
0.019055
0.018852
0.018650
0.018449
0.018248
0.018048
0.017848
0.017649
0.017451
0.017254
0.017057
0.016861
0.016665
0.016470
0.016276
0.016082
0.015889
0.015697
0.015505
0.015314
0.015123
0.014933
0.014744
0.014555
0.014367
0.014180
0.013993
0.013807
0.013622
0.013437
0.013252
0.013069
0.012886
0.012703
0.012521
0.012340
0.012159
0.011979
0.011800
0.011621
0.011443
0.011265
0.011088
0.010911
0.010735
0.010560
0.010385
0.010211
0.010037
0.009864
0.009691
0.009520
0.009348
0.009177
0.009007
0.008837
0.008668
0.008500
0.008332
0.008164
0.007997
0.007831
0.007665
0.007500
0.007335
0.007171
0.007008
0.006845
0.006682
0.006520
0.006359
0.006198
0.006037
0.005877
0.005718
0.005559
0.005401
0.005243
0.005086
0.004929
0.004773
0.004617
0.004462
0.004308
0.004153
0.004000
0.003847
0.003694
0.003542
0.003390
0.003239
0.003089
0.002938
0.002789
0.002640
0.002491
0.002343
0.002195
0.002048
0.001902
0.001755
0.001610
0.001464
0.001320
0.001175
0.001032
0.000888
0.000746
0.000603
0.000461
0.000320
0.000179
0.000038
-0.000102
-0.000241
-0.000380
-0.000519
-0.000657
-0.000795
-0.000932
-0.001069
-0.001205
-0.001341
-0.001476
-0.001611
-0.001746
-0.001880
-0.002014
-0.002147
-0.002280
-0.002412
-0.002544
-0.002675
-0.002807
-0.002937
-0.003067
-0.003197
-0.003326
-0.003455
-0.003584
-0.003712
-0.003839
-0.003966
-0.004093
-0.004219
-0.004345
-0.004471
-0.004596
-0.004721
-0.004845
-0.004969
-0.005092
-0.005215
-0.005338
-0.005460
-0.005582
-0.005703
-0.005824
-0.005945
-0.006065
-0.006185
-0.006304
-0.006423
-0.006542
-0.006660
-0.006778
-0.006895
-0.007012
-0.007129
-0.007245
-0.007361
-0.007477
-0.007592
-0.007707
-0.007821
-0.007935
-0.008049
-0.008162
-0.008275
-0.008387
-0.008499
-0.008611
-0.008722
-0.008833
-0.008944
-0.009054
-0.009164
-0.009274
-0.009383
-0.009492
-0.009600
-0.009708
-0.009816
-0.009923
-0.010030
-0.010137
-0.010243
-0.010349
-0.010455
-0.010560
-0.010665
-0.010770
-0.010874
-0.010978
-0.011081
-0.011184
-0.011287
-0.011390
-0.011492
-0.011594
-0.011695
-0.011796
-0.011897
-0.011998
-0.012098
-0.012198
-0.012297
-0.012396
-0.012495
-0.012594
-0.012692
-0.012790
-0.012887
-0.012984
-0.013081
-0.013178
-0.013274
-0.013370
-0.013466
-0.013561
-0.013656
-0.013751
-0.013845
-0.013939
-0.014033
-0.014126
-0.014219
-0.014312
-0.014405
-0.014497
-0.014589
-0.014680
-0.014772
-0.014863
-0.014953
-0.015044
-0.015134
-0.015224
-0.015313
-0.015402
-0.015491
-0.015580
-0.015668
-0.015756
-0.015844
-0.015931
-0.016018
-0.016105
-0.016192
-0.016278
-0.016364
-0.016450
-0.016535
-0.016621
-0.016705
-0.016790
-0.016874
-0.016958
-0.017042
-0.017126
-0.017209
-0.017292
-0.017375
-0.017457
-0.017539
-0.017621
-0.017703
-0.017784
-0.017865
-0.017946
-0.018026
-0.018106
-0.018186
-0.018266
-0.018346
-0.018425
-0.018504
-0.018582
-0.018661
-0.018739
-0.018817
-0.018895
-0.018972
-0.019049
-0.019126
-0.019203
-0.019279
-0.019355
-0.019431
-0.019507
-0.019582
-0.019657
-0.019732
-0.019807
-0.019881
-0.019955
-0.020029
-0.020103
-0.020176
-0.020250
-0.020322
-0.020395
-0.020468
-0.020540
-0.020612
-0.020684
-0.020755
-0.020826
-0.020897
-0.020968
-0.021039
-0.021109
-0.021179
-0.021249
-0.021319
-0.021388
-0.021458
-0.021527
-0.021595
-0.021664
-0.021732
-0.021800
-0.021868
-0.021936
-0.022003
-0.022070
-0.022137
-0.022204
-0.022271
-0.022337
-0.022403
-0.022469
-0.022535
-0.022600
-0.022666
-0.022731
-0.022795
-0.022860
-0.022924
-0.022989
-0.023053
-0.023116
-0.023180
-0.023243
-0.023307
-0.023369
-0.023432
-0.023495
-0.023557
-0.023619
-0.023681
-0.023743
-0.023804
-0.023866
-0.023927
-0.023988
-0.024049
-0.024109
-0.024170
-0.024230
-0.024290
-0.024349
-0.024409
-0.024468
-0.024528
-0.024586
-0.024645
-0.024704
-0.024762
-0.024821
-0.024879
-0.024936
-0.024994
-0.025052
-0.025109
-0.025166
-0.025223
-0.025280
-0.025336
-0.025393
-0.025449
-0.025505
-0.025561
-0.025616
-0.025672
-0.025727
-0.025782
-0.025837
-0.025892
-0.025946
-0.026001
-0.026055
-0.026109
-0.026163
-0.026217
-0.026270
-0.026324
-0.026377
-0.026430
-0.026483
-0.026535
-0.026588
-0.026640
-0.026692
-0.026744
-0.026796
-0.026848
-0.026899
-0.026951
-0.027002
-0.027053
-0.027104
-0.027154
-0.027205
-0.027255
-0.027305
-0.027355
-0.027405
-0.027455
-0.027505
-0.027554
-0.027603
-0.027652
-0.027701
-0.027750
-0.027799
-0.027847
-0.027895
-0.027944
-0.027992
-0.028039
-0.028087
-0.028135
-0.028182
-0.028229
-0.028276
-0.028323
-0.028370
-0.028417
-0.028463
-0.028510
-0.028556
-0.028602
-0.028648
-0.028693
-0.028739
-0.028785
-0.028830
-0.028875
-0.028920
-0.028965
-0.029010
-0.029054
-0.029099
-0.029143
-0.029187
-0.029231
-0.029275
-0.029319
-0.029363
-0.029406
-0.029450
-0.029493
-0.029536
-0.029579
-0.029622
-0.029664
-0.029707
-0.029749
-0.029791
-0.029834
-0.029876
-0.029918
-0.029959
-0.030001
-0.030042
-0.030084
-0.030125
-0.030166
-0.030207
-0.030248
-0.030289
-0.030329
-0.030370
-0.030410
-0.030450
-0.030490
-0.030530
-0.030570
-0.030610
-0.030649
-0.030689
-0.030728
-0.030767
-0.030806
-0.030845
-0.030884
-0.030923
-0.030961
-0.031000
-0.031038
-0.031077
-0.031115
-0.031153
-0.031191
-0.031228
-0.031266
-0.031304
-0.031341
-0.031378
-0.031415
-0.031453
-0.031490
-0.031526
-0.031563
-0.031600
-0.031636
-0.031673
-0.031709
-0.031745
-0.031781
-0.031817
-0.031853
-0.031889
-0.031924
-0.031960
-0.031995
-0.032030
-0.032066
-0.032101
-0.032136
-0.032170
-0.032205
-0.032240
-0.032274
-0.032309
-0.032343
-0.032377
-0.032411
-0.032446
-0.032479
-0.032513
-0.032547
-0.032581
-0.032614
-0.032647
-0.032681
-0.032714
-0.032747
-0.032780
-0.032813
-0.032846
-0.032878
-0.032911
-0.032943
-0.032976
-0.033008
-0.033040
-0.033072
-0.033104
-0.033136
-0.033168
-0.033200
-0.033231
-0.033263
-0.033294
-0.033326
-0.033357
-0.033388
-0.033419
-0.033450
-0.033481
-0.033512
-0.033542
-0.033573
-0.033603
-0.033634
-0.033664
-0.033694
-0.033724
-0.033755
-0.033784
-0.033814
-0.033844
-0.033874
-0.033903
-0.033933
-0.033962
-0.033992
-0.034021
-0.034050
-0.034079
-0.034108
-0.034137
-0.034166
-0.034194
-0.034223
-0.034252
-0.034280
-0.034309
-0.034337
-0.034365
-0.034393
-0.034421
-0.034449
-0.034477
-0.034505
-0.034533
-0.034560
-0.034588
-0.034615
-0.034643
-0.034670
-0.034697
-0.034724
-0.034751
-0.034778
-0.034805
-0.034832
-0.034859
-0.034886
-0.034912
-0.034939
-0.034965
-0.034992
-0.035018
-0.035044
-0.035070
-0.035096
-0.035122
-0.035148
-0.035174
-0.035200
-0.035225
-0.035251
-0.035277
-0.035302
-0.035327
-0.035353
-0.035378
-0.035403
-0.035428
-0.035453
-0.035478
-0.035503
-0.035528
-0.035553
-0.035577
-0.035602
-0.035626
-0.035651
-0.035675
-0.035700
-0.035724
-0.035748
-0.035772
-0.035796
-0.035820
-0.035844
-0.035868
-0.035892
-0.035915
-0.035939
-0.035963
-0.035986
-0.036009
-0.036033
-0.036056
-0.036079
-0.036102
-0.036126
-0.036149
-0.036172
-0.036194
-0.036217
-0.036240
-0.036263
-0.036285
-0.036308
-0.036331
-0.036353
-0.036375
-0.036398
-0.036420
-0.036442
-0.036464
-0.036486
-0.036508
-0.036530
-0.036552
-0.036574
-0.036596
-0.036618
-0.036639
-0.036661
-0.036682
-0.036704
-0.036725
-0.036747
-0.036768
-0.036789
-0.036810
-0.036831
-0.036853
-0.036874
-0.036894
-0.036915
-0.036936
-0.036957
-0.036978
-0.036998
-0.037019
-0.037039
-0.037060
-0.037080
-0.037101
-0.037121
-0.037141
-0.037162
-0.037182
-0.037202
-0.037222
-0.037242
-0.037262
-0.037282
-0.037302
-0.037321
-0.037341
-0.037361
-0.037380
-0.037400
-0.037419
-0.037439
-0.037458
-0.037478
-0.037497
-0.037516
-0.037535
-0.037554
-0.037574
-0.037593
-0.037612
-0.037630
-0.037649
-0.037668
-0.037687
-0.037706
-0.037724
-0.037743
-0.037762
-0.037780
-0.037799
-0.037817
-0.037836
-0.037854
-0.037872
-0.037890
-0.037909
-0.037927
-0.037945
-0.037963
-0.037981
-0.037999
-0.038017
-0.038035
-0.038052
-0.038070
-0.038088
-0.038106
-0.038123
-0.038141
-0.038158
-0.038176
-0.038193
-0.038211
-0.038228
-0.038245
-0.038263
-0.038280
-0.038297
-0.038314
-0.038331
-0.038348
-0.038365
-0.038382
-0.038399
-0.038416
-0.038433
-0.038450
-0.038466
-0.038483
-0.038500
-0.038516
-0.038533
-0.038550
-0.038566
-0.038582
-0.038599
-0.038615
-0.038632
-0.038648
-0.038664
-0.038680
-0.038696
-0.038712
-0.038729
-0.038745
-0.038761
-0.038777
-0.038792
-0.038808
-0.038824
-0.038840
-0.038856
-0.038871
-0.038887
-0.038903
-0.038918
-0.038934
-0.038949
-0.038965
-0.038980
-0.038996
-0.039011
-0.039026
-0.039042
-0.039057
-0.039072
-0.039087
-0.039102
-0.039118
-0.039133
-0.039148
-0.039163
-0.039178
-0.039192
-0.039207
-0.039222
-0.039237
-0.039252
-0.039266
-0.039281
-0.039296
-0.039310
-0.039325
-0.039340
-0.039354
-0.039369
-0.039383
-0.039397
-0.039412
-0.039426
-0.039441
-0.039455
-0.039469
-0.039483
-0.039497
-0.039512
-0.039526
-0.039540
-0.039554
-0.039568
-0.039582
-0.039596
-0.039610
-0.039623
-0.039637
-0.039651
-0.039665
-0.039679
-0.039692
-0.039706
-0.039720
-0.039733
-0.039747
-0.039760
-0.039774
-0.039787
-0.039801
-0.039814
-0.039828
-0.039841
-0.039854
-0.039868
-0.039881
-0.039894
-0.039907
-0.039920
-0.039934
-0.039947
-0.039960
-0.039973
-0.039986
-0.039999
-0.040012
-0.040025
-0.040038
-0.040051
-0.040063
-0.040076
-0.040089
-0.040102
-0.040114
-0.040127
-0.040140
-0.040152
-0.040165
-0.040178
-0.040190
-0.040203
-0.040215
-0.040228
-0.040240
-0.040253
-0.040265
-0.040277
-0.040290
-0.040302
-0.040314
-0.040326
-0.040339
-0.040351
-0.040363
-0.040375
-0.040387
-0.040399
-0.040411
-0.040423
-0.040435
-0.040447
-0.040459
-0.040471
-0.040483
-0.040495
-0.040507
-0.040519
-0.040531
-0.040542
-0.040554
-0.040566
-0.040577
-0.040589
-0.040601
-0.040612
-0.040624
-0.040636
-0.040647
-0.040659
-0.040670
-0.040682
-0.040693
-0.040704
-0.040716
-0.040727
-0.040739
-0.040750
-0.040761
-0.040772
-0.040784
-0.040795
-0.040806
-0.040817
-0.040828
-0.040840
-0.040851
-0.040862
-0.040873
-0.040884
-0.040895
-0.040906
-0.040917
-0.040928
-0.040939
-0.040949
-0.040960
-0.040971
-0.040982
-0.040993
-0.041004
-0.041014
-0.041025
-0.041036
-0.041047
-0.041057
-0.041068
-0.041078
-0.041089
-0.041100
-0.041110
-0.041121
-0.041131
-0.041142
-0.041152
-0.041163
-0.041173
-0.041184
-0.041194
-0.041204
-0.041215
-0.041225
-0.041235
-0.041246
-0.041256
-0.041266
-0.041276
-0.041287
-0.041297
-0.041307
-0.041317
-0.041327
-0.041337
-0.041347
-0.041357
-0.041367
-0.041377
-0.041387
-0.041397
-0.041407
-0.041417
-0.041427
-0.041437
-0.041447
-0.041457
-0.041467
-0.041477
-0.041486
-0.041496
-0.041506
-0.041516
-0.041525
-0.041535
-0.041545
-0.041554
-0.041564
-0.041574
-0.041583
-0.041593
-0.041603
-0.041612
-0.041622
-0.041631
-0.041641
-0.041650
-0.041660
-0.041669
-0.041679
-0.041688
-0.041697
-0.041707
-0.041716
-0.041725
-0.041735
-0.041744
-0.041753
-0.041763
-0.041772
-0.041781
-0.041790
-0.041800
-0.041809
-0.041818
-0.041827
-0.041836
-0.041845
-0.041854
-0.041864
-0.041873
-0.041882
-0.041891
-0.041900
-0.041909
-0.041918
-0.041927
-0.041936
-0.041945
-0.041954
-0.041962
-0.041971
-0.041980
-0.041989
-0.041998
-0.042007
-0.042016
-0.042024
-0.042033
-0.042042
-0.042051
-0.042059
-0.042068
-0.042077
-0.042085
-0.042094
-0.042103
-0.042111
-0.042120
-0.042129
-0.042137
-0.042146
-0.042154
-0.042163
-0.042171
-0.042180
-0.042188
-0.042197
-0.042205
-0.042214
-0.042222
-0.042231
-0.042239
-0.042247
-0.042256
-0.042264
-0.042273
-0.042281
-0.042289
-0.042298
-0.042306
-0.042314
-0.042322
-0.042331
-0.042339
-0.042347
-0.042355
-0.042364
-0.042372
-0.042380
-0.042388
-0.042396
-0.042404
-0.042412
-0.042420
-0.042429
-0.042437
-0.042445
-0.042453
-0.042461
-0.042469
-0.042477
-0.042485
-0.042493
-0.042501
-0.042509
-0.042517
-0.042525
-0.042532
-0.042540
-0.042548
-0.042556
-0.042564
-0.042572
-0.042580
-0.042587
-0.042595
-0.042603
-0.042611
-0.042619
-0.042626
-0.042634
-0.042642
-0.042650
-0.042657
-0.042665
-0.042673
-0.042680
-0.042688
-0.042696
-0.042703
-0.042711
-0.042718
-0.042726
-0.042734
-0.042741
-0.042749
-0.042756
-0.042764
-0.042771
-0.042779
-0.042786
-0.042794
-0.042801
-0.042809
-0.042816
-0.042824
-0.042831
-0.042839
-0.042846
-0.042853
-0.042861
-0.042868
-0.042875
-0.042883
-0.042890
-0.042897
-0.042905
-0.042912
-0.042919
-0.042927
-0.042934
-0.042941
-0.042948
-0.042956
-0.042963
-0.042970
-0.042977
-0.042984
-0.042992
-0.042999
-0.043006
-0.043013
-0.043020
-0.043027
-0.043035
-0.043042
-0.043049
-0.043056
-0.043063
-0.043070
-0.043077
-0.043084
-0.043091
-0.043098
-0.043105
-0.043112
-0.043119
-0.043126
-0.043133
-0.043140
-0.043147
-0.043154
-0.043161
-0.043168
-0.043175
-0.043182
-0.043188
-0.043195
-0.043202
-0.043209
-0.043216
-0.043223
-0.043229
-0.043236
-0.043243
-0.043250
-0.043257
-0.043263
-0.043270
-0.043277
-0.043284
-0.043290
-0.043297
-0.043304
-0.043311
-0.043317
-0.043324
-0.043331
-0.043337
-0.043344
-0.043351
-0.043357
-0.043364
-0.043371
-0.043377
-0.043384
-0.043390
-0.043397
-0.043404
-0.043410
-0.043417
-0.043423
-0.043430
-0.043436
-0.043443
-0.043449
-0.043456
-0.043462
-0.043469
-0.043475
-0.043482
-0.043488
-0.043495
-0.043501
-0.043508
-0.043514
-0.043520
-0.043527
-0.043533
-0.043540
-0.043546
-0.043552
-0.043559
-0.043565
-0.043571
-0.043578
-0.043584
-0.043590
-0.043597
-0.043603
-0.043609
-0.043616
-0.043622
-0.043628
-0.043635
-0.043641
-0.043647
-0.043653
-0.043659
-0.043666
-0.043672
-0.043678
-0.043684
-0.043691
-0.043697
-0.043703
-0.043709
-0.043715
-0.043721
-0.043727
-0.043734
-0.043740
-0.043746
-0.043752
-0.043758
-0.043764
-0.043770
-0.043776
-0.043782
-0.043788
-0.043795
-0.043801
-0.043807
-0.043813
-0.043819
-0.043825
-0.043831
-0.043837
-0.043843
-0.043849
-0.043855
-0.043861
-0.043867
-0.043873
-0.043878
-0.043884
-0.043890
-0.043896
-0.043902
-0.043908
-0.043914
-0.043920
-0.043926
-0.043932
-0.043938
-0.043943
-0.043949
-0.043955
-0.043961
-0.043967
-0.043973
-0.043978
-0.043984
-0.043990
-0.043996
-0.044002
-0.044007
-0.044013
-0.044019
-0.044025
-0.044031
-0.044036
-0.044042
-0.044048
-0.044054
-0.044059
-0.044065
-0.044071
-0.044076
-0.044082
-0.044088
-0.044093
-0.044099
-0.044105
-0.044110
-0.044116
-0.044122
-0.044127
-0.044133
-0.044139
-0.044144
-0.044150
-0.044156
-0.044161
-0.044167
-0.044172
-0.044178
-0.044184
-0.044189
-0.044195
-0.044200
-0.044206
-0.044211
-0.044217
-0.044222
-0.044228
-0.044233
-0.044239
-0.044244
-0.044250
-0.044255
-0.044261
-0.044266
-0.044272
-0.044277
-0.044283
-0.044288
-0.044294
-0.044299
-0.044305
-0.044310
-0.044315
-0.044321
-0.044326
-0.044332
-0.044337
-0.044342
-0.044348
-0.044353
-0.044359
-0.044364
-0.044369
-0.044375
-0.044380
-0.044385
-0.044391
-0.044396

